Temperature (K)	Pressure (bar)	Density (kg/m3)	Volume (m3/kg)	Internal Energy (kJ/kg)	Enthalpy (kJ/kg)	Entropy (J/g*K)	Cv (J/g*K)	Cp (J/g*K)	Sound Spd. (m/s)	Joule-Thomson (K/bar)	Viscosity (Pa*s)	Therm. Cond. (W/m*K)	Phase
60.000	107.00	1294.5	0.00077250	-185.81	-177.55	2.2294	1.0926	1.6516	1156.4	-0.037665	0.00062860	0.19823	liquid
61.000	107.00	1290.3	0.00077502	-184.19	-175.89	2.2567	1.0847	1.6538	1152.4	-0.037507	0.00059904	0.19692	liquid
62.000	107.00	1286.1	0.00077757	-182.56	-174.24	2.2836	1.0776	1.6556	1147.8	-0.037364	0.00057145	0.19560	liquid
63.000	107.00	1281.8	0.00078014	-180.93	-172.58	2.3101	1.0712	1.6570	1142.7	-0.037236	0.00054568	0.19428	liquid
64.000	107.00	1277.6	0.00078275	-179.30	-170.93	2.3362	1.0651	1.6580	1137.0	-0.037120	0.00052160	0.19297	liquid
65.000	107.00	1273.3	0.00078537	-177.67	-169.27	2.3619	1.0595	1.6586	1131.0	-0.037013	0.00049909	0.19165	liquid
66.000	107.00	1269.0	0.00078802	-176.04	-167.61	2.3873	1.0541	1.6590	1124.8	-0.036914	0.00047801	0.19033	liquid
67.000	107.00	1264.7	0.00079069	-174.41	-165.95	2.4122	1.0489	1.6591	1118.3	-0.036821	0.00045828	0.18902	liquid
68.000	107.00	1260.4	0.00079339	-172.78	-164.29	2.4368	1.0439	1.6590	1111.6	-0.036732	0.00043979	0.18770	liquid
69.000	107.00	1256.1	0.00079611	-171.15	-162.63	2.4610	1.0390	1.6587	1104.7	-0.036645	0.00042244	0.18638	liquid
70.000	107.00	1251.8	0.00079885	-169.52	-160.97	2.4849	1.0342	1.6583	1097.8	-0.036559	0.00040615	0.18507	liquid
71.000	107.00	1247.5	0.00080161	-167.89	-159.31	2.5084	1.0295	1.6578	1090.7	-0.036473	0.00039084	0.18375	liquid
72.000	107.00	1243.2	0.00080439	-166.26	-157.66	2.5316	1.0249	1.6572	1083.6	-0.036386	0.00037643	0.18244	liquid
73.000	107.00	1238.8	0.00080720	-164.64	-156.00	2.5544	1.0203	1.6566	1076.5	-0.036297	0.00036287	0.18112	liquid
74.000	107.00	1234.5	0.00081004	-163.01	-154.34	2.5770	1.0158	1.6559	1069.3	-0.036205	0.00035009	0.17981	liquid
75.000	107.00	1230.2	0.00081289	-161.39	-152.69	2.5992	1.0114	1.6553	1062.0	-0.036108	0.00033803	0.17850	liquid
76.000	107.00	1225.8	0.00081577	-159.76	-151.03	2.6211	1.0069	1.6547	1054.8	-0.036007	0.00032664	0.17718	liquid
77.000	107.00	1221.5	0.00081868	-158.14	-149.38	2.6427	1.0026	1.6541	1047.5	-0.035901	0.00031587	0.17587	liquid
78.000	107.00	1217.1	0.00082162	-156.52	-147.72	2.6641	0.99824	1.6536	1040.3	-0.035788	0.00030568	0.17455	liquid
79.000	107.00	1212.7	0.00082458	-154.89	-146.07	2.6851	0.99396	1.6531	1033.0	-0.035670	0.00029603	0.17324	liquid
80.000	107.00	1208.4	0.00082756	-153.27	-144.42	2.7059	0.98972	1.6527	1025.7	-0.035544	0.00028688	0.17192	liquid
81.000	107.00	1204.0	0.00083058	-151.65	-142.77	2.7265	0.98553	1.6524	1018.5	-0.035411	0.00027820	0.17060	liquid
82.000	107.00	1199.6	0.00083362	-150.03	-141.11	2.7467	0.98139	1.6522	1011.2	-0.035270	0.00026995	0.16929	liquid
83.000	107.00	1195.2	0.00083670	-148.41	-139.46	2.7668	0.97729	1.6521	1003.9	-0.035121	0.00026210	0.16797	liquid
84.000	107.00	1190.8	0.00083980	-146.80	-137.81	2.7866	0.97324	1.6521	996.65	-0.034963	0.00025463	0.16665	liquid
85.000	107.00	1186.3	0.00084294	-145.18	-136.16	2.8061	0.96923	1.6522	989.39	-0.034797	0.00024752	0.16533	liquid
86.000	107.00	1181.9	0.00084611	-143.56	-134.51	2.8254	0.96528	1.6524	982.13	-0.034622	0.00024073	0.16401	liquid
87.000	107.00	1177.4	0.00084931	-141.94	-132.85	2.8445	0.96137	1.6528	974.88	-0.034437	0.00023425	0.16269	liquid
88.000	107.00	1173.0	0.00085255	-140.32	-131.20	2.8634	0.95751	1.6532	967.63	-0.034242	0.00022806	0.16137	liquid
89.000	107.00	1168.5	0.00085582	-138.70	-129.55	2.8821	0.95370	1.6538	960.38	-0.034037	0.00022214	0.16005	liquid
90.000	107.00	1164.0	0.00085913	-137.08	-127.89	2.9006	0.94993	1.6545	953.13	-0.033822	0.00021647	0.15872	liquid
91.000	107.00	1159.4	0.00086248	-135.47	-126.24	2.9189	0.94622	1.6553	945.89	-0.033596	0.00021104	0.15740	liquid
92.000	107.00	1154.9	0.00086587	-133.85	-124.58	2.9370	0.94255	1.6563	938.64	-0.033359	0.00020582	0.15608	liquid
93.000	107.00	1150.4	0.00086929	-132.23	-122.92	2.9549	0.93893	1.6574	931.40	-0.033111	0.00020082	0.15475	liquid
94.000	107.00	1145.8	0.00087276	-130.60	-121.27	2.9726	0.93536	1.6586	924.15	-0.032851	0.00019601	0.15342	liquid
95.000	107.00	1141.2	0.00087627	-128.98	-119.61	2.9902	0.93184	1.6600	916.90	-0.032579	0.00019139	0.15210	liquid
96.000	107.00	1136.6	0.00087982	-127.36	-117.95	3.0076	0.92836	1.6615	909.65	-0.032295	0.00018694	0.15077	liquid
97.000	107.00	1132.0	0.00088342	-125.74	-116.28	3.0248	0.92493	1.6631	902.40	-0.031998	0.00018265	0.14944	liquid
98.000	107.00	1127.3	0.00088707	-124.11	-114.62	3.0419	0.92154	1.6649	895.14	-0.031688	0.00017852	0.14811	liquid
99.000	107.00	1122.6	0.00089076	-122.49	-112.95	3.0588	0.91821	1.6668	887.88	-0.031365	0.00017453	0.14678	liquid
100.00	107.00	1117.9	0.00089450	-120.86	-111.29	3.0755	0.91492	1.6688	880.60	-0.031028	0.00017068	0.14545	liquid
101.00	107.00	1113.2	0.00089829	-119.23	-109.62	3.0921	0.91167	1.6711	873.33	-0.030677	0.00016695	0.14411	liquid
102.00	107.00	1108.5	0.00090214	-117.60	-107.94	3.1086	0.90847	1.6734	866.04	-0.030311	0.00016335	0.14278	liquid
103.00	107.00	1103.7	0.00090604	-115.96	-106.27	3.1250	0.90531	1.6759	858.74	-0.029930	0.00015987	0.14145	liquid
104.00	107.00	1098.9	0.00090999	-114.33	-104.59	3.1412	0.90220	1.6786	851.43	-0.029533	0.00015649	0.14011	liquid
105.00	107.00	1094.1	0.00091400	-112.69	-102.91	3.1572	0.89913	1.6814	844.12	-0.029120	0.00015321	0.13878	liquid
106.00	107.00	1089.2	0.00091808	-111.05	-101.23	3.1732	0.89611	1.6844	836.79	-0.028690	0.00015003	0.13745	liquid
107.00	107.00	1084.4	0.00092221	-109.41	-99.544	3.1890	0.89313	1.6876	829.44	-0.028243	0.00014695	0.13611	liquid
108.00	107.00	1079.4	0.00092640	-107.77	-97.854	3.2047	0.89019	1.6909	822.09	-0.027778	0.00014395	0.13478	liquid
109.00	107.00	1074.5	0.00093067	-106.12	-96.162	3.2203	0.88729	1.6944	814.72	-0.027294	0.00014104	0.13344	liquid
110.00	107.00	1069.5	0.00093500	-104.47	-94.466	3.2358	0.88444	1.6980	807.33	-0.026791	0.00013820	0.13211	liquid
111.00	107.00	1064.5	0.00093940	-102.82	-92.766	3.2512	0.88163	1.7019	799.93	-0.026268	0.00013544	0.13078	liquid
112.00	107.00	1059.5	0.00094387	-101.16	-91.062	3.2665	0.87886	1.7060	792.51	-0.025724	0.00013275	0.12945	liquid
113.00	107.00	1054.4	0.00094842	-99.502	-89.354	3.2817	0.87614	1.7102	785.07	-0.025158	0.00013013	0.12812	liquid
114.00	107.00	1049.3	0.00095304	-97.839	-87.641	3.2968	0.87345	1.7146	777.61	-0.024569	0.00012758	0.12679	liquid
115.00	107.00	1044.1	0.00095775	-96.172	-85.924	3.3118	0.87081	1.7193	770.13	-0.023957	0.00012509	0.12546	liquid
116.00	107.00	1038.9	0.00096253	-94.502	-84.203	3.3267	0.86821	1.7242	762.63	-0.023321	0.00012265	0.12413	liquid
117.00	107.00	1033.7	0.00096741	-92.827	-82.476	3.3415	0.86565	1.7293	755.11	-0.022659	0.00012028	0.12280	liquid
118.00	107.00	1028.4	0.00097237	-91.148	-80.744	3.3562	0.86314	1.7346	747.57	-0.021970	0.00011795	0.12148	liquid
119.00	107.00	1023.1	0.00097743	-89.465	-79.007	3.3709	0.86067	1.7402	740.00	-0.021253	0.00011568	0.12015	liquid
120.00	107.00	1017.7	0.00098259	-87.777	-77.264	3.3855	0.85824	1.7460	732.41	-0.020507	0.00011346	0.11883	liquid
121.00	107.00	1012.3	0.00098784	-86.085	-75.515	3.4000	0.85585	1.7520	724.79	-0.019730	0.00011128	0.11750	liquid
122.00	107.00	1006.8	0.00099320	-84.387	-73.759	3.4144	0.85351	1.7584	717.14	-0.018921	0.00010915	0.11618	liquid
123.00	107.00	1001.3	0.00099867	-82.684	-71.998	3.4288	0.85121	1.7650	709.47	-0.018079	0.00010707	0.11486	liquid
124.00	107.00	995.76	0.0010043	-80.975	-70.229	3.4431	0.84895	1.7720	701.77	-0.017201	0.00010502	0.11354	liquid
125.00	107.00	990.14	0.0010100	-79.260	-68.454	3.4574	0.84674	1.7792	694.03	-0.016287	0.00010302	0.11222	liquid
126.00	107.00	984.47	0.0010158	-77.540	-66.671	3.4716	0.84458	1.7868	686.27	-0.015333	0.00010105	0.11091	liquid
127.00	107.00	978.73	0.0010217	-75.813	-64.880	3.4858	0.84246	1.7947	678.48	-0.014339	9.9126e-05	0.10959	liquid
128.00	107.00	972.93	0.0010278	-74.079	-63.081	3.4999	0.84039	1.8030	670.65	-0.013302	9.7234e-05	0.10828	liquid
129.00	107.00	967.08	0.0010340	-72.338	-61.274	3.5139	0.83836	1.8117	662.79	-0.012219	9.5375e-05	0.10697	liquid
130.00	107.00	961.15	0.0010404	-70.590	-59.458	3.5280	0.83639	1.8208	654.89	-0.011088	9.3550e-05	0.10566	liquid
131.00	107.00	955.16	0.0010469	-68.835	-57.632	3.5420	0.83446	1.8303	646.95	-0.0099070	9.1757e-05	0.10436	liquid
132.00	107.00	949.09	0.0010536	-67.071	-55.797	3.5559	0.83258	1.8402	638.98	-0.0086724	8.9995e-05	0.10306	liquid
133.00	107.00	942.95	0.0010605	-65.299	-53.952	3.5698	0.83076	1.8506	630.97	-0.0073813	8.8262e-05	0.10176	liquid
134.00	107.00	936.74	0.0010675	-63.518	-52.096	3.5837	0.82899	1.8616	622.92	-0.0060304	8.6558e-05	0.10046	liquid
135.00	107.00	930.44	0.0010748	-61.728	-50.228	3.5976	0.82727	1.8730	614.83	-0.0046162	8.4882e-05	0.099166	liquid
136.00	107.00	924.06	0.0010822	-59.929	-48.349	3.6115	0.82561	1.8851	606.69	-0.0031347	8.3233e-05	0.097875	liquid
137.00	107.00	917.59	0.0010898	-58.119	-46.458	3.6253	0.82401	1.8977	598.51	-0.0015818	8.1609e-05	0.096588	liquid
138.00	107.00	911.03	0.0010977	-56.299	-44.554	3.6392	0.82246	1.9110	590.29	4.7017e-05	8.0011e-05	0.095304	liquid
139.00	107.00	904.38	0.0011057	-54.467	-42.636	3.6530	0.82098	1.9249	582.02	0.0017566	7.8436e-05	0.094023	liquid
140.00	107.00	897.62	0.0011141	-52.624	-40.704	3.6669	0.81956	1.9396	573.70	0.0035523	7.6886e-05	0.092746	liquid
141.00	107.00	890.76	0.0011226	-50.769	-38.756	3.6808	0.81821	1.9551	565.34	0.0054397	7.5358e-05	0.091474	liquid
142.00	107.00	883.79	0.0011315	-48.900	-36.793	3.6946	0.81693	1.9714	556.92	0.0074252	7.3851e-05	0.090205	liquid
143.00	107.00	876.70	0.0011406	-47.018	-34.813	3.7085	0.81572	1.9886	548.46	0.0095154	7.2366e-05	0.088940	liquid
144.00	107.00	869.49	0.0011501	-45.122	-32.816	3.7224	0.81458	2.0068	539.94	0.011718	7.0902e-05	0.087679	liquid
145.00	107.00	862.15	0.0011599	-43.210	-30.799	3.7364	0.81352	2.0260	531.38	0.014040	6.9457e-05	0.086423	liquid
146.00	107.00	854.68	0.0011700	-41.283	-28.763	3.7504	0.81254	2.0463	522.76	0.016491	6.8031e-05	0.085171	liquid
147.00	107.00	847.06	0.0011805	-39.338	-26.706	3.7644	0.81164	2.0678	514.09	0.019080	6.6623e-05	0.083924	liquid
148.00	107.00	839.30	0.0011915	-37.376	-24.627	3.7785	0.81084	2.0906	505.36	0.021818	6.5234e-05	0.082681	liquid
149.00	107.00	831.38	0.0012028	-35.395	-22.525	3.7927	0.81012	2.1148	496.59	0.024715	6.3861e-05	0.081444	liquid
150.00	107.00	823.29	0.0012146	-33.394	-20.397	3.8069	0.80950	2.1405	487.76	0.027784	6.2505e-05	0.080211	liquid
151.00	107.00	815.02	0.0012270	-31.371	-18.243	3.8212	0.80898	2.1678	478.89	0.031038	6.1164e-05	0.078982	liquid
152.00	107.00	806.57	0.0012398	-29.327	-16.061	3.8356	0.80856	2.1969	469.97	0.034492	5.9839e-05	0.077759	liquid
153.00	107.00	797.92	0.0012533	-27.259	-13.849	3.8501	0.80825	2.2278	461.00	0.038160	5.8528e-05	0.076541	liquid
154.00	107.00	789.06	0.0012673	-25.165	-11.605	3.8648	0.80805	2.2608	452.00	0.042061	5.7231e-05	0.075328	liquid
155.00	107.00	779.98	0.0012821	-23.045	-9.3264	3.8795	0.80796	2.2959	442.97	0.046212	5.5948e-05	0.074119	supercritical
156.00	107.00	770.66	0.0012976	-20.896	-7.0120	3.8944	0.80799	2.3334	433.91	0.050633	5.4677e-05	0.072916	supercritical
157.00	107.00	761.10	0.0013139	-18.717	-4.6587	3.9094	0.80814	2.3735	424.83	0.055346	5.3418e-05	0.071717	supercritical
158.00	107.00	751.27	0.0013311	-16.507	-2.2641	3.9246	0.80840	2.4162	415.75	0.060373	5.2170e-05	0.070523	supercritical
159.00	107.00	741.16	0.0013492	-14.262	0.17470	3.9400	0.80878	2.4619	406.67	0.065739	5.0933e-05	0.069334	supercritical
160.00	107.00	730.76	0.0013684	-11.982	2.6607	3.9556	0.80928	2.5106	397.61	0.071468	4.9707e-05	0.068149	supercritical
161.00	107.00	720.04	0.0013888	-9.6633	5.1969	3.9714	0.80988	2.5624	388.58	0.077587	4.8491e-05	0.066968	supercritical
162.00	107.00	709.00	0.0014104	-7.3051	7.7865	3.9874	0.81058	2.6175	379.61	0.084121	4.7283e-05	0.065791	supercritical
163.00	107.00	697.62	0.0014334	-4.9050	10.433	4.0037	0.81136	2.6758	370.72	0.091094	4.6086e-05	0.064618	supercritical
164.00	107.00	685.89	0.0014580	-2.4612	13.139	4.0203	0.81222	2.7371	361.93	0.098530	4.4897e-05	0.063447	supercritical
165.00	107.00	673.78	0.0014842	0.027545	15.908	4.0371	0.81313	2.8013	353.28	0.10645	4.3718e-05	0.062280	supercritical
166.00	107.00	661.31	0.0015122	2.5623	18.742	4.0542	0.81408	2.8677	344.80	0.11486	4.2548e-05	0.061115	supercritical
167.00	107.00	648.46	0.0015421	5.1433	21.644	4.0717	0.81503	2.9356	336.53	0.12377	4.1390e-05	0.059953	supercritical
168.00	107.00	635.25	0.0015742	7.7700	24.614	4.0894	0.81596	3.0039	328.50	0.13317	4.0243e-05	0.058792	supercritical
169.00	107.00	621.69	0.0016085	10.440	27.652	4.1074	0.81684	3.0713	320.77	0.14305	3.9111e-05	0.057632	supercritical
170.00	107.00	607.81	0.0016453	13.151	30.756	4.1257	0.81764	3.1361	313.37	0.15337	3.7995e-05	0.056475	supercritical
171.00	107.00	593.65	0.0016845	15.898	33.922	4.1443	0.81832	3.1964	306.36	0.16410	3.6898e-05	0.055319	supercritical
172.00	107.00	579.26	0.0017263	18.674	37.146	4.1631	0.81884	3.2502	299.77	0.17517	3.5825e-05	0.054167	supercritical
173.00	107.00	564.72	0.0017708	21.472	40.420	4.1821	0.81917	3.2954	293.63	0.18650	3.4779e-05	0.053019	supercritical
174.00	107.00	550.10	0.0018178	24.283	43.734	4.2012	0.81925	3.3301	287.98	0.19801	3.3764e-05	0.051877	supercritical
175.00	107.00	535.50	0.0018674	27.094	47.076	4.2203	0.81906	3.3523	282.84	0.20959	3.2786e-05	0.050744	supercritical
176.00	107.00	520.99	0.0019194	29.896	50.433	4.2395	0.81856	3.3606	278.22	0.22110	3.1847e-05	0.049624	supercritical
177.00	107.00	506.69	0.0019736	32.674	53.792	4.2585	0.81773	3.3541	274.13	0.23243	3.0953e-05	0.048521	supercritical
178.00	107.00	492.68	0.0020297	35.419	57.137	4.2773	0.81656	3.3326	270.56	0.24344	3.0106e-05	0.047440	supercritical
179.00	107.00	479.05	0.0020875	38.117	60.452	4.2959	0.81504	3.2968	267.48	0.25400	2.9310e-05	0.046386	supercritical
180.00	107.00	465.88	0.0021465	40.759	63.726	4.3141	0.81320	3.2482	264.89	0.26401	2.8566e-05	0.045364	supercritical
181.00	107.00	453.21	0.0022065	43.336	66.945	4.3320	0.81106	3.1887	262.74	0.27338	2.7874e-05	0.044379	supercritical
182.00	107.00	441.09	0.0022671	45.843	70.101	4.3494	0.80865	3.1209	260.99	0.28207	2.7234e-05	0.043435	supercritical
183.00	107.00	429.55	0.0023280	48.275	73.185	4.3663	0.80602	3.0471	259.60	0.29005	2.6645e-05	0.042537	supercritical
184.00	107.00	418.58	0.0023890	50.631	76.194	4.3827	0.80321	2.9697	258.54	0.29731	2.6105e-05	0.041685	supercritical
185.00	107.00	408.18	0.0024499	52.910	79.124	4.3985	0.80025	2.8907	257.76	0.30386	2.5610e-05	0.040881	supercritical
186.00	107.00	398.34	0.0025104	55.113	81.975	4.4139	0.79720	2.8117	257.23	0.30974	2.5159e-05	0.040124	supercritical
187.00	107.00	389.03	0.0025705	57.243	84.748	4.4288	0.79407	2.7339	256.91	0.31497	2.4746e-05	0.039415	supercritical
188.00	107.00	380.23	0.0026300	59.303	87.444	4.4432	0.79091	2.6582	256.77	0.31959	2.4371e-05	0.038751	supercritical
189.00	107.00	371.91	0.0026888	61.294	90.065	4.4571	0.78773	2.5852	256.79	0.32366	2.4028e-05	0.038130	supercritical
190.00	107.00	364.04	0.0027470	63.222	92.615	4.4705	0.78456	2.5153	256.95	0.32720	2.3717e-05	0.037551	supercritical
191.00	107.00	356.59	0.0028044	65.090	95.097	4.4836	0.78142	2.4487	257.21	0.33026	2.3433e-05	0.037011	supercritical
192.00	107.00	349.53	0.0028610	66.901	97.513	4.4962	0.77832	2.3855	257.58	0.33289	2.3175e-05	0.036508	supercritical
193.00	107.00	342.83	0.0029169	68.658	99.869	4.5084	0.77526	2.3256	258.03	0.33510	2.2939e-05	0.036039	supercritical
194.00	107.00	336.47	0.0029720	70.365	102.17	4.5203	0.77227	2.2690	258.55	0.33695	2.2725e-05	0.035602	supercritical
195.00	107.00	330.43	0.0030264	72.026	104.41	4.5318	0.76934	2.2156	259.13	0.33847	2.2529e-05	0.035194	supercritical
196.00	107.00	324.68	0.0030800	73.642	106.60	4.5430	0.76648	2.1653	259.76	0.33967	2.2351e-05	0.034814	supercritical
197.00	107.00	319.20	0.0031328	75.218	108.74	4.5539	0.76369	2.1177	260.44	0.34059	2.2189e-05	0.034460	supercritical
198.00	107.00	313.97	0.0031850	76.755	110.83	4.5645	0.76098	2.0729	261.15	0.34126	2.2041e-05	0.034130	supercritical
199.00	107.00	308.98	0.0032365	78.256	112.89	4.5748	0.75835	2.0307	261.90	0.34170	2.1906e-05	0.033822	supercritical
200.00	107.00	304.20	0.0032873	79.723	114.90	4.5849	0.75580	1.9908	262.67	0.34192	2.1783e-05	0.033534	supercritical
201.00	107.00	299.63	0.0033374	81.158	116.87	4.5948	0.75332	1.9531	263.47	0.34195	2.1672e-05	0.033266	supercritical
202.00	107.00	295.25	0.0033869	82.563	118.80	4.6044	0.75092	1.9175	264.29	0.34180	2.1570e-05	0.033015	supercritical
203.00	107.00	291.05	0.0034359	83.940	120.70	4.6138	0.74860	1.8839	265.13	0.34150	2.1478e-05	0.032781	supercritical
204.00	107.00	287.01	0.0034842	85.291	122.57	4.6229	0.74635	1.8520	265.98	0.34104	2.1394e-05	0.032563	supercritical
205.00	107.00	283.13	0.0035319	86.617	124.41	4.6319	0.74418	1.8219	266.84	0.34046	2.1319e-05	0.032359	supercritical
206.00	107.00	279.40	0.0035792	87.919	126.22	4.6407	0.74207	1.7933	267.71	0.33975	2.1250e-05	0.032168	supercritical
207.00	107.00	275.80	0.0036259	89.199	128.00	4.6493	0.74004	1.7662	268.59	0.33893	2.1189e-05	0.031990	supercritical
208.00	107.00	272.33	0.0036720	90.458	129.75	4.6578	0.73807	1.7405	269.47	0.33802	2.1133e-05	0.031823	supercritical
209.00	107.00	268.98	0.0037177	91.697	131.48	4.6661	0.73617	1.7161	270.36	0.33701	2.1084e-05	0.031668	supercritical
210.00	107.00	265.75	0.0037630	92.918	133.18	4.6742	0.73433	1.6928	271.25	0.33593	2.1039e-05	0.031523	supercritical
211.00	107.00	262.62	0.0038077	94.120	134.86	4.6822	0.73256	1.6707	272.15	0.33476	2.1000e-05	0.031387	supercritical
212.00	107.00	259.60	0.0038521	95.306	136.52	4.6900	0.73084	1.6496	273.05	0.33353	2.0965e-05	0.031261	supercritical
213.00	107.00	256.67	0.0038960	96.476	138.16	4.6978	0.72918	1.6295	273.95	0.33224	2.0935e-05	0.031143	supercritical
214.00	107.00	253.84	0.0039395	97.630	139.78	4.7053	0.72758	1.6103	274.85	0.33089	2.0909e-05	0.031033	supercritical
215.00	107.00	251.09	0.0039826	98.770	141.38	4.7128	0.72603	1.5920	275.75	0.32950	2.0886e-05	0.030930	supercritical
216.00	107.00	248.43	0.0040253	99.896	142.97	4.7201	0.72453	1.5745	276.65	0.32806	2.0867e-05	0.030835	supercritical
217.00	107.00	245.84	0.0040677	101.01	144.53	4.7274	0.72308	1.5577	277.55	0.32657	2.0852e-05	0.030746	supercritical
218.00	107.00	243.33	0.0041097	102.11	146.08	4.7345	0.72168	1.5417	278.45	0.32506	2.0839e-05	0.030664	supercritical
219.00	107.00	240.88	0.0041514	103.20	147.62	4.7415	0.72032	1.5264	279.34	0.32350	2.0830e-05	0.030588	supercritical
220.00	107.00	238.51	0.0041927	104.27	149.14	4.7484	0.71901	1.5117	280.24	0.32192	2.0823e-05	0.030517	supercritical
221.00	107.00	236.20	0.0042338	105.34	150.64	4.7553	0.71774	1.4975	281.13	0.32032	2.0818e-05	0.030452	supercritical
222.00	107.00	233.95	0.0042745	106.39	152.13	4.7620	0.71652	1.4840	282.01	0.31869	2.0816e-05	0.030392	supercritical
223.00	107.00	231.76	0.0043149	107.44	153.61	4.7686	0.71533	1.4710	282.90	0.31704	2.0817e-05	0.030336	supercritical
224.00	107.00	229.62	0.0043550	108.47	155.07	4.7752	0.71418	1.4585	283.78	0.31537	2.0819e-05	0.030285	supercritical
225.00	107.00	227.54	0.0043948	109.50	156.53	4.7817	0.71307	1.4465	284.66	0.31369	2.0824e-05	0.030239	supercritical
226.00	107.00	225.51	0.0044344	110.52	157.97	4.7881	0.71200	1.4349	285.54	0.31199	2.0831e-05	0.030196	supercritical
227.00	107.00	223.53	0.0044737	111.53	159.40	4.7944	0.71095	1.4238	286.41	0.31029	2.0839e-05	0.030158	supercritical
228.00	107.00	221.60	0.0045127	112.53	160.81	4.8006	0.70995	1.4130	287.28	0.30857	2.0849e-05	0.030123	supercritical
229.00	107.00	219.71	0.0045515	113.52	162.22	4.8068	0.70897	1.4027	288.15	0.30684	2.0861e-05	0.030091	supercritical
230.00	107.00	217.86	0.0045901	114.51	163.62	4.8129	0.70803	1.3927	289.01	0.30511	2.0874e-05	0.030064	supercritical
231.00	107.00	216.06	0.0046284	115.48	165.01	4.8189	0.70711	1.3831	289.87	0.30338	2.0888e-05	0.030039	supercritical
232.00	107.00	214.29	0.0046665	116.45	166.39	4.8248	0.70622	1.3738	290.72	0.30164	2.0904e-05	0.030017	supercritical
233.00	107.00	212.57	0.0047043	117.42	167.75	4.8307	0.70536	1.3648	291.57	0.29989	2.0922e-05	0.029998	supercritical
234.00	107.00	210.88	0.0047420	118.38	169.12	4.8365	0.70453	1.3561	292.42	0.29815	2.0940e-05	0.029982	supercritical
235.00	107.00	209.23	0.0047794	119.33	170.47	4.8423	0.70373	1.3478	293.26	0.29640	2.0960e-05	0.029969	supercritical
236.00	107.00	207.61	0.0048167	120.27	171.81	4.8480	0.70295	1.3397	294.10	0.29466	2.0981e-05	0.029958	supercritical
237.00	107.00	206.03	0.0048537	121.21	173.15	4.8537	0.70219	1.3318	294.94	0.29291	2.1003e-05	0.029950	supercritical
238.00	107.00	204.48	0.0048906	122.15	174.47	4.8593	0.70145	1.3242	295.77	0.29117	2.1026e-05	0.029944	supercritical
239.00	107.00	202.95	0.0049272	123.07	175.80	4.8648	0.70074	1.3168	296.60	0.28943	2.1050e-05	0.029940	supercritical
240.00	107.00	201.46	0.0049637	124.00	177.11	4.8703	0.70005	1.3097	297.42	0.28770	2.1075e-05	0.029938	supercritical
241.00	107.00	200.00	0.0050000	124.91	178.41	4.8757	0.69939	1.3028	298.24	0.28597	2.1101e-05	0.029939	supercritical
242.00	107.00	198.57	0.0050361	125.83	179.71	4.8811	0.69874	1.2961	299.06	0.28424	2.1127e-05	0.029941	supercritical
243.00	107.00	197.16	0.0050720	126.74	181.01	4.8864	0.69811	1.2896	299.87	0.28252	2.1155e-05	0.029945	supercritical
244.00	107.00	195.78	0.0051078	127.64	182.29	4.8917	0.69750	1.2833	300.68	0.28080	2.1183e-05	0.029952	supercritical
245.00	107.00	194.42	0.0051434	128.54	183.57	4.8969	0.69691	1.2772	301.49	0.27909	2.1212e-05	0.029959	supercritical
246.00	107.00	193.09	0.0051789	129.43	184.85	4.9021	0.69634	1.2712	302.29	0.27739	2.1241e-05	0.029969	supercritical
247.00	107.00	191.78	0.0052142	130.32	186.12	4.9073	0.69578	1.2654	303.09	0.27569	2.1272e-05	0.029980	supercritical
248.00	107.00	190.50	0.0052494	131.21	187.38	4.9124	0.69524	1.2598	303.88	0.27400	2.1303e-05	0.029993	supercritical
249.00	107.00	189.24	0.0052844	132.09	188.64	4.9174	0.69472	1.2544	304.67	0.27231	2.1334e-05	0.030007	supercritical
250.00	107.00	188.00	0.0053193	132.97	189.89	4.9224	0.69422	1.2491	305.46	0.27064	2.1366e-05	0.030022	supercritical
251.00	107.00	186.78	0.0053540	133.85	191.13	4.9274	0.69373	1.2439	306.24	0.26897	2.1399e-05	0.030039	supercritical
252.00	107.00	185.58	0.0053886	134.72	192.38	4.9324	0.69325	1.2389	307.02	0.26731	2.1432e-05	0.030057	supercritical
253.00	107.00	184.40	0.0054230	135.59	193.61	4.9373	0.69279	1.2340	307.79	0.26566	2.1466e-05	0.030077	supercritical
254.00	107.00	183.24	0.0054574	136.45	194.84	4.9421	0.69234	1.2292	308.57	0.26401	2.1500e-05	0.030098	supercritical
255.00	107.00	182.10	0.0054916	137.31	196.07	4.9469	0.69191	1.2246	309.34	0.26238	2.1535e-05	0.030120	supercritical
256.00	107.00	180.97	0.0055256	138.17	197.29	4.9517	0.69149	1.2201	310.10	0.26075	2.1570e-05	0.030143	supercritical
257.00	107.00	179.87	0.0055596	139.02	198.51	4.9565	0.69108	1.2157	310.86	0.25913	2.1606e-05	0.030167	supercritical
258.00	107.00	178.78	0.0055934	139.87	199.72	4.9612	0.69069	1.2114	311.62	0.25753	2.1642e-05	0.030192	supercritical
259.00	107.00	177.71	0.0056271	140.72	200.93	4.9659	0.69031	1.2072	312.38	0.25593	2.1678e-05	0.030218	supercritical
260.00	107.00	176.66	0.0056607	141.57	202.14	4.9705	0.68994	1.2032	313.13	0.25434	2.1715e-05	0.030246	supercritical
261.00	107.00	175.62	0.0056942	142.41	203.34	4.9751	0.68958	1.1992	313.87	0.25276	2.1752e-05	0.030274	supercritical
262.00	107.00	174.59	0.0057276	143.25	204.54	4.9797	0.68923	1.1953	314.62	0.25118	2.1790e-05	0.030303	supercritical
263.00	107.00	173.58	0.0057609	144.09	205.73	4.9842	0.68890	1.1916	315.36	0.24962	2.1827e-05	0.030333	supercritical
264.00	107.00	172.59	0.0057940	144.92	206.92	4.9888	0.68857	1.1879	316.10	0.24807	2.1866e-05	0.030364	supercritical
265.00	107.00	171.61	0.0058271	145.76	208.11	4.9932	0.68826	1.1843	316.83	0.24652	2.1904e-05	0.030396	supercritical
266.00	107.00	170.65	0.0058600	146.59	209.29	4.9977	0.68795	1.1808	317.57	0.24499	2.1943e-05	0.030428	supercritical
267.00	107.00	169.70	0.0058929	147.41	210.47	5.0021	0.68766	1.1773	318.29	0.24346	2.1982e-05	0.030462	supercritical
268.00	107.00	168.76	0.0059257	148.24	211.64	5.0065	0.68738	1.1740	319.02	0.24195	2.2021e-05	0.030496	supercritical
269.00	107.00	167.83	0.0059583	149.06	212.82	5.0109	0.68710	1.1707	319.74	0.24044	2.2061e-05	0.030531	supercritical
270.00	107.00	166.92	0.0059909	149.88	213.98	5.0152	0.68683	1.1675	320.46	0.23895	2.2101e-05	0.030566	supercritical
271.00	107.00	166.02	0.0060234	150.70	215.15	5.0195	0.68658	1.1644	321.18	0.23746	2.2141e-05	0.030603	supercritical
272.00	107.00	165.13	0.0060557	151.52	216.31	5.0238	0.68633	1.1613	321.89	0.23598	2.2181e-05	0.030639	supercritical
273.00	107.00	164.26	0.0060880	152.33	217.47	5.0281	0.68609	1.1583	322.60	0.23451	2.2222e-05	0.030677	supercritical
274.00	107.00	163.39	0.0061202	153.14	218.63	5.0323	0.68586	1.1554	323.31	0.23306	2.2263e-05	0.030715	supercritical
275.00	107.00	162.54	0.0061524	153.95	219.78	5.0365	0.68564	1.1526	324.01	0.23161	2.2304e-05	0.030754	supercritical
276.00	107.00	161.70	0.0061844	154.76	220.94	5.0407	0.68542	1.1498	324.72	0.23017	2.2345e-05	0.030793	supercritical
277.00	107.00	160.87	0.0062164	155.57	222.08	5.0448	0.68522	1.1470	325.42	0.22874	2.2386e-05	0.030833	supercritical
278.00	107.00	160.05	0.0062482	156.37	223.23	5.0490	0.68502	1.1444	326.11	0.22732	2.2428e-05	0.030874	supercritical
279.00	107.00	159.24	0.0062800	157.18	224.37	5.0531	0.68483	1.1418	326.80	0.22590	2.2469e-05	0.030915	supercritical
280.00	107.00	158.43	0.0063117	157.98	225.51	5.0571	0.68464	1.1392	327.49	0.22450	2.2511e-05	0.030956	supercritical
281.00	107.00	157.64	0.0063434	158.78	226.65	5.0612	0.68447	1.1367	328.18	0.22311	2.2553e-05	0.030998	supercritical
282.00	107.00	156.86	0.0063749	159.57	227.79	5.0652	0.68430	1.1343	328.87	0.22172	2.2596e-05	0.031041	supercritical
283.00	107.00	156.09	0.0064064	160.37	228.92	5.0692	0.68414	1.1319	329.55	0.22035	2.2638e-05	0.031084	supercritical
284.00	107.00	155.33	0.0064378	161.17	230.05	5.0732	0.68398	1.1295	330.23	0.21898	2.2681e-05	0.031127	supercritical
285.00	107.00	154.58	0.0064692	161.96	231.18	5.0772	0.68383	1.1272	330.91	0.21762	2.2723e-05	0.031171	supercritical
286.00	107.00	153.84	0.0065005	162.75	232.30	5.0811	0.68369	1.1249	331.58	0.21628	2.2766e-05	0.031215	supercritical
287.00	107.00	153.10	0.0065317	163.54	233.43	5.0851	0.68356	1.1227	332.25	0.21494	2.2809e-05	0.031260	supercritical
288.00	107.00	152.37	0.0065628	164.33	234.55	5.0890	0.68343	1.1206	332.92	0.21361	2.2852e-05	0.031305	supercritical
289.00	107.00	151.66	0.0065939	165.12	235.67	5.0928	0.68330	1.1185	333.59	0.21229	2.2895e-05	0.031351	supercritical
290.00	107.00	150.95	0.0066249	165.90	236.79	5.0967	0.68319	1.1164	334.25	0.21097	2.2939e-05	0.031397	supercritical
291.00	107.00	150.25	0.0066558	166.69	237.90	5.1005	0.68308	1.1144	334.91	0.20967	2.2982e-05	0.031443	supercritical
292.00	107.00	149.55	0.0066867	167.47	239.02	5.1044	0.68297	1.1124	335.57	0.20837	2.3026e-05	0.031489	supercritical
293.00	107.00	148.87	0.0067175	168.25	240.13	5.1082	0.68287	1.1104	336.23	0.20709	2.3069e-05	0.031536	supercritical
294.00	107.00	148.19	0.0067482	169.03	241.24	5.1119	0.68278	1.1085	336.88	0.20581	2.3113e-05	0.031583	supercritical
295.00	107.00	147.52	0.0067789	169.81	242.34	5.1157	0.68269	1.1066	337.54	0.20454	2.3157e-05	0.031631	supercritical
296.00	107.00	146.85	0.0068095	170.59	243.45	5.1195	0.68261	1.1048	338.19	0.20328	2.3201e-05	0.031679	supercritical
297.00	107.00	146.20	0.0068401	171.36	244.55	5.1232	0.68253	1.1030	338.83	0.20202	2.3245e-05	0.031727	supercritical
298.00	107.00	145.55	0.0068706	172.14	245.66	5.1269	0.68246	1.1012	339.48	0.20078	2.3289e-05	0.031775	supercritical
299.00	107.00	144.91	0.0069010	172.92	246.76	5.1306	0.68239	1.0995	340.12	0.19954	2.3333e-05	0.031824	supercritical
300.00	107.00	144.27	0.0069314	173.69	247.85	5.1342	0.68233	1.0978	340.76	0.19831	2.3377e-05	0.031872	supercritical
301.00	107.00	143.64	0.0069617	174.46	248.95	5.1379	0.68227	1.0961	341.40	0.19709	2.3422e-05	0.031921	supercritical
302.00	107.00	143.02	0.0069920	175.23	250.05	5.1415	0.68222	1.0945	342.03	0.19588	2.3466e-05	0.031970	supercritical
303.00	107.00	142.40	0.0070222	176.00	251.14	5.1451	0.68217	1.0929	342.67	0.19468	2.3510e-05	0.032020	supercritical
304.00	107.00	141.80	0.0070524	176.77	252.23	5.1487	0.68213	1.0913	343.30	0.19348	2.3555e-05	0.032069	supercritical
305.00	107.00	141.19	0.0070825	177.54	253.32	5.1523	0.68209	1.0897	343.93	0.19229	2.3599e-05	0.032118	supercritical
306.00	107.00	140.60	0.0071126	178.31	254.41	5.1559	0.68206	1.0882	344.55	0.19111	2.3644e-05	0.032167	supercritical
307.00	107.00	140.00	0.0071426	179.07	255.50	5.1594	0.68203	1.0867	345.18	0.18994	2.3689e-05	0.032216	supercritical
308.00	107.00	139.42	0.0071726	179.84	256.59	5.1630	0.68201	1.0853	345.80	0.18877	2.3734e-05	0.032263	supercritical
309.00	107.00	138.84	0.0072025	180.60	257.67	5.1665	0.68199	1.0838	346.42	0.18761	2.3778e-05	0.032307	supercritical
310.00	107.00	138.27	0.0072324	181.37	258.75	5.1700	0.68197	1.0824	347.04	0.18646	2.3823e-05	0.032355	supercritical
311.00	107.00	137.70	0.0072622	182.13	259.84	5.1735	0.68196	1.0811	347.66	0.18532	2.3868e-05	0.032410	supercritical
312.00	107.00	137.14	0.0072919	182.89	260.92	5.1769	0.68196	1.0797	348.27	0.18419	2.3913e-05	0.032465	supercritical
313.00	107.00	136.58	0.0073217	183.65	261.99	5.1804	0.68195	1.0784	348.88	0.18306	2.3958e-05	0.032520	supercritical
314.00	107.00	136.03	0.0073513	184.41	263.07	5.1838	0.68196	1.0771	349.49	0.18194	2.4003e-05	0.032575	supercritical
315.00	107.00	135.48	0.0073810	185.17	264.15	5.1872	0.68196	1.0758	350.10	0.18082	2.4048e-05	0.032631	supercritical
316.00	107.00	134.94	0.0074106	185.93	265.22	5.1906	0.68197	1.0745	350.71	0.17972	2.4093e-05	0.032686	supercritical
317.00	107.00	134.41	0.0074401	186.69	266.30	5.1940	0.68199	1.0733	351.31	0.17862	2.4138e-05	0.032742	supercritical
318.00	107.00	133.88	0.0074696	187.45	267.37	5.1974	0.68200	1.0721	351.92	0.17753	2.4183e-05	0.032798	supercritical
319.00	107.00	133.35	0.0074990	188.20	268.44	5.2008	0.68202	1.0709	352.52	0.17644	2.4228e-05	0.032854	supercritical
320.00	107.00	132.83	0.0075285	188.96	269.51	5.2041	0.68205	1.0697	353.11	0.17536	2.4274e-05	0.032910	supercritical
321.00	107.00	132.31	0.0075578	189.71	270.58	5.2075	0.68208	1.0686	353.71	0.17429	2.4319e-05	0.032967	supercritical
322.00	107.00	131.80	0.0075872	190.47	271.65	5.2108	0.68211	1.0675	354.31	0.17323	2.4364e-05	0.033023	supercritical
323.00	107.00	131.30	0.0076164	191.22	272.72	5.2141	0.68215	1.0664	354.90	0.17217	2.4409e-05	0.033080	supercritical
324.00	107.00	130.79	0.0076457	191.97	273.78	5.2174	0.68219	1.0653	355.49	0.17112	2.4455e-05	0.033137	supercritical
325.00	107.00	130.30	0.0076749	192.73	274.85	5.2207	0.68223	1.0642	356.08	0.17008	2.4500e-05	0.033194	supercritical
326.00	107.00	129.80	0.0077040	193.48	275.91	5.2239	0.68228	1.0632	356.67	0.16904	2.4545e-05	0.033251	supercritical
327.00	107.00	129.31	0.0077332	194.23	276.97	5.2272	0.68233	1.0621	357.25	0.16801	2.4591e-05	0.033308	supercritical
328.00	107.00	128.83	0.0077623	194.98	278.03	5.2304	0.68238	1.0611	357.83	0.16698	2.4636e-05	0.033365	supercritical
329.00	107.00	128.35	0.0077913	195.73	279.10	5.2337	0.68244	1.0601	358.42	0.16597	2.4681e-05	0.033423	supercritical
330.00	107.00	127.87	0.0078203	196.48	280.15	5.2369	0.68250	1.0592	359.00	0.16496	2.4727e-05	0.033480	supercritical
331.00	107.00	127.40	0.0078493	197.23	281.21	5.2401	0.68256	1.0582	359.57	0.16395	2.4772e-05	0.033538	supercritical
332.00	107.00	126.93	0.0078782	197.97	282.27	5.2433	0.68263	1.0573	360.15	0.16295	2.4818e-05	0.033596	supercritical
333.00	107.00	126.47	0.0079071	198.72	283.33	5.2465	0.68270	1.0563	360.73	0.16196	2.4863e-05	0.033654	supercritical
334.00	107.00	126.01	0.0079360	199.47	284.38	5.2496	0.68277	1.0554	361.30	0.16097	2.4908e-05	0.033712	supercritical
335.00	107.00	125.55	0.0079648	200.22	285.44	5.2528	0.68285	1.0546	361.87	0.15999	2.4954e-05	0.033770	supercritical
336.00	107.00	125.10	0.0079936	200.96	286.49	5.2559	0.68293	1.0537	362.44	0.15902	2.4999e-05	0.033828	supercritical
337.00	107.00	124.65	0.0080224	201.71	287.55	5.2590	0.68301	1.0528	363.01	0.15805	2.5045e-05	0.033887	supercritical
338.00	107.00	124.21	0.0080511	202.45	288.60	5.2622	0.68309	1.0520	363.58	0.15709	2.5090e-05	0.033945	supercritical
339.00	107.00	123.77	0.0080798	203.20	289.65	5.2653	0.68318	1.0512	364.14	0.15613	2.5136e-05	0.034004	supercritical
340.00	107.00	123.33	0.0081085	203.94	290.70	5.2684	0.68327	1.0504	364.70	0.15518	2.5181e-05	0.034062	supercritical
341.00	107.00	122.89	0.0081371	204.68	291.75	5.2714	0.68337	1.0496	365.27	0.15424	2.5226e-05	0.034121	supercritical
342.00	107.00	122.46	0.0081657	205.43	292.80	5.2745	0.68346	1.0488	365.83	0.15330	2.5272e-05	0.034180	supercritical
343.00	107.00	122.04	0.0081942	206.17	293.85	5.2776	0.68356	1.0480	366.38	0.15237	2.5317e-05	0.034239	supercritical
344.00	107.00	121.61	0.0082228	206.91	294.90	5.2806	0.68367	1.0473	366.94	0.15144	2.5363e-05	0.034298	supercritical
345.00	107.00	121.19	0.0082513	207.65	295.94	5.2837	0.68377	1.0465	367.50	0.15052	2.5408e-05	0.034357	supercritical
346.00	107.00	120.78	0.0082797	208.40	296.99	5.2867	0.68388	1.0458	368.05	0.14960	2.5454e-05	0.034416	supercritical
347.00	107.00	120.36	0.0083082	209.14	298.03	5.2897	0.68399	1.0451	368.60	0.14869	2.5499e-05	0.034476	supercritical
348.00	107.00	119.95	0.0083366	209.88	299.08	5.2927	0.68410	1.0444	369.15	0.14779	2.5544e-05	0.034535	supercritical
349.00	107.00	119.55	0.0083650	210.62	300.12	5.2957	0.68422	1.0437	369.70	0.14689	2.5590e-05	0.034594	supercritical
350.00	107.00	119.14	0.0083933	211.36	301.17	5.2987	0.68434	1.0430	370.25	0.14600	2.5635e-05	0.034654	supercritical
351.00	107.00	118.74	0.0084216	212.10	302.21	5.3017	0.68446	1.0424	370.80	0.14511	2.5681e-05	0.034714	supercritical
352.00	107.00	118.34	0.0084499	212.84	303.25	5.3046	0.68458	1.0417	371.34	0.14423	2.5726e-05	0.034773	supercritical
353.00	107.00	117.95	0.0084782	213.58	304.29	5.3076	0.68471	1.0411	371.88	0.14335	2.5772e-05	0.034833	supercritical
354.00	107.00	117.56	0.0085064	214.32	305.33	5.3105	0.68484	1.0404	372.42	0.14248	2.5817e-05	0.034893	supercritical
355.00	107.00	117.17	0.0085346	215.05	306.37	5.3135	0.68497	1.0398	372.96	0.14161	2.5862e-05	0.034953	supercritical
356.00	107.00	116.78	0.0085628	215.79	307.41	5.3164	0.68510	1.0392	373.50	0.14075	2.5908e-05	0.035013	supercritical
357.00	107.00	116.40	0.0085909	216.53	308.45	5.3193	0.68523	1.0386	374.04	0.13989	2.5953e-05	0.035073	supercritical
358.00	107.00	116.02	0.0086190	217.27	309.49	5.3222	0.68537	1.0381	374.58	0.13904	2.5998e-05	0.035133	supercritical
359.00	107.00	115.65	0.0086471	218.00	310.53	5.3251	0.68551	1.0375	375.11	0.13819	2.6044e-05	0.035193	supercritical
360.00	107.00	115.27	0.0086752	218.74	311.57	5.3280	0.68566	1.0369	375.64	0.13735	2.6089e-05	0.035253	supercritical
361.00	107.00	114.90	0.0087032	219.48	312.60	5.3309	0.68580	1.0364	376.18	0.13652	2.6134e-05	0.035313	supercritical
362.00	107.00	114.53	0.0087313	220.21	313.64	5.3337	0.68595	1.0358	376.71	0.13569	2.6180e-05	0.035374	supercritical
363.00	107.00	114.17	0.0087592	220.95	314.67	5.3366	0.68610	1.0353	377.24	0.13486	2.6225e-05	0.035434	supercritical
364.00	107.00	113.80	0.0087872	221.69	315.71	5.3394	0.68625	1.0348	377.76	0.13404	2.6270e-05	0.035494	supercritical
365.00	107.00	113.44	0.0088151	222.42	316.74	5.3423	0.68640	1.0343	378.29	0.13322	2.6315e-05	0.035555	supercritical
366.00	107.00	113.08	0.0088431	223.16	317.78	5.3451	0.68656	1.0338	378.82	0.13241	2.6360e-05	0.035615	supercritical
367.00	107.00	112.73	0.0088710	223.89	318.81	5.3479	0.68671	1.0333	379.34	0.13160	2.6406e-05	0.035676	supercritical
368.00	107.00	112.37	0.0088988	224.63	319.84	5.3507	0.68687	1.0328	379.86	0.13080	2.6451e-05	0.035737	supercritical
369.00	107.00	112.02	0.0089267	225.36	320.88	5.3535	0.68704	1.0324	380.38	0.13000	2.6496e-05	0.035797	supercritical
370.00	107.00	111.68	0.0089545	226.10	321.91	5.3563	0.68720	1.0319	380.90	0.12921	2.6541e-05	0.035858	supercritical
371.00	107.00	111.33	0.0089823	226.83	322.94	5.3591	0.68737	1.0314	381.42	0.12842	2.6586e-05	0.035919	supercritical
372.00	107.00	110.99	0.0090100	227.56	323.97	5.3619	0.68753	1.0310	381.94	0.12764	2.6631e-05	0.035980	supercritical
373.00	107.00	110.65	0.0090378	228.30	325.00	5.3647	0.68770	1.0306	382.45	0.12686	2.6677e-05	0.036040	supercritical
374.00	107.00	110.31	0.0090655	229.03	326.03	5.3674	0.68788	1.0301	382.97	0.12608	2.6722e-05	0.036101	supercritical
375.00	107.00	109.97	0.0090932	229.77	327.06	5.3702	0.68805	1.0297	383.48	0.12531	2.6767e-05	0.036162	supercritical
376.00	107.00	109.64	0.0091209	230.50	328.09	5.3729	0.68823	1.0293	383.99	0.12455	2.6812e-05	0.036223	supercritical
377.00	107.00	109.31	0.0091485	231.23	329.12	5.3756	0.68840	1.0289	384.50	0.12378	2.6857e-05	0.036284	supercritical
378.00	107.00	108.98	0.0091762	231.97	330.15	5.3784	0.68858	1.0285	385.01	0.12303	2.6902e-05	0.036345	supercritical
379.00	107.00	108.65	0.0092038	232.70	331.18	5.3811	0.68876	1.0281	385.52	0.12228	2.6947e-05	0.036407	supercritical
380.00	107.00	108.33	0.0092314	233.43	332.21	5.3838	0.68895	1.0278	386.03	0.12153	2.6992e-05	0.036468	supercritical
381.00	107.00	108.00	0.0092589	234.16	333.23	5.3865	0.68913	1.0274	386.54	0.12078	2.7037e-05	0.036529	supercritical
382.00	107.00	107.68	0.0092865	234.90	334.26	5.3892	0.68932	1.0270	387.04	0.12004	2.7082e-05	0.036590	supercritical
383.00	107.00	107.36	0.0093140	235.63	335.29	5.3919	0.68951	1.0267	387.54	0.11931	2.7126e-05	0.036651	supercritical
384.00	107.00	107.05	0.0093415	236.36	336.31	5.3946	0.68970	1.0263	388.05	0.11858	2.7171e-05	0.036713	supercritical
385.00	107.00	106.73	0.0093690	237.09	337.34	5.3972	0.68989	1.0260	388.55	0.11785	2.7216e-05	0.036774	supercritical
386.00	107.00	106.42	0.0093965	237.82	338.37	5.3999	0.69008	1.0257	389.05	0.11712	2.7261e-05	0.036835	supercritical
387.00	107.00	106.11	0.0094239	238.56	339.39	5.4025	0.69028	1.0254	389.55	0.11641	2.7306e-05	0.036897	supercritical
388.00	107.00	105.80	0.0094514	239.29	340.42	5.4052	0.69048	1.0250	390.05	0.11569	2.7351e-05	0.036958	supercritical
389.00	107.00	105.50	0.0094788	240.02	341.44	5.4078	0.69067	1.0247	390.54	0.11498	2.7395e-05	0.037019	supercritical
390.00	107.00	105.20	0.0095061	240.75	342.47	5.4105	0.69088	1.0244	391.04	0.11427	2.7440e-05	0.037081	supercritical
391.00	107.00	104.89	0.0095335	241.48	343.49	5.4131	0.69108	1.0241	391.53	0.11357	2.7485e-05	0.037142	supercritical
392.00	107.00	104.59	0.0095609	242.21	344.52	5.4157	0.69128	1.0238	392.03	0.11287	2.7529e-05	0.037204	supercritical
393.00	107.00	104.30	0.0095882	242.95	345.54	5.4183	0.69149	1.0236	392.52	0.11218	2.7574e-05	0.037266	supercritical
394.00	107.00	104.00	0.0096155	243.68	346.56	5.4209	0.69169	1.0233	393.01	0.11148	2.7619e-05	0.037327	supercritical
395.00	107.00	103.70	0.0096428	244.41	347.59	5.4235	0.69190	1.0230	393.50	0.11080	2.7663e-05	0.037389	supercritical
396.00	107.00	103.41	0.0096701	245.14	348.61	5.4261	0.69211	1.0228	393.99	0.11011	2.7708e-05	0.037450	supercritical
397.00	107.00	103.12	0.0096973	245.87	349.63	5.4287	0.69232	1.0225	394.48	0.10943	2.7752e-05	0.037512	supercritical
398.00	107.00	102.83	0.0097245	246.60	350.65	5.4312	0.69253	1.0222	394.96	0.10876	2.7797e-05	0.037574	supercritical
399.00	107.00	102.55	0.0097518	247.33	351.68	5.4338	0.69275	1.0220	395.45	0.10808	2.7841e-05	0.037635	supercritical
400.00	107.00	102.26	0.0097790	248.06	352.70	5.4364	0.69296	1.0218	395.93	0.10742	2.7886e-05	0.037697	supercritical
401.00	107.00	101.98	0.0098062	248.79	353.72	5.4389	0.69318	1.0215	396.42	0.10675	2.7930e-05	0.037759	supercritical
402.00	107.00	101.70	0.0098333	249.52	354.74	5.4414	0.69340	1.0213	396.90	0.10609	2.7975e-05	0.037821	supercritical
403.00	107.00	101.42	0.0098605	250.25	355.76	5.4440	0.69362	1.0211	397.38	0.10543	2.8019e-05	0.037882	supercritical
404.00	107.00	101.14	0.0098876	250.99	356.78	5.4465	0.69384	1.0209	397.86	0.10478	2.8064e-05	0.037944	supercritical
405.00	107.00	100.86	0.0099147	251.72	357.80	5.4490	0.69406	1.0207	398.34	0.10413	2.8108e-05	0.038006	supercritical
406.00	107.00	100.59	0.0099418	252.45	358.82	5.4516	0.69428	1.0205	398.82	0.10348	2.8152e-05	0.038068	supercritical
407.00	107.00	100.31	0.0099689	253.18	359.84	5.4541	0.69451	1.0203	399.30	0.10284	2.8197e-05	0.038130	supercritical
408.00	107.00	100.04	0.0099959	253.91	360.86	5.4566	0.69473	1.0201	399.77	0.10220	2.8241e-05	0.038191	supercritical
409.00	107.00	99.771	0.010023	254.64	361.88	5.4591	0.69496	1.0199	400.25	0.10156	2.8285e-05	0.038253	supercritical
410.00	107.00	99.502	0.010050	255.37	362.90	5.4616	0.69519	1.0197	400.72	0.10093	2.8329e-05	0.038315	supercritical
411.00	107.00	99.236	0.010077	256.10	363.92	5.4640	0.69542	1.0195	401.20	0.10030	2.8373e-05	0.038377	supercritical
412.00	107.00	98.970	0.010104	256.83	364.94	5.4665	0.69565	1.0193	401.67	0.099674	2.8418e-05	0.038439	supercritical
413.00	107.00	98.707	0.010131	257.56	365.96	5.4690	0.69588	1.0192	402.14	0.099051	2.8462e-05	0.038501	supercritical
414.00	107.00	98.445	0.010158	258.29	366.98	5.4715	0.69611	1.0190	402.61	0.098432	2.8506e-05	0.038563	supercritical
415.00	107.00	98.184	0.010185	259.02	368.00	5.4739	0.69635	1.0189	403.08	0.097816	2.8550e-05	0.038625	supercritical
416.00	107.00	97.925	0.010212	259.75	369.02	5.4764	0.69659	1.0187	403.55	0.097204	2.8594e-05	0.038687	supercritical
417.00	107.00	97.668	0.010239	260.48	370.04	5.4788	0.69682	1.0186	404.02	0.096594	2.8638e-05	0.038749	supercritical
418.00	107.00	97.412	0.010266	261.21	371.06	5.4812	0.69706	1.0184	404.49	0.095988	2.8682e-05	0.038811	supercritical
419.00	107.00	97.157	0.010293	261.94	372.07	5.4837	0.69730	1.0183	404.95	0.095386	2.8726e-05	0.038873	supercritical
420.00	107.00	96.904	0.010319	262.67	373.09	5.4861	0.69754	1.0181	405.42	0.094786	2.8770e-05	0.038935	supercritical
421.00	107.00	96.653	0.010346	263.41	374.11	5.4885	0.69778	1.0180	405.88	0.094190	2.8814e-05	0.038997	supercritical
422.00	107.00	96.403	0.010373	264.14	375.13	5.4909	0.69802	1.0179	406.34	0.093597	2.8858e-05	0.039059	supercritical
423.00	107.00	96.154	0.010400	264.87	376.15	5.4934	0.69827	1.0178	406.81	0.093007	2.8902e-05	0.039121	supercritical
424.00	107.00	95.907	0.010427	265.60	377.16	5.4958	0.69851	1.0177	407.27	0.092420	2.8945e-05	0.039183	supercritical
425.00	107.00	95.661	0.010454	266.33	378.18	5.4982	0.69876	1.0175	407.73	0.091836	2.8989e-05	0.039245	supercritical
426.00	107.00	95.416	0.010480	267.06	379.20	5.5005	0.69900	1.0174	408.19	0.091256	2.9033e-05	0.039307	supercritical
427.00	107.00	95.173	0.010507	267.79	380.22	5.5029	0.69925	1.0173	408.65	0.090678	2.9077e-05	0.039369	supercritical
428.00	107.00	94.931	0.010534	268.52	381.23	5.5053	0.69950	1.0172	409.10	0.090104	2.9120e-05	0.039431	supercritical
429.00	107.00	94.691	0.010561	269.25	382.25	5.5077	0.69975	1.0171	409.56	0.089533	2.9164e-05	0.039493	supercritical
430.00	107.00	94.452	0.010587	269.98	383.27	5.5101	0.70000	1.0170	410.02	0.088964	2.9208e-05	0.039555	supercritical
431.00	107.00	94.214	0.010614	270.71	384.29	5.5124	0.70025	1.0170	410.47	0.088399	2.9251e-05	0.039617	supercritical
432.00	107.00	93.977	0.010641	271.45	385.30	5.5148	0.70050	1.0169	410.93	0.087836	2.9295e-05	0.039679	supercritical
433.00	107.00	93.742	0.010668	272.18	386.32	5.5171	0.70076	1.0168	411.38	0.087277	2.9338e-05	0.039742	supercritical
434.00	107.00	93.508	0.010694	272.91	387.34	5.5195	0.70101	1.0167	411.83	0.086720	2.9382e-05	0.039804	supercritical
435.00	107.00	93.276	0.010721	273.64	388.35	5.5218	0.70126	1.0166	412.28	0.086167	2.9425e-05	0.039866	supercritical
436.00	107.00	93.045	0.010748	274.37	389.37	5.5241	0.70152	1.0166	412.74	0.085616	2.9469e-05	0.039928	supercritical
437.00	107.00	92.814	0.010774	275.10	390.39	5.5265	0.70178	1.0165	413.19	0.085068	2.9512e-05	0.039990	supercritical
438.00	107.00	92.586	0.010801	275.83	391.40	5.5288	0.70203	1.0165	413.63	0.084523	2.9556e-05	0.040052	supercritical
439.00	107.00	92.358	0.010827	276.57	392.42	5.5311	0.70229	1.0164	414.08	0.083981	2.9599e-05	0.040114	supercritical
440.00	107.00	92.132	0.010854	277.30	393.44	5.5334	0.70255	1.0163	414.53	0.083441	2.9642e-05	0.040176	supercritical
441.00	107.00	91.907	0.010881	278.03	394.45	5.5357	0.70281	1.0163	414.98	0.082905	2.9686e-05	0.040239	supercritical
442.00	107.00	91.683	0.010907	278.76	395.47	5.5380	0.70307	1.0162	415.42	0.082371	2.9729e-05	0.040301	supercritical
443.00	107.00	91.460	0.010934	279.49	396.48	5.5403	0.70333	1.0162	415.87	0.081840	2.9772e-05	0.040363	supercritical
444.00	107.00	91.238	0.010960	280.23	397.50	5.5426	0.70360	1.0162	416.31	0.081312	2.9816e-05	0.040425	supercritical
445.00	107.00	91.018	0.010987	280.96	398.52	5.5449	0.70386	1.0161	416.76	0.080786	2.9859e-05	0.040487	supercritical
446.00	107.00	90.799	0.011013	281.69	399.53	5.5472	0.70412	1.0161	417.20	0.080263	2.9902e-05	0.040549	supercritical
447.00	107.00	90.581	0.011040	282.42	400.55	5.5495	0.70439	1.0161	417.64	0.079743	2.9945e-05	0.040611	supercritical
448.00	107.00	90.364	0.011066	283.15	401.56	5.5517	0.70465	1.0160	418.08	0.079226	2.9988e-05	0.040673	supercritical
449.00	107.00	90.148	0.011093	283.89	402.58	5.5540	0.70492	1.0160	418.52	0.078711	3.0031e-05	0.040736	supercritical
450.00	107.00	89.933	0.011119	284.62	403.60	5.5563	0.70519	1.0160	418.96	0.078199	3.0074e-05	0.040798	supercritical
451.00	107.00	89.720	0.011146	285.35	404.61	5.5585	0.70545	1.0160	419.40	0.077689	3.0117e-05	0.040860	supercritical
452.00	107.00	89.507	0.011172	286.09	405.63	5.5608	0.70572	1.0160	419.84	0.077182	3.0160e-05	0.040922	supercritical
453.00	107.00	89.296	0.011199	286.82	406.64	5.5630	0.70599	1.0160	420.28	0.076678	3.0203e-05	0.040984	supercritical
454.00	107.00	89.085	0.011225	287.55	407.66	5.5653	0.70626	1.0159	420.71	0.076176	3.0246e-05	0.041046	supercritical
455.00	107.00	88.876	0.011252	288.28	408.68	5.5675	0.70653	1.0159	421.15	0.075677	3.0289e-05	0.041108	supercritical
456.00	107.00	88.668	0.011278	289.02	409.69	5.5697	0.70680	1.0159	421.59	0.075180	3.0332e-05	0.041170	supercritical
457.00	107.00	88.461	0.011304	289.75	410.71	5.5719	0.70707	1.0159	422.02	0.074686	3.0375e-05	0.041233	supercritical
458.00	107.00	88.255	0.011331	290.48	411.72	5.5742	0.70734	1.0159	422.45	0.074194	3.0418e-05	0.041295	supercritical
459.00	107.00	88.050	0.011357	291.22	412.74	5.5764	0.70762	1.0159	422.89	0.073705	3.0460e-05	0.041357	supercritical
460.00	107.00	87.846	0.011384	291.95	413.76	5.5786	0.70789	1.0160	423.32	0.073218	3.0503e-05	0.041419	supercritical
461.00	107.00	87.643	0.011410	292.69	414.77	5.5808	0.70816	1.0160	423.75	0.072734	3.0546e-05	0.041481	supercritical
462.00	107.00	87.441	0.011436	293.42	415.79	5.5830	0.70844	1.0160	424.18	0.072252	3.0589e-05	0.041543	supercritical
463.00	107.00	87.240	0.011463	294.15	416.80	5.5852	0.70871	1.0160	424.61	0.071772	3.0631e-05	0.041605	supercritical
464.00	107.00	87.040	0.011489	294.89	417.82	5.5874	0.70899	1.0160	425.04	0.071295	3.0674e-05	0.041667	supercritical
465.00	107.00	86.841	0.011515	295.62	418.84	5.5896	0.70926	1.0160	425.47	0.070820	3.0716e-05	0.041729	supercritical
466.00	107.00	86.643	0.011542	296.36	419.85	5.5918	0.70954	1.0161	425.90	0.070348	3.0759e-05	0.041791	supercritical
467.00	107.00	86.446	0.011568	297.09	420.87	5.5939	0.70981	1.0161	426.32	0.069878	3.0801e-05	0.041853	supercritical
468.00	107.00	86.251	0.011594	297.83	421.88	5.5961	0.71009	1.0161	426.75	0.069411	3.0844e-05	0.041916	supercritical
469.00	107.00	86.055	0.011620	298.56	422.90	5.5983	0.71037	1.0162	427.18	0.068945	3.0886e-05	0.041978	supercritical
470.00	107.00	85.861	0.011647	299.30	423.92	5.6004	0.71065	1.0162	427.60	0.068482	3.0929e-05	0.042040	supercritical
471.00	107.00	85.668	0.011673	300.03	424.93	5.6026	0.71093	1.0162	428.03	0.068022	3.0971e-05	0.042102	supercritical
472.00	107.00	85.476	0.011699	300.77	425.95	5.6048	0.71121	1.0163	428.45	0.067563	3.1014e-05	0.042164	supercritical
473.00	107.00	85.285	0.011725	301.50	426.97	5.6069	0.71149	1.0163	428.87	0.067107	3.1056e-05	0.042226	supercritical
474.00	107.00	85.094	0.011752	302.24	427.98	5.6091	0.71177	1.0164	429.30	0.066653	3.1098e-05	0.042288	supercritical
475.00	107.00	84.905	0.011778	302.98	429.00	5.6112	0.71205	1.0164	429.72	0.066202	3.1141e-05	0.042350	supercritical
476.00	107.00	84.717	0.011804	303.71	430.01	5.6133	0.71233	1.0164	430.14	0.065752	3.1183e-05	0.042412	supercritical
477.00	107.00	84.529	0.011830	304.45	431.03	5.6155	0.71261	1.0165	430.56	0.065305	3.1225e-05	0.042474	supercritical
478.00	107.00	84.342	0.011856	305.18	432.05	5.6176	0.71289	1.0165	430.98	0.064860	3.1267e-05	0.042536	supercritical
479.00	107.00	84.156	0.011883	305.92	433.06	5.6197	0.71317	1.0166	431.40	0.064417	3.1310e-05	0.042598	supercritical
480.00	107.00	83.972	0.011909	306.66	434.08	5.6218	0.71345	1.0167	431.82	0.063977	3.1352e-05	0.042660	supercritical
481.00	107.00	83.787	0.011935	307.39	435.10	5.6240	0.71374	1.0167	432.24	0.063538	3.1394e-05	0.042722	supercritical
482.00	107.00	83.604	0.011961	308.13	436.11	5.6261	0.71402	1.0168	432.65	0.063102	3.1436e-05	0.042784	supercritical
483.00	107.00	83.422	0.011987	308.87	437.13	5.6282	0.71430	1.0168	433.07	0.062668	3.1478e-05	0.042846	supercritical
484.00	107.00	83.240	0.012013	309.60	438.15	5.6303	0.71459	1.0169	433.48	0.062236	3.1520e-05	0.042908	supercritical
485.00	107.00	83.060	0.012040	310.34	439.16	5.6324	0.71487	1.0170	433.90	0.061806	3.1562e-05	0.042970	supercritical
486.00	107.00	82.880	0.012066	311.08	440.18	5.6345	0.71516	1.0170	434.31	0.061378	3.1604e-05	0.043032	supercritical
487.00	107.00	82.701	0.012092	311.82	441.20	5.6366	0.71544	1.0171	434.73	0.060952	3.1646e-05	0.043094	supercritical
488.00	107.00	82.523	0.012118	312.56	442.22	5.6386	0.71573	1.0172	435.14	0.060528	3.1688e-05	0.043156	supercritical
489.00	107.00	82.346	0.012144	313.29	443.23	5.6407	0.71601	1.0173	435.56	0.060107	3.1730e-05	0.043217	supercritical
490.00	107.00	82.169	0.012170	314.03	444.25	5.6428	0.71630	1.0173	435.97	0.059687	3.1772e-05	0.043279	supercritical
491.00	107.00	81.994	0.012196	314.77	445.27	5.6449	0.71658	1.0174	436.38	0.059269	3.1813e-05	0.043341	supercritical
492.00	107.00	81.819	0.012222	315.51	446.29	5.6470	0.71687	1.0175	436.79	0.058854	3.1855e-05	0.043403	supercritical
493.00	107.00	81.645	0.012248	316.25	447.30	5.6490	0.71716	1.0176	437.20	0.058440	3.1897e-05	0.043465	supercritical
494.00	107.00	81.471	0.012274	316.99	448.32	5.6511	0.71744	1.0177	437.61	0.058029	3.1939e-05	0.043527	supercritical
495.00	107.00	81.299	0.012300	317.73	449.34	5.6531	0.71773	1.0178	438.02	0.057619	3.1980e-05	0.043589	supercritical
496.00	107.00	81.127	0.012326	318.46	450.36	5.6552	0.71802	1.0178	438.43	0.057211	3.2022e-05	0.043651	supercritical
497.00	107.00	80.956	0.012352	319.20	451.37	5.6572	0.71831	1.0179	438.84	0.056806	3.2064e-05	0.043712	supercritical
498.00	107.00	80.786	0.012378	319.94	452.39	5.6593	0.71859	1.0180	439.24	0.056402	3.2105e-05	0.043774	supercritical
499.00	107.00	80.617	0.012404	320.68	453.41	5.6613	0.71888	1.0181	439.65	0.056000	3.2147e-05	0.043836	supercritical
500.00	107.00	80.448	0.012430	321.42	454.43	5.6634	0.71917	1.0182	440.06	0.055600	3.2188e-05	0.043898	supercritical
501.00	107.00	80.280	0.012456	322.16	455.45	5.6654	0.71946	1.0183	440.46	0.055202	3.2230e-05	0.043960	supercritical
502.00	107.00	80.113	0.012482	322.90	456.46	5.6674	0.71975	1.0184	440.87	0.054806	3.2271e-05	0.044022	supercritical
503.00	107.00	79.947	0.012508	323.64	457.48	5.6695	0.72004	1.0185	441.27	0.054412	3.2313e-05	0.044083	supercritical
504.00	107.00	79.781	0.012534	324.39	458.50	5.6715	0.72033	1.0186	441.68	0.054019	3.2354e-05	0.044145	supercritical
505.00	107.00	79.617	0.012560	325.13	459.52	5.6735	0.72061	1.0187	442.08	0.053629	3.2396e-05	0.044207	supercritical
506.00	107.00	79.452	0.012586	325.87	460.54	5.6755	0.72090	1.0188	442.48	0.053240	3.2437e-05	0.044269	supercritical
507.00	107.00	79.289	0.012612	326.61	461.56	5.6775	0.72119	1.0189	442.88	0.052853	3.2478e-05	0.044330	supercritical
508.00	107.00	79.126	0.012638	327.35	462.58	5.6795	0.72148	1.0190	443.29	0.052468	3.2520e-05	0.044392	supercritical
509.00	107.00	78.964	0.012664	328.09	463.60	5.6815	0.72177	1.0191	443.69	0.052085	3.2561e-05	0.044454	supercritical
510.00	107.00	78.803	0.012690	328.83	464.62	5.6835	0.72206	1.0192	444.09	0.051704	3.2602e-05	0.044515	supercritical
511.00	107.00	78.642	0.012716	329.58	465.63	5.6855	0.72235	1.0193	444.49	0.051324	3.2644e-05	0.044577	supercritical
512.00	107.00	78.483	0.012742	330.32	466.65	5.6875	0.72264	1.0195	444.89	0.050946	3.2685e-05	0.044639	supercritical
513.00	107.00	78.323	0.012768	331.06	467.67	5.6895	0.72293	1.0196	445.29	0.050570	3.2726e-05	0.044700	supercritical
514.00	107.00	78.165	0.012793	331.80	468.69	5.6915	0.72322	1.0197	445.68	0.050196	3.2767e-05	0.044762	supercritical
515.00	107.00	78.007	0.012819	332.55	469.71	5.6935	0.72352	1.0198	446.08	0.049823	3.2808e-05	0.044824	supercritical
516.00	107.00	77.850	0.012845	333.29	470.73	5.6955	0.72381	1.0199	446.48	0.049452	3.2849e-05	0.044885	supercritical
517.00	107.00	77.693	0.012871	334.03	471.75	5.6974	0.72410	1.0200	446.88	0.049083	3.2890e-05	0.044947	supercritical
518.00	107.00	77.538	0.012897	334.78	472.77	5.6994	0.72439	1.0202	447.27	0.048716	3.2931e-05	0.045009	supercritical
519.00	107.00	77.382	0.012923	335.52	473.79	5.7014	0.72468	1.0203	447.67	0.048350	3.2972e-05	0.045070	supercritical
520.00	107.00	77.228	0.012949	336.26	474.81	5.7033	0.72497	1.0204	448.06	0.047986	3.3013e-05	0.045132	supercritical
521.00	107.00	77.074	0.012975	337.01	475.83	5.7053	0.72526	1.0205	448.46	0.047624	3.3054e-05	0.045193	supercritical
522.00	107.00	76.921	0.013000	337.75	476.85	5.7073	0.72555	1.0207	448.85	0.047263	3.3095e-05	0.045255	supercritical
523.00	107.00	76.769	0.013026	338.50	477.88	5.7092	0.72584	1.0208	449.25	0.046905	3.3136e-05	0.045316	supercritical
524.00	107.00	76.617	0.013052	339.24	478.90	5.7112	0.72613	1.0209	449.64	0.046547	3.3177e-05	0.045378	supercritical
525.00	107.00	76.466	0.013078	339.98	479.92	5.7131	0.72643	1.0210	450.03	0.046192	3.3218e-05	0.045439	supercritical
526.00	107.00	76.315	0.013104	340.73	480.94	5.7151	0.72672	1.0212	450.42	0.045838	3.3259e-05	0.045501	supercritical
527.00	107.00	76.165	0.013129	341.47	481.96	5.7170	0.72701	1.0213	450.82	0.045485	3.3299e-05	0.045562	supercritical
528.00	107.00	76.016	0.013155	342.22	482.98	5.7189	0.72730	1.0214	451.21	0.045134	3.3340e-05	0.045624	supercritical
529.00	107.00	75.867	0.013181	342.97	484.00	5.7209	0.72759	1.0216	451.60	0.044785	3.3381e-05	0.045685	supercritical
530.00	107.00	75.719	0.013207	343.71	485.02	5.7228	0.72788	1.0217	451.99	0.044438	3.3421e-05	0.045747	supercritical
531.00	107.00	75.571	0.013233	344.46	486.05	5.7247	0.72817	1.0218	452.38	0.044092	3.3462e-05	0.045808	supercritical
532.00	107.00	75.425	0.013258	345.20	487.07	5.7266	0.72847	1.0220	452.77	0.043747	3.3503e-05	0.045870	supercritical
533.00	107.00	75.278	0.013284	345.95	488.09	5.7286	0.72876	1.0221	453.15	0.043405	3.3543e-05	0.045931	supercritical
534.00	107.00	75.133	0.013310	346.70	489.11	5.7305	0.72905	1.0222	453.54	0.043063	3.3584e-05	0.045993	supercritical
535.00	107.00	74.988	0.013336	347.44	490.13	5.7324	0.72934	1.0224	453.93	0.042724	3.3624e-05	0.046054	supercritical
536.00	107.00	74.843	0.013361	348.19	491.16	5.7343	0.72963	1.0225	454.32	0.042386	3.3665e-05	0.046115	supercritical
537.00	107.00	74.699	0.013387	348.94	492.18	5.7362	0.72992	1.0227	454.70	0.042049	3.3705e-05	0.046177	supercritical
538.00	107.00	74.556	0.013413	349.69	493.20	5.7381	0.73021	1.0228	455.09	0.041714	3.3746e-05	0.046238	supercritical
539.00	107.00	74.413	0.013438	350.43	494.22	5.7400	0.73051	1.0230	455.48	0.041380	3.3786e-05	0.046299	supercritical
540.00	107.00	74.271	0.013464	351.18	495.25	5.7419	0.73080	1.0231	455.86	0.041048	3.3827e-05	0.046361	supercritical
541.00	107.00	74.130	0.013490	351.93	496.27	5.7438	0.73109	1.0232	456.25	0.040718	3.3867e-05	0.046422	supercritical
542.00	107.00	73.989	0.013516	352.68	497.29	5.7457	0.73138	1.0234	456.63	0.040389	3.3907e-05	0.046483	supercritical
543.00	107.00	73.848	0.013541	353.43	498.32	5.7476	0.73167	1.0235	457.01	0.040061	3.3948e-05	0.046545	supercritical
544.00	107.00	73.708	0.013567	354.17	499.34	5.7495	0.73196	1.0237	457.40	0.039735	3.3988e-05	0.046606	supercritical
545.00	107.00	73.569	0.013593	354.92	500.37	5.7513	0.73225	1.0238	457.78	0.039410	3.4028e-05	0.046667	supercritical
546.00	107.00	73.430	0.013618	355.67	501.39	5.7532	0.73254	1.0240	458.16	0.039087	3.4068e-05	0.046728	supercritical
547.00	107.00	73.292	0.013644	356.42	502.41	5.7551	0.73283	1.0241	458.54	0.038765	3.4109e-05	0.046789	supercritical
548.00	107.00	73.155	0.013670	357.17	503.44	5.7570	0.73313	1.0243	458.93	0.038445	3.4149e-05	0.046851	supercritical
549.00	107.00	73.018	0.013695	357.92	504.46	5.7588	0.73342	1.0244	459.31	0.038126	3.4189e-05	0.046912	supercritical
550.00	107.00	72.881	0.013721	358.67	505.49	5.7607	0.73371	1.0246	459.69	0.037809	3.4229e-05	0.046973	supercritical
551.00	107.00	72.745	0.013747	359.42	506.51	5.7626	0.73400	1.0247	460.07	0.037492	3.4269e-05	0.047034	supercritical
552.00	107.00	72.610	0.013772	360.17	507.54	5.7644	0.73429	1.0249	460.45	0.037178	3.4309e-05	0.047095	supercritical
553.00	107.00	72.475	0.013798	360.92	508.56	5.7663	0.73458	1.0251	460.83	0.036865	3.4349e-05	0.047156	supercritical
554.00	107.00	72.340	0.013824	361.67	509.59	5.7681	0.73487	1.0252	461.21	0.036553	3.4389e-05	0.047218	supercritical
555.00	107.00	72.206	0.013849	362.42	510.61	5.7700	0.73516	1.0254	461.58	0.036242	3.4429e-05	0.047279	supercritical
556.00	107.00	72.073	0.013875	363.18	511.64	5.7718	0.73545	1.0255	461.96	0.035933	3.4469e-05	0.047340	supercritical
557.00	107.00	71.940	0.013900	363.93	512.66	5.7737	0.73574	1.0257	462.34	0.035625	3.4509e-05	0.047401	supercritical
558.00	107.00	71.808	0.013926	364.68	513.69	5.7755	0.73603	1.0258	462.72	0.035319	3.4549e-05	0.047462	supercritical
559.00	107.00	71.676	0.013952	365.43	514.71	5.7773	0.73632	1.0260	463.09	0.035014	3.4589e-05	0.047523	supercritical
560.00	107.00	71.545	0.013977	366.18	515.74	5.7792	0.73661	1.0262	463.47	0.034710	3.4629e-05	0.047584	supercritical
561.00	107.00	71.414	0.014003	366.94	516.77	5.7810	0.73690	1.0263	463.84	0.034408	3.4669e-05	0.047645	supercritical
562.00	107.00	71.284	0.014028	367.69	517.79	5.7828	0.73719	1.0265	464.22	0.034107	3.4708e-05	0.047706	supercritical
563.00	107.00	71.154	0.014054	368.44	518.82	5.7847	0.73747	1.0266	464.59	0.033807	3.4748e-05	0.047767	supercritical
564.00	107.00	71.025	0.014080	369.19	519.85	5.7865	0.73776	1.0268	464.97	0.033509	3.4788e-05	0.047828	supercritical
565.00	107.00	70.896	0.014105	369.95	520.87	5.7883	0.73805	1.0270	465.34	0.033211	3.4828e-05	0.047889	supercritical
566.00	107.00	70.768	0.014131	370.70	521.90	5.7901	0.73834	1.0271	465.72	0.032916	3.4867e-05	0.047950	supercritical
567.00	107.00	70.640	0.014156	371.46	522.93	5.7919	0.73863	1.0273	466.09	0.032621	3.4907e-05	0.048011	supercritical
568.00	107.00	70.513	0.014182	372.21	523.95	5.7937	0.73892	1.0275	466.46	0.032328	3.4947e-05	0.048072	supercritical
569.00	107.00	70.386	0.014207	372.96	524.98	5.7955	0.73921	1.0276	466.83	0.032036	3.4986e-05	0.048133	supercritical
570.00	107.00	70.260	0.014233	373.72	526.01	5.7973	0.73949	1.0278	467.21	0.031745	3.5026e-05	0.048193	supercritical
571.00	107.00	70.134	0.014258	374.47	527.04	5.7991	0.73978	1.0280	467.58	0.031456	3.5065e-05	0.048254	supercritical
572.00	107.00	70.008	0.014284	375.23	528.07	5.8009	0.74007	1.0281	467.95	0.031168	3.5105e-05	0.048315	supercritical
573.00	107.00	69.884	0.014310	375.98	529.09	5.8027	0.74036	1.0283	468.32	0.030881	3.5144e-05	0.048376	supercritical
574.00	107.00	69.759	0.014335	376.74	530.12	5.8045	0.74064	1.0285	468.69	0.030595	3.5184e-05	0.048437	supercritical
575.00	107.00	69.635	0.014361	377.49	531.15	5.8063	0.74093	1.0286	469.06	0.030310	3.5223e-05	0.048498	supercritical
576.00	107.00	69.512	0.014386	378.25	532.18	5.8081	0.74122	1.0288	469.43	0.030027	3.5263e-05	0.048558	supercritical
577.00	107.00	69.389	0.014412	379.00	533.21	5.8099	0.74150	1.0290	469.80	0.029745	3.5302e-05	0.048619	supercritical
578.00	107.00	69.266	0.014437	379.76	534.24	5.8117	0.74179	1.0292	470.17	0.029464	3.5341e-05	0.048680	supercritical
579.00	107.00	69.144	0.014463	380.52	535.27	5.8135	0.74208	1.0293	470.53	0.029185	3.5381e-05	0.048741	supercritical
580.00	107.00	69.022	0.014488	381.27	536.30	5.8152	0.74236	1.0295	470.90	0.028906	3.5420e-05	0.048801	supercritical
581.00	107.00	68.901	0.014514	382.03	537.33	5.8170	0.74265	1.0297	471.27	0.028629	3.5459e-05	0.048862	supercritical
582.00	107.00	68.780	0.014539	382.79	538.36	5.8188	0.74293	1.0298	471.64	0.028353	3.5499e-05	0.048923	supercritical
583.00	107.00	68.660	0.014565	383.54	539.39	5.8205	0.74322	1.0300	472.00	0.028078	3.5538e-05	0.048983	supercritical
584.00	107.00	68.540	0.014590	384.30	540.42	5.8223	0.74350	1.0302	472.37	0.027804	3.5577e-05	0.049044	supercritical
585.00	107.00	68.421	0.014615	385.06	541.45	5.8241	0.74379	1.0304	472.74	0.027532	3.5616e-05	0.049105	supercritical
586.00	107.00	68.302	0.014641	385.82	542.48	5.8258	0.74407	1.0305	473.10	0.027260	3.5655e-05	0.049165	supercritical
587.00	107.00	68.183	0.014666	386.58	543.51	5.8276	0.74436	1.0307	473.47	0.026990	3.5694e-05	0.049226	supercritical
588.00	107.00	68.065	0.014692	387.33	544.54	5.8293	0.74464	1.0309	473.83	0.026721	3.5733e-05	0.049286	supercritical
589.00	107.00	67.947	0.014717	388.09	545.57	5.8311	0.74493	1.0311	474.20	0.026453	3.5773e-05	0.049347	supercritical
590.00	107.00	67.830	0.014743	388.85	546.60	5.8328	0.74521	1.0312	474.56	0.026186	3.5812e-05	0.049408	supercritical
591.00	107.00	67.713	0.014768	389.61	547.63	5.8346	0.74549	1.0314	474.92	0.025920	3.5851e-05	0.049468	supercritical
592.00	107.00	67.597	0.014794	390.37	548.66	5.8363	0.74578	1.0316	475.29	0.025656	3.5890e-05	0.049529	supercritical
593.00	107.00	67.481	0.014819	391.13	549.69	5.8381	0.74606	1.0318	475.65	0.025392	3.5929e-05	0.049589	supercritical
594.00	107.00	67.365	0.014845	391.89	550.73	5.8398	0.74634	1.0320	476.01	0.025130	3.5968e-05	0.049650	supercritical
595.00	107.00	67.250	0.014870	392.65	551.76	5.8416	0.74663	1.0321	476.37	0.024869	3.6006e-05	0.049710	supercritical
596.00	107.00	67.135	0.014895	393.41	552.79	5.8433	0.74691	1.0323	476.73	0.024609	3.6045e-05	0.049771	supercritical
597.00	107.00	67.021	0.014921	394.17	553.82	5.8450	0.74719	1.0325	477.10	0.024350	3.6084e-05	0.049831	supercritical
598.00	107.00	66.907	0.014946	394.93	554.86	5.8467	0.74747	1.0327	477.46	0.024092	3.6123e-05	0.049892	supercritical
599.00	107.00	66.793	0.014972	395.69	555.89	5.8485	0.74775	1.0328	477.82	0.023835	3.6162e-05	0.049952	supercritical
600.00	107.00	66.680	0.014997	396.45	556.92	5.8502	0.74803	1.0330	478.18	0.023579	3.6201e-05	0.050012	supercritical
