Temperature (K)	Pressure (bar)	Density (kg/m3)	Volume (m3/kg)	Internal Energy (kJ/kg)	Enthalpy (kJ/kg)	Entropy (J/g*K)	Cv (J/g*K)	Cp (J/g*K)	Sound Spd. (m/s)	Joule-Thomson (K/bar)	Viscosity (Pa*s)	Therm. Cond. (W/m*K)	Phase
60.000	142.00	1298.4	0.00077017	-186.30	-175.37	2.2207	1.0939	1.6454	1165.5	-0.037849	0.00064540	0.19960	liquid
61.000	142.00	1294.3	0.00077264	-184.69	-173.72	2.2479	1.0868	1.6480	1161.5	-0.037687	0.00061513	0.19832	liquid
62.000	142.00	1290.1	0.00077513	-183.08	-172.07	2.2748	1.0804	1.6501	1156.9	-0.037544	0.00058687	0.19703	liquid
63.000	142.00	1285.9	0.00077766	-181.46	-170.42	2.3012	1.0744	1.6517	1151.7	-0.037418	0.00056048	0.19575	liquid
64.000	142.00	1281.7	0.00078020	-179.85	-168.77	2.3272	1.0689	1.6528	1146.2	-0.037304	0.00053581	0.19446	liquid
65.000	142.00	1277.5	0.00078277	-178.23	-167.12	2.3528	1.0636	1.6535	1140.3	-0.037202	0.00051274	0.19318	liquid
66.000	142.00	1273.3	0.00078536	-176.61	-165.46	2.3781	1.0586	1.6539	1134.1	-0.037110	0.00049116	0.19189	liquid
67.000	142.00	1269.1	0.00078797	-175.00	-163.81	2.4029	1.0537	1.6540	1127.7	-0.037024	0.00047094	0.19061	liquid
68.000	142.00	1264.9	0.00079060	-173.38	-162.15	2.4274	1.0489	1.6539	1121.1	-0.036943	0.00045199	0.18932	liquid
69.000	142.00	1260.6	0.00079325	-171.76	-160.50	2.4516	1.0442	1.6535	1114.4	-0.036866	0.00043422	0.18804	liquid
70.000	142.00	1256.4	0.00079592	-170.15	-158.85	2.4754	1.0396	1.6530	1107.6	-0.036791	0.00041752	0.18675	liquid
71.000	142.00	1252.2	0.00079862	-168.53	-157.19	2.4988	1.0350	1.6523	1100.7	-0.036717	0.00040183	0.18547	liquid
72.000	142.00	1247.9	0.00080133	-166.92	-155.54	2.5219	1.0305	1.6516	1093.8	-0.036643	0.00038707	0.18419	liquid
73.000	142.00	1243.7	0.00080407	-165.31	-153.89	2.5447	1.0260	1.6508	1086.8	-0.036567	0.00037318	0.18290	liquid
74.000	142.00	1239.4	0.00080682	-163.70	-152.24	2.5672	1.0216	1.6500	1079.8	-0.036489	0.00036008	0.18162	liquid
75.000	142.00	1235.2	0.00080960	-162.09	-150.59	2.5893	1.0172	1.6491	1072.7	-0.036407	0.00034772	0.18034	liquid
76.000	142.00	1230.9	0.00081240	-160.48	-148.94	2.6111	1.0128	1.6483	1065.7	-0.036322	0.00033605	0.17906	liquid
77.000	142.00	1226.7	0.00081522	-158.87	-147.29	2.6327	1.0085	1.6474	1058.6	-0.036233	0.00032502	0.17778	liquid
78.000	142.00	1222.4	0.00081807	-157.26	-145.65	2.6539	1.0042	1.6466	1051.6	-0.036138	0.00031458	0.17649	liquid
79.000	142.00	1218.1	0.00082094	-155.66	-144.00	2.6749	0.99995	1.6459	1044.5	-0.036038	0.00030470	0.17521	liquid
80.000	142.00	1213.8	0.00082384	-154.05	-142.36	2.6956	0.99575	1.6452	1037.5	-0.035932	0.00029532	0.17393	liquid
81.000	142.00	1209.5	0.00082676	-152.45	-140.71	2.7160	0.99158	1.6446	1030.4	-0.035819	0.00028643	0.17264	liquid
82.000	142.00	1205.2	0.00082971	-150.85	-139.07	2.7362	0.98746	1.6441	1023.3	-0.035700	0.00027798	0.17136	liquid
83.000	142.00	1200.9	0.00083268	-149.25	-137.42	2.7561	0.98338	1.6437	1016.3	-0.035573	0.00026995	0.17008	liquid
84.000	142.00	1196.6	0.00083568	-147.65	-135.78	2.7758	0.97935	1.6433	1009.3	-0.035439	0.00026230	0.16879	liquid
85.000	142.00	1192.3	0.00083871	-146.05	-134.14	2.7953	0.97536	1.6431	1002.3	-0.035297	0.00025502	0.16751	liquid
86.000	142.00	1188.0	0.00084177	-144.45	-132.49	2.8145	0.97141	1.6429	995.24	-0.035148	0.00024808	0.16622	liquid
87.000	142.00	1183.6	0.00084486	-142.85	-130.85	2.8335	0.96751	1.6429	988.23	-0.034989	0.00024145	0.16494	liquid
88.000	142.00	1179.3	0.00084798	-141.25	-129.21	2.8522	0.96366	1.6429	981.23	-0.034823	0.00023512	0.16365	liquid
89.000	142.00	1174.9	0.00085113	-139.65	-127.56	2.8708	0.95986	1.6431	974.24	-0.034647	0.00022906	0.16237	liquid
90.000	142.00	1170.5	0.00085431	-138.05	-125.92	2.8892	0.95610	1.6433	967.26	-0.034462	0.00022327	0.16108	liquid
91.000	142.00	1166.1	0.00085753	-136.45	-124.28	2.9073	0.95239	1.6437	960.28	-0.034269	0.00021772	0.15979	liquid
92.000	142.00	1161.7	0.00086078	-134.86	-122.63	2.9253	0.94873	1.6442	953.31	-0.034065	0.00021239	0.15850	liquid
93.000	142.00	1157.3	0.00086407	-133.26	-120.99	2.9431	0.94512	1.6448	946.34	-0.033852	0.00020729	0.15721	liquid
94.000	142.00	1152.9	0.00086739	-131.66	-119.34	2.9607	0.94155	1.6455	939.38	-0.033629	0.00020238	0.15592	liquid
95.000	142.00	1148.4	0.00087075	-130.06	-117.70	2.9781	0.93803	1.6464	932.42	-0.033395	0.00019766	0.15464	liquid
96.000	142.00	1144.0	0.00087415	-128.46	-116.05	2.9953	0.93456	1.6473	925.47	-0.033151	0.00019313	0.15335	liquid
97.000	142.00	1139.5	0.00087758	-126.87	-114.40	3.0124	0.93113	1.6484	918.52	-0.032897	0.00018876	0.15206	liquid
98.000	142.00	1135.0	0.00088106	-125.27	-112.75	3.0293	0.92775	1.6496	911.57	-0.032631	0.00018455	0.15076	liquid
99.000	142.00	1130.5	0.00088458	-123.67	-111.10	3.0461	0.92442	1.6509	904.62	-0.032354	0.00018048	0.14947	liquid
100.00	142.00	1125.9	0.00088814	-122.06	-109.45	3.0627	0.92113	1.6523	897.67	-0.032066	0.00017656	0.14818	liquid
101.00	142.00	1121.4	0.00089174	-120.46	-107.80	3.0791	0.91788	1.6539	890.72	-0.031765	0.00017278	0.14689	liquid
102.00	142.00	1116.8	0.00089540	-118.86	-106.14	3.0954	0.91468	1.6555	883.78	-0.031452	0.00016911	0.14560	liquid
103.00	142.00	1112.2	0.00089909	-117.26	-104.49	3.1116	0.91153	1.6573	876.83	-0.031127	0.00016557	0.14431	liquid
104.00	142.00	1107.6	0.00090284	-115.65	-102.83	3.1276	0.90841	1.6592	869.87	-0.030789	0.00016214	0.14302	liquid
105.00	142.00	1103.0	0.00090663	-114.04	-101.17	3.1435	0.90534	1.6613	862.92	-0.030438	0.00015882	0.14173	liquid
106.00	142.00	1098.3	0.00091047	-112.44	-99.508	3.1593	0.90231	1.6634	855.96	-0.030073	0.00015559	0.14044	liquid
107.00	142.00	1093.6	0.00091437	-110.83	-97.843	3.1749	0.89933	1.6657	849.00	-0.029694	0.00015247	0.13914	liquid
108.00	142.00	1088.9	0.00091832	-109.22	-96.176	3.1904	0.89638	1.6682	842.04	-0.029301	0.00014943	0.13785	liquid
109.00	142.00	1084.2	0.00092233	-107.60	-94.507	3.2058	0.89348	1.6707	835.07	-0.028893	0.00014648	0.13656	liquid
110.00	142.00	1079.5	0.00092639	-105.99	-92.835	3.2210	0.89061	1.6734	828.09	-0.028469	0.00014362	0.13527	liquid
111.00	142.00	1074.7	0.00093051	-104.37	-91.160	3.2362	0.88779	1.6762	821.11	-0.028030	0.00014083	0.13399	liquid
112.00	142.00	1069.9	0.00093469	-102.75	-89.482	3.2513	0.88501	1.6792	814.13	-0.027574	0.00013811	0.13270	liquid
113.00	142.00	1065.0	0.00093893	-101.13	-87.801	3.2662	0.88227	1.6823	807.13	-0.027102	0.00013547	0.13141	liquid
114.00	142.00	1060.2	0.00094324	-99.511	-86.117	3.2810	0.87956	1.6856	800.13	-0.026612	0.00013289	0.13013	liquid
115.00	142.00	1055.3	0.00094761	-97.886	-84.430	3.2958	0.87690	1.6890	793.12	-0.026104	0.00013038	0.12885	liquid
116.00	142.00	1050.4	0.00095205	-96.258	-82.739	3.3104	0.87428	1.6925	786.11	-0.025577	0.00012793	0.12757	liquid
117.00	142.00	1045.4	0.00095656	-94.628	-81.045	3.3249	0.87169	1.6962	779.08	-0.025031	0.00012554	0.12630	liquid
118.00	142.00	1040.4	0.00096115	-92.995	-79.347	3.3394	0.86914	1.7001	772.05	-0.024465	0.00012321	0.12502	liquid
119.00	142.00	1035.4	0.00096580	-91.359	-77.645	3.3538	0.86663	1.7041	765.01	-0.023878	0.00012093	0.12375	liquid
120.00	142.00	1030.4	0.00097054	-89.720	-75.938	3.3680	0.86416	1.7083	757.96	-0.023270	0.00011870	0.12247	liquid
121.00	142.00	1025.3	0.00097535	-88.078	-74.228	3.3822	0.86173	1.7127	750.89	-0.022639	0.00011652	0.12120	liquid
122.00	142.00	1020.1	0.00098025	-86.433	-72.513	3.3964	0.85934	1.7173	743.82	-0.021985	0.00011439	0.11993	liquid
123.00	142.00	1015.0	0.00098524	-84.784	-70.793	3.4104	0.85699	1.7220	736.74	-0.021307	0.00011230	0.11867	liquid
124.00	142.00	1009.8	0.00099031	-83.131	-69.069	3.4244	0.85467	1.7269	729.64	-0.020604	0.00011026	0.11740	liquid
125.00	142.00	1004.5	0.00099547	-81.475	-67.339	3.4382	0.85239	1.7320	722.54	-0.019875	0.00010826	0.11614	liquid
126.00	142.00	999.27	0.0010007	-79.815	-65.605	3.4521	0.85015	1.7373	715.42	-0.019119	0.00010630	0.11488	liquid
127.00	142.00	993.95	0.0010061	-78.151	-63.865	3.4658	0.84795	1.7429	708.29	-0.018335	0.00010438	0.11363	liquid
128.00	142.00	988.59	0.0010115	-76.483	-62.119	3.4795	0.84579	1.7486	701.15	-0.017521	0.00010250	0.11238	liquid
129.00	142.00	983.18	0.0010171	-74.810	-60.367	3.4931	0.84367	1.7546	694.00	-0.016677	0.00010065	0.11113	liquid
130.00	142.00	977.73	0.0010228	-73.133	-58.610	3.5067	0.84158	1.7608	686.84	-0.015801	9.8842e-05	0.10988	liquid
131.00	142.00	972.23	0.0010286	-71.451	-56.846	3.5202	0.83954	1.7672	679.66	-0.014891	9.7065e-05	0.10864	liquid
132.00	142.00	966.69	0.0010345	-69.765	-55.075	3.5337	0.83753	1.7739	672.47	-0.013947	9.5322e-05	0.10740	liquid
133.00	142.00	961.09	0.0010405	-68.073	-53.298	3.5471	0.83557	1.7808	665.27	-0.012967	9.3611e-05	0.10616	liquid
134.00	142.00	955.44	0.0010466	-66.376	-51.514	3.5605	0.83365	1.7880	658.05	-0.011949	9.1930e-05	0.10493	liquid
135.00	142.00	949.74	0.0010529	-64.673	-49.722	3.5738	0.83177	1.7955	650.82	-0.010891	9.0280e-05	0.10370	liquid
136.00	142.00	943.98	0.0010593	-62.965	-47.922	3.5871	0.82993	1.8033	643.58	-0.0097921	8.8659e-05	0.10248	liquid
137.00	142.00	938.17	0.0010659	-61.251	-46.115	3.6003	0.82813	1.8113	636.33	-0.0086499	8.7066e-05	0.10126	liquid
138.00	142.00	932.30	0.0010726	-59.531	-44.300	3.6135	0.82637	1.8197	629.06	-0.0074625	8.5500e-05	0.10005	liquid
139.00	142.00	926.37	0.0010795	-57.804	-42.476	3.6267	0.82466	1.8284	621.78	-0.0062278	8.3961e-05	0.098840	liquid
140.00	142.00	920.38	0.0010865	-56.071	-40.643	3.6398	0.82299	1.8375	614.49	-0.0049435	8.2449e-05	0.097636	liquid
141.00	142.00	914.32	0.0010937	-54.331	-38.801	3.6529	0.82136	1.8469	607.19	-0.0036074	8.0961e-05	0.096438	liquid
142.00	142.00	908.20	0.0011011	-52.584	-36.949	3.6660	0.81978	1.8566	599.87	-0.0022170	7.9498e-05	0.095246	liquid
143.00	142.00	902.00	0.0011086	-50.830	-35.087	3.6791	0.81825	1.8668	592.55	-0.00076962	7.8060e-05	0.094060	liquid
144.00	142.00	895.74	0.0011164	-49.068	-33.215	3.6921	0.81676	1.8773	585.21	0.00073745	7.6644e-05	0.092879	liquid
145.00	142.00	889.41	0.0011243	-47.298	-31.332	3.7052	0.81532	1.8883	577.87	0.0023071	7.5252e-05	0.091705	liquid
146.00	142.00	883.00	0.0011325	-45.520	-29.439	3.7182	0.81393	1.8996	570.52	0.0039424	7.3882e-05	0.090537	liquid
147.00	142.00	876.51	0.0011409	-43.734	-27.533	3.7312	0.81258	1.9115	563.16	0.0056464	7.2535e-05	0.089376	liquid
148.00	142.00	869.95	0.0011495	-41.938	-25.615	3.7442	0.81129	1.9238	555.79	0.0074227	7.1208e-05	0.088222	liquid
149.00	142.00	863.30	0.0011584	-40.134	-23.685	3.7572	0.81004	1.9365	548.42	0.0092747	6.9903e-05	0.087074	liquid
150.00	142.00	856.56	0.0011675	-38.320	-21.742	3.7702	0.80885	1.9498	541.04	0.011206	6.8618e-05	0.085935	liquid
151.00	142.00	849.74	0.0011768	-36.497	-19.786	3.7832	0.80771	1.9636	533.67	0.013221	6.7353e-05	0.084802	liquid
152.00	142.00	842.82	0.0011865	-34.663	-17.815	3.7962	0.80662	1.9779	526.29	0.015323	6.6108e-05	0.083678	liquid
153.00	142.00	835.81	0.0011964	-32.819	-15.830	3.8092	0.80558	1.9928	518.92	0.017516	6.4883e-05	0.082561	liquid
154.00	142.00	828.71	0.0012067	-30.964	-13.829	3.8222	0.80459	2.0082	511.56	0.019806	6.3676e-05	0.081453	liquid
155.00	142.00	821.50	0.0012173	-29.098	-11.813	3.8353	0.80366	2.0242	504.20	0.022195	6.2488e-05	0.080353	supercritical
156.00	142.00	814.19	0.0012282	-27.221	-9.7805	3.8484	0.80279	2.0408	496.86	0.024690	6.1319e-05	0.079262	supercritical
157.00	142.00	806.78	0.0012395	-25.332	-7.7311	3.8615	0.80196	2.0581	489.54	0.027295	6.0168e-05	0.078179	supercritical
158.00	142.00	799.26	0.0012512	-23.431	-5.6642	3.8746	0.80120	2.0759	482.24	0.030015	5.9034e-05	0.077106	supercritical
159.00	142.00	791.62	0.0012632	-21.517	-3.5791	3.8877	0.80048	2.0944	474.96	0.032854	5.7918e-05	0.076042	supercritical
160.00	142.00	783.88	0.0012757	-19.590	-1.4752	3.9009	0.79981	2.1135	467.72	0.035818	5.6820e-05	0.074987	supercritical
161.00	142.00	776.01	0.0012886	-17.651	0.64808	3.9142	0.79920	2.1332	460.51	0.038912	5.5739e-05	0.073942	supercritical
162.00	142.00	768.02	0.0013020	-15.698	2.7914	3.9274	0.79864	2.1535	453.35	0.042141	5.4674e-05	0.072907	supercritical
163.00	142.00	759.92	0.0013159	-13.731	4.9554	3.9407	0.79812	2.1745	446.24	0.045509	5.3627e-05	0.071881	supercritical
164.00	142.00	751.69	0.0013303	-11.750	7.1405	3.9541	0.79765	2.1960	439.18	0.049021	5.2596e-05	0.070866	supercritical
165.00	142.00	743.33	0.0013453	-9.7557	9.3474	3.9675	0.79721	2.2180	432.20	0.052682	5.1581e-05	0.069861	supercritical
166.00	142.00	734.85	0.0013608	-7.7470	11.577	3.9810	0.79682	2.2404	425.29	0.056494	5.0583e-05	0.068867	supercritical
167.00	142.00	726.24	0.0013769	-5.7242	13.828	3.9945	0.79645	2.2633	418.47	0.060461	4.9602e-05	0.067882	supercritical
168.00	142.00	717.51	0.0013937	-3.6873	16.103	4.0081	0.79612	2.2865	411.74	0.064584	4.8637e-05	0.066909	supercritical
169.00	142.00	708.65	0.0014111	-1.6366	18.401	4.0217	0.79581	2.3098	405.11	0.068864	4.7688e-05	0.065946	supercritical
170.00	142.00	699.67	0.0014292	0.42768	20.723	4.0354	0.79552	2.3332	398.61	0.073302	4.6756e-05	0.064994	supercritical
171.00	142.00	690.57	0.0014481	2.5051	23.068	4.0492	0.79524	2.3564	392.23	0.077894	4.5841e-05	0.064053	supercritical
172.00	142.00	681.36	0.0014677	4.5949	25.436	4.0630	0.79496	2.3793	386.00	0.082637	4.4942e-05	0.063123	supercritical
173.00	142.00	672.04	0.0014880	6.6964	27.826	4.0769	0.79469	2.4017	379.92	0.087525	4.4061e-05	0.062204	supercritical
174.00	142.00	662.62	0.0015092	8.8085	30.239	4.0908	0.79441	2.4232	374.00	0.092551	4.3197e-05	0.061296	supercritical
175.00	142.00	653.11	0.0015311	10.930	32.672	4.1047	0.79411	2.4438	368.27	0.097706	4.2351e-05	0.060399	supercritical
176.00	142.00	643.52	0.0015540	13.060	35.126	4.1187	0.79380	2.4630	362.72	0.10298	4.1523e-05	0.059514	supercritical
177.00	142.00	633.86	0.0015776	15.195	37.598	4.1327	0.79346	2.4807	357.38	0.10835	4.0714e-05	0.058640	supercritical
178.00	142.00	624.16	0.0016022	17.336	40.087	4.1467	0.79308	2.4966	352.26	0.11382	3.9924e-05	0.057778	supercritical
179.00	142.00	614.42	0.0016276	19.479	42.590	4.1607	0.79266	2.5104	347.35	0.11935	3.9154e-05	0.056929	supercritical
180.00	142.00	604.66	0.0016538	21.622	45.107	4.1748	0.79220	2.5220	342.68	0.12495	3.8405e-05	0.056092	supercritical
181.00	142.00	594.90	0.0016809	23.764	47.633	4.1888	0.79167	2.5311	338.24	0.13058	3.7676e-05	0.055267	supercritical
182.00	142.00	585.17	0.0017089	25.901	50.168	4.2027	0.79109	2.5376	334.04	0.13623	3.6968e-05	0.054456	supercritical
183.00	142.00	575.47	0.0017377	28.032	52.708	4.2166	0.79043	2.5412	330.08	0.14187	3.6282e-05	0.053659	supercritical
184.00	142.00	565.84	0.0017673	30.154	55.250	4.2305	0.78970	2.5421	326.37	0.14750	3.5618e-05	0.052876	supercritical
185.00	142.00	556.28	0.0017977	32.264	57.791	4.2443	0.78888	2.5400	322.90	0.15308	3.4976e-05	0.052108	supercritical
186.00	142.00	546.82	0.0018287	34.360	60.328	4.2579	0.78798	2.5349	319.66	0.15859	3.4357e-05	0.051356	supercritical
187.00	142.00	537.48	0.0018605	36.440	62.860	4.2715	0.78699	2.5269	316.67	0.16402	3.3761e-05	0.050619	supercritical
188.00	142.00	528.27	0.0018930	38.501	65.381	4.2850	0.78591	2.5159	313.91	0.16934	3.3188e-05	0.049899	supercritical
189.00	142.00	519.22	0.0019260	40.542	67.891	4.2983	0.78474	2.5022	311.37	0.17452	3.2638e-05	0.049197	supercritical
190.00	142.00	510.33	0.0019595	42.559	70.385	4.3114	0.78348	2.4859	309.05	0.17957	3.2111e-05	0.048512	supercritical
191.00	142.00	501.61	0.0019936	44.553	72.861	4.3244	0.78214	2.4670	306.94	0.18444	3.1607e-05	0.047845	supercritical
192.00	142.00	493.09	0.0020280	46.520	75.318	4.3373	0.78071	2.4459	305.03	0.18914	3.1126e-05	0.047198	supercritical
193.00	142.00	484.76	0.0020629	48.460	77.753	4.3499	0.77921	2.4228	303.31	0.19364	3.0667e-05	0.046570	supercritical
194.00	142.00	476.64	0.0020980	50.371	80.163	4.3624	0.77765	2.3979	301.78	0.19794	3.0230e-05	0.045962	supercritical
195.00	142.00	468.73	0.0021334	52.253	82.548	4.3746	0.77602	2.3715	300.42	0.20203	2.9815e-05	0.045373	supercritical
196.00	142.00	461.04	0.0021690	54.106	84.906	4.3867	0.77434	2.3439	299.22	0.20590	2.9420e-05	0.044805	supercritical
197.00	142.00	453.56	0.0022048	55.928	87.235	4.3986	0.77261	2.3153	298.17	0.20955	2.9046e-05	0.044257	supercritical
198.00	142.00	446.30	0.0022406	57.719	89.536	4.4102	0.77085	2.2860	297.26	0.21299	2.8692e-05	0.043730	supercritical
199.00	142.00	439.26	0.0022766	59.480	91.807	4.4216	0.76906	2.2562	296.49	0.21620	2.8356e-05	0.043222	supercritical
200.00	142.00	432.43	0.0023125	61.210	94.048	4.4329	0.76724	2.2261	295.83	0.21921	2.8039e-05	0.042735	supercritical
201.00	142.00	425.81	0.0023485	62.911	96.259	4.4439	0.76542	2.1960	295.30	0.22200	2.7739e-05	0.042267	supercritical
202.00	142.00	419.39	0.0023844	64.582	98.440	4.4547	0.76358	2.1659	294.86	0.22458	2.7456e-05	0.041818	supercritical
203.00	142.00	413.18	0.0024202	66.224	100.59	4.4653	0.76174	2.1361	294.52	0.22697	2.7189e-05	0.041388	supercritical
204.00	142.00	407.17	0.0024560	67.837	102.71	4.4758	0.75991	2.1066	294.27	0.22916	2.6937e-05	0.040977	supercritical
205.00	142.00	401.34	0.0024916	69.423	104.80	4.4860	0.75808	2.0775	294.10	0.23117	2.6699e-05	0.040584	supercritical
206.00	142.00	395.70	0.0025272	70.982	106.87	4.4960	0.75627	2.0490	294.01	0.23300	2.6475e-05	0.040208	supercritical
207.00	142.00	390.24	0.0025625	72.515	108.90	4.5059	0.75447	2.0211	293.98	0.23466	2.6265e-05	0.039848	supercritical
208.00	142.00	384.95	0.0025977	74.022	110.91	4.5156	0.75269	1.9938	294.01	0.23615	2.6066e-05	0.039505	supercritical
209.00	142.00	379.83	0.0026328	75.505	112.89	4.5251	0.75094	1.9671	294.11	0.23749	2.5879e-05	0.039178	supercritical
210.00	142.00	374.86	0.0026676	76.964	114.84	4.5344	0.74921	1.9412	294.25	0.23869	2.5703e-05	0.038865	supercritical
211.00	142.00	370.06	0.0027023	78.400	116.77	4.5436	0.74751	1.9160	294.45	0.23974	2.5538e-05	0.038567	supercritical
212.00	142.00	365.39	0.0027368	79.815	118.68	4.5526	0.74584	1.8915	294.68	0.24066	2.5383e-05	0.038283	supercritical
213.00	142.00	360.87	0.0027711	81.207	120.56	4.5614	0.74420	1.8678	294.96	0.24146	2.5237e-05	0.038012	supercritical
214.00	142.00	356.49	0.0028051	82.580	122.41	4.5701	0.74259	1.8447	295.28	0.24214	2.5099e-05	0.037753	supercritical
215.00	142.00	352.23	0.0028390	83.932	124.25	4.5786	0.74101	1.8224	295.62	0.24270	2.4971e-05	0.037507	supercritical
216.00	142.00	348.10	0.0028727	85.265	126.06	4.5871	0.73946	1.8008	296.00	0.24316	2.4850e-05	0.037273	supercritical
217.00	142.00	344.10	0.0029062	86.580	127.85	4.5953	0.73795	1.7799	296.41	0.24352	2.4736e-05	0.037050	supercritical
218.00	142.00	340.20	0.0029394	87.878	129.62	4.6035	0.73648	1.7597	296.84	0.24378	2.4630e-05	0.036837	supercritical
219.00	142.00	336.42	0.0029725	89.158	131.37	4.6115	0.73503	1.7401	297.30	0.24395	2.4531e-05	0.036634	supercritical
220.00	142.00	332.74	0.0030053	90.422	133.10	4.6194	0.73362	1.7212	297.78	0.24404	2.4437e-05	0.036442	supercritical
221.00	142.00	329.16	0.0030380	91.671	134.81	4.6271	0.73225	1.7029	298.27	0.24405	2.4350e-05	0.036258	supercritical
222.00	142.00	325.69	0.0030705	92.904	136.50	4.6348	0.73091	1.6852	298.79	0.24399	2.4269e-05	0.036084	supercritical
223.00	142.00	322.30	0.0031027	94.123	138.18	4.6423	0.72960	1.6681	299.32	0.24385	2.4193e-05	0.035918	supercritical
224.00	142.00	319.00	0.0031348	95.327	139.84	4.6497	0.72832	1.6516	299.87	0.24365	2.4122e-05	0.035760	supercritical
225.00	142.00	315.79	0.0031666	96.518	141.48	4.6570	0.72708	1.6356	300.43	0.24339	2.4056e-05	0.035610	supercritical
226.00	142.00	312.67	0.0031983	97.696	143.11	4.6643	0.72587	1.6201	301.00	0.24307	2.3994e-05	0.035467	supercritical
227.00	142.00	309.62	0.0032298	98.862	144.72	4.6714	0.72469	1.6051	301.59	0.24269	2.3937e-05	0.035332	supercritical
228.00	142.00	306.65	0.0032611	100.02	146.32	4.6784	0.72354	1.5907	302.18	0.24227	2.3884e-05	0.035203	supercritical
229.00	142.00	303.75	0.0032922	101.16	147.91	4.6853	0.72242	1.5767	302.79	0.24179	2.3835e-05	0.035081	supercritical
230.00	142.00	300.92	0.0033231	102.29	149.48	4.6922	0.72133	1.5631	303.40	0.24127	2.3790e-05	0.034965	supercritical
231.00	142.00	298.16	0.0033539	103.41	151.03	4.6989	0.72026	1.5500	304.02	0.24071	2.3748e-05	0.034855	supercritical
232.00	142.00	295.47	0.0033845	104.52	152.58	4.7056	0.71923	1.5373	304.65	0.24011	2.3710e-05	0.034750	supercritical
233.00	142.00	292.84	0.0034149	105.62	154.11	4.7122	0.71823	1.5250	305.29	0.23947	2.3675e-05	0.034652	supercritical
234.00	142.00	290.27	0.0034451	106.71	155.63	4.7187	0.71725	1.5131	305.93	0.23880	2.3643e-05	0.034558	supercritical
235.00	142.00	287.75	0.0034752	107.79	157.13	4.7251	0.71630	1.5016	306.57	0.23810	2.3614e-05	0.034470	supercritical
236.00	142.00	285.30	0.0035051	108.86	158.63	4.7315	0.71537	1.4904	307.22	0.23736	2.3587e-05	0.034386	supercritical
237.00	142.00	282.89	0.0035349	109.92	160.11	4.7378	0.71447	1.4795	307.88	0.23660	2.3564e-05	0.034307	supercritical
238.00	142.00	280.54	0.0035645	110.97	161.59	4.7440	0.71359	1.4690	308.54	0.23581	2.3543e-05	0.034232	supercritical
239.00	142.00	278.24	0.0035940	112.02	163.05	4.7501	0.71274	1.4588	309.20	0.23499	2.3524e-05	0.034161	supercritical
240.00	142.00	275.99	0.0036233	113.06	164.51	4.7562	0.71191	1.4490	309.87	0.23416	2.3508e-05	0.034095	supercritical
241.00	142.00	273.79	0.0036524	114.09	165.95	4.7622	0.71110	1.4394	310.53	0.23330	2.3494e-05	0.034033	supercritical
242.00	142.00	271.63	0.0036814	115.11	167.39	4.7681	0.71031	1.4301	311.21	0.23242	2.3482e-05	0.033974	supercritical
243.00	142.00	269.52	0.0037103	116.12	168.81	4.7740	0.70955	1.4210	311.88	0.23153	2.3472e-05	0.033919	supercritical
244.00	142.00	267.45	0.0037391	117.13	170.23	4.7798	0.70881	1.4123	312.55	0.23061	2.3464e-05	0.033867	supercritical
245.00	142.00	265.42	0.0037677	118.13	171.64	4.7856	0.70808	1.4037	313.23	0.22968	2.3458e-05	0.033819	supercritical
246.00	142.00	263.43	0.0037961	119.13	173.03	4.7913	0.70738	1.3955	313.91	0.22874	2.3453e-05	0.033774	supercritical
247.00	142.00	261.47	0.0038245	120.12	174.43	4.7969	0.70670	1.3874	314.58	0.22778	2.3451e-05	0.033732	supercritical
248.00	142.00	259.56	0.0038527	121.10	175.81	4.8025	0.70603	1.3796	315.26	0.22681	2.3450e-05	0.033693	supercritical
249.00	142.00	257.68	0.0038808	122.08	177.19	4.8080	0.70539	1.3720	315.94	0.22583	2.3450e-05	0.033657	supercritical
250.00	142.00	255.84	0.0039088	123.05	178.55	4.8135	0.70476	1.3646	316.62	0.22484	2.3452e-05	0.033624	supercritical
251.00	142.00	254.03	0.0039366	124.02	179.91	4.8190	0.70415	1.3574	317.30	0.22384	2.3456e-05	0.033593	supercritical
252.00	142.00	252.25	0.0039643	124.98	181.27	4.8243	0.70355	1.3504	317.98	0.22283	2.3460e-05	0.033565	supercritical
253.00	142.00	250.50	0.0039919	125.93	182.62	4.8297	0.70298	1.3436	318.66	0.22182	2.3466e-05	0.033539	supercritical
254.00	142.00	248.79	0.0040194	126.88	183.96	4.8350	0.70241	1.3370	319.34	0.22079	2.3474e-05	0.033516	supercritical
255.00	142.00	247.11	0.0040468	127.82	185.29	4.8402	0.70187	1.3305	320.02	0.21976	2.3482e-05	0.033495	supercritical
256.00	142.00	245.45	0.0040741	128.76	186.62	4.8454	0.70134	1.3242	320.70	0.21872	2.3492e-05	0.033476	supercritical
257.00	142.00	243.83	0.0041013	129.70	187.94	4.8505	0.70082	1.3181	321.38	0.21768	2.3503e-05	0.033459	supercritical
258.00	142.00	242.23	0.0041284	130.63	189.25	4.8557	0.70032	1.3121	322.06	0.21664	2.3515e-05	0.033445	supercritical
259.00	142.00	240.65	0.0041553	131.56	190.56	4.8607	0.69983	1.3063	322.74	0.21559	2.3528e-05	0.033432	supercritical
260.00	142.00	239.11	0.0041822	132.48	191.87	4.8657	0.69936	1.3006	323.42	0.21453	2.3542e-05	0.033422	supercritical
261.00	142.00	237.59	0.0042090	133.40	193.16	4.8707	0.69890	1.2951	324.09	0.21347	2.3557e-05	0.033413	supercritical
262.00	142.00	236.09	0.0042356	134.31	194.46	4.8757	0.69845	1.2897	324.77	0.21241	2.3573e-05	0.033406	supercritical
263.00	142.00	234.62	0.0042622	135.22	195.74	4.8806	0.69802	1.2844	325.44	0.21135	2.3590e-05	0.033400	supercritical
264.00	142.00	233.17	0.0042887	136.13	197.02	4.8854	0.69759	1.2793	326.12	0.21029	2.3607e-05	0.033397	supercritical
265.00	142.00	231.74	0.0043151	137.03	198.30	4.8903	0.69718	1.2743	326.79	0.20923	2.3626e-05	0.033395	supercritical
266.00	142.00	230.34	0.0043414	137.93	199.57	4.8951	0.69679	1.2694	327.46	0.20816	2.3645e-05	0.033394	supercritical
267.00	142.00	228.96	0.0043676	138.82	200.84	4.8998	0.69640	1.2646	328.13	0.20709	2.3665e-05	0.033396	supercritical
268.00	142.00	227.60	0.0043937	139.71	202.10	4.9045	0.69603	1.2600	328.80	0.20603	2.3686e-05	0.033398	supercritical
269.00	142.00	226.26	0.0044198	140.60	203.36	4.9092	0.69566	1.2554	329.46	0.20496	2.3707e-05	0.033402	supercritical
270.00	142.00	224.94	0.0044457	141.48	204.61	4.9139	0.69531	1.2510	330.13	0.20389	2.3729e-05	0.033407	supercritical
271.00	142.00	223.63	0.0044716	142.37	205.86	4.9185	0.69497	1.2466	330.80	0.20283	2.3752e-05	0.033414	supercritical
272.00	142.00	222.35	0.0044974	143.24	207.11	4.9231	0.69463	1.2424	331.46	0.20177	2.3776e-05	0.033422	supercritical
273.00	142.00	221.09	0.0045231	144.12	208.35	4.9276	0.69431	1.2382	332.12	0.20070	2.3800e-05	0.033431	supercritical
274.00	142.00	219.84	0.0045487	144.99	209.58	4.9321	0.69400	1.2342	332.78	0.19964	2.3825e-05	0.033442	supercritical
275.00	142.00	218.61	0.0045743	145.86	210.82	4.9366	0.69370	1.2302	333.44	0.19858	2.3850e-05	0.033453	supercritical
276.00	142.00	217.40	0.0045998	146.73	212.04	4.9411	0.69341	1.2263	334.10	0.19752	2.3876e-05	0.033466	supercritical
277.00	142.00	216.21	0.0046252	147.59	213.27	4.9455	0.69312	1.2225	334.75	0.19646	2.3902e-05	0.033480	supercritical
278.00	142.00	215.03	0.0046505	148.45	214.49	4.9499	0.69285	1.2188	335.40	0.19541	2.3929e-05	0.033495	supercritical
279.00	142.00	213.87	0.0046757	149.31	215.71	4.9543	0.69258	1.2152	336.06	0.19436	2.3956e-05	0.033511	supercritical
280.00	142.00	212.72	0.0047009	150.17	216.92	4.9586	0.69232	1.2117	336.71	0.19331	2.3984e-05	0.033528	supercritical
281.00	142.00	211.59	0.0047261	151.02	218.13	4.9629	0.69207	1.2082	337.36	0.19226	2.4012e-05	0.033546	supercritical
282.00	142.00	210.48	0.0047511	151.87	219.34	4.9672	0.69183	1.2048	338.00	0.19121	2.4041e-05	0.033565	supercritical
283.00	142.00	209.38	0.0047761	152.72	220.54	4.9715	0.69160	1.2015	338.65	0.19017	2.4070e-05	0.033584	supercritical
284.00	142.00	208.29	0.0048010	153.56	221.74	4.9757	0.69138	1.1982	339.29	0.18913	2.4100e-05	0.033605	supercritical
285.00	142.00	207.22	0.0048259	154.41	222.94	4.9799	0.69116	1.1950	339.94	0.18810	2.4130e-05	0.033627	supercritical
286.00	142.00	206.16	0.0048507	155.25	224.13	4.9841	0.69095	1.1919	340.58	0.18707	2.4160e-05	0.033649	supercritical
287.00	142.00	205.11	0.0048754	156.09	225.32	4.9882	0.69075	1.1888	341.22	0.18604	2.4191e-05	0.033672	supercritical
288.00	142.00	204.08	0.0049000	156.93	226.51	4.9924	0.69056	1.1858	341.85	0.18501	2.4222e-05	0.033696	supercritical
289.00	142.00	203.06	0.0049246	157.76	227.69	4.9965	0.69037	1.1829	342.49	0.18399	2.4254e-05	0.033721	supercritical
290.00	142.00	202.05	0.0049492	158.59	228.87	5.0006	0.69019	1.1800	343.12	0.18297	2.4286e-05	0.033746	supercritical
291.00	142.00	201.06	0.0049737	159.42	230.05	5.0046	0.69002	1.1772	343.75	0.18196	2.4318e-05	0.033772	supercritical
292.00	142.00	200.08	0.0049981	160.25	231.23	5.0087	0.68985	1.1744	344.39	0.18094	2.4351e-05	0.033799	supercritical
293.00	142.00	199.11	0.0050225	161.08	232.40	5.0127	0.68969	1.1717	345.01	0.17994	2.4384e-05	0.033826	supercritical
294.00	142.00	198.15	0.0050468	161.91	233.57	5.0167	0.68954	1.1691	345.64	0.17893	2.4417e-05	0.033854	supercritical
295.00	142.00	197.20	0.0050710	162.73	234.74	5.0206	0.68939	1.1665	346.27	0.17793	2.4450e-05	0.033883	supercritical
296.00	142.00	196.26	0.0050952	163.55	235.90	5.0246	0.68925	1.1639	346.89	0.17694	2.4484e-05	0.033912	supercritical
297.00	142.00	195.34	0.0051194	164.37	237.07	5.0285	0.68912	1.1614	347.51	0.17595	2.4518e-05	0.033942	supercritical
298.00	142.00	194.42	0.0051434	165.19	238.23	5.0324	0.68899	1.1590	348.13	0.17496	2.4552e-05	0.033972	supercritical
299.00	142.00	193.52	0.0051675	166.01	239.38	5.0363	0.68887	1.1566	348.75	0.17398	2.4587e-05	0.034002	supercritical
300.00	142.00	192.62	0.0051915	166.82	240.54	5.0401	0.68876	1.1542	349.37	0.17300	2.4622e-05	0.034033	supercritical
301.00	142.00	191.74	0.0052154	167.63	241.69	5.0440	0.68865	1.1519	349.98	0.17202	2.4657e-05	0.034065	supercritical
302.00	142.00	190.87	0.0052393	168.44	242.84	5.0478	0.68854	1.1496	350.60	0.17105	2.4692e-05	0.034097	supercritical
303.00	142.00	190.00	0.0052631	169.26	243.99	5.0516	0.68844	1.1474	351.21	0.17008	2.4727e-05	0.034129	supercritical
304.00	142.00	189.15	0.0052869	170.06	245.14	5.0553	0.68835	1.1452	351.82	0.16912	2.4763e-05	0.034161	supercritical
305.00	142.00	188.30	0.0053107	170.87	246.28	5.0591	0.68826	1.1431	352.43	0.16816	2.4799e-05	0.034193	supercritical
306.00	142.00	187.46	0.0053343	171.68	247.42	5.0628	0.68818	1.1410	353.03	0.16721	2.4835e-05	0.034225	supercritical
307.00	142.00	186.64	0.0053580	172.48	248.56	5.0666	0.68810	1.1389	353.64	0.16626	2.4872e-05	0.034256	supercritical
308.00	142.00	185.82	0.0053816	173.28	249.70	5.0703	0.68803	1.1369	354.24	0.16532	2.4908e-05	0.034286	supercritical
309.00	142.00	185.01	0.0054051	174.08	250.84	5.0739	0.68796	1.1349	354.84	0.16438	2.4945e-05	0.034309	supercritical
310.00	142.00	184.21	0.0054286	174.88	251.97	5.0776	0.68790	1.1330	355.44	0.16344	2.4982e-05	0.034340	supercritical
311.00	142.00	183.42	0.0054521	175.68	253.10	5.0813	0.68785	1.1310	356.04	0.16251	2.5019e-05	0.034382	supercritical
312.00	142.00	182.63	0.0054755	176.48	254.23	5.0849	0.68779	1.1292	356.64	0.16158	2.5056e-05	0.034424	supercritical
313.00	142.00	181.85	0.0054989	177.28	255.36	5.0885	0.68775	1.1273	357.23	0.16066	2.5094e-05	0.034467	supercritical
314.00	142.00	181.09	0.0055222	178.07	256.49	5.0921	0.68770	1.1255	357.82	0.15974	2.5131e-05	0.034510	supercritical
315.00	142.00	180.33	0.0055455	178.87	257.61	5.0957	0.68767	1.1237	358.42	0.15882	2.5169e-05	0.034553	supercritical
316.00	142.00	179.57	0.0055688	179.66	258.74	5.0992	0.68763	1.1220	359.01	0.15791	2.5207e-05	0.034597	supercritical
317.00	142.00	178.83	0.0055920	180.45	259.86	5.1028	0.68760	1.1203	359.59	0.15701	2.5245e-05	0.034641	supercritical
318.00	142.00	178.09	0.0056152	181.24	260.98	5.1063	0.68758	1.1186	360.18	0.15611	2.5283e-05	0.034685	supercritical
319.00	142.00	177.36	0.0056383	182.03	262.09	5.1098	0.68756	1.1169	360.77	0.15521	2.5322e-05	0.034730	supercritical
320.00	142.00	176.64	0.0056614	182.82	263.21	5.1133	0.68754	1.1153	361.35	0.15432	2.5360e-05	0.034775	supercritical
321.00	142.00	175.92	0.0056844	183.61	264.32	5.1168	0.68753	1.1137	361.93	0.15343	2.5399e-05	0.034821	supercritical
322.00	142.00	175.21	0.0057074	184.39	265.44	5.1202	0.68753	1.1121	362.51	0.15254	2.5437e-05	0.034866	supercritical
323.00	142.00	174.51	0.0057304	185.18	266.55	5.1237	0.68752	1.1106	363.09	0.15166	2.5476e-05	0.034912	supercritical
324.00	142.00	173.81	0.0057533	185.96	267.66	5.1271	0.68752	1.1091	363.67	0.15079	2.5515e-05	0.034958	supercritical
325.00	142.00	173.12	0.0057762	186.74	268.77	5.1305	0.68753	1.1076	364.24	0.14992	2.5554e-05	0.035005	supercritical
326.00	142.00	172.44	0.0057991	187.53	269.87	5.1339	0.68754	1.1061	364.82	0.14905	2.5593e-05	0.035052	supercritical
327.00	142.00	171.76	0.0058219	188.31	270.98	5.1373	0.68755	1.1047	365.39	0.14819	2.5633e-05	0.035099	supercritical
328.00	142.00	171.09	0.0058447	189.09	272.08	5.1407	0.68757	1.1033	365.96	0.14733	2.5672e-05	0.035146	supercritical
329.00	142.00	170.43	0.0058675	189.87	273.19	5.1440	0.68759	1.1019	366.53	0.14648	2.5712e-05	0.035193	supercritical
330.00	142.00	169.77	0.0058902	190.65	274.29	5.1474	0.68761	1.1005	367.10	0.14563	2.5751e-05	0.035241	supercritical
331.00	142.00	169.12	0.0059129	191.42	275.39	5.1507	0.68764	1.0992	367.66	0.14479	2.5791e-05	0.035289	supercritical
332.00	142.00	168.48	0.0059356	192.20	276.49	5.1540	0.68767	1.0978	368.23	0.14395	2.5831e-05	0.035338	supercritical
333.00	142.00	167.84	0.0059582	192.98	277.58	5.1573	0.68771	1.0966	368.79	0.14311	2.5871e-05	0.035386	supercritical
334.00	142.00	167.20	0.0059808	193.75	278.68	5.1606	0.68774	1.0953	369.35	0.14228	2.5911e-05	0.035435	supercritical
335.00	142.00	166.57	0.0060033	194.53	279.77	5.1639	0.68779	1.0940	369.91	0.14145	2.5951e-05	0.035484	supercritical
336.00	142.00	165.95	0.0060258	195.30	280.87	5.1671	0.68783	1.0928	370.47	0.14063	2.5991e-05	0.035533	supercritical
337.00	142.00	165.33	0.0060483	196.07	281.96	5.1704	0.68788	1.0916	371.03	0.13981	2.6031e-05	0.035582	supercritical
338.00	142.00	164.72	0.0060708	196.84	283.05	5.1736	0.68793	1.0904	371.59	0.13899	2.6071e-05	0.035632	supercritical
339.00	142.00	164.12	0.0060932	197.62	284.14	5.1768	0.68799	1.0892	372.14	0.13818	2.6112e-05	0.035682	supercritical
340.00	142.00	163.52	0.0061156	198.39	285.23	5.1800	0.68805	1.0881	372.69	0.13738	2.6152e-05	0.035732	supercritical
341.00	142.00	162.92	0.0061380	199.16	286.32	5.1832	0.68811	1.0870	373.25	0.13657	2.6193e-05	0.035782	supercritical
342.00	142.00	162.33	0.0061603	199.93	287.40	5.1864	0.68818	1.0859	373.80	0.13577	2.6233e-05	0.035833	supercritical
343.00	142.00	161.74	0.0061826	200.69	288.49	5.1896	0.68824	1.0848	374.35	0.13498	2.6274e-05	0.035883	supercritical
344.00	142.00	161.16	0.0062049	201.46	289.57	5.1927	0.68832	1.0837	374.89	0.13419	2.6314e-05	0.035934	supercritical
345.00	142.00	160.59	0.0062272	202.23	290.65	5.1959	0.68839	1.0826	375.44	0.13340	2.6355e-05	0.035985	supercritical
346.00	142.00	160.02	0.0062494	203.00	291.74	5.1990	0.68847	1.0816	375.98	0.13262	2.6396e-05	0.036036	supercritical
347.00	142.00	159.45	0.0062716	203.76	292.82	5.2021	0.68855	1.0806	376.53	0.13184	2.6437e-05	0.036087	supercritical
348.00	142.00	158.89	0.0062938	204.53	293.90	5.2052	0.68863	1.0796	377.07	0.13107	2.6478e-05	0.036139	supercritical
349.00	142.00	158.33	0.0063159	205.29	294.98	5.2083	0.68872	1.0786	377.61	0.13030	2.6519e-05	0.036191	supercritical
350.00	142.00	157.78	0.0063380	206.06	296.06	5.2114	0.68881	1.0776	378.15	0.12953	2.6560e-05	0.036242	supercritical
351.00	142.00	157.23	0.0063601	206.82	297.13	5.2145	0.68890	1.0767	378.68	0.12877	2.6601e-05	0.036294	supercritical
352.00	142.00	156.69	0.0063821	207.58	298.21	5.2176	0.68900	1.0758	379.22	0.12801	2.6642e-05	0.036347	supercritical
353.00	142.00	156.15	0.0064042	208.34	299.28	5.2206	0.68909	1.0748	379.76	0.12726	2.6683e-05	0.036399	supercritical
354.00	142.00	155.61	0.0064262	209.11	300.36	5.2237	0.68919	1.0739	380.29	0.12651	2.6724e-05	0.036451	supercritical
355.00	142.00	155.08	0.0064482	209.87	301.43	5.2267	0.68930	1.0731	380.82	0.12576	2.6766e-05	0.036504	supercritical
356.00	142.00	154.56	0.0064701	210.63	302.50	5.2297	0.68940	1.0722	381.35	0.12502	2.6807e-05	0.036557	supercritical
357.00	142.00	154.03	0.0064920	211.39	303.58	5.2327	0.68951	1.0713	381.88	0.12428	2.6848e-05	0.036610	supercritical
358.00	142.00	153.52	0.0065139	212.15	304.65	5.2357	0.68962	1.0705	382.41	0.12354	2.6890e-05	0.036663	supercritical
359.00	142.00	153.00	0.0065358	212.91	305.72	5.2387	0.68974	1.0697	382.94	0.12281	2.6931e-05	0.036716	supercritical
360.00	142.00	152.49	0.0065577	213.67	306.79	5.2417	0.68986	1.0688	383.46	0.12209	2.6972e-05	0.036769	supercritical
361.00	142.00	151.99	0.0065795	214.43	307.85	5.2446	0.68997	1.0680	383.99	0.12136	2.7014e-05	0.036823	supercritical
362.00	142.00	151.49	0.0066013	215.18	308.92	5.2476	0.69010	1.0673	384.51	0.12064	2.7055e-05	0.036876	supercritical
363.00	142.00	150.99	0.0066231	215.94	309.99	5.2505	0.69022	1.0665	385.03	0.11993	2.7097e-05	0.036930	supercritical
364.00	142.00	150.49	0.0066448	216.70	311.06	5.2535	0.69035	1.0657	385.55	0.11921	2.7138e-05	0.036984	supercritical
365.00	142.00	150.00	0.0066666	217.46	312.12	5.2564	0.69048	1.0650	386.07	0.11850	2.7180e-05	0.037038	supercritical
366.00	142.00	149.52	0.0066883	218.21	313.19	5.2593	0.69061	1.0642	386.59	0.11780	2.7222e-05	0.037092	supercritical
367.00	142.00	149.03	0.0067100	218.97	314.25	5.2622	0.69074	1.0635	387.11	0.11710	2.7263e-05	0.037146	supercritical
368.00	142.00	148.55	0.0067316	219.72	315.31	5.2651	0.69088	1.0628	387.62	0.11640	2.7305e-05	0.037200	supercritical
369.00	142.00	148.08	0.0067533	220.48	316.37	5.2680	0.69101	1.0621	388.14	0.11571	2.7347e-05	0.037255	supercritical
370.00	142.00	147.60	0.0067749	221.23	317.44	5.2708	0.69115	1.0614	388.65	0.11502	2.7388e-05	0.037309	supercritical
371.00	142.00	147.13	0.0067965	221.99	318.50	5.2737	0.69130	1.0607	389.16	0.11433	2.7430e-05	0.037364	supercritical
372.00	142.00	146.67	0.0068181	222.74	319.56	5.2766	0.69144	1.0601	389.68	0.11364	2.7472e-05	0.037418	supercritical
373.00	142.00	146.21	0.0068396	223.50	320.62	5.2794	0.69159	1.0594	390.19	0.11296	2.7513e-05	0.037473	supercritical
374.00	142.00	145.75	0.0068612	224.25	321.68	5.2822	0.69174	1.0588	390.69	0.11229	2.7555e-05	0.037528	supercritical
375.00	142.00	145.29	0.0068827	225.00	322.74	5.2851	0.69189	1.0582	391.20	0.11161	2.7597e-05	0.037583	supercritical
376.00	142.00	144.84	0.0069042	225.75	323.79	5.2879	0.69204	1.0576	391.71	0.11094	2.7639e-05	0.037638	supercritical
377.00	142.00	144.39	0.0069256	226.51	324.85	5.2907	0.69220	1.0569	392.21	0.11028	2.7681e-05	0.037694	supercritical
378.00	142.00	143.95	0.0069471	227.26	325.91	5.2935	0.69236	1.0563	392.72	0.10962	2.7722e-05	0.037749	supercritical
379.00	142.00	143.50	0.0069685	228.01	326.96	5.2963	0.69252	1.0558	393.22	0.10896	2.7764e-05	0.037804	supercritical
380.00	142.00	143.06	0.0069899	228.76	328.02	5.2991	0.69268	1.0552	393.72	0.10830	2.7806e-05	0.037860	supercritical
381.00	142.00	142.63	0.0070113	229.51	329.07	5.3018	0.69284	1.0546	394.22	0.10765	2.7848e-05	0.037915	supercritical
382.00	142.00	142.19	0.0070327	230.26	330.13	5.3046	0.69301	1.0541	394.72	0.10700	2.7890e-05	0.037971	supercritical
383.00	142.00	141.76	0.0070541	231.01	331.18	5.3074	0.69318	1.0535	395.22	0.10635	2.7932e-05	0.038027	supercritical
384.00	142.00	141.33	0.0070754	231.76	332.24	5.3101	0.69335	1.0530	395.72	0.10571	2.7974e-05	0.038083	supercritical
385.00	142.00	140.91	0.0070967	232.51	333.29	5.3128	0.69352	1.0525	396.21	0.10507	2.8016e-05	0.038139	supercritical
386.00	142.00	140.49	0.0071180	233.26	334.34	5.3156	0.69369	1.0519	396.71	0.10443	2.8057e-05	0.038195	supercritical
387.00	142.00	140.07	0.0071393	234.01	335.39	5.3183	0.69387	1.0514	397.20	0.10380	2.8099e-05	0.038251	supercritical
388.00	142.00	139.65	0.0071605	234.76	336.44	5.3210	0.69404	1.0509	397.69	0.10317	2.8141e-05	0.038307	supercritical
389.00	142.00	139.24	0.0071818	235.51	337.49	5.3237	0.69422	1.0504	398.18	0.10255	2.8183e-05	0.038363	supercritical
390.00	142.00	138.83	0.0072030	236.26	338.54	5.3264	0.69440	1.0500	398.67	0.10192	2.8225e-05	0.038420	supercritical
391.00	142.00	138.42	0.0072242	237.01	339.59	5.3291	0.69458	1.0495	399.16	0.10130	2.8267e-05	0.038476	supercritical
392.00	142.00	138.02	0.0072454	237.76	340.64	5.3318	0.69477	1.0490	399.65	0.10069	2.8309e-05	0.038532	supercritical
393.00	142.00	137.62	0.0072666	238.51	341.69	5.3344	0.69495	1.0486	400.14	0.10007	2.8351e-05	0.038589	supercritical
394.00	142.00	137.22	0.0072877	239.25	342.74	5.3371	0.69514	1.0481	400.63	0.099461	2.8393e-05	0.038646	supercritical
395.00	142.00	136.82	0.0073088	240.00	343.79	5.3398	0.69533	1.0477	401.11	0.098853	2.8435e-05	0.038702	supercritical
396.00	142.00	136.43	0.0073300	240.75	344.84	5.3424	0.69552	1.0473	401.60	0.098249	2.8477e-05	0.038759	supercritical
397.00	142.00	136.03	0.0073511	241.50	345.88	5.3451	0.69571	1.0468	402.08	0.097647	2.8519e-05	0.038816	supercritical
398.00	142.00	135.65	0.0073721	242.24	346.93	5.3477	0.69591	1.0464	402.56	0.097049	2.8561e-05	0.038873	supercritical
399.00	142.00	135.26	0.0073932	242.99	347.98	5.3503	0.69610	1.0460	403.04	0.096454	2.8603e-05	0.038930	supercritical
400.00	142.00	134.88	0.0074143	243.74	349.02	5.3529	0.69630	1.0456	403.52	0.095861	2.8644e-05	0.038987	supercritical
401.00	142.00	134.49	0.0074353	244.49	350.07	5.3555	0.69650	1.0452	404.00	0.095272	2.8686e-05	0.039044	supercritical
402.00	142.00	134.11	0.0074563	245.23	351.11	5.3581	0.69670	1.0449	404.48	0.094686	2.8728e-05	0.039101	supercritical
403.00	142.00	133.74	0.0074773	245.98	352.16	5.3607	0.69690	1.0445	404.96	0.094102	2.8770e-05	0.039158	supercritical
404.00	142.00	133.36	0.0074983	246.72	353.20	5.3633	0.69711	1.0441	405.43	0.093522	2.8812e-05	0.039215	supercritical
405.00	142.00	132.99	0.0075193	247.47	354.24	5.3659	0.69731	1.0438	405.91	0.092944	2.8854e-05	0.039273	supercritical
406.00	142.00	132.62	0.0075402	248.22	355.29	5.3685	0.69752	1.0434	406.38	0.092369	2.8896e-05	0.039330	supercritical
407.00	142.00	132.25	0.0075612	248.96	356.33	5.3710	0.69772	1.0431	406.85	0.091798	2.8938e-05	0.039387	supercritical
408.00	142.00	131.89	0.0075821	249.71	357.37	5.3736	0.69793	1.0427	407.33	0.091229	2.8980e-05	0.039445	supercritical
409.00	142.00	131.53	0.0076030	250.45	358.42	5.3762	0.69814	1.0424	407.80	0.090663	2.9022e-05	0.039502	supercritical
410.00	142.00	131.17	0.0076239	251.20	359.46	5.3787	0.69836	1.0421	408.27	0.090100	2.9064e-05	0.039560	supercritical
411.00	142.00	130.81	0.0076448	251.95	360.50	5.3812	0.69857	1.0417	408.74	0.089539	2.9106e-05	0.039617	supercritical
412.00	142.00	130.45	0.0076656	252.69	361.54	5.3838	0.69878	1.0414	409.21	0.088982	2.9147e-05	0.039675	supercritical
413.00	142.00	130.10	0.0076865	253.44	362.58	5.3863	0.69900	1.0411	409.67	0.088427	2.9189e-05	0.039733	supercritical
414.00	142.00	129.75	0.0077073	254.18	363.62	5.3888	0.69922	1.0408	410.14	0.087875	2.9231e-05	0.039790	supercritical
415.00	142.00	129.40	0.0077281	254.93	364.67	5.3913	0.69944	1.0405	410.61	0.087326	2.9273e-05	0.039848	supercritical
416.00	142.00	129.05	0.0077489	255.67	365.71	5.3938	0.69966	1.0402	411.07	0.086779	2.9315e-05	0.039906	supercritical
417.00	142.00	128.70	0.0077697	256.42	366.75	5.3963	0.69988	1.0399	411.53	0.086235	2.9357e-05	0.039964	supercritical
418.00	142.00	128.36	0.0077905	257.16	367.79	5.3988	0.70010	1.0397	412.00	0.085694	2.9398e-05	0.040022	supercritical
419.00	142.00	128.02	0.0078113	257.91	368.83	5.4013	0.70032	1.0394	412.46	0.085156	2.9440e-05	0.040080	supercritical
420.00	142.00	127.68	0.0078320	258.65	369.86	5.4038	0.70055	1.0391	412.92	0.084620	2.9482e-05	0.040138	supercritical
421.00	142.00	127.34	0.0078527	259.39	370.90	5.4062	0.70077	1.0389	413.38	0.084087	2.9524e-05	0.040196	supercritical
422.00	142.00	127.01	0.0078735	260.14	371.94	5.4087	0.70100	1.0386	413.84	0.083557	2.9566e-05	0.040254	supercritical
423.00	142.00	126.68	0.0078942	260.88	372.98	5.4112	0.70123	1.0384	414.30	0.083029	2.9607e-05	0.040312	supercritical
424.00	142.00	126.34	0.0079149	261.63	374.02	5.4136	0.70146	1.0381	414.76	0.082504	2.9649e-05	0.040370	supercritical
425.00	142.00	126.02	0.0079355	262.37	375.06	5.4161	0.70169	1.0379	415.21	0.081981	2.9691e-05	0.040428	supercritical
426.00	142.00	125.69	0.0079562	263.12	376.09	5.4185	0.70192	1.0377	415.67	0.081461	2.9733e-05	0.040487	supercritical
427.00	142.00	125.36	0.0079769	263.86	377.13	5.4209	0.70216	1.0374	416.12	0.080944	2.9774e-05	0.040545	supercritical
428.00	142.00	125.04	0.0079975	264.61	378.17	5.4234	0.70239	1.0372	416.58	0.080429	2.9816e-05	0.040603	supercritical
429.00	142.00	124.72	0.0080181	265.35	379.21	5.4258	0.70262	1.0370	417.03	0.079916	2.9858e-05	0.040662	supercritical
430.00	142.00	124.40	0.0080387	266.09	380.24	5.4282	0.70286	1.0368	417.48	0.079406	2.9899e-05	0.040720	supercritical
431.00	142.00	124.08	0.0080593	266.84	381.28	5.4306	0.70310	1.0366	417.93	0.078899	2.9941e-05	0.040778	supercritical
432.00	142.00	123.76	0.0080799	267.58	382.32	5.4330	0.70334	1.0364	418.39	0.078394	2.9983e-05	0.040837	supercritical
433.00	142.00	123.45	0.0081005	268.33	383.35	5.4354	0.70358	1.0362	418.83	0.077892	3.0024e-05	0.040895	supercritical
434.00	142.00	123.14	0.0081211	269.07	384.39	5.4378	0.70382	1.0360	419.28	0.077392	3.0066e-05	0.040954	supercritical
435.00	142.00	122.83	0.0081416	269.81	385.43	5.4402	0.70406	1.0358	419.73	0.076894	3.0108e-05	0.041012	supercritical
436.00	142.00	122.52	0.0081622	270.56	386.46	5.4426	0.70430	1.0357	420.18	0.076399	3.0149e-05	0.041071	supercritical
437.00	142.00	122.21	0.0081827	271.30	387.50	5.4449	0.70454	1.0355	420.63	0.075907	3.0191e-05	0.041129	supercritical
438.00	142.00	121.90	0.0082032	272.05	388.53	5.4473	0.70479	1.0353	421.07	0.075416	3.0232e-05	0.041188	supercritical
439.00	142.00	121.60	0.0082237	272.79	389.57	5.4497	0.70503	1.0351	421.52	0.074929	3.0274e-05	0.041247	supercritical
440.00	142.00	121.30	0.0082442	273.53	390.60	5.4520	0.70528	1.0350	421.96	0.074443	3.0316e-05	0.041305	supercritical
441.00	142.00	121.00	0.0082647	274.28	391.64	5.4544	0.70552	1.0348	422.40	0.073960	3.0357e-05	0.041364	supercritical
442.00	142.00	120.70	0.0082852	275.02	392.67	5.4567	0.70577	1.0347	422.85	0.073479	3.0399e-05	0.041423	supercritical
443.00	142.00	120.40	0.0083056	275.77	393.71	5.4590	0.70602	1.0345	423.29	0.073001	3.0440e-05	0.041482	supercritical
444.00	142.00	120.10	0.0083261	276.51	394.74	5.4614	0.70627	1.0344	423.73	0.072525	3.0482e-05	0.041540	supercritical
445.00	142.00	119.81	0.0083465	277.25	395.78	5.4637	0.70652	1.0342	424.17	0.072051	3.0523e-05	0.041599	supercritical
446.00	142.00	119.52	0.0083669	278.00	396.81	5.4660	0.70677	1.0341	424.61	0.071579	3.0564e-05	0.041658	supercritical
447.00	142.00	119.23	0.0083874	278.74	397.84	5.4683	0.70702	1.0340	425.05	0.071110	3.0606e-05	0.041717	supercritical
448.00	142.00	118.94	0.0084078	279.49	398.88	5.4707	0.70728	1.0338	425.49	0.070643	3.0647e-05	0.041776	supercritical
449.00	142.00	118.65	0.0084282	280.23	399.91	5.4730	0.70753	1.0337	425.92	0.070178	3.0689e-05	0.041835	supercritical
450.00	142.00	118.36	0.0084485	280.98	400.94	5.4753	0.70778	1.0336	426.36	0.069716	3.0730e-05	0.041893	supercritical
451.00	142.00	118.08	0.0084689	281.72	401.98	5.4775	0.70804	1.0335	426.80	0.069256	3.0771e-05	0.041952	supercritical
452.00	142.00	117.80	0.0084893	282.46	403.01	5.4798	0.70830	1.0334	427.23	0.068798	3.0813e-05	0.042011	supercritical
453.00	142.00	117.51	0.0085096	283.21	404.05	5.4821	0.70855	1.0333	427.66	0.068342	3.0854e-05	0.042070	supercritical
454.00	142.00	117.23	0.0085300	283.95	405.08	5.4844	0.70881	1.0332	428.10	0.067888	3.0895e-05	0.042129	supercritical
455.00	142.00	116.96	0.0085503	284.70	406.11	5.4867	0.70907	1.0331	428.53	0.067437	3.0937e-05	0.042188	supercritical
456.00	142.00	116.68	0.0085706	285.44	407.14	5.4889	0.70933	1.0330	428.96	0.066987	3.0978e-05	0.042247	supercritical
457.00	142.00	116.40	0.0085909	286.19	408.18	5.4912	0.70959	1.0329	429.39	0.066540	3.1019e-05	0.042306	supercritical
458.00	142.00	116.13	0.0086112	286.93	409.21	5.4935	0.70985	1.0328	429.82	0.066095	3.1060e-05	0.042365	supercritical
459.00	142.00	115.85	0.0086315	287.68	410.24	5.4957	0.71011	1.0327	430.25	0.065652	3.1101e-05	0.042424	supercritical
460.00	142.00	115.58	0.0086518	288.42	411.28	5.4980	0.71037	1.0326	430.68	0.065211	3.1143e-05	0.042484	supercritical
461.00	142.00	115.31	0.0086720	289.17	412.31	5.5002	0.71063	1.0325	431.11	0.064772	3.1184e-05	0.042543	supercritical
462.00	142.00	115.04	0.0086923	289.91	413.34	5.5024	0.71089	1.0325	431.54	0.064336	3.1225e-05	0.042602	supercritical
463.00	142.00	114.78	0.0087125	290.66	414.37	5.5047	0.71116	1.0324	431.97	0.063901	3.1266e-05	0.042661	supercritical
464.00	142.00	114.51	0.0087328	291.40	415.41	5.5069	0.71142	1.0323	432.39	0.063469	3.1307e-05	0.042720	supercritical
465.00	142.00	114.25	0.0087530	292.15	416.44	5.5091	0.71169	1.0323	432.82	0.063038	3.1348e-05	0.042779	supercritical
466.00	142.00	113.98	0.0087732	292.89	417.47	5.5113	0.71195	1.0322	433.24	0.062610	3.1389e-05	0.042838	supercritical
467.00	142.00	113.72	0.0087934	293.64	418.50	5.5136	0.71222	1.0321	433.67	0.062183	3.1430e-05	0.042898	supercritical
468.00	142.00	113.46	0.0088136	294.38	419.53	5.5158	0.71248	1.0321	434.09	0.061759	3.1471e-05	0.042957	supercritical
469.00	142.00	113.20	0.0088338	295.13	420.57	5.5180	0.71275	1.0320	434.51	0.061337	3.1512e-05	0.043016	supercritical
470.00	142.00	112.94	0.0088540	295.87	421.60	5.5202	0.71302	1.0320	434.94	0.060916	3.1553e-05	0.043075	supercritical
471.00	142.00	112.69	0.0088742	296.62	422.63	5.5224	0.71329	1.0319	435.36	0.060498	3.1594e-05	0.043135	supercritical
472.00	142.00	112.43	0.0088943	297.36	423.66	5.5245	0.71355	1.0319	435.78	0.060081	3.1635e-05	0.043194	supercritical
473.00	142.00	112.18	0.0089145	298.11	424.69	5.5267	0.71382	1.0319	436.20	0.059667	3.1676e-05	0.043253	supercritical
474.00	142.00	111.92	0.0089346	298.85	425.73	5.5289	0.71409	1.0318	436.62	0.059254	3.1717e-05	0.043312	supercritical
475.00	142.00	111.67	0.0089548	299.60	426.76	5.5311	0.71436	1.0318	437.04	0.058844	3.1758e-05	0.043372	supercritical
476.00	142.00	111.42	0.0089749	300.35	427.79	5.5333	0.71463	1.0318	437.45	0.058435	3.1799e-05	0.043431	supercritical
477.00	142.00	111.17	0.0089950	301.09	428.82	5.5354	0.71490	1.0317	437.87	0.058028	3.1840e-05	0.043490	supercritical
478.00	142.00	110.92	0.0090151	301.84	429.85	5.5376	0.71518	1.0317	438.29	0.057623	3.1880e-05	0.043550	supercritical
479.00	142.00	110.68	0.0090352	302.58	430.88	5.5397	0.71545	1.0317	438.70	0.057220	3.1921e-05	0.043609	supercritical
480.00	142.00	110.43	0.0090553	303.33	431.92	5.5419	0.71572	1.0317	439.12	0.056819	3.1962e-05	0.043668	supercritical
481.00	142.00	110.19	0.0090754	304.08	432.95	5.5440	0.71599	1.0316	439.54	0.056420	3.2003e-05	0.043728	supercritical
482.00	142.00	109.94	0.0090955	304.82	433.98	5.5462	0.71627	1.0316	439.95	0.056023	3.2044e-05	0.043787	supercritical
483.00	142.00	109.70	0.0091155	305.57	435.01	5.5483	0.71654	1.0316	440.36	0.055627	3.2084e-05	0.043846	supercritical
484.00	142.00	109.46	0.0091356	306.32	436.04	5.5504	0.71681	1.0316	440.78	0.055233	3.2125e-05	0.043906	supercritical
485.00	142.00	109.22	0.0091556	307.06	437.07	5.5526	0.71709	1.0316	441.19	0.054841	3.2166e-05	0.043965	supercritical
486.00	142.00	108.98	0.0091757	307.81	438.11	5.5547	0.71736	1.0316	441.60	0.054451	3.2206e-05	0.044024	supercritical
487.00	142.00	108.75	0.0091957	308.56	439.14	5.5568	0.71764	1.0316	442.01	0.054063	3.2247e-05	0.044084	supercritical
488.00	142.00	108.51	0.0092157	309.31	440.17	5.5589	0.71791	1.0316	442.42	0.053677	3.2287e-05	0.044143	supercritical
489.00	142.00	108.27	0.0092357	310.05	441.20	5.5610	0.71819	1.0316	442.83	0.053292	3.2328e-05	0.044203	supercritical
490.00	142.00	108.04	0.0092558	310.80	442.23	5.5632	0.71847	1.0316	443.24	0.052909	3.2369e-05	0.044262	supercritical
491.00	142.00	107.81	0.0092758	311.55	443.26	5.5653	0.71874	1.0316	443.65	0.052528	3.2409e-05	0.044321	supercritical
492.00	142.00	107.58	0.0092957	312.30	444.30	5.5674	0.71902	1.0316	444.06	0.052148	3.2450e-05	0.044381	supercritical
493.00	142.00	107.35	0.0093157	313.04	445.33	5.5695	0.71930	1.0316	444.47	0.051771	3.2490e-05	0.044440	supercritical
494.00	142.00	107.12	0.0093357	313.79	446.36	5.5715	0.71958	1.0317	444.87	0.051395	3.2531e-05	0.044500	supercritical
495.00	142.00	106.89	0.0093557	314.54	447.39	5.5736	0.71985	1.0317	445.28	0.051020	3.2571e-05	0.044559	supercritical
496.00	142.00	106.66	0.0093756	315.29	448.42	5.5757	0.72013	1.0317	445.69	0.050648	3.2611e-05	0.044618	supercritical
497.00	142.00	106.43	0.0093956	316.04	449.45	5.5778	0.72041	1.0317	446.09	0.050277	3.2652e-05	0.044678	supercritical
498.00	142.00	106.21	0.0094155	316.79	450.49	5.5799	0.72069	1.0317	446.50	0.049908	3.2692e-05	0.044737	supercritical
499.00	142.00	105.98	0.0094355	317.53	451.52	5.5819	0.72097	1.0318	446.90	0.049541	3.2733e-05	0.044797	supercritical
500.00	142.00	105.76	0.0094554	318.28	452.55	5.5840	0.72125	1.0318	447.30	0.049175	3.2773e-05	0.044856	supercritical
501.00	142.00	105.54	0.0094753	319.03	453.58	5.5861	0.72153	1.0318	447.71	0.048811	3.2813e-05	0.044916	supercritical
502.00	142.00	105.32	0.0094952	319.78	454.61	5.5881	0.72181	1.0319	448.11	0.048448	3.2854e-05	0.044975	supercritical
503.00	142.00	105.10	0.0095151	320.53	455.65	5.5902	0.72209	1.0319	448.51	0.048088	3.2894e-05	0.045035	supercritical
504.00	142.00	104.88	0.0095350	321.28	456.68	5.5922	0.72237	1.0319	448.91	0.047728	3.2934e-05	0.045094	supercritical
505.00	142.00	104.66	0.0095549	322.03	457.71	5.5943	0.72265	1.0320	449.31	0.047371	3.2974e-05	0.045153	supercritical
506.00	142.00	104.44	0.0095748	322.78	458.74	5.5963	0.72293	1.0320	449.71	0.047015	3.3014e-05	0.045213	supercritical
507.00	142.00	104.22	0.0095947	323.53	459.77	5.5983	0.72321	1.0320	450.11	0.046661	3.3055e-05	0.045272	supercritical
508.00	142.00	104.01	0.0096146	324.28	460.80	5.6004	0.72349	1.0321	450.51	0.046308	3.3095e-05	0.045332	supercritical
509.00	142.00	103.79	0.0096344	325.03	461.84	5.6024	0.72377	1.0321	450.91	0.045957	3.3135e-05	0.045391	supercritical
510.00	142.00	103.58	0.0096543	325.78	462.87	5.6044	0.72406	1.0322	451.31	0.045607	3.3175e-05	0.045451	supercritical
511.00	142.00	103.37	0.0096741	326.53	463.90	5.6065	0.72434	1.0322	451.70	0.045259	3.3215e-05	0.045510	supercritical
512.00	142.00	103.16	0.0096940	327.28	464.93	5.6085	0.72462	1.0323	452.10	0.044913	3.3255e-05	0.045570	supercritical
513.00	142.00	102.95	0.0097138	328.03	465.97	5.6105	0.72490	1.0323	452.50	0.044568	3.3295e-05	0.045629	supercritical
514.00	142.00	102.74	0.0097336	328.78	467.00	5.6125	0.72518	1.0324	452.89	0.044225	3.3335e-05	0.045689	supercritical
515.00	142.00	102.53	0.0097535	329.53	468.03	5.6145	0.72547	1.0325	453.29	0.043883	3.3375e-05	0.045748	supercritical
516.00	142.00	102.32	0.0097733	330.28	469.06	5.6165	0.72575	1.0325	453.68	0.043543	3.3415e-05	0.045808	supercritical
517.00	142.00	102.11	0.0097931	331.03	470.10	5.6185	0.72603	1.0326	454.08	0.043204	3.3455e-05	0.045867	supercritical
518.00	142.00	101.91	0.0098129	331.79	471.13	5.6205	0.72631	1.0326	454.47	0.042867	3.3495e-05	0.045926	supercritical
519.00	142.00	101.70	0.0098327	332.54	472.16	5.6225	0.72660	1.0327	454.86	0.042531	3.3535e-05	0.045986	supercritical
520.00	142.00	101.50	0.0098525	333.29	473.19	5.6245	0.72688	1.0328	455.26	0.042197	3.3575e-05	0.046045	supercritical
521.00	142.00	101.29	0.0098722	334.04	474.23	5.6265	0.72716	1.0328	455.65	0.041864	3.3615e-05	0.046105	supercritical
522.00	142.00	101.09	0.0098920	334.79	475.26	5.6284	0.72745	1.0329	456.04	0.041533	3.3655e-05	0.046164	supercritical
523.00	142.00	100.89	0.0099118	335.55	476.29	5.6304	0.72773	1.0330	456.43	0.041203	3.3694e-05	0.046224	supercritical
524.00	142.00	100.69	0.0099316	336.30	477.33	5.6324	0.72801	1.0330	456.82	0.040875	3.3734e-05	0.046283	supercritical
525.00	142.00	100.49	0.0099513	337.05	478.36	5.6344	0.72830	1.0331	457.21	0.040548	3.3774e-05	0.046343	supercritical
526.00	142.00	100.29	0.0099711	337.80	479.39	5.6363	0.72858	1.0332	457.60	0.040222	3.3814e-05	0.046402	supercritical
527.00	142.00	100.09	0.0099908	338.56	480.42	5.6383	0.72887	1.0333	457.99	0.039898	3.3853e-05	0.046462	supercritical
528.00	142.00	99.895	0.010011	339.31	481.46	5.6403	0.72915	1.0334	458.38	0.039576	3.3893e-05	0.046521	supercritical
529.00	142.00	99.698	0.010030	340.06	482.49	5.6422	0.72943	1.0334	458.77	0.039255	3.3933e-05	0.046580	supercritical
530.00	142.00	99.503	0.010050	340.82	483.53	5.6442	0.72972	1.0335	459.15	0.038935	3.3972e-05	0.046640	supercritical
531.00	142.00	99.308	0.010070	341.57	484.56	5.6461	0.73000	1.0336	459.54	0.038616	3.4012e-05	0.046699	supercritical
532.00	142.00	99.114	0.010089	342.32	485.59	5.6481	0.73029	1.0337	459.93	0.038300	3.4052e-05	0.046759	supercritical
533.00	142.00	98.920	0.010109	343.08	486.63	5.6500	0.73057	1.0338	460.31	0.037984	3.4091e-05	0.046818	supercritical
534.00	142.00	98.728	0.010129	343.83	487.66	5.6519	0.73085	1.0338	460.70	0.037670	3.4131e-05	0.046878	supercritical
535.00	142.00	98.536	0.010149	344.58	488.69	5.6539	0.73114	1.0339	461.08	0.037357	3.4170e-05	0.046937	supercritical
536.00	142.00	98.346	0.010168	345.34	489.73	5.6558	0.73142	1.0340	461.47	0.037046	3.4210e-05	0.046996	supercritical
537.00	142.00	98.156	0.010188	346.09	490.76	5.6577	0.73171	1.0341	461.85	0.036736	3.4249e-05	0.047056	supercritical
538.00	142.00	97.966	0.010208	346.85	491.80	5.6597	0.73199	1.0342	462.23	0.036427	3.4289e-05	0.047115	supercritical
539.00	142.00	97.778	0.010227	347.60	492.83	5.6616	0.73228	1.0343	462.62	0.036119	3.4328e-05	0.047175	supercritical
540.00	142.00	97.590	0.010247	348.36	493.86	5.6635	0.73256	1.0344	463.00	0.035813	3.4368e-05	0.047234	supercritical
541.00	142.00	97.404	0.010267	349.11	494.90	5.6654	0.73284	1.0345	463.38	0.035509	3.4407e-05	0.047293	supercritical
542.00	142.00	97.217	0.010286	349.87	495.93	5.6673	0.73313	1.0346	463.76	0.035205	3.4446e-05	0.047353	supercritical
543.00	142.00	97.032	0.010306	350.62	496.97	5.6692	0.73341	1.0347	464.15	0.034903	3.4486e-05	0.047412	supercritical
544.00	142.00	96.848	0.010326	351.38	498.00	5.6711	0.73370	1.0348	464.53	0.034602	3.4525e-05	0.047472	supercritical
545.00	142.00	96.664	0.010345	352.14	499.04	5.6730	0.73398	1.0349	464.91	0.034303	3.4564e-05	0.047531	supercritical
546.00	142.00	96.481	0.010365	352.89	500.07	5.6749	0.73427	1.0350	465.29	0.034005	3.4604e-05	0.047590	supercritical
547.00	142.00	96.298	0.010384	353.65	501.11	5.6768	0.73455	1.0351	465.67	0.033708	3.4643e-05	0.047650	supercritical
548.00	142.00	96.117	0.010404	354.41	502.14	5.6787	0.73483	1.0352	466.04	0.033412	3.4682e-05	0.047709	supercritical
549.00	142.00	95.936	0.010424	355.16	503.18	5.6806	0.73512	1.0353	466.42	0.033118	3.4721e-05	0.047768	supercritical
550.00	142.00	95.756	0.010443	355.92	504.21	5.6825	0.73540	1.0354	466.80	0.032825	3.4760e-05	0.047828	supercritical
551.00	142.00	95.576	0.010463	356.68	505.25	5.6844	0.73569	1.0355	467.18	0.032533	3.4800e-05	0.047887	supercritical
552.00	142.00	95.398	0.010482	357.43	506.28	5.6862	0.73597	1.0356	467.56	0.032242	3.4839e-05	0.047947	supercritical
553.00	142.00	95.220	0.010502	358.19	507.32	5.6881	0.73625	1.0357	467.93	0.031953	3.4878e-05	0.048006	supercritical
554.00	142.00	95.042	0.010522	358.95	508.36	5.6900	0.73654	1.0358	468.31	0.031665	3.4917e-05	0.048065	supercritical
555.00	142.00	94.866	0.010541	359.71	509.39	5.6919	0.73682	1.0360	468.68	0.031378	3.4956e-05	0.048125	supercritical
556.00	142.00	94.690	0.010561	360.46	510.43	5.6937	0.73710	1.0361	469.06	0.031092	3.4995e-05	0.048184	supercritical
557.00	142.00	94.515	0.010580	361.22	511.46	5.6956	0.73739	1.0362	469.43	0.030808	3.5034e-05	0.048243	supercritical
558.00	142.00	94.340	0.010600	361.98	512.50	5.6974	0.73767	1.0363	469.81	0.030525	3.5073e-05	0.048302	supercritical
559.00	142.00	94.167	0.010619	362.74	513.54	5.6993	0.73795	1.0364	470.18	0.030243	3.5112e-05	0.048362	supercritical
560.00	142.00	93.993	0.010639	363.50	514.57	5.7011	0.73824	1.0365	470.56	0.029962	3.5151e-05	0.048421	supercritical
561.00	142.00	93.821	0.010659	364.26	515.61	5.7030	0.73852	1.0366	470.93	0.029682	3.5190e-05	0.048480	supercritical
562.00	142.00	93.649	0.010678	365.02	516.65	5.7048	0.73880	1.0368	471.30	0.029404	3.5229e-05	0.048540	supercritical
563.00	142.00	93.478	0.010698	365.78	517.68	5.7067	0.73909	1.0369	471.67	0.029126	3.5268e-05	0.048599	supercritical
564.00	142.00	93.308	0.010717	366.54	518.72	5.7085	0.73937	1.0370	472.05	0.028850	3.5307e-05	0.048658	supercritical
565.00	142.00	93.138	0.010737	367.30	519.76	5.7104	0.73965	1.0371	472.42	0.028575	3.5345e-05	0.048717	supercritical
566.00	142.00	92.969	0.010756	368.06	520.79	5.7122	0.73993	1.0372	472.79	0.028301	3.5384e-05	0.048777	supercritical
567.00	142.00	92.801	0.010776	368.82	521.83	5.7140	0.74022	1.0374	473.16	0.028029	3.5423e-05	0.048836	supercritical
568.00	142.00	92.633	0.010795	369.58	522.87	5.7159	0.74050	1.0375	473.53	0.027757	3.5462e-05	0.048895	supercritical
569.00	142.00	92.466	0.010815	370.34	523.91	5.7177	0.74078	1.0376	473.90	0.027487	3.5501e-05	0.048954	supercritical
570.00	142.00	92.299	0.010834	371.10	524.94	5.7195	0.74106	1.0377	474.27	0.027218	3.5539e-05	0.049013	supercritical
571.00	142.00	92.134	0.010854	371.86	525.98	5.7213	0.74134	1.0379	474.64	0.026950	3.5578e-05	0.049073	supercritical
572.00	142.00	91.968	0.010873	372.62	527.02	5.7231	0.74163	1.0380	475.01	0.026683	3.5617e-05	0.049132	supercritical
573.00	142.00	91.804	0.010893	373.38	528.06	5.7249	0.74191	1.0381	475.37	0.026417	3.5655e-05	0.049191	supercritical
574.00	142.00	91.640	0.010912	374.14	529.10	5.7268	0.74219	1.0383	475.74	0.026152	3.5694e-05	0.049250	supercritical
575.00	142.00	91.477	0.010932	374.90	530.13	5.7286	0.74247	1.0384	476.11	0.025888	3.5732e-05	0.049309	supercritical
576.00	142.00	91.314	0.010951	375.67	531.17	5.7304	0.74275	1.0385	476.48	0.025626	3.5771e-05	0.049369	supercritical
577.00	142.00	91.152	0.010971	376.43	532.21	5.7322	0.74303	1.0386	476.84	0.025364	3.5810e-05	0.049428	supercritical
578.00	142.00	90.990	0.010990	377.19	533.25	5.7340	0.74331	1.0388	477.21	0.025104	3.5848e-05	0.049487	supercritical
579.00	142.00	90.829	0.011010	377.95	534.29	5.7358	0.74359	1.0389	477.58	0.024845	3.5887e-05	0.049546	supercritical
580.00	142.00	90.669	0.011029	378.72	535.33	5.7376	0.74387	1.0390	477.94	0.024586	3.5925e-05	0.049605	supercritical
581.00	142.00	90.510	0.011049	379.48	536.37	5.7394	0.74415	1.0392	478.31	0.024329	3.5964e-05	0.049664	supercritical
582.00	142.00	90.350	0.011068	380.24	537.41	5.7411	0.74443	1.0393	478.67	0.024073	3.6002e-05	0.049723	supercritical
583.00	142.00	90.192	0.011087	381.00	538.45	5.7429	0.74471	1.0394	479.03	0.023818	3.6040e-05	0.049783	supercritical
584.00	142.00	90.034	0.011107	381.77	539.49	5.7447	0.74499	1.0396	479.40	0.023564	3.6079e-05	0.049842	supercritical
585.00	142.00	89.877	0.011126	382.53	540.53	5.7465	0.74527	1.0397	479.76	0.023311	3.6117e-05	0.049901	supercritical
586.00	142.00	89.720	0.011146	383.30	541.56	5.7483	0.74555	1.0399	480.12	0.023059	3.6156e-05	0.049960	supercritical
587.00	142.00	89.564	0.011165	384.06	542.60	5.7500	0.74583	1.0400	480.49	0.022808	3.6194e-05	0.050019	supercritical
588.00	142.00	89.409	0.011185	384.82	543.64	5.7518	0.74611	1.0401	480.85	0.022558	3.6232e-05	0.050078	supercritical
589.00	142.00	89.254	0.011204	385.59	544.69	5.7536	0.74639	1.0403	481.21	0.022310	3.6271e-05	0.050137	supercritical
590.00	142.00	89.099	0.011223	386.35	545.73	5.7553	0.74667	1.0404	481.57	0.022062	3.6309e-05	0.050196	supercritical
591.00	142.00	88.945	0.011243	387.12	546.77	5.7571	0.74694	1.0406	481.93	0.021815	3.6347e-05	0.050255	supercritical
592.00	142.00	88.792	0.011262	387.88	547.81	5.7589	0.74722	1.0407	482.29	0.021569	3.6385e-05	0.050314	supercritical
593.00	142.00	88.639	0.011282	388.65	548.85	5.7606	0.74750	1.0408	482.65	0.021324	3.6423e-05	0.050373	supercritical
594.00	142.00	88.487	0.011301	389.41	549.89	5.7624	0.74778	1.0410	483.01	0.021080	3.6462e-05	0.050432	supercritical
595.00	142.00	88.336	0.011320	390.18	550.93	5.7641	0.74806	1.0411	483.37	0.020838	3.6500e-05	0.050491	supercritical
596.00	142.00	88.185	0.011340	390.94	551.97	5.7659	0.74833	1.0413	483.73	0.020596	3.6538e-05	0.050550	supercritical
597.00	142.00	88.034	0.011359	391.71	553.01	5.7676	0.74861	1.0414	484.09	0.020355	3.6576e-05	0.050609	supercritical
598.00	142.00	87.884	0.011379	392.48	554.05	5.7694	0.74889	1.0416	484.45	0.020115	3.6614e-05	0.050668	supercritical
599.00	142.00	87.735	0.011398	393.24	555.10	5.7711	0.74916	1.0417	484.81	0.019876	3.6652e-05	0.050727	supercritical
600.00	142.00	87.586	0.011417	394.01	556.14	5.7728	0.74944	1.0418	485.17	0.019638	3.6690e-05	0.050786	supercritical
