Temperature (K)	Pressure (bar)	Density (kg/m3)	Volume (m3/kg)	Internal Energy (kJ/kg)	Enthalpy (kJ/kg)	Entropy (J/g*K)	Cv (J/g*K)	Cp (J/g*K)	Sound Spd. (m/s)	Joule-Thomson (K/bar)	Viscosity (Pa*s)	Therm. Cond. (W/m*K)	Phase
60.000	91.000	1292.7	0.00077358	-185.58	-178.54	2.2334	1.0920	1.6546	1152.1	-0.037577	0.00062096	0.19760	liquid
61.000	91.000	1288.4	0.00077613	-183.95	-176.89	2.2608	1.0838	1.6566	1148.2	-0.037419	0.00059173	0.19627	liquid
62.000	91.000	1284.2	0.00077870	-182.31	-175.23	2.2878	1.0764	1.6583	1143.6	-0.037277	0.00056444	0.19494	liquid
63.000	91.000	1279.9	0.00078131	-180.68	-173.57	2.3143	1.0696	1.6596	1138.4	-0.037148	0.00053896	0.19361	liquid
64.000	91.000	1275.6	0.00078393	-179.04	-171.91	2.3404	1.0634	1.6605	1132.8	-0.037030	0.00051514	0.19228	liquid
65.000	91.000	1271.3	0.00078659	-177.41	-170.25	2.3662	1.0576	1.6611	1126.8	-0.036921	0.00049287	0.19094	liquid
66.000	91.000	1267.0	0.00078927	-175.77	-168.59	2.3916	1.0520	1.6615	1120.5	-0.036818	0.00047204	0.18961	liquid
67.000	91.000	1262.7	0.00079197	-174.13	-166.93	2.4165	1.0467	1.6616	1113.9	-0.036721	0.00045252	0.18828	liquid
68.000	91.000	1258.3	0.00079469	-172.50	-165.26	2.4412	1.0416	1.6615	1107.1	-0.036628	0.00043423	0.18695	liquid
69.000	91.000	1254.0	0.00079744	-170.86	-163.60	2.4654	1.0366	1.6612	1100.2	-0.036536	0.00041708	0.18562	liquid
70.000	91.000	1249.7	0.00080022	-169.22	-161.94	2.4893	1.0317	1.6609	1093.2	-0.036445	0.00040097	0.18429	liquid
71.000	91.000	1245.3	0.00080301	-167.59	-160.28	2.5129	1.0270	1.6604	1086.1	-0.036354	0.00038583	0.18296	liquid
72.000	91.000	1241.0	0.00080583	-165.95	-158.62	2.5361	1.0223	1.6599	1078.9	-0.036260	0.00037159	0.18163	liquid
73.000	91.000	1236.6	0.00080868	-164.32	-156.96	2.5590	1.0177	1.6594	1071.7	-0.036164	0.00035818	0.18030	liquid
74.000	91.000	1232.2	0.00081155	-162.69	-155.30	2.5816	1.0131	1.6589	1064.4	-0.036065	0.00034554	0.17897	liquid
75.000	91.000	1227.8	0.00081444	-161.05	-153.64	2.6038	1.0086	1.6583	1057.1	-0.035961	0.00033361	0.17764	liquid
76.000	91.000	1223.4	0.00081736	-159.42	-151.99	2.6258	1.0042	1.6578	1049.7	-0.035852	0.00032235	0.17631	liquid
77.000	91.000	1219.1	0.00082031	-157.79	-150.33	2.6474	0.99977	1.6574	1042.4	-0.035737	0.00031170	0.17498	liquid
78.000	91.000	1214.6	0.00082328	-156.16	-148.67	2.6688	0.99543	1.6570	1035.0	-0.035616	0.00030162	0.17365	liquid
79.000	91.000	1210.2	0.00082629	-154.53	-147.01	2.6899	0.99113	1.6567	1027.6	-0.035488	0.00029208	0.17232	liquid
80.000	91.000	1205.8	0.00082932	-152.90	-145.36	2.7108	0.98688	1.6564	1020.2	-0.035352	0.00028303	0.17099	liquid
81.000	91.000	1201.4	0.00083238	-151.28	-143.70	2.7314	0.98268	1.6563	1012.9	-0.035209	0.00027444	0.16965	liquid
82.000	91.000	1196.9	0.00083547	-149.65	-142.04	2.7517	0.97852	1.6562	1005.5	-0.035057	0.00026628	0.16832	liquid
83.000	91.000	1192.5	0.00083860	-148.02	-140.39	2.7717	0.97442	1.6563	998.11	-0.034897	0.00025852	0.16699	liquid
84.000	91.000	1188.0	0.00084175	-146.39	-138.73	2.7916	0.97036	1.6565	990.73	-0.034727	0.00025113	0.16565	liquid
85.000	91.000	1183.5	0.00084494	-144.76	-137.08	2.8112	0.96635	1.6568	983.35	-0.034549	0.00024409	0.16432	liquid
86.000	91.000	1179.0	0.00084817	-143.14	-135.42	2.8306	0.96239	1.6572	975.97	-0.034360	0.00023737	0.16298	liquid
87.000	91.000	1174.5	0.00085143	-141.51	-133.76	2.8497	0.95847	1.6577	968.59	-0.034162	0.00023096	0.16164	liquid
88.000	91.000	1170.0	0.00085472	-139.88	-132.10	2.8687	0.95461	1.6584	961.22	-0.033953	0.00022483	0.16030	liquid
89.000	91.000	1165.4	0.00085805	-138.25	-130.44	2.8874	0.95079	1.6592	953.84	-0.033733	0.00021897	0.15896	liquid
90.000	91.000	1160.9	0.00086143	-136.62	-128.78	2.9060	0.94702	1.6601	946.47	-0.033502	0.00021335	0.15762	liquid
91.000	91.000	1156.3	0.00086484	-134.99	-127.12	2.9243	0.94331	1.6611	939.09	-0.033260	0.00020797	0.15628	liquid
92.000	91.000	1151.7	0.00086829	-133.36	-125.46	2.9425	0.93963	1.6623	931.71	-0.033006	0.00020281	0.15494	liquid
93.000	91.000	1147.1	0.00087179	-131.73	-123.80	2.9605	0.93601	1.6637	924.32	-0.032739	0.00019785	0.15360	liquid
94.000	91.000	1142.4	0.00087533	-130.10	-122.13	2.9783	0.93244	1.6652	916.94	-0.032461	0.00019309	0.15225	liquid
95.000	91.000	1137.8	0.00087891	-128.47	-120.47	2.9959	0.92891	1.6668	909.54	-0.032169	0.00018851	0.15091	liquid
96.000	91.000	1133.1	0.00088254	-126.83	-118.80	3.0134	0.92543	1.6686	902.14	-0.031864	0.00018409	0.14956	liquid
97.000	91.000	1128.4	0.00088622	-125.20	-117.13	3.0307	0.92200	1.6705	894.73	-0.031545	0.00017984	0.14821	liquid
98.000	91.000	1123.7	0.00088995	-123.56	-115.46	3.0478	0.91862	1.6726	887.32	-0.031213	0.00017574	0.14686	liquid
99.000	91.000	1118.9	0.00089373	-121.92	-113.79	3.0648	0.91528	1.6749	879.89	-0.030865	0.00017179	0.14551	liquid
100.00	91.000	1114.1	0.00089756	-120.28	-112.11	3.0816	0.91199	1.6773	872.45	-0.030503	0.00016796	0.14416	liquid
101.00	91.000	1109.3	0.00090145	-118.63	-110.43	3.0983	0.90874	1.6798	865.01	-0.030125	0.00016427	0.14281	liquid
102.00	91.000	1104.5	0.00090539	-116.99	-108.75	3.1149	0.90554	1.6826	857.55	-0.029731	0.00016069	0.14145	liquid
103.00	91.000	1099.6	0.00090939	-115.34	-107.07	3.1313	0.90239	1.6855	850.07	-0.029320	0.00015723	0.14010	liquid
104.00	91.000	1094.7	0.00091346	-113.69	-105.38	3.1476	0.89928	1.6885	842.58	-0.028892	0.00015387	0.13875	liquid
105.00	91.000	1089.8	0.00091758	-112.04	-103.69	3.1638	0.89621	1.6918	835.07	-0.028446	0.00015061	0.13739	liquid
106.00	91.000	1084.9	0.00092177	-110.38	-102.00	3.1799	0.89319	1.6952	827.55	-0.027981	0.00014746	0.13603	liquid
107.00	91.000	1079.9	0.00092602	-108.73	-100.30	3.1958	0.89022	1.6989	820.01	-0.027497	0.00014439	0.13468	liquid
108.00	91.000	1074.9	0.00093035	-107.06	-98.598	3.2116	0.88728	1.7027	812.45	-0.026993	0.00014140	0.13332	liquid
109.00	91.000	1069.8	0.00093474	-105.40	-96.893	3.2273	0.88440	1.7067	804.87	-0.026468	0.00013850	0.13196	liquid
110.00	91.000	1064.7	0.00093921	-103.73	-95.185	3.2429	0.88155	1.7109	797.26	-0.025921	0.00013568	0.13061	liquid
111.00	91.000	1059.6	0.00094375	-102.06	-93.471	3.2584	0.87875	1.7154	789.64	-0.025352	0.00013293	0.12926	liquid
112.00	91.000	1054.4	0.00094838	-100.38	-91.754	3.2738	0.87599	1.7200	781.98	-0.024759	0.00013025	0.12791	liquid
113.00	91.000	1049.2	0.00095309	-98.704	-90.031	3.2891	0.87328	1.7249	774.31	-0.024142	0.00012764	0.12655	liquid
114.00	91.000	1044.0	0.00095788	-97.020	-88.304	3.3044	0.87061	1.7301	766.61	-0.023499	0.00012509	0.12520	liquid
115.00	91.000	1038.7	0.00096276	-95.332	-86.571	3.3195	0.86799	1.7354	758.88	-0.022828	0.00012261	0.12385	liquid
116.00	91.000	1033.3	0.00096773	-93.639	-84.833	3.3345	0.86540	1.7411	751.12	-0.022130	0.00012018	0.12249	liquid
117.00	91.000	1028.0	0.00097280	-91.941	-83.089	3.3495	0.86287	1.7470	743.32	-0.021402	0.00011780	0.12114	liquid
118.00	91.000	1022.5	0.00097797	-90.238	-81.339	3.3644	0.86038	1.7532	735.50	-0.020643	0.00011548	0.11979	liquid
119.00	91.000	1017.0	0.00098325	-88.530	-79.582	3.3792	0.85793	1.7597	727.65	-0.019852	0.00011321	0.11843	liquid
120.00	91.000	1011.5	0.00098863	-86.816	-77.819	3.3940	0.85553	1.7664	719.76	-0.019026	0.00011099	0.11708	liquid
121.00	91.000	1005.9	0.00099412	-85.096	-76.049	3.4087	0.85317	1.7736	711.83	-0.018165	0.00010881	0.11573	liquid
122.00	91.000	1000.3	0.00099974	-83.370	-74.272	3.4233	0.85087	1.7810	703.87	-0.017265	0.00010668	0.11438	liquid
123.00	91.000	994.56	0.0010055	-81.637	-72.487	3.4379	0.84861	1.7888	695.86	-0.016326	0.00010459	0.11303	liquid
124.00	91.000	988.79	0.0010113	-79.898	-70.694	3.4524	0.84639	1.7970	687.82	-0.015345	0.00010254	0.11168	liquid
125.00	91.000	982.96	0.0010173	-78.151	-68.893	3.4669	0.84423	1.8056	679.73	-0.014320	0.00010053	0.11033	liquid
126.00	91.000	977.06	0.0010235	-76.397	-67.083	3.4813	0.84212	1.8146	671.60	-0.013247	9.8555e-05	0.10899	liquid
127.00	91.000	971.09	0.0010298	-74.635	-65.264	3.4957	0.84006	1.8241	663.42	-0.012125	9.6618e-05	0.10764	liquid
128.00	91.000	965.05	0.0010362	-72.864	-63.435	3.5100	0.83805	1.8341	655.20	-0.010950	9.4714e-05	0.10630	liquid
129.00	91.000	958.93	0.0010428	-71.085	-61.595	3.5243	0.83609	1.8445	646.92	-0.0097197	9.2844e-05	0.10496	liquid
130.00	91.000	952.73	0.0010496	-69.297	-59.745	3.5386	0.83419	1.8555	638.59	-0.0084299	9.1006e-05	0.10361	liquid
131.00	91.000	946.46	0.0010566	-67.499	-57.884	3.5529	0.83235	1.8671	630.21	-0.0070769	8.9198e-05	0.10227	liquid
132.00	91.000	940.09	0.0010637	-65.691	-56.011	3.5671	0.83057	1.8792	621.78	-0.0056567	8.7420e-05	0.10094	liquid
133.00	91.000	933.63	0.0010711	-63.872	-54.125	3.5813	0.82885	1.8921	613.28	-0.0041649	8.5670e-05	0.099601	liquid
134.00	91.000	927.08	0.0010787	-62.042	-52.227	3.5956	0.82719	1.9056	604.72	-0.0025965	8.3947e-05	0.098267	liquid
135.00	91.000	920.43	0.0010864	-60.201	-50.314	3.6098	0.82560	1.9199	596.10	-0.00094628	8.2250e-05	0.096934	liquid
136.00	91.000	913.67	0.0010945	-58.346	-48.387	3.6240	0.82407	1.9350	587.41	0.00079164	8.0578e-05	0.095604	liquid
137.00	91.000	906.80	0.0011028	-56.479	-46.444	3.6382	0.82262	1.9510	578.66	0.0026236	7.8930e-05	0.094276	liquid
138.00	91.000	899.82	0.0011113	-54.597	-44.484	3.6525	0.82124	1.9680	569.83	0.0045568	7.7305e-05	0.092951	liquid
139.00	91.000	892.71	0.0011202	-52.701	-42.507	3.6668	0.81994	1.9860	560.93	0.0065987	7.5703e-05	0.091627	liquid
140.00	91.000	885.47	0.0011293	-50.789	-40.512	3.6811	0.81872	2.0051	551.95	0.0087580	7.4122e-05	0.090306	liquid
141.00	91.000	878.09	0.0011388	-48.860	-38.497	3.6954	0.81759	2.0254	542.89	0.011044	7.2561e-05	0.088987	liquid
142.00	91.000	870.56	0.0011487	-46.914	-36.461	3.7098	0.81655	2.0470	533.75	0.013467	7.1019e-05	0.087670	liquid
143.00	91.000	862.88	0.0011589	-44.948	-34.402	3.7243	0.81561	2.0702	524.52	0.016039	6.9496e-05	0.086356	liquid
144.00	91.000	855.03	0.0011695	-42.963	-32.320	3.7388	0.81477	2.0949	515.20	0.018772	6.7991e-05	0.085044	liquid
145.00	91.000	847.01	0.0011806	-40.956	-30.212	3.7534	0.81403	2.1213	505.79	0.021682	6.6502e-05	0.083734	liquid
146.00	91.000	838.80	0.0011922	-38.925	-28.077	3.7680	0.81342	2.1497	496.28	0.024782	6.5028e-05	0.082427	liquid
147.00	91.000	830.38	0.0012043	-36.871	-25.912	3.7828	0.81292	2.1802	486.68	0.028093	6.3570e-05	0.081121	liquid
148.00	91.000	821.75	0.0012169	-34.789	-23.715	3.7977	0.81256	2.2131	476.97	0.031632	6.2125e-05	0.079817	liquid
149.00	91.000	812.88	0.0012302	-32.680	-21.485	3.8127	0.81234	2.2485	467.16	0.035423	6.0692e-05	0.078516	liquid
150.00	91.000	803.77	0.0012441	-30.539	-19.217	3.8279	0.81227	2.2869	457.25	0.039490	5.9271e-05	0.077215	liquid
151.00	91.000	794.38	0.0012588	-28.365	-16.910	3.8432	0.81236	2.3286	447.24	0.043862	5.7861e-05	0.075916	liquid
152.00	91.000	784.70	0.0012744	-26.156	-14.559	3.8587	0.81263	2.3739	437.12	0.048570	5.6459e-05	0.074618	liquid
153.00	91.000	774.70	0.0012908	-23.907	-12.161	3.8745	0.81307	2.4232	426.91	0.053649	5.5066e-05	0.073320	liquid
154.00	91.000	764.36	0.0013083	-21.616	-9.7109	3.8904	0.81371	2.4772	416.60	0.059141	5.3679e-05	0.072023	liquid
155.00	91.000	753.65	0.0013269	-19.279	-7.2046	3.9066	0.81455	2.5363	406.20	0.065089	5.2297e-05	0.070725	supercritical
156.00	91.000	742.53	0.0013467	-16.892	-4.6364	3.9232	0.81561	2.6012	395.72	0.071545	5.0919e-05	0.069425	supercritical
157.00	91.000	730.96	0.0013681	-14.449	-1.9999	3.9400	0.81689	2.6727	385.17	0.078566	4.9543e-05	0.068124	supercritical
158.00	91.000	718.91	0.0013910	-11.946	0.71159	3.9572	0.81840	2.7516	374.57	0.086215	4.8167e-05	0.066821	supercritical
159.00	91.000	706.33	0.0014158	-9.3776	3.5060	3.9748	0.82013	2.8387	363.94	0.094562	4.6790e-05	0.065513	supercritical
160.00	91.000	693.16	0.0014427	-6.7363	6.3919	3.9929	0.82209	2.9348	353.31	0.10368	4.5410e-05	0.064200	supercritical
161.00	91.000	679.37	0.0014720	-4.0160	9.3788	4.0116	0.82426	3.0407	342.72	0.11365	4.4026e-05	0.062882	supercritical
162.00	91.000	664.89	0.0015040	-1.2097	12.477	4.0307	0.82662	3.1568	332.19	0.12456	4.2635e-05	0.061555	supercritical
163.00	91.000	649.69	0.0015392	1.6891	15.696	4.0505	0.82915	3.2832	321.80	0.13647	4.1239e-05	0.060219	supercritical
164.00	91.000	633.71	0.0015780	4.6863	19.046	4.0710	0.83180	3.4190	311.62	0.14945	3.9836e-05	0.058871	supercritical
165.00	91.000	616.93	0.0016209	7.7858	22.536	4.0923	0.83450	3.5621	301.72	0.16354	3.8429e-05	0.057509	supercritical
166.00	91.000	599.36	0.0016684	10.989	26.172	4.1142	0.83717	3.7087	292.21	0.17874	3.7021e-05	0.056130	supercritical
167.00	91.000	581.04	0.0017211	14.292	29.953	4.1369	0.83970	3.8533	283.20	0.19501	3.5618e-05	0.054732	supercritical
168.00	91.000	562.06	0.0017792	17.684	33.875	4.1603	0.84193	3.9879	274.81	0.21225	3.4229e-05	0.053311	supercritical
169.00	91.000	542.58	0.0018431	21.150	37.922	4.1844	0.84368	4.1026	267.17	0.23026	3.2866e-05	0.051869	supercritical
170.00	91.000	522.81	0.0019127	24.664	42.070	4.2088	0.84476	4.1865	260.38	0.24873	3.1543e-05	0.050407	supercritical
171.00	91.000	503.04	0.0019879	28.191	46.281	4.2335	0.84501	4.2290	254.52	0.26729	3.0277e-05	0.048931	supercritical
172.00	91.000	483.58	0.0020679	31.694	50.512	4.2582	0.84429	4.2228	249.64	0.28546	2.9085e-05	0.047455	supercritical
173.00	91.000	464.74	0.0021517	35.130	54.710	4.2825	0.84259	4.1669	245.71	0.30279	2.7980e-05	0.045995	supercritical
174.00	91.000	446.78	0.0022382	38.463	58.831	4.3063	0.83997	4.0670	242.68	0.31888	2.6973e-05	0.044574	supercritical
175.00	91.000	429.90	0.0023261	41.665	62.833	4.3292	0.83657	3.9340	240.45	0.33349	2.6067e-05	0.043212	supercritical
176.00	91.000	414.18	0.0024144	44.721	66.692	4.3512	0.83259	3.7808	238.89	0.34648	2.5261e-05	0.041928	supercritical
177.00	91.000	399.65	0.0025022	47.622	70.392	4.3722	0.82819	3.6186	237.89	0.35786	2.4549e-05	0.040733	supercritical
178.00	91.000	386.27	0.0025889	50.371	73.929	4.3921	0.82354	3.4562	237.33	0.36770	2.3923e-05	0.039630	supercritical
179.00	91.000	373.97	0.0026740	52.973	77.306	4.4110	0.81876	3.2994	237.13	0.37612	2.3374e-05	0.038621	supercritical
180.00	91.000	362.67	0.0027573	55.439	80.531	4.4290	0.81395	3.1513	237.21	0.38326	2.2893e-05	0.037700	supercritical
181.00	91.000	352.26	0.0028388	57.779	83.612	4.4461	0.80916	3.0134	237.52	0.38926	2.2470e-05	0.036863	supercritical
182.00	91.000	342.66	0.0029183	60.005	86.561	4.4623	0.80445	2.8864	237.99	0.39424	2.2098e-05	0.036102	supercritical
183.00	91.000	333.79	0.0029959	62.126	89.389	4.4778	0.79985	2.7698	238.61	0.39833	2.1771e-05	0.035411	supercritical
184.00	91.000	325.56	0.0030716	64.152	92.104	4.4926	0.79538	2.6632	239.33	0.40163	2.1483e-05	0.034782	supercritical
185.00	91.000	317.91	0.0031456	66.093	94.718	4.5068	0.79106	2.5657	240.13	0.40425	2.1228e-05	0.034209	supercritical
186.00	91.000	310.77	0.0032178	67.956	97.238	4.5204	0.78687	2.4765	241.00	0.40626	2.1002e-05	0.033688	supercritical
187.00	91.000	304.10	0.0032884	69.749	99.674	4.5334	0.78284	2.3950	241.93	0.40773	2.0802e-05	0.033212	supercritical
188.00	91.000	297.85	0.0033574	71.478	102.03	4.5460	0.77896	2.3202	242.90	0.40874	2.0625e-05	0.032777	supercritical
189.00	91.000	291.97	0.0034250	73.148	104.32	4.5581	0.77523	2.2515	243.90	0.40934	2.0468e-05	0.032379	supercritical
190.00	91.000	286.43	0.0034912	74.765	106.54	4.5698	0.77164	2.1883	244.93	0.40957	2.0328e-05	0.032014	supercritical
191.00	91.000	281.20	0.0035562	76.333	108.69	4.5812	0.76819	2.1301	245.97	0.40948	2.0204e-05	0.031679	supercritical
192.00	91.000	276.26	0.0036198	77.857	110.80	4.5921	0.76488	2.0763	247.04	0.40912	2.0094e-05	0.031372	supercritical
193.00	91.000	271.56	0.0036824	79.339	112.85	4.6028	0.76170	2.0265	248.11	0.40850	1.9996e-05	0.031089	supercritical
194.00	91.000	267.11	0.0037438	80.783	114.85	4.6131	0.75865	1.9802	249.19	0.40766	1.9909e-05	0.030829	supercritical
195.00	91.000	262.87	0.0038042	82.191	116.81	4.6232	0.75572	1.9372	250.27	0.40663	1.9833e-05	0.030590	supercritical
196.00	91.000	258.82	0.0038636	83.568	118.73	4.6330	0.75290	1.8972	251.36	0.40543	1.9766e-05	0.030369	supercritical
197.00	91.000	254.96	0.0039221	84.914	120.60	4.6426	0.75020	1.8598	252.45	0.40408	1.9706e-05	0.030166	supercritical
198.00	91.000	251.27	0.0039798	86.231	122.45	4.6519	0.74761	1.8249	253.53	0.40259	1.9655e-05	0.029978	supercritical
199.00	91.000	247.74	0.0040366	87.523	124.26	4.6610	0.74511	1.7921	254.62	0.40098	1.9610e-05	0.029805	supercritical
200.00	91.000	244.35	0.0040926	88.790	126.03	4.6699	0.74272	1.7614	255.70	0.39928	1.9571e-05	0.029645	supercritical
201.00	91.000	241.09	0.0041478	90.034	127.78	4.6786	0.74042	1.7325	256.78	0.39747	1.9538e-05	0.029498	supercritical
202.00	91.000	237.96	0.0042024	91.256	129.50	4.6872	0.73821	1.7054	257.86	0.39559	1.9510e-05	0.029362	supercritical
203.00	91.000	234.95	0.0042562	92.458	131.19	4.6955	0.73608	1.6797	258.92	0.39364	1.9487e-05	0.029237	supercritical
204.00	91.000	232.05	0.0043095	93.642	132.86	4.7037	0.73403	1.6555	259.99	0.39163	1.9469e-05	0.029121	supercritical
205.00	91.000	229.25	0.0043621	94.807	134.50	4.7118	0.73207	1.6326	261.05	0.38956	1.9454e-05	0.029015	supercritical
206.00	91.000	226.55	0.0044141	95.955	136.12	4.7196	0.73017	1.6110	262.10	0.38744	1.9443e-05	0.028917	supercritical
207.00	91.000	223.94	0.0044655	97.088	137.72	4.7274	0.72835	1.5905	263.15	0.38528	1.9436e-05	0.028827	supercritical
208.00	91.000	221.41	0.0045164	98.205	139.30	4.7350	0.72660	1.5710	264.19	0.38309	1.9432e-05	0.028745	supercritical
209.00	91.000	218.97	0.0045668	99.308	140.87	4.7425	0.72491	1.5525	265.22	0.38087	1.9431e-05	0.028670	supercritical
210.00	91.000	216.60	0.0046167	100.40	142.41	4.7499	0.72328	1.5348	266.25	0.37862	1.9432e-05	0.028601	supercritical
211.00	91.000	214.31	0.0046661	101.47	143.94	4.7571	0.72171	1.5181	267.27	0.37636	1.9437e-05	0.028538	supercritical
212.00	91.000	212.08	0.0047151	102.54	145.45	4.7643	0.72020	1.5021	268.28	0.37407	1.9443e-05	0.028480	supercritical
213.00	91.000	209.92	0.0047636	103.59	146.94	4.7713	0.71874	1.4868	269.28	0.37177	1.9452e-05	0.028429	supercritical
214.00	91.000	207.82	0.0048118	104.63	148.42	4.7782	0.71734	1.4723	270.28	0.36946	1.9463e-05	0.028382	supercritical
215.00	91.000	205.78	0.0048595	105.66	149.89	4.7851	0.71598	1.4583	271.28	0.36714	1.9476e-05	0.028340	supercritical
216.00	91.000	203.80	0.0049068	106.69	151.34	4.7918	0.71467	1.4450	272.26	0.36482	1.9491e-05	0.028302	supercritical
217.00	91.000	201.87	0.0049537	107.70	152.78	4.7984	0.71341	1.4323	273.24	0.36249	1.9507e-05	0.028269	supercritical
218.00	91.000	199.99	0.0050003	108.70	154.20	4.8050	0.71219	1.4200	274.21	0.36016	1.9525e-05	0.028240	supercritical
219.00	91.000	198.16	0.0050465	109.69	155.62	4.8115	0.71102	1.4083	275.18	0.35784	1.9545e-05	0.028214	supercritical
220.00	91.000	196.37	0.0050924	110.68	157.02	4.8179	0.70988	1.3971	276.14	0.35551	1.9566e-05	0.028192	supercritical
221.00	91.000	194.63	0.0051380	111.65	158.41	4.8242	0.70878	1.3863	277.09	0.35319	1.9588e-05	0.028174	supercritical
222.00	91.000	192.93	0.0051832	112.62	159.79	4.8304	0.70772	1.3759	278.04	0.35087	1.9612e-05	0.028158	supercritical
223.00	91.000	191.27	0.0052281	113.59	161.16	4.8366	0.70670	1.3659	278.98	0.34856	1.9637e-05	0.028146	supercritical
224.00	91.000	189.65	0.0052728	114.54	162.52	4.8427	0.70571	1.3563	279.91	0.34625	1.9663e-05	0.028137	supercritical
225.00	91.000	188.07	0.0053172	115.49	163.87	4.8487	0.70475	1.3470	280.84	0.34395	1.9690e-05	0.028130	supercritical
226.00	91.000	186.52	0.0053612	116.43	165.22	4.8546	0.70382	1.3381	281.76	0.34166	1.9718e-05	0.028126	supercritical
227.00	91.000	185.01	0.0054051	117.36	166.55	4.8605	0.70293	1.3295	282.67	0.33939	1.9747e-05	0.028124	supercritical
228.00	91.000	183.53	0.0054486	118.29	167.88	4.8663	0.70206	1.3212	283.58	0.33712	1.9777e-05	0.028125	supercritical
229.00	91.000	182.09	0.0054919	119.22	169.19	4.8721	0.70122	1.3131	284.48	0.33486	1.9808e-05	0.028128	supercritical
230.00	91.000	180.67	0.0055350	120.13	170.50	4.8778	0.70041	1.3054	285.38	0.33262	1.9840e-05	0.028134	supercritical
231.00	91.000	179.28	0.0055778	121.05	171.80	4.8835	0.69963	1.2979	286.27	0.33038	1.9872e-05	0.028141	supercritical
232.00	91.000	177.92	0.0056204	121.95	173.10	4.8890	0.69887	1.2907	287.16	0.32816	1.9905e-05	0.028150	supercritical
233.00	91.000	176.59	0.0056628	122.85	174.39	4.8946	0.69813	1.2837	288.04	0.32595	1.9939e-05	0.028161	supercritical
234.00	91.000	175.29	0.0057049	123.75	175.67	4.9001	0.69742	1.2769	288.91	0.32376	1.9974e-05	0.028174	supercritical
235.00	91.000	174.01	0.0057469	124.64	176.94	4.9055	0.69673	1.2704	289.78	0.32158	2.0009e-05	0.028189	supercritical
236.00	91.000	172.75	0.0057886	125.53	178.21	4.9109	0.69606	1.2640	290.65	0.31941	2.0045e-05	0.028205	supercritical
237.00	91.000	171.52	0.0058302	126.41	179.47	4.9162	0.69542	1.2579	291.51	0.31726	2.0081e-05	0.028223	supercritical
238.00	91.000	170.31	0.0058715	127.29	180.72	4.9215	0.69479	1.2519	292.36	0.31512	2.0118e-05	0.028243	supercritical
239.00	91.000	169.13	0.0059126	128.17	181.97	4.9267	0.69419	1.2461	293.21	0.31300	2.0155e-05	0.028263	supercritical
240.00	91.000	167.97	0.0059536	129.04	183.21	4.9319	0.69360	1.2405	294.05	0.31089	2.0193e-05	0.028286	supercritical
241.00	91.000	166.82	0.0059944	129.90	184.45	4.9371	0.69303	1.2351	294.89	0.30879	2.0231e-05	0.028309	supercritical
242.00	91.000	165.70	0.0060350	130.77	185.69	4.9422	0.69248	1.2298	295.73	0.30672	2.0270e-05	0.028334	supercritical
243.00	91.000	164.60	0.0060755	131.63	186.91	4.9472	0.69195	1.2247	296.55	0.30465	2.0309e-05	0.028360	supercritical
244.00	91.000	163.51	0.0061157	132.48	188.13	4.9523	0.69143	1.2197	297.38	0.30260	2.0349e-05	0.028387	supercritical
245.00	91.000	162.45	0.0061558	133.33	189.35	4.9572	0.69093	1.2149	298.20	0.30057	2.0389e-05	0.028416	supercritical
246.00	91.000	161.40	0.0061958	134.18	190.56	4.9622	0.69044	1.2102	299.01	0.29855	2.0429e-05	0.028445	supercritical
247.00	91.000	160.37	0.0062356	135.03	191.77	4.9671	0.68997	1.2056	299.83	0.29654	2.0470e-05	0.028476	supercritical
248.00	91.000	159.36	0.0062752	135.87	192.98	4.9719	0.68952	1.2011	300.63	0.29455	2.0511e-05	0.028507	supercritical
249.00	91.000	158.36	0.0063147	136.71	194.17	4.9768	0.68908	1.1968	301.43	0.29258	2.0552e-05	0.028540	supercritical
250.00	91.000	157.38	0.0063541	137.55	195.37	4.9815	0.68865	1.1926	302.23	0.29062	2.0594e-05	0.028573	supercritical
251.00	91.000	156.41	0.0063933	138.38	196.56	4.9863	0.68824	1.1885	303.02	0.28867	2.0636e-05	0.028608	supercritical
252.00	91.000	155.46	0.0064324	139.21	197.75	4.9910	0.68784	1.1845	303.81	0.28674	2.0678e-05	0.028643	supercritical
253.00	91.000	154.53	0.0064713	140.04	198.93	4.9957	0.68745	1.1806	304.60	0.28483	2.0721e-05	0.028679	supercritical
254.00	91.000	153.61	0.0065101	140.87	200.11	5.0003	0.68707	1.1768	305.38	0.28293	2.0764e-05	0.028716	supercritical
255.00	91.000	152.70	0.0065488	141.69	201.28	5.0050	0.68671	1.1731	306.16	0.28104	2.0807e-05	0.028754	supercritical
256.00	91.000	151.81	0.0065873	142.51	202.45	5.0095	0.68636	1.1695	306.93	0.27917	2.0850e-05	0.028792	supercritical
257.00	91.000	150.93	0.0066257	143.33	203.62	5.0141	0.68602	1.1660	307.70	0.27732	2.0893e-05	0.028831	supercritical
258.00	91.000	150.06	0.0066640	144.14	204.79	5.0186	0.68569	1.1625	308.46	0.27547	2.0937e-05	0.028871	supercritical
259.00	91.000	149.20	0.0067022	144.96	205.95	5.0231	0.68537	1.1592	309.23	0.27365	2.0981e-05	0.028912	supercritical
260.00	91.000	148.36	0.0067403	145.77	207.10	5.0276	0.68507	1.1559	309.98	0.27183	2.1025e-05	0.028953	supercritical
261.00	91.000	147.53	0.0067782	146.58	208.26	5.0320	0.68477	1.1527	310.74	0.27003	2.1069e-05	0.028995	supercritical
262.00	91.000	146.71	0.0068161	147.38	209.41	5.0364	0.68448	1.1496	311.49	0.26825	2.1114e-05	0.029037	supercritical
263.00	91.000	145.90	0.0068538	148.19	210.56	5.0408	0.68420	1.1466	312.23	0.26648	2.1158e-05	0.029080	supercritical
264.00	91.000	145.11	0.0068914	148.99	211.70	5.0451	0.68393	1.1436	312.98	0.26472	2.1203e-05	0.029124	supercritical
265.00	91.000	144.32	0.0069290	149.79	212.84	5.0494	0.68368	1.1407	313.72	0.26298	2.1248e-05	0.029168	supercritical
266.00	91.000	143.55	0.0069664	150.59	213.98	5.0537	0.68343	1.1379	314.45	0.26125	2.1293e-05	0.029213	supercritical
267.00	91.000	142.78	0.0070037	151.39	215.12	5.0580	0.68319	1.1351	315.19	0.25953	2.1338e-05	0.029258	supercritical
268.00	91.000	142.03	0.0070409	152.18	216.25	5.0622	0.68295	1.1324	315.92	0.25783	2.1383e-05	0.029304	supercritical
269.00	91.000	141.28	0.0070780	152.98	217.39	5.0665	0.68273	1.1298	316.64	0.25614	2.1429e-05	0.029350	supercritical
270.00	91.000	140.55	0.0071150	153.77	218.51	5.0706	0.68251	1.1272	317.36	0.25446	2.1474e-05	0.029397	supercritical
271.00	91.000	139.82	0.0071520	154.56	219.64	5.0748	0.68231	1.1247	318.08	0.25280	2.1520e-05	0.029444	supercritical
272.00	91.000	139.11	0.0071888	155.35	220.76	5.0789	0.68211	1.1222	318.80	0.25115	2.1566e-05	0.029491	supercritical
273.00	91.000	138.40	0.0072256	156.13	221.88	5.0831	0.68191	1.1198	319.51	0.24951	2.1612e-05	0.029539	supercritical
274.00	91.000	137.70	0.0072622	156.92	223.00	5.0871	0.68173	1.1174	320.22	0.24789	2.1658e-05	0.029588	supercritical
275.00	91.000	137.01	0.0072988	157.70	224.12	5.0912	0.68155	1.1151	320.93	0.24627	2.1704e-05	0.029637	supercritical
276.00	91.000	136.33	0.0073353	158.48	225.23	5.0953	0.68138	1.1129	321.64	0.24467	2.1750e-05	0.029686	supercritical
277.00	91.000	135.65	0.0073717	159.26	226.34	5.0993	0.68122	1.1107	322.34	0.24308	2.1797e-05	0.029736	supercritical
278.00	91.000	134.99	0.0074080	160.04	227.45	5.1033	0.68106	1.1085	323.03	0.24151	2.1843e-05	0.029786	supercritical
279.00	91.000	134.33	0.0074442	160.82	228.56	5.1072	0.68091	1.1064	323.73	0.23995	2.1889e-05	0.029836	supercritical
280.00	91.000	133.68	0.0074804	161.60	229.67	5.1112	0.68077	1.1043	324.42	0.23839	2.1936e-05	0.029887	supercritical
281.00	91.000	133.04	0.0075165	162.37	230.77	5.1151	0.68063	1.1023	325.11	0.23685	2.1982e-05	0.029938	supercritical
282.00	91.000	132.41	0.0075525	163.14	231.87	5.1190	0.68050	1.1003	325.80	0.23533	2.2029e-05	0.029989	supercritical
283.00	91.000	131.78	0.0075884	163.92	232.97	5.1229	0.68038	1.0983	326.48	0.23381	2.2076e-05	0.030041	supercritical
284.00	91.000	131.16	0.0076242	164.69	234.07	5.1268	0.68026	1.0964	327.16	0.23231	2.2123e-05	0.030093	supercritical
285.00	91.000	130.55	0.0076600	165.46	235.16	5.1307	0.68015	1.0946	327.84	0.23081	2.2170e-05	0.030145	supercritical
286.00	91.000	129.94	0.0076957	166.23	236.26	5.1345	0.68005	1.0927	328.51	0.22933	2.2216e-05	0.030197	supercritical
287.00	91.000	129.34	0.0077314	166.99	237.35	5.1383	0.67995	1.0909	329.19	0.22786	2.2263e-05	0.030250	supercritical
288.00	91.000	128.75	0.0077669	167.76	238.44	5.1421	0.67985	1.0892	329.86	0.22640	2.2310e-05	0.030303	supercritical
289.00	91.000	128.17	0.0078024	168.53	239.53	5.1459	0.67976	1.0875	330.52	0.22495	2.2357e-05	0.030356	supercritical
290.00	91.000	127.59	0.0078379	169.29	240.61	5.1496	0.67968	1.0858	331.19	0.22351	2.2405e-05	0.030410	supercritical
291.00	91.000	127.01	0.0078732	170.05	241.70	5.1534	0.67960	1.0841	331.85	0.22209	2.2452e-05	0.030464	supercritical
292.00	91.000	126.45	0.0079085	170.82	242.78	5.1571	0.67953	1.0825	332.51	0.22067	2.2499e-05	0.030518	supercritical
293.00	91.000	125.89	0.0079437	171.58	243.86	5.1608	0.67946	1.0809	333.17	0.21926	2.2546e-05	0.030572	supercritical
294.00	91.000	125.33	0.0079789	172.34	244.94	5.1644	0.67940	1.0793	333.82	0.21787	2.2593e-05	0.030627	supercritical
295.00	91.000	124.78	0.0080140	173.10	246.02	5.1681	0.67934	1.0778	334.47	0.21648	2.2641e-05	0.030681	supercritical
296.00	91.000	124.24	0.0080491	173.85	247.10	5.1718	0.67929	1.0763	335.12	0.21511	2.2688e-05	0.030736	supercritical
297.00	91.000	123.70	0.0080840	174.61	248.18	5.1754	0.67924	1.0748	335.77	0.21374	2.2735e-05	0.030791	supercritical
298.00	91.000	123.17	0.0081190	175.37	249.25	5.1790	0.67920	1.0734	336.41	0.21239	2.2783e-05	0.030846	supercritical
299.00	91.000	122.64	0.0081538	176.12	250.32	5.1826	0.67916	1.0720	337.06	0.21104	2.2830e-05	0.030901	supercritical
300.00	91.000	122.12	0.0081886	176.88	251.39	5.1862	0.67913	1.0706	337.70	0.20970	2.2877e-05	0.030957	supercritical
301.00	91.000	121.60	0.0082234	177.63	252.46	5.1897	0.67910	1.0693	338.33	0.20838	2.2925e-05	0.031012	supercritical
302.00	91.000	121.09	0.0082581	178.38	253.53	5.1933	0.67908	1.0679	338.97	0.20706	2.2972e-05	0.031068	supercritical
303.00	91.000	120.59	0.0082927	179.14	254.60	5.1968	0.67906	1.0666	339.60	0.20576	2.3020e-05	0.031124	supercritical
304.00	91.000	120.09	0.0083273	179.89	255.67	5.2003	0.67904	1.0653	340.23	0.20446	2.3067e-05	0.031180	supercritical
305.00	91.000	119.59	0.0083618	180.64	256.73	5.2038	0.67903	1.0641	340.86	0.20317	2.3115e-05	0.031235	supercritical
306.00	91.000	119.10	0.0083963	181.39	257.79	5.2073	0.67903	1.0628	341.49	0.20189	2.3162e-05	0.031291	supercritical
307.00	91.000	118.61	0.0084307	182.14	258.86	5.2108	0.67902	1.0616	342.11	0.20062	2.3210e-05	0.031346	supercritical
308.00	91.000	118.13	0.0084651	182.88	259.92	5.2142	0.67902	1.0604	342.74	0.19936	2.3257e-05	0.031401	supercritical
309.00	91.000	117.65	0.0084994	183.63	260.98	5.2176	0.67903	1.0593	343.36	0.19811	2.3305e-05	0.031452	supercritical
310.00	91.000	117.18	0.0085337	184.38	262.04	5.2211	0.67904	1.0581	343.97	0.19687	2.3352e-05	0.031507	supercritical
311.00	91.000	116.71	0.0085679	185.12	263.09	5.2245	0.67905	1.0570	344.59	0.19563	2.3400e-05	0.031567	supercritical
312.00	91.000	116.25	0.0086021	185.87	264.15	5.2279	0.67907	1.0559	345.20	0.19441	2.3447e-05	0.031627	supercritical
313.00	91.000	115.79	0.0086362	186.62	265.20	5.2312	0.67909	1.0548	345.81	0.19319	2.3495e-05	0.031686	supercritical
314.00	91.000	115.34	0.0086703	187.36	266.26	5.2346	0.67912	1.0538	346.42	0.19198	2.3542e-05	0.031746	supercritical
315.00	91.000	114.89	0.0087044	188.10	267.31	5.2379	0.67914	1.0527	347.03	0.19078	2.3590e-05	0.031806	supercritical
316.00	91.000	114.44	0.0087383	188.85	268.36	5.2413	0.67918	1.0517	347.64	0.18959	2.3637e-05	0.031867	supercritical
317.00	91.000	114.00	0.0087723	189.59	269.42	5.2446	0.67921	1.0507	348.24	0.18841	2.3685e-05	0.031927	supercritical
318.00	91.000	113.56	0.0088062	190.33	270.47	5.2479	0.67925	1.0497	348.84	0.18723	2.3732e-05	0.031987	supercritical
319.00	91.000	113.12	0.0088400	191.07	271.52	5.2512	0.67929	1.0488	349.44	0.18607	2.3780e-05	0.032048	supercritical
320.00	91.000	112.69	0.0088738	191.81	272.56	5.2545	0.67934	1.0478	350.04	0.18491	2.3827e-05	0.032108	supercritical
321.00	91.000	112.26	0.0089076	192.55	273.61	5.2578	0.67939	1.0469	350.63	0.18376	2.3875e-05	0.032169	supercritical
322.00	91.000	111.84	0.0089413	193.29	274.66	5.2610	0.67944	1.0460	351.23	0.18261	2.3922e-05	0.032230	supercritical
323.00	91.000	111.42	0.0089750	194.03	275.70	5.2643	0.67950	1.0451	351.82	0.18148	2.3970e-05	0.032290	supercritical
324.00	91.000	111.00	0.0090086	194.77	276.75	5.2675	0.67956	1.0442	352.41	0.18035	2.4017e-05	0.032351	supercritical
325.00	91.000	110.59	0.0090422	195.51	277.79	5.2707	0.67962	1.0434	353.00	0.17923	2.4065e-05	0.032412	supercritical
326.00	91.000	110.18	0.0090758	196.24	278.83	5.2739	0.67969	1.0425	353.59	0.17812	2.4112e-05	0.032473	supercritical
327.00	91.000	109.78	0.0091093	196.98	279.88	5.2771	0.67976	1.0417	354.17	0.17702	2.4159e-05	0.032535	supercritical
328.00	91.000	109.38	0.0091428	197.72	280.92	5.2803	0.67983	1.0409	354.75	0.17592	2.4207e-05	0.032596	supercritical
329.00	91.000	108.98	0.0091762	198.45	281.96	5.2834	0.67991	1.0401	355.33	0.17483	2.4254e-05	0.032657	supercritical
330.00	91.000	108.58	0.0092096	199.19	283.00	5.2866	0.67999	1.0393	355.91	0.17375	2.4302e-05	0.032719	supercritical
331.00	91.000	108.19	0.0092430	199.93	284.04	5.2897	0.68007	1.0385	356.49	0.17267	2.4349e-05	0.032780	supercritical
332.00	91.000	107.80	0.0092763	200.66	285.07	5.2929	0.68015	1.0378	357.07	0.17160	2.4396e-05	0.032842	supercritical
333.00	91.000	107.42	0.0093096	201.40	286.11	5.2960	0.68024	1.0370	357.64	0.17054	2.4444e-05	0.032903	supercritical
334.00	91.000	107.03	0.0093428	202.13	287.15	5.2991	0.68033	1.0363	358.21	0.16949	2.4491e-05	0.032965	supercritical
335.00	91.000	106.65	0.0093760	202.86	288.18	5.3022	0.68043	1.0356	358.78	0.16844	2.4538e-05	0.033027	supercritical
336.00	91.000	106.28	0.0094092	203.60	289.22	5.3053	0.68052	1.0349	359.35	0.16740	2.4586e-05	0.033088	supercritical
337.00	91.000	105.91	0.0094424	204.33	290.25	5.3084	0.68062	1.0342	359.92	0.16637	2.4633e-05	0.033150	supercritical
338.00	91.000	105.54	0.0094755	205.06	291.29	5.3114	0.68072	1.0335	360.48	0.16534	2.4680e-05	0.033212	supercritical
339.00	91.000	105.17	0.0095085	205.79	292.32	5.3145	0.68083	1.0329	361.05	0.16432	2.4727e-05	0.033274	supercritical
340.00	91.000	104.80	0.0095416	206.53	293.35	5.3175	0.68094	1.0322	361.61	0.16331	2.4775e-05	0.033336	supercritical
341.00	91.000	104.44	0.0095746	207.26	294.39	5.3205	0.68105	1.0316	362.17	0.16230	2.4822e-05	0.033398	supercritical
342.00	91.000	104.08	0.0096076	207.99	295.42	5.3236	0.68116	1.0310	362.73	0.16130	2.4869e-05	0.033461	supercritical
343.00	91.000	103.73	0.0096405	208.72	296.45	5.3266	0.68127	1.0303	363.29	0.16031	2.4916e-05	0.033523	supercritical
344.00	91.000	103.38	0.0096734	209.45	297.48	5.3296	0.68139	1.0297	363.84	0.15932	2.4963e-05	0.033585	supercritical
345.00	91.000	103.03	0.0097063	210.18	298.51	5.3326	0.68151	1.0292	364.40	0.15834	2.5010e-05	0.033648	supercritical
346.00	91.000	102.68	0.0097391	210.91	299.54	5.3355	0.68163	1.0286	364.95	0.15736	2.5057e-05	0.033710	supercritical
347.00	91.000	102.33	0.0097719	211.64	300.56	5.3385	0.68176	1.0280	365.50	0.15639	2.5104e-05	0.033772	supercritical
348.00	91.000	101.99	0.0098047	212.37	301.59	5.3415	0.68189	1.0275	366.05	0.15543	2.5151e-05	0.033835	supercritical
349.00	91.000	101.65	0.0098375	213.10	302.62	5.3444	0.68202	1.0269	366.60	0.15448	2.5198e-05	0.033897	supercritical
350.00	91.000	101.32	0.0098702	213.83	303.65	5.3473	0.68215	1.0264	367.15	0.15353	2.5245e-05	0.033960	supercritical
351.00	91.000	100.98	0.0099029	214.56	304.67	5.3503	0.68229	1.0259	367.69	0.15258	2.5292e-05	0.034023	supercritical
352.00	91.000	100.65	0.0099355	215.28	305.70	5.3532	0.68242	1.0253	368.24	0.15164	2.5339e-05	0.034085	supercritical
353.00	91.000	100.32	0.0099682	216.01	306.72	5.3561	0.68256	1.0248	368.78	0.15071	2.5386e-05	0.034148	supercritical
354.00	91.000	99.993	0.010001	216.74	307.75	5.3590	0.68271	1.0243	369.32	0.14979	2.5433e-05	0.034211	supercritical
355.00	91.000	99.668	0.010033	217.47	308.77	5.3619	0.68285	1.0239	369.86	0.14886	2.5480e-05	0.034273	supercritical
356.00	91.000	99.346	0.010066	218.20	309.80	5.3648	0.68300	1.0234	370.40	0.14795	2.5527e-05	0.034336	supercritical
357.00	91.000	99.026	0.010098	218.92	310.82	5.3676	0.68315	1.0229	370.93	0.14704	2.5573e-05	0.034399	supercritical
358.00	91.000	98.708	0.010131	219.65	311.84	5.3705	0.68330	1.0225	371.47	0.14614	2.5620e-05	0.034462	supercritical
359.00	91.000	98.393	0.010163	220.38	312.86	5.3733	0.68345	1.0220	372.00	0.14524	2.5667e-05	0.034525	supercritical
360.00	91.000	98.080	0.010196	221.10	313.89	5.3762	0.68361	1.0216	372.53	0.14435	2.5714e-05	0.034588	supercritical
361.00	91.000	97.769	0.010228	221.83	314.91	5.3790	0.68376	1.0212	373.07	0.14346	2.5760e-05	0.034651	supercritical
362.00	91.000	97.461	0.010261	222.56	315.93	5.3818	0.68392	1.0207	373.60	0.14258	2.5807e-05	0.034714	supercritical
363.00	91.000	97.154	0.010293	223.28	316.95	5.3847	0.68409	1.0203	374.12	0.14170	2.5854e-05	0.034777	supercritical
364.00	91.000	96.850	0.010325	224.01	317.97	5.3875	0.68425	1.0199	374.65	0.14083	2.5900e-05	0.034840	supercritical
365.00	91.000	96.548	0.010358	224.73	318.99	5.3903	0.68442	1.0195	375.18	0.13997	2.5947e-05	0.034903	supercritical
366.00	91.000	96.248	0.010390	225.46	320.01	5.3931	0.68458	1.0192	375.70	0.13911	2.5993e-05	0.034966	supercritical
367.00	91.000	95.951	0.010422	226.19	321.03	5.3958	0.68475	1.0188	376.22	0.13826	2.6040e-05	0.035029	supercritical
368.00	91.000	95.655	0.010454	226.91	322.04	5.3986	0.68493	1.0184	376.74	0.13741	2.6086e-05	0.035093	supercritical
369.00	91.000	95.361	0.010486	227.64	323.06	5.4014	0.68510	1.0181	377.27	0.13656	2.6133e-05	0.035156	supercritical
370.00	91.000	95.069	0.010519	228.36	324.08	5.4041	0.68528	1.0177	377.78	0.13572	2.6179e-05	0.035219	supercritical
371.00	91.000	94.780	0.010551	229.09	325.10	5.4069	0.68545	1.0174	378.30	0.13489	2.6226e-05	0.035282	supercritical
372.00	91.000	94.492	0.010583	229.81	326.12	5.4096	0.68563	1.0170	378.82	0.13406	2.6272e-05	0.035346	supercritical
373.00	91.000	94.206	0.010615	230.54	327.13	5.4123	0.68581	1.0167	379.33	0.13324	2.6318e-05	0.035409	supercritical
374.00	91.000	93.922	0.010647	231.26	328.15	5.4151	0.68600	1.0164	379.85	0.13242	2.6364e-05	0.035472	supercritical
375.00	91.000	93.641	0.010679	231.99	329.17	5.4178	0.68618	1.0161	380.36	0.13160	2.6411e-05	0.035536	supercritical
376.00	91.000	93.360	0.010711	232.71	330.18	5.4205	0.68637	1.0158	380.87	0.13079	2.6457e-05	0.035599	supercritical
377.00	91.000	93.082	0.010743	233.43	331.20	5.4232	0.68656	1.0155	381.38	0.12999	2.6503e-05	0.035662	supercritical
378.00	91.000	92.806	0.010775	234.16	332.21	5.4259	0.68675	1.0152	381.89	0.12919	2.6549e-05	0.035726	supercritical
379.00	91.000	92.531	0.010807	234.88	333.23	5.4285	0.68694	1.0149	382.40	0.12840	2.6595e-05	0.035789	supercritical
380.00	91.000	92.259	0.010839	235.61	334.24	5.4312	0.68713	1.0146	382.91	0.12761	2.6642e-05	0.035853	supercritical
381.00	91.000	91.988	0.010871	236.33	335.26	5.4339	0.68733	1.0143	383.41	0.12682	2.6688e-05	0.035916	supercritical
382.00	91.000	91.719	0.010903	237.05	336.27	5.4365	0.68753	1.0141	383.91	0.12604	2.6734e-05	0.035979	supercritical
383.00	91.000	91.451	0.010935	237.78	337.28	5.4392	0.68773	1.0138	384.42	0.12526	2.6780e-05	0.036043	supercritical
384.00	91.000	91.186	0.010967	238.50	338.30	5.4418	0.68793	1.0135	384.92	0.12449	2.6826e-05	0.036106	supercritical
385.00	91.000	90.922	0.010998	239.23	339.31	5.4445	0.68813	1.0133	385.42	0.12373	2.6872e-05	0.036170	supercritical
386.00	91.000	90.660	0.011030	239.95	340.32	5.4471	0.68833	1.0131	385.92	0.12296	2.6917e-05	0.036234	supercritical
387.00	91.000	90.399	0.011062	240.67	341.34	5.4497	0.68854	1.0128	386.42	0.12221	2.6963e-05	0.036297	supercritical
388.00	91.000	90.140	0.011094	241.40	342.35	5.4523	0.68875	1.0126	386.92	0.12145	2.7009e-05	0.036361	supercritical
389.00	91.000	89.883	0.011126	242.12	343.36	5.4549	0.68895	1.0124	387.41	0.12070	2.7055e-05	0.036424	supercritical
390.00	91.000	89.627	0.011157	242.84	344.38	5.4575	0.68916	1.0122	387.91	0.11996	2.7101e-05	0.036488	supercritical
391.00	91.000	89.373	0.011189	243.57	345.39	5.4601	0.68937	1.0119	388.40	0.11922	2.7146e-05	0.036551	supercritical
392.00	91.000	89.121	0.011221	244.29	346.40	5.4627	0.68959	1.0117	388.89	0.11848	2.7192e-05	0.036615	supercritical
393.00	91.000	88.870	0.011252	245.01	347.41	5.4653	0.68980	1.0115	389.39	0.11775	2.7238e-05	0.036679	supercritical
394.00	91.000	88.621	0.011284	245.74	348.42	5.4679	0.69002	1.0113	389.88	0.11702	2.7283e-05	0.036742	supercritical
395.00	91.000	88.373	0.011316	246.46	349.43	5.4704	0.69024	1.0112	390.37	0.11630	2.7329e-05	0.036806	supercritical
396.00	91.000	88.127	0.011347	247.18	350.44	5.4730	0.69045	1.0110	390.85	0.11558	2.7375e-05	0.036869	supercritical
397.00	91.000	87.882	0.011379	247.91	351.46	5.4755	0.69067	1.0108	391.34	0.11486	2.7420e-05	0.036933	supercritical
398.00	91.000	87.639	0.011410	248.63	352.47	5.4781	0.69090	1.0106	391.83	0.11415	2.7466e-05	0.036997	supercritical
399.00	91.000	87.397	0.011442	249.35	353.48	5.4806	0.69112	1.0105	392.31	0.11344	2.7511e-05	0.037060	supercritical
400.00	91.000	87.157	0.011474	250.08	354.49	5.4831	0.69134	1.0103	392.80	0.11274	2.7557e-05	0.037124	supercritical
401.00	91.000	86.918	0.011505	250.80	355.50	5.4857	0.69157	1.0101	393.28	0.11204	2.7602e-05	0.037188	supercritical
402.00	91.000	86.681	0.011537	251.52	356.51	5.4882	0.69179	1.0100	393.76	0.11135	2.7647e-05	0.037251	supercritical
403.00	91.000	86.445	0.011568	252.25	357.52	5.4907	0.69202	1.0098	394.24	0.11066	2.7693e-05	0.037315	supercritical
404.00	91.000	86.210	0.011600	252.97	358.53	5.4932	0.69225	1.0097	394.72	0.10997	2.7738e-05	0.037379	supercritical
405.00	91.000	85.977	0.011631	253.69	359.54	5.4957	0.69248	1.0096	395.20	0.10928	2.7783e-05	0.037442	supercritical
406.00	91.000	85.745	0.011662	254.42	360.55	5.4982	0.69271	1.0094	395.68	0.10861	2.7828e-05	0.037506	supercritical
407.00	91.000	85.515	0.011694	255.14	361.56	5.5007	0.69295	1.0093	396.16	0.10793	2.7874e-05	0.037570	supercritical
408.00	91.000	85.286	0.011725	255.86	362.56	5.5031	0.69318	1.0092	396.63	0.10726	2.7919e-05	0.037633	supercritical
409.00	91.000	85.058	0.011757	256.59	363.57	5.5056	0.69342	1.0091	397.11	0.10659	2.7964e-05	0.037697	supercritical
410.00	91.000	84.832	0.011788	257.31	364.58	5.5081	0.69365	1.0090	397.58	0.10592	2.8009e-05	0.037761	supercritical
411.00	91.000	84.607	0.011819	258.04	365.59	5.5105	0.69389	1.0088	398.06	0.10526	2.8054e-05	0.037824	supercritical
412.00	91.000	84.383	0.011851	258.76	366.60	5.5130	0.69413	1.0087	398.53	0.10461	2.8099e-05	0.037888	supercritical
413.00	91.000	84.161	0.011882	259.48	367.61	5.5154	0.69437	1.0086	399.00	0.10395	2.8144e-05	0.037952	supercritical
414.00	91.000	83.940	0.011913	260.21	368.62	5.5179	0.69461	1.0085	399.47	0.10330	2.8189e-05	0.038015	supercritical
415.00	91.000	83.720	0.011945	260.93	369.63	5.5203	0.69486	1.0085	399.94	0.10266	2.8234e-05	0.038079	supercritical
416.00	91.000	83.501	0.011976	261.65	370.63	5.5227	0.69510	1.0084	400.41	0.10202	2.8279e-05	0.038143	supercritical
417.00	91.000	83.284	0.012007	262.38	371.64	5.5252	0.69534	1.0083	400.88	0.10138	2.8324e-05	0.038207	supercritical
418.00	91.000	83.068	0.012038	263.10	372.65	5.5276	0.69559	1.0082	401.34	0.10074	2.8368e-05	0.038270	supercritical
419.00	91.000	82.853	0.012070	263.83	373.66	5.5300	0.69584	1.0081	401.81	0.10011	2.8413e-05	0.038334	supercritical
420.00	91.000	82.639	0.012101	264.55	374.67	5.5324	0.69608	1.0081	402.27	0.099480	2.8458e-05	0.038398	supercritical
421.00	91.000	82.427	0.012132	265.27	375.68	5.5348	0.69633	1.0080	402.74	0.098855	2.8503e-05	0.038461	supercritical
422.00	91.000	82.216	0.012163	266.00	376.68	5.5372	0.69658	1.0079	403.20	0.098233	2.8547e-05	0.038525	supercritical
423.00	91.000	82.005	0.012194	266.72	377.69	5.5396	0.69683	1.0079	403.66	0.097615	2.8592e-05	0.038589	supercritical
424.00	91.000	81.797	0.012225	267.45	378.70	5.5419	0.69708	1.0078	404.12	0.097000	2.8637e-05	0.038652	supercritical
425.00	91.000	81.589	0.012257	268.17	379.71	5.5443	0.69734	1.0078	404.58	0.096389	2.8681e-05	0.038716	supercritical
426.00	91.000	81.382	0.012288	268.90	380.71	5.5467	0.69759	1.0077	405.04	0.095780	2.8726e-05	0.038780	supercritical
427.00	91.000	81.177	0.012319	269.62	381.72	5.5490	0.69785	1.0077	405.50	0.095176	2.8770e-05	0.038843	supercritical
428.00	91.000	80.972	0.012350	270.35	382.73	5.5514	0.69810	1.0076	405.96	0.094574	2.8815e-05	0.038907	supercritical
429.00	91.000	80.769	0.012381	271.07	383.74	5.5537	0.69836	1.0076	406.41	0.093976	2.8859e-05	0.038971	supercritical
430.00	91.000	80.567	0.012412	271.80	384.75	5.5561	0.69862	1.0076	406.87	0.093380	2.8903e-05	0.039034	supercritical
431.00	91.000	80.366	0.012443	272.52	385.75	5.5584	0.69887	1.0075	407.33	0.092789	2.8948e-05	0.039098	supercritical
432.00	91.000	80.166	0.012474	273.25	386.76	5.5608	0.69913	1.0075	407.78	0.092200	2.8992e-05	0.039161	supercritical
433.00	91.000	79.967	0.012505	273.97	387.77	5.5631	0.69939	1.0075	408.23	0.091614	2.9036e-05	0.039225	supercritical
434.00	91.000	79.769	0.012536	274.70	388.78	5.5654	0.69965	1.0075	408.69	0.091032	2.9081e-05	0.039289	supercritical
435.00	91.000	79.573	0.012567	275.42	389.78	5.5677	0.69992	1.0074	409.14	0.090453	2.9125e-05	0.039352	supercritical
436.00	91.000	79.377	0.012598	276.15	390.79	5.5701	0.70018	1.0074	409.59	0.089876	2.9169e-05	0.039416	supercritical
437.00	91.000	79.182	0.012629	276.87	391.80	5.5724	0.70044	1.0074	410.04	0.089303	2.9213e-05	0.039480	supercritical
438.00	91.000	78.989	0.012660	277.60	392.81	5.5747	0.70071	1.0074	410.49	0.088733	2.9257e-05	0.039543	supercritical
439.00	91.000	78.796	0.012691	278.32	393.81	5.5770	0.70097	1.0074	410.94	0.088166	2.9301e-05	0.039607	supercritical
440.00	91.000	78.605	0.012722	279.05	394.82	5.5793	0.70124	1.0074	411.38	0.087602	2.9345e-05	0.039670	supercritical
441.00	91.000	78.414	0.012753	279.78	395.83	5.5815	0.70150	1.0074	411.83	0.087041	2.9390e-05	0.039734	supercritical
442.00	91.000	78.225	0.012784	280.50	396.83	5.5838	0.70177	1.0074	412.28	0.086483	2.9433e-05	0.039797	supercritical
443.00	91.000	78.036	0.012815	281.23	397.84	5.5861	0.70204	1.0074	412.72	0.085928	2.9477e-05	0.039861	supercritical
444.00	91.000	77.849	0.012845	281.96	398.85	5.5884	0.70231	1.0074	413.16	0.085376	2.9521e-05	0.039925	supercritical
445.00	91.000	77.662	0.012876	282.68	399.86	5.5906	0.70257	1.0074	413.61	0.084826	2.9565e-05	0.039988	supercritical
446.00	91.000	77.476	0.012907	283.41	400.86	5.5929	0.70284	1.0075	414.05	0.084280	2.9609e-05	0.040052	supercritical
447.00	91.000	77.292	0.012938	284.14	401.87	5.5952	0.70312	1.0075	414.49	0.083737	2.9653e-05	0.040115	supercritical
448.00	91.000	77.108	0.012969	284.86	402.88	5.5974	0.70339	1.0075	414.93	0.083196	2.9697e-05	0.040179	supercritical
449.00	91.000	76.925	0.013000	285.59	403.89	5.5997	0.70366	1.0075	415.37	0.082658	2.9740e-05	0.040242	supercritical
450.00	91.000	76.743	0.013030	286.32	404.89	5.6019	0.70393	1.0075	415.81	0.082123	2.9784e-05	0.040306	supercritical
451.00	91.000	76.562	0.013061	287.04	405.90	5.6041	0.70421	1.0076	416.25	0.081591	2.9828e-05	0.040369	supercritical
452.00	91.000	76.382	0.013092	287.77	406.91	5.6064	0.70448	1.0076	416.69	0.081062	2.9871e-05	0.040433	supercritical
453.00	91.000	76.203	0.013123	288.50	407.92	5.6086	0.70475	1.0076	417.13	0.080535	2.9915e-05	0.040496	supercritical
454.00	91.000	76.025	0.013154	289.23	408.92	5.6108	0.70503	1.0077	417.57	0.080011	2.9959e-05	0.040559	supercritical
455.00	91.000	75.848	0.013184	289.96	409.93	5.6130	0.70530	1.0077	418.00	0.079490	3.0002e-05	0.040623	supercritical
456.00	91.000	75.672	0.013215	290.68	410.94	5.6152	0.70558	1.0078	418.44	0.078971	3.0046e-05	0.040686	supercritical
457.00	91.000	75.496	0.013246	291.41	411.95	5.6174	0.70586	1.0078	418.87	0.078455	3.0089e-05	0.040750	supercritical
458.00	91.000	75.321	0.013276	292.14	412.96	5.6196	0.70614	1.0079	419.30	0.077942	3.0133e-05	0.040813	supercritical
459.00	91.000	75.148	0.013307	292.87	413.96	5.6218	0.70641	1.0079	419.74	0.077432	3.0176e-05	0.040877	supercritical
460.00	91.000	74.975	0.013338	293.60	414.97	5.6240	0.70669	1.0080	420.17	0.076924	3.0219e-05	0.040940	supercritical
461.00	91.000	74.803	0.013368	294.33	415.98	5.6262	0.70697	1.0080	420.60	0.076419	3.0263e-05	0.041003	supercritical
462.00	91.000	74.632	0.013399	295.06	416.99	5.6284	0.70725	1.0081	421.03	0.075916	3.0306e-05	0.041067	supercritical
463.00	91.000	74.461	0.013430	295.78	418.00	5.6306	0.70753	1.0081	421.46	0.075416	3.0349e-05	0.041130	supercritical
464.00	91.000	74.292	0.013460	296.51	419.00	5.6328	0.70781	1.0082	421.89	0.074918	3.0392e-05	0.041193	supercritical
465.00	91.000	74.123	0.013491	297.24	420.01	5.6349	0.70809	1.0083	422.32	0.074423	3.0436e-05	0.041257	supercritical
466.00	91.000	73.955	0.013522	297.97	421.02	5.6371	0.70837	1.0083	422.75	0.073931	3.0479e-05	0.041320	supercritical
467.00	91.000	73.788	0.013552	298.70	422.03	5.6393	0.70866	1.0084	423.18	0.073441	3.0522e-05	0.041383	supercritical
468.00	91.000	73.622	0.013583	299.43	423.04	5.6414	0.70894	1.0085	423.60	0.072953	3.0565e-05	0.041447	supercritical
469.00	91.000	73.456	0.013614	300.16	424.05	5.6436	0.70922	1.0085	424.03	0.072468	3.0608e-05	0.041510	supercritical
470.00	91.000	73.292	0.013644	300.89	425.05	5.6457	0.70951	1.0086	424.45	0.071986	3.0651e-05	0.041573	supercritical
471.00	91.000	73.128	0.013675	301.62	426.06	5.6479	0.70979	1.0087	424.88	0.071506	3.0694e-05	0.041636	supercritical
472.00	91.000	72.965	0.013705	302.35	427.07	5.6500	0.71007	1.0088	425.30	0.071028	3.0737e-05	0.041700	supercritical
473.00	91.000	72.803	0.013736	303.09	428.08	5.6521	0.71036	1.0088	425.73	0.070553	3.0780e-05	0.041763	supercritical
474.00	91.000	72.641	0.013766	303.82	429.09	5.6543	0.71064	1.0089	426.15	0.070080	3.0823e-05	0.041826	supercritical
475.00	91.000	72.480	0.013797	304.55	430.10	5.6564	0.71093	1.0090	426.57	0.069609	3.0866e-05	0.041889	supercritical
476.00	91.000	72.320	0.013827	305.28	431.11	5.6585	0.71122	1.0091	426.99	0.069141	3.0909e-05	0.041952	supercritical
477.00	91.000	72.161	0.013858	306.01	432.12	5.6606	0.71150	1.0092	427.41	0.068675	3.0951e-05	0.042016	supercritical
478.00	91.000	72.003	0.013888	306.74	433.13	5.6628	0.71179	1.0093	427.83	0.068212	3.0994e-05	0.042079	supercritical
479.00	91.000	71.845	0.013919	307.47	434.14	5.6649	0.71208	1.0094	428.25	0.067751	3.1037e-05	0.042142	supercritical
480.00	91.000	71.688	0.013949	308.21	435.14	5.6670	0.71236	1.0095	428.67	0.067292	3.1080e-05	0.042205	supercritical
481.00	91.000	71.532	0.013980	308.94	436.15	5.6691	0.71265	1.0096	429.09	0.066836	3.1122e-05	0.042268	supercritical
482.00	91.000	71.376	0.014010	309.67	437.16	5.6712	0.71294	1.0097	429.51	0.066381	3.1165e-05	0.042331	supercritical
483.00	91.000	71.221	0.014041	310.40	438.17	5.6733	0.71323	1.0098	429.92	0.065929	3.1207e-05	0.042394	supercritical
484.00	91.000	71.067	0.014071	311.14	439.18	5.6753	0.71352	1.0099	430.34	0.065480	3.1250e-05	0.042457	supercritical
485.00	91.000	70.914	0.014102	311.87	440.19	5.6774	0.71380	1.0100	430.75	0.065032	3.1293e-05	0.042520	supercritical
486.00	91.000	70.761	0.014132	312.60	441.20	5.6795	0.71409	1.0101	431.17	0.064587	3.1335e-05	0.042584	supercritical
487.00	91.000	70.609	0.014162	313.34	442.21	5.6816	0.71438	1.0102	431.58	0.064144	3.1378e-05	0.042647	supercritical
488.00	91.000	70.458	0.014193	314.07	443.22	5.6837	0.71467	1.0103	432.00	0.063703	3.1420e-05	0.042710	supercritical
489.00	91.000	70.307	0.014223	314.80	444.23	5.6857	0.71496	1.0104	432.41	0.063264	3.1462e-05	0.042773	supercritical
490.00	91.000	70.158	0.014254	315.54	445.24	5.6878	0.71525	1.0105	432.82	0.062828	3.1505e-05	0.042836	supercritical
491.00	91.000	70.008	0.014284	316.27	446.26	5.6899	0.71554	1.0106	433.23	0.062393	3.1547e-05	0.042899	supercritical
492.00	91.000	69.860	0.014314	317.00	447.27	5.6919	0.71584	1.0107	433.65	0.061961	3.1589e-05	0.042961	supercritical
493.00	91.000	69.712	0.014345	317.74	448.28	5.6940	0.71613	1.0109	434.06	0.061531	3.1632e-05	0.043024	supercritical
494.00	91.000	69.565	0.014375	318.47	449.29	5.6960	0.71642	1.0110	434.47	0.061103	3.1674e-05	0.043087	supercritical
495.00	91.000	69.418	0.014405	319.21	450.30	5.6981	0.71671	1.0111	434.88	0.060677	3.1716e-05	0.043150	supercritical
496.00	91.000	69.272	0.014436	319.94	451.31	5.7001	0.71700	1.0112	435.28	0.060253	3.1758e-05	0.043213	supercritical
497.00	91.000	69.127	0.014466	320.68	452.32	5.7021	0.71729	1.0113	435.69	0.059831	3.1800e-05	0.043276	supercritical
498.00	91.000	68.982	0.014496	321.41	453.33	5.7042	0.71759	1.0115	436.10	0.059411	3.1842e-05	0.043339	supercritical
499.00	91.000	68.839	0.014527	322.15	454.34	5.7062	0.71788	1.0116	436.51	0.058993	3.1885e-05	0.043402	supercritical
500.00	91.000	68.695	0.014557	322.89	455.36	5.7082	0.71817	1.0117	436.91	0.058578	3.1927e-05	0.043465	supercritical
501.00	91.000	68.553	0.014587	323.62	456.37	5.7102	0.71846	1.0118	437.32	0.058164	3.1969e-05	0.043527	supercritical
502.00	91.000	68.411	0.014618	324.36	457.38	5.7123	0.71876	1.0120	437.73	0.057752	3.2011e-05	0.043590	supercritical
503.00	91.000	68.269	0.014648	325.10	458.39	5.7143	0.71905	1.0121	438.13	0.057343	3.2053e-05	0.043653	supercritical
504.00	91.000	68.128	0.014678	325.83	459.40	5.7163	0.71934	1.0122	438.53	0.056935	3.2094e-05	0.043716	supercritical
505.00	91.000	67.988	0.014708	326.57	460.42	5.7183	0.71964	1.0124	438.94	0.056529	3.2136e-05	0.043778	supercritical
506.00	91.000	67.849	0.014739	327.31	461.43	5.7203	0.71993	1.0125	439.34	0.056125	3.2178e-05	0.043841	supercritical
507.00	91.000	67.710	0.014769	328.04	462.44	5.7223	0.72022	1.0126	439.74	0.055723	3.2220e-05	0.043904	supercritical
508.00	91.000	67.571	0.014799	328.78	463.45	5.7243	0.72052	1.0128	440.15	0.055323	3.2262e-05	0.043967	supercritical
509.00	91.000	67.434	0.014829	329.52	464.47	5.7263	0.72081	1.0129	440.55	0.054925	3.2304e-05	0.044029	supercritical
510.00	91.000	67.296	0.014860	330.26	465.48	5.7283	0.72111	1.0130	440.95	0.054529	3.2345e-05	0.044092	supercritical
511.00	91.000	67.160	0.014890	330.99	466.49	5.7303	0.72140	1.0132	441.35	0.054135	3.2387e-05	0.044155	supercritical
512.00	91.000	67.024	0.014920	331.73	467.51	5.7322	0.72169	1.0133	441.75	0.053743	3.2429e-05	0.044217	supercritical
513.00	91.000	66.888	0.014950	332.47	468.52	5.7342	0.72199	1.0135	442.15	0.053352	3.2470e-05	0.044280	supercritical
514.00	91.000	66.754	0.014980	333.21	469.53	5.7362	0.72228	1.0136	442.55	0.052964	3.2512e-05	0.044342	supercritical
515.00	91.000	66.619	0.015011	333.95	470.55	5.7382	0.72258	1.0138	442.94	0.052577	3.2553e-05	0.044405	supercritical
516.00	91.000	66.486	0.015041	334.69	471.56	5.7401	0.72287	1.0139	443.34	0.052192	3.2595e-05	0.044468	supercritical
517.00	91.000	66.353	0.015071	335.43	472.57	5.7421	0.72317	1.0140	443.74	0.051809	3.2637e-05	0.044530	supercritical
518.00	91.000	66.220	0.015101	336.17	473.59	5.7440	0.72346	1.0142	444.14	0.051427	3.2678e-05	0.044593	supercritical
519.00	91.000	66.088	0.015131	336.91	474.60	5.7460	0.72376	1.0143	444.53	0.051048	3.2719e-05	0.044655	supercritical
520.00	91.000	65.957	0.015161	337.65	475.62	5.7480	0.72405	1.0145	444.93	0.050670	3.2761e-05	0.044718	supercritical
521.00	91.000	65.826	0.015192	338.39	476.63	5.7499	0.72435	1.0146	445.32	0.050294	3.2802e-05	0.044780	supercritical
522.00	91.000	65.696	0.015222	339.13	477.65	5.7518	0.72464	1.0148	445.72	0.049920	3.2844e-05	0.044843	supercritical
523.00	91.000	65.566	0.015252	339.87	478.66	5.7538	0.72494	1.0149	446.11	0.049548	3.2885e-05	0.044905	supercritical
524.00	91.000	65.437	0.015282	340.61	479.68	5.7557	0.72523	1.0151	446.50	0.049177	3.2926e-05	0.044968	supercritical
525.00	91.000	65.308	0.015312	341.35	480.69	5.7577	0.72553	1.0153	446.90	0.048808	3.2967e-05	0.045030	supercritical
526.00	91.000	65.180	0.015342	342.09	481.71	5.7596	0.72582	1.0154	447.29	0.048441	3.3009e-05	0.045092	supercritical
527.00	91.000	65.052	0.015372	342.83	482.72	5.7615	0.72612	1.0156	447.68	0.048075	3.3050e-05	0.045155	supercritical
528.00	91.000	64.925	0.015402	343.58	483.74	5.7635	0.72641	1.0157	448.07	0.047712	3.3091e-05	0.045217	supercritical
529.00	91.000	64.798	0.015432	344.32	484.75	5.7654	0.72671	1.0159	448.46	0.047350	3.3132e-05	0.045279	supercritical
530.00	91.000	64.672	0.015463	345.06	485.77	5.7673	0.72700	1.0160	448.86	0.046989	3.3173e-05	0.045342	supercritical
531.00	91.000	64.547	0.015493	345.80	486.79	5.7692	0.72730	1.0162	449.25	0.046630	3.3214e-05	0.045404	supercritical
532.00	91.000	64.422	0.015523	346.54	487.80	5.7711	0.72759	1.0164	449.63	0.046273	3.3255e-05	0.045466	supercritical
533.00	91.000	64.297	0.015553	347.29	488.82	5.7730	0.72789	1.0165	450.02	0.045918	3.3296e-05	0.045529	supercritical
534.00	91.000	64.173	0.015583	348.03	489.83	5.7749	0.72818	1.0167	450.41	0.045564	3.3337e-05	0.045591	supercritical
535.00	91.000	64.050	0.015613	348.77	490.85	5.7768	0.72848	1.0169	450.80	0.045212	3.3378e-05	0.045653	supercritical
536.00	91.000	63.927	0.015643	349.52	491.87	5.7787	0.72877	1.0170	451.19	0.044861	3.3419e-05	0.045715	supercritical
537.00	91.000	63.804	0.015673	350.26	492.89	5.7806	0.72907	1.0172	451.57	0.044513	3.3460e-05	0.045778	supercritical
538.00	91.000	63.682	0.015703	351.01	493.90	5.7825	0.72936	1.0174	451.96	0.044165	3.3501e-05	0.045840	supercritical
539.00	91.000	63.561	0.015733	351.75	494.92	5.7844	0.72966	1.0175	452.35	0.043820	3.3542e-05	0.045902	supercritical
540.00	91.000	63.440	0.015763	352.49	495.94	5.7863	0.72995	1.0177	452.73	0.043475	3.3583e-05	0.045964	supercritical
541.00	91.000	63.319	0.015793	353.24	496.96	5.7882	0.73024	1.0179	453.12	0.043133	3.3623e-05	0.046026	supercritical
542.00	91.000	63.199	0.015823	353.98	497.97	5.7901	0.73054	1.0180	453.50	0.042792	3.3664e-05	0.046088	supercritical
543.00	91.000	63.080	0.015853	354.73	498.99	5.7919	0.73083	1.0182	453.89	0.042453	3.3705e-05	0.046150	supercritical
544.00	91.000	62.960	0.015883	355.47	500.01	5.7938	0.73113	1.0184	454.27	0.042115	3.3746e-05	0.046213	supercritical
545.00	91.000	62.842	0.015913	356.22	501.03	5.7957	0.73142	1.0186	454.65	0.041778	3.3786e-05	0.046275	supercritical
546.00	91.000	62.724	0.015943	356.97	502.05	5.7975	0.73172	1.0187	455.04	0.041444	3.3827e-05	0.046337	supercritical
547.00	91.000	62.606	0.015973	357.71	503.07	5.7994	0.73201	1.0189	455.42	0.041110	3.3868e-05	0.046399	supercritical
548.00	91.000	62.489	0.016003	358.46	504.08	5.8013	0.73231	1.0191	455.80	0.040778	3.3908e-05	0.046461	supercritical
549.00	91.000	62.372	0.016033	359.21	505.10	5.8031	0.73260	1.0192	456.18	0.040448	3.3949e-05	0.046523	supercritical
550.00	91.000	62.256	0.016063	359.95	506.12	5.8050	0.73289	1.0194	456.56	0.040119	3.3989e-05	0.046585	supercritical
551.00	91.000	62.140	0.016093	360.70	507.14	5.8068	0.73319	1.0196	456.94	0.039792	3.4030e-05	0.046647	supercritical
552.00	91.000	62.024	0.016123	361.45	508.16	5.8087	0.73348	1.0198	457.33	0.039466	3.4070e-05	0.046708	supercritical
553.00	91.000	61.910	0.016153	362.19	509.18	5.8105	0.73377	1.0200	457.70	0.039142	3.4110e-05	0.046770	supercritical
554.00	91.000	61.795	0.016183	362.94	510.20	5.8124	0.73407	1.0201	458.08	0.038819	3.4151e-05	0.046832	supercritical
555.00	91.000	61.681	0.016212	363.69	511.22	5.8142	0.73436	1.0203	458.46	0.038498	3.4191e-05	0.046894	supercritical
556.00	91.000	61.567	0.016242	364.44	512.24	5.8161	0.73465	1.0205	458.84	0.038178	3.4232e-05	0.046956	supercritical
557.00	91.000	61.454	0.016272	365.19	513.26	5.8179	0.73495	1.0207	459.22	0.037859	3.4272e-05	0.047018	supercritical
558.00	91.000	61.341	0.016302	365.93	514.28	5.8197	0.73524	1.0208	459.60	0.037542	3.4312e-05	0.047080	supercritical
559.00	91.000	61.229	0.016332	366.68	515.31	5.8215	0.73553	1.0210	459.97	0.037226	3.4352e-05	0.047142	supercritical
560.00	91.000	61.117	0.016362	367.43	516.33	5.8234	0.73582	1.0212	460.35	0.036912	3.4393e-05	0.047203	supercritical
561.00	91.000	61.006	0.016392	368.18	517.35	5.8252	0.73612	1.0214	460.73	0.036599	3.4433e-05	0.047265	supercritical
562.00	91.000	60.895	0.016422	368.93	518.37	5.8270	0.73641	1.0216	461.10	0.036287	3.4473e-05	0.047327	supercritical
563.00	91.000	60.784	0.016452	369.68	519.39	5.8288	0.73670	1.0218	461.48	0.035977	3.4513e-05	0.047389	supercritical
564.00	91.000	60.674	0.016481	370.43	520.41	5.8306	0.73699	1.0219	461.85	0.035669	3.4553e-05	0.047450	supercritical
565.00	91.000	60.564	0.016511	371.18	521.43	5.8325	0.73728	1.0221	462.23	0.035361	3.4593e-05	0.047512	supercritical
566.00	91.000	60.455	0.016541	371.93	522.46	5.8343	0.73758	1.0223	462.60	0.035055	3.4633e-05	0.047574	supercritical
567.00	91.000	60.346	0.016571	372.68	523.48	5.8361	0.73787	1.0225	462.97	0.034750	3.4673e-05	0.047635	supercritical
568.00	91.000	60.238	0.016601	373.43	524.50	5.8379	0.73816	1.0227	463.35	0.034447	3.4713e-05	0.047697	supercritical
569.00	91.000	60.130	0.016631	374.18	525.52	5.8397	0.73845	1.0229	463.72	0.034145	3.4753e-05	0.047759	supercritical
570.00	91.000	60.022	0.016661	374.94	526.55	5.8415	0.73874	1.0231	464.09	0.033844	3.4793e-05	0.047820	supercritical
571.00	91.000	59.915	0.016690	375.69	527.57	5.8433	0.73903	1.0232	464.47	0.033545	3.4833e-05	0.047882	supercritical
572.00	91.000	59.808	0.016720	376.44	528.59	5.8450	0.73932	1.0234	464.84	0.033247	3.4873e-05	0.047943	supercritical
573.00	91.000	59.701	0.016750	377.19	529.62	5.8468	0.73961	1.0236	465.21	0.032950	3.4913e-05	0.048005	supercritical
574.00	91.000	59.595	0.016780	377.94	530.64	5.8486	0.73990	1.0238	465.58	0.032655	3.4953e-05	0.048066	supercritical
575.00	91.000	59.489	0.016810	378.70	531.67	5.8504	0.74019	1.0240	465.95	0.032361	3.4992e-05	0.048128	supercritical
576.00	91.000	59.384	0.016840	379.45	532.69	5.8522	0.74048	1.0242	466.32	0.032068	3.5032e-05	0.048189	supercritical
577.00	91.000	59.279	0.016869	380.20	533.71	5.8540	0.74077	1.0244	466.69	0.031776	3.5072e-05	0.048251	supercritical
578.00	91.000	59.175	0.016899	380.96	534.74	5.8557	0.74106	1.0246	467.06	0.031486	3.5112e-05	0.048312	supercritical
579.00	91.000	59.070	0.016929	381.71	535.76	5.8575	0.74135	1.0248	467.43	0.031197	3.5151e-05	0.048374	supercritical
580.00	91.000	58.967	0.016959	382.46	536.79	5.8593	0.74164	1.0249	467.80	0.030909	3.5191e-05	0.048435	supercritical
581.00	91.000	58.863	0.016988	383.22	537.81	5.8610	0.74193	1.0251	468.16	0.030622	3.5231e-05	0.048497	supercritical
582.00	91.000	58.760	0.017018	383.97	538.84	5.8628	0.74221	1.0253	468.53	0.030337	3.5270e-05	0.048558	supercritical
583.00	91.000	58.658	0.017048	384.73	539.86	5.8646	0.74250	1.0255	468.90	0.030053	3.5310e-05	0.048619	supercritical
584.00	91.000	58.555	0.017078	385.48	540.89	5.8663	0.74279	1.0257	469.26	0.029770	3.5349e-05	0.048681	supercritical
585.00	91.000	58.454	0.017108	386.24	541.91	5.8681	0.74308	1.0259	469.63	0.029488	3.5389e-05	0.048742	supercritical
586.00	91.000	58.352	0.017137	386.99	542.94	5.8698	0.74336	1.0261	470.00	0.029208	3.5428e-05	0.048803	supercritical
587.00	91.000	58.251	0.017167	387.75	543.97	5.8716	0.74365	1.0263	470.36	0.028929	3.5468e-05	0.048865	supercritical
588.00	91.000	58.150	0.017197	388.50	544.99	5.8733	0.74394	1.0265	470.73	0.028651	3.5507e-05	0.048926	supercritical
589.00	91.000	58.050	0.017227	389.26	546.02	5.8751	0.74422	1.0267	471.09	0.028374	3.5547e-05	0.048987	supercritical
590.00	91.000	57.950	0.017256	390.01	547.05	5.8768	0.74451	1.0269	471.46	0.028098	3.5586e-05	0.049048	supercritical
591.00	91.000	57.850	0.017286	390.77	548.07	5.8785	0.74480	1.0271	471.82	0.027824	3.5625e-05	0.049110	supercritical
592.00	91.000	57.751	0.017316	391.53	549.10	5.8803	0.74508	1.0273	472.19	0.027551	3.5665e-05	0.049171	supercritical
593.00	91.000	57.652	0.017346	392.28	550.13	5.8820	0.74537	1.0274	472.55	0.027278	3.5704e-05	0.049232	supercritical
594.00	91.000	57.553	0.017375	393.04	551.16	5.8838	0.74565	1.0276	472.91	0.027007	3.5743e-05	0.049293	supercritical
595.00	91.000	57.455	0.017405	393.80	552.18	5.8855	0.74594	1.0278	473.27	0.026738	3.5783e-05	0.049354	supercritical
596.00	91.000	57.357	0.017435	394.56	553.21	5.8872	0.74622	1.0280	473.64	0.026469	3.5822e-05	0.049415	supercritical
597.00	91.000	57.259	0.017464	395.31	554.24	5.8889	0.74651	1.0282	474.00	0.026201	3.5861e-05	0.049476	supercritical
598.00	91.000	57.162	0.017494	396.07	555.27	5.8907	0.74679	1.0284	474.36	0.025935	3.5900e-05	0.049537	supercritical
599.00	91.000	57.065	0.017524	396.83	556.30	5.8924	0.74708	1.0286	474.72	0.025670	3.5939e-05	0.049599	supercritical
600.00	91.000	56.969	0.017553	397.59	557.33	5.8941	0.74736	1.0288	475.08	0.025406	3.5978e-05	0.049660	supercritical
