Temperature (K)	Pressure (bar)	Density (kg/m3)	Volume (m3/kg)	Internal Energy (kJ/kg)	Enthalpy (kJ/kg)	Entropy (J/g*K)	Cv (J/g*K)	Cp (J/g*K)	Sound Spd. (m/s)	Joule-Thomson (K/bar)	Viscosity (Pa*s)	Therm. Cond. (W/m*K)	Phase
60.000	139.00	1298.1	0.00077036	-186.26	-175.55	2.2215	1.0938	1.6459	1164.7	-0.037834	0.00064395	0.19948	liquid
61.000	139.00	1293.9	0.00077284	-184.65	-173.91	2.2487	1.0866	1.6485	1160.7	-0.037672	0.00061375	0.19820	liquid
62.000	139.00	1289.8	0.00077534	-183.04	-172.26	2.2755	1.0801	1.6505	1156.1	-0.037529	0.00058554	0.19691	liquid
63.000	139.00	1285.6	0.00077787	-181.42	-170.61	2.3019	1.0742	1.6521	1151.0	-0.037403	0.00055920	0.19562	liquid
64.000	139.00	1281.4	0.00078042	-179.80	-168.95	2.3280	1.0686	1.6532	1145.4	-0.037289	0.00053459	0.19433	liquid
65.000	139.00	1277.2	0.00078299	-178.18	-167.30	2.3536	1.0633	1.6540	1139.5	-0.037187	0.00051157	0.19305	liquid
66.000	139.00	1272.9	0.00078558	-176.57	-165.65	2.3788	1.0582	1.6544	1133.3	-0.037094	0.00049003	0.19176	liquid
67.000	139.00	1268.7	0.00078820	-174.95	-163.99	2.4037	1.0533	1.6544	1126.9	-0.037007	0.00046985	0.19047	liquid
68.000	139.00	1264.5	0.00079084	-173.33	-162.34	2.4282	1.0485	1.6543	1120.3	-0.036926	0.00045094	0.18918	liquid
69.000	139.00	1260.3	0.00079349	-171.71	-160.68	2.4524	1.0437	1.6539	1113.6	-0.036848	0.00043320	0.18790	liquid
70.000	139.00	1256.0	0.00079617	-170.10	-159.03	2.4762	1.0391	1.6534	1106.8	-0.036772	0.00041654	0.18661	liquid
71.000	139.00	1251.8	0.00079887	-168.48	-157.38	2.4996	1.0345	1.6528	1099.9	-0.036697	0.00040089	0.18532	liquid
72.000	139.00	1247.5	0.00080159	-166.87	-155.72	2.5227	1.0300	1.6521	1092.9	-0.036622	0.00038616	0.18404	liquid
73.000	139.00	1243.3	0.00080433	-165.25	-154.07	2.5455	1.0255	1.6513	1085.9	-0.036545	0.00037229	0.18275	liquid
74.000	139.00	1239.0	0.00080709	-163.64	-152.42	2.5680	1.0211	1.6504	1078.9	-0.036465	0.00035922	0.18147	liquid
75.000	139.00	1234.8	0.00080988	-162.03	-150.77	2.5901	1.0167	1.6496	1071.8	-0.036383	0.00034689	0.18018	liquid
76.000	139.00	1230.5	0.00081268	-160.42	-149.12	2.6120	1.0123	1.6488	1064.8	-0.036297	0.00033524	0.17890	liquid
77.000	139.00	1226.2	0.00081552	-158.81	-147.47	2.6335	1.0080	1.6480	1057.7	-0.036206	0.00032424	0.17761	liquid
78.000	139.00	1221.9	0.00081837	-157.20	-145.83	2.6548	1.0037	1.6472	1050.6	-0.036110	0.00031382	0.17633	liquid
79.000	139.00	1217.7	0.00082125	-155.59	-144.18	2.6758	0.99945	1.6465	1043.5	-0.036008	0.00030395	0.17504	liquid
80.000	139.00	1213.4	0.00082415	-153.99	-142.53	2.6965	0.99524	1.6459	1036.5	-0.035900	0.00029460	0.17376	liquid
81.000	139.00	1209.1	0.00082708	-152.38	-140.89	2.7169	0.99107	1.6453	1029.4	-0.035786	0.00028572	0.17247	liquid
82.000	139.00	1204.8	0.00083004	-150.78	-139.24	2.7371	0.98695	1.6448	1022.3	-0.035665	0.00027729	0.17118	liquid
83.000	139.00	1200.5	0.00083302	-149.18	-137.60	2.7570	0.98287	1.6444	1015.3	-0.035536	0.00026928	0.16990	liquid
84.000	139.00	1196.1	0.00083603	-147.57	-135.95	2.7767	0.97883	1.6440	1008.2	-0.035400	0.00026165	0.16861	liquid
85.000	139.00	1191.8	0.00083907	-145.97	-134.31	2.7962	0.97484	1.6438	1001.2	-0.035257	0.00025438	0.16732	liquid
86.000	139.00	1187.5	0.00084213	-144.37	-132.67	2.8154	0.97090	1.6437	994.13	-0.035105	0.00024745	0.16604	liquid
87.000	139.00	1183.1	0.00084523	-142.77	-131.02	2.8344	0.96700	1.6437	987.10	-0.034944	0.00024083	0.16475	liquid
88.000	139.00	1178.7	0.00084836	-141.17	-129.38	2.8532	0.96315	1.6437	980.09	-0.034775	0.00023451	0.16346	liquid
89.000	139.00	1174.4	0.00085152	-139.57	-127.74	2.8718	0.95934	1.6439	973.07	-0.034598	0.00022847	0.16217	liquid
90.000	139.00	1170.0	0.00085472	-137.97	-126.09	2.8901	0.95558	1.6442	966.07	-0.034410	0.00022269	0.16088	liquid
91.000	139.00	1165.6	0.00085794	-136.37	-124.45	2.9083	0.95188	1.6447	959.07	-0.034214	0.00021715	0.15959	liquid
92.000	139.00	1161.2	0.00086121	-134.77	-122.80	2.9263	0.94821	1.6452	952.08	-0.034008	0.00021183	0.15830	liquid
93.000	139.00	1156.7	0.00086450	-133.17	-121.16	2.9441	0.94460	1.6458	945.09	-0.033792	0.00020673	0.15701	liquid
94.000	139.00	1152.3	0.00086784	-131.57	-119.51	2.9617	0.94103	1.6466	938.10	-0.033566	0.00020184	0.15571	liquid
95.000	139.00	1147.8	0.00087121	-129.97	-117.86	2.9791	0.93751	1.6475	931.12	-0.033329	0.00019713	0.15442	liquid
96.000	139.00	1143.4	0.00087462	-128.37	-116.22	2.9964	0.93404	1.6485	924.14	-0.033082	0.00019260	0.15313	liquid
97.000	139.00	1138.9	0.00087807	-126.77	-114.57	3.0135	0.93061	1.6496	917.17	-0.032824	0.00018824	0.15183	liquid
98.000	139.00	1134.4	0.00088156	-125.17	-112.92	3.0304	0.92723	1.6508	910.19	-0.032555	0.00018403	0.15054	liquid
99.000	139.00	1129.8	0.00088509	-123.57	-111.26	3.0471	0.92390	1.6522	903.22	-0.032275	0.00017998	0.14925	liquid
100.00	139.00	1125.3	0.00088867	-121.96	-109.61	3.0638	0.92061	1.6536	896.25	-0.031982	0.00017606	0.14795	liquid
101.00	139.00	1120.7	0.00089229	-120.36	-107.96	3.0802	0.91736	1.6552	889.27	-0.031678	0.00017228	0.14666	liquid
102.00	139.00	1116.1	0.00089595	-118.75	-106.30	3.0965	0.91416	1.6570	882.30	-0.031361	0.00016862	0.14536	liquid
103.00	139.00	1111.5	0.00089967	-117.15	-104.64	3.1127	0.91100	1.6588	875.32	-0.031031	0.00016509	0.14407	liquid
104.00	139.00	1106.9	0.00090343	-115.54	-102.98	3.1287	0.90789	1.6608	868.34	-0.030689	0.00016166	0.14277	liquid
105.00	139.00	1102.2	0.00090724	-113.93	-101.32	3.1446	0.90482	1.6629	861.36	-0.030333	0.00015834	0.14148	liquid
106.00	139.00	1097.6	0.00091110	-112.32	-99.657	3.1604	0.90179	1.6651	854.37	-0.029963	0.00015512	0.14018	liquid
107.00	139.00	1092.9	0.00091502	-110.71	-97.991	3.1761	0.89880	1.6675	847.38	-0.029579	0.00015200	0.13889	liquid
108.00	139.00	1088.2	0.00091899	-109.10	-96.322	3.1916	0.89586	1.6700	840.38	-0.029180	0.00014897	0.13760	liquid
109.00	139.00	1083.4	0.00092301	-107.48	-94.651	3.2070	0.89296	1.6726	833.38	-0.028766	0.00014602	0.13630	liquid
110.00	139.00	1078.6	0.00092710	-105.86	-92.977	3.2223	0.89009	1.6754	826.37	-0.028336	0.00014316	0.13501	liquid
111.00	139.00	1073.8	0.00093124	-104.24	-91.300	3.2375	0.88727	1.6783	819.36	-0.027890	0.00014037	0.13372	liquid
112.00	139.00	1069.0	0.00093544	-102.62	-89.621	3.2525	0.88449	1.6813	812.34	-0.027428	0.00013766	0.13242	liquid
113.00	139.00	1064.2	0.00093971	-101.00	-87.938	3.2675	0.88175	1.6845	805.31	-0.026948	0.00013502	0.13114	liquid
114.00	139.00	1059.3	0.00094404	-99.374	-86.252	3.2823	0.87905	1.6879	798.28	-0.026451	0.00013244	0.12985	liquid
115.00	139.00	1054.4	0.00094844	-97.745	-84.562	3.2971	0.87638	1.6913	791.23	-0.025935	0.00012993	0.12857	liquid
116.00	139.00	1049.4	0.00095291	-96.114	-82.869	3.3118	0.87376	1.6950	784.18	-0.025400	0.00012749	0.12729	liquid
117.00	139.00	1044.4	0.00095745	-94.480	-81.172	3.3263	0.87118	1.6988	777.11	-0.024845	0.00012510	0.12600	liquid
118.00	139.00	1039.4	0.00096206	-92.844	-79.471	3.3408	0.86863	1.7028	770.04	-0.024270	0.00012276	0.12472	liquid
119.00	139.00	1034.4	0.00096675	-91.204	-77.766	3.3552	0.86613	1.7069	762.96	-0.023673	0.00012048	0.12345	liquid
120.00	139.00	1029.3	0.00097152	-89.561	-76.057	3.3695	0.86366	1.7112	755.87	-0.023055	0.00011826	0.12217	liquid
121.00	139.00	1024.2	0.00097637	-87.915	-74.344	3.3837	0.86123	1.7157	748.76	-0.022413	0.00011608	0.12089	liquid
122.00	139.00	1019.1	0.00098130	-86.266	-72.626	3.3978	0.85884	1.7204	741.65	-0.021748	0.00011395	0.11962	liquid
123.00	139.00	1013.9	0.00098632	-84.613	-70.903	3.4119	0.85649	1.7253	734.52	-0.021058	0.00011186	0.11835	liquid
124.00	139.00	1008.6	0.00099143	-82.956	-69.175	3.4259	0.85418	1.7303	727.38	-0.020342	0.00010982	0.11708	liquid
125.00	139.00	1003.4	0.00099663	-81.295	-67.442	3.4398	0.85190	1.7356	720.23	-0.019600	0.00010782	0.11582	liquid
126.00	139.00	998.07	0.0010019	-79.631	-65.704	3.4537	0.84967	1.7411	713.06	-0.018829	0.00010586	0.11455	liquid
127.00	139.00	992.72	0.0010073	-77.962	-63.960	3.4675	0.84747	1.7468	705.88	-0.018030	0.00010394	0.11329	liquid
128.00	139.00	987.32	0.0010128	-76.289	-62.210	3.4812	0.84532	1.7527	698.69	-0.017200	0.00010206	0.11204	liquid
129.00	139.00	981.88	0.0010185	-74.611	-60.454	3.4948	0.84320	1.7588	691.49	-0.016339	0.00010021	0.11078	liquid
130.00	139.00	976.39	0.0010242	-72.928	-58.692	3.5084	0.84112	1.7652	684.27	-0.015445	9.8401e-05	0.10953	liquid
131.00	139.00	970.86	0.0010300	-71.241	-56.924	3.5220	0.83909	1.7719	677.03	-0.014516	9.6624e-05	0.10828	liquid
132.00	139.00	965.27	0.0010360	-69.549	-55.149	3.5355	0.83709	1.7788	669.79	-0.013552	9.4879e-05	0.10704	liquid
133.00	139.00	959.64	0.0010421	-67.851	-53.366	3.5489	0.83514	1.7859	662.52	-0.012550	9.3167e-05	0.10580	liquid
134.00	139.00	953.95	0.0010483	-66.148	-51.577	3.5624	0.83322	1.7934	655.25	-0.011508	9.1485e-05	0.10456	liquid
135.00	139.00	948.20	0.0010546	-64.439	-49.779	3.5757	0.83135	1.8011	647.96	-0.010426	8.9833e-05	0.10333	liquid
136.00	139.00	942.40	0.0010611	-62.724	-47.974	3.5890	0.82952	1.8092	640.65	-0.0093012	8.8210e-05	0.10210	liquid
137.00	139.00	936.54	0.0010678	-61.003	-46.161	3.6023	0.82774	1.8175	633.33	-0.0081312	8.6616e-05	0.10088	liquid
138.00	139.00	930.62	0.0010746	-59.275	-44.339	3.6156	0.82599	1.8262	626.00	-0.0069142	8.5048e-05	0.099660	liquid
139.00	139.00	924.64	0.0010815	-57.541	-42.508	3.6288	0.82429	1.8353	618.65	-0.0056479	8.3507e-05	0.098446	liquid
140.00	139.00	918.59	0.0010886	-55.800	-40.668	3.6420	0.82264	1.8447	611.28	-0.0043299	8.1992e-05	0.097237	liquid
141.00	139.00	912.48	0.0010959	-54.052	-38.819	3.6551	0.82103	1.8544	603.91	-0.0029578	8.0503e-05	0.096034	liquid
142.00	139.00	906.29	0.0011034	-52.297	-36.959	3.6683	0.81947	1.8646	596.52	-0.0015288	7.9037e-05	0.094836	liquid
143.00	139.00	900.04	0.0011111	-50.533	-35.090	3.6814	0.81795	1.8752	589.11	-4.0210e-05	7.7596e-05	0.093644	liquid
144.00	139.00	893.71	0.0011189	-48.762	-33.209	3.6945	0.81649	1.8862	581.70	0.0015110	7.6178e-05	0.092458	liquid
145.00	139.00	887.31	0.0011270	-46.982	-31.317	3.7076	0.81507	1.8976	574.27	0.0031278	7.4783e-05	0.091278	liquid
146.00	139.00	880.83	0.0011353	-45.194	-29.414	3.7207	0.81370	1.9095	566.83	0.0048137	7.3410e-05	0.090104	liquid
147.00	139.00	874.27	0.0011438	-43.397	-27.498	3.7338	0.81238	1.9219	559.38	0.0065720	7.2058e-05	0.088937	liquid
148.00	139.00	867.62	0.0011526	-41.591	-25.570	3.7468	0.81111	1.9347	551.93	0.0084065	7.0728e-05	0.087776	liquid
149.00	139.00	860.89	0.0011616	-39.774	-23.628	3.7599	0.80990	1.9481	544.46	0.010321	6.9419e-05	0.086623	liquid
150.00	139.00	854.06	0.0011709	-37.948	-21.673	3.7730	0.80873	1.9621	537.00	0.012319	6.8130e-05	0.085477	liquid
151.00	139.00	847.15	0.0011804	-36.112	-19.704	3.7861	0.80762	1.9766	529.52	0.014406	6.6862e-05	0.084338	liquid
152.00	139.00	840.13	0.0011903	-34.265	-17.720	3.7992	0.80657	1.9916	522.05	0.016585	6.5612e-05	0.083208	liquid
153.00	139.00	833.02	0.0012004	-32.407	-15.721	3.8123	0.80557	2.0073	514.58	0.018862	6.4382e-05	0.082084	liquid
154.00	139.00	825.81	0.0012109	-30.537	-13.705	3.8254	0.80463	2.0236	507.11	0.021241	6.3171e-05	0.080969	liquid
155.00	139.00	818.49	0.0012218	-28.656	-11.673	3.8386	0.80374	2.0406	499.65	0.023727	6.1978e-05	0.079863	supercritical
156.00	139.00	811.06	0.0012330	-26.762	-9.6238	3.8517	0.80291	2.0582	492.20	0.026325	6.0804e-05	0.078765	supercritical
157.00	139.00	803.52	0.0012445	-24.855	-7.5565	3.8649	0.80214	2.0765	484.77	0.029041	5.9647e-05	0.077675	supercritical
158.00	139.00	795.87	0.0012565	-22.936	-5.4706	3.8782	0.80142	2.0954	477.36	0.031880	5.8508e-05	0.076595	supercritical
159.00	139.00	788.09	0.0012689	-21.003	-3.3654	3.8915	0.80076	2.1151	469.97	0.034847	5.7386e-05	0.075523	supercritical
160.00	139.00	780.19	0.0012817	-19.056	-1.2402	3.9048	0.80015	2.1355	462.61	0.037950	5.6281e-05	0.074461	supercritical
161.00	139.00	772.17	0.0012950	-17.095	0.90573	3.9182	0.79960	2.1565	455.30	0.041192	5.5194e-05	0.073408	supercritical
162.00	139.00	764.02	0.0013089	-15.120	3.0731	3.9316	0.79909	2.1783	448.02	0.044579	5.4123e-05	0.072365	supercritical
163.00	139.00	755.74	0.0013232	-13.130	5.2625	3.9451	0.79864	2.2007	440.80	0.048118	5.3068e-05	0.071332	supercritical
164.00	139.00	747.33	0.0013381	-11.125	7.4747	3.9586	0.79823	2.2237	433.64	0.051812	5.2030e-05	0.070309	supercritical
165.00	139.00	738.78	0.0013536	-9.1047	9.7102	3.9722	0.79786	2.2474	426.55	0.055667	5.1008e-05	0.069295	supercritical
166.00	139.00	730.09	0.0013697	-7.0690	11.970	3.9858	0.79753	2.2716	419.54	0.059687	5.0003e-05	0.068292	supercritical
167.00	139.00	721.27	0.0013864	-5.0180	14.253	3.9996	0.79724	2.2962	412.61	0.063874	4.9013e-05	0.067300	supercritical
168.00	139.00	712.32	0.0014039	-2.9516	16.562	4.0133	0.79697	2.3211	405.79	0.068231	4.8040e-05	0.066317	supercritical
169.00	139.00	703.23	0.0014220	-0.87018	18.896	4.0272	0.79673	2.3463	399.08	0.072759	4.7083e-05	0.065345	supercritical
170.00	139.00	694.01	0.0014409	1.2260	21.255	4.0411	0.79650	2.3714	392.49	0.077456	4.6143e-05	0.064384	supercritical
171.00	139.00	684.66	0.0014606	3.3364	23.639	4.0551	0.79628	2.3964	386.04	0.082320	4.5219e-05	0.063433	supercritical
172.00	139.00	675.19	0.0014811	5.4604	26.047	4.0691	0.79606	2.4210	379.74	0.087347	4.4313e-05	0.062493	supercritical
173.00	139.00	665.60	0.0015024	7.5969	28.480	4.0832	0.79584	2.4449	373.61	0.092529	4.3423e-05	0.061563	supercritical
174.00	139.00	655.91	0.0015246	9.7448	30.937	4.0974	0.79561	2.4679	367.66	0.097858	4.2551e-05	0.060645	supercritical
175.00	139.00	646.12	0.0015477	11.903	33.416	4.1116	0.79536	2.4897	361.90	0.10332	4.1698e-05	0.059738	supercritical
176.00	139.00	636.26	0.0015717	14.069	35.916	4.1258	0.79508	2.5099	356.34	0.10891	4.0863e-05	0.058842	supercritical
177.00	139.00	626.32	0.0015966	16.242	38.435	4.1401	0.79477	2.5284	351.00	0.11460	4.0047e-05	0.057957	supercritical
178.00	139.00	616.34	0.0016225	18.419	40.972	4.1544	0.79442	2.5447	345.89	0.12038	3.9251e-05	0.057085	supercritical
179.00	139.00	606.33	0.0016493	20.599	43.524	4.1687	0.79401	2.5586	341.02	0.12624	3.8476e-05	0.056224	supercritical
180.00	139.00	596.31	0.0016770	22.778	46.088	4.1830	0.79355	2.5700	336.39	0.13214	3.7722e-05	0.055376	supercritical
181.00	139.00	586.29	0.0017056	24.954	48.663	4.1973	0.79302	2.5785	332.02	0.13808	3.6989e-05	0.054542	supercritical
182.00	139.00	576.31	0.0017352	27.125	51.244	4.2115	0.79241	2.5840	327.89	0.14402	3.6278e-05	0.053721	supercritical
183.00	139.00	566.38	0.0017656	29.288	53.830	4.2256	0.79173	2.5863	324.02	0.14995	3.5591e-05	0.052914	supercritical
184.00	139.00	556.53	0.0017968	31.440	56.416	4.2397	0.79095	2.5855	320.41	0.15584	3.4926e-05	0.052122	supercritical
185.00	139.00	546.78	0.0018289	33.578	58.999	4.2537	0.79008	2.5813	317.05	0.16167	3.4285e-05	0.051345	supercritical
186.00	139.00	537.14	0.0018617	35.699	61.577	4.2676	0.78912	2.5738	313.94	0.16741	3.3668e-05	0.050585	supercritical
187.00	139.00	527.64	0.0018952	37.802	64.146	4.2814	0.78805	2.5631	311.08	0.17304	3.3075e-05	0.049842	supercritical
188.00	139.00	518.30	0.0019294	39.884	66.702	4.2950	0.78689	2.5493	308.45	0.17853	3.2506e-05	0.049116	supercritical
189.00	139.00	509.12	0.0019642	41.942	69.244	4.3085	0.78563	2.5325	306.06	0.18386	3.1962e-05	0.048409	supercritical
190.00	139.00	500.14	0.0019994	43.974	71.766	4.3218	0.78427	2.5128	303.89	0.18902	3.1442e-05	0.047721	supercritical
191.00	139.00	491.36	0.0020352	45.979	74.268	4.3350	0.78282	2.4906	301.93	0.19399	3.0945e-05	0.047053	supercritical
192.00	139.00	482.78	0.0020713	47.956	76.747	4.3479	0.78129	2.4661	300.18	0.19874	3.0473e-05	0.046405	supercritical
193.00	139.00	474.43	0.0021078	49.902	79.200	4.3607	0.77969	2.4397	298.62	0.20328	3.0023e-05	0.045777	supercritical
194.00	139.00	466.30	0.0021445	51.817	81.626	4.3732	0.77802	2.4116	297.24	0.20759	2.9597e-05	0.045171	supercritical
195.00	139.00	458.40	0.0021815	53.700	84.023	4.3855	0.77628	2.3821	296.04	0.21166	2.9192e-05	0.044586	supercritical
196.00	139.00	450.73	0.0022186	55.551	86.389	4.3976	0.77450	2.3515	294.99	0.21549	2.8809e-05	0.044023	supercritical
197.00	139.00	443.30	0.0022558	57.370	88.725	4.4095	0.77268	2.3202	294.09	0.21909	2.8447e-05	0.043480	supercritical
198.00	139.00	436.09	0.0022931	59.156	91.030	4.4212	0.77082	2.2884	293.33	0.22245	2.8105e-05	0.042960	supercritical
199.00	139.00	429.11	0.0023304	60.910	93.302	4.4326	0.76894	2.2563	292.69	0.22558	2.7782e-05	0.042460	supercritical
200.00	139.00	422.36	0.0023677	62.632	95.542	4.4439	0.76704	2.2242	292.18	0.22848	2.7477e-05	0.041981	supercritical
201.00	139.00	415.82	0.0024049	64.323	97.751	4.4549	0.76513	2.1922	291.77	0.23115	2.7190e-05	0.041522	supercritical
202.00	139.00	409.50	0.0024420	65.983	99.927	4.4657	0.76323	2.1605	291.45	0.23362	2.6919e-05	0.041083	supercritical
203.00	139.00	403.39	0.0024790	67.613	102.07	4.4763	0.76132	2.1292	291.23	0.23588	2.6665e-05	0.040664	supercritical
204.00	139.00	397.47	0.0025159	69.215	104.19	4.4867	0.75942	2.0985	291.10	0.23794	2.6425e-05	0.040264	supercritical
205.00	139.00	391.75	0.0025526	70.787	106.27	4.4968	0.75754	2.0683	291.03	0.23981	2.6200e-05	0.039881	supercritical
206.00	139.00	386.22	0.0025892	72.333	108.32	4.5068	0.75567	2.0389	291.04	0.24150	2.5988e-05	0.039517	supercritical
207.00	139.00	380.87	0.0026256	73.852	110.35	4.5166	0.75383	2.0101	291.11	0.24301	2.5789e-05	0.039169	supercritical
208.00	139.00	375.69	0.0026617	75.345	112.34	4.5263	0.75201	1.9821	291.24	0.24437	2.5602e-05	0.038837	supercritical
209.00	139.00	370.68	0.0026977	76.813	114.31	4.5357	0.75022	1.9549	291.42	0.24556	2.5427e-05	0.038521	supercritical
210.00	139.00	365.83	0.0027335	78.257	116.25	4.5450	0.74846	1.9286	291.65	0.24661	2.5262e-05	0.038220	supercritical
211.00	139.00	361.13	0.0027691	79.679	118.17	4.5541	0.74672	1.9030	291.92	0.24752	2.5107e-05	0.037934	supercritical
212.00	139.00	356.58	0.0028044	81.078	120.06	4.5630	0.74503	1.8782	292.24	0.24830	2.4962e-05	0.037661	supercritical
213.00	139.00	352.17	0.0028395	82.456	121.93	4.5718	0.74336	1.8542	292.58	0.24896	2.4826e-05	0.037401	supercritical
214.00	139.00	347.90	0.0028744	83.814	123.77	4.5804	0.74173	1.8310	292.97	0.24949	2.4699e-05	0.037154	supercritical
215.00	139.00	343.75	0.0029091	85.152	125.59	4.5889	0.74013	1.8086	293.38	0.24992	2.4580e-05	0.036919	supercritical
216.00	139.00	339.73	0.0029435	86.471	127.39	4.5972	0.73857	1.7869	293.82	0.25024	2.4468e-05	0.036696	supercritical
217.00	139.00	335.83	0.0029777	87.771	129.16	4.6054	0.73705	1.7660	294.28	0.25047	2.4363e-05	0.036483	supercritical
218.00	139.00	332.04	0.0030117	89.055	130.92	4.6135	0.73556	1.7458	294.77	0.25060	2.4266e-05	0.036281	supercritical
219.00	139.00	328.35	0.0030455	90.321	132.65	4.6215	0.73411	1.7262	295.28	0.25064	2.4174e-05	0.036089	supercritical
220.00	139.00	324.78	0.0030790	91.572	134.37	4.6293	0.73269	1.7074	295.81	0.25061	2.4089e-05	0.035906	supercritical
221.00	139.00	321.30	0.0031124	92.806	136.07	4.6370	0.73131	1.6891	296.35	0.25050	2.4010e-05	0.035732	supercritical
222.00	139.00	317.91	0.0031455	94.026	137.75	4.6446	0.72997	1.6716	296.91	0.25031	2.3936e-05	0.035567	supercritical
223.00	139.00	314.62	0.0031784	95.232	139.41	4.6520	0.72866	1.6546	297.49	0.25006	2.3867e-05	0.035411	supercritical
224.00	139.00	311.42	0.0032111	96.424	141.06	4.6594	0.72738	1.6382	298.07	0.24974	2.3803e-05	0.035262	supercritical
225.00	139.00	308.30	0.0032436	97.602	142.69	4.6667	0.72613	1.6223	298.67	0.24937	2.3744e-05	0.035121	supercritical
226.00	139.00	305.26	0.0032759	98.768	144.30	4.6738	0.72492	1.6070	299.28	0.24894	2.3689e-05	0.034987	supercritical
227.00	139.00	302.30	0.0033080	99.921	145.90	4.6809	0.72374	1.5922	299.90	0.24846	2.3638e-05	0.034860	supercritical
228.00	139.00	299.41	0.0033399	101.06	147.49	4.6879	0.72259	1.5779	300.53	0.24793	2.3591e-05	0.034739	supercritical
229.00	139.00	296.59	0.0033716	102.19	149.06	4.6947	0.72148	1.5640	301.17	0.24735	2.3548e-05	0.034625	supercritical
230.00	139.00	293.85	0.0034031	103.31	150.62	4.7015	0.72039	1.5507	301.81	0.24674	2.3508e-05	0.034517	supercritical
231.00	139.00	291.16	0.0034345	104.42	152.16	4.7082	0.71933	1.5377	302.46	0.24608	2.3472e-05	0.034414	supercritical
232.00	139.00	288.55	0.0034656	105.52	153.69	4.7148	0.71830	1.5252	303.12	0.24539	2.3439e-05	0.034317	supercritical
233.00	139.00	285.99	0.0034966	106.61	155.21	4.7214	0.71730	1.5131	303.78	0.24466	2.3409e-05	0.034226	supercritical
234.00	139.00	283.49	0.0035274	107.69	156.72	4.7278	0.71633	1.5014	304.45	0.24389	2.3382e-05	0.034139	supercritical
235.00	139.00	281.05	0.0035581	108.76	158.21	4.7342	0.71538	1.4900	305.12	0.24310	2.3358e-05	0.034057	supercritical
236.00	139.00	278.66	0.0035885	109.82	159.70	4.7405	0.71446	1.4790	305.79	0.24228	2.3336e-05	0.033980	supercritical
237.00	139.00	276.33	0.0036189	110.87	161.17	4.7467	0.71357	1.4683	306.47	0.24144	2.3317e-05	0.033907	supercritical
238.00	139.00	274.05	0.0036490	111.91	162.63	4.7529	0.71270	1.4580	307.15	0.24057	2.3300e-05	0.033839	supercritical
239.00	139.00	271.81	0.0036790	112.95	164.09	4.7590	0.71185	1.4480	307.84	0.23968	2.3286e-05	0.033774	supercritical
240.00	139.00	269.63	0.0037088	113.98	165.53	4.7650	0.71103	1.4383	308.52	0.23877	2.3274e-05	0.033714	supercritical
241.00	139.00	267.49	0.0037385	115.00	166.96	4.7710	0.71023	1.4289	309.21	0.23783	2.3264e-05	0.033657	supercritical
242.00	139.00	265.39	0.0037681	116.01	168.39	4.7769	0.70945	1.4197	309.90	0.23688	2.3256e-05	0.033604	supercritical
243.00	139.00	263.33	0.0037975	117.02	169.80	4.7827	0.70869	1.4109	310.59	0.23592	2.3249e-05	0.033555	supercritical
244.00	139.00	261.32	0.0038267	118.02	171.21	4.7885	0.70796	1.4022	311.28	0.23494	2.3245e-05	0.033508	supercritical
245.00	139.00	259.35	0.0038558	119.01	172.61	4.7942	0.70724	1.3939	311.97	0.23394	2.3242e-05	0.033465	supercritical
246.00	139.00	257.41	0.0038848	120.00	174.00	4.7999	0.70655	1.3858	312.67	0.23293	2.3241e-05	0.033425	supercritical
247.00	139.00	255.52	0.0039137	120.98	175.38	4.8055	0.70587	1.3779	313.36	0.23191	2.3242e-05	0.033388	supercritical
248.00	139.00	253.65	0.0039424	121.95	176.75	4.8110	0.70521	1.3702	314.05	0.23088	2.3244e-05	0.033354	supercritical
249.00	139.00	251.83	0.0039710	122.92	178.12	4.8165	0.70457	1.3627	314.75	0.22984	2.3248e-05	0.033323	supercritical
250.00	139.00	250.04	0.0039994	123.89	179.48	4.8220	0.70395	1.3555	315.44	0.22879	2.3253e-05	0.033294	supercritical
251.00	139.00	248.28	0.0040278	124.85	180.83	4.8274	0.70335	1.3484	316.13	0.22773	2.3259e-05	0.033268	supercritical
252.00	139.00	246.55	0.0040560	125.80	182.18	4.8327	0.70276	1.3416	316.83	0.22667	2.3267e-05	0.033244	supercritical
253.00	139.00	244.85	0.0040841	126.75	183.51	4.8380	0.70219	1.3349	317.52	0.22559	2.3276e-05	0.033222	supercritical
254.00	139.00	243.19	0.0041121	127.69	184.85	4.8433	0.70164	1.3284	318.21	0.22452	2.3286e-05	0.033203	supercritical
255.00	139.00	241.55	0.0041400	128.63	186.17	4.8485	0.70110	1.3221	318.90	0.22343	2.3297e-05	0.033186	supercritical
256.00	139.00	239.94	0.0041677	129.56	187.49	4.8536	0.70057	1.3159	319.60	0.22235	2.3309e-05	0.033171	supercritical
257.00	139.00	238.36	0.0041954	130.49	188.80	4.8588	0.70007	1.3099	320.29	0.22125	2.3323e-05	0.033159	supercritical
258.00	139.00	236.80	0.0042229	131.41	190.11	4.8638	0.69957	1.3041	320.97	0.22016	2.3337e-05	0.033148	supercritical
259.00	139.00	235.27	0.0042504	132.33	191.41	4.8689	0.69909	1.2984	321.66	0.21906	2.3352e-05	0.033139	supercritical
260.00	139.00	233.77	0.0042777	133.25	192.71	4.8739	0.69862	1.2928	322.35	0.21796	2.3369e-05	0.033132	supercritical
261.00	139.00	232.29	0.0043050	134.16	194.00	4.8788	0.69817	1.2874	323.03	0.21686	2.3386e-05	0.033126	supercritical
262.00	139.00	230.84	0.0043321	135.07	195.28	4.8837	0.69773	1.2821	323.72	0.21575	2.3404e-05	0.033123	supercritical
263.00	139.00	229.40	0.0043591	135.97	196.56	4.8886	0.69730	1.2770	324.40	0.21465	2.3423e-05	0.033121	supercritical
264.00	139.00	227.99	0.0043861	136.87	197.84	4.8934	0.69689	1.2720	325.08	0.21354	2.3442e-05	0.033121	supercritical
265.00	139.00	226.61	0.0044129	137.77	199.11	4.8982	0.69648	1.2670	325.76	0.21244	2.3463e-05	0.033122	supercritical
266.00	139.00	225.24	0.0044397	138.66	200.37	4.9030	0.69609	1.2623	326.44	0.21133	2.3484e-05	0.033124	supercritical
267.00	139.00	223.89	0.0044664	139.55	201.63	4.9077	0.69571	1.2576	327.12	0.21023	2.3506e-05	0.033129	supercritical
268.00	139.00	222.57	0.0044930	140.43	202.89	4.9124	0.69534	1.2530	327.80	0.20912	2.3529e-05	0.033134	supercritical
269.00	139.00	221.27	0.0045195	141.32	204.14	4.9171	0.69499	1.2486	328.47	0.20801	2.3552e-05	0.033141	supercritical
270.00	139.00	219.98	0.0045459	142.19	205.38	4.9217	0.69464	1.2442	329.15	0.20691	2.3576e-05	0.033149	supercritical
271.00	139.00	218.71	0.0045722	143.07	206.62	4.9263	0.69430	1.2400	329.82	0.20581	2.3601e-05	0.033159	supercritical
272.00	139.00	217.46	0.0045985	143.94	207.86	4.9309	0.69398	1.2358	330.49	0.20471	2.3626e-05	0.033170	supercritical
273.00	139.00	216.23	0.0046246	144.81	209.10	4.9354	0.69366	1.2318	331.15	0.20361	2.3651e-05	0.033181	supercritical
274.00	139.00	215.02	0.0046507	145.68	210.33	4.9399	0.69335	1.2278	331.82	0.20251	2.3678e-05	0.033195	supercritical
275.00	139.00	213.83	0.0046767	146.55	211.55	4.9443	0.69306	1.2239	332.49	0.20142	2.3705e-05	0.033209	supercritical
276.00	139.00	212.65	0.0047027	147.41	212.77	4.9488	0.69277	1.2201	333.15	0.20033	2.3732e-05	0.033224	supercritical
277.00	139.00	211.48	0.0047285	148.27	213.99	4.9532	0.69249	1.2164	333.81	0.19924	2.3760e-05	0.033240	supercritical
278.00	139.00	210.34	0.0047543	149.12	215.21	4.9576	0.69222	1.2128	334.47	0.19815	2.3788e-05	0.033258	supercritical
279.00	139.00	209.20	0.0047800	149.98	216.42	4.9619	0.69196	1.2092	335.13	0.19707	2.3817e-05	0.033276	supercritical
280.00	139.00	208.09	0.0048056	150.83	217.63	4.9662	0.69171	1.2058	335.78	0.19599	2.3846e-05	0.033295	supercritical
281.00	139.00	206.99	0.0048312	151.68	218.83	4.9705	0.69147	1.2024	336.44	0.19491	2.3876e-05	0.033315	supercritical
282.00	139.00	205.90	0.0048567	152.52	220.03	4.9748	0.69123	1.1990	337.09	0.19384	2.3906e-05	0.033337	supercritical
283.00	139.00	204.83	0.0048821	153.37	221.23	4.9790	0.69100	1.1958	337.74	0.19276	2.3937e-05	0.033359	supercritical
284.00	139.00	203.77	0.0049075	154.21	222.42	4.9832	0.69079	1.1926	338.39	0.19170	2.3967e-05	0.033381	supercritical
285.00	139.00	202.72	0.0049328	155.05	223.61	4.9874	0.69057	1.1895	339.04	0.19063	2.3999e-05	0.033405	supercritical
286.00	139.00	201.69	0.0049580	155.88	224.80	4.9916	0.69037	1.1864	339.68	0.18957	2.4030e-05	0.033429	supercritical
287.00	139.00	200.67	0.0049832	156.72	225.99	4.9957	0.69017	1.1834	340.33	0.18852	2.4063e-05	0.033455	supercritical
288.00	139.00	199.67	0.0050083	157.55	227.17	4.9998	0.68998	1.1805	340.97	0.18747	2.4095e-05	0.033480	supercritical
289.00	139.00	198.67	0.0050333	158.38	228.35	5.0039	0.68980	1.1776	341.61	0.18642	2.4128e-05	0.033507	supercritical
290.00	139.00	197.69	0.0050583	159.21	229.52	5.0080	0.68963	1.1748	342.25	0.18537	2.4161e-05	0.033534	supercritical
291.00	139.00	196.72	0.0050833	160.04	230.70	5.0120	0.68946	1.1721	342.88	0.18433	2.4194e-05	0.033562	supercritical
292.00	139.00	195.77	0.0051081	160.86	231.87	5.0160	0.68930	1.1694	343.52	0.18330	2.4228e-05	0.033591	supercritical
293.00	139.00	194.82	0.0051329	161.69	233.03	5.0200	0.68914	1.1667	344.15	0.18227	2.4262e-05	0.033620	supercritical
294.00	139.00	193.89	0.0051577	162.51	234.20	5.0240	0.68899	1.1641	344.78	0.18124	2.4296e-05	0.033650	supercritical
295.00	139.00	192.96	0.0051824	163.33	235.36	5.0280	0.68885	1.1616	345.41	0.18022	2.4330e-05	0.033680	supercritical
296.00	139.00	192.05	0.0052070	164.15	236.52	5.0319	0.68872	1.1591	346.04	0.17920	2.4365e-05	0.033711	supercritical
297.00	139.00	191.15	0.0052316	164.96	237.68	5.0358	0.68859	1.1567	346.66	0.17818	2.4400e-05	0.033743	supercritical
298.00	139.00	190.26	0.0052561	165.78	238.84	5.0397	0.68846	1.1543	347.29	0.17717	2.4435e-05	0.033775	supercritical
299.00	139.00	189.37	0.0052806	166.59	239.99	5.0435	0.68835	1.1519	347.91	0.17617	2.4471e-05	0.033807	supercritical
300.00	139.00	188.50	0.0053050	167.40	241.14	5.0474	0.68824	1.1496	348.53	0.17517	2.4507e-05	0.033840	supercritical
301.00	139.00	187.64	0.0053294	168.21	242.29	5.0512	0.68813	1.1473	349.15	0.17417	2.4543e-05	0.033873	supercritical
302.00	139.00	186.79	0.0053537	169.02	243.44	5.0550	0.68803	1.1451	349.76	0.17318	2.4579e-05	0.033906	supercritical
303.00	139.00	185.94	0.0053780	169.83	244.58	5.0588	0.68794	1.1429	350.38	0.17219	2.4615e-05	0.033940	supercritical
304.00	139.00	185.11	0.0054022	170.63	245.72	5.0625	0.68785	1.1408	350.99	0.17121	2.4652e-05	0.033973	supercritical
305.00	139.00	184.29	0.0054263	171.43	246.86	5.0663	0.68776	1.1387	351.60	0.17023	2.4689e-05	0.034007	supercritical
306.00	139.00	183.47	0.0054505	172.24	248.00	5.0700	0.68768	1.1367	352.21	0.16926	2.4726e-05	0.034041	supercritical
307.00	139.00	182.66	0.0054745	173.04	249.13	5.0737	0.68761	1.1346	352.82	0.16829	2.4763e-05	0.034074	supercritical
308.00	139.00	181.87	0.0054986	173.84	250.27	5.0774	0.68754	1.1327	353.42	0.16732	2.4800e-05	0.034105	supercritical
309.00	139.00	181.08	0.0055226	174.64	251.40	5.0811	0.68748	1.1307	354.03	0.16636	2.4838e-05	0.034130	supercritical
310.00	139.00	180.29	0.0055465	175.43	252.53	5.0847	0.68742	1.1288	354.63	0.16541	2.4875e-05	0.034162	supercritical
311.00	139.00	179.52	0.0055704	176.23	253.66	5.0884	0.68737	1.1269	355.23	0.16446	2.4913e-05	0.034206	supercritical
312.00	139.00	178.76	0.0055942	177.02	254.78	5.0920	0.68732	1.1251	355.83	0.16351	2.4951e-05	0.034249	supercritical
313.00	139.00	178.00	0.0056180	177.82	255.91	5.0956	0.68728	1.1233	356.43	0.16257	2.4990e-05	0.034293	supercritical
314.00	139.00	177.25	0.0056418	178.61	257.03	5.0991	0.68724	1.1215	357.02	0.16164	2.5028e-05	0.034337	supercritical
315.00	139.00	176.51	0.0056655	179.40	258.15	5.1027	0.68720	1.1198	357.62	0.16070	2.5066e-05	0.034382	supercritical
316.00	139.00	175.77	0.0056892	180.19	259.27	5.1063	0.68717	1.1181	358.21	0.15978	2.5105e-05	0.034427	supercritical
317.00	139.00	175.04	0.0057128	180.98	260.39	5.1098	0.68715	1.1164	358.80	0.15885	2.5144e-05	0.034472	supercritical
318.00	139.00	174.32	0.0057364	181.77	261.50	5.1133	0.68713	1.1147	359.39	0.15794	2.5183e-05	0.034517	supercritical
319.00	139.00	173.61	0.0057600	182.55	262.62	5.1168	0.68711	1.1131	359.98	0.15702	2.5222e-05	0.034563	supercritical
320.00	139.00	172.91	0.0057835	183.34	263.73	5.1203	0.68710	1.1115	360.56	0.15611	2.5261e-05	0.034609	supercritical
321.00	139.00	172.21	0.0058070	184.12	264.84	5.1237	0.68709	1.1100	361.15	0.15521	2.5300e-05	0.034656	supercritical
322.00	139.00	171.51	0.0058304	184.91	265.95	5.1272	0.68708	1.1084	361.73	0.15431	2.5339e-05	0.034702	supercritical
323.00	139.00	170.83	0.0058538	185.69	267.06	5.1306	0.68708	1.1069	362.31	0.15342	2.5379e-05	0.034749	supercritical
324.00	139.00	170.15	0.0058772	186.47	268.16	5.1340	0.68709	1.1055	362.89	0.15253	2.5418e-05	0.034796	supercritical
325.00	139.00	169.48	0.0059005	187.25	269.27	5.1375	0.68710	1.1040	363.47	0.15164	2.5458e-05	0.034844	supercritical
326.00	139.00	168.81	0.0059238	188.03	270.37	5.1408	0.68711	1.1026	364.04	0.15076	2.5498e-05	0.034892	supercritical
327.00	139.00	168.15	0.0059470	188.81	271.47	5.1442	0.68712	1.1012	364.62	0.14988	2.5538e-05	0.034940	supercritical
328.00	139.00	167.50	0.0059703	189.59	272.57	5.1476	0.68714	1.0998	365.19	0.14901	2.5578e-05	0.034988	supercritical
329.00	139.00	166.85	0.0059934	190.36	273.67	5.1509	0.68717	1.0984	365.76	0.14814	2.5618e-05	0.035036	supercritical
330.00	139.00	166.21	0.0060166	191.14	274.77	5.1543	0.68719	1.0971	366.33	0.14728	2.5658e-05	0.035085	supercritical
331.00	139.00	165.57	0.0060397	191.91	275.87	5.1576	0.68722	1.0958	366.90	0.14642	2.5698e-05	0.035134	supercritical
332.00	139.00	164.94	0.0060628	192.69	276.96	5.1609	0.68726	1.0945	367.47	0.14557	2.5739e-05	0.035183	supercritical
333.00	139.00	164.32	0.0060858	193.46	278.06	5.1642	0.68730	1.0932	368.03	0.14472	2.5779e-05	0.035233	supercritical
334.00	139.00	163.70	0.0061088	194.24	279.15	5.1674	0.68734	1.0920	368.59	0.14387	2.5820e-05	0.035282	supercritical
335.00	139.00	163.08	0.0061318	195.01	280.24	5.1707	0.68738	1.0908	369.16	0.14303	2.5860e-05	0.035332	supercritical
336.00	139.00	162.48	0.0061548	195.78	281.33	5.1740	0.68743	1.0896	369.72	0.14220	2.5901e-05	0.035382	supercritical
337.00	139.00	161.87	0.0061777	196.55	282.42	5.1772	0.68748	1.0884	370.28	0.14136	2.5942e-05	0.035432	supercritical
338.00	139.00	161.28	0.0062005	197.32	283.51	5.1804	0.68754	1.0872	370.83	0.14054	2.5982e-05	0.035483	supercritical
339.00	139.00	160.68	0.0062234	198.09	284.59	5.1836	0.68760	1.0861	371.39	0.13971	2.6023e-05	0.035533	supercritical
340.00	139.00	160.10	0.0062462	198.86	285.68	5.1868	0.68766	1.0850	371.94	0.13889	2.6064e-05	0.035584	supercritical
341.00	139.00	159.51	0.0062690	199.62	286.76	5.1900	0.68772	1.0839	372.50	0.13808	2.6105e-05	0.035635	supercritical
342.00	139.00	158.94	0.0062918	200.39	287.85	5.1932	0.68779	1.0828	373.05	0.13727	2.6146e-05	0.035687	supercritical
343.00	139.00	158.37	0.0063145	201.16	288.93	5.1963	0.68786	1.0817	373.60	0.13646	2.6187e-05	0.035738	supercritical
344.00	139.00	157.80	0.0063372	201.92	290.01	5.1995	0.68793	1.0807	374.15	0.13566	2.6229e-05	0.035789	supercritical
345.00	139.00	157.24	0.0063599	202.69	291.09	5.2026	0.68801	1.0797	374.70	0.13486	2.6270e-05	0.035841	supercritical
346.00	139.00	156.68	0.0063825	203.45	292.17	5.2057	0.68809	1.0787	375.24	0.13407	2.6311e-05	0.035893	supercritical
347.00	139.00	156.13	0.0064051	204.22	293.25	5.2089	0.68818	1.0777	375.79	0.13328	2.6352e-05	0.035945	supercritical
348.00	139.00	155.58	0.0064277	204.98	294.32	5.2120	0.68826	1.0767	376.33	0.13249	2.6394e-05	0.035997	supercritical
349.00	139.00	155.03	0.0064503	205.74	295.40	5.2150	0.68835	1.0757	376.87	0.13171	2.6435e-05	0.036050	supercritical
350.00	139.00	154.49	0.0064728	206.50	296.48	5.2181	0.68844	1.0748	377.41	0.13094	2.6477e-05	0.036102	supercritical
351.00	139.00	153.96	0.0064953	207.27	297.55	5.2212	0.68854	1.0739	377.95	0.13016	2.6518e-05	0.036155	supercritical
352.00	139.00	153.43	0.0065178	208.03	298.62	5.2242	0.68863	1.0730	378.49	0.12939	2.6560e-05	0.036208	supercritical
353.00	139.00	152.90	0.0065402	208.79	299.70	5.2273	0.68873	1.0721	379.02	0.12863	2.6601e-05	0.036261	supercritical
354.00	139.00	152.38	0.0065626	209.55	300.77	5.2303	0.68884	1.0712	379.56	0.12787	2.6643e-05	0.036314	supercritical
355.00	139.00	151.86	0.0065850	210.31	301.84	5.2333	0.68894	1.0703	380.09	0.12711	2.6684e-05	0.036367	supercritical
356.00	139.00	151.35	0.0066074	211.07	302.91	5.2363	0.68905	1.0695	380.62	0.12636	2.6726e-05	0.036421	supercritical
357.00	139.00	150.84	0.0066297	211.82	303.98	5.2393	0.68916	1.0686	381.16	0.12561	2.6768e-05	0.036474	supercritical
358.00	139.00	150.33	0.0066520	212.58	305.05	5.2423	0.68928	1.0678	381.68	0.12486	2.6810e-05	0.036528	supercritical
359.00	139.00	149.83	0.0066743	213.34	306.11	5.2453	0.68939	1.0670	382.21	0.12412	2.6851e-05	0.036582	supercritical
360.00	139.00	149.33	0.0066966	214.10	307.18	5.2483	0.68951	1.0662	382.74	0.12339	2.6893e-05	0.036636	supercritical
361.00	139.00	148.83	0.0067189	214.85	308.25	5.2512	0.68963	1.0654	383.27	0.12265	2.6935e-05	0.036690	supercritical
362.00	139.00	148.34	0.0067411	215.61	309.31	5.2542	0.68976	1.0647	383.79	0.12192	2.6977e-05	0.036744	supercritical
363.00	139.00	147.86	0.0067633	216.37	310.37	5.2571	0.68988	1.0639	384.31	0.12120	2.7019e-05	0.036798	supercritical
364.00	139.00	147.37	0.0067854	217.12	311.44	5.2600	0.69001	1.0632	384.83	0.12048	2.7061e-05	0.036853	supercritical
365.00	139.00	146.89	0.0068076	217.88	312.50	5.2630	0.69014	1.0624	385.36	0.11976	2.7103e-05	0.036907	supercritical
366.00	139.00	146.42	0.0068297	218.63	313.56	5.2659	0.69027	1.0617	385.87	0.11904	2.7144e-05	0.036962	supercritical
367.00	139.00	145.95	0.0068518	219.38	314.62	5.2688	0.69041	1.0610	386.39	0.11833	2.7186e-05	0.037017	supercritical
368.00	139.00	145.48	0.0068739	220.14	315.69	5.2716	0.69055	1.0603	386.91	0.11763	2.7228e-05	0.037072	supercritical
369.00	139.00	145.01	0.0068960	220.89	316.75	5.2745	0.69069	1.0597	387.42	0.11692	2.7270e-05	0.037127	supercritical
370.00	139.00	144.55	0.0069180	221.64	317.80	5.2774	0.69083	1.0590	387.94	0.11622	2.7312e-05	0.037182	supercritical
371.00	139.00	144.09	0.0069400	222.40	318.86	5.2802	0.69097	1.0583	388.45	0.11553	2.7355e-05	0.037237	supercritical
372.00	139.00	143.64	0.0069620	223.15	319.92	5.2831	0.69112	1.0577	388.96	0.11483	2.7397e-05	0.037292	supercritical
373.00	139.00	143.19	0.0069840	223.90	320.98	5.2859	0.69127	1.0571	389.47	0.11415	2.7439e-05	0.037348	supercritical
374.00	139.00	142.74	0.0070059	224.65	322.04	5.2888	0.69142	1.0564	389.98	0.11346	2.7481e-05	0.037403	supercritical
375.00	139.00	142.29	0.0070278	225.40	323.09	5.2916	0.69157	1.0558	390.49	0.11278	2.7523e-05	0.037459	supercritical
376.00	139.00	141.85	0.0070497	226.16	324.15	5.2944	0.69173	1.0552	391.00	0.11210	2.7565e-05	0.037514	supercritical
377.00	139.00	141.41	0.0070716	226.91	325.20	5.2972	0.69189	1.0546	391.51	0.11143	2.7607e-05	0.037570	supercritical
378.00	139.00	140.97	0.0070935	227.66	326.26	5.3000	0.69205	1.0541	392.01	0.11076	2.7649e-05	0.037626	supercritical
379.00	139.00	140.54	0.0071153	228.41	327.31	5.3028	0.69221	1.0535	392.51	0.11009	2.7691e-05	0.037682	supercritical
380.00	139.00	140.11	0.0071372	229.16	328.36	5.3055	0.69237	1.0529	393.02	0.10942	2.7734e-05	0.037738	supercritical
381.00	139.00	139.69	0.0071590	229.91	329.42	5.3083	0.69254	1.0524	393.52	0.10876	2.7776e-05	0.037794	supercritical
382.00	139.00	139.26	0.0071807	230.66	330.47	5.3111	0.69270	1.0518	394.02	0.10811	2.7818e-05	0.037850	supercritical
383.00	139.00	138.84	0.0072025	231.40	331.52	5.3138	0.69287	1.0513	394.52	0.10745	2.7860e-05	0.037906	supercritical
384.00	139.00	138.42	0.0072243	232.15	332.57	5.3166	0.69305	1.0508	395.01	0.10680	2.7902e-05	0.037963	supercritical
385.00	139.00	138.01	0.0072460	232.90	333.62	5.3193	0.69322	1.0503	395.51	0.10616	2.7944e-05	0.038019	supercritical
386.00	139.00	137.60	0.0072677	233.65	334.67	5.3220	0.69339	1.0498	396.01	0.10551	2.7987e-05	0.038076	supercritical
387.00	139.00	137.19	0.0072894	234.40	335.72	5.3247	0.69357	1.0493	396.50	0.10487	2.8029e-05	0.038132	supercritical
388.00	139.00	136.78	0.0073110	235.15	336.77	5.3274	0.69375	1.0488	396.99	0.10424	2.8071e-05	0.038189	supercritical
389.00	139.00	136.38	0.0073327	235.89	337.82	5.3301	0.69393	1.0483	397.49	0.10360	2.8113e-05	0.038246	supercritical
390.00	139.00	135.97	0.0073543	236.64	338.87	5.3328	0.69411	1.0479	397.98	0.10297	2.8155e-05	0.038302	supercritical
391.00	139.00	135.58	0.0073759	237.39	339.91	5.3355	0.69430	1.0474	398.47	0.10234	2.8198e-05	0.038359	supercritical
392.00	139.00	135.18	0.0073975	238.14	340.96	5.3382	0.69448	1.0470	398.96	0.10172	2.8240e-05	0.038416	supercritical
393.00	139.00	134.79	0.0074191	238.88	342.01	5.3408	0.69467	1.0465	399.45	0.10110	2.8282e-05	0.038473	supercritical
394.00	139.00	134.40	0.0074407	239.63	343.05	5.3435	0.69486	1.0461	399.93	0.10048	2.8324e-05	0.038530	supercritical
395.00	139.00	134.01	0.0074622	240.37	344.10	5.3462	0.69505	1.0457	400.42	0.099868	2.8366e-05	0.038587	supercritical
396.00	139.00	133.62	0.0074838	241.12	345.15	5.3488	0.69524	1.0452	400.90	0.099256	2.8409e-05	0.038645	supercritical
397.00	139.00	133.24	0.0075053	241.87	346.19	5.3514	0.69543	1.0448	401.39	0.098648	2.8451e-05	0.038702	supercritical
398.00	139.00	132.86	0.0075268	242.61	347.24	5.3541	0.69563	1.0444	401.87	0.098043	2.8493e-05	0.038759	supercritical
399.00	139.00	132.48	0.0075482	243.36	348.28	5.3567	0.69583	1.0440	402.35	0.097441	2.8535e-05	0.038817	supercritical
400.00	139.00	132.11	0.0075697	244.10	349.32	5.3593	0.69603	1.0437	402.83	0.096843	2.8577e-05	0.038874	supercritical
401.00	139.00	131.73	0.0075911	244.85	350.37	5.3619	0.69623	1.0433	403.31	0.096247	2.8619e-05	0.038931	supercritical
402.00	139.00	131.36	0.0076126	245.60	351.41	5.3645	0.69643	1.0429	403.79	0.095654	2.8662e-05	0.038989	supercritical
403.00	139.00	130.99	0.0076340	246.34	352.45	5.3671	0.69663	1.0425	404.27	0.095064	2.8704e-05	0.039047	supercritical
404.00	139.00	130.63	0.0076554	247.09	353.49	5.3697	0.69684	1.0422	404.75	0.094478	2.8746e-05	0.039104	supercritical
405.00	139.00	130.26	0.0076767	247.83	354.54	5.3723	0.69704	1.0418	405.22	0.093894	2.8788e-05	0.039162	supercritical
406.00	139.00	129.90	0.0076981	248.57	355.58	5.3748	0.69725	1.0415	405.70	0.093313	2.8830e-05	0.039220	supercritical
407.00	139.00	129.54	0.0077195	249.32	356.62	5.3774	0.69746	1.0412	406.17	0.092735	2.8872e-05	0.039278	supercritical
408.00	139.00	129.19	0.0077408	250.06	357.66	5.3799	0.69767	1.0408	406.64	0.092160	2.8915e-05	0.039335	supercritical
409.00	139.00	128.83	0.0077621	250.81	358.70	5.3825	0.69788	1.0405	407.12	0.091588	2.8957e-05	0.039393	supercritical
410.00	139.00	128.48	0.0077834	251.55	359.74	5.3850	0.69809	1.0402	407.59	0.091019	2.8999e-05	0.039451	supercritical
411.00	139.00	128.13	0.0078047	252.30	360.78	5.3876	0.69831	1.0399	408.06	0.090453	2.9041e-05	0.039509	supercritical
412.00	139.00	127.78	0.0078260	253.04	361.82	5.3901	0.69853	1.0396	408.53	0.089889	2.9083e-05	0.039567	supercritical
413.00	139.00	127.43	0.0078472	253.78	362.86	5.3926	0.69874	1.0393	408.99	0.089329	2.9125e-05	0.039625	supercritical
414.00	139.00	127.09	0.0078685	254.53	363.90	5.3951	0.69896	1.0390	409.46	0.088771	2.9167e-05	0.039683	supercritical
415.00	139.00	126.75	0.0078897	255.27	364.94	5.3976	0.69918	1.0387	409.93	0.088216	2.9209e-05	0.039742	supercritical
416.00	139.00	126.41	0.0079109	256.02	365.98	5.4001	0.69940	1.0384	410.39	0.087664	2.9251e-05	0.039800	supercritical
417.00	139.00	126.07	0.0079321	256.76	367.02	5.4026	0.69963	1.0382	410.86	0.087115	2.9293e-05	0.039858	supercritical
418.00	139.00	125.73	0.0079533	257.50	368.05	5.4051	0.69985	1.0379	411.32	0.086568	2.9335e-05	0.039916	supercritical
419.00	139.00	125.40	0.0079744	258.25	369.09	5.4076	0.70007	1.0377	411.78	0.086024	2.9377e-05	0.039975	supercritical
420.00	139.00	125.07	0.0079956	258.99	370.13	5.4101	0.70030	1.0374	412.24	0.085483	2.9419e-05	0.040033	supercritical
421.00	139.00	124.74	0.0080167	259.73	371.17	5.4125	0.70053	1.0372	412.70	0.084945	2.9461e-05	0.040091	supercritical
422.00	139.00	124.41	0.0080379	260.48	372.20	5.4150	0.70076	1.0369	413.16	0.084409	2.9503e-05	0.040150	supercritical
423.00	139.00	124.09	0.0080590	261.22	373.24	5.4174	0.70099	1.0367	413.62	0.083876	2.9545e-05	0.040208	supercritical
424.00	139.00	123.76	0.0080801	261.96	374.28	5.4199	0.70122	1.0364	414.08	0.083345	2.9587e-05	0.040267	supercritical
425.00	139.00	123.44	0.0081012	262.71	375.31	5.4223	0.70145	1.0362	414.54	0.082817	2.9629e-05	0.040325	supercritical
426.00	139.00	123.12	0.0081222	263.45	376.35	5.4248	0.70168	1.0360	415.00	0.082292	2.9671e-05	0.040384	supercritical
427.00	139.00	122.80	0.0081433	264.19	377.39	5.4272	0.70192	1.0358	415.45	0.081770	2.9713e-05	0.040443	supercritical
428.00	139.00	122.48	0.0081644	264.94	378.42	5.4296	0.70215	1.0356	415.91	0.081250	2.9755e-05	0.040501	supercritical
429.00	139.00	122.17	0.0081854	265.68	379.46	5.4320	0.70239	1.0354	416.36	0.080732	2.9797e-05	0.040560	supercritical
430.00	139.00	121.86	0.0082064	266.42	380.49	5.4344	0.70262	1.0352	416.81	0.080217	2.9839e-05	0.040619	supercritical
431.00	139.00	121.54	0.0082274	267.17	381.53	5.4368	0.70286	1.0350	417.26	0.079705	2.9881e-05	0.040677	supercritical
432.00	139.00	121.24	0.0082484	267.91	382.56	5.4392	0.70310	1.0348	417.72	0.079195	2.9922e-05	0.040736	supercritical
433.00	139.00	120.93	0.0082694	268.65	383.60	5.4416	0.70334	1.0346	418.17	0.078688	2.9964e-05	0.040795	supercritical
434.00	139.00	120.62	0.0082904	269.39	384.63	5.4440	0.70358	1.0344	418.62	0.078183	3.0006e-05	0.040854	supercritical
435.00	139.00	120.32	0.0083113	270.14	385.67	5.4464	0.70383	1.0342	419.06	0.077681	3.0048e-05	0.040913	supercritical
436.00	139.00	120.02	0.0083323	270.88	386.70	5.4488	0.70407	1.0341	419.51	0.077181	3.0090e-05	0.040972	supercritical
437.00	139.00	119.71	0.0083532	271.62	387.73	5.4511	0.70431	1.0339	419.96	0.076684	3.0131e-05	0.041030	supercritical
438.00	139.00	119.42	0.0083741	272.37	388.77	5.4535	0.70456	1.0337	420.41	0.076189	3.0173e-05	0.041089	supercritical
439.00	139.00	119.12	0.0083950	273.11	389.80	5.4559	0.70481	1.0336	420.85	0.075697	3.0215e-05	0.041148	supercritical
440.00	139.00	118.82	0.0084159	273.85	390.83	5.4582	0.70505	1.0334	421.30	0.075207	3.0256e-05	0.041207	supercritical
441.00	139.00	118.53	0.0084368	274.60	391.87	5.4606	0.70530	1.0333	421.74	0.074719	3.0298e-05	0.041266	supercritical
442.00	139.00	118.24	0.0084577	275.34	392.90	5.4629	0.70555	1.0331	422.18	0.074234	3.0340e-05	0.041325	supercritical
443.00	139.00	117.94	0.0084786	276.08	393.93	5.4652	0.70580	1.0330	422.62	0.073751	3.0381e-05	0.041384	supercritical
444.00	139.00	117.65	0.0084994	276.82	394.97	5.4676	0.70605	1.0329	423.07	0.073270	3.0423e-05	0.041443	supercritical
445.00	139.00	117.37	0.0085203	277.57	396.00	5.4699	0.70630	1.0327	423.51	0.072792	3.0465e-05	0.041503	supercritical
446.00	139.00	117.08	0.0085411	278.31	397.03	5.4722	0.70655	1.0326	423.95	0.072316	3.0506e-05	0.041562	supercritical
447.00	139.00	116.80	0.0085619	279.05	398.06	5.4745	0.70681	1.0325	424.39	0.071842	3.0548e-05	0.041621	supercritical
448.00	139.00	116.51	0.0085827	279.80	399.10	5.4768	0.70706	1.0324	424.82	0.071371	3.0589e-05	0.041680	supercritical
449.00	139.00	116.23	0.0086035	280.54	400.13	5.4791	0.70731	1.0323	425.26	0.070902	3.0631e-05	0.041739	supercritical
450.00	139.00	115.95	0.0086243	281.28	401.16	5.4814	0.70757	1.0321	425.70	0.070435	3.0673e-05	0.041798	supercritical
451.00	139.00	115.67	0.0086451	282.03	402.19	5.4837	0.70783	1.0320	426.13	0.069971	3.0714e-05	0.041858	supercritical
452.00	139.00	115.40	0.0086659	282.77	403.23	5.4860	0.70808	1.0319	426.57	0.069509	3.0756e-05	0.041917	supercritical
453.00	139.00	115.12	0.0086866	283.51	404.26	5.4883	0.70834	1.0318	427.00	0.069049	3.0797e-05	0.041976	supercritical
454.00	139.00	114.85	0.0087073	284.26	405.29	5.4906	0.70860	1.0317	427.44	0.068591	3.0838e-05	0.042035	supercritical
455.00	139.00	114.57	0.0087281	285.00	406.32	5.4928	0.70886	1.0316	427.87	0.068135	3.0880e-05	0.042095	supercritical
456.00	139.00	114.30	0.0087488	285.74	407.35	5.4951	0.70912	1.0316	428.30	0.067682	3.0921e-05	0.042154	supercritical
457.00	139.00	114.03	0.0087695	286.49	408.38	5.4974	0.70938	1.0315	428.74	0.067231	3.0963e-05	0.042213	supercritical
458.00	139.00	113.76	0.0087902	287.23	409.42	5.4996	0.70964	1.0314	429.17	0.066782	3.1004e-05	0.042273	supercritical
459.00	139.00	113.50	0.0088109	287.98	410.45	5.5019	0.70990	1.0313	429.60	0.066335	3.1045e-05	0.042332	supercritical
460.00	139.00	113.23	0.0088316	288.72	411.48	5.5041	0.71016	1.0312	430.03	0.065890	3.1087e-05	0.042391	supercritical
461.00	139.00	112.97	0.0088523	289.46	412.51	5.5063	0.71043	1.0312	430.46	0.065448	3.1128e-05	0.042451	supercritical
462.00	139.00	112.70	0.0088729	290.21	413.54	5.5086	0.71069	1.0311	430.88	0.065007	3.1169e-05	0.042510	supercritical
463.00	139.00	112.44	0.0088936	290.95	414.57	5.5108	0.71095	1.0310	431.31	0.064569	3.1211e-05	0.042569	supercritical
464.00	139.00	112.18	0.0089142	291.70	415.60	5.5130	0.71122	1.0310	431.74	0.064132	3.1252e-05	0.042629	supercritical
465.00	139.00	111.92	0.0089348	292.44	416.63	5.5152	0.71148	1.0309	432.16	0.063698	3.1293e-05	0.042688	supercritical
466.00	139.00	111.66	0.0089555	293.18	417.66	5.5175	0.71175	1.0309	432.59	0.063266	3.1334e-05	0.042748	supercritical
467.00	139.00	111.41	0.0089761	293.93	418.70	5.5197	0.71202	1.0308	433.01	0.062836	3.1375e-05	0.042807	supercritical
468.00	139.00	111.15	0.0089967	294.67	419.73	5.5219	0.71228	1.0308	433.44	0.062408	3.1417e-05	0.042867	supercritical
469.00	139.00	110.90	0.0090173	295.42	420.76	5.5241	0.71255	1.0307	433.86	0.061982	3.1458e-05	0.042926	supercritical
470.00	139.00	110.65	0.0090379	296.16	421.79	5.5263	0.71282	1.0307	434.28	0.061558	3.1499e-05	0.042986	supercritical
471.00	139.00	110.39	0.0090584	296.91	422.82	5.5285	0.71309	1.0306	434.71	0.061136	3.1540e-05	0.043045	supercritical
472.00	139.00	110.14	0.0090790	297.65	423.85	5.5307	0.71336	1.0306	435.13	0.060716	3.1581e-05	0.043105	supercritical
473.00	139.00	109.90	0.0090996	298.40	424.88	5.5328	0.71363	1.0306	435.55	0.060298	3.1622e-05	0.043164	supercritical
474.00	139.00	109.65	0.0091201	299.14	425.91	5.5350	0.71390	1.0305	435.97	0.059882	3.1663e-05	0.043224	supercritical
475.00	139.00	109.40	0.0091406	299.89	426.94	5.5372	0.71417	1.0305	436.39	0.059468	3.1704e-05	0.043283	supercritical
476.00	139.00	109.16	0.0091612	300.63	427.97	5.5393	0.71444	1.0305	436.80	0.059056	3.1745e-05	0.043343	supercritical
477.00	139.00	108.91	0.0091817	301.38	429.00	5.5415	0.71471	1.0305	437.22	0.058645	3.1786e-05	0.043402	supercritical
478.00	139.00	108.67	0.0092022	302.12	430.03	5.5437	0.71499	1.0305	437.64	0.058237	3.1827e-05	0.043462	supercritical
479.00	139.00	108.43	0.0092227	302.87	431.06	5.5458	0.71526	1.0304	438.06	0.057831	3.1868e-05	0.043521	supercritical
480.00	139.00	108.19	0.0092432	303.61	432.09	5.5480	0.71553	1.0304	438.47	0.057426	3.1909e-05	0.043581	supercritical
481.00	139.00	107.95	0.0092637	304.36	433.12	5.5501	0.71581	1.0304	438.89	0.057024	3.1950e-05	0.043640	supercritical
482.00	139.00	107.71	0.0092842	305.10	434.15	5.5523	0.71608	1.0304	439.30	0.056623	3.1991e-05	0.043700	supercritical
483.00	139.00	107.47	0.0093046	305.85	435.18	5.5544	0.71635	1.0304	439.72	0.056224	3.2031e-05	0.043760	supercritical
484.00	139.00	107.24	0.0093251	306.60	436.21	5.5565	0.71663	1.0304	440.13	0.055827	3.2072e-05	0.043819	supercritical
485.00	139.00	107.00	0.0093455	307.34	437.25	5.5586	0.71690	1.0304	440.54	0.055432	3.2113e-05	0.043879	supercritical
486.00	139.00	106.77	0.0093660	308.09	438.28	5.5608	0.71718	1.0304	440.95	0.055039	3.2154e-05	0.043938	supercritical
487.00	139.00	106.54	0.0093864	308.83	439.31	5.5629	0.71746	1.0304	441.37	0.054647	3.2195e-05	0.043998	supercritical
488.00	139.00	106.31	0.0094068	309.58	440.34	5.5650	0.71773	1.0304	441.78	0.054258	3.2235e-05	0.044058	supercritical
489.00	139.00	106.08	0.0094273	310.33	441.37	5.5671	0.71801	1.0304	442.19	0.053870	3.2276e-05	0.044117	supercritical
490.00	139.00	105.85	0.0094477	311.07	442.40	5.5692	0.71829	1.0304	442.60	0.053484	3.2317e-05	0.044177	supercritical
491.00	139.00	105.62	0.0094681	311.82	443.43	5.5713	0.71856	1.0304	443.01	0.053099	3.2357e-05	0.044237	supercritical
492.00	139.00	105.39	0.0094885	312.57	444.46	5.5734	0.71884	1.0305	443.42	0.052717	3.2398e-05	0.044296	supercritical
493.00	139.00	105.17	0.0095089	313.32	445.49	5.5755	0.71912	1.0305	443.82	0.052336	3.2439e-05	0.044356	supercritical
494.00	139.00	104.94	0.0095292	314.06	446.52	5.5776	0.71940	1.0305	444.23	0.051957	3.2479e-05	0.044416	supercritical
495.00	139.00	104.72	0.0095496	314.81	447.55	5.5797	0.71968	1.0305	444.64	0.051580	3.2520e-05	0.044475	supercritical
496.00	139.00	104.49	0.0095700	315.56	448.58	5.5818	0.71996	1.0305	445.04	0.051204	3.2560e-05	0.044535	supercritical
497.00	139.00	104.27	0.0095903	316.31	449.61	5.5838	0.72024	1.0306	445.45	0.050831	3.2601e-05	0.044594	supercritical
498.00	139.00	104.05	0.0096107	317.05	450.64	5.5859	0.72052	1.0306	445.85	0.050459	3.2641e-05	0.044654	supercritical
499.00	139.00	103.83	0.0096310	317.80	451.67	5.5880	0.72080	1.0306	446.26	0.050088	3.2682e-05	0.044714	supercritical
500.00	139.00	103.61	0.0096513	318.55	452.70	5.5900	0.72108	1.0307	446.66	0.049720	3.2722e-05	0.044773	supercritical
501.00	139.00	103.39	0.0096717	319.30	453.73	5.5921	0.72136	1.0307	447.07	0.049353	3.2763e-05	0.044833	supercritical
502.00	139.00	103.18	0.0096920	320.05	454.76	5.5942	0.72164	1.0307	447.47	0.048987	3.2803e-05	0.044893	supercritical
503.00	139.00	102.96	0.0097123	320.79	455.79	5.5962	0.72192	1.0308	447.87	0.048624	3.2843e-05	0.044952	supercritical
504.00	139.00	102.75	0.0097326	321.54	456.83	5.5982	0.72220	1.0308	448.27	0.048262	3.2884e-05	0.045012	supercritical
505.00	139.00	102.53	0.0097529	322.29	457.86	5.6003	0.72248	1.0309	448.67	0.047901	3.2924e-05	0.045072	supercritical
506.00	139.00	102.32	0.0097732	323.04	458.89	5.6023	0.72276	1.0309	449.07	0.047543	3.2964e-05	0.045131	supercritical
507.00	139.00	102.11	0.0097934	323.79	459.92	5.6044	0.72304	1.0310	449.47	0.047186	3.3005e-05	0.045191	supercritical
508.00	139.00	101.90	0.0098137	324.54	460.95	5.6064	0.72333	1.0310	449.87	0.046830	3.3045e-05	0.045251	supercritical
509.00	139.00	101.69	0.0098340	325.29	461.98	5.6084	0.72361	1.0311	450.27	0.046476	3.3085e-05	0.045310	supercritical
510.00	139.00	101.48	0.0098542	326.04	463.01	5.6104	0.72389	1.0311	450.67	0.046124	3.3125e-05	0.045370	supercritical
511.00	139.00	101.27	0.0098745	326.79	464.04	5.6125	0.72417	1.0312	451.07	0.045773	3.3166e-05	0.045430	supercritical
512.00	139.00	101.06	0.0098947	327.54	465.07	5.6145	0.72446	1.0312	451.46	0.045424	3.3206e-05	0.045489	supercritical
513.00	139.00	100.86	0.0099150	328.29	466.10	5.6165	0.72474	1.0313	451.86	0.045077	3.3246e-05	0.045549	supercritical
514.00	139.00	100.65	0.0099352	329.04	467.14	5.6185	0.72502	1.0313	452.26	0.044731	3.3286e-05	0.045609	supercritical
515.00	139.00	100.45	0.0099554	329.79	468.17	5.6205	0.72530	1.0314	452.65	0.044387	3.3326e-05	0.045668	supercritical
516.00	139.00	100.24	0.0099756	330.54	469.20	5.6225	0.72559	1.0315	453.05	0.044044	3.3366e-05	0.045728	supercritical
517.00	139.00	100.04	0.0099959	331.29	470.23	5.6245	0.72587	1.0315	453.44	0.043702	3.3406e-05	0.045788	supercritical
518.00	139.00	99.840	0.010016	332.04	471.26	5.6265	0.72615	1.0316	453.84	0.043363	3.3446e-05	0.045847	supercritical
519.00	139.00	99.639	0.010036	332.79	472.29	5.6285	0.72644	1.0317	454.23	0.043024	3.3486e-05	0.045907	supercritical
520.00	139.00	99.439	0.010056	333.54	473.33	5.6305	0.72672	1.0317	454.62	0.042688	3.3526e-05	0.045967	supercritical
521.00	139.00	99.240	0.010077	334.29	474.36	5.6325	0.72701	1.0318	455.01	0.042352	3.3566e-05	0.046026	supercritical
522.00	139.00	99.041	0.010097	335.04	475.39	5.6344	0.72729	1.0319	455.41	0.042019	3.3606e-05	0.046086	supercritical
523.00	139.00	98.844	0.010117	335.79	476.42	5.6364	0.72757	1.0320	455.80	0.041686	3.3646e-05	0.046146	supercritical
524.00	139.00	98.647	0.010137	336.55	477.45	5.6384	0.72786	1.0320	456.19	0.041356	3.3686e-05	0.046205	supercritical
525.00	139.00	98.451	0.010157	337.30	478.48	5.6404	0.72814	1.0321	456.58	0.041026	3.3726e-05	0.046265	supercritical
526.00	139.00	98.257	0.010177	338.05	479.52	5.6423	0.72843	1.0322	456.97	0.040698	3.3766e-05	0.046324	supercritical
527.00	139.00	98.062	0.010198	338.80	480.55	5.6443	0.72871	1.0323	457.36	0.040372	3.3805e-05	0.046384	supercritical
528.00	139.00	97.869	0.010218	339.56	481.58	5.6462	0.72900	1.0324	457.75	0.040047	3.3845e-05	0.046444	supercritical
529.00	139.00	97.677	0.010238	340.31	482.61	5.6482	0.72928	1.0324	458.13	0.039724	3.3885e-05	0.046503	supercritical
530.00	139.00	97.485	0.010258	341.06	483.65	5.6501	0.72957	1.0325	458.52	0.039401	3.3925e-05	0.046563	supercritical
531.00	139.00	97.294	0.010278	341.81	484.68	5.6521	0.72985	1.0326	458.91	0.039081	3.3964e-05	0.046623	supercritical
532.00	139.00	97.104	0.010298	342.57	485.71	5.6540	0.73014	1.0327	459.30	0.038761	3.4004e-05	0.046682	supercritical
533.00	139.00	96.915	0.010318	343.32	486.74	5.6560	0.73042	1.0328	459.68	0.038444	3.4044e-05	0.046742	supercritical
534.00	139.00	96.727	0.010338	344.07	487.78	5.6579	0.73070	1.0329	460.07	0.038127	3.4083e-05	0.046801	supercritical
535.00	139.00	96.539	0.010359	344.83	488.81	5.6598	0.73099	1.0330	460.45	0.037812	3.4123e-05	0.046861	supercritical
536.00	139.00	96.352	0.010379	345.58	489.84	5.6618	0.73127	1.0331	460.84	0.037498	3.4163e-05	0.046921	supercritical
537.00	139.00	96.166	0.010399	346.33	490.88	5.6637	0.73156	1.0332	461.22	0.037186	3.4202e-05	0.046980	supercritical
538.00	139.00	95.981	0.010419	347.09	491.91	5.6656	0.73184	1.0333	461.61	0.036875	3.4242e-05	0.047040	supercritical
539.00	139.00	95.796	0.010439	347.84	492.94	5.6675	0.73213	1.0334	461.99	0.036565	3.4281e-05	0.047099	supercritical
540.00	139.00	95.612	0.010459	348.60	493.98	5.6694	0.73241	1.0335	462.37	0.036257	3.4321e-05	0.047159	supercritical
541.00	139.00	95.429	0.010479	349.35	495.01	5.6714	0.73270	1.0336	462.76	0.035950	3.4360e-05	0.047218	supercritical
542.00	139.00	95.247	0.010499	350.11	496.04	5.6733	0.73298	1.0337	463.14	0.035645	3.4400e-05	0.047278	supercritical
543.00	139.00	95.066	0.010519	350.86	497.08	5.6752	0.73327	1.0338	463.52	0.035341	3.4439e-05	0.047338	supercritical
544.00	139.00	94.885	0.010539	351.62	498.11	5.6771	0.73355	1.0339	463.90	0.035038	3.4479e-05	0.047397	supercritical
545.00	139.00	94.705	0.010559	352.37	499.14	5.6790	0.73384	1.0340	464.28	0.034736	3.4518e-05	0.047457	supercritical
546.00	139.00	94.525	0.010579	353.13	500.18	5.6809	0.73412	1.0341	464.66	0.034436	3.4557e-05	0.047516	supercritical
547.00	139.00	94.347	0.010599	353.88	501.21	5.6828	0.73441	1.0342	465.04	0.034137	3.4597e-05	0.047576	supercritical
548.00	139.00	94.169	0.010619	354.64	502.25	5.6847	0.73469	1.0343	465.42	0.033839	3.4636e-05	0.047635	supercritical
549.00	139.00	93.992	0.010639	355.40	503.28	5.6865	0.73498	1.0344	465.80	0.033542	3.4675e-05	0.047695	supercritical
550.00	139.00	93.815	0.010659	356.15	504.32	5.6884	0.73526	1.0345	466.18	0.033247	3.4714e-05	0.047754	supercritical
551.00	139.00	93.640	0.010679	356.91	505.35	5.6903	0.73555	1.0346	466.55	0.032953	3.4754e-05	0.047814	supercritical
552.00	139.00	93.465	0.010699	357.67	506.39	5.6922	0.73583	1.0347	466.93	0.032661	3.4793e-05	0.047873	supercritical
553.00	139.00	93.290	0.010719	358.42	507.42	5.6940	0.73611	1.0348	467.31	0.032369	3.4832e-05	0.047933	supercritical
554.00	139.00	93.117	0.010739	359.18	508.45	5.6959	0.73640	1.0350	467.68	0.032079	3.4871e-05	0.047992	supercritical
555.00	139.00	92.944	0.010759	359.94	509.49	5.6978	0.73668	1.0351	468.06	0.031790	3.4910e-05	0.048052	supercritical
556.00	139.00	92.771	0.010779	360.69	510.53	5.6996	0.73697	1.0352	468.44	0.031503	3.4950e-05	0.048111	supercritical
557.00	139.00	92.600	0.010799	361.45	511.56	5.7015	0.73725	1.0353	468.81	0.031216	3.4989e-05	0.048171	supercritical
558.00	139.00	92.429	0.010819	362.21	512.60	5.7034	0.73753	1.0354	469.19	0.030931	3.5028e-05	0.048230	supercritical
559.00	139.00	92.259	0.010839	362.97	513.63	5.7052	0.73782	1.0355	469.56	0.030647	3.5067e-05	0.048290	supercritical
560.00	139.00	92.089	0.010859	363.73	514.67	5.7071	0.73810	1.0357	469.93	0.030364	3.5106e-05	0.048349	supercritical
561.00	139.00	91.920	0.010879	364.48	515.70	5.7089	0.73839	1.0358	470.31	0.030083	3.5145e-05	0.048408	supercritical
562.00	139.00	91.752	0.010899	365.24	516.74	5.7108	0.73867	1.0359	470.68	0.029802	3.5184e-05	0.048468	supercritical
563.00	139.00	91.585	0.010919	366.00	517.77	5.7126	0.73895	1.0360	471.05	0.029523	3.5223e-05	0.048527	supercritical
564.00	139.00	91.418	0.010939	366.76	518.81	5.7144	0.73924	1.0362	471.43	0.029245	3.5262e-05	0.048587	supercritical
565.00	139.00	91.251	0.010959	367.52	519.85	5.7163	0.73952	1.0363	471.80	0.028968	3.5301e-05	0.048646	supercritical
566.00	139.00	91.086	0.010979	368.28	520.88	5.7181	0.73980	1.0364	472.17	0.028693	3.5340e-05	0.048705	supercritical
567.00	139.00	90.921	0.010999	369.04	521.92	5.7199	0.74008	1.0365	472.54	0.028418	3.5378e-05	0.048765	supercritical
568.00	139.00	90.757	0.011018	369.80	522.96	5.7218	0.74037	1.0367	472.91	0.028145	3.5417e-05	0.048824	supercritical
569.00	139.00	90.593	0.011038	370.56	523.99	5.7236	0.74065	1.0368	473.28	0.027873	3.5456e-05	0.048884	supercritical
570.00	139.00	90.430	0.011058	371.32	525.03	5.7254	0.74093	1.0369	473.65	0.027602	3.5495e-05	0.048943	supercritical
571.00	139.00	90.267	0.011078	372.08	526.07	5.7272	0.74121	1.0370	474.02	0.027332	3.5534e-05	0.049002	supercritical
572.00	139.00	90.106	0.011098	372.84	527.10	5.7290	0.74150	1.0372	474.39	0.027063	3.5572e-05	0.049062	supercritical
573.00	139.00	89.944	0.011118	373.60	528.14	5.7309	0.74178	1.0373	474.76	0.026795	3.5611e-05	0.049121	supercritical
574.00	139.00	89.784	0.011138	374.36	529.18	5.7327	0.74206	1.0374	475.12	0.026529	3.5650e-05	0.049180	supercritical
575.00	139.00	89.624	0.011158	375.12	530.22	5.7345	0.74234	1.0376	475.49	0.026263	3.5689e-05	0.049240	supercritical
576.00	139.00	89.464	0.011178	375.88	531.25	5.7363	0.74262	1.0377	475.86	0.025999	3.5727e-05	0.049299	supercritical
577.00	139.00	89.306	0.011198	376.65	532.29	5.7381	0.74291	1.0378	476.23	0.025736	3.5766e-05	0.049358	supercritical
578.00	139.00	89.147	0.011217	377.41	533.33	5.7399	0.74319	1.0380	476.59	0.025474	3.5804e-05	0.049417	supercritical
579.00	139.00	88.990	0.011237	378.17	534.37	5.7417	0.74347	1.0381	476.96	0.025213	3.5843e-05	0.049477	supercritical
580.00	139.00	88.833	0.011257	378.93	535.41	5.7435	0.74375	1.0382	477.32	0.024953	3.5882e-05	0.049536	supercritical
581.00	139.00	88.677	0.011277	379.69	536.44	5.7452	0.74403	1.0384	477.69	0.024694	3.5920e-05	0.049595	supercritical
582.00	139.00	88.521	0.011297	380.46	537.48	5.7470	0.74431	1.0385	478.05	0.024436	3.5959e-05	0.049655	supercritical
583.00	139.00	88.365	0.011317	381.22	538.52	5.7488	0.74459	1.0387	478.42	0.024179	3.5997e-05	0.049714	supercritical
584.00	139.00	88.211	0.011336	381.98	539.56	5.7506	0.74487	1.0388	478.78	0.023924	3.6036e-05	0.049773	supercritical
585.00	139.00	88.057	0.011356	382.75	540.60	5.7524	0.74515	1.0389	479.15	0.023669	3.6074e-05	0.049832	supercritical
586.00	139.00	87.903	0.011376	383.51	541.64	5.7541	0.74543	1.0391	479.51	0.023415	3.6112e-05	0.049891	supercritical
587.00	139.00	87.750	0.011396	384.27	542.68	5.7559	0.74571	1.0392	479.87	0.023163	3.6151e-05	0.049951	supercritical
588.00	139.00	87.598	0.011416	385.04	543.72	5.7577	0.74599	1.0394	480.24	0.022911	3.6189e-05	0.050010	supercritical
589.00	139.00	87.446	0.011436	385.80	544.76	5.7595	0.74627	1.0395	480.60	0.022661	3.6228e-05	0.050069	supercritical
590.00	139.00	87.295	0.011455	386.56	545.79	5.7612	0.74655	1.0397	480.96	0.022412	3.6266e-05	0.050128	supercritical
591.00	139.00	87.144	0.011475	387.33	546.83	5.7630	0.74682	1.0398	481.32	0.022163	3.6304e-05	0.050187	supercritical
592.00	139.00	86.994	0.011495	388.09	547.87	5.7647	0.74710	1.0399	481.68	0.021916	3.6343e-05	0.050247	supercritical
593.00	139.00	86.845	0.011515	388.86	548.91	5.7665	0.74738	1.0401	482.04	0.021669	3.6381e-05	0.050306	supercritical
594.00	139.00	86.695	0.011535	389.62	549.95	5.7682	0.74766	1.0402	482.40	0.021424	3.6419e-05	0.050365	supercritical
595.00	139.00	86.547	0.011554	390.39	550.99	5.7700	0.74794	1.0404	482.76	0.021180	3.6457e-05	0.050424	supercritical
596.00	139.00	86.399	0.011574	391.15	552.04	5.7717	0.74821	1.0405	483.12	0.020936	3.6495e-05	0.050483	supercritical
597.00	139.00	86.252	0.011594	391.92	553.08	5.7735	0.74849	1.0407	483.48	0.020694	3.6534e-05	0.050542	supercritical
598.00	139.00	86.105	0.011614	392.69	554.12	5.7752	0.74877	1.0408	483.84	0.020452	3.6572e-05	0.050601	supercritical
599.00	139.00	85.958	0.011634	393.45	555.16	5.7770	0.74904	1.0410	484.20	0.020212	3.6610e-05	0.050660	supercritical
600.00	139.00	85.812	0.011653	394.22	556.20	5.7787	0.74932	1.0411	484.56	0.019972	3.6648e-05	0.050719	supercritical
