Temperature (K)	Pressure (bar)	Density (kg/m3)	Volume (m3/kg)	Internal Energy (kJ/kg)	Enthalpy (kJ/kg)	Entropy (J/g*K)	Cv (J/g*K)	Cp (J/g*K)	Sound Spd. (m/s)	Joule-Thomson (K/bar)	Viscosity (Pa*s)	Therm. Cond. (W/m*K)	Phase
60.000	79.000	1291.3	0.00077441	-185.41	-179.29	2.2365	1.0916	1.6569	1149.0	-0.037508	0.00061525	0.19713	liquid
61.000	79.000	1287.1	0.00077697	-183.77	-177.63	2.2639	1.0830	1.6588	1145.1	-0.037352	0.00058626	0.19578	liquid
62.000	79.000	1282.8	0.00077956	-182.13	-175.97	2.2909	1.0754	1.6604	1140.5	-0.037209	0.00055920	0.19444	liquid
63.000	79.000	1278.5	0.00078219	-180.49	-174.31	2.3174	1.0685	1.6616	1135.3	-0.037079	0.00053393	0.19310	liquid
64.000	79.000	1274.2	0.00078484	-178.85	-172.65	2.3436	1.0621	1.6625	1129.6	-0.036960	0.00051031	0.19175	liquid
65.000	79.000	1269.8	0.00078751	-177.21	-170.98	2.3694	1.0561	1.6630	1123.6	-0.036849	0.00048823	0.19041	liquid
66.000	79.000	1265.5	0.00079021	-175.56	-169.32	2.3948	1.0504	1.6634	1117.2	-0.036744	0.00046757	0.18907	liquid
67.000	79.000	1261.1	0.00079294	-173.92	-167.66	2.4198	1.0450	1.6635	1110.6	-0.036644	0.00044822	0.18773	liquid
68.000	79.000	1256.8	0.00079569	-172.28	-165.99	2.4445	1.0398	1.6634	1103.8	-0.036547	0.00043008	0.18638	liquid
69.000	79.000	1252.4	0.00079846	-170.64	-164.33	2.4687	1.0348	1.6632	1096.8	-0.036451	0.00041307	0.18504	liquid
70.000	79.000	1248.0	0.00080126	-169.00	-162.67	2.4927	1.0298	1.6629	1089.8	-0.036356	0.00039709	0.18370	liquid
71.000	79.000	1243.7	0.00080408	-167.36	-161.00	2.5163	1.0250	1.6625	1082.6	-0.036260	0.00038208	0.18236	liquid
72.000	79.000	1239.3	0.00080693	-165.72	-159.34	2.5395	1.0203	1.6621	1075.3	-0.036162	0.00036796	0.18102	liquid
73.000	79.000	1234.9	0.00080980	-164.08	-157.68	2.5624	1.0156	1.6616	1068.0	-0.036061	0.00035466	0.17968	liquid
74.000	79.000	1230.5	0.00081270	-162.44	-156.02	2.5850	1.0110	1.6612	1060.7	-0.035956	0.00034213	0.17833	liquid
75.000	79.000	1226.1	0.00081562	-160.80	-154.36	2.6073	1.0065	1.6607	1053.3	-0.035846	0.00033030	0.17699	liquid
76.000	79.000	1221.6	0.00081857	-159.16	-152.70	2.6293	1.0021	1.6603	1045.9	-0.035730	0.00031913	0.17565	liquid
77.000	79.000	1217.2	0.00082155	-157.53	-151.04	2.6510	0.99765	1.6600	1038.4	-0.035609	0.00030858	0.17431	liquid
78.000	79.000	1212.8	0.00082456	-155.89	-149.38	2.6724	0.99329	1.6597	1031.0	-0.035480	0.00029858	0.17297	liquid
79.000	79.000	1208.3	0.00082759	-154.26	-147.72	2.6936	0.98898	1.6595	1023.5	-0.035345	0.00028912	0.17162	liquid
80.000	79.000	1203.9	0.00083066	-152.62	-146.06	2.7145	0.98472	1.6594	1016.1	-0.035202	0.00028014	0.17028	liquid
81.000	79.000	1199.4	0.00083376	-150.99	-144.40	2.7351	0.98050	1.6593	1008.6	-0.035050	0.00027162	0.16893	liquid
82.000	79.000	1194.9	0.00083689	-149.35	-142.74	2.7554	0.97634	1.6594	1001.2	-0.034890	0.00026353	0.16759	liquid
83.000	79.000	1190.4	0.00084005	-147.72	-141.08	2.7755	0.97223	1.6596	993.68	-0.034721	0.00025583	0.16624	liquid
84.000	79.000	1185.9	0.00084324	-146.08	-139.42	2.7954	0.96816	1.6599	986.22	-0.034542	0.00024850	0.16490	liquid
85.000	79.000	1181.4	0.00084647	-144.45	-137.76	2.8151	0.96415	1.6603	978.75	-0.034354	0.00024151	0.16355	liquid
86.000	79.000	1176.8	0.00084974	-142.81	-136.10	2.8345	0.96018	1.6609	971.27	-0.034155	0.00023485	0.16220	liquid
87.000	79.000	1172.3	0.00085304	-141.18	-134.44	2.8537	0.95626	1.6616	963.80	-0.033945	0.00022848	0.16085	liquid
88.000	79.000	1167.7	0.00085639	-139.54	-132.78	2.8727	0.95239	1.6624	956.33	-0.033725	0.00022240	0.15950	liquid
89.000	79.000	1163.1	0.00085977	-137.91	-131.11	2.8915	0.94857	1.6634	948.85	-0.033493	0.00021658	0.15814	liquid
90.000	79.000	1158.5	0.00086319	-136.27	-129.45	2.9101	0.94480	1.6645	941.37	-0.033250	0.00021101	0.15679	liquid
91.000	79.000	1153.9	0.00086665	-134.63	-127.79	2.9285	0.94108	1.6657	933.89	-0.032994	0.00020567	0.15543	liquid
92.000	79.000	1149.2	0.00087015	-132.99	-126.12	2.9467	0.93741	1.6671	926.40	-0.032727	0.00020054	0.15408	liquid
93.000	79.000	1144.6	0.00087371	-131.35	-124.45	2.9647	0.93379	1.6687	918.91	-0.032446	0.00019562	0.15272	liquid
94.000	79.000	1139.9	0.00087730	-129.71	-122.78	2.9826	0.93021	1.6704	911.41	-0.032152	0.00019089	0.15136	liquid
95.000	79.000	1135.1	0.00088094	-128.07	-121.11	3.0003	0.92668	1.6722	903.90	-0.031844	0.00018633	0.15000	liquid
96.000	79.000	1130.4	0.00088464	-126.43	-119.44	3.0178	0.92320	1.6743	896.38	-0.031522	0.00018195	0.14864	liquid
97.000	79.000	1125.6	0.00088838	-124.78	-117.76	3.0351	0.91977	1.6764	888.85	-0.031186	0.00017773	0.14728	liquid
98.000	79.000	1120.9	0.00089218	-123.13	-116.08	3.0523	0.91639	1.6788	881.31	-0.030835	0.00017365	0.14591	liquid
99.000	79.000	1116.0	0.00089602	-121.48	-114.40	3.0694	0.91305	1.6813	873.75	-0.030468	0.00016972	0.14455	liquid
100.00	79.000	1111.2	0.00089993	-119.83	-112.72	3.0863	0.90976	1.6840	866.18	-0.030084	0.00016591	0.14318	liquid
101.00	79.000	1106.3	0.00090389	-118.18	-111.04	3.1031	0.90651	1.6868	858.60	-0.029685	0.00016224	0.14181	liquid
102.00	79.000	1101.4	0.00090791	-116.52	-109.35	3.1197	0.90332	1.6899	851.00	-0.029267	0.00015868	0.14044	liquid
103.00	79.000	1096.5	0.00091200	-114.86	-107.66	3.1362	0.90016	1.6931	843.38	-0.028832	0.00015523	0.13907	liquid
104.00	79.000	1091.5	0.00091614	-113.20	-105.96	3.1526	0.89706	1.6965	835.74	-0.028379	0.00015189	0.13770	liquid
105.00	79.000	1086.5	0.00092036	-111.53	-104.26	3.1688	0.89399	1.7001	828.08	-0.027905	0.00014865	0.13633	liquid
106.00	79.000	1081.5	0.00092464	-109.87	-102.56	3.1850	0.89098	1.7040	820.40	-0.027412	0.00014550	0.13495	liquid
107.00	79.000	1076.4	0.00092899	-108.19	-100.85	3.2010	0.88801	1.7080	812.70	-0.026898	0.00014245	0.13358	liquid
108.00	79.000	1071.3	0.00093342	-106.52	-99.145	3.2169	0.88508	1.7122	804.97	-0.026361	0.00013948	0.13221	liquid
109.00	79.000	1066.2	0.00093792	-104.84	-97.430	3.2327	0.88220	1.7167	797.22	-0.025802	0.00013658	0.13084	liquid
110.00	79.000	1061.0	0.00094250	-103.16	-95.711	3.2484	0.87936	1.7214	789.44	-0.025220	0.00013377	0.12947	liquid
111.00	79.000	1055.8	0.00094716	-101.47	-93.987	3.2640	0.87657	1.7263	781.63	-0.024612	0.00013103	0.12810	liquid
112.00	79.000	1050.5	0.00095191	-99.779	-92.258	3.2795	0.87382	1.7315	773.79	-0.023978	0.00012836	0.12672	liquid
113.00	79.000	1045.2	0.00095675	-98.083	-90.524	3.2949	0.87112	1.7370	765.92	-0.023317	0.00012575	0.12535	liquid
114.00	79.000	1039.9	0.00096168	-96.382	-88.784	3.3103	0.86847	1.7427	758.01	-0.022628	0.00012320	0.12398	liquid
115.00	79.000	1034.4	0.00096670	-94.676	-87.039	3.3255	0.86586	1.7487	750.07	-0.021908	0.00012072	0.12260	liquid
116.00	79.000	1029.0	0.00097183	-92.964	-85.287	3.3407	0.86329	1.7550	742.10	-0.021157	0.00011829	0.12123	liquid
117.00	79.000	1023.5	0.00097706	-91.247	-83.529	3.3558	0.86078	1.7616	734.08	-0.020373	0.00011592	0.11986	liquid
118.00	79.000	1017.9	0.00098240	-89.525	-81.764	3.3708	0.85831	1.7686	726.03	-0.019554	0.00011360	0.11848	liquid
119.00	79.000	1012.3	0.00098785	-87.795	-79.991	3.3857	0.85589	1.7759	717.93	-0.018699	0.00011132	0.11711	liquid
120.00	79.000	1006.6	0.00099342	-86.060	-78.212	3.4006	0.85351	1.7835	709.79	-0.017804	0.00010910	0.11574	liquid
121.00	79.000	1000.9	0.00099912	-84.317	-76.424	3.4155	0.85119	1.7916	701.61	-0.016869	0.00010692	0.11436	liquid
122.00	79.000	995.08	0.0010049	-82.568	-74.629	3.4302	0.84891	1.8000	693.37	-0.015891	0.00010478	0.11299	liquid
123.00	79.000	989.21	0.0010109	-80.810	-72.824	3.4450	0.84669	1.8089	685.09	-0.014867	0.00010269	0.11161	liquid
124.00	79.000	983.28	0.0010170	-79.045	-71.011	3.4597	0.84452	1.8182	676.75	-0.013795	0.00010063	0.11024	liquid
125.00	79.000	977.27	0.0010233	-77.271	-69.188	3.4743	0.84240	1.8280	668.36	-0.012671	9.8612e-05	0.10887	liquid
126.00	79.000	971.18	0.0010297	-75.489	-67.354	3.4889	0.84034	1.8384	659.91	-0.011493	9.6629e-05	0.10750	liquid
127.00	79.000	965.01	0.0010363	-73.697	-65.511	3.5035	0.83834	1.8493	651.41	-0.010256	9.4682e-05	0.10613	liquid
128.00	79.000	958.76	0.0010430	-71.895	-63.656	3.5180	0.83639	1.8608	642.84	-0.0089574	9.2768e-05	0.10475	liquid
129.00	79.000	952.42	0.0010500	-70.083	-61.789	3.5326	0.83451	1.8729	634.20	-0.0075927	9.0885e-05	0.10338	liquid
130.00	79.000	945.99	0.0010571	-68.261	-59.910	3.5471	0.83268	1.8857	625.49	-0.0061571	8.9033e-05	0.10202	liquid
131.00	79.000	939.47	0.0010644	-66.426	-58.017	3.5616	0.83093	1.8993	616.72	-0.0046458	8.7210e-05	0.10065	liquid
132.00	79.000	932.84	0.0010720	-64.579	-56.111	3.5761	0.82924	1.9136	607.87	-0.0030533	8.5416e-05	0.099278	liquid
133.00	79.000	926.10	0.0010798	-62.720	-54.190	3.5906	0.82762	1.9288	598.93	-0.0013734	8.3648e-05	0.097911	liquid
134.00	79.000	919.25	0.0010878	-60.847	-52.253	3.6051	0.82608	1.9450	589.92	0.00040060	8.1905e-05	0.096545	liquid
135.00	79.000	912.28	0.0010962	-58.959	-50.299	3.6196	0.82461	1.9621	580.82	0.0022760	8.0187e-05	0.095179	liquid
136.00	79.000	905.18	0.0011047	-57.056	-48.328	3.6341	0.82322	1.9804	571.63	0.0042611	7.8492e-05	0.093815	liquid
137.00	79.000	897.95	0.0011136	-55.136	-46.338	3.6487	0.82193	1.9999	562.34	0.0063651	7.6820e-05	0.092451	liquid
138.00	79.000	890.57	0.0011229	-53.199	-44.328	3.6633	0.82072	2.0207	552.95	0.0085980	7.5168e-05	0.091088	liquid
139.00	79.000	883.04	0.0011324	-51.243	-42.296	3.6780	0.81961	2.0429	543.46	0.010971	7.3536e-05	0.089726	liquid
140.00	79.000	875.35	0.0011424	-49.267	-40.242	3.6927	0.81861	2.0668	533.85	0.013498	7.1923e-05	0.088364	liquid
141.00	79.000	867.48	0.0011528	-47.269	-38.162	3.7075	0.81772	2.0924	524.12	0.016192	7.0328e-05	0.087002	liquid
142.00	79.000	859.42	0.0011636	-45.248	-36.056	3.7224	0.81695	2.1201	514.28	0.019071	6.8748e-05	0.085641	liquid
143.00	79.000	851.16	0.0011749	-43.203	-33.921	3.7374	0.81630	2.1499	504.30	0.022151	6.7185e-05	0.084280	liquid
144.00	79.000	842.69	0.0011867	-41.130	-31.755	3.7525	0.81580	2.1823	494.18	0.025455	6.5635e-05	0.082919	liquid
145.00	79.000	833.98	0.0011991	-39.028	-29.556	3.7677	0.81545	2.2174	483.92	0.029006	6.4097e-05	0.081557	liquid
146.00	79.000	825.01	0.0012121	-36.895	-27.320	3.7831	0.81526	2.2557	473.51	0.032831	6.2571e-05	0.080195	liquid
147.00	79.000	815.76	0.0012258	-34.727	-25.043	3.7986	0.81525	2.2976	462.94	0.036962	6.1054e-05	0.078831	liquid
148.00	79.000	806.21	0.0012404	-32.522	-22.723	3.8144	0.81544	2.3435	452.20	0.041434	5.9545e-05	0.077465	liquid
149.00	79.000	796.33	0.0012558	-30.275	-20.355	3.8303	0.81585	2.3942	441.29	0.046290	5.8042e-05	0.076096	liquid
150.00	79.000	786.08	0.0012721	-27.983	-17.933	3.8465	0.81650	2.4503	430.19	0.051579	5.6543e-05	0.074724	liquid
151.00	79.000	775.42	0.0012896	-25.640	-15.452	3.8630	0.81742	2.5127	418.91	0.057356	5.5046e-05	0.073348	liquid
152.00	79.000	764.31	0.0013084	-23.241	-12.905	3.8798	0.81863	2.5824	407.44	0.063690	5.3548e-05	0.071966	liquid
153.00	79.000	752.70	0.0013285	-20.780	-10.284	3.8970	0.82016	2.6609	395.78	0.070659	5.2047e-05	0.070578	liquid
154.00	79.000	740.53	0.0013504	-18.248	-7.5798	3.9146	0.82206	2.7497	383.92	0.078356	5.0540e-05	0.069182	liquid
155.00	79.000	727.71	0.0013742	-15.637	-4.7807	3.9327	0.82436	2.8508	371.87	0.086894	4.9022e-05	0.067776	supercritical
156.00	79.000	714.18	0.0014002	-12.935	-1.8733	3.9514	0.82709	2.9667	359.62	0.096406	4.7490e-05	0.066359	supercritical
157.00	79.000	699.82	0.0014289	-10.130	1.1587	3.9708	0.83032	3.1005	347.20	0.10705	4.5939e-05	0.064927	supercritical
158.00	79.000	684.51	0.0014609	-7.2061	4.3350	3.9910	0.83407	3.2559	334.62	0.11901	4.4363e-05	0.063479	supercritical
159.00	79.000	668.12	0.0014967	-4.1450	7.6792	4.0121	0.83840	3.4373	321.90	0.13252	4.2756e-05	0.062011	supercritical
160.00	79.000	650.47	0.0015373	-0.92523	11.220	4.0343	0.84336	3.6494	309.11	0.14783	4.1113e-05	0.060520	supercritical
161.00	79.000	631.39	0.0015838	2.4777	14.990	4.0577	0.84895	3.8967	296.32	0.16521	3.9426e-05	0.059000	supercritical
162.00	79.000	610.69	0.0016375	6.0896	19.026	4.0827	0.85517	4.1818	283.66	0.18494	3.7691e-05	0.057444	supercritical
163.00	79.000	588.20	0.0017001	9.9343	23.365	4.1094	0.86187	4.5019	271.32	0.20726	3.5908e-05	0.055839	supercritical
164.00	79.000	563.86	0.0017735	14.027	28.037	4.1380	0.86873	4.8439	259.62	0.23227	3.4082e-05	0.054167	supercritical
165.00	79.000	537.79	0.0018595	18.360	33.050	4.1685	0.87508	5.1763	248.92	0.25976	3.2235e-05	0.052404	supercritical
166.00	79.000	510.42	0.0019592	22.891	38.368	4.2006	0.87990	5.4437	239.70	0.28906	3.0405e-05	0.050526	supercritical
167.00	79.000	482.59	0.0020722	27.522	43.892	4.2338	0.88206	5.5760	232.34	0.31889	2.8650e-05	0.048531	supercritical
168.00	79.000	455.44	0.0021957	32.112	49.458	4.2670	0.88083	5.5242	227.00	0.34754	2.7038e-05	0.046455	supercritical
169.00	79.000	430.07	0.0023252	36.514	54.883	4.2992	0.87639	5.3009	223.53	0.37347	2.5620e-05	0.044385	supercritical
170.00	79.000	407.16	0.0024560	40.622	60.024	4.3296	0.86962	4.9712	221.55	0.39581	2.4416e-05	0.042418	supercritical
171.00	79.000	386.90	0.0025847	44.395	64.814	4.3576	0.86158	4.6062	220.66	0.41440	2.3415e-05	0.040623	supercritical
172.00	79.000	369.13	0.0027091	47.839	69.241	4.3835	0.85310	4.2526	220.50	0.42953	2.2590e-05	0.039028	supercritical
173.00	79.000	353.55	0.0028284	50.985	73.330	4.4072	0.84468	3.9319	220.84	0.44167	2.1909e-05	0.037631	supercritical
174.00	79.000	339.84	0.0029426	53.871	77.118	4.4290	0.83658	3.6501	221.50	0.45130	2.1346e-05	0.036413	supercritical
175.00	79.000	327.69	0.0030517	56.534	80.643	4.4492	0.82892	3.4057	222.38	0.45884	2.0877e-05	0.035351	supercritical
176.00	79.000	316.84	0.0031562	59.006	83.940	4.4680	0.82172	3.1944	223.42	0.46465	2.0483e-05	0.034423	supercritical
177.00	79.000	307.09	0.0032564	61.316	87.041	4.4856	0.81498	3.0115	224.55	0.46904	2.0151e-05	0.033610	supercritical
178.00	79.000	298.27	0.0033527	63.485	89.971	4.5021	0.80866	2.8525	225.76	0.47223	1.9869e-05	0.032892	supercritical
179.00	79.000	290.23	0.0034455	65.533	92.753	4.5176	0.80274	2.7136	227.01	0.47445	1.9628e-05	0.032258	supercritical
180.00	79.000	282.88	0.0035351	67.476	95.404	4.5324	0.79718	2.5915	228.30	0.47583	1.9422e-05	0.031694	supercritical
181.00	79.000	276.10	0.0036219	69.327	97.940	4.5465	0.79196	2.4835	229.61	0.47653	1.9244e-05	0.031190	supercritical
182.00	79.000	269.83	0.0037060	71.097	100.37	4.5599	0.78703	2.3875	230.92	0.47664	1.9092e-05	0.030740	supercritical
183.00	79.000	264.01	0.0037877	72.795	102.72	4.5727	0.78238	2.3016	232.25	0.47626	1.8960e-05	0.030335	supercritical
184.00	79.000	258.58	0.0038673	74.430	104.98	4.5851	0.77798	2.2245	233.57	0.47547	1.8846e-05	0.029971	supercritical
185.00	79.000	253.50	0.0039448	76.006	107.17	4.5969	0.77381	2.1548	234.89	0.47432	1.8748e-05	0.029641	supercritical
186.00	79.000	248.73	0.0040205	77.531	109.29	4.6084	0.76986	2.0917	236.20	0.47287	1.8663e-05	0.029344	supercritical
187.00	79.000	244.24	0.0040944	79.009	111.36	4.6194	0.76611	2.0342	237.51	0.47117	1.8591e-05	0.029073	supercritical
188.00	79.000	239.99	0.0041668	80.445	113.36	4.6301	0.76254	1.9816	238.81	0.46924	1.8529e-05	0.028828	supercritical
189.00	79.000	235.98	0.0042377	81.842	115.32	4.6405	0.75915	1.9334	240.10	0.46713	1.8476e-05	0.028605	supercritical
190.00	79.000	232.17	0.0043072	83.203	117.23	4.6506	0.75591	1.8890	241.37	0.46487	1.8432e-05	0.028402	supercritical
191.00	79.000	228.55	0.0043755	84.532	119.10	4.6604	0.75283	1.8480	242.64	0.46246	1.8395e-05	0.028217	supercritical
192.00	79.000	225.10	0.0044426	85.831	120.93	4.6700	0.74989	1.8100	243.89	0.45994	1.8365e-05	0.028049	supercritical
193.00	79.000	221.80	0.0045085	87.103	122.72	4.6793	0.74708	1.7748	245.14	0.45733	1.8340e-05	0.027895	supercritical
194.00	79.000	218.65	0.0045734	88.348	124.48	4.6884	0.74440	1.7420	246.37	0.45463	1.8321e-05	0.027755	supercritical
195.00	79.000	215.64	0.0046373	89.570	126.20	4.6972	0.74183	1.7114	247.58	0.45186	1.8308e-05	0.027627	supercritical
196.00	79.000	212.75	0.0047003	90.769	127.90	4.7059	0.73938	1.6828	248.79	0.44903	1.8298e-05	0.027511	supercritical
197.00	79.000	209.98	0.0047624	91.948	129.57	4.7144	0.73703	1.6561	249.98	0.44616	1.8293e-05	0.027405	supercritical
198.00	79.000	207.31	0.0048237	93.107	131.21	4.7227	0.73477	1.6309	251.16	0.44325	1.8291e-05	0.027309	supercritical
199.00	79.000	204.74	0.0048842	94.248	132.83	4.7309	0.73261	1.6073	252.33	0.44031	1.8293e-05	0.027222	supercritical
200.00	79.000	202.27	0.0049439	95.372	134.43	4.7389	0.73055	1.5850	253.49	0.43734	1.8298e-05	0.027143	supercritical
201.00	79.000	199.88	0.0050029	96.480	136.00	4.7467	0.72856	1.5640	254.63	0.43435	1.8305e-05	0.027071	supercritical
202.00	79.000	197.58	0.0050613	97.573	137.56	4.7544	0.72665	1.5441	255.77	0.43136	1.8316e-05	0.027007	supercritical
203.00	79.000	195.35	0.0051190	98.652	139.09	4.7620	0.72482	1.5253	256.89	0.42835	1.8328e-05	0.026949	supercritical
204.00	79.000	193.20	0.0051761	99.717	140.61	4.7695	0.72306	1.5075	258.00	0.42534	1.8343e-05	0.026897	supercritical
205.00	79.000	191.11	0.0052326	100.77	142.11	4.7768	0.72137	1.4906	259.11	0.42232	1.8361e-05	0.026851	supercritical
206.00	79.000	189.09	0.0052886	101.81	143.59	4.7840	0.71975	1.4745	260.20	0.41931	1.8380e-05	0.026810	supercritical
207.00	79.000	187.13	0.0053440	102.84	145.06	4.7911	0.71818	1.4593	261.28	0.41631	1.8401e-05	0.026775	supercritical
208.00	79.000	185.22	0.0053989	103.86	146.51	4.7981	0.71668	1.4447	262.35	0.41331	1.8423e-05	0.026744	supercritical
209.00	79.000	183.37	0.0054533	104.87	147.95	4.8050	0.71523	1.4308	263.41	0.41032	1.8447e-05	0.026717	supercritical
210.00	79.000	181.58	0.0055073	105.86	149.37	4.8118	0.71384	1.4176	264.46	0.40734	1.8473e-05	0.026694	supercritical
211.00	79.000	179.83	0.0055608	106.85	150.78	4.8185	0.71249	1.4050	265.50	0.40438	1.8500e-05	0.026676	supercritical
212.00	79.000	178.13	0.0056139	107.83	152.18	4.8251	0.71120	1.3929	266.54	0.40143	1.8528e-05	0.026661	supercritical
213.00	79.000	176.48	0.0056665	108.80	153.57	4.8317	0.70995	1.3813	267.56	0.39849	1.8558e-05	0.026649	supercritical
214.00	79.000	174.86	0.0057188	109.77	154.94	4.8381	0.70875	1.3702	268.57	0.39558	1.8588e-05	0.026641	supercritical
215.00	79.000	173.29	0.0057706	110.72	156.31	4.8445	0.70759	1.3596	269.58	0.39268	1.8620e-05	0.026635	supercritical
216.00	79.000	171.76	0.0058221	111.67	157.66	4.8508	0.70647	1.3494	270.58	0.38980	1.8652e-05	0.026633	supercritical
217.00	79.000	170.26	0.0058732	112.61	159.01	4.8570	0.70539	1.3396	271.57	0.38694	1.8686e-05	0.026633	supercritical
218.00	79.000	168.80	0.0059240	113.54	160.34	4.8631	0.70434	1.3302	272.55	0.38410	1.8720e-05	0.026636	supercritical
219.00	79.000	167.38	0.0059745	114.47	161.67	4.8692	0.70334	1.3212	273.52	0.38128	1.8755e-05	0.026641	supercritical
220.00	79.000	165.99	0.0060246	115.39	162.98	4.8752	0.70236	1.3125	274.49	0.37848	1.8792e-05	0.026649	supercritical
221.00	79.000	164.63	0.0060744	116.31	164.29	4.8811	0.70142	1.3041	275.45	0.37570	1.8828e-05	0.026659	supercritical
222.00	79.000	163.29	0.0061239	117.21	165.59	4.8870	0.70052	1.2960	276.40	0.37295	1.8866e-05	0.026671	supercritical
223.00	79.000	161.99	0.0061731	118.12	166.88	4.8928	0.69964	1.2882	277.34	0.37021	1.8904e-05	0.026685	supercritical
224.00	79.000	160.72	0.0062220	119.02	168.17	4.8985	0.69879	1.2807	278.28	0.36750	1.8942e-05	0.026701	supercritical
225.00	79.000	159.47	0.0062707	119.91	169.45	4.9042	0.69797	1.2735	279.21	0.36481	1.8982e-05	0.026719	supercritical
226.00	79.000	158.25	0.0063191	120.80	170.72	4.9098	0.69718	1.2665	280.13	0.36215	1.9022e-05	0.026738	supercritical
227.00	79.000	157.05	0.0063672	121.68	171.98	4.9154	0.69641	1.2597	281.04	0.35951	1.9062e-05	0.026759	supercritical
228.00	79.000	155.88	0.0064151	122.56	173.24	4.9209	0.69567	1.2532	281.95	0.35689	1.9103e-05	0.026782	supercritical
229.00	79.000	154.73	0.0064627	123.43	174.49	4.9264	0.69496	1.2469	282.86	0.35429	1.9144e-05	0.026806	supercritical
230.00	79.000	153.61	0.0065101	124.30	175.73	4.9318	0.69426	1.2408	283.75	0.35171	1.9186e-05	0.026832	supercritical
231.00	79.000	152.50	0.0065573	125.17	176.97	4.9372	0.69359	1.2349	284.64	0.34916	1.9228e-05	0.026859	supercritical
232.00	79.000	151.42	0.0066042	126.03	178.20	4.9425	0.69294	1.2291	285.53	0.34663	1.9271e-05	0.026887	supercritical
233.00	79.000	150.35	0.0066509	126.88	179.43	4.9478	0.69231	1.2236	286.41	0.34413	1.9314e-05	0.026917	supercritical
234.00	79.000	149.31	0.0066974	127.74	180.65	4.9530	0.69170	1.2182	287.28	0.34164	1.9357e-05	0.026948	supercritical
235.00	79.000	148.29	0.0067438	128.59	181.86	4.9582	0.69111	1.2130	288.15	0.33918	1.9400e-05	0.026980	supercritical
236.00	79.000	147.28	0.0067899	129.43	183.07	4.9634	0.69054	1.2079	289.01	0.33674	1.9444e-05	0.027013	supercritical
237.00	79.000	146.29	0.0068358	130.28	184.28	4.9684	0.68999	1.2030	289.86	0.33432	1.9489e-05	0.027047	supercritical
238.00	79.000	145.32	0.0068815	131.12	185.48	4.9735	0.68946	1.1982	290.72	0.33193	1.9533e-05	0.027082	supercritical
239.00	79.000	144.36	0.0069270	131.95	186.67	4.9785	0.68894	1.1936	291.56	0.32955	1.9578e-05	0.027118	supercritical
240.00	79.000	143.42	0.0069724	132.78	187.87	4.9835	0.68844	1.1891	292.40	0.32720	1.9623e-05	0.027155	supercritical
241.00	79.000	142.50	0.0070175	133.61	189.05	4.9884	0.68795	1.1847	293.24	0.32487	1.9669e-05	0.027193	supercritical
242.00	79.000	141.59	0.0070625	134.44	190.24	4.9933	0.68749	1.1805	294.07	0.32256	1.9714e-05	0.027232	supercritical
243.00	79.000	140.70	0.0071074	135.27	191.41	4.9982	0.68703	1.1763	294.89	0.32027	1.9760e-05	0.027272	supercritical
244.00	79.000	139.82	0.0071521	136.09	192.59	5.0030	0.68659	1.1723	295.71	0.31801	1.9806e-05	0.027312	supercritical
245.00	79.000	138.96	0.0071966	136.91	193.76	5.0078	0.68616	1.1684	296.53	0.31576	1.9852e-05	0.027354	supercritical
246.00	79.000	138.10	0.0072409	137.72	194.93	5.0125	0.68575	1.1646	297.34	0.31353	1.9899e-05	0.027396	supercritical
247.00	79.000	137.27	0.0072851	138.54	196.09	5.0173	0.68535	1.1609	298.14	0.31133	1.9945e-05	0.027439	supercritical
248.00	79.000	136.44	0.0073292	139.35	197.25	5.0219	0.68497	1.1573	298.95	0.30914	1.9992e-05	0.027482	supercritical
249.00	79.000	135.63	0.0073731	140.16	198.40	5.0266	0.68459	1.1538	299.74	0.30697	2.0039e-05	0.027526	supercritical
250.00	79.000	134.83	0.0074168	140.96	199.55	5.0312	0.68423	1.1504	300.54	0.30483	2.0086e-05	0.027571	supercritical
251.00	79.000	134.04	0.0074605	141.77	200.70	5.0358	0.68388	1.1470	301.32	0.30270	2.0133e-05	0.027616	supercritical
252.00	79.000	133.26	0.0075040	142.57	201.85	5.0404	0.68354	1.1438	302.11	0.30059	2.0181e-05	0.027662	supercritical
253.00	79.000	132.50	0.0075473	143.37	202.99	5.0449	0.68322	1.1406	302.89	0.29850	2.0228e-05	0.027709	supercritical
254.00	79.000	131.74	0.0075905	144.16	204.13	5.0494	0.68290	1.1375	303.66	0.29643	2.0276e-05	0.027756	supercritical
255.00	79.000	131.00	0.0076336	144.96	205.27	5.0538	0.68260	1.1345	304.44	0.29438	2.0323e-05	0.027804	supercritical
256.00	79.000	130.27	0.0076766	145.75	206.40	5.0583	0.68230	1.1315	305.20	0.29234	2.0371e-05	0.027852	supercritical
257.00	79.000	129.54	0.0077194	146.55	207.53	5.0627	0.68202	1.1287	305.97	0.29033	2.0419e-05	0.027900	supercritical
258.00	79.000	128.83	0.0077622	147.34	208.66	5.0670	0.68174	1.1259	306.73	0.28833	2.0467e-05	0.027950	supercritical
259.00	79.000	128.13	0.0078048	148.12	209.78	5.0714	0.68147	1.1231	307.48	0.28635	2.0515e-05	0.027999	supercritical
260.00	79.000	127.43	0.0078473	148.91	210.90	5.0757	0.68122	1.1204	308.24	0.28439	2.0564e-05	0.028049	supercritical
261.00	79.000	126.75	0.0078897	149.69	212.02	5.0800	0.68097	1.1178	308.98	0.28244	2.0612e-05	0.028100	supercritical
262.00	79.000	126.07	0.0079319	150.48	213.14	5.0843	0.68073	1.1153	309.73	0.28051	2.0661e-05	0.028151	supercritical
263.00	79.000	125.41	0.0079741	151.26	214.25	5.0885	0.68050	1.1128	310.47	0.27860	2.0709e-05	0.028202	supercritical
264.00	79.000	124.75	0.0080161	152.04	215.36	5.0928	0.68028	1.1104	311.21	0.27671	2.0758e-05	0.028254	supercritical
265.00	79.000	124.10	0.0080581	152.81	216.47	5.0969	0.68006	1.1080	311.94	0.27483	2.0806e-05	0.028306	supercritical
266.00	79.000	123.46	0.0080999	153.59	217.58	5.1011	0.67986	1.1056	312.67	0.27296	2.0855e-05	0.028358	supercritical
267.00	79.000	122.82	0.0081417	154.36	218.68	5.1053	0.67966	1.1034	313.40	0.27112	2.0904e-05	0.028411	supercritical
268.00	79.000	122.20	0.0081833	155.14	219.79	5.1094	0.67947	1.1011	314.13	0.26929	2.0953e-05	0.028465	supercritical
269.00	79.000	121.58	0.0082249	155.91	220.89	5.1135	0.67929	1.0990	314.85	0.26747	2.1001e-05	0.028518	supercritical
270.00	79.000	120.97	0.0082663	156.68	221.98	5.1175	0.67911	1.0968	315.56	0.26567	2.1050e-05	0.028572	supercritical
271.00	79.000	120.37	0.0083077	157.45	223.08	5.1216	0.67894	1.0948	316.28	0.26389	2.1099e-05	0.028626	supercritical
272.00	79.000	119.78	0.0083490	158.22	224.17	5.1256	0.67878	1.0927	316.99	0.26212	2.1148e-05	0.028681	supercritical
273.00	79.000	119.19	0.0083902	158.98	225.27	5.1296	0.67863	1.0907	317.70	0.26037	2.1197e-05	0.028736	supercritical
274.00	79.000	118.61	0.0084313	159.75	226.36	5.1336	0.67848	1.0888	318.40	0.25863	2.1246e-05	0.028791	supercritical
275.00	79.000	118.03	0.0084723	160.51	227.44	5.1376	0.67834	1.0869	319.10	0.25691	2.1296e-05	0.028846	supercritical
276.00	79.000	117.46	0.0085132	161.28	228.53	5.1415	0.67821	1.0850	319.80	0.25520	2.1345e-05	0.028902	supercritical
277.00	79.000	116.90	0.0085540	162.04	229.61	5.1454	0.67808	1.0832	320.50	0.25350	2.1394e-05	0.028958	supercritical
278.00	79.000	116.35	0.0085948	162.80	230.70	5.1493	0.67796	1.0814	321.19	0.25182	2.1443e-05	0.029014	supercritical
279.00	79.000	115.80	0.0086354	163.56	231.78	5.1532	0.67784	1.0796	321.88	0.25015	2.1492e-05	0.029070	supercritical
280.00	79.000	115.26	0.0086760	164.31	232.85	5.1571	0.67773	1.0779	322.57	0.24850	2.1542e-05	0.029127	supercritical
281.00	79.000	114.72	0.0087165	165.07	233.93	5.1609	0.67763	1.0762	323.25	0.24686	2.1591e-05	0.029184	supercritical
282.00	79.000	114.19	0.0087570	165.83	235.01	5.1647	0.67753	1.0746	323.93	0.24523	2.1640e-05	0.029241	supercritical
283.00	79.000	113.67	0.0087973	166.58	236.08	5.1685	0.67743	1.0730	324.61	0.24362	2.1690e-05	0.029298	supercritical
284.00	79.000	113.15	0.0088376	167.34	237.15	5.1723	0.67735	1.0714	325.29	0.24201	2.1739e-05	0.029356	supercritical
285.00	79.000	112.64	0.0088778	168.09	238.22	5.1761	0.67727	1.0698	325.96	0.24043	2.1788e-05	0.029413	supercritical
286.00	79.000	112.13	0.0089180	168.84	239.29	5.1798	0.67719	1.0683	326.63	0.23885	2.1838e-05	0.029471	supercritical
287.00	79.000	111.63	0.0089580	169.59	240.36	5.1836	0.67712	1.0668	327.30	0.23729	2.1887e-05	0.029529	supercritical
288.00	79.000	111.14	0.0089980	170.34	241.43	5.1873	0.67705	1.0654	327.97	0.23574	2.1936e-05	0.029588	supercritical
289.00	79.000	110.64	0.0090380	171.09	242.49	5.1910	0.67699	1.0640	328.63	0.23420	2.1986e-05	0.029646	supercritical
290.00	79.000	110.16	0.0090778	171.84	243.55	5.1946	0.67694	1.0626	329.29	0.23268	2.2035e-05	0.029705	supercritical
291.00	79.000	109.68	0.0091176	172.59	244.62	5.1983	0.67688	1.0612	329.94	0.23116	2.2084e-05	0.029763	supercritical
292.00	79.000	109.20	0.0091574	173.33	245.68	5.2019	0.67684	1.0598	330.60	0.22966	2.2134e-05	0.029822	supercritical
293.00	79.000	108.73	0.0091970	174.08	246.74	5.2055	0.67680	1.0585	331.25	0.22817	2.2183e-05	0.029881	supercritical
294.00	79.000	108.26	0.0092366	174.82	247.79	5.2092	0.67676	1.0572	331.90	0.22670	2.2232e-05	0.029941	supercritical
295.00	79.000	107.80	0.0092762	175.57	248.85	5.2127	0.67673	1.0560	332.55	0.22523	2.2282e-05	0.030000	supercritical
296.00	79.000	107.35	0.0093156	176.31	249.91	5.2163	0.67670	1.0547	333.19	0.22378	2.2331e-05	0.030059	supercritical
297.00	79.000	106.89	0.0093550	177.06	250.96	5.2199	0.67668	1.0535	333.84	0.22233	2.2381e-05	0.030119	supercritical
298.00	79.000	106.45	0.0093944	177.80	252.01	5.2234	0.67666	1.0523	334.48	0.22090	2.2430e-05	0.030179	supercritical
299.00	79.000	106.00	0.0094337	178.54	253.06	5.2269	0.67664	1.0511	335.12	0.21948	2.2479e-05	0.030239	supercritical
300.00	79.000	105.56	0.0094729	179.28	254.12	5.2304	0.67663	1.0500	335.75	0.21807	2.2529e-05	0.030299	supercritical
301.00	79.000	105.13	0.0095121	180.02	255.16	5.2339	0.67663	1.0489	336.38	0.21667	2.2578e-05	0.030358	supercritical
302.00	79.000	104.70	0.0095512	180.76	256.21	5.2374	0.67662	1.0478	337.02	0.21528	2.2627e-05	0.030418	supercritical
303.00	79.000	104.27	0.0095903	181.50	257.26	5.2409	0.67663	1.0467	337.65	0.21390	2.2676e-05	0.030479	supercritical
304.00	79.000	103.85	0.0096293	182.23	258.31	5.2443	0.67663	1.0456	338.27	0.21253	2.2726e-05	0.030539	supercritical
305.00	79.000	103.43	0.0096683	182.97	259.35	5.2477	0.67664	1.0446	338.90	0.21117	2.2775e-05	0.030599	supercritical
306.00	79.000	103.02	0.0097072	183.71	260.40	5.2512	0.67666	1.0435	339.52	0.20982	2.2824e-05	0.030659	supercritical
307.00	79.000	102.61	0.0097460	184.44	261.44	5.2546	0.67667	1.0425	340.14	0.20849	2.2873e-05	0.030718	supercritical
308.00	79.000	102.20	0.0097848	185.18	262.48	5.2580	0.67670	1.0416	340.76	0.20716	2.2923e-05	0.030777	supercritical
309.00	79.000	101.80	0.0098236	185.92	263.52	5.2613	0.67672	1.0406	341.37	0.20584	2.2972e-05	0.030834	supercritical
310.00	79.000	101.40	0.0098623	186.65	264.56	5.2647	0.67675	1.0397	341.99	0.20453	2.3021e-05	0.030894	supercritical
311.00	79.000	101.00	0.0099009	187.38	265.60	5.2680	0.67678	1.0387	342.60	0.20323	2.3070e-05	0.030957	supercritical
312.00	79.000	100.61	0.0099395	188.12	266.64	5.2714	0.67682	1.0378	343.21	0.20195	2.3119e-05	0.031020	supercritical
313.00	79.000	100.22	0.0099781	188.85	267.68	5.2747	0.67686	1.0369	343.82	0.20067	2.3168e-05	0.031083	supercritical
314.00	79.000	99.834	0.010017	189.58	268.71	5.2780	0.67690	1.0360	344.42	0.19940	2.3217e-05	0.031146	supercritical
315.00	79.000	99.453	0.010055	190.31	269.75	5.2813	0.67695	1.0352	345.03	0.19813	2.3266e-05	0.031209	supercritical
316.00	79.000	99.074	0.010093	191.05	270.78	5.2846	0.67700	1.0343	345.63	0.19688	2.3315e-05	0.031272	supercritical
317.00	79.000	98.699	0.010132	191.78	271.82	5.2878	0.67705	1.0335	346.23	0.19564	2.3364e-05	0.031335	supercritical
318.00	79.000	98.327	0.010170	192.51	272.85	5.2911	0.67711	1.0327	346.83	0.19441	2.3413e-05	0.031399	supercritical
319.00	79.000	97.959	0.010208	193.24	273.88	5.2943	0.67717	1.0319	347.42	0.19318	2.3462e-05	0.031462	supercritical
320.00	79.000	97.593	0.010247	193.97	274.91	5.2976	0.67723	1.0311	348.02	0.19196	2.3511e-05	0.031526	supercritical
321.00	79.000	97.231	0.010285	194.69	275.95	5.3008	0.67730	1.0304	348.61	0.19076	2.3560e-05	0.031589	supercritical
322.00	79.000	96.871	0.010323	195.42	276.98	5.3040	0.67737	1.0296	349.20	0.18956	2.3609e-05	0.031653	supercritical
323.00	79.000	96.515	0.010361	196.15	278.00	5.3072	0.67744	1.0289	349.79	0.18837	2.3658e-05	0.031716	supercritical
324.00	79.000	96.162	0.010399	196.88	279.03	5.3104	0.67752	1.0282	350.37	0.18718	2.3707e-05	0.031780	supercritical
325.00	79.000	95.812	0.010437	197.61	280.06	5.3135	0.67759	1.0274	350.96	0.18601	2.3756e-05	0.031844	supercritical
326.00	79.000	95.464	0.010475	198.33	281.09	5.3167	0.67768	1.0268	351.54	0.18484	2.3804e-05	0.031908	supercritical
327.00	79.000	95.120	0.010513	199.06	282.11	5.3198	0.67776	1.0261	352.12	0.18369	2.3853e-05	0.031971	supercritical
328.00	79.000	94.778	0.010551	199.79	283.14	5.3229	0.67785	1.0254	352.70	0.18254	2.3902e-05	0.032035	supercritical
329.00	79.000	94.440	0.010589	200.51	284.16	5.3261	0.67794	1.0248	353.28	0.18139	2.3950e-05	0.032099	supercritical
330.00	79.000	94.103	0.010627	201.24	285.19	5.3292	0.67803	1.0241	353.86	0.18026	2.3999e-05	0.032163	supercritical
331.00	79.000	93.770	0.010664	201.96	286.21	5.3323	0.67813	1.0235	354.43	0.17913	2.4048e-05	0.032227	supercritical
332.00	79.000	93.439	0.010702	202.69	287.24	5.3354	0.67823	1.0229	355.00	0.17802	2.4096e-05	0.032291	supercritical
333.00	79.000	93.111	0.010740	203.41	288.26	5.3384	0.67833	1.0223	355.57	0.17691	2.4145e-05	0.032356	supercritical
334.00	79.000	92.786	0.010777	204.14	289.28	5.3415	0.67843	1.0217	356.14	0.17580	2.4193e-05	0.032420	supercritical
335.00	79.000	92.463	0.010815	204.86	290.30	5.3446	0.67854	1.0211	356.71	0.17471	2.4242e-05	0.032484	supercritical
336.00	79.000	92.143	0.010853	205.59	291.32	5.3476	0.67865	1.0205	357.28	0.17362	2.4290e-05	0.032548	supercritical
337.00	79.000	91.825	0.010890	206.31	292.34	5.3506	0.67876	1.0200	357.84	0.17254	2.4339e-05	0.032613	supercritical
338.00	79.000	91.510	0.010928	207.03	293.36	5.3537	0.67888	1.0194	358.40	0.17147	2.4387e-05	0.032677	supercritical
339.00	79.000	91.197	0.010965	207.76	294.38	5.3567	0.67900	1.0189	358.96	0.17040	2.4435e-05	0.032741	supercritical
340.00	79.000	90.887	0.011003	208.48	295.40	5.3597	0.67912	1.0183	359.52	0.16934	2.4484e-05	0.032806	supercritical
341.00	79.000	90.579	0.011040	209.20	296.42	5.3627	0.67924	1.0178	360.08	0.16829	2.4532e-05	0.032870	supercritical
342.00	79.000	90.273	0.011078	209.92	297.44	5.3656	0.67937	1.0173	360.64	0.16724	2.4580e-05	0.032935	supercritical
343.00	79.000	89.970	0.011115	210.65	298.45	5.3686	0.67949	1.0168	361.19	0.16621	2.4629e-05	0.032999	supercritical
344.00	79.000	89.669	0.011152	211.37	299.47	5.3716	0.67962	1.0163	361.74	0.16517	2.4677e-05	0.033064	supercritical
345.00	79.000	89.370	0.011189	212.09	300.49	5.3745	0.67976	1.0159	362.30	0.16415	2.4725e-05	0.033128	supercritical
346.00	79.000	89.073	0.011227	212.81	301.50	5.3775	0.67989	1.0154	362.85	0.16313	2.4773e-05	0.033193	supercritical
347.00	79.000	88.779	0.011264	213.53	302.52	5.3804	0.68003	1.0150	363.40	0.16212	2.4821e-05	0.033257	supercritical
348.00	79.000	88.487	0.011301	214.25	303.53	5.3833	0.68017	1.0145	363.94	0.16112	2.4869e-05	0.033322	supercritical
349.00	79.000	88.197	0.011338	214.97	304.55	5.3862	0.68031	1.0141	364.49	0.16012	2.4917e-05	0.033387	supercritical
350.00	79.000	87.909	0.011375	215.69	305.56	5.3891	0.68046	1.0136	365.03	0.15913	2.4965e-05	0.033451	supercritical
351.00	79.000	87.623	0.011412	216.41	306.57	5.3920	0.68060	1.0132	365.57	0.15815	2.5013e-05	0.033516	supercritical
352.00	79.000	87.340	0.011450	217.13	307.59	5.3949	0.68075	1.0128	366.12	0.15717	2.5061e-05	0.033581	supercritical
353.00	79.000	87.058	0.011487	217.85	308.60	5.3978	0.68090	1.0124	366.66	0.15620	2.5109e-05	0.033646	supercritical
354.00	79.000	86.779	0.011524	218.57	309.61	5.4006	0.68105	1.0120	367.19	0.15523	2.5157e-05	0.033710	supercritical
355.00	79.000	86.501	0.011561	219.29	310.62	5.4035	0.68121	1.0116	367.73	0.15427	2.5204e-05	0.033775	supercritical
356.00	79.000	86.225	0.011598	220.01	311.63	5.4063	0.68137	1.0113	368.27	0.15332	2.5252e-05	0.033840	supercritical
357.00	79.000	85.952	0.011634	220.73	312.65	5.4092	0.68153	1.0109	368.80	0.15237	2.5300e-05	0.033905	supercritical
358.00	79.000	85.680	0.011671	221.45	313.66	5.4120	0.68169	1.0105	369.33	0.15143	2.5348e-05	0.033970	supercritical
359.00	79.000	85.410	0.011708	222.17	314.67	5.4148	0.68185	1.0102	369.86	0.15049	2.5395e-05	0.034034	supercritical
360.00	79.000	85.143	0.011745	222.89	315.68	5.4176	0.68202	1.0098	370.39	0.14956	2.5443e-05	0.034099	supercritical
361.00	79.000	84.877	0.011782	223.61	316.69	5.4204	0.68219	1.0095	370.92	0.14864	2.5490e-05	0.034164	supercritical
362.00	79.000	84.612	0.011819	224.33	317.70	5.4232	0.68236	1.0092	371.45	0.14772	2.5538e-05	0.034229	supercritical
363.00	79.000	84.350	0.011855	225.05	318.70	5.4260	0.68253	1.0089	371.98	0.14681	2.5585e-05	0.034294	supercritical
364.00	79.000	84.090	0.011892	225.77	319.71	5.4288	0.68270	1.0086	372.50	0.14591	2.5633e-05	0.034359	supercritical
365.00	79.000	83.831	0.011929	226.48	320.72	5.4315	0.68288	1.0082	373.02	0.14501	2.5680e-05	0.034424	supercritical
366.00	79.000	83.574	0.011965	227.20	321.73	5.4343	0.68305	1.0080	373.55	0.14411	2.5728e-05	0.034489	supercritical
367.00	79.000	83.319	0.012002	227.92	322.74	5.4370	0.68323	1.0077	374.07	0.14322	2.5775e-05	0.034554	supercritical
368.00	79.000	83.065	0.012039	228.64	323.75	5.4398	0.68342	1.0074	374.59	0.14234	2.5822e-05	0.034619	supercritical
369.00	79.000	82.814	0.012075	229.36	324.75	5.4425	0.68360	1.0071	375.11	0.14146	2.5870e-05	0.034684	supercritical
370.00	79.000	82.563	0.012112	230.08	325.76	5.4452	0.68378	1.0068	375.62	0.14059	2.5917e-05	0.034749	supercritical
371.00	79.000	82.315	0.012148	230.79	326.77	5.4480	0.68397	1.0066	376.14	0.13972	2.5964e-05	0.034814	supercritical
372.00	79.000	82.068	0.012185	231.51	327.77	5.4507	0.68416	1.0063	376.65	0.13886	2.6011e-05	0.034879	supercritical
373.00	79.000	81.823	0.012221	232.23	328.78	5.4534	0.68435	1.0061	377.17	0.13800	2.6058e-05	0.034944	supercritical
374.00	79.000	81.580	0.012258	232.95	329.78	5.4561	0.68454	1.0058	377.68	0.13715	2.6105e-05	0.035009	supercritical
375.00	79.000	81.338	0.012294	233.66	330.79	5.4587	0.68474	1.0056	378.19	0.13631	2.6152e-05	0.035074	supercritical
376.00	79.000	81.098	0.012331	234.38	331.80	5.4614	0.68493	1.0054	378.70	0.13547	2.6199e-05	0.035139	supercritical
377.00	79.000	80.859	0.012367	235.10	332.80	5.4641	0.68513	1.0051	379.21	0.13463	2.6246e-05	0.035204	supercritical
378.00	79.000	80.622	0.012404	235.82	333.81	5.4668	0.68533	1.0049	379.71	0.13380	2.6293e-05	0.035269	supercritical
379.00	79.000	80.386	0.012440	236.54	334.81	5.4694	0.68553	1.0047	380.22	0.13297	2.6340e-05	0.035334	supercritical
380.00	79.000	80.152	0.012476	237.25	335.82	5.4721	0.68573	1.0045	380.72	0.13215	2.6387e-05	0.035399	supercritical
381.00	79.000	79.919	0.012513	237.97	336.82	5.4747	0.68593	1.0043	381.23	0.13134	2.6434e-05	0.035464	supercritical
382.00	79.000	79.688	0.012549	238.69	337.82	5.4773	0.68614	1.0041	381.73	0.13053	2.6481e-05	0.035529	supercritical
383.00	79.000	79.458	0.012585	239.40	338.83	5.4800	0.68635	1.0039	382.23	0.12972	2.6527e-05	0.035594	supercritical
384.00	79.000	79.230	0.012621	240.12	339.83	5.4826	0.68656	1.0037	382.73	0.12892	2.6574e-05	0.035659	supercritical
385.00	79.000	79.004	0.012658	240.84	340.84	5.4852	0.68677	1.0035	383.23	0.12812	2.6621e-05	0.035724	supercritical
386.00	79.000	78.778	0.012694	241.56	341.84	5.4878	0.68698	1.0034	383.73	0.12733	2.6667e-05	0.035789	supercritical
387.00	79.000	78.554	0.012730	242.27	342.84	5.4904	0.68719	1.0032	384.22	0.12655	2.6714e-05	0.035854	supercritical
388.00	79.000	78.332	0.012766	242.99	343.85	5.4930	0.68740	1.0030	384.72	0.12576	2.6760e-05	0.035920	supercritical
389.00	79.000	78.111	0.012802	243.71	344.85	5.4955	0.68762	1.0029	385.22	0.12499	2.6807e-05	0.035985	supercritical
390.00	79.000	77.891	0.012838	244.43	345.85	5.4981	0.68784	1.0027	385.71	0.12421	2.6853e-05	0.036050	supercritical
391.00	79.000	77.672	0.012875	245.14	346.85	5.5007	0.68806	1.0026	386.20	0.12345	2.6900e-05	0.036115	supercritical
392.00	79.000	77.455	0.012911	245.86	347.86	5.5033	0.68828	1.0025	386.69	0.12268	2.6946e-05	0.036180	supercritical
393.00	79.000	77.240	0.012947	246.58	348.86	5.5058	0.68850	1.0023	387.18	0.12192	2.6992e-05	0.036245	supercritical
394.00	79.000	77.025	0.012983	247.30	349.86	5.5084	0.68872	1.0022	387.67	0.12117	2.7039e-05	0.036310	supercritical
395.00	79.000	76.812	0.013019	248.01	350.86	5.5109	0.68895	1.0021	388.16	0.12042	2.7085e-05	0.036375	supercritical
396.00	79.000	76.600	0.013055	248.73	351.87	5.5134	0.68917	1.0019	388.65	0.11967	2.7131e-05	0.036440	supercritical
397.00	79.000	76.390	0.013091	249.45	352.87	5.5160	0.68940	1.0018	389.13	0.11893	2.7177e-05	0.036505	supercritical
398.00	79.000	76.180	0.013127	250.17	353.87	5.5185	0.68963	1.0017	389.62	0.11819	2.7224e-05	0.036570	supercritical
399.00	79.000	75.972	0.013163	250.89	354.87	5.5210	0.68986	1.0016	390.10	0.11746	2.7270e-05	0.036635	supercritical
400.00	79.000	75.765	0.013199	251.60	355.87	5.5235	0.69009	1.0015	390.58	0.11673	2.7316e-05	0.036700	supercritical
401.00	79.000	75.560	0.013235	252.32	356.87	5.5260	0.69032	1.0014	391.07	0.11601	2.7362e-05	0.036765	supercritical
402.00	79.000	75.355	0.013270	253.04	357.87	5.5285	0.69056	1.0013	391.55	0.11529	2.7408e-05	0.036830	supercritical
403.00	79.000	75.152	0.013306	253.76	358.88	5.5310	0.69079	1.0012	392.03	0.11457	2.7454e-05	0.036895	supercritical
404.00	79.000	74.950	0.013342	254.47	359.88	5.5335	0.69103	1.0011	392.50	0.11386	2.7500e-05	0.036960	supercritical
405.00	79.000	74.750	0.013378	255.19	360.88	5.5359	0.69126	1.0011	392.98	0.11315	2.7545e-05	0.037025	supercritical
406.00	79.000	74.550	0.013414	255.91	361.88	5.5384	0.69150	1.0010	393.46	0.11245	2.7591e-05	0.037090	supercritical
407.00	79.000	74.352	0.013450	256.63	362.88	5.5409	0.69174	1.0009	393.94	0.11175	2.7637e-05	0.037155	supercritical
408.00	79.000	74.154	0.013485	257.35	363.88	5.5433	0.69198	1.0008	394.41	0.11105	2.7683e-05	0.037220	supercritical
409.00	79.000	73.958	0.013521	258.06	364.88	5.5458	0.69223	1.0008	394.88	0.11036	2.7729e-05	0.037285	supercritical
410.00	79.000	73.763	0.013557	258.78	365.88	5.5482	0.69247	1.0007	395.36	0.10967	2.7774e-05	0.037350	supercritical
411.00	79.000	73.569	0.013593	259.50	366.88	5.5507	0.69271	1.0007	395.83	0.10899	2.7820e-05	0.037415	supercritical
412.00	79.000	73.376	0.013628	260.22	367.88	5.5531	0.69296	1.0006	396.30	0.10831	2.7865e-05	0.037480	supercritical
413.00	79.000	73.185	0.013664	260.94	368.88	5.5555	0.69320	1.0006	396.77	0.10763	2.7911e-05	0.037545	supercritical
414.00	79.000	72.994	0.013700	261.66	369.89	5.5579	0.69345	1.0005	397.24	0.10696	2.7957e-05	0.037610	supercritical
415.00	79.000	72.804	0.013735	262.38	370.89	5.5603	0.69370	1.0005	397.71	0.10629	2.8002e-05	0.037675	supercritical
416.00	79.000	72.616	0.013771	263.09	371.89	5.5627	0.69395	1.0004	398.17	0.10563	2.8047e-05	0.037740	supercritical
417.00	79.000	72.428	0.013807	263.81	372.89	5.5652	0.69420	1.0004	398.64	0.10497	2.8093e-05	0.037805	supercritical
418.00	79.000	72.242	0.013842	264.53	373.89	5.5675	0.69445	1.0004	399.11	0.10431	2.8138e-05	0.037869	supercritical
419.00	79.000	72.057	0.013878	265.25	374.89	5.5699	0.69470	1.0003	399.57	0.10365	2.8184e-05	0.037934	supercritical
420.00	79.000	71.872	0.013914	265.97	375.89	5.5723	0.69496	1.0003	400.03	0.10300	2.8229e-05	0.037999	supercritical
421.00	79.000	71.689	0.013949	266.69	376.89	5.5747	0.69521	1.0003	400.50	0.10236	2.8274e-05	0.038064	supercritical
422.00	79.000	71.507	0.013985	267.41	377.89	5.5771	0.69547	1.0003	400.96	0.10172	2.8319e-05	0.038129	supercritical
423.00	79.000	71.326	0.014020	268.13	378.89	5.5794	0.69573	1.0003	401.42	0.10108	2.8364e-05	0.038194	supercritical
424.00	79.000	71.145	0.014056	268.85	379.89	5.5818	0.69598	1.0003	401.88	0.10044	2.8410e-05	0.038259	supercritical
425.00	79.000	70.966	0.014091	269.57	380.89	5.5842	0.69624	1.0003	402.34	0.099808	2.8455e-05	0.038323	supercritical
426.00	79.000	70.788	0.014127	270.29	381.89	5.5865	0.69650	1.0003	402.80	0.099179	2.8500e-05	0.038388	supercritical
427.00	79.000	70.610	0.014162	271.01	382.89	5.5889	0.69676	1.0003	403.26	0.098554	2.8545e-05	0.038453	supercritical
428.00	79.000	70.434	0.014198	271.73	383.89	5.5912	0.69702	1.0003	403.71	0.097932	2.8590e-05	0.038518	supercritical
429.00	79.000	70.259	0.014233	272.45	384.89	5.5935	0.69728	1.0003	404.17	0.097314	2.8635e-05	0.038583	supercritical
430.00	79.000	70.084	0.014269	273.17	385.89	5.5959	0.69755	1.0003	404.62	0.096699	2.8680e-05	0.038647	supercritical
431.00	79.000	69.910	0.014304	273.89	386.89	5.5982	0.69781	1.0003	405.08	0.096087	2.8725e-05	0.038712	supercritical
432.00	79.000	69.738	0.014339	274.61	387.89	5.6005	0.69807	1.0003	405.53	0.095479	2.8769e-05	0.038777	supercritical
433.00	79.000	69.566	0.014375	275.33	388.89	5.6028	0.69834	1.0003	405.98	0.094874	2.8814e-05	0.038841	supercritical
434.00	79.000	69.395	0.014410	276.05	389.89	5.6051	0.69861	1.0003	406.43	0.094272	2.8859e-05	0.038906	supercritical
435.00	79.000	69.225	0.014446	276.77	390.89	5.6074	0.69887	1.0004	406.88	0.093674	2.8904e-05	0.038971	supercritical
436.00	79.000	69.056	0.014481	277.49	391.89	5.6097	0.69914	1.0004	407.33	0.093079	2.8948e-05	0.039036	supercritical
437.00	79.000	68.888	0.014516	278.21	392.89	5.6120	0.69941	1.0004	407.78	0.092487	2.8993e-05	0.039100	supercritical
438.00	79.000	68.721	0.014552	278.94	393.89	5.6143	0.69968	1.0005	408.23	0.091898	2.9038e-05	0.039165	supercritical
439.00	79.000	68.555	0.014587	279.66	394.89	5.6166	0.69995	1.0005	408.68	0.091313	2.9082e-05	0.039230	supercritical
440.00	79.000	68.389	0.014622	280.38	395.89	5.6189	0.70022	1.0005	409.13	0.090730	2.9127e-05	0.039294	supercritical
441.00	79.000	68.224	0.014658	281.10	396.89	5.6211	0.70049	1.0006	409.57	0.090151	2.9171e-05	0.039359	supercritical
442.00	79.000	68.061	0.014693	281.82	397.90	5.6234	0.70076	1.0006	410.02	0.089575	2.9216e-05	0.039423	supercritical
443.00	79.000	67.898	0.014728	282.54	398.90	5.6257	0.70104	1.0007	410.46	0.089002	2.9260e-05	0.039488	supercritical
444.00	79.000	67.736	0.014763	283.27	399.90	5.6279	0.70131	1.0007	410.90	0.088432	2.9304e-05	0.039552	supercritical
445.00	79.000	67.574	0.014799	283.99	400.90	5.6302	0.70158	1.0008	411.35	0.087865	2.9349e-05	0.039617	supercritical
446.00	79.000	67.414	0.014834	284.71	401.90	5.6324	0.70186	1.0008	411.79	0.087301	2.9393e-05	0.039682	supercritical
447.00	79.000	67.254	0.014869	285.43	402.90	5.6347	0.70213	1.0009	412.23	0.086740	2.9437e-05	0.039746	supercritical
448.00	79.000	67.095	0.014904	286.16	403.90	5.6369	0.70241	1.0009	412.67	0.086182	2.9482e-05	0.039811	supercritical
449.00	79.000	66.937	0.014939	286.88	404.90	5.6391	0.70269	1.0010	413.11	0.085627	2.9526e-05	0.039875	supercritical
450.00	79.000	66.780	0.014975	287.60	405.90	5.6413	0.70296	1.0011	413.55	0.085075	2.9570e-05	0.039940	supercritical
451.00	79.000	66.624	0.015010	288.33	406.90	5.6436	0.70324	1.0011	413.99	0.084526	2.9614e-05	0.040004	supercritical
452.00	79.000	66.468	0.015045	289.05	407.90	5.6458	0.70352	1.0012	414.43	0.083980	2.9658e-05	0.040068	supercritical
453.00	79.000	66.313	0.015080	289.77	408.91	5.6480	0.70380	1.0013	414.86	0.083437	2.9702e-05	0.040133	supercritical
454.00	79.000	66.159	0.015115	290.50	409.91	5.6502	0.70408	1.0013	415.30	0.082896	2.9746e-05	0.040197	supercritical
455.00	79.000	66.006	0.015150	291.22	410.91	5.6524	0.70436	1.0014	415.73	0.082359	2.9790e-05	0.040262	supercritical
456.00	79.000	65.853	0.015185	291.95	411.91	5.6546	0.70464	1.0015	416.17	0.081824	2.9834e-05	0.040326	supercritical
457.00	79.000	65.701	0.015220	292.67	412.91	5.6568	0.70492	1.0016	416.60	0.081292	2.9878e-05	0.040390	supercritical
458.00	79.000	65.550	0.015256	293.39	413.91	5.6590	0.70520	1.0017	417.04	0.080763	2.9922e-05	0.040455	supercritical
459.00	79.000	65.400	0.015291	294.12	414.91	5.6612	0.70549	1.0017	417.47	0.080236	2.9966e-05	0.040519	supercritical
460.00	79.000	65.250	0.015326	294.84	415.92	5.6634	0.70577	1.0018	417.90	0.079713	3.0009e-05	0.040583	supercritical
461.00	79.000	65.101	0.015361	295.57	416.92	5.6655	0.70605	1.0019	418.33	0.079192	3.0053e-05	0.040648	supercritical
462.00	79.000	64.953	0.015396	296.29	417.92	5.6677	0.70634	1.0020	418.76	0.078674	3.0097e-05	0.040712	supercritical
463.00	79.000	64.806	0.015431	297.02	418.92	5.6699	0.70662	1.0021	419.19	0.078158	3.0141e-05	0.040776	supercritical
464.00	79.000	64.659	0.015466	297.74	419.92	5.6720	0.70691	1.0022	419.62	0.077645	3.0184e-05	0.040840	supercritical
465.00	79.000	64.513	0.015501	298.47	420.93	5.6742	0.70719	1.0023	420.05	0.077135	3.0228e-05	0.040905	supercritical
466.00	79.000	64.368	0.015536	299.20	421.93	5.6763	0.70748	1.0024	420.48	0.076628	3.0271e-05	0.040969	supercritical
467.00	79.000	64.223	0.015571	299.92	422.93	5.6785	0.70776	1.0025	420.90	0.076123	3.0315e-05	0.041033	supercritical
468.00	79.000	64.079	0.015606	300.65	423.93	5.6806	0.70805	1.0026	421.33	0.075620	3.0358e-05	0.041097	supercritical
469.00	79.000	63.936	0.015641	301.38	424.94	5.6828	0.70834	1.0027	421.75	0.075121	3.0402e-05	0.041161	supercritical
470.00	79.000	63.793	0.015676	302.10	425.94	5.6849	0.70862	1.0028	422.18	0.074623	3.0445e-05	0.041226	supercritical
471.00	79.000	63.651	0.015711	302.83	426.94	5.6870	0.70891	1.0029	422.60	0.074129	3.0489e-05	0.041290	supercritical
472.00	79.000	63.510	0.015745	303.56	427.94	5.6892	0.70920	1.0030	423.03	0.073637	3.0532e-05	0.041354	supercritical
473.00	79.000	63.370	0.015780	304.28	428.95	5.6913	0.70949	1.0031	423.45	0.073147	3.0575e-05	0.041418	supercritical
474.00	79.000	63.230	0.015815	305.01	429.95	5.6934	0.70978	1.0032	423.87	0.072660	3.0619e-05	0.041482	supercritical
475.00	79.000	63.091	0.015850	305.74	430.95	5.6955	0.71007	1.0034	424.29	0.072175	3.0662e-05	0.041546	supercritical
476.00	79.000	62.952	0.015885	306.47	431.96	5.6976	0.71036	1.0035	424.71	0.071693	3.0705e-05	0.041610	supercritical
477.00	79.000	62.814	0.015920	307.19	432.96	5.6997	0.71065	1.0036	425.13	0.071214	3.0748e-05	0.041674	supercritical
478.00	79.000	62.677	0.015955	307.92	433.97	5.7018	0.71094	1.0037	425.55	0.070736	3.0792e-05	0.041738	supercritical
479.00	79.000	62.540	0.015990	308.65	434.97	5.7039	0.71123	1.0038	425.97	0.070262	3.0835e-05	0.041802	supercritical
480.00	79.000	62.404	0.016025	309.38	435.97	5.7060	0.71152	1.0039	426.39	0.069789	3.0878e-05	0.041866	supercritical
481.00	79.000	62.269	0.016059	310.11	436.98	5.7081	0.71181	1.0041	426.81	0.069319	3.0921e-05	0.041930	supercritical
482.00	79.000	62.134	0.016094	310.84	437.98	5.7102	0.71210	1.0042	427.23	0.068851	3.0964e-05	0.041994	supercritical
483.00	79.000	62.000	0.016129	311.57	438.99	5.7123	0.71240	1.0043	427.64	0.068386	3.1007e-05	0.042058	supercritical
484.00	79.000	61.866	0.016164	312.30	439.99	5.7144	0.71269	1.0045	428.06	0.067923	3.1050e-05	0.042122	supercritical
485.00	79.000	61.734	0.016199	313.02	440.99	5.7164	0.71298	1.0046	428.47	0.067462	3.1093e-05	0.042185	supercritical
486.00	79.000	61.601	0.016233	313.75	442.00	5.7185	0.71327	1.0047	428.89	0.067004	3.1136e-05	0.042249	supercritical
487.00	79.000	61.470	0.016268	314.48	443.00	5.7206	0.71357	1.0049	429.30	0.066548	3.1178e-05	0.042313	supercritical
488.00	79.000	61.338	0.016303	315.21	444.01	5.7226	0.71386	1.0050	429.71	0.066094	3.1221e-05	0.042377	supercritical
489.00	79.000	61.208	0.016338	315.95	445.01	5.7247	0.71415	1.0051	430.13	0.065643	3.1264e-05	0.042441	supercritical
490.00	79.000	61.078	0.016373	316.68	446.02	5.7268	0.71445	1.0053	430.54	0.065194	3.1307e-05	0.042504	supercritical
491.00	79.000	60.949	0.016407	317.41	447.02	5.7288	0.71474	1.0054	430.95	0.064746	3.1349e-05	0.042568	supercritical
492.00	79.000	60.820	0.016442	318.14	448.03	5.7308	0.71504	1.0055	431.36	0.064302	3.1392e-05	0.042632	supercritical
493.00	79.000	60.692	0.016477	318.87	449.04	5.7329	0.71533	1.0057	431.77	0.063859	3.1435e-05	0.042696	supercritical
494.00	79.000	60.564	0.016511	319.60	450.04	5.7349	0.71563	1.0058	432.18	0.063419	3.1477e-05	0.042759	supercritical
495.00	79.000	60.437	0.016546	320.33	451.05	5.7370	0.71592	1.0060	432.59	0.062980	3.1520e-05	0.042823	supercritical
496.00	79.000	60.310	0.016581	321.06	452.05	5.7390	0.71622	1.0061	433.00	0.062544	3.1562e-05	0.042887	supercritical
497.00	79.000	60.185	0.016616	321.80	453.06	5.7410	0.71651	1.0063	433.41	0.062110	3.1605e-05	0.042950	supercritical
498.00	79.000	60.059	0.016650	322.53	454.07	5.7430	0.71681	1.0064	433.82	0.061679	3.1647e-05	0.043014	supercritical
499.00	79.000	59.934	0.016685	323.26	455.07	5.7451	0.71710	1.0066	434.22	0.061249	3.1690e-05	0.043077	supercritical
500.00	79.000	59.810	0.016720	323.99	456.08	5.7471	0.71740	1.0067	434.63	0.060822	3.1732e-05	0.043141	supercritical
501.00	79.000	59.686	0.016754	324.73	457.09	5.7491	0.71770	1.0069	435.03	0.060396	3.1774e-05	0.043205	supercritical
502.00	79.000	59.563	0.016789	325.46	458.09	5.7511	0.71799	1.0070	435.44	0.059973	3.1817e-05	0.043268	supercritical
503.00	79.000	59.441	0.016824	326.19	459.10	5.7531	0.71829	1.0072	435.84	0.059551	3.1859e-05	0.043332	supercritical
504.00	79.000	59.318	0.016858	326.93	460.11	5.7551	0.71858	1.0073	436.25	0.059132	3.1901e-05	0.043395	supercritical
505.00	79.000	59.197	0.016893	327.66	461.11	5.7571	0.71888	1.0075	436.65	0.058715	3.1944e-05	0.043459	supercritical
506.00	79.000	59.076	0.016927	328.39	462.12	5.7591	0.71918	1.0076	437.05	0.058300	3.1986e-05	0.043522	supercritical
507.00	79.000	58.955	0.016962	329.13	463.13	5.7611	0.71947	1.0078	437.46	0.057887	3.2028e-05	0.043585	supercritical
508.00	79.000	58.835	0.016997	329.86	464.14	5.7631	0.71977	1.0080	437.86	0.057476	3.2070e-05	0.043649	supercritical
509.00	79.000	58.716	0.017031	330.60	465.15	5.7650	0.72007	1.0081	438.26	0.057066	3.2112e-05	0.043712	supercritical
510.00	79.000	58.597	0.017066	331.33	466.15	5.7670	0.72037	1.0083	438.66	0.056659	3.2154e-05	0.043776	supercritical
511.00	79.000	58.478	0.017100	332.07	467.16	5.7690	0.72066	1.0084	439.06	0.056254	3.2196e-05	0.043839	supercritical
512.00	79.000	58.360	0.017135	332.80	468.17	5.7710	0.72096	1.0086	439.46	0.055851	3.2238e-05	0.043902	supercritical
513.00	79.000	58.243	0.017170	333.54	469.18	5.7729	0.72126	1.0088	439.86	0.055449	3.2280e-05	0.043966	supercritical
514.00	79.000	58.126	0.017204	334.28	470.19	5.7749	0.72156	1.0089	440.26	0.055050	3.2322e-05	0.044029	supercritical
515.00	79.000	58.009	0.017239	335.01	471.20	5.7769	0.72185	1.0091	440.66	0.054653	3.2364e-05	0.044092	supercritical
516.00	79.000	57.893	0.017273	335.75	472.21	5.7788	0.72215	1.0093	441.05	0.054257	3.2406e-05	0.044155	supercritical
517.00	79.000	57.778	0.017308	336.48	473.22	5.7808	0.72245	1.0094	441.45	0.053863	3.2448e-05	0.044219	supercritical
518.00	79.000	57.663	0.017342	337.22	474.22	5.7827	0.72275	1.0096	441.85	0.053472	3.2489e-05	0.044282	supercritical
519.00	79.000	57.548	0.017377	337.96	475.23	5.7847	0.72304	1.0098	442.24	0.053082	3.2531e-05	0.044345	supercritical
520.00	79.000	57.434	0.017411	338.70	476.24	5.7866	0.72334	1.0100	442.64	0.052694	3.2573e-05	0.044408	supercritical
521.00	79.000	57.321	0.017446	339.43	477.25	5.7886	0.72364	1.0101	443.03	0.052307	3.2615e-05	0.044471	supercritical
522.00	79.000	57.207	0.017480	340.17	478.26	5.7905	0.72394	1.0103	443.43	0.051923	3.2656e-05	0.044535	supercritical
523.00	79.000	57.095	0.017515	340.91	479.27	5.7924	0.72424	1.0105	443.82	0.051540	3.2698e-05	0.044598	supercritical
524.00	79.000	56.983	0.017549	341.65	480.29	5.7944	0.72453	1.0106	444.22	0.051160	3.2740e-05	0.044661	supercritical
525.00	79.000	56.871	0.017584	342.38	481.30	5.7963	0.72483	1.0108	444.61	0.050781	3.2781e-05	0.044724	supercritical
526.00	79.000	56.760	0.017618	343.12	482.31	5.7982	0.72513	1.0110	445.00	0.050404	3.2823e-05	0.044787	supercritical
527.00	79.000	56.649	0.017653	343.86	483.32	5.8001	0.72543	1.0112	445.39	0.050028	3.2864e-05	0.044850	supercritical
528.00	79.000	56.538	0.017687	344.60	484.33	5.8021	0.72573	1.0114	445.78	0.049655	3.2906e-05	0.044913	supercritical
529.00	79.000	56.429	0.017722	345.34	485.34	5.8040	0.72602	1.0115	446.18	0.049283	3.2947e-05	0.044976	supercritical
530.00	79.000	56.319	0.017756	346.08	486.35	5.8059	0.72632	1.0117	446.57	0.048913	3.2988e-05	0.045039	supercritical
531.00	79.000	56.210	0.017790	346.82	487.36	5.8078	0.72662	1.0119	446.96	0.048544	3.3030e-05	0.045102	supercritical
532.00	79.000	56.102	0.017825	347.56	488.38	5.8097	0.72692	1.0121	447.35	0.048178	3.3071e-05	0.045165	supercritical
533.00	79.000	55.993	0.017859	348.30	489.39	5.8116	0.72721	1.0123	447.73	0.047813	3.3112e-05	0.045228	supercritical
534.00	79.000	55.886	0.017894	349.04	490.40	5.8135	0.72751	1.0124	448.12	0.047450	3.3154e-05	0.045290	supercritical
535.00	79.000	55.779	0.017928	349.78	491.41	5.8154	0.72781	1.0126	448.51	0.047088	3.3195e-05	0.045353	supercritical
536.00	79.000	55.672	0.017962	350.52	492.43	5.8173	0.72811	1.0128	448.90	0.046728	3.3236e-05	0.045416	supercritical
537.00	79.000	55.565	0.017997	351.26	493.44	5.8192	0.72841	1.0130	449.29	0.046370	3.3277e-05	0.045479	supercritical
538.00	79.000	55.459	0.018031	352.01	494.45	5.8210	0.72870	1.0132	449.67	0.046014	3.3319e-05	0.045542	supercritical
539.00	79.000	55.354	0.018066	352.75	495.47	5.8229	0.72900	1.0134	450.06	0.045659	3.3360e-05	0.045605	supercritical
540.00	79.000	55.249	0.018100	353.49	496.48	5.8248	0.72930	1.0136	450.44	0.045306	3.3401e-05	0.045667	supercritical
541.00	79.000	55.144	0.018134	354.23	497.49	5.8267	0.72959	1.0137	450.83	0.044954	3.3442e-05	0.045730	supercritical
542.00	79.000	55.040	0.018169	354.97	498.51	5.8286	0.72989	1.0139	451.21	0.044604	3.3483e-05	0.045793	supercritical
543.00	79.000	54.936	0.018203	355.72	499.52	5.8304	0.73019	1.0141	451.60	0.044256	3.3524e-05	0.045856	supercritical
544.00	79.000	54.832	0.018237	356.46	500.53	5.8323	0.73049	1.0143	451.98	0.043909	3.3565e-05	0.045918	supercritical
545.00	79.000	54.729	0.018272	357.20	501.55	5.8341	0.73078	1.0145	452.37	0.043564	3.3606e-05	0.045981	supercritical
546.00	79.000	54.627	0.018306	357.95	502.56	5.8360	0.73108	1.0147	452.75	0.043221	3.3647e-05	0.046043	supercritical
547.00	79.000	54.524	0.018340	358.69	503.58	5.8379	0.73138	1.0149	453.13	0.042879	3.3688e-05	0.046106	supercritical
548.00	79.000	54.423	0.018375	359.43	504.59	5.8397	0.73167	1.0151	453.51	0.042538	3.3728e-05	0.046169	supercritical
549.00	79.000	54.321	0.018409	360.18	505.61	5.8416	0.73197	1.0153	453.89	0.042199	3.3769e-05	0.046231	supercritical
550.00	79.000	54.220	0.018443	360.92	506.62	5.8434	0.73227	1.0155	454.28	0.041862	3.3810e-05	0.046294	supercritical
551.00	79.000	54.119	0.018478	361.67	507.64	5.8453	0.73256	1.0156	454.66	0.041526	3.3851e-05	0.046356	supercritical
552.00	79.000	54.019	0.018512	362.41	508.66	5.8471	0.73286	1.0158	455.04	0.041192	3.3892e-05	0.046419	supercritical
553.00	79.000	53.919	0.018546	363.16	509.67	5.8489	0.73315	1.0160	455.42	0.040860	3.3932e-05	0.046481	supercritical
554.00	79.000	53.820	0.018581	363.90	510.69	5.8508	0.73345	1.0162	455.80	0.040528	3.3973e-05	0.046544	supercritical
555.00	79.000	53.721	0.018615	364.65	511.70	5.8526	0.73374	1.0164	456.17	0.040199	3.4014e-05	0.046606	supercritical
556.00	79.000	53.622	0.018649	365.39	512.72	5.8544	0.73404	1.0166	456.55	0.039870	3.4054e-05	0.046669	supercritical
557.00	79.000	53.524	0.018683	366.14	513.74	5.8563	0.73434	1.0168	456.93	0.039544	3.4095e-05	0.046731	supercritical
558.00	79.000	53.426	0.018718	366.88	514.75	5.8581	0.73463	1.0170	457.31	0.039219	3.4135e-05	0.046794	supercritical
559.00	79.000	53.328	0.018752	367.63	515.77	5.8599	0.73493	1.0172	457.69	0.038895	3.4176e-05	0.046856	supercritical
560.00	79.000	53.231	0.018786	368.38	516.79	5.8617	0.73522	1.0174	458.06	0.038572	3.4216e-05	0.046918	supercritical
561.00	79.000	53.134	0.018820	369.12	517.81	5.8635	0.73552	1.0176	458.44	0.038252	3.4257e-05	0.046981	supercritical
562.00	79.000	53.037	0.018855	369.87	518.82	5.8654	0.73581	1.0178	458.82	0.037932	3.4297e-05	0.047043	supercritical
563.00	79.000	52.941	0.018889	370.62	519.84	5.8672	0.73610	1.0180	459.19	0.037614	3.4338e-05	0.047105	supercritical
564.00	79.000	52.846	0.018923	371.37	520.86	5.8690	0.73640	1.0182	459.57	0.037298	3.4378e-05	0.047167	supercritical
565.00	79.000	52.750	0.018957	372.12	521.88	5.8708	0.73669	1.0184	459.94	0.036982	3.4418e-05	0.047230	supercritical
566.00	79.000	52.655	0.018992	372.86	522.90	5.8726	0.73699	1.0186	460.31	0.036669	3.4459e-05	0.047292	supercritical
567.00	79.000	52.560	0.019026	373.61	523.91	5.8744	0.73728	1.0188	460.69	0.036356	3.4499e-05	0.047354	supercritical
568.00	79.000	52.466	0.019060	374.36	524.93	5.8762	0.73757	1.0190	461.06	0.036045	3.4539e-05	0.047416	supercritical
569.00	79.000	52.372	0.019094	375.11	525.95	5.8780	0.73787	1.0192	461.43	0.035736	3.4579e-05	0.047478	supercritical
570.00	79.000	52.279	0.019128	375.86	526.97	5.8798	0.73816	1.0194	461.81	0.035428	3.4619e-05	0.047541	supercritical
571.00	79.000	52.185	0.019163	376.61	527.99	5.8815	0.73845	1.0196	462.18	0.035121	3.4660e-05	0.047603	supercritical
572.00	79.000	52.092	0.019197	377.36	529.01	5.8833	0.73875	1.0198	462.55	0.034815	3.4700e-05	0.047665	supercritical
573.00	79.000	52.000	0.019231	378.11	530.03	5.8851	0.73904	1.0200	462.92	0.034511	3.4740e-05	0.047727	supercritical
574.00	79.000	51.908	0.019265	378.86	531.05	5.8869	0.73933	1.0202	463.29	0.034209	3.4780e-05	0.047789	supercritical
575.00	79.000	51.816	0.019299	379.61	532.07	5.8887	0.73962	1.0204	463.66	0.033907	3.4820e-05	0.047851	supercritical
576.00	79.000	51.724	0.019333	380.36	533.09	5.8904	0.73991	1.0206	464.03	0.033607	3.4860e-05	0.047913	supercritical
577.00	79.000	51.633	0.019368	381.11	534.11	5.8922	0.74020	1.0208	464.40	0.033308	3.4900e-05	0.047975	supercritical
578.00	79.000	51.542	0.019402	381.86	535.13	5.8940	0.74050	1.0210	464.77	0.033011	3.4940e-05	0.048037	supercritical
579.00	79.000	51.451	0.019436	382.61	536.16	5.8957	0.74079	1.0212	465.14	0.032715	3.4980e-05	0.048099	supercritical
580.00	79.000	51.361	0.019470	383.36	537.18	5.8975	0.74108	1.0214	465.51	0.032420	3.5020e-05	0.048161	supercritical
581.00	79.000	51.271	0.019504	384.12	538.20	5.8993	0.74137	1.0217	465.88	0.032126	3.5060e-05	0.048223	supercritical
582.00	79.000	51.182	0.019538	384.87	539.22	5.9010	0.74166	1.0219	466.25	0.031834	3.5100e-05	0.048285	supercritical
583.00	79.000	51.092	0.019572	385.62	540.24	5.9028	0.74195	1.0221	466.61	0.031543	3.5139e-05	0.048346	supercritical
584.00	79.000	51.004	0.019606	386.37	541.26	5.9045	0.74224	1.0223	466.98	0.031253	3.5179e-05	0.048408	supercritical
585.00	79.000	50.915	0.019641	387.13	542.29	5.9063	0.74253	1.0225	467.35	0.030965	3.5219e-05	0.048470	supercritical
586.00	79.000	50.827	0.019675	387.88	543.31	5.9080	0.74282	1.0227	467.71	0.030677	3.5259e-05	0.048532	supercritical
587.00	79.000	50.739	0.019709	388.63	544.33	5.9098	0.74311	1.0229	468.08	0.030391	3.5298e-05	0.048594	supercritical
588.00	79.000	50.651	0.019743	389.39	545.35	5.9115	0.74340	1.0231	468.45	0.030107	3.5338e-05	0.048656	supercritical
589.00	79.000	50.564	0.019777	390.14	546.38	5.9132	0.74368	1.0233	468.81	0.029823	3.5378e-05	0.048717	supercritical
590.00	79.000	50.477	0.019811	390.89	547.40	5.9150	0.74397	1.0235	469.18	0.029541	3.5417e-05	0.048779	supercritical
591.00	79.000	50.390	0.019845	391.65	548.42	5.9167	0.74426	1.0237	469.54	0.029260	3.5457e-05	0.048841	supercritical
592.00	79.000	50.304	0.019879	392.40	549.45	5.9184	0.74455	1.0239	469.90	0.028980	3.5496e-05	0.048902	supercritical
593.00	79.000	50.218	0.019913	393.16	550.47	5.9202	0.74484	1.0241	470.27	0.028701	3.5536e-05	0.048964	supercritical
594.00	79.000	50.132	0.019947	393.91	551.50	5.9219	0.74512	1.0243	470.63	0.028424	3.5575e-05	0.049026	supercritical
595.00	79.000	50.046	0.019982	394.67	552.52	5.9236	0.74541	1.0246	470.99	0.028147	3.5615e-05	0.049087	supercritical
596.00	79.000	49.961	0.020016	395.42	553.55	5.9253	0.74570	1.0248	471.36	0.027872	3.5654e-05	0.049149	supercritical
597.00	79.000	49.876	0.020050	396.18	554.57	5.9271	0.74598	1.0250	471.72	0.027598	3.5694e-05	0.049210	supercritical
598.00	79.000	49.792	0.020084	396.93	555.60	5.9288	0.74627	1.0252	472.08	0.027325	3.5733e-05	0.049272	supercritical
599.00	79.000	49.707	0.020118	397.69	556.62	5.9305	0.74656	1.0254	472.44	0.027054	3.5773e-05	0.049334	supercritical
600.00	79.000	49.623	0.020152	398.45	557.65	5.9322	0.74684	1.0256	472.80	0.026783	3.5812e-05	0.049395	supercritical
