Temperature (K)	Pressure (bar)	Density (kg/m3)	Volume (m3/kg)	Internal Energy (kJ/kg)	Enthalpy (kJ/kg)	Entropy (J/g*K)	Cv (J/g*K)	Cp (J/g*K)	Sound Spd. (m/s)	Joule-Thomson (K/bar)	Viscosity (Pa*s)	Therm. Cond. (W/m*K)	Phase
60.000	118.00	1295.7	0.00077176	-185.97	-176.86	2.2267	1.0930	1.6496	1159.2	-0.037724	0.00063386	0.19866	liquid
61.000	118.00	1291.6	0.00077426	-184.35	-175.21	2.2539	1.0854	1.6520	1155.3	-0.037565	0.00060408	0.19736	liquid
62.000	118.00	1287.3	0.00077680	-182.72	-173.56	2.2808	1.0785	1.6538	1150.7	-0.037423	0.00057628	0.19605	liquid
63.000	118.00	1283.1	0.00077935	-181.10	-171.90	2.3073	1.0722	1.6553	1145.5	-0.037295	0.00055032	0.19474	liquid
64.000	118.00	1278.9	0.00078194	-179.47	-170.25	2.3334	1.0663	1.6563	1139.9	-0.037180	0.00052606	0.19344	liquid
65.000	118.00	1274.6	0.00078455	-177.85	-168.59	2.3591	1.0608	1.6570	1134.0	-0.037075	0.00050337	0.19213	liquid
66.000	118.00	1270.4	0.00078718	-176.22	-166.93	2.3844	1.0555	1.6574	1127.7	-0.036978	0.00048214	0.19082	liquid
67.000	118.00	1266.1	0.00078983	-174.60	-165.28	2.4093	1.0504	1.6575	1121.2	-0.036887	0.00046225	0.18952	liquid
68.000	118.00	1261.8	0.00079250	-172.97	-163.62	2.4338	1.0455	1.6573	1114.6	-0.036800	0.00044361	0.18821	liquid
69.000	118.00	1257.5	0.00079520	-171.35	-161.96	2.4580	1.0407	1.6570	1107.8	-0.036717	0.00042613	0.18691	liquid
70.000	118.00	1253.3	0.00079792	-169.72	-160.31	2.4819	1.0359	1.6566	1100.9	-0.036635	0.00040971	0.18560	liquid
71.000	118.00	1249.0	0.00080066	-168.10	-158.65	2.5054	1.0313	1.6560	1093.9	-0.036553	0.00039429	0.18430	liquid
72.000	118.00	1244.7	0.00080342	-166.47	-156.99	2.5285	1.0267	1.6554	1086.8	-0.036470	0.00037977	0.18299	liquid
73.000	118.00	1240.4	0.00080620	-164.85	-155.34	2.5513	1.0221	1.6547	1079.7	-0.036385	0.00036610	0.18169	liquid
74.000	118.00	1236.1	0.00080901	-163.23	-153.68	2.5739	1.0176	1.6540	1072.6	-0.036297	0.00035322	0.18038	liquid
75.000	118.00	1231.8	0.00081184	-161.61	-152.03	2.5961	1.0132	1.6533	1065.4	-0.036206	0.00034107	0.17908	liquid
76.000	118.00	1227.4	0.00081470	-159.99	-150.38	2.6179	1.0088	1.6526	1058.3	-0.036110	0.00032959	0.17777	liquid
77.000	118.00	1223.1	0.00081758	-158.37	-148.72	2.6395	1.0044	1.6519	1051.1	-0.036009	0.00031874	0.17647	liquid
78.000	118.00	1218.8	0.00082049	-156.76	-147.07	2.6609	1.0001	1.6513	1043.9	-0.035902	0.00030848	0.17517	liquid
79.000	118.00	1214.5	0.00082342	-155.14	-145.42	2.6819	0.99587	1.6508	1036.7	-0.035790	0.00029875	0.17386	liquid
80.000	118.00	1210.1	0.00082637	-153.52	-143.77	2.7027	0.99164	1.6503	1029.4	-0.035670	0.00028953	0.17256	liquid
81.000	118.00	1205.7	0.00082936	-151.91	-142.12	2.7231	0.98746	1.6499	1022.2	-0.035544	0.00028078	0.17125	liquid
82.000	118.00	1201.4	0.00083237	-150.29	-140.47	2.7434	0.98332	1.6496	1015.0	-0.035410	0.00027247	0.16994	liquid
83.000	118.00	1197.0	0.00083542	-148.68	-138.82	2.7634	0.97923	1.6494	1007.9	-0.035269	0.00026457	0.16864	liquid
84.000	118.00	1192.6	0.00083849	-147.07	-137.17	2.7831	0.97519	1.6492	1000.7	-0.035119	0.00025705	0.16733	liquid
85.000	118.00	1188.2	0.00084159	-145.45	-135.52	2.8027	0.97119	1.6492	993.48	-0.034960	0.00024988	0.16602	liquid
86.000	118.00	1183.8	0.00084472	-143.84	-133.87	2.8219	0.96723	1.6493	986.30	-0.034793	0.00024304	0.16471	liquid
87.000	118.00	1179.4	0.00084789	-142.23	-132.23	2.8410	0.96333	1.6495	979.13	-0.034617	0.00023652	0.16340	liquid
88.000	118.00	1175.0	0.00085109	-140.62	-130.58	2.8599	0.95947	1.6498	971.96	-0.034432	0.00023028	0.16209	liquid
89.000	118.00	1170.5	0.00085432	-139.01	-128.93	2.8785	0.95566	1.6503	964.80	-0.034237	0.00022432	0.16078	liquid
90.000	118.00	1166.1	0.00085759	-137.39	-127.28	2.8970	0.95190	1.6508	957.64	-0.034031	0.00021861	0.15947	liquid
91.000	118.00	1161.6	0.00086089	-135.78	-125.62	2.9152	0.94819	1.6515	950.48	-0.033816	0.00021314	0.15816	liquid
92.000	118.00	1157.1	0.00086424	-134.17	-123.97	2.9333	0.94452	1.6523	943.32	-0.033590	0.00020789	0.15685	liquid
93.000	118.00	1152.6	0.00086762	-132.56	-122.32	2.9511	0.94090	1.6533	936.17	-0.033354	0.00020286	0.15553	liquid
94.000	118.00	1148.1	0.00087104	-130.94	-120.67	2.9688	0.93733	1.6543	929.02	-0.033106	0.00019802	0.15422	liquid
95.000	118.00	1143.5	0.00087450	-129.33	-119.01	2.9863	0.93381	1.6555	921.87	-0.032847	0.00019337	0.15290	liquid
96.000	118.00	1139.0	0.00087800	-127.71	-117.35	3.0037	0.93034	1.6568	914.71	-0.032576	0.00018889	0.15159	liquid
97.000	118.00	1134.4	0.00088155	-126.10	-115.70	3.0208	0.92691	1.6582	907.56	-0.032294	0.00018458	0.15027	liquid
98.000	118.00	1129.8	0.00088514	-124.48	-114.04	3.0379	0.92352	1.6598	900.40	-0.031999	0.00018042	0.14895	liquid
99.000	118.00	1125.1	0.00088877	-122.86	-112.38	3.0547	0.92019	1.6615	893.24	-0.031691	0.00017641	0.14764	liquid
100.00	118.00	1120.5	0.00089245	-121.25	-110.71	3.0714	0.91690	1.6634	886.08	-0.031370	0.00017254	0.14632	liquid
101.00	118.00	1115.8	0.00089618	-119.63	-109.05	3.0880	0.91365	1.6654	878.91	-0.031036	0.00016879	0.14500	liquid
102.00	118.00	1111.2	0.00089996	-118.00	-107.38	3.1044	0.91045	1.6675	871.73	-0.030688	0.00016517	0.14368	liquid
103.00	118.00	1106.4	0.00090380	-116.38	-105.72	3.1207	0.90729	1.6698	864.55	-0.030325	0.00016167	0.14236	liquid
104.00	118.00	1101.7	0.00090768	-114.76	-104.04	3.1368	0.90418	1.6722	857.36	-0.029948	0.00015827	0.14104	liquid
105.00	118.00	1096.9	0.00091162	-113.13	-102.37	3.1528	0.90111	1.6747	850.16	-0.029556	0.00015498	0.13972	liquid
106.00	118.00	1092.2	0.00091562	-111.50	-100.69	3.1687	0.89808	1.6774	842.96	-0.029148	0.00015179	0.13840	liquid
107.00	118.00	1087.3	0.00091967	-109.87	-99.016	3.1845	0.89510	1.6803	835.74	-0.028724	0.00014870	0.13708	liquid
108.00	118.00	1082.5	0.00092379	-108.23	-97.334	3.2001	0.89216	1.6833	828.52	-0.028284	0.00014569	0.13576	liquid
109.00	118.00	1077.6	0.00092796	-106.60	-95.649	3.2157	0.88926	1.6865	821.28	-0.027826	0.00014276	0.13444	liquid
110.00	118.00	1072.7	0.00093221	-104.96	-93.961	3.2311	0.88640	1.6898	814.03	-0.027349	0.00013992	0.13312	liquid
111.00	118.00	1067.8	0.00093651	-103.32	-92.270	3.2464	0.88359	1.6933	806.77	-0.026855	0.00013715	0.13180	liquid
112.00	118.00	1062.8	0.00094089	-101.68	-90.575	3.2616	0.88081	1.6970	799.49	-0.026341	0.00013445	0.13049	liquid
113.00	118.00	1057.8	0.00094533	-100.03	-88.876	3.2767	0.87808	1.7008	792.21	-0.025807	0.00013183	0.12917	liquid
114.00	118.00	1052.8	0.00094985	-98.381	-87.173	3.2917	0.87539	1.7049	784.90	-0.025252	0.00012927	0.12786	liquid
115.00	118.00	1047.7	0.00095444	-96.728	-85.466	3.3066	0.87274	1.7091	777.58	-0.024676	0.00012677	0.12655	liquid
116.00	118.00	1042.6	0.00095912	-95.072	-83.755	3.3214	0.87013	1.7135	770.25	-0.024077	0.00012433	0.12523	liquid
117.00	118.00	1037.5	0.00096387	-93.412	-82.039	3.3361	0.86756	1.7181	762.89	-0.023455	0.00012195	0.12392	liquid
118.00	118.00	1032.3	0.00096870	-91.749	-80.318	3.3508	0.86504	1.7229	755.52	-0.022809	0.00011962	0.12261	liquid
119.00	118.00	1027.1	0.00097363	-90.082	-78.593	3.3654	0.86255	1.7279	748.13	-0.022137	0.00011735	0.12131	liquid
120.00	118.00	1021.8	0.00097864	-88.410	-76.862	3.3798	0.86011	1.7332	740.73	-0.021439	0.00011513	0.12000	liquid
121.00	118.00	1016.5	0.00098375	-86.735	-75.126	3.3942	0.85770	1.7387	733.30	-0.020714	0.00011295	0.11869	liquid
122.00	118.00	1011.2	0.00098895	-85.054	-73.385	3.4086	0.85534	1.7444	725.85	-0.019959	0.00011082	0.11739	liquid
123.00	118.00	1005.8	0.00099425	-83.370	-71.638	3.4228	0.85302	1.7503	718.38	-0.019175	0.00010874	0.11609	liquid
124.00	118.00	1000.3	0.00099966	-81.680	-69.884	3.4370	0.85074	1.7565	710.89	-0.018358	0.00010670	0.11478	liquid
125.00	118.00	994.85	0.0010052	-79.985	-68.124	3.4512	0.84850	1.7630	703.37	-0.017510	0.00010470	0.11349	liquid
126.00	118.00	989.31	0.0010108	-78.286	-66.358	3.4652	0.84631	1.7698	695.83	-0.016626	0.00010273	0.11219	liquid
127.00	118.00	983.72	0.0010166	-76.580	-64.585	3.4793	0.84416	1.7768	688.27	-0.015707	0.00010081	0.11089	liquid
128.00	118.00	978.07	0.0010224	-74.869	-62.804	3.4932	0.84205	1.7842	680.68	-0.014749	9.8921e-05	0.10960	liquid
129.00	118.00	972.37	0.0010284	-73.152	-61.016	3.5071	0.83999	1.7919	673.06	-0.013752	9.7069e-05	0.10831	liquid
130.00	118.00	966.61	0.0010345	-71.428	-59.220	3.5210	0.83797	1.7999	665.42	-0.012713	9.5250e-05	0.10703	liquid
131.00	118.00	960.79	0.0010408	-69.698	-57.416	3.5348	0.83600	1.8082	657.75	-0.011630	9.3464e-05	0.10574	liquid
132.00	118.00	954.90	0.0010472	-67.961	-55.604	3.5486	0.83408	1.8170	650.06	-0.010501	9.1710e-05	0.10446	liquid
133.00	118.00	948.95	0.0010538	-66.217	-53.782	3.5624	0.83220	1.8261	642.33	-0.0093229	8.9986e-05	0.10318	liquid
134.00	118.00	942.94	0.0010605	-64.466	-51.952	3.5761	0.83037	1.8356	634.58	-0.0080939	8.8292e-05	0.10191	liquid
135.00	118.00	936.85	0.0010674	-62.706	-50.111	3.5898	0.82859	1.8455	626.79	-0.0068109	8.6626e-05	0.10064	liquid
136.00	118.00	930.69	0.0010745	-60.939	-48.260	3.6034	0.82686	1.8559	618.98	-0.0054708	8.4988e-05	0.099371	liquid
137.00	118.00	924.46	0.0010817	-59.163	-46.399	3.6171	0.82518	1.8668	611.13	-0.0040706	8.3377e-05	0.098108	liquid
138.00	118.00	918.14	0.0010892	-57.379	-44.527	3.6307	0.82355	1.8782	603.25	-0.0026068	8.1792e-05	0.096849	liquid
139.00	118.00	911.75	0.0010968	-55.585	-42.642	3.6443	0.82198	1.8901	595.34	-0.0010757	8.0232e-05	0.095593	liquid
140.00	118.00	905.27	0.0011046	-53.781	-40.746	3.6579	0.82046	1.9026	587.40	0.00052665	7.8696e-05	0.094343	liquid
141.00	118.00	898.70	0.0011127	-51.967	-38.837	3.6715	0.81900	1.9157	579.42	0.0022044	7.7185e-05	0.093096	liquid
142.00	118.00	892.03	0.0011210	-50.143	-36.915	3.6850	0.81760	1.9294	571.41	0.0039621	7.5696e-05	0.091855	liquid
143.00	118.00	885.27	0.0011296	-48.307	-34.978	3.6986	0.81625	1.9438	563.36	0.0058047	7.4230e-05	0.090618	liquid
144.00	118.00	878.41	0.0011384	-46.460	-33.027	3.7122	0.81497	1.9588	555.29	0.0077373	7.2785e-05	0.089386	liquid
145.00	118.00	871.45	0.0011475	-44.601	-31.060	3.7258	0.81376	1.9747	547.17	0.0097656	7.1362e-05	0.088160	liquid
146.00	118.00	864.37	0.0011569	-42.729	-29.077	3.7395	0.81261	1.9913	539.03	0.011896	6.9959e-05	0.086939	liquid
147.00	118.00	857.18	0.0011666	-40.843	-27.077	3.7531	0.81153	2.0088	530.85	0.014134	6.8576e-05	0.085723	liquid
148.00	118.00	849.87	0.0011767	-38.944	-25.059	3.7668	0.81052	2.0272	522.64	0.016487	6.7212e-05	0.084513	liquid
149.00	118.00	842.43	0.0011870	-37.030	-23.022	3.7805	0.80958	2.0465	514.40	0.018963	6.5867e-05	0.083309	liquid
150.00	118.00	834.86	0.0011978	-35.100	-20.966	3.7943	0.80872	2.0669	506.13	0.021570	6.4541e-05	0.082112	liquid
151.00	118.00	827.15	0.0012090	-33.154	-18.888	3.8081	0.80793	2.0883	497.83	0.024316	6.3232e-05	0.080920	liquid
152.00	118.00	819.30	0.0012205	-31.191	-16.789	3.8219	0.80723	2.1109	489.51	0.027210	6.1941e-05	0.079735	liquid
153.00	118.00	811.30	0.0012326	-29.211	-14.666	3.8359	0.80660	2.1347	481.16	0.030262	6.0666e-05	0.078556	liquid
154.00	118.00	803.14	0.0012451	-27.211	-12.519	3.8498	0.80606	2.1598	472.80	0.033483	5.9408e-05	0.077383	liquid
155.00	118.00	794.81	0.0012582	-25.192	-10.346	3.8639	0.80560	2.1863	464.43	0.036884	5.8166e-05	0.076218	supercritical
156.00	118.00	786.31	0.0012718	-23.153	-8.1458	3.8781	0.80523	2.2142	456.04	0.040477	5.6939e-05	0.075059	supercritical
157.00	118.00	777.62	0.0012860	-21.092	-5.9170	3.8923	0.80495	2.2436	447.66	0.044273	5.5728e-05	0.073907	supercritical
158.00	118.00	768.75	0.0013008	-19.008	-3.6580	3.9066	0.80475	2.2746	439.28	0.048287	5.4531e-05	0.072762	supercritical
159.00	118.00	759.67	0.0013164	-16.900	-1.3673	3.9211	0.80464	2.3072	430.92	0.052531	5.3348e-05	0.071625	supercritical
160.00	118.00	750.39	0.0013326	-14.768	0.95701	3.9357	0.80461	2.3416	422.58	0.057020	5.2179e-05	0.070494	supercritical
161.00	118.00	740.89	0.0013497	-12.610	3.3165	3.9504	0.80466	2.3777	414.28	0.061768	5.1024e-05	0.069371	supercritical
162.00	118.00	731.17	0.0013677	-10.426	5.7130	3.9652	0.80479	2.4155	406.03	0.066789	4.9883e-05	0.068254	supercritical
163.00	118.00	721.21	0.0013866	-8.2132	8.1482	3.9802	0.80498	2.4551	397.85	0.072096	4.8754e-05	0.067145	supercritical
164.00	118.00	711.02	0.0014064	-5.9721	10.624	3.9953	0.80524	2.4964	389.74	0.077703	4.7639e-05	0.066043	supercritical
165.00	118.00	700.58	0.0014274	-3.7017	13.141	4.0106	0.80554	2.5392	381.73	0.083621	4.6537e-05	0.064947	supercritical
166.00	118.00	689.89	0.0014495	-1.4014	15.703	4.0261	0.80589	2.5834	373.84	0.089858	4.5449e-05	0.063859	supercritical
167.00	118.00	678.96	0.0014728	0.92894	18.309	4.0418	0.80626	2.6285	366.09	0.096419	4.4374e-05	0.062777	supercritical
168.00	118.00	667.77	0.0014975	3.2892	20.960	4.0576	0.80665	2.6743	358.51	0.10331	4.3313e-05	0.061703	supercritical
169.00	118.00	656.34	0.0015236	5.6788	23.657	4.0736	0.80703	2.7202	351.12	0.11052	4.2267e-05	0.060635	supercritical
170.00	118.00	644.68	0.0015511	8.0966	26.400	4.0898	0.80739	2.7655	343.95	0.11804	4.1237e-05	0.059573	supercritical
171.00	118.00	632.80	0.0015803	10.541	29.188	4.1061	0.80772	2.8095	337.03	0.12586	4.0223e-05	0.058519	supercritical
172.00	118.00	620.73	0.0016110	13.009	32.018	4.1226	0.80799	2.8514	330.38	0.13395	3.9229e-05	0.057472	supercritical
173.00	118.00	608.48	0.0016434	15.497	34.889	4.1393	0.80819	2.8901	324.04	0.14229	3.8254e-05	0.056432	supercritical
174.00	118.00	596.10	0.0016776	18.002	37.797	4.1560	0.80830	2.9249	318.02	0.15084	3.7301e-05	0.055401	supercritical
175.00	118.00	583.63	0.0017134	20.519	40.738	4.1729	0.80829	2.9547	312.35	0.15956	3.6372e-05	0.054379	supercritical
176.00	118.00	571.10	0.0017510	23.043	43.705	4.1898	0.80815	2.9788	307.04	0.16840	3.5470e-05	0.053367	supercritical
177.00	118.00	558.56	0.0017903	25.567	46.693	4.2067	0.80786	2.9962	302.11	0.17731	3.4595e-05	0.052366	supercritical
178.00	118.00	546.07	0.0018313	28.086	49.695	4.2236	0.80740	3.0065	297.56	0.18622	3.3751e-05	0.051379	supercritical
179.00	118.00	533.68	0.0018738	30.593	52.703	4.2405	0.80675	3.0091	293.40	0.19508	3.2939e-05	0.050408	supercritical
180.00	118.00	521.45	0.0019177	33.081	55.710	4.2572	0.80590	3.0036	289.64	0.20382	3.2162e-05	0.049454	supercritical
181.00	118.00	509.41	0.0019630	35.544	58.708	4.2739	0.80485	2.9901	286.25	0.21236	3.1419e-05	0.048520	supercritical
182.00	118.00	497.63	0.0020095	37.975	61.688	4.2903	0.80358	2.9687	283.25	0.22065	3.0714e-05	0.047608	supercritical
183.00	118.00	486.13	0.0020571	40.370	64.643	4.3065	0.80211	2.9399	280.60	0.22863	3.0046e-05	0.046721	supercritical
184.00	118.00	474.96	0.0021054	42.722	67.566	4.3224	0.80044	2.9044	278.29	0.23624	2.9416e-05	0.045862	supercritical
185.00	118.00	464.15	0.0021545	45.027	70.450	4.3380	0.79859	2.8632	276.31	0.24344	2.8824e-05	0.045032	supercritical
186.00	118.00	453.72	0.0022040	47.283	73.290	4.3533	0.79658	2.8173	274.63	0.25020	2.8269e-05	0.044233	supercritical
187.00	118.00	443.67	0.0022539	49.487	76.083	4.3683	0.79442	2.7676	273.22	0.25651	2.7750e-05	0.043467	supercritical
188.00	118.00	434.03	0.0023040	51.638	78.825	4.3829	0.79214	2.7154	272.07	0.26235	2.7267e-05	0.042734	supercritical
189.00	118.00	424.78	0.0023542	53.734	81.513	4.3972	0.78976	2.6615	271.15	0.26773	2.6818e-05	0.042036	supercritical
190.00	118.00	415.92	0.0024043	55.777	84.148	4.4111	0.78729	2.6068	270.43	0.27266	2.6401e-05	0.041372	supercritical
191.00	118.00	407.45	0.0024543	57.767	86.727	4.4246	0.78477	2.5520	269.89	0.27715	2.6014e-05	0.040742	supercritical
192.00	118.00	399.36	0.0025040	59.704	89.252	4.4378	0.78221	2.4976	269.52	0.28121	2.5656e-05	0.040146	supercritical
193.00	118.00	391.62	0.0025535	61.591	91.722	4.4507	0.77962	2.4442	269.29	0.28487	2.5325e-05	0.039582	supercritical
194.00	118.00	384.23	0.0026026	63.430	94.140	4.4632	0.77703	2.3921	269.19	0.28815	2.5018e-05	0.039050	supercritical
195.00	118.00	377.16	0.0026514	65.221	96.507	4.4753	0.77444	2.3415	269.20	0.29107	2.4735e-05	0.038548	supercritical
196.00	118.00	370.41	0.0026997	66.967	98.824	4.4872	0.77187	2.2926	269.31	0.29365	2.4473e-05	0.038074	supercritical
197.00	118.00	363.95	0.0027476	68.671	101.09	4.4987	0.76931	2.2455	269.51	0.29592	2.4232e-05	0.037628	supercritical
198.00	118.00	357.77	0.0027951	70.334	103.32	4.5100	0.76680	2.2003	269.79	0.29789	2.4008e-05	0.037209	supercritical
199.00	118.00	351.86	0.0028420	71.958	105.49	4.5210	0.76432	2.1569	270.14	0.29958	2.3802e-05	0.036813	supercritical
200.00	118.00	346.19	0.0028886	73.545	107.63	4.5317	0.76188	2.1154	270.54	0.30103	2.3612e-05	0.036442	supercritical
201.00	118.00	340.76	0.0029346	75.097	109.73	4.5421	0.75950	2.0758	271.00	0.30223	2.3436e-05	0.036092	supercritical
202.00	118.00	335.55	0.0029802	76.616	111.78	4.5523	0.75716	2.0379	271.51	0.30322	2.3274e-05	0.035762	supercritical
203.00	118.00	330.55	0.0030253	78.103	113.80	4.5623	0.75488	2.0018	272.06	0.30400	2.3124e-05	0.035453	supercritical
204.00	118.00	325.74	0.0030699	79.561	115.79	4.5720	0.75265	1.9674	272.64	0.30460	2.2986e-05	0.035161	supercritical
205.00	118.00	321.12	0.0031141	80.990	117.74	4.5816	0.75048	1.9345	273.25	0.30502	2.2859e-05	0.034887	supercritical
206.00	118.00	316.67	0.0031579	82.393	119.66	4.5909	0.74837	1.9032	273.89	0.30528	2.2742e-05	0.034629	supercritical
207.00	118.00	312.38	0.0032012	83.770	121.54	4.6001	0.74631	1.8733	274.56	0.30539	2.2634e-05	0.034386	supercritical
208.00	118.00	308.25	0.0032441	85.123	123.40	4.6090	0.74431	1.8448	275.25	0.30537	2.2535e-05	0.034158	supercritical
209.00	118.00	304.27	0.0032866	86.452	125.23	4.6178	0.74237	1.8176	275.95	0.30522	2.2444e-05	0.033943	supercritical
210.00	118.00	300.42	0.0033286	87.761	127.04	4.6264	0.74049	1.7916	276.68	0.30495	2.2360e-05	0.033741	supercritical
211.00	118.00	296.71	0.0033703	89.048	128.82	4.6349	0.73865	1.7668	277.41	0.30458	2.2283e-05	0.033551	supercritical
212.00	118.00	293.12	0.0034116	90.316	130.57	4.6432	0.73688	1.7431	278.16	0.30410	2.2213e-05	0.033372	supercritical
213.00	118.00	289.64	0.0034525	91.565	132.30	4.6513	0.73516	1.7204	278.92	0.30354	2.2149e-05	0.033204	supercritical
214.00	118.00	286.28	0.0034931	92.796	134.01	4.6593	0.73348	1.6988	279.69	0.30289	2.2090e-05	0.033045	supercritical
215.00	118.00	283.03	0.0035333	94.010	135.70	4.6672	0.73186	1.6781	280.47	0.30216	2.2037e-05	0.032897	supercritical
216.00	118.00	279.87	0.0035731	95.208	137.37	4.6749	0.73029	1.6582	281.26	0.30136	2.1989e-05	0.032757	supercritical
217.00	118.00	276.81	0.0036126	96.390	139.02	4.6826	0.72877	1.6392	282.05	0.30050	2.1945e-05	0.032626	supercritical
218.00	118.00	273.84	0.0036518	97.558	140.65	4.6900	0.72729	1.6210	282.84	0.29958	2.1906e-05	0.032502	supercritical
219.00	118.00	270.95	0.0036907	98.711	142.26	4.6974	0.72586	1.6035	283.64	0.29860	2.1871e-05	0.032387	supercritical
220.00	118.00	268.15	0.0037292	99.851	143.86	4.7047	0.72448	1.5868	284.45	0.29757	2.1840e-05	0.032278	supercritical
221.00	118.00	265.43	0.0037675	100.98	145.43	4.7118	0.72313	1.5707	285.25	0.29649	2.1812e-05	0.032176	supercritical
222.00	118.00	262.78	0.0038055	102.09	147.00	4.7189	0.72183	1.5553	286.06	0.29537	2.1788e-05	0.032081	supercritical
223.00	118.00	260.20	0.0038432	103.20	148.55	4.7259	0.72057	1.5404	286.87	0.29422	2.1767e-05	0.031992	supercritical
224.00	118.00	257.69	0.0038806	104.29	150.08	4.7327	0.71934	1.5261	287.68	0.29302	2.1749e-05	0.031908	supercritical
225.00	118.00	255.25	0.0039177	105.37	151.60	4.7395	0.71816	1.5124	288.50	0.29180	2.1734e-05	0.031830	supercritical
226.00	118.00	252.87	0.0039546	106.44	153.10	4.7462	0.71701	1.4992	289.31	0.29054	2.1722e-05	0.031758	supercritical
227.00	118.00	250.55	0.0039913	107.50	154.60	4.7528	0.71589	1.4865	290.12	0.28926	2.1712e-05	0.031690	supercritical
228.00	118.00	248.28	0.0040277	108.55	156.08	4.7593	0.71481	1.4742	290.93	0.28795	2.1705e-05	0.031627	supercritical
229.00	118.00	246.07	0.0040639	109.59	157.55	4.7657	0.71377	1.4624	291.74	0.28663	2.1700e-05	0.031568	supercritical
230.00	118.00	243.91	0.0040998	110.62	159.00	4.7720	0.71275	1.4510	292.55	0.28528	2.1697e-05	0.031514	supercritical
231.00	118.00	241.81	0.0041355	111.65	160.45	4.7783	0.71177	1.4400	293.36	0.28391	2.1696e-05	0.031464	supercritical
232.00	118.00	239.75	0.0041710	112.66	161.88	4.7845	0.71081	1.4294	294.17	0.28253	2.1697e-05	0.031418	supercritical
233.00	118.00	237.74	0.0042063	113.67	163.31	4.7906	0.70989	1.4191	294.98	0.28114	2.1700e-05	0.031376	supercritical
234.00	118.00	235.77	0.0042414	114.67	164.72	4.7967	0.70899	1.4092	295.78	0.27973	2.1705e-05	0.031337	supercritical
235.00	118.00	233.85	0.0042762	115.67	166.12	4.8027	0.70812	1.3996	296.59	0.27831	2.1711e-05	0.031301	supercritical
236.00	118.00	231.97	0.0043109	116.65	167.52	4.8086	0.70728	1.3904	297.39	0.27688	2.1719e-05	0.031269	supercritical
237.00	118.00	230.13	0.0043454	117.63	168.91	4.8145	0.70646	1.3814	298.19	0.27544	2.1729e-05	0.031240	supercritical
238.00	118.00	228.33	0.0043797	118.60	170.28	4.8203	0.70566	1.3728	298.98	0.27399	2.1740e-05	0.031214	supercritical
239.00	118.00	226.56	0.0044138	119.57	171.65	4.8260	0.70489	1.3644	299.78	0.27254	2.1752e-05	0.031191	supercritical
240.00	118.00	224.83	0.0044477	120.53	173.01	4.8317	0.70414	1.3562	300.57	0.27109	2.1766e-05	0.031170	supercritical
241.00	118.00	223.14	0.0044815	121.48	174.36	4.8373	0.70342	1.3483	301.36	0.26962	2.1781e-05	0.031152	supercritical
242.00	118.00	221.48	0.0045151	122.43	175.71	4.8429	0.70272	1.3407	302.15	0.26816	2.1797e-05	0.031137	supercritical
243.00	118.00	219.85	0.0045485	123.37	177.05	4.8484	0.70203	1.3333	302.93	0.26669	2.1814e-05	0.031124	supercritical
244.00	118.00	218.25	0.0045818	124.31	178.37	4.8538	0.70137	1.3261	303.71	0.26522	2.1833e-05	0.031113	supercritical
245.00	118.00	216.69	0.0046149	125.24	179.70	4.8593	0.70073	1.3191	304.49	0.26376	2.1852e-05	0.031105	supercritical
246.00	118.00	215.15	0.0046479	126.17	181.01	4.8646	0.70010	1.3124	305.27	0.26229	2.1873e-05	0.031098	supercritical
247.00	118.00	213.64	0.0046807	127.09	182.32	4.8699	0.69950	1.3058	306.04	0.26082	2.1894e-05	0.031094	supercritical
248.00	118.00	212.16	0.0047134	128.01	183.62	4.8752	0.69891	1.2994	306.81	0.25935	2.1916e-05	0.031092	supercritical
249.00	118.00	210.71	0.0047459	128.92	184.92	4.8804	0.69834	1.2932	307.58	0.25788	2.1939e-05	0.031091	supercritical
250.00	118.00	209.28	0.0047783	129.83	186.21	4.8856	0.69779	1.2872	308.35	0.25642	2.1963e-05	0.031093	supercritical
251.00	118.00	207.88	0.0048105	130.73	187.50	4.8907	0.69725	1.2813	309.11	0.25495	2.1988e-05	0.031096	supercritical
252.00	118.00	206.50	0.0048426	131.63	188.77	4.8958	0.69673	1.2756	309.87	0.25349	2.2014e-05	0.031101	supercritical
253.00	118.00	205.14	0.0048746	132.53	190.05	4.9008	0.69623	1.2700	310.63	0.25204	2.2040e-05	0.031107	supercritical
254.00	118.00	203.81	0.0049065	133.42	191.31	4.9058	0.69574	1.2646	311.38	0.25058	2.2067e-05	0.031115	supercritical
255.00	118.00	202.50	0.0049382	134.31	192.58	4.9108	0.69526	1.2594	312.13	0.24913	2.2095e-05	0.031125	supercritical
256.00	118.00	201.22	0.0049698	135.19	193.83	4.9157	0.69480	1.2542	312.88	0.24769	2.2123e-05	0.031136	supercritical
257.00	118.00	199.95	0.0050013	136.07	195.08	4.9206	0.69435	1.2493	313.63	0.24625	2.2152e-05	0.031148	supercritical
258.00	118.00	198.70	0.0050327	136.95	196.33	4.9254	0.69392	1.2444	314.37	0.24481	2.2181e-05	0.031162	supercritical
259.00	118.00	197.48	0.0050639	137.82	197.57	4.9302	0.69350	1.2397	315.11	0.24338	2.2211e-05	0.031177	supercritical
260.00	118.00	196.27	0.0050951	138.69	198.81	4.9350	0.69309	1.2351	315.85	0.24195	2.2242e-05	0.031194	supercritical
261.00	118.00	195.08	0.0051261	139.56	200.04	4.9397	0.69270	1.2306	316.58	0.24053	2.2273e-05	0.031211	supercritical
262.00	118.00	193.91	0.0051570	140.42	201.27	4.9444	0.69231	1.2262	317.32	0.23912	2.2305e-05	0.031230	supercritical
263.00	118.00	192.76	0.0051879	141.28	202.50	4.9491	0.69194	1.2219	318.04	0.23771	2.2337e-05	0.031250	supercritical
264.00	118.00	191.62	0.0052186	142.14	203.72	4.9537	0.69158	1.2177	318.77	0.23631	2.2369e-05	0.031271	supercritical
265.00	118.00	190.51	0.0052492	142.99	204.93	4.9583	0.69123	1.2136	319.49	0.23491	2.2402e-05	0.031293	supercritical
266.00	118.00	189.40	0.0052797	143.84	206.14	4.9629	0.69090	1.2097	320.21	0.23352	2.2436e-05	0.031316	supercritical
267.00	118.00	188.32	0.0053101	144.69	207.35	4.9674	0.69057	1.2058	320.93	0.23213	2.2470e-05	0.031340	supercritical
268.00	118.00	187.25	0.0053404	145.54	208.55	4.9719	0.69025	1.2020	321.65	0.23076	2.2504e-05	0.031365	supercritical
269.00	118.00	186.20	0.0053707	146.38	209.75	4.9764	0.68995	1.1983	322.36	0.22939	2.2539e-05	0.031391	supercritical
270.00	118.00	185.16	0.0054008	147.22	210.95	4.9808	0.68965	1.1947	323.07	0.22802	2.2574e-05	0.031418	supercritical
271.00	118.00	184.13	0.0054309	148.06	212.14	4.9852	0.68936	1.1912	323.78	0.22666	2.2609e-05	0.031446	supercritical
272.00	118.00	183.12	0.0054608	148.90	213.33	4.9896	0.68909	1.1877	324.48	0.22531	2.2645e-05	0.031474	supercritical
273.00	118.00	182.13	0.0054907	149.73	214.52	4.9940	0.68882	1.1843	325.18	0.22397	2.2681e-05	0.031504	supercritical
274.00	118.00	181.14	0.0055205	150.56	215.70	4.9983	0.68856	1.1810	325.88	0.22263	2.2718e-05	0.031534	supercritical
275.00	118.00	180.17	0.0055502	151.39	216.88	5.0026	0.68831	1.1778	326.58	0.22130	2.2754e-05	0.031565	supercritical
276.00	118.00	179.22	0.0055798	152.22	218.06	5.0069	0.68807	1.1747	327.27	0.21998	2.2791e-05	0.031597	supercritical
277.00	118.00	178.27	0.0056093	153.04	219.23	5.0111	0.68783	1.1716	327.96	0.21866	2.2829e-05	0.031629	supercritical
278.00	118.00	177.34	0.0056388	153.86	220.40	5.0153	0.68761	1.1686	328.65	0.21735	2.2866e-05	0.031662	supercritical
279.00	118.00	176.42	0.0056682	154.68	221.57	5.0195	0.68739	1.1656	329.34	0.21605	2.2904e-05	0.031696	supercritical
280.00	118.00	175.52	0.0056975	155.50	222.73	5.0237	0.68718	1.1627	330.02	0.21476	2.2942e-05	0.031730	supercritical
281.00	118.00	174.62	0.0057267	156.32	223.89	5.0278	0.68698	1.1599	330.70	0.21347	2.2980e-05	0.031765	supercritical
282.00	118.00	173.74	0.0057559	157.13	225.05	5.0319	0.68679	1.1571	331.38	0.21219	2.3019e-05	0.031801	supercritical
283.00	118.00	172.86	0.0057850	157.95	226.21	5.0360	0.68660	1.1544	332.06	0.21092	2.3058e-05	0.031837	supercritical
284.00	118.00	172.00	0.0058140	158.76	227.36	5.0401	0.68642	1.1518	332.73	0.20965	2.3097e-05	0.031874	supercritical
285.00	118.00	171.15	0.0058429	159.57	228.51	5.0441	0.68625	1.1492	333.40	0.20839	2.3136e-05	0.031912	supercritical
286.00	118.00	170.31	0.0058718	160.37	229.66	5.0481	0.68608	1.1467	334.07	0.20714	2.3176e-05	0.031950	supercritical
287.00	118.00	169.48	0.0059006	161.18	230.80	5.0521	0.68592	1.1442	334.73	0.20590	2.3215e-05	0.031988	supercritical
288.00	118.00	168.65	0.0059293	161.98	231.95	5.0561	0.68577	1.1417	335.40	0.20466	2.3255e-05	0.032027	supercritical
289.00	118.00	167.84	0.0059580	162.78	233.09	5.0601	0.68563	1.1393	336.06	0.20343	2.3295e-05	0.032067	supercritical
290.00	118.00	167.04	0.0059866	163.59	234.23	5.0640	0.68549	1.1370	336.72	0.20221	2.3335e-05	0.032107	supercritical
291.00	118.00	166.25	0.0060151	164.38	235.36	5.0679	0.68536	1.1347	337.38	0.20100	2.3376e-05	0.032147	supercritical
292.00	118.00	165.46	0.0060436	165.18	236.50	5.0718	0.68523	1.1325	338.03	0.19979	2.3416e-05	0.032188	supercritical
293.00	118.00	164.69	0.0060720	165.98	237.63	5.0757	0.68511	1.1303	338.68	0.19859	2.3457e-05	0.032229	supercritical
294.00	118.00	163.92	0.0061004	166.77	238.76	5.0795	0.68500	1.1281	339.33	0.19739	2.3498e-05	0.032271	supercritical
295.00	118.00	163.17	0.0061287	167.57	239.88	5.0833	0.68489	1.1260	339.98	0.19621	2.3539e-05	0.032313	supercritical
296.00	118.00	162.42	0.0061569	168.36	241.01	5.0872	0.68479	1.1239	340.62	0.19503	2.3580e-05	0.032355	supercritical
297.00	118.00	161.68	0.0061851	169.15	242.13	5.0909	0.68469	1.1219	341.27	0.19386	2.3621e-05	0.032398	supercritical
298.00	118.00	160.95	0.0062132	169.94	243.25	5.0947	0.68460	1.1199	341.91	0.19269	2.3662e-05	0.032441	supercritical
299.00	118.00	160.22	0.0062413	170.72	244.37	5.0985	0.68451	1.1180	342.55	0.19153	2.3704e-05	0.032484	supercritical
300.00	118.00	159.51	0.0062693	171.51	245.49	5.1022	0.68443	1.1160	343.18	0.19038	2.3746e-05	0.032528	supercritical
301.00	118.00	158.80	0.0062972	172.30	246.60	5.1059	0.68436	1.1142	343.82	0.18924	2.3787e-05	0.032572	supercritical
302.00	118.00	158.10	0.0063251	173.08	247.72	5.1096	0.68429	1.1123	344.45	0.18810	2.3829e-05	0.032616	supercritical
303.00	118.00	157.41	0.0063530	173.86	248.83	5.1133	0.68423	1.1105	345.08	0.18697	2.3871e-05	0.032660	supercritical
304.00	118.00	156.72	0.0063808	174.64	249.94	5.1169	0.68417	1.1087	345.71	0.18584	2.3913e-05	0.032704	supercritical
305.00	118.00	156.04	0.0064085	175.43	251.05	5.1206	0.68411	1.1070	346.33	0.18472	2.3956e-05	0.032749	supercritical
306.00	118.00	155.37	0.0064362	176.20	252.15	5.1242	0.68406	1.1053	346.96	0.18361	2.3998e-05	0.032793	supercritical
307.00	118.00	154.71	0.0064638	176.98	253.26	5.1278	0.68402	1.1036	347.58	0.18251	2.4040e-05	0.032836	supercritical
308.00	118.00	154.05	0.0064914	177.76	254.36	5.1314	0.68398	1.1020	348.20	0.18141	2.4083e-05	0.032879	supercritical
309.00	118.00	153.40	0.0065190	178.54	255.46	5.1349	0.68394	1.1004	348.82	0.18032	2.4125e-05	0.032916	supercritical
310.00	118.00	152.75	0.0065465	179.31	256.56	5.1385	0.68391	1.0988	349.43	0.17924	2.4168e-05	0.032960	supercritical
311.00	118.00	152.12	0.0065739	180.09	257.66	5.1420	0.68388	1.0972	350.05	0.17816	2.4211e-05	0.033011	supercritical
312.00	118.00	151.49	0.0066013	180.86	258.75	5.1455	0.68386	1.0957	350.66	0.17709	2.4253e-05	0.033062	supercritical
313.00	118.00	150.86	0.0066287	181.63	259.85	5.1490	0.68385	1.0942	351.27	0.17603	2.4296e-05	0.033113	supercritical
314.00	118.00	150.24	0.0066560	182.40	260.94	5.1525	0.68383	1.0927	351.87	0.17497	2.4339e-05	0.033165	supercritical
315.00	118.00	149.63	0.0066832	183.17	262.03	5.1560	0.68382	1.0913	352.48	0.17392	2.4382e-05	0.033217	supercritical
316.00	118.00	149.02	0.0067104	183.94	263.13	5.1595	0.68382	1.0899	353.08	0.17287	2.4425e-05	0.033269	supercritical
317.00	118.00	148.42	0.0067376	184.71	264.21	5.1629	0.68382	1.0885	353.69	0.17183	2.4469e-05	0.033322	supercritical
318.00	118.00	147.83	0.0067648	185.48	265.30	5.1663	0.68382	1.0871	354.29	0.17080	2.4512e-05	0.033374	supercritical
319.00	118.00	147.24	0.0067918	186.24	266.39	5.1697	0.68383	1.0858	354.88	0.16977	2.4555e-05	0.033427	supercritical
320.00	118.00	146.65	0.0068189	187.01	267.47	5.1731	0.68384	1.0844	355.48	0.16875	2.4598e-05	0.033480	supercritical
321.00	118.00	146.07	0.0068459	187.78	268.56	5.1765	0.68386	1.0832	356.07	0.16774	2.4642e-05	0.033533	supercritical
322.00	118.00	145.50	0.0068729	188.54	269.64	5.1799	0.68388	1.0819	356.67	0.16673	2.4685e-05	0.033586	supercritical
323.00	118.00	144.93	0.0068998	189.30	270.72	5.1832	0.68390	1.0806	357.26	0.16573	2.4729e-05	0.033640	supercritical
324.00	118.00	144.37	0.0069267	190.07	271.80	5.1866	0.68393	1.0794	357.85	0.16473	2.4772e-05	0.033694	supercritical
325.00	118.00	143.81	0.0069535	190.83	272.88	5.1899	0.68396	1.0782	358.43	0.16374	2.4816e-05	0.033748	supercritical
326.00	118.00	143.26	0.0069803	191.59	273.96	5.1932	0.68399	1.0770	359.02	0.16276	2.4859e-05	0.033802	supercritical
327.00	118.00	142.71	0.0070071	192.35	275.03	5.1965	0.68403	1.0759	359.60	0.16178	2.4903e-05	0.033856	supercritical
328.00	118.00	142.17	0.0070338	193.11	276.11	5.1998	0.68407	1.0747	360.18	0.16080	2.4947e-05	0.033910	supercritical
329.00	118.00	141.63	0.0070605	193.87	277.18	5.2031	0.68411	1.0736	360.76	0.15984	2.4991e-05	0.033965	supercritical
330.00	118.00	141.10	0.0070872	194.63	278.26	5.2063	0.68416	1.0725	361.34	0.15888	2.5034e-05	0.034020	supercritical
331.00	118.00	140.57	0.0071138	195.39	279.33	5.2096	0.68421	1.0714	361.92	0.15792	2.5078e-05	0.034074	supercritical
332.00	118.00	140.05	0.0071404	196.14	280.40	5.2128	0.68427	1.0704	362.49	0.15697	2.5122e-05	0.034129	supercritical
333.00	118.00	139.53	0.0071669	196.90	281.47	5.2160	0.68433	1.0693	363.07	0.15603	2.5166e-05	0.034185	supercritical
334.00	118.00	139.02	0.0071935	197.66	282.54	5.2192	0.68439	1.0683	363.64	0.15509	2.5210e-05	0.034240	supercritical
335.00	118.00	138.51	0.0072199	198.41	283.61	5.2224	0.68445	1.0673	364.21	0.15416	2.5254e-05	0.034295	supercritical
336.00	118.00	138.00	0.0072464	199.17	284.67	5.2256	0.68452	1.0663	364.78	0.15323	2.5298e-05	0.034351	supercritical
337.00	118.00	137.50	0.0072728	199.92	285.74	5.2288	0.68459	1.0653	365.34	0.15231	2.5342e-05	0.034407	supercritical
338.00	118.00	137.00	0.0072992	200.67	286.80	5.2319	0.68467	1.0644	365.91	0.15139	2.5386e-05	0.034463	supercritical
339.00	118.00	136.51	0.0073255	201.43	287.87	5.2351	0.68474	1.0635	366.47	0.15048	2.5430e-05	0.034519	supercritical
340.00	118.00	136.02	0.0073518	202.18	288.93	5.2382	0.68483	1.0625	367.03	0.14958	2.5474e-05	0.034575	supercritical
341.00	118.00	135.54	0.0073781	202.93	289.99	5.2413	0.68491	1.0616	367.59	0.14868	2.5518e-05	0.034631	supercritical
342.00	118.00	135.06	0.0074044	203.68	291.05	5.2444	0.68499	1.0607	368.15	0.14778	2.5562e-05	0.034687	supercritical
343.00	118.00	134.58	0.0074306	204.43	292.11	5.2475	0.68508	1.0599	368.71	0.14689	2.5606e-05	0.034744	supercritical
344.00	118.00	134.11	0.0074568	205.18	293.17	5.2506	0.68518	1.0590	369.27	0.14601	2.5650e-05	0.034801	supercritical
345.00	118.00	133.64	0.0074829	205.93	294.23	5.2537	0.68527	1.0582	369.82	0.14513	2.5694e-05	0.034857	supercritical
346.00	118.00	133.17	0.0075091	206.68	295.29	5.2567	0.68537	1.0574	370.37	0.14425	2.5738e-05	0.034914	supercritical
347.00	118.00	132.71	0.0075352	207.43	296.35	5.2598	0.68547	1.0565	370.92	0.14339	2.5782e-05	0.034971	supercritical
348.00	118.00	132.25	0.0075612	208.18	297.40	5.2628	0.68557	1.0557	371.47	0.14252	2.5827e-05	0.035028	supercritical
349.00	118.00	131.80	0.0075873	208.93	298.46	5.2658	0.68568	1.0550	372.02	0.14166	2.5871e-05	0.035085	supercritical
350.00	118.00	131.35	0.0076133	209.68	299.51	5.2689	0.68579	1.0542	372.57	0.14081	2.5915e-05	0.035142	supercritical
351.00	118.00	130.90	0.0076392	210.42	300.57	5.2719	0.68590	1.0534	373.11	0.13996	2.5959e-05	0.035200	supercritical
352.00	118.00	130.46	0.0076652	211.17	301.62	5.2749	0.68601	1.0527	373.66	0.13912	2.6003e-05	0.035257	supercritical
353.00	118.00	130.02	0.0076911	211.92	302.67	5.2779	0.68613	1.0520	374.20	0.13828	2.6048e-05	0.035315	supercritical
354.00	118.00	129.58	0.0077170	212.66	303.72	5.2808	0.68625	1.0513	374.74	0.13744	2.6092e-05	0.035372	supercritical
355.00	118.00	129.15	0.0077429	213.41	304.77	5.2838	0.68637	1.0506	375.28	0.13661	2.6136e-05	0.035430	supercritical
356.00	118.00	128.72	0.0077687	214.15	305.82	5.2867	0.68650	1.0499	375.82	0.13579	2.6180e-05	0.035488	supercritical
357.00	118.00	128.30	0.0077945	214.90	306.87	5.2897	0.68662	1.0492	376.35	0.13497	2.6224e-05	0.035546	supercritical
358.00	118.00	127.87	0.0078203	215.64	307.92	5.2926	0.68675	1.0485	376.89	0.13415	2.6269e-05	0.035604	supercritical
359.00	118.00	127.45	0.0078461	216.39	308.97	5.2955	0.68688	1.0479	377.42	0.13334	2.6313e-05	0.035662	supercritical
360.00	118.00	127.04	0.0078718	217.13	310.02	5.2985	0.68702	1.0472	377.95	0.13254	2.6357e-05	0.035720	supercritical
361.00	118.00	126.62	0.0078975	217.88	311.07	5.3014	0.68715	1.0466	378.48	0.13174	2.6401e-05	0.035778	supercritical
362.00	118.00	126.21	0.0079232	218.62	312.11	5.3043	0.68729	1.0460	379.01	0.13094	2.6445e-05	0.035837	supercritical
363.00	118.00	125.80	0.0079489	219.36	313.16	5.3071	0.68743	1.0454	379.54	0.13015	2.6490e-05	0.035895	supercritical
364.00	118.00	125.40	0.0079745	220.10	314.20	5.3100	0.68758	1.0448	380.07	0.12936	2.6534e-05	0.035954	supercritical
365.00	118.00	125.00	0.0080001	220.85	315.25	5.3129	0.68772	1.0442	380.59	0.12858	2.6578e-05	0.036012	supercritical
366.00	118.00	124.60	0.0080257	221.59	316.29	5.3157	0.68787	1.0436	381.12	0.12780	2.6622e-05	0.036071	supercritical
367.00	118.00	124.20	0.0080513	222.33	317.33	5.3186	0.68802	1.0430	381.64	0.12703	2.6666e-05	0.036129	supercritical
368.00	118.00	123.81	0.0080768	223.07	318.38	5.3214	0.68817	1.0425	382.16	0.12626	2.6711e-05	0.036188	supercritical
369.00	118.00	123.42	0.0081023	223.81	319.42	5.3243	0.68833	1.0420	382.68	0.12549	2.6755e-05	0.036247	supercritical
370.00	118.00	123.03	0.0081278	224.55	320.46	5.3271	0.68848	1.0414	383.20	0.12473	2.6799e-05	0.036306	supercritical
371.00	118.00	122.65	0.0081533	225.29	321.50	5.3299	0.68864	1.0409	383.72	0.12397	2.6843e-05	0.036365	supercritical
372.00	118.00	122.27	0.0081787	226.03	322.54	5.3327	0.68880	1.0404	384.24	0.12322	2.6887e-05	0.036424	supercritical
373.00	118.00	121.89	0.0082041	226.77	323.58	5.3355	0.68896	1.0399	384.75	0.12247	2.6931e-05	0.036483	supercritical
374.00	118.00	121.51	0.0082295	227.51	324.62	5.3383	0.68913	1.0394	385.26	0.12173	2.6976e-05	0.036542	supercritical
375.00	118.00	121.14	0.0082549	228.25	325.66	5.3410	0.68929	1.0389	385.78	0.12099	2.7020e-05	0.036601	supercritical
376.00	118.00	120.77	0.0082803	228.99	326.70	5.3438	0.68946	1.0384	386.29	0.12025	2.7064e-05	0.036660	supercritical
377.00	118.00	120.40	0.0083056	229.73	327.74	5.3466	0.68963	1.0380	386.80	0.11952	2.7108e-05	0.036720	supercritical
378.00	118.00	120.04	0.0083309	230.47	328.78	5.3493	0.68980	1.0375	387.31	0.11879	2.7152e-05	0.036779	supercritical
379.00	118.00	119.67	0.0083562	231.21	329.81	5.3520	0.68998	1.0371	387.81	0.11807	2.7196e-05	0.036839	supercritical
380.00	118.00	119.31	0.0083815	231.95	330.85	5.3548	0.69016	1.0366	388.32	0.11735	2.7240e-05	0.036898	supercritical
381.00	118.00	118.95	0.0084067	232.69	331.89	5.3575	0.69033	1.0362	388.83	0.11663	2.7284e-05	0.036958	supercritical
382.00	118.00	118.60	0.0084319	233.43	332.92	5.3602	0.69051	1.0358	389.33	0.11592	2.7328e-05	0.037017	supercritical
383.00	118.00	118.24	0.0084571	234.16	333.96	5.3629	0.69069	1.0353	389.83	0.11522	2.7372e-05	0.037077	supercritical
384.00	118.00	117.89	0.0084823	234.90	334.99	5.3656	0.69088	1.0349	390.34	0.11451	2.7416e-05	0.037136	supercritical
385.00	118.00	117.54	0.0085075	235.64	336.03	5.3683	0.69106	1.0345	390.84	0.11381	2.7460e-05	0.037196	supercritical
386.00	118.00	117.20	0.0085326	236.38	337.06	5.3710	0.69125	1.0341	391.34	0.11312	2.7504e-05	0.037256	supercritical
387.00	118.00	116.85	0.0085578	237.12	338.10	5.3737	0.69144	1.0338	391.83	0.11242	2.7548e-05	0.037316	supercritical
388.00	118.00	116.51	0.0085829	237.85	339.13	5.3763	0.69163	1.0334	392.33	0.11174	2.7592e-05	0.037376	supercritical
389.00	118.00	116.17	0.0086079	238.59	340.16	5.3790	0.69182	1.0330	392.83	0.11105	2.7636e-05	0.037435	supercritical
390.00	118.00	115.83	0.0086330	239.33	341.20	5.3817	0.69202	1.0327	393.32	0.11037	2.7680e-05	0.037495	supercritical
391.00	118.00	115.50	0.0086581	240.06	342.23	5.3843	0.69221	1.0323	393.82	0.10969	2.7724e-05	0.037555	supercritical
392.00	118.00	115.17	0.0086831	240.80	343.26	5.3869	0.69241	1.0320	394.31	0.10902	2.7768e-05	0.037615	supercritical
393.00	118.00	114.84	0.0087081	241.54	344.29	5.3896	0.69261	1.0316	394.80	0.10835	2.7812e-05	0.037675	supercritical
394.00	118.00	114.51	0.0087331	242.27	345.32	5.3922	0.69281	1.0313	395.29	0.10769	2.7856e-05	0.037735	supercritical
395.00	118.00	114.18	0.0087581	243.01	346.36	5.3948	0.69301	1.0310	395.78	0.10702	2.7900e-05	0.037796	supercritical
396.00	118.00	113.86	0.0087830	243.75	347.39	5.3974	0.69321	1.0307	396.27	0.10636	2.7943e-05	0.037856	supercritical
397.00	118.00	113.53	0.0088080	244.48	348.42	5.4000	0.69342	1.0303	396.76	0.10571	2.7987e-05	0.037916	supercritical
398.00	118.00	113.21	0.0088329	245.22	349.45	5.4026	0.69362	1.0300	397.24	0.10506	2.8031e-05	0.037976	supercritical
399.00	118.00	112.89	0.0088578	245.95	350.48	5.4052	0.69383	1.0297	397.73	0.10441	2.8075e-05	0.038036	supercritical
400.00	118.00	112.58	0.0088827	246.69	351.51	5.4078	0.69404	1.0295	398.21	0.10376	2.8119e-05	0.038097	supercritical
401.00	118.00	112.26	0.0089075	247.43	352.54	5.4103	0.69425	1.0292	398.69	0.10312	2.8162e-05	0.038157	supercritical
402.00	118.00	111.95	0.0089324	248.16	353.56	5.4129	0.69446	1.0289	399.18	0.10249	2.8206e-05	0.038217	supercritical
403.00	118.00	111.64	0.0089572	248.90	354.59	5.4154	0.69468	1.0286	399.66	0.10185	2.8250e-05	0.038278	supercritical
404.00	118.00	111.33	0.0089821	249.63	355.62	5.4180	0.69489	1.0284	400.14	0.10122	2.8293e-05	0.038338	supercritical
405.00	118.00	111.03	0.0090069	250.37	356.65	5.4205	0.69511	1.0281	400.62	0.10059	2.8337e-05	0.038399	supercritical
406.00	118.00	110.72	0.0090316	251.10	357.68	5.4231	0.69533	1.0278	401.09	0.099969	2.8381e-05	0.038459	supercritical
407.00	118.00	110.42	0.0090564	251.84	358.71	5.4256	0.69555	1.0276	401.57	0.099348	2.8424e-05	0.038520	supercritical
408.00	118.00	110.12	0.0090812	252.58	359.73	5.4281	0.69577	1.0274	402.05	0.098730	2.8468e-05	0.038580	supercritical
409.00	118.00	109.82	0.0091059	253.31	360.76	5.4306	0.69599	1.0271	402.52	0.098116	2.8511e-05	0.038641	supercritical
410.00	118.00	109.52	0.0091306	254.05	361.79	5.4331	0.69621	1.0269	403.00	0.097505	2.8555e-05	0.038701	supercritical
411.00	118.00	109.23	0.0091553	254.78	362.81	5.4356	0.69644	1.0267	403.47	0.096898	2.8598e-05	0.038762	supercritical
412.00	118.00	108.93	0.0091800	255.52	363.84	5.4381	0.69666	1.0265	403.94	0.096293	2.8642e-05	0.038823	supercritical
413.00	118.00	108.64	0.0092047	256.25	364.87	5.4406	0.69689	1.0262	404.41	0.095692	2.8685e-05	0.038883	supercritical
414.00	118.00	108.35	0.0092293	256.99	365.89	5.4431	0.69712	1.0260	404.88	0.095094	2.8729e-05	0.038944	supercritical
415.00	118.00	108.06	0.0092540	257.72	366.92	5.4456	0.69735	1.0258	405.35	0.094499	2.8772e-05	0.039005	supercritical
416.00	118.00	107.77	0.0092786	258.46	367.95	5.4481	0.69758	1.0256	405.82	0.093907	2.8816e-05	0.039065	supercritical
417.00	118.00	107.49	0.0093032	259.19	368.97	5.4505	0.69781	1.0254	406.29	0.093319	2.8859e-05	0.039126	supercritical
418.00	118.00	107.21	0.0093278	259.93	370.00	5.4530	0.69804	1.0253	406.75	0.092733	2.8902e-05	0.039187	supercritical
419.00	118.00	106.92	0.0093524	260.66	371.02	5.4554	0.69828	1.0251	407.22	0.092151	2.8946e-05	0.039248	supercritical
420.00	118.00	106.64	0.0093770	261.40	372.05	5.4579	0.69851	1.0249	407.68	0.091571	2.8989e-05	0.039308	supercritical
421.00	118.00	106.37	0.0094015	262.13	373.07	5.4603	0.69875	1.0247	408.15	0.090995	2.9032e-05	0.039369	supercritical
422.00	118.00	106.09	0.0094261	262.87	374.10	5.4627	0.69898	1.0246	408.61	0.090422	2.9076e-05	0.039430	supercritical
423.00	118.00	105.81	0.0094506	263.60	375.12	5.4652	0.69922	1.0244	409.07	0.089851	2.9119e-05	0.039491	supercritical
424.00	118.00	105.54	0.0094751	264.34	376.14	5.4676	0.69946	1.0242	409.53	0.089284	2.9162e-05	0.039552	supercritical
425.00	118.00	105.27	0.0094996	265.07	377.17	5.4700	0.69970	1.0241	409.99	0.088719	2.9205e-05	0.039613	supercritical
426.00	118.00	105.00	0.0095241	265.81	378.19	5.4724	0.69995	1.0240	410.45	0.088158	2.9249e-05	0.039674	supercritical
427.00	118.00	104.73	0.0095485	266.54	379.22	5.4748	0.70019	1.0238	410.91	0.087599	2.9292e-05	0.039735	supercritical
428.00	118.00	104.46	0.0095730	267.28	380.24	5.4772	0.70043	1.0237	411.37	0.087044	2.9335e-05	0.039796	supercritical
429.00	118.00	104.19	0.0095974	268.01	381.26	5.4796	0.70068	1.0235	411.82	0.086491	2.9378e-05	0.039856	supercritical
430.00	118.00	103.93	0.0096219	268.75	382.29	5.4820	0.70092	1.0234	412.28	0.085941	2.9421e-05	0.039917	supercritical
431.00	118.00	103.67	0.0096463	269.48	383.31	5.4843	0.70117	1.0233	412.73	0.085394	2.9464e-05	0.039978	supercritical
432.00	118.00	103.41	0.0096707	270.22	384.33	5.4867	0.70142	1.0232	413.19	0.084849	2.9507e-05	0.040039	supercritical
433.00	118.00	103.15	0.0096951	270.96	385.36	5.4891	0.70167	1.0230	413.64	0.084308	2.9550e-05	0.040100	supercritical
434.00	118.00	102.89	0.0097194	271.69	386.38	5.4914	0.70191	1.0229	414.09	0.083769	2.9593e-05	0.040161	supercritical
435.00	118.00	102.63	0.0097438	272.43	387.40	5.4938	0.70217	1.0228	414.54	0.083233	2.9636e-05	0.040222	supercritical
436.00	118.00	102.37	0.0097682	273.16	388.43	5.4961	0.70242	1.0227	414.99	0.082700	2.9679e-05	0.040284	supercritical
437.00	118.00	102.12	0.0097925	273.90	389.45	5.4985	0.70267	1.0226	415.44	0.082170	2.9722e-05	0.040345	supercritical
438.00	118.00	101.87	0.0098168	274.63	390.47	5.5008	0.70292	1.0225	415.89	0.081642	2.9765e-05	0.040406	supercritical
439.00	118.00	101.61	0.0098411	275.37	391.49	5.5031	0.70318	1.0224	416.34	0.081117	2.9807e-05	0.040467	supercritical
440.00	118.00	101.36	0.0098654	276.10	392.52	5.5055	0.70343	1.0223	416.79	0.080594	2.9850e-05	0.040528	supercritical
441.00	118.00	101.12	0.0098897	276.84	393.54	5.5078	0.70369	1.0223	417.23	0.080075	2.9893e-05	0.040589	supercritical
442.00	118.00	100.87	0.0099140	277.58	394.56	5.5101	0.70394	1.0222	417.68	0.079558	2.9936e-05	0.040650	supercritical
443.00	118.00	100.62	0.0099383	278.31	395.58	5.5124	0.70420	1.0221	418.12	0.079043	2.9979e-05	0.040711	supercritical
444.00	118.00	100.38	0.0099625	279.05	396.60	5.5147	0.70446	1.0220	418.57	0.078531	3.0021e-05	0.040772	supercritical
445.00	118.00	100.13	0.0099868	279.78	397.63	5.5170	0.70472	1.0220	419.01	0.078022	3.0064e-05	0.040833	supercritical
446.00	118.00	99.890	0.010011	280.52	398.65	5.5193	0.70498	1.0219	419.45	0.077516	3.0107e-05	0.040894	supercritical
447.00	118.00	99.649	0.010035	281.25	399.67	5.5216	0.70524	1.0218	419.89	0.077011	3.0149e-05	0.040956	supercritical
448.00	118.00	99.409	0.010059	281.99	400.69	5.5239	0.70550	1.0218	420.33	0.076510	3.0192e-05	0.041017	supercritical
449.00	118.00	99.171	0.010084	282.73	401.71	5.5262	0.70576	1.0217	420.77	0.076011	3.0235e-05	0.041078	supercritical
450.00	118.00	98.934	0.010108	283.46	402.74	5.5284	0.70602	1.0217	421.21	0.075514	3.0277e-05	0.041139	supercritical
451.00	118.00	98.698	0.010132	284.20	403.76	5.5307	0.70629	1.0216	421.65	0.075020	3.0320e-05	0.041200	supercritical
452.00	118.00	98.463	0.010156	284.94	404.78	5.5330	0.70655	1.0216	422.09	0.074529	3.0362e-05	0.041261	supercritical
453.00	118.00	98.229	0.010180	285.67	405.80	5.5352	0.70682	1.0215	422.53	0.074040	3.0405e-05	0.041322	supercritical
454.00	118.00	97.997	0.010204	286.41	406.82	5.5375	0.70708	1.0215	422.96	0.073553	3.0447e-05	0.041384	supercritical
455.00	118.00	97.766	0.010229	287.15	407.84	5.5397	0.70735	1.0215	423.40	0.073069	3.0489e-05	0.041445	supercritical
456.00	118.00	97.536	0.010253	287.88	408.86	5.5420	0.70761	1.0214	423.83	0.072587	3.0532e-05	0.041506	supercritical
457.00	118.00	97.307	0.010277	288.62	409.89	5.5442	0.70788	1.0214	424.27	0.072108	3.0574e-05	0.041567	supercritical
458.00	118.00	97.079	0.010301	289.36	410.91	5.5464	0.70815	1.0214	424.70	0.071631	3.0617e-05	0.041628	supercritical
459.00	118.00	96.853	0.010325	290.09	411.93	5.5487	0.70842	1.0213	425.13	0.071156	3.0659e-05	0.041690	supercritical
460.00	118.00	96.628	0.010349	290.83	412.95	5.5509	0.70869	1.0213	425.56	0.070684	3.0701e-05	0.041751	supercritical
461.00	118.00	96.404	0.010373	291.57	413.97	5.5531	0.70896	1.0213	425.99	0.070214	3.0743e-05	0.041812	supercritical
462.00	118.00	96.181	0.010397	292.31	414.99	5.5553	0.70923	1.0213	426.42	0.069746	3.0786e-05	0.041873	supercritical
463.00	118.00	95.959	0.010421	293.04	416.01	5.5575	0.70950	1.0213	426.85	0.069281	3.0828e-05	0.041934	supercritical
464.00	118.00	95.738	0.010445	293.78	417.04	5.5597	0.70977	1.0213	427.28	0.068818	3.0870e-05	0.041996	supercritical
465.00	118.00	95.518	0.010469	294.52	418.06	5.5619	0.71004	1.0213	427.71	0.068357	3.0912e-05	0.042057	supercritical
466.00	118.00	95.300	0.010493	295.26	419.08	5.5641	0.71032	1.0213	428.14	0.067899	3.0954e-05	0.042118	supercritical
467.00	118.00	95.082	0.010517	296.00	420.10	5.5663	0.71059	1.0213	428.57	0.067443	3.0996e-05	0.042179	supercritical
468.00	118.00	94.866	0.010541	296.73	421.12	5.5685	0.71086	1.0213	428.99	0.066989	3.1039e-05	0.042240	supercritical
469.00	118.00	94.651	0.010565	297.47	422.14	5.5707	0.71114	1.0213	429.42	0.066537	3.1081e-05	0.042302	supercritical
470.00	118.00	94.436	0.010589	298.21	423.16	5.5729	0.71141	1.0213	429.84	0.066087	3.1123e-05	0.042363	supercritical
471.00	118.00	94.223	0.010613	298.95	424.18	5.5750	0.71169	1.0213	430.27	0.065640	3.1165e-05	0.042424	supercritical
472.00	118.00	94.011	0.010637	299.69	425.21	5.5772	0.71196	1.0213	430.69	0.065195	3.1207e-05	0.042485	supercritical
473.00	118.00	93.800	0.010661	300.43	426.23	5.5794	0.71224	1.0213	431.11	0.064752	3.1248e-05	0.042546	supercritical
474.00	118.00	93.590	0.010685	301.17	427.25	5.5815	0.71252	1.0213	431.53	0.064311	3.1290e-05	0.042608	supercritical
475.00	118.00	93.381	0.010709	301.90	428.27	5.5837	0.71279	1.0213	431.95	0.063872	3.1332e-05	0.042669	supercritical
476.00	118.00	93.173	0.010733	302.64	429.29	5.5858	0.71307	1.0214	432.38	0.063436	3.1374e-05	0.042730	supercritical
477.00	118.00	92.965	0.010757	303.38	430.31	5.5880	0.71335	1.0214	432.80	0.063001	3.1416e-05	0.042791	supercritical
478.00	118.00	92.759	0.010781	304.12	431.33	5.5901	0.71363	1.0214	433.21	0.062569	3.1458e-05	0.042852	supercritical
479.00	118.00	92.554	0.010804	304.86	432.35	5.5922	0.71390	1.0215	433.63	0.062139	3.1499e-05	0.042913	supercritical
480.00	118.00	92.350	0.010828	305.60	433.38	5.5944	0.71418	1.0215	434.05	0.061711	3.1541e-05	0.042975	supercritical
481.00	118.00	92.147	0.010852	306.34	434.40	5.5965	0.71446	1.0215	434.47	0.061285	3.1583e-05	0.043036	supercritical
482.00	118.00	91.945	0.010876	307.08	435.42	5.5986	0.71474	1.0216	434.89	0.060861	3.1625e-05	0.043097	supercritical
483.00	118.00	91.744	0.010900	307.82	436.44	5.6007	0.71502	1.0216	435.30	0.060439	3.1666e-05	0.043158	supercritical
484.00	118.00	91.544	0.010924	308.56	437.46	5.6028	0.71530	1.0216	435.72	0.060019	3.1708e-05	0.043219	supercritical
485.00	118.00	91.344	0.010948	309.30	438.48	5.6049	0.71559	1.0217	436.13	0.059601	3.1750e-05	0.043280	supercritical
486.00	118.00	91.146	0.010971	310.04	439.51	5.6071	0.71587	1.0217	436.55	0.059185	3.1791e-05	0.043342	supercritical
487.00	118.00	90.949	0.010995	310.78	440.53	5.6092	0.71615	1.0218	436.96	0.058771	3.1833e-05	0.043403	supercritical
488.00	118.00	90.752	0.011019	311.52	441.55	5.6112	0.71643	1.0218	437.37	0.058359	3.1874e-05	0.043464	supercritical
489.00	118.00	90.556	0.011043	312.27	442.57	5.6133	0.71671	1.0219	437.78	0.057949	3.1916e-05	0.043525	supercritical
490.00	118.00	90.362	0.011067	313.01	443.59	5.6154	0.71700	1.0219	438.20	0.057541	3.1957e-05	0.043586	supercritical
491.00	118.00	90.168	0.011090	313.75	444.62	5.6175	0.71728	1.0220	438.61	0.057135	3.1999e-05	0.043647	supercritical
492.00	118.00	89.975	0.011114	314.49	445.64	5.6196	0.71756	1.0220	439.02	0.056731	3.2040e-05	0.043709	supercritical
493.00	118.00	89.783	0.011138	315.23	446.66	5.6217	0.71785	1.0221	439.43	0.056329	3.2081e-05	0.043770	supercritical
494.00	118.00	89.592	0.011162	315.97	447.68	5.6237	0.71813	1.0222	439.84	0.055928	3.2123e-05	0.043831	supercritical
495.00	118.00	89.402	0.011185	316.72	448.70	5.6258	0.71841	1.0222	440.25	0.055530	3.2164e-05	0.043892	supercritical
496.00	118.00	89.213	0.011209	317.46	449.73	5.6279	0.71870	1.0223	440.65	0.055133	3.2205e-05	0.043953	supercritical
497.00	118.00	89.024	0.011233	318.20	450.75	5.6299	0.71898	1.0224	441.06	0.054739	3.2247e-05	0.044014	supercritical
498.00	118.00	88.836	0.011257	318.94	451.77	5.6320	0.71927	1.0224	441.47	0.054346	3.2288e-05	0.044075	supercritical
499.00	118.00	88.650	0.011280	319.69	452.79	5.6340	0.71955	1.0225	441.87	0.053955	3.2329e-05	0.044136	supercritical
500.00	118.00	88.464	0.011304	320.43	453.82	5.6361	0.71984	1.0226	442.28	0.053566	3.2370e-05	0.044197	supercritical
501.00	118.00	88.279	0.011328	321.17	454.84	5.6381	0.72012	1.0227	442.68	0.053178	3.2411e-05	0.044258	supercritical
502.00	118.00	88.094	0.011351	321.91	455.86	5.6402	0.72041	1.0227	443.09	0.052793	3.2453e-05	0.044320	supercritical
503.00	118.00	87.911	0.011375	322.66	456.88	5.6422	0.72070	1.0228	443.49	0.052409	3.2494e-05	0.044381	supercritical
504.00	118.00	87.728	0.011399	323.40	457.91	5.6442	0.72098	1.0229	443.90	0.052027	3.2535e-05	0.044442	supercritical
505.00	118.00	87.547	0.011422	324.14	458.93	5.6463	0.72127	1.0230	444.30	0.051647	3.2576e-05	0.044503	supercritical
506.00	118.00	87.366	0.011446	324.89	459.95	5.6483	0.72156	1.0230	444.70	0.051269	3.2617e-05	0.044564	supercritical
507.00	118.00	87.186	0.011470	325.63	460.98	5.6503	0.72184	1.0231	445.10	0.050892	3.2658e-05	0.044625	supercritical
508.00	118.00	87.006	0.011493	326.38	462.00	5.6523	0.72213	1.0232	445.50	0.050518	3.2699e-05	0.044686	supercritical
509.00	118.00	86.828	0.011517	327.12	463.02	5.6543	0.72242	1.0233	445.91	0.050145	3.2740e-05	0.044747	supercritical
510.00	118.00	86.650	0.011541	327.87	464.05	5.6563	0.72270	1.0234	446.31	0.049773	3.2781e-05	0.044808	supercritical
511.00	118.00	86.473	0.011564	328.61	465.07	5.6583	0.72299	1.0235	446.70	0.049404	3.2822e-05	0.044869	supercritical
512.00	118.00	86.297	0.011588	329.35	466.09	5.6603	0.72328	1.0236	447.10	0.049036	3.2862e-05	0.044930	supercritical
513.00	118.00	86.121	0.011612	330.10	467.12	5.6623	0.72357	1.0237	447.50	0.048670	3.2903e-05	0.044991	supercritical
514.00	118.00	85.946	0.011635	330.84	468.14	5.6643	0.72386	1.0238	447.90	0.048305	3.2944e-05	0.045052	supercritical
515.00	118.00	85.772	0.011659	331.59	469.16	5.6663	0.72414	1.0239	448.30	0.047942	3.2985e-05	0.045113	supercritical
516.00	118.00	85.599	0.011682	332.34	470.19	5.6683	0.72443	1.0240	448.69	0.047581	3.3026e-05	0.045174	supercritical
517.00	118.00	85.427	0.011706	333.08	471.21	5.6703	0.72472	1.0241	449.09	0.047222	3.3066e-05	0.045235	supercritical
518.00	118.00	85.255	0.011729	333.83	472.24	5.6723	0.72501	1.0242	449.49	0.046864	3.3107e-05	0.045296	supercritical
519.00	118.00	85.084	0.011753	334.57	473.26	5.6742	0.72530	1.0243	449.88	0.046508	3.3148e-05	0.045357	supercritical
520.00	118.00	84.914	0.011777	335.32	474.28	5.6762	0.72558	1.0244	450.28	0.046153	3.3188e-05	0.045418	supercritical
521.00	118.00	84.744	0.011800	336.07	475.31	5.6782	0.72587	1.0245	450.67	0.045800	3.3229e-05	0.045479	supercritical
522.00	118.00	84.576	0.011824	336.81	476.33	5.6802	0.72616	1.0246	451.06	0.045449	3.3270e-05	0.045539	supercritical
523.00	118.00	84.408	0.011847	337.56	477.36	5.6821	0.72645	1.0247	451.46	0.045099	3.3310e-05	0.045600	supercritical
524.00	118.00	84.240	0.011871	338.31	478.38	5.6841	0.72674	1.0248	451.85	0.044751	3.3351e-05	0.045661	supercritical
525.00	118.00	84.074	0.011894	339.05	479.41	5.6860	0.72703	1.0249	452.24	0.044404	3.3391e-05	0.045722	supercritical
526.00	118.00	83.908	0.011918	339.80	480.43	5.6880	0.72732	1.0250	452.63	0.044060	3.3432e-05	0.045783	supercritical
527.00	118.00	83.743	0.011941	340.55	481.46	5.6899	0.72761	1.0251	453.02	0.043716	3.3472e-05	0.045844	supercritical
528.00	118.00	83.578	0.011965	341.30	482.48	5.6919	0.72790	1.0253	453.41	0.043374	3.3512e-05	0.045905	supercritical
529.00	118.00	83.414	0.011988	342.05	483.51	5.6938	0.72818	1.0254	453.80	0.043034	3.3553e-05	0.045966	supercritical
530.00	118.00	83.251	0.012012	342.79	484.53	5.6957	0.72847	1.0255	454.19	0.042695	3.3593e-05	0.046026	supercritical
531.00	118.00	83.089	0.012035	343.54	485.56	5.6977	0.72876	1.0256	454.58	0.042358	3.3634e-05	0.046087	supercritical
532.00	118.00	82.927	0.012059	344.29	486.58	5.6996	0.72905	1.0257	454.97	0.042022	3.3674e-05	0.046148	supercritical
533.00	118.00	82.766	0.012082	345.04	487.61	5.7015	0.72934	1.0259	455.36	0.041688	3.3714e-05	0.046209	supercritical
534.00	118.00	82.605	0.012106	345.79	488.64	5.7035	0.72963	1.0260	455.75	0.041356	3.3754e-05	0.046270	supercritical
535.00	118.00	82.445	0.012129	346.54	489.66	5.7054	0.72992	1.0261	456.13	0.041024	3.3795e-05	0.046330	supercritical
536.00	118.00	82.286	0.012153	347.29	490.69	5.7073	0.73021	1.0262	456.52	0.040695	3.3835e-05	0.046391	supercritical
537.00	118.00	82.128	0.012176	348.04	491.71	5.7092	0.73050	1.0263	456.91	0.040367	3.3875e-05	0.046452	supercritical
538.00	118.00	81.970	0.012200	348.79	492.74	5.7111	0.73079	1.0265	457.29	0.040040	3.3915e-05	0.046513	supercritical
539.00	118.00	81.813	0.012223	349.54	493.77	5.7130	0.73108	1.0266	457.68	0.039714	3.3955e-05	0.046573	supercritical
540.00	118.00	81.656	0.012246	350.29	494.79	5.7149	0.73136	1.0267	458.06	0.039391	3.3995e-05	0.046634	supercritical
541.00	118.00	81.500	0.012270	351.04	495.82	5.7168	0.73165	1.0269	458.45	0.039068	3.4036e-05	0.046695	supercritical
542.00	118.00	81.345	0.012293	351.79	496.85	5.7187	0.73194	1.0270	458.83	0.038747	3.4076e-05	0.046756	supercritical
543.00	118.00	81.191	0.012317	352.54	497.88	5.7206	0.73223	1.0271	459.21	0.038428	3.4116e-05	0.046816	supercritical
544.00	118.00	81.037	0.012340	353.29	498.90	5.7225	0.73252	1.0272	459.60	0.038110	3.4156e-05	0.046877	supercritical
545.00	118.00	80.883	0.012364	354.04	499.93	5.7244	0.73281	1.0274	459.98	0.037793	3.4196e-05	0.046938	supercritical
546.00	118.00	80.730	0.012387	354.79	500.96	5.7263	0.73310	1.0275	460.36	0.037478	3.4236e-05	0.046998	supercritical
547.00	118.00	80.578	0.012410	355.54	501.98	5.7282	0.73339	1.0277	460.74	0.037164	3.4275e-05	0.047059	supercritical
548.00	118.00	80.427	0.012434	356.30	503.01	5.7300	0.73368	1.0278	461.12	0.036851	3.4315e-05	0.047120	supercritical
549.00	118.00	80.276	0.012457	357.05	504.04	5.7319	0.73396	1.0279	461.50	0.036540	3.4355e-05	0.047180	supercritical
550.00	118.00	80.126	0.012480	357.80	505.07	5.7338	0.73425	1.0281	461.88	0.036230	3.4395e-05	0.047241	supercritical
551.00	118.00	79.976	0.012504	358.55	506.10	5.7356	0.73454	1.0282	462.26	0.035922	3.4435e-05	0.047301	supercritical
552.00	118.00	79.827	0.012527	359.30	507.12	5.7375	0.73483	1.0283	462.64	0.035615	3.4475e-05	0.047362	supercritical
553.00	118.00	79.678	0.012551	360.06	508.15	5.7394	0.73512	1.0285	463.02	0.035309	3.4514e-05	0.047423	supercritical
554.00	118.00	79.530	0.012574	360.81	509.18	5.7412	0.73541	1.0286	463.40	0.035005	3.4554e-05	0.047483	supercritical
555.00	118.00	79.383	0.012597	361.56	510.21	5.7431	0.73569	1.0288	463.78	0.034702	3.4594e-05	0.047544	supercritical
556.00	118.00	79.236	0.012621	362.32	511.24	5.7449	0.73598	1.0289	464.15	0.034400	3.4634e-05	0.047604	supercritical
557.00	118.00	79.090	0.012644	363.07	512.27	5.7468	0.73627	1.0291	464.53	0.034100	3.4673e-05	0.047665	supercritical
558.00	118.00	78.944	0.012667	363.82	513.30	5.7486	0.73656	1.0292	464.91	0.033801	3.4713e-05	0.047725	supercritical
559.00	118.00	78.799	0.012691	364.58	514.33	5.7505	0.73684	1.0293	465.28	0.033503	3.4752e-05	0.047786	supercritical
560.00	118.00	78.655	0.012714	365.33	515.36	5.7523	0.73713	1.0295	465.66	0.033207	3.4792e-05	0.047846	supercritical
561.00	118.00	78.511	0.012737	366.09	516.39	5.7541	0.73742	1.0296	466.03	0.032912	3.4832e-05	0.047907	supercritical
562.00	118.00	78.367	0.012760	366.84	517.42	5.7560	0.73771	1.0298	466.41	0.032618	3.4871e-05	0.047967	supercritical
563.00	118.00	78.224	0.012784	367.60	518.45	5.7578	0.73799	1.0299	466.78	0.032325	3.4911e-05	0.048028	supercritical
564.00	118.00	78.082	0.012807	368.35	519.48	5.7596	0.73828	1.0301	467.15	0.032034	3.4950e-05	0.048088	supercritical
565.00	118.00	77.940	0.012830	369.11	520.51	5.7615	0.73857	1.0302	467.53	0.031744	3.4989e-05	0.048149	supercritical
566.00	118.00	77.799	0.012854	369.86	521.54	5.7633	0.73885	1.0304	467.90	0.031455	3.5029e-05	0.048209	supercritical
567.00	118.00	77.658	0.012877	370.62	522.57	5.7651	0.73914	1.0305	468.27	0.031167	3.5068e-05	0.048269	supercritical
568.00	118.00	77.518	0.012900	371.37	523.60	5.7669	0.73943	1.0307	468.65	0.030881	3.5108e-05	0.048330	supercritical
569.00	118.00	77.379	0.012923	372.13	524.63	5.7687	0.73971	1.0308	469.02	0.030596	3.5147e-05	0.048390	supercritical
570.00	118.00	77.240	0.012947	372.89	525.66	5.7705	0.74000	1.0310	469.39	0.030312	3.5186e-05	0.048450	supercritical
571.00	118.00	77.101	0.012970	373.64	526.69	5.7724	0.74028	1.0311	469.76	0.030029	3.5226e-05	0.048511	supercritical
572.00	118.00	76.963	0.012993	374.40	527.72	5.7742	0.74057	1.0313	470.13	0.029748	3.5265e-05	0.048571	supercritical
573.00	118.00	76.826	0.013016	375.16	528.75	5.7760	0.74086	1.0315	470.50	0.029467	3.5304e-05	0.048631	supercritical
574.00	118.00	76.689	0.013040	375.91	529.78	5.7778	0.74114	1.0316	470.87	0.029188	3.5343e-05	0.048692	supercritical
575.00	118.00	76.552	0.013063	376.67	530.82	5.7796	0.74143	1.0318	471.24	0.028910	3.5382e-05	0.048752	supercritical
576.00	118.00	76.416	0.013086	377.43	531.85	5.7813	0.74171	1.0319	471.61	0.028634	3.5422e-05	0.048812	supercritical
577.00	118.00	76.281	0.013109	378.19	532.88	5.7831	0.74200	1.0321	471.98	0.028358	3.5461e-05	0.048873	supercritical
578.00	118.00	76.146	0.013133	378.95	533.91	5.7849	0.74228	1.0322	472.34	0.028084	3.5500e-05	0.048933	supercritical
579.00	118.00	76.012	0.013156	379.70	534.94	5.7867	0.74256	1.0324	472.71	0.027811	3.5539e-05	0.048993	supercritical
580.00	118.00	75.878	0.013179	380.46	535.98	5.7885	0.74285	1.0326	473.08	0.027538	3.5578e-05	0.049053	supercritical
581.00	118.00	75.744	0.013202	381.22	537.01	5.7903	0.74313	1.0327	473.45	0.027268	3.5617e-05	0.049114	supercritical
582.00	118.00	75.612	0.013225	381.98	538.04	5.7920	0.74342	1.0329	473.81	0.026998	3.5656e-05	0.049174	supercritical
583.00	118.00	75.479	0.013249	382.74	539.07	5.7938	0.74370	1.0330	474.18	0.026729	3.5695e-05	0.049234	supercritical
584.00	118.00	75.347	0.013272	383.50	540.11	5.7956	0.74398	1.0332	474.54	0.026462	3.5734e-05	0.049294	supercritical
585.00	118.00	75.216	0.013295	384.26	541.14	5.7974	0.74427	1.0334	474.91	0.026195	3.5773e-05	0.049354	supercritical
586.00	118.00	75.085	0.013318	385.02	542.17	5.7991	0.74455	1.0335	475.27	0.025930	3.5812e-05	0.049414	supercritical
587.00	118.00	74.954	0.013341	385.78	543.21	5.8009	0.74483	1.0337	475.64	0.025666	3.5851e-05	0.049475	supercritical
588.00	118.00	74.824	0.013365	386.54	544.24	5.8026	0.74511	1.0339	476.00	0.025403	3.5890e-05	0.049535	supercritical
589.00	118.00	74.695	0.013388	387.30	545.28	5.8044	0.74540	1.0340	476.37	0.025141	3.5928e-05	0.049595	supercritical
590.00	118.00	74.566	0.013411	388.06	546.31	5.8062	0.74568	1.0342	476.73	0.024880	3.5967e-05	0.049655	supercritical
591.00	118.00	74.437	0.013434	388.82	547.34	5.8079	0.74596	1.0343	477.09	0.024621	3.6006e-05	0.049715	supercritical
592.00	118.00	74.309	0.013457	389.58	548.38	5.8097	0.74624	1.0345	477.46	0.024362	3.6045e-05	0.049775	supercritical
593.00	118.00	74.182	0.013480	390.34	549.41	5.8114	0.74652	1.0347	477.82	0.024105	3.6084e-05	0.049835	supercritical
594.00	118.00	74.054	0.013504	391.11	550.45	5.8131	0.74680	1.0348	478.18	0.023848	3.6122e-05	0.049895	supercritical
595.00	118.00	73.928	0.013527	391.87	551.48	5.8149	0.74708	1.0350	478.54	0.023593	3.6161e-05	0.049955	supercritical
596.00	118.00	73.801	0.013550	392.63	552.52	5.8166	0.74737	1.0352	478.90	0.023338	3.6200e-05	0.050015	supercritical
597.00	118.00	73.676	0.013573	393.39	553.55	5.8184	0.74765	1.0353	479.26	0.023085	3.6238e-05	0.050075	supercritical
598.00	118.00	73.550	0.013596	394.15	554.59	5.8201	0.74793	1.0355	479.62	0.022833	3.6277e-05	0.050135	supercritical
599.00	118.00	73.425	0.013619	394.92	555.62	5.8218	0.74821	1.0357	479.98	0.022582	3.6315e-05	0.050195	supercritical
600.00	118.00	73.301	0.013642	395.68	556.66	5.8235	0.74849	1.0359	480.34	0.022331	3.6354e-05	0.050255	supercritical
