Temperature (K)	Pressure (bar)	Density (kg/m3)	Volume (m3/kg)	Internal Energy (kJ/kg)	Enthalpy (kJ/kg)	Entropy (J/g*K)	Cv (J/g*K)	Cp (J/g*K)	Sound Spd. (m/s)	Joule-Thomson (K/bar)	Viscosity (Pa*s)	Therm. Cond. (W/m*K)	Phase
60.000	137.00	1297.9	0.00077049	-186.24	-175.68	2.2219	1.0938	1.6462	1164.2	-0.037823	0.00064299	0.19940	liquid
61.000	137.00	1293.7	0.00077297	-184.62	-174.03	2.2492	1.0865	1.6488	1160.2	-0.037662	0.00061282	0.19812	liquid
62.000	137.00	1289.5	0.00077548	-183.01	-172.38	2.2760	1.0800	1.6508	1155.6	-0.037520	0.00058466	0.19683	liquid
63.000	137.00	1285.3	0.00077801	-181.39	-170.73	2.3024	1.0740	1.6524	1150.4	-0.037393	0.00055836	0.19554	liquid
64.000	137.00	1281.1	0.00078056	-179.77	-169.08	2.3285	1.0684	1.6535	1144.9	-0.037279	0.00053377	0.19425	liquid
65.000	137.00	1276.9	0.00078314	-178.15	-167.42	2.3541	1.0630	1.6542	1138.9	-0.037176	0.00051079	0.19296	liquid
66.000	137.00	1272.7	0.00078573	-176.53	-165.77	2.3794	1.0579	1.6546	1132.8	-0.037083	0.00048928	0.19167	liquid
67.000	137.00	1268.5	0.00078835	-174.91	-164.11	2.4043	1.0530	1.6547	1126.3	-0.036996	0.00046913	0.19038	liquid
68.000	137.00	1264.2	0.00079099	-173.30	-162.46	2.4288	1.0482	1.6546	1119.8	-0.036914	0.00045024	0.18909	liquid
69.000	137.00	1260.0	0.00079365	-171.68	-160.81	2.4529	1.0435	1.6542	1113.0	-0.036836	0.00043253	0.18780	liquid
70.000	137.00	1255.8	0.00079634	-170.06	-159.15	2.4767	1.0388	1.6537	1106.2	-0.036759	0.00041589	0.18651	liquid
71.000	137.00	1251.5	0.00079904	-168.44	-157.50	2.5002	1.0342	1.6531	1099.3	-0.036684	0.00040026	0.18523	liquid
72.000	137.00	1247.3	0.00080176	-166.83	-155.85	2.5233	1.0297	1.6524	1092.3	-0.036608	0.00038555	0.18394	liquid
73.000	137.00	1243.0	0.00080451	-165.21	-154.19	2.5461	1.0252	1.6516	1085.3	-0.036530	0.00037170	0.18265	liquid
74.000	137.00	1238.7	0.00080727	-163.60	-152.54	2.5685	1.0208	1.6508	1078.3	-0.036450	0.00035865	0.18137	liquid
75.000	137.00	1234.5	0.00081006	-161.99	-150.89	2.5907	1.0163	1.6500	1071.2	-0.036367	0.00034633	0.18008	liquid
76.000	137.00	1230.2	0.00081287	-160.38	-149.24	2.6125	1.0120	1.6491	1064.2	-0.036279	0.00033470	0.17879	liquid
77.000	137.00	1225.9	0.00081571	-158.77	-147.59	2.6341	1.0077	1.6483	1057.1	-0.036187	0.00032371	0.17750	liquid
78.000	137.00	1221.6	0.00081857	-157.16	-145.95	2.6554	1.0034	1.6476	1050.0	-0.036090	0.00031331	0.17622	liquid
79.000	137.00	1217.4	0.00082145	-155.55	-144.30	2.6763	0.99911	1.6469	1042.9	-0.035988	0.00030346	0.17493	liquid
80.000	137.00	1213.1	0.00082436	-153.95	-142.65	2.6971	0.99490	1.6463	1035.8	-0.035879	0.00029412	0.17364	liquid
81.000	137.00	1208.8	0.00082729	-152.34	-141.01	2.7175	0.99073	1.6457	1028.7	-0.035764	0.00028525	0.17236	liquid
82.000	137.00	1204.4	0.00083026	-150.73	-139.36	2.7377	0.98661	1.6452	1021.6	-0.035641	0.00027683	0.17107	liquid
83.000	137.00	1200.1	0.00083324	-149.13	-137.71	2.7576	0.98253	1.6448	1014.6	-0.035512	0.00026883	0.16978	liquid
84.000	137.00	1195.8	0.00083626	-147.53	-136.07	2.7773	0.97849	1.6445	1007.5	-0.035374	0.00026121	0.16849	liquid
85.000	137.00	1191.5	0.00083930	-145.92	-134.43	2.7968	0.97450	1.6443	1000.4	-0.035229	0.00025395	0.16720	liquid
86.000	137.00	1187.1	0.00084238	-144.32	-132.78	2.8160	0.97055	1.6442	993.39	-0.035076	0.00024703	0.16591	liquid
87.000	137.00	1182.8	0.00084548	-142.72	-131.14	2.8350	0.96665	1.6442	986.35	-0.034914	0.00024042	0.16462	liquid
88.000	137.00	1178.4	0.00084862	-141.12	-129.49	2.8538	0.96280	1.6443	979.32	-0.034744	0.00023411	0.16333	liquid
89.000	137.00	1174.0	0.00085179	-139.52	-127.85	2.8724	0.95900	1.6445	972.29	-0.034564	0.00022808	0.16204	liquid
90.000	137.00	1169.6	0.00085499	-137.92	-126.20	2.8908	0.95524	1.6448	965.27	-0.034376	0.00022230	0.16075	liquid
91.000	137.00	1165.2	0.00085822	-136.32	-124.56	2.9090	0.95153	1.6453	958.26	-0.034177	0.00021676	0.15945	liquid
92.000	137.00	1160.8	0.00086149	-134.72	-122.91	2.9269	0.94787	1.6458	951.25	-0.033969	0.00021146	0.15816	liquid
93.000	137.00	1156.3	0.00086479	-133.12	-121.27	2.9447	0.94425	1.6465	944.25	-0.033752	0.00020637	0.15687	liquid
94.000	137.00	1151.9	0.00086814	-131.51	-119.62	2.9623	0.94068	1.6473	937.25	-0.033524	0.00020147	0.15557	liquid
95.000	137.00	1147.4	0.00087152	-129.91	-117.97	2.9798	0.93716	1.6482	930.25	-0.033285	0.00019677	0.15428	liquid
96.000	137.00	1142.9	0.00087493	-128.31	-116.32	2.9970	0.93369	1.6492	923.26	-0.033036	0.00019225	0.15298	liquid
97.000	137.00	1138.4	0.00087839	-126.71	-114.67	3.0141	0.93026	1.6504	916.27	-0.032776	0.00018789	0.15169	liquid
98.000	137.00	1133.9	0.00088189	-125.11	-113.02	3.0311	0.92688	1.6516	909.27	-0.032504	0.00018369	0.15039	liquid
99.000	137.00	1129.4	0.00088544	-123.50	-111.37	3.0479	0.92355	1.6530	902.28	-0.032221	0.00017964	0.14909	liquid
100.00	137.00	1124.8	0.00088902	-121.90	-109.72	3.0645	0.92026	1.6545	895.29	-0.031926	0.00017573	0.14780	liquid
101.00	137.00	1120.3	0.00089265	-120.29	-108.06	3.0809	0.91701	1.6562	888.30	-0.031619	0.00017195	0.14650	liquid
102.00	137.00	1115.7	0.00089633	-118.68	-106.40	3.0973	0.91381	1.6579	881.31	-0.031299	0.00016830	0.14520	liquid
103.00	137.00	1111.0	0.00090005	-117.08	-104.75	3.1135	0.91065	1.6598	874.31	-0.030967	0.00016476	0.14391	liquid
104.00	137.00	1106.4	0.00090383	-115.47	-103.09	3.1295	0.90754	1.6618	867.31	-0.030621	0.00016134	0.14261	liquid
105.00	137.00	1101.7	0.00090765	-113.86	-101.42	3.1454	0.90447	1.6640	860.31	-0.030262	0.00015802	0.14131	liquid
106.00	137.00	1097.1	0.00091152	-112.25	-99.757	3.1612	0.90144	1.6662	853.30	-0.029888	0.00015481	0.14002	liquid
107.00	137.00	1092.4	0.00091545	-110.63	-98.090	3.1769	0.89845	1.6686	846.29	-0.029501	0.00015169	0.13872	liquid
108.00	137.00	1087.6	0.00091943	-109.02	-96.420	3.1924	0.89551	1.6712	839.27	-0.029098	0.00014866	0.13742	liquid
109.00	137.00	1082.9	0.00092347	-107.40	-94.747	3.2078	0.89261	1.6739	832.25	-0.028680	0.00014571	0.13613	liquid
110.00	137.00	1078.1	0.00092757	-105.78	-93.072	3.2231	0.88975	1.6767	825.22	-0.028246	0.00014285	0.13483	liquid
111.00	137.00	1073.3	0.00093173	-104.16	-91.394	3.2383	0.88692	1.6796	818.19	-0.027796	0.00014007	0.13354	liquid
112.00	137.00	1068.4	0.00093595	-102.54	-89.713	3.2534	0.88414	1.6827	811.14	-0.027329	0.00013736	0.13224	liquid
113.00	137.00	1063.6	0.00094023	-100.91	-88.028	3.2683	0.88140	1.6860	804.09	-0.026845	0.00013472	0.13095	liquid
114.00	137.00	1058.7	0.00094458	-99.281	-86.341	3.2832	0.87870	1.6894	797.03	-0.026342	0.00013214	0.12966	liquid
115.00	137.00	1053.7	0.00094899	-97.651	-84.650	3.2980	0.87604	1.6929	789.96	-0.025821	0.00012963	0.12838	liquid
116.00	137.00	1048.8	0.00095348	-96.017	-82.955	3.3127	0.87342	1.6967	782.88	-0.025280	0.00012719	0.12709	liquid
117.00	137.00	1043.8	0.00095804	-94.381	-81.256	3.3272	0.87084	1.7005	775.79	-0.024719	0.00012480	0.12581	liquid
118.00	137.00	1038.8	0.00096267	-92.742	-79.554	3.3417	0.86829	1.7046	768.69	-0.024138	0.00012247	0.12453	liquid
119.00	137.00	1033.7	0.00096738	-91.100	-77.847	3.3561	0.86579	1.7088	761.58	-0.023535	0.00012019	0.12325	liquid
120.00	137.00	1028.6	0.00097217	-89.455	-76.136	3.3704	0.86332	1.7132	754.46	-0.022909	0.00011796	0.12197	liquid
121.00	137.00	1023.5	0.00097705	-87.806	-74.420	3.3847	0.86090	1.7178	747.33	-0.022260	0.00011578	0.12069	liquid
122.00	137.00	1018.3	0.00098200	-86.154	-72.700	3.3988	0.85851	1.7226	740.18	-0.021587	0.00011365	0.11941	liquid
123.00	137.00	1013.1	0.00098705	-84.498	-70.975	3.4129	0.85616	1.7275	733.03	-0.020889	0.00011157	0.11814	liquid
124.00	137.00	1007.9	0.00099219	-82.838	-69.245	3.4269	0.85385	1.7327	725.85	-0.020165	0.00010953	0.11687	liquid
125.00	137.00	1002.6	0.00099742	-81.175	-67.510	3.4409	0.85158	1.7380	718.67	-0.019413	0.00010753	0.11560	liquid
126.00	137.00	997.26	0.0010027	-79.507	-65.769	3.4547	0.84935	1.7436	711.47	-0.018633	0.00010557	0.11433	liquid
127.00	137.00	991.89	0.0010082	-77.835	-64.023	3.4685	0.84716	1.7494	704.26	-0.017823	0.00010365	0.11307	liquid
128.00	137.00	986.47	0.0010137	-76.158	-62.270	3.4823	0.84500	1.7555	697.03	-0.016982	0.00010176	0.11181	liquid
129.00	137.00	981.01	0.0010194	-74.477	-60.512	3.4960	0.84289	1.7617	689.79	-0.016109	9.9917e-05	0.11055	liquid
130.00	137.00	975.49	0.0010251	-72.791	-58.747	3.5096	0.84082	1.7683	682.54	-0.015203	9.8105e-05	0.10930	liquid
131.00	137.00	969.93	0.0010310	-71.100	-56.975	3.5232	0.83879	1.7751	675.27	-0.014261	9.6328e-05	0.10805	liquid
132.00	137.00	964.32	0.0010370	-69.403	-55.196	3.5367	0.83680	1.7821	667.98	-0.013283	9.4583e-05	0.10680	liquid
133.00	137.00	958.66	0.0010431	-67.701	-53.411	3.5502	0.83485	1.7894	660.68	-0.012266	9.2869e-05	0.10556	liquid
134.00	137.00	952.94	0.0010494	-65.994	-51.617	3.5636	0.83294	1.7971	653.36	-0.011209	9.1187e-05	0.10432	liquid
135.00	137.00	947.16	0.0010558	-64.281	-49.816	3.5770	0.83108	1.8050	646.03	-0.010110	8.9534e-05	0.10308	liquid
136.00	137.00	941.33	0.0010623	-62.561	-48.007	3.5904	0.82926	1.8132	638.68	-0.0089669	8.7910e-05	0.10185	liquid
137.00	137.00	935.44	0.0010690	-60.835	-46.190	3.6037	0.82748	1.8218	631.31	-0.0077777	8.6314e-05	0.10062	liquid
138.00	137.00	929.48	0.0010759	-59.103	-44.364	3.6170	0.82574	1.8307	623.93	-0.0065403	8.4745e-05	0.099399	liquid
139.00	137.00	923.47	0.0010829	-57.364	-42.528	3.6302	0.82405	1.8400	616.53	-0.0052521	8.3203e-05	0.098182	liquid
140.00	137.00	917.38	0.0010901	-55.617	-40.684	3.6434	0.82241	1.8496	609.12	-0.0039108	8.1687e-05	0.096969	liquid
141.00	137.00	911.23	0.0010974	-53.864	-38.829	3.6566	0.82081	1.8596	601.69	-0.0025137	8.0195e-05	0.095762	liquid
142.00	137.00	905.01	0.0011050	-52.102	-36.964	3.6698	0.81926	1.8701	594.25	-0.0010581	7.8728e-05	0.094561	liquid
143.00	137.00	898.71	0.0011127	-50.333	-35.089	3.6830	0.81776	1.8809	586.79	0.00045907	7.7285e-05	0.093365	liquid
144.00	137.00	892.34	0.0011206	-48.555	-33.202	3.6961	0.81631	1.8922	579.32	0.0020409	7.5865e-05	0.092174	liquid
145.00	137.00	885.89	0.0011288	-46.769	-31.304	3.7092	0.81491	1.9040	571.84	0.0036906	7.4467e-05	0.090990	liquid
146.00	137.00	879.36	0.0011372	-44.974	-29.394	3.7224	0.81355	1.9163	564.34	0.0054117	7.3092e-05	0.089813	liquid
147.00	137.00	872.74	0.0011458	-43.169	-27.471	3.7355	0.81225	1.9290	556.83	0.0072078	7.1738e-05	0.088642	liquid
148.00	137.00	866.04	0.0011547	-41.355	-25.536	3.7486	0.81100	1.9423	549.31	0.0090829	7.0406e-05	0.087477	liquid
149.00	137.00	859.25	0.0011638	-39.531	-23.587	3.7617	0.80981	1.9561	541.79	0.011041	6.9094e-05	0.086320	liquid
150.00	137.00	852.37	0.0011732	-37.696	-21.623	3.7749	0.80867	1.9706	534.25	0.013086	6.7802e-05	0.085169	liquid
151.00	137.00	845.39	0.0011829	-35.851	-19.645	3.7880	0.80758	1.9856	526.71	0.015223	6.6531e-05	0.084026	liquid
152.00	137.00	838.31	0.0011929	-33.994	-17.652	3.8012	0.80656	2.0012	519.17	0.017457	6.5278e-05	0.082891	liquid
153.00	137.00	831.13	0.0012032	-32.126	-15.643	3.8144	0.80558	2.0174	511.63	0.019792	6.4045e-05	0.081763	liquid
154.00	137.00	823.84	0.0012138	-30.246	-13.617	3.8276	0.80467	2.0344	504.09	0.022234	6.2830e-05	0.080644	liquid
155.00	137.00	816.44	0.0012248	-28.354	-11.574	3.8408	0.80381	2.0520	496.56	0.024788	6.1634e-05	0.079532	supercritical
156.00	137.00	808.93	0.0012362	-26.449	-9.5127	3.8540	0.80302	2.0703	489.03	0.027459	6.0456e-05	0.078429	supercritical
157.00	137.00	801.30	0.0012480	-24.530	-7.4330	3.8673	0.80228	2.0893	481.52	0.030254	5.9295e-05	0.077335	supercritical
158.00	137.00	793.55	0.0012602	-22.598	-5.3339	3.8807	0.80160	2.1091	474.04	0.033177	5.8152e-05	0.076249	supercritical
159.00	137.00	785.67	0.0012728	-20.652	-3.2146	3.8940	0.80097	2.1296	466.57	0.036236	5.7026e-05	0.075173	supercritical
160.00	137.00	777.67	0.0012859	-18.691	-1.0744	3.9074	0.80041	2.1509	459.14	0.039437	5.5917e-05	0.074106	supercritical
161.00	137.00	769.54	0.0012995	-16.715	1.0875	3.9209	0.79989	2.1729	451.74	0.042784	5.4824e-05	0.073048	supercritical
162.00	137.00	761.27	0.0013136	-14.724	3.2718	3.9344	0.79943	2.1957	444.39	0.046286	5.3748e-05	0.071999	supercritical
163.00	137.00	752.87	0.0013283	-12.718	5.4792	3.9480	0.79903	2.2192	437.09	0.049946	5.2689e-05	0.070960	supercritical
164.00	137.00	744.32	0.0013435	-10.695	7.7105	3.9617	0.79866	2.2434	429.86	0.053771	5.1646e-05	0.069931	supercritical
165.00	137.00	735.64	0.0013594	-8.6570	9.9663	3.9754	0.79834	2.2683	422.69	0.057766	5.0618e-05	0.068912	supercritical
166.00	137.00	726.81	0.0013759	-6.6022	12.247	3.9892	0.79806	2.2937	415.61	0.061935	4.9607e-05	0.067903	supercritical
167.00	137.00	717.84	0.0013931	-4.5312	14.554	4.0030	0.79782	2.3196	408.61	0.066281	4.8612e-05	0.066904	supercritical
168.00	137.00	708.73	0.0014110	-2.4439	16.886	4.0169	0.79760	2.3458	401.73	0.070807	4.7633e-05	0.065915	supercritical
169.00	137.00	699.47	0.0014296	-0.34063	19.246	4.0309	0.79740	2.3723	394.96	0.075513	4.6671e-05	0.064936	supercritical
170.00	137.00	690.08	0.0014491	1.7783	21.631	4.0450	0.79722	2.3987	388.31	0.080397	4.5725e-05	0.063968	supercritical
171.00	137.00	680.55	0.0014694	3.9122	24.043	4.0592	0.79704	2.4250	381.82	0.085458	4.4795e-05	0.063010	supercritical
172.00	137.00	670.90	0.0014905	6.0605	26.481	4.0734	0.79686	2.4508	375.48	0.090689	4.3882e-05	0.062063	supercritical
173.00	137.00	661.12	0.0015126	8.2219	28.944	4.0877	0.79668	2.4758	369.31	0.096084	4.2987e-05	0.061126	supercritical
174.00	137.00	651.24	0.0015355	10.395	31.432	4.1020	0.79648	2.4998	363.34	0.10163	4.2110e-05	0.060200	supercritical
175.00	137.00	641.26	0.0015594	12.579	33.944	4.1164	0.79626	2.5225	357.56	0.10732	4.1251e-05	0.059285	supercritical
176.00	137.00	631.19	0.0015843	14.772	36.477	4.1308	0.79601	2.5434	352.00	0.11313	4.0410e-05	0.058382	supercritical
177.00	137.00	621.06	0.0016101	16.971	39.030	4.1453	0.79572	2.5623	346.67	0.11905	3.9590e-05	0.057489	supercritical
178.00	137.00	610.89	0.0016370	19.174	41.600	4.1598	0.79537	2.5788	341.57	0.12506	3.8790e-05	0.056609	supercritical
179.00	137.00	600.68	0.0016648	21.379	44.186	4.1743	0.79498	2.5928	336.73	0.13114	3.8011e-05	0.055741	supercritical
180.00	137.00	590.47	0.0016936	23.583	46.785	4.1887	0.79451	2.6038	332.14	0.13727	3.7253e-05	0.054885	supercritical
181.00	137.00	580.28	0.0017233	25.784	49.393	4.2032	0.79397	2.6118	327.81	0.14342	3.6518e-05	0.054043	supercritical
182.00	137.00	570.13	0.0017540	27.978	52.007	4.2176	0.79335	2.6164	323.75	0.14957	3.5806e-05	0.053215	supercritical
183.00	137.00	560.05	0.0017856	30.162	54.625	4.2319	0.79263	2.6176	319.95	0.15569	3.5118e-05	0.052401	supercritical
184.00	137.00	550.05	0.0018180	32.335	57.241	4.2462	0.79182	2.6154	316.41	0.16177	3.4453e-05	0.051603	supercritical
185.00	137.00	540.16	0.0018513	34.491	59.854	4.2603	0.79091	2.6096	313.13	0.16776	3.3813e-05	0.050820	supercritical
186.00	137.00	530.41	0.0018853	36.630	62.459	4.2744	0.78989	2.6002	310.12	0.17365	3.3198e-05	0.050055	supercritical
187.00	137.00	520.81	0.0019201	38.748	65.053	4.2883	0.78877	2.5874	307.35	0.17941	3.2607e-05	0.049307	supercritical
188.00	137.00	511.38	0.0019555	40.843	67.633	4.3021	0.78754	2.5713	304.83	0.18501	3.2042e-05	0.048578	supercritical
189.00	137.00	502.14	0.0019915	42.912	70.195	4.3157	0.78621	2.5521	302.54	0.19043	3.1502e-05	0.047868	supercritical
190.00	137.00	493.10	0.0020280	44.953	72.736	4.3291	0.78478	2.5300	300.48	0.19566	3.0987e-05	0.047179	supercritical
191.00	137.00	484.28	0.0020649	46.965	75.254	4.3423	0.78325	2.5053	298.63	0.20067	3.0496e-05	0.046510	supercritical
192.00	137.00	475.69	0.0021022	48.946	77.746	4.3553	0.78165	2.4784	296.99	0.20545	3.0030e-05	0.045862	supercritical
193.00	137.00	467.33	0.0021398	50.894	80.210	4.3681	0.77997	2.4495	295.54	0.20999	2.9588e-05	0.045236	supercritical
194.00	137.00	459.20	0.0021777	52.810	82.645	4.3807	0.77822	2.4191	294.27	0.21429	2.9169e-05	0.044632	supercritical
195.00	137.00	451.32	0.0022157	54.693	85.048	4.3930	0.77641	2.3875	293.17	0.21833	2.8773e-05	0.044050	supercritical
196.00	137.00	443.68	0.0022539	56.542	87.419	4.4052	0.77456	2.3549	292.23	0.22212	2.8398e-05	0.043490	supercritical
197.00	137.00	436.29	0.0022921	58.356	89.758	4.4171	0.77266	2.3218	291.43	0.22567	2.8045e-05	0.042953	supercritical
198.00	137.00	429.13	0.0023303	60.138	92.063	4.4287	0.77074	2.2883	290.77	0.22896	2.7711e-05	0.042437	supercritical
199.00	137.00	422.21	0.0023685	61.886	94.334	4.4402	0.76880	2.2547	290.23	0.23201	2.7397e-05	0.041943	supercritical
200.00	137.00	415.51	0.0024067	63.601	96.572	4.4514	0.76685	2.2213	289.80	0.23483	2.7102e-05	0.041471	supercritical
201.00	137.00	409.04	0.0024447	65.284	98.777	4.4624	0.76489	2.1881	289.48	0.23742	2.6823e-05	0.041019	supercritical
202.00	137.00	402.79	0.0024827	66.936	100.95	4.4732	0.76293	2.1553	289.25	0.23979	2.6562e-05	0.040588	supercritical
203.00	137.00	396.75	0.0025205	68.557	103.09	4.4837	0.76098	2.1232	289.11	0.24196	2.6316e-05	0.040176	supercritical
204.00	137.00	390.91	0.0025581	70.149	105.20	4.4941	0.75904	2.0916	289.05	0.24392	2.6085e-05	0.039784	supercritical
205.00	137.00	385.27	0.0025956	71.712	107.27	4.5042	0.75712	2.0608	289.06	0.24569	2.5869e-05	0.039410	supercritical
206.00	137.00	379.82	0.0026328	73.247	109.32	4.5142	0.75522	2.0308	289.13	0.24727	2.5665e-05	0.039053	supercritical
207.00	137.00	374.55	0.0026699	74.756	111.33	4.5240	0.75335	2.0016	289.27	0.24868	2.5474e-05	0.038713	supercritical
208.00	137.00	369.45	0.0027067	76.238	113.32	4.5335	0.75150	1.9732	289.45	0.24993	2.5295e-05	0.038390	supercritical
209.00	137.00	364.52	0.0027433	77.696	115.28	4.5429	0.74969	1.9457	289.69	0.25103	2.5127e-05	0.038082	supercritical
210.00	137.00	359.75	0.0027797	79.130	117.21	4.5522	0.74790	1.9191	289.98	0.25197	2.4970e-05	0.037790	supercritical
211.00	137.00	355.13	0.0028159	80.541	119.12	4.5612	0.74615	1.8933	290.30	0.25278	2.4823e-05	0.037511	supercritical
212.00	137.00	350.66	0.0028518	81.930	121.00	4.5701	0.74444	1.8684	290.66	0.25346	2.4685e-05	0.037246	supercritical
213.00	137.00	346.33	0.0028874	83.298	122.86	4.5788	0.74276	1.8443	291.06	0.25401	2.4556e-05	0.036995	supercritical
214.00	137.00	342.13	0.0029229	84.645	124.69	4.5874	0.74112	1.8211	291.48	0.25445	2.4435e-05	0.036755	supercritical
215.00	137.00	338.06	0.0029581	85.973	126.50	4.5959	0.73951	1.7986	291.94	0.25478	2.4322e-05	0.036528	supercritical
216.00	137.00	334.11	0.0029930	87.281	128.29	4.6042	0.73794	1.7770	292.41	0.25501	2.4216e-05	0.036312	supercritical
217.00	137.00	330.28	0.0030277	88.572	130.05	4.6123	0.73641	1.7560	292.92	0.25514	2.4118e-05	0.036106	supercritical
218.00	137.00	326.56	0.0030622	89.846	131.80	4.6203	0.73492	1.7359	293.44	0.25518	2.4026e-05	0.035911	supercritical
219.00	137.00	322.95	0.0030965	91.103	133.52	4.6282	0.73346	1.7164	293.98	0.25514	2.3940e-05	0.035726	supercritical
220.00	137.00	319.44	0.0031305	92.343	135.23	4.6360	0.73204	1.6976	294.54	0.25502	2.3860e-05	0.035550	supercritical
221.00	137.00	316.03	0.0031643	93.569	136.92	4.6437	0.73066	1.6795	295.11	0.25482	2.3786e-05	0.035383	supercritical
222.00	137.00	312.71	0.0031978	94.780	138.59	4.6512	0.72931	1.6620	295.70	0.25456	2.3717e-05	0.035225	supercritical
223.00	137.00	309.48	0.0032312	95.976	140.24	4.6587	0.72800	1.6451	296.30	0.25422	2.3653e-05	0.035074	supercritical
224.00	137.00	306.34	0.0032643	97.159	141.88	4.6660	0.72672	1.6288	296.92	0.25383	2.3594e-05	0.034932	supercritical
225.00	137.00	303.28	0.0032973	98.329	143.50	4.6732	0.72548	1.6131	297.54	0.25338	2.3539e-05	0.034797	supercritical
226.00	137.00	300.30	0.0033300	99.486	145.11	4.6803	0.72427	1.5979	298.18	0.25288	2.3488e-05	0.034668	supercritical
227.00	137.00	297.40	0.0033625	100.63	146.70	4.6873	0.72309	1.5832	298.82	0.25232	2.3441e-05	0.034547	supercritical
228.00	137.00	294.57	0.0033948	101.76	148.27	4.6943	0.72194	1.5690	299.47	0.25172	2.3398e-05	0.034432	supercritical
229.00	137.00	291.81	0.0034269	102.89	149.84	4.7011	0.72083	1.5553	300.13	0.25108	2.3359e-05	0.034323	supercritical
230.00	137.00	289.11	0.0034588	104.00	151.38	4.7078	0.71975	1.5421	300.79	0.25039	2.3323e-05	0.034220	supercritical
231.00	137.00	286.49	0.0034906	105.10	152.92	4.7145	0.71869	1.5293	301.46	0.24967	2.3291e-05	0.034123	supercritical
232.00	137.00	283.92	0.0035221	106.19	154.44	4.7211	0.71767	1.5169	302.13	0.24891	2.3261e-05	0.034031	supercritical
233.00	137.00	281.41	0.0035535	107.27	155.95	4.7276	0.71667	1.5049	302.81	0.24812	2.3235e-05	0.033944	supercritical
234.00	137.00	278.97	0.0035847	108.34	157.45	4.7340	0.71570	1.4933	303.50	0.24730	2.3211e-05	0.033862	supercritical
235.00	137.00	276.57	0.0036157	109.41	158.94	4.7404	0.71476	1.4821	304.18	0.24645	2.3190e-05	0.033784	supercritical
236.00	137.00	274.23	0.0036465	110.46	160.42	4.7466	0.71384	1.4712	304.87	0.24558	2.3171e-05	0.033712	supercritical
237.00	137.00	271.95	0.0036772	111.51	161.88	4.7528	0.71295	1.4607	305.56	0.24468	2.3155e-05	0.033643	supercritical
238.00	137.00	269.71	0.0037077	112.54	163.34	4.7590	0.71209	1.4505	306.26	0.24375	2.3141e-05	0.033579	supercritical
239.00	137.00	267.52	0.0037381	113.57	164.78	4.7650	0.71125	1.4406	306.96	0.24281	2.3130e-05	0.033519	supercritical
240.00	137.00	265.37	0.0037683	114.59	166.22	4.7710	0.71043	1.4310	307.65	0.24184	2.3120e-05	0.033462	supercritical
241.00	137.00	263.27	0.0037983	115.61	167.65	4.7769	0.70963	1.4217	308.35	0.24086	2.3113e-05	0.033409	supercritical
242.00	137.00	261.22	0.0038282	116.62	169.06	4.7828	0.70886	1.4127	309.05	0.23986	2.3107e-05	0.033360	supercritical
243.00	137.00	259.20	0.0038580	117.62	170.47	4.7886	0.70811	1.4039	309.76	0.23885	2.3103e-05	0.033314	supercritical
244.00	137.00	257.23	0.0038876	118.61	171.87	4.7944	0.70738	1.3954	310.46	0.23782	2.3101e-05	0.033271	supercritical
245.00	137.00	255.30	0.0039170	119.60	173.26	4.8001	0.70667	1.3872	311.16	0.23678	2.3101e-05	0.033232	supercritical
246.00	137.00	253.40	0.0039464	120.58	174.65	4.8057	0.70598	1.3792	311.86	0.23573	2.3102e-05	0.033195	supercritical
247.00	137.00	251.54	0.0039756	121.56	176.02	4.8113	0.70531	1.3714	312.57	0.23467	2.3105e-05	0.033161	supercritical
248.00	137.00	249.71	0.0040046	122.53	177.39	4.8168	0.70465	1.3638	313.27	0.23360	2.3109e-05	0.033130	supercritical
249.00	137.00	247.92	0.0040335	123.49	178.75	4.8223	0.70402	1.3565	313.97	0.23251	2.3115e-05	0.033102	supercritical
250.00	137.00	246.16	0.0040623	124.45	180.10	4.8277	0.70340	1.3493	314.68	0.23142	2.3122e-05	0.033076	supercritical
251.00	137.00	244.44	0.0040910	125.40	181.45	4.8331	0.70281	1.3424	315.38	0.23033	2.3130e-05	0.033053	supercritical
252.00	137.00	242.74	0.0041196	126.35	182.79	4.8384	0.70222	1.3356	316.08	0.22923	2.3140e-05	0.033032	supercritical
253.00	137.00	241.08	0.0041480	127.29	184.12	4.8437	0.70166	1.3290	316.78	0.22812	2.3150e-05	0.033013	supercritical
254.00	137.00	239.44	0.0041763	128.23	185.44	4.8489	0.70111	1.3226	317.48	0.22700	2.3162e-05	0.032997	supercritical
255.00	137.00	237.84	0.0042045	129.16	186.76	4.8541	0.70058	1.3164	318.18	0.22589	2.3175e-05	0.032982	supercritical
256.00	137.00	236.26	0.0042326	130.09	188.08	4.8592	0.70006	1.3103	318.88	0.22476	2.3189e-05	0.032970	supercritical
257.00	137.00	234.71	0.0042606	131.01	189.38	4.8643	0.69955	1.3044	319.57	0.22364	2.3204e-05	0.032960	supercritical
258.00	137.00	233.18	0.0042885	131.93	190.69	4.8694	0.69906	1.2986	320.27	0.22251	2.3220e-05	0.032952	supercritical
259.00	137.00	231.68	0.0043163	132.85	191.98	4.8744	0.69859	1.2930	320.96	0.22138	2.3237e-05	0.032945	supercritical
260.00	137.00	230.21	0.0043439	133.76	193.27	4.8793	0.69813	1.2876	321.66	0.22025	2.3255e-05	0.032940	supercritical
261.00	137.00	228.75	0.0043715	134.67	194.56	4.8843	0.69768	1.2822	322.35	0.21912	2.3273e-05	0.032937	supercritical
262.00	137.00	227.33	0.0043990	135.57	195.84	4.8892	0.69724	1.2770	323.04	0.21798	2.3293e-05	0.032936	supercritical
263.00	137.00	225.92	0.0044263	136.47	197.11	4.8940	0.69682	1.2719	323.73	0.21685	2.3313e-05	0.032936	supercritical
264.00	137.00	224.54	0.0044536	137.37	198.38	4.8988	0.69641	1.2670	324.41	0.21571	2.3334e-05	0.032938	supercritical
265.00	137.00	223.18	0.0044808	138.26	199.65	4.9036	0.69601	1.2622	325.10	0.21458	2.3356e-05	0.032941	supercritical
266.00	137.00	221.84	0.0045078	139.15	200.91	4.9084	0.69562	1.2574	325.78	0.21345	2.3378e-05	0.032946	supercritical
267.00	137.00	220.51	0.0045348	140.03	202.16	4.9131	0.69525	1.2528	326.47	0.21231	2.3402e-05	0.032952	supercritical
268.00	137.00	219.21	0.0045617	140.91	203.41	4.9178	0.69488	1.2484	327.15	0.21118	2.3425e-05	0.032960	supercritical
269.00	137.00	217.93	0.0045886	141.79	204.66	4.9224	0.69453	1.2440	327.83	0.21005	2.3450e-05	0.032969	supercritical
270.00	137.00	216.67	0.0046153	142.67	205.90	4.9270	0.69419	1.2397	328.50	0.20892	2.3475e-05	0.032979	supercritical
271.00	137.00	215.43	0.0046419	143.54	207.14	4.9316	0.69385	1.2355	329.18	0.20780	2.3501e-05	0.032990	supercritical
272.00	137.00	214.20	0.0046685	144.41	208.37	4.9361	0.69353	1.2314	329.85	0.20667	2.3527e-05	0.033003	supercritical
273.00	137.00	212.99	0.0046950	145.28	209.60	4.9406	0.69322	1.2274	330.53	0.20555	2.3554e-05	0.033016	supercritical
274.00	137.00	211.80	0.0047214	146.14	210.82	4.9451	0.69292	1.2235	331.20	0.20443	2.3581e-05	0.033031	supercritical
275.00	137.00	210.63	0.0047477	147.00	212.05	4.9496	0.69263	1.2197	331.87	0.20331	2.3609e-05	0.033047	supercritical
276.00	137.00	209.47	0.0047739	147.86	213.26	4.9540	0.69234	1.2159	332.53	0.20220	2.3637e-05	0.033064	supercritical
277.00	137.00	208.33	0.0048001	148.72	214.48	4.9584	0.69207	1.2123	333.20	0.20109	2.3666e-05	0.033082	supercritical
278.00	137.00	207.20	0.0048262	149.57	215.69	4.9627	0.69180	1.2087	333.86	0.19998	2.3696e-05	0.033101	supercritical
279.00	137.00	206.09	0.0048522	150.42	216.90	4.9671	0.69155	1.2052	334.52	0.19888	2.3725e-05	0.033121	supercritical
280.00	137.00	205.00	0.0048782	151.27	218.10	4.9714	0.69130	1.2018	335.18	0.19778	2.3756e-05	0.033141	supercritical
281.00	137.00	203.91	0.0049040	152.11	219.30	4.9757	0.69106	1.1985	335.84	0.19668	2.3786e-05	0.033163	supercritical
282.00	137.00	202.85	0.0049298	152.96	220.50	4.9799	0.69083	1.1952	336.50	0.19558	2.3817e-05	0.033186	supercritical
283.00	137.00	201.79	0.0049556	153.80	221.69	4.9841	0.69060	1.1920	337.15	0.19449	2.3849e-05	0.033209	supercritical
284.00	137.00	200.75	0.0049812	154.64	222.88	4.9883	0.69039	1.1888	337.80	0.19341	2.3880e-05	0.033233	supercritical
285.00	137.00	199.73	0.0050069	155.47	224.07	4.9925	0.69018	1.1858	338.45	0.19233	2.3912e-05	0.033258	supercritical
286.00	137.00	198.71	0.0050324	156.31	225.25	4.9967	0.68998	1.1828	339.10	0.19125	2.3945e-05	0.033284	supercritical
287.00	137.00	197.71	0.0050579	157.14	226.43	5.0008	0.68978	1.1798	339.75	0.19017	2.3978e-05	0.033311	supercritical
288.00	137.00	196.72	0.0050833	157.97	227.61	5.0049	0.68960	1.1769	340.39	0.18910	2.4011e-05	0.033338	supercritical
289.00	137.00	195.75	0.0051086	158.80	228.79	5.0090	0.68942	1.1741	341.03	0.18804	2.4044e-05	0.033366	supercritical
290.00	137.00	194.78	0.0051339	159.63	229.96	5.0130	0.68925	1.1713	341.67	0.18698	2.4078e-05	0.033394	supercritical
291.00	137.00	193.83	0.0051591	160.45	231.13	5.0170	0.68908	1.1686	342.31	0.18592	2.4112e-05	0.033424	supercritical
292.00	137.00	192.89	0.0051843	161.27	232.30	5.0210	0.68892	1.1660	342.95	0.18487	2.4147e-05	0.033453	supercritical
293.00	137.00	191.96	0.0052094	162.09	233.46	5.0250	0.68877	1.1634	343.58	0.18382	2.4181e-05	0.033484	supercritical
294.00	137.00	191.04	0.0052344	162.91	234.62	5.0290	0.68863	1.1608	344.22	0.18278	2.4216e-05	0.033515	supercritical
295.00	137.00	190.13	0.0052594	163.73	235.78	5.0329	0.68849	1.1583	344.85	0.18174	2.4251e-05	0.033546	supercritical
296.00	137.00	189.24	0.0052844	164.54	236.94	5.0368	0.68836	1.1558	345.48	0.18070	2.4287e-05	0.033578	supercritical
297.00	137.00	188.35	0.0053093	165.36	238.09	5.0407	0.68823	1.1534	346.11	0.17967	2.4322e-05	0.033611	supercritical
298.00	137.00	187.47	0.0053341	166.17	239.25	5.0446	0.68811	1.1511	346.73	0.17865	2.4358e-05	0.033644	supercritical
299.00	137.00	186.61	0.0053589	166.98	240.40	5.0485	0.68799	1.1488	347.36	0.17763	2.4394e-05	0.033677	supercritical
300.00	137.00	185.75	0.0053836	167.79	241.54	5.0523	0.68789	1.1465	347.98	0.17661	2.4431e-05	0.033711	supercritical
301.00	137.00	184.90	0.0054083	168.60	242.69	5.0561	0.68778	1.1443	348.60	0.17560	2.4467e-05	0.033745	supercritical
302.00	137.00	184.06	0.0054329	169.40	243.83	5.0599	0.68769	1.1421	349.22	0.17460	2.4504e-05	0.033780	supercritical
303.00	137.00	183.24	0.0054574	170.21	244.97	5.0637	0.68759	1.1399	349.83	0.17360	2.4541e-05	0.033815	supercritical
304.00	137.00	182.42	0.0054820	171.01	246.11	5.0674	0.68751	1.1378	350.45	0.17260	2.4578e-05	0.033849	supercritical
305.00	137.00	181.61	0.0055064	171.81	247.25	5.0711	0.68743	1.1358	351.06	0.17161	2.4616e-05	0.033884	supercritical
306.00	137.00	180.80	0.0055308	172.61	248.38	5.0749	0.68735	1.1338	351.67	0.17062	2.4653e-05	0.033919	supercritical
307.00	137.00	180.01	0.0055552	173.41	249.52	5.0786	0.68728	1.1318	352.28	0.16964	2.4691e-05	0.033953	supercritical
308.00	137.00	179.23	0.0055795	174.21	250.65	5.0822	0.68721	1.1298	352.89	0.16866	2.4729e-05	0.033985	supercritical
309.00	137.00	178.45	0.0056038	175.00	251.78	5.0859	0.68715	1.1279	353.50	0.16769	2.4767e-05	0.034011	supercritical
310.00	137.00	177.68	0.0056281	175.80	252.90	5.0895	0.68710	1.1260	354.10	0.16672	2.4805e-05	0.034045	supercritical
311.00	137.00	176.92	0.0056522	176.59	254.03	5.0932	0.68705	1.1242	354.70	0.16576	2.4844e-05	0.034089	supercritical
312.00	137.00	176.17	0.0056764	177.39	255.15	5.0968	0.68700	1.1224	355.30	0.16480	2.4882e-05	0.034133	supercritical
313.00	137.00	175.42	0.0057005	178.18	256.27	5.1003	0.68696	1.1206	355.90	0.16385	2.4921e-05	0.034178	supercritical
314.00	137.00	174.69	0.0057245	178.97	257.39	5.1039	0.68692	1.1189	356.50	0.16290	2.4960e-05	0.034223	supercritical
315.00	137.00	173.96	0.0057486	179.76	258.51	5.1075	0.68689	1.1171	357.10	0.16196	2.4999e-05	0.034268	supercritical
316.00	137.00	173.23	0.0057725	180.54	259.63	5.1110	0.68686	1.1155	357.69	0.16102	2.5038e-05	0.034314	supercritical
317.00	137.00	172.52	0.0057965	181.33	260.74	5.1145	0.68684	1.1138	358.28	0.16009	2.5077e-05	0.034360	supercritical
318.00	137.00	171.81	0.0058204	182.12	261.86	5.1180	0.68682	1.1122	358.87	0.15916	2.5116e-05	0.034406	supercritical
319.00	137.00	171.11	0.0058442	182.90	262.97	5.1215	0.68681	1.1106	359.46	0.15823	2.5156e-05	0.034452	supercritical
320.00	137.00	170.42	0.0058680	183.68	264.08	5.1250	0.68680	1.1090	360.05	0.15731	2.5195e-05	0.034499	supercritical
321.00	137.00	169.73	0.0058918	184.47	265.18	5.1285	0.68679	1.1075	360.63	0.15640	2.5235e-05	0.034546	supercritical
322.00	137.00	169.05	0.0059155	185.25	266.29	5.1319	0.68679	1.1060	361.22	0.15549	2.5275e-05	0.034594	supercritical
323.00	137.00	168.37	0.0059392	186.03	267.40	5.1353	0.68679	1.1045	361.80	0.15459	2.5315e-05	0.034641	supercritical
324.00	137.00	167.70	0.0059629	186.81	268.50	5.1387	0.68680	1.1030	362.38	0.15369	2.5355e-05	0.034689	supercritical
325.00	137.00	167.04	0.0059865	187.59	269.60	5.1421	0.68681	1.1016	362.96	0.15279	2.5395e-05	0.034737	supercritical
326.00	137.00	166.39	0.0060101	188.37	270.70	5.1455	0.68682	1.1002	363.53	0.15190	2.5435e-05	0.034786	supercritical
327.00	137.00	165.74	0.0060336	189.14	271.80	5.1489	0.68684	1.0988	364.11	0.15101	2.5475e-05	0.034834	supercritical
328.00	137.00	165.10	0.0060571	189.92	272.90	5.1522	0.68686	1.0975	364.68	0.15013	2.5516e-05	0.034883	supercritical
329.00	137.00	164.46	0.0060806	190.69	274.00	5.1556	0.68688	1.0961	365.26	0.14925	2.5556e-05	0.034932	supercritical
330.00	137.00	163.83	0.0061040	191.47	275.09	5.1589	0.68691	1.0948	365.83	0.14838	2.5597e-05	0.034982	supercritical
331.00	137.00	163.20	0.0061274	192.24	276.19	5.1622	0.68695	1.0935	366.40	0.14751	2.5637e-05	0.035031	supercritical
332.00	137.00	162.58	0.0061508	193.01	277.28	5.1655	0.68698	1.0923	366.96	0.14665	2.5678e-05	0.035081	supercritical
333.00	137.00	161.97	0.0061741	193.79	278.37	5.1688	0.68702	1.0910	367.53	0.14579	2.5719e-05	0.035131	supercritical
334.00	137.00	161.36	0.0061974	194.56	279.46	5.1721	0.68706	1.0898	368.10	0.14494	2.5760e-05	0.035181	supercritical
335.00	137.00	160.75	0.0062207	195.33	280.55	5.1753	0.68711	1.0886	368.66	0.14409	2.5801e-05	0.035231	supercritical
336.00	137.00	160.16	0.0062439	196.10	281.64	5.1786	0.68716	1.0874	369.22	0.14324	2.5842e-05	0.035282	supercritical
337.00	137.00	159.56	0.0062671	196.87	282.73	5.1818	0.68721	1.0863	369.78	0.14240	2.5883e-05	0.035333	supercritical
338.00	137.00	158.97	0.0062903	197.64	283.81	5.1850	0.68727	1.0851	370.34	0.14157	2.5924e-05	0.035384	supercritical
339.00	137.00	158.39	0.0063134	198.40	284.90	5.1882	0.68733	1.0840	370.90	0.14073	2.5965e-05	0.035435	supercritical
340.00	137.00	157.81	0.0063365	199.17	285.98	5.1914	0.68739	1.0829	371.45	0.13991	2.6006e-05	0.035486	supercritical
341.00	137.00	157.24	0.0063596	199.94	287.06	5.1946	0.68746	1.0818	372.01	0.13908	2.6048e-05	0.035538	supercritical
342.00	137.00	156.67	0.0063827	200.70	288.14	5.1978	0.68753	1.0808	372.56	0.13827	2.6089e-05	0.035590	supercritical
343.00	137.00	156.11	0.0064057	201.47	289.22	5.2009	0.68760	1.0797	373.11	0.13745	2.6130e-05	0.035642	supercritical
344.00	137.00	155.55	0.0064287	202.23	290.30	5.2040	0.68768	1.0787	373.66	0.13664	2.6172e-05	0.035694	supercritical
345.00	137.00	155.00	0.0064516	202.99	291.38	5.2072	0.68776	1.0777	374.21	0.13584	2.6213e-05	0.035746	supercritical
346.00	137.00	154.45	0.0064746	203.76	292.46	5.2103	0.68784	1.0767	374.75	0.13503	2.6255e-05	0.035798	supercritical
347.00	137.00	153.91	0.0064975	204.52	293.54	5.2134	0.68792	1.0757	375.30	0.13424	2.6296e-05	0.035851	supercritical
348.00	137.00	153.37	0.0065203	205.28	294.61	5.2165	0.68801	1.0747	375.84	0.13344	2.6338e-05	0.035903	supercritical
349.00	137.00	152.83	0.0065432	206.04	295.68	5.2196	0.68810	1.0738	376.39	0.13266	2.6380e-05	0.035956	supercritical
350.00	137.00	152.30	0.0065660	206.80	296.76	5.2227	0.68820	1.0729	376.93	0.13187	2.6421e-05	0.036009	supercritical
351.00	137.00	151.77	0.0065888	207.56	297.83	5.2257	0.68829	1.0720	377.47	0.13109	2.6463e-05	0.036063	supercritical
352.00	137.00	151.25	0.0066115	208.32	298.90	5.2288	0.68839	1.0711	378.00	0.13032	2.6505e-05	0.036116	supercritical
353.00	137.00	150.73	0.0066343	209.08	299.97	5.2318	0.68849	1.0702	378.54	0.12954	2.6547e-05	0.036169	supercritical
354.00	137.00	150.22	0.0066570	209.84	301.04	5.2348	0.68860	1.0693	379.08	0.12878	2.6589e-05	0.036223	supercritical
355.00	137.00	149.71	0.0066797	210.60	302.11	5.2378	0.68870	1.0685	379.61	0.12801	2.6631e-05	0.036277	supercritical
356.00	137.00	149.20	0.0067023	211.36	303.18	5.2408	0.68881	1.0676	380.14	0.12725	2.6673e-05	0.036330	supercritical
357.00	137.00	148.70	0.0067250	212.11	304.25	5.2438	0.68893	1.0668	380.68	0.12650	2.6715e-05	0.036384	supercritical
358.00	137.00	148.20	0.0067476	212.87	305.31	5.2468	0.68904	1.0660	381.21	0.12574	2.6757e-05	0.036439	supercritical
359.00	137.00	147.71	0.0067701	213.63	306.38	5.2498	0.68916	1.0652	381.74	0.12500	2.6799e-05	0.036493	supercritical
360.00	137.00	147.22	0.0067927	214.38	307.44	5.2528	0.68928	1.0644	382.26	0.12425	2.6841e-05	0.036547	supercritical
361.00	137.00	146.73	0.0068152	215.14	308.51	5.2557	0.68940	1.0637	382.79	0.12351	2.6883e-05	0.036602	supercritical
362.00	137.00	146.25	0.0068377	215.89	309.57	5.2586	0.68953	1.0629	383.31	0.12278	2.6925e-05	0.036656	supercritical
363.00	137.00	145.77	0.0068602	216.65	310.63	5.2616	0.68965	1.0622	383.84	0.12205	2.6967e-05	0.036711	supercritical
364.00	137.00	145.29	0.0068827	217.40	311.70	5.2645	0.68978	1.0615	384.36	0.12132	2.7009e-05	0.036766	supercritical
365.00	137.00	144.82	0.0069051	218.16	312.76	5.2674	0.68992	1.0607	384.88	0.12059	2.7051e-05	0.036821	supercritical
366.00	137.00	144.35	0.0069275	218.91	313.82	5.2703	0.69005	1.0600	385.40	0.11987	2.7093e-05	0.036876	supercritical
367.00	137.00	143.89	0.0069499	219.66	314.88	5.2732	0.69019	1.0593	385.92	0.11916	2.7136e-05	0.036931	supercritical
368.00	137.00	143.43	0.0069723	220.42	315.94	5.2761	0.69033	1.0587	386.44	0.11844	2.7178e-05	0.036986	supercritical
369.00	137.00	142.97	0.0069946	221.17	316.99	5.2790	0.69047	1.0580	386.95	0.11773	2.7220e-05	0.037042	supercritical
370.00	137.00	142.51	0.0070169	221.92	318.05	5.2818	0.69061	1.0573	387.47	0.11703	2.7262e-05	0.037097	supercritical
371.00	137.00	142.06	0.0070392	222.67	319.11	5.2847	0.69076	1.0567	387.98	0.11633	2.7305e-05	0.037153	supercritical
372.00	137.00	141.61	0.0070615	223.42	320.16	5.2875	0.69091	1.0561	388.49	0.11563	2.7347e-05	0.037208	supercritical
373.00	137.00	141.17	0.0070838	224.17	321.22	5.2903	0.69106	1.0555	389.01	0.11493	2.7389e-05	0.037264	supercritical
374.00	137.00	140.73	0.0071060	224.92	322.28	5.2932	0.69121	1.0548	389.52	0.11424	2.7431e-05	0.037320	supercritical
375.00	137.00	140.29	0.0071282	225.67	323.33	5.2960	0.69136	1.0542	390.02	0.11356	2.7474e-05	0.037376	supercritical
376.00	137.00	139.85	0.0071504	226.42	324.38	5.2988	0.69152	1.0537	390.53	0.11287	2.7516e-05	0.037432	supercritical
377.00	137.00	139.42	0.0071726	227.17	325.44	5.3016	0.69168	1.0531	391.04	0.11219	2.7558e-05	0.037488	supercritical
378.00	137.00	138.99	0.0071947	227.92	326.49	5.3044	0.69184	1.0525	391.54	0.11152	2.7601e-05	0.037544	supercritical
379.00	137.00	138.56	0.0072168	228.67	327.54	5.3072	0.69200	1.0520	392.05	0.11084	2.7643e-05	0.037600	supercritical
380.00	137.00	138.14	0.0072390	229.42	328.59	5.3099	0.69217	1.0514	392.55	0.11018	2.7685e-05	0.037657	supercritical
381.00	137.00	137.72	0.0072610	230.17	329.65	5.3127	0.69233	1.0509	393.05	0.10951	2.7728e-05	0.037713	supercritical
382.00	137.00	137.30	0.0072831	230.92	330.70	5.3155	0.69250	1.0503	393.55	0.10885	2.7770e-05	0.037770	supercritical
383.00	137.00	136.89	0.0073052	231.67	331.75	5.3182	0.69267	1.0498	394.05	0.10819	2.7813e-05	0.037826	supercritical
384.00	137.00	136.48	0.0073272	232.41	332.80	5.3209	0.69284	1.0493	394.55	0.10753	2.7855e-05	0.037883	supercritical
385.00	137.00	136.07	0.0073492	233.16	333.84	5.3237	0.69302	1.0488	395.05	0.10688	2.7897e-05	0.037940	supercritical
386.00	137.00	135.66	0.0073712	233.91	334.89	5.3264	0.69319	1.0483	395.54	0.10623	2.7940e-05	0.037997	supercritical
387.00	137.00	135.26	0.0073932	234.65	335.94	5.3291	0.69337	1.0478	396.04	0.10559	2.7982e-05	0.038054	supercritical
388.00	137.00	134.86	0.0074151	235.40	336.99	5.3318	0.69355	1.0474	396.53	0.10495	2.8024e-05	0.038110	supercritical
389.00	137.00	134.46	0.0074370	236.15	338.04	5.3345	0.69373	1.0469	397.03	0.10431	2.8067e-05	0.038168	supercritical
390.00	137.00	134.07	0.0074590	236.89	339.08	5.3372	0.69392	1.0464	397.52	0.10367	2.8109e-05	0.038225	supercritical
391.00	137.00	133.67	0.0074809	237.64	340.13	5.3399	0.69410	1.0460	398.01	0.10304	2.8152e-05	0.038282	supercritical
392.00	137.00	133.28	0.0075027	238.39	341.17	5.3425	0.69429	1.0456	398.50	0.10241	2.8194e-05	0.038339	supercritical
393.00	137.00	132.90	0.0075246	239.13	342.22	5.3452	0.69448	1.0451	398.99	0.10179	2.8236e-05	0.038396	supercritical
394.00	137.00	132.51	0.0075465	239.88	343.26	5.3478	0.69467	1.0447	399.47	0.10116	2.8279e-05	0.038454	supercritical
395.00	137.00	132.13	0.0075683	240.62	344.31	5.3505	0.69486	1.0443	399.96	0.10055	2.8321e-05	0.038511	supercritical
396.00	137.00	131.75	0.0075901	241.37	345.35	5.3531	0.69505	1.0439	400.45	0.099930	2.8363e-05	0.038569	supercritical
397.00	137.00	131.37	0.0076119	242.11	346.40	5.3558	0.69525	1.0435	400.93	0.099317	2.8406e-05	0.038626	supercritical
398.00	137.00	131.00	0.0076337	242.86	347.44	5.3584	0.69544	1.0431	401.41	0.098707	2.8448e-05	0.038684	supercritical
399.00	137.00	130.63	0.0076554	243.60	348.48	5.3610	0.69564	1.0427	401.90	0.098101	2.8490e-05	0.038741	supercritical
400.00	137.00	130.26	0.0076772	244.35	349.53	5.3636	0.69584	1.0423	402.38	0.097498	2.8533e-05	0.038799	supercritical
401.00	137.00	129.89	0.0076989	245.09	350.57	5.3662	0.69604	1.0420	402.86	0.096898	2.8575e-05	0.038857	supercritical
402.00	137.00	129.52	0.0077206	245.84	351.61	5.3688	0.69624	1.0416	403.34	0.096301	2.8617e-05	0.038915	supercritical
403.00	137.00	129.16	0.0077423	246.58	352.65	5.3714	0.69645	1.0412	403.82	0.095707	2.8660e-05	0.038973	supercritical
404.00	137.00	128.80	0.0077640	247.33	353.69	5.3740	0.69665	1.0409	404.29	0.095116	2.8702e-05	0.039031	supercritical
405.00	137.00	128.44	0.0077856	248.07	354.73	5.3766	0.69686	1.0406	404.77	0.094528	2.8744e-05	0.039088	supercritical
406.00	137.00	128.09	0.0078073	248.81	355.77	5.3791	0.69707	1.0402	405.24	0.093943	2.8787e-05	0.039147	supercritical
407.00	137.00	127.73	0.0078289	249.56	356.81	5.3817	0.69728	1.0399	405.72	0.093361	2.8829e-05	0.039205	supercritical
408.00	137.00	127.38	0.0078505	250.30	357.85	5.3842	0.69749	1.0396	406.19	0.092782	2.8871e-05	0.039263	supercritical
409.00	137.00	127.03	0.0078721	251.04	358.89	5.3868	0.69771	1.0393	406.66	0.092206	2.8913e-05	0.039321	supercritical
410.00	137.00	126.68	0.0078937	251.79	359.93	5.3893	0.69792	1.0390	407.14	0.091633	2.8956e-05	0.039379	supercritical
411.00	137.00	126.34	0.0079153	252.53	360.97	5.3918	0.69813	1.0387	407.61	0.091063	2.8998e-05	0.039437	supercritical
412.00	137.00	126.00	0.0079368	253.27	362.01	5.3944	0.69835	1.0384	408.07	0.090496	2.9040e-05	0.039496	supercritical
413.00	137.00	125.65	0.0079583	254.02	363.05	5.3969	0.69857	1.0381	408.54	0.089931	2.9082e-05	0.039554	supercritical
414.00	137.00	125.32	0.0079799	254.76	364.09	5.3994	0.69879	1.0378	409.01	0.089370	2.9125e-05	0.039612	supercritical
415.00	137.00	124.98	0.0080014	255.50	365.12	5.4019	0.69901	1.0375	409.48	0.088811	2.9167e-05	0.039671	supercritical
416.00	137.00	124.64	0.0080229	256.25	366.16	5.4044	0.69923	1.0373	409.94	0.088255	2.9209e-05	0.039729	supercritical
417.00	137.00	124.31	0.0080443	256.99	367.20	5.4069	0.69946	1.0370	410.41	0.087702	2.9251e-05	0.039788	supercritical
418.00	137.00	123.98	0.0080658	257.73	368.23	5.4094	0.69968	1.0367	410.87	0.087152	2.9293e-05	0.039846	supercritical
419.00	137.00	123.65	0.0080873	258.48	369.27	5.4118	0.69991	1.0365	411.33	0.086604	2.9336e-05	0.039905	supercritical
420.00	137.00	123.32	0.0081087	259.22	370.31	5.4143	0.70013	1.0362	411.80	0.086059	2.9378e-05	0.039963	supercritical
421.00	137.00	123.00	0.0081301	259.96	371.34	5.4168	0.70036	1.0360	412.26	0.085517	2.9420e-05	0.040022	supercritical
422.00	137.00	122.68	0.0081515	260.70	372.38	5.4192	0.70059	1.0358	412.72	0.084978	2.9462e-05	0.040081	supercritical
423.00	137.00	122.36	0.0081729	261.45	373.41	5.4217	0.70082	1.0355	413.18	0.084441	2.9504e-05	0.040139	supercritical
424.00	137.00	122.04	0.0081943	262.19	374.45	5.4241	0.70105	1.0353	413.64	0.083907	2.9546e-05	0.040198	supercritical
425.00	137.00	121.72	0.0082157	262.93	375.49	5.4266	0.70129	1.0351	414.09	0.083376	2.9588e-05	0.040257	supercritical
426.00	137.00	121.40	0.0082370	263.67	376.52	5.4290	0.70152	1.0349	414.55	0.082847	2.9630e-05	0.040316	supercritical
427.00	137.00	121.09	0.0082584	264.42	377.56	5.4314	0.70175	1.0347	415.01	0.082321	2.9672e-05	0.040375	supercritical
428.00	137.00	120.78	0.0082797	265.16	378.59	5.4339	0.70199	1.0345	415.46	0.081798	2.9714e-05	0.040433	supercritical
429.00	137.00	120.47	0.0083010	265.90	379.62	5.4363	0.70223	1.0343	415.91	0.081277	2.9756e-05	0.040492	supercritical
430.00	137.00	120.16	0.0083223	266.64	380.66	5.4387	0.70247	1.0341	416.37	0.080759	2.9798e-05	0.040551	supercritical
431.00	137.00	119.85	0.0083436	267.38	381.69	5.4411	0.70270	1.0339	416.82	0.080244	2.9840e-05	0.040610	supercritical
432.00	137.00	119.55	0.0083649	268.13	382.73	5.4435	0.70294	1.0337	417.27	0.079730	2.9882e-05	0.040669	supercritical
433.00	137.00	119.24	0.0083862	268.87	383.76	5.4459	0.70319	1.0335	417.72	0.079220	2.9924e-05	0.040728	supercritical
434.00	137.00	118.94	0.0084074	269.61	384.79	5.4482	0.70343	1.0333	418.17	0.078712	2.9966e-05	0.040787	supercritical
435.00	137.00	118.64	0.0084286	270.35	385.83	5.4506	0.70367	1.0332	418.62	0.078207	3.0008e-05	0.040846	supercritical
436.00	137.00	118.35	0.0084499	271.10	386.86	5.4530	0.70392	1.0330	419.07	0.077704	3.0050e-05	0.040905	supercritical
437.00	137.00	118.05	0.0084711	271.84	387.89	5.4554	0.70416	1.0329	419.52	0.077203	3.0092e-05	0.040965	supercritical
438.00	137.00	117.75	0.0084923	272.58	388.93	5.4577	0.70441	1.0327	419.96	0.076705	3.0134e-05	0.041024	supercritical
439.00	137.00	117.46	0.0085135	273.32	389.96	5.4601	0.70465	1.0325	420.41	0.076210	3.0175e-05	0.041083	supercritical
440.00	137.00	117.17	0.0085347	274.07	390.99	5.4624	0.70490	1.0324	420.85	0.075716	3.0217e-05	0.041142	supercritical
441.00	137.00	116.88	0.0085558	274.81	392.02	5.4648	0.70515	1.0323	421.30	0.075226	3.0259e-05	0.041201	supercritical
442.00	137.00	116.59	0.0085770	275.55	393.05	5.4671	0.70540	1.0321	421.74	0.074737	3.0301e-05	0.041261	supercritical
443.00	137.00	116.30	0.0085981	276.29	394.09	5.4694	0.70565	1.0320	422.18	0.074252	3.0343e-05	0.041320	supercritical
444.00	137.00	116.02	0.0086193	277.03	395.12	5.4718	0.70590	1.0319	422.63	0.073768	3.0384e-05	0.041379	supercritical
445.00	137.00	115.74	0.0086404	277.78	396.15	5.4741	0.70615	1.0317	423.07	0.073287	3.0426e-05	0.041438	supercritical
446.00	137.00	115.45	0.0086615	278.52	397.18	5.4764	0.70641	1.0316	423.51	0.072808	3.0468e-05	0.041498	supercritical
447.00	137.00	115.17	0.0086826	279.26	398.21	5.4787	0.70666	1.0315	423.95	0.072332	3.0509e-05	0.041557	supercritical
448.00	137.00	114.89	0.0087037	280.00	399.25	5.4810	0.70691	1.0314	424.39	0.071857	3.0551e-05	0.041616	supercritical
449.00	137.00	114.62	0.0087248	280.75	400.28	5.4833	0.70717	1.0313	424.82	0.071386	3.0593e-05	0.041676	supercritical
450.00	137.00	114.34	0.0087458	281.49	401.31	5.4856	0.70743	1.0312	425.26	0.070916	3.0634e-05	0.041735	supercritical
451.00	137.00	114.07	0.0087669	282.23	402.34	5.4879	0.70768	1.0311	425.70	0.070449	3.0676e-05	0.041794	supercritical
452.00	137.00	113.79	0.0087879	282.98	403.37	5.4902	0.70794	1.0310	426.13	0.069984	3.0718e-05	0.041854	supercritical
453.00	137.00	113.52	0.0088090	283.72	404.40	5.4925	0.70820	1.0309	426.57	0.069521	3.0759e-05	0.041913	supercritical
454.00	137.00	113.25	0.0088300	284.46	405.43	5.4947	0.70846	1.0308	427.00	0.069061	3.0801e-05	0.041973	supercritical
455.00	137.00	112.98	0.0088510	285.20	406.46	5.4970	0.70872	1.0307	427.44	0.068602	3.0842e-05	0.042032	supercritical
456.00	137.00	112.71	0.0088720	285.95	407.49	5.4993	0.70898	1.0306	427.87	0.068146	3.0884e-05	0.042092	supercritical
457.00	137.00	112.45	0.0088930	286.69	408.52	5.5015	0.70924	1.0305	428.30	0.067692	3.0925e-05	0.042151	supercritical
458.00	137.00	112.18	0.0089140	287.43	409.55	5.5038	0.70950	1.0305	428.73	0.067241	3.0967e-05	0.042211	supercritical
459.00	137.00	111.92	0.0089349	288.18	410.58	5.5060	0.70976	1.0304	429.16	0.066791	3.1008e-05	0.042270	supercritical
460.00	137.00	111.66	0.0089559	288.92	411.61	5.5083	0.71003	1.0303	429.59	0.066344	3.1050e-05	0.042330	supercritical
461.00	137.00	111.40	0.0089768	289.66	412.65	5.5105	0.71029	1.0302	430.02	0.065899	3.1091e-05	0.042389	supercritical
462.00	137.00	111.14	0.0089978	290.41	413.68	5.5127	0.71055	1.0302	430.45	0.065456	3.1132e-05	0.042449	supercritical
463.00	137.00	110.88	0.0090187	291.15	414.71	5.5150	0.71082	1.0301	430.88	0.065015	3.1174e-05	0.042509	supercritical
464.00	137.00	110.62	0.0090396	291.89	415.74	5.5172	0.71108	1.0301	431.30	0.064576	3.1215e-05	0.042568	supercritical
465.00	137.00	110.37	0.0090605	292.64	416.77	5.5194	0.71135	1.0300	431.73	0.064139	3.1256e-05	0.042628	supercritical
466.00	137.00	110.11	0.0090814	293.38	417.80	5.5216	0.71162	1.0300	432.16	0.063704	3.1298e-05	0.042687	supercritical
467.00	137.00	109.86	0.0091023	294.12	418.83	5.5238	0.71188	1.0299	432.58	0.063272	3.1339e-05	0.042747	supercritical
468.00	137.00	109.61	0.0091232	294.87	419.86	5.5260	0.71215	1.0299	433.00	0.062841	3.1380e-05	0.042807	supercritical
469.00	137.00	109.36	0.0091441	295.61	420.89	5.5282	0.71242	1.0298	433.43	0.062413	3.1421e-05	0.042866	supercritical
470.00	137.00	109.11	0.0091650	296.36	421.92	5.5304	0.71269	1.0298	433.85	0.061986	3.1463e-05	0.042926	supercritical
471.00	137.00	108.86	0.0091858	297.10	422.94	5.5326	0.71296	1.0298	434.27	0.061562	3.1504e-05	0.042986	supercritical
472.00	137.00	108.62	0.0092067	297.84	423.97	5.5348	0.71323	1.0297	434.69	0.061140	3.1545e-05	0.043045	supercritical
473.00	137.00	108.37	0.0092275	298.59	425.00	5.5370	0.71350	1.0297	435.12	0.060719	3.1586e-05	0.043105	supercritical
474.00	137.00	108.13	0.0092483	299.33	426.03	5.5391	0.71377	1.0297	435.54	0.060301	3.1627e-05	0.043165	supercritical
475.00	137.00	107.89	0.0092691	300.08	427.06	5.5413	0.71404	1.0297	435.95	0.059884	3.1668e-05	0.043224	supercritical
476.00	137.00	107.64	0.0092899	300.82	428.09	5.5435	0.71431	1.0296	436.37	0.059470	3.1709e-05	0.043284	supercritical
477.00	137.00	107.40	0.0093107	301.57	429.12	5.5456	0.71459	1.0296	436.79	0.059057	3.1750e-05	0.043344	supercritical
478.00	137.00	107.16	0.0093315	302.31	430.15	5.5478	0.71486	1.0296	437.21	0.058647	3.1791e-05	0.043403	supercritical
479.00	137.00	106.93	0.0093523	303.06	431.18	5.5499	0.71513	1.0296	437.63	0.058238	3.1832e-05	0.043463	supercritical
480.00	137.00	106.69	0.0093731	303.80	432.21	5.5521	0.71541	1.0296	438.04	0.057832	3.1873e-05	0.043523	supercritical
481.00	137.00	106.45	0.0093938	304.55	433.24	5.5542	0.71568	1.0296	438.46	0.057427	3.1914e-05	0.043583	supercritical
482.00	137.00	106.22	0.0094146	305.29	434.27	5.5564	0.71596	1.0296	438.87	0.057024	3.1955e-05	0.043642	supercritical
483.00	137.00	105.98	0.0094353	306.04	435.30	5.5585	0.71623	1.0296	439.29	0.056623	3.1996e-05	0.043702	supercritical
484.00	137.00	105.75	0.0094561	306.78	436.33	5.5606	0.71651	1.0296	439.70	0.056224	3.2037e-05	0.043762	supercritical
485.00	137.00	105.52	0.0094768	307.53	437.36	5.5628	0.71678	1.0296	440.11	0.055826	3.2078e-05	0.043822	supercritical
486.00	137.00	105.29	0.0094975	308.27	438.39	5.5649	0.71706	1.0296	440.53	0.055431	3.2119e-05	0.043881	supercritical
487.00	137.00	105.06	0.0095182	309.02	439.42	5.5670	0.71733	1.0296	440.94	0.055037	3.2160e-05	0.043941	supercritical
488.00	137.00	104.83	0.0095389	309.76	440.45	5.5691	0.71761	1.0296	441.35	0.054646	3.2201e-05	0.044001	supercritical
489.00	137.00	104.61	0.0095596	310.51	441.48	5.5712	0.71789	1.0296	441.76	0.054256	3.2241e-05	0.044061	supercritical
490.00	137.00	104.38	0.0095803	311.26	442.51	5.5733	0.71817	1.0296	442.17	0.053867	3.2282e-05	0.044120	supercritical
491.00	137.00	104.16	0.0096010	312.00	443.54	5.5754	0.71844	1.0296	442.58	0.053481	3.2323e-05	0.044180	supercritical
492.00	137.00	103.93	0.0096217	312.75	444.57	5.5775	0.71872	1.0297	442.99	0.053097	3.2364e-05	0.044240	supercritical
493.00	137.00	103.71	0.0096423	313.50	445.60	5.5796	0.71900	1.0297	443.40	0.052714	3.2404e-05	0.044300	supercritical
494.00	137.00	103.49	0.0096630	314.24	446.63	5.5817	0.71928	1.0297	443.80	0.052333	3.2445e-05	0.044360	supercritical
495.00	137.00	103.27	0.0096836	314.99	447.66	5.5838	0.71956	1.0297	444.21	0.051954	3.2485e-05	0.044419	supercritical
496.00	137.00	103.05	0.0097043	315.74	448.69	5.5859	0.71984	1.0298	444.62	0.051576	3.2526e-05	0.044479	supercritical
497.00	137.00	102.83	0.0097249	316.48	449.72	5.5879	0.72012	1.0298	445.02	0.051200	3.2567e-05	0.044539	supercritical
498.00	137.00	102.61	0.0097455	317.23	450.75	5.5900	0.72040	1.0298	445.43	0.050826	3.2607e-05	0.044599	supercritical
499.00	137.00	102.39	0.0097662	317.98	451.78	5.5921	0.72068	1.0299	445.83	0.050454	3.2648e-05	0.044658	supercritical
500.00	137.00	102.18	0.0097868	318.73	452.81	5.5941	0.72096	1.0299	446.24	0.050083	3.2688e-05	0.044718	supercritical
501.00	137.00	101.96	0.0098074	319.47	453.84	5.5962	0.72124	1.0299	446.64	0.049715	3.2729e-05	0.044778	supercritical
502.00	137.00	101.75	0.0098280	320.22	454.87	5.5982	0.72152	1.0300	447.04	0.049347	3.2769e-05	0.044838	supercritical
503.00	137.00	101.54	0.0098485	320.97	455.90	5.6003	0.72180	1.0300	447.45	0.048982	3.2810e-05	0.044898	supercritical
504.00	137.00	101.33	0.0098691	321.72	456.93	5.6023	0.72209	1.0301	447.85	0.048618	3.2850e-05	0.044957	supercritical
505.00	137.00	101.12	0.0098897	322.47	457.96	5.6044	0.72237	1.0301	448.25	0.048256	3.2891e-05	0.045017	supercritical
506.00	137.00	100.91	0.0099103	323.21	458.99	5.6064	0.72265	1.0302	448.65	0.047895	3.2931e-05	0.045077	supercritical
507.00	137.00	100.70	0.0099308	323.96	460.02	5.6084	0.72293	1.0302	449.05	0.047536	3.2971e-05	0.045137	supercritical
508.00	137.00	100.49	0.0099514	324.71	461.05	5.6105	0.72321	1.0303	449.45	0.047179	3.3012e-05	0.045197	supercritical
509.00	137.00	100.28	0.0099719	325.46	462.08	5.6125	0.72350	1.0303	449.85	0.046823	3.3052e-05	0.045256	supercritical
510.00	137.00	100.08	0.0099924	326.21	463.11	5.6145	0.72378	1.0304	450.25	0.046469	3.3092e-05	0.045316	supercritical
511.00	137.00	99.870	0.010013	326.96	464.14	5.6165	0.72406	1.0304	450.64	0.046117	3.3132e-05	0.045376	supercritical
512.00	137.00	99.666	0.010033	327.71	465.17	5.6186	0.72435	1.0305	451.04	0.045766	3.3173e-05	0.045436	supercritical
513.00	137.00	99.463	0.010054	328.46	466.20	5.6206	0.72463	1.0306	451.44	0.045417	3.3213e-05	0.045496	supercritical
514.00	137.00	99.260	0.010075	329.21	467.23	5.6226	0.72491	1.0306	451.83	0.045069	3.3253e-05	0.045555	supercritical
515.00	137.00	99.059	0.010095	329.96	468.26	5.6246	0.72520	1.0307	452.23	0.044723	3.3293e-05	0.045615	supercritical
516.00	137.00	98.858	0.010116	330.71	469.29	5.6266	0.72548	1.0308	452.63	0.044378	3.3333e-05	0.045675	supercritical
517.00	137.00	98.658	0.010136	331.46	470.32	5.6286	0.72576	1.0308	453.02	0.044035	3.3374e-05	0.045735	supercritical
518.00	137.00	98.459	0.010156	332.21	471.35	5.6306	0.72605	1.0309	453.41	0.043694	3.3414e-05	0.045795	supercritical
519.00	137.00	98.261	0.010177	332.96	472.38	5.6326	0.72633	1.0310	453.81	0.043354	3.3454e-05	0.045854	supercritical
520.00	137.00	98.064	0.010197	333.71	473.41	5.6345	0.72662	1.0311	454.20	0.043015	3.3494e-05	0.045914	supercritical
521.00	137.00	97.868	0.010218	334.46	474.44	5.6365	0.72690	1.0311	454.59	0.042679	3.3534e-05	0.045974	supercritical
522.00	137.00	97.672	0.010238	335.21	475.48	5.6385	0.72718	1.0312	454.99	0.042343	3.3574e-05	0.046034	supercritical
523.00	137.00	97.477	0.010259	335.96	476.51	5.6405	0.72747	1.0313	455.38	0.042009	3.3614e-05	0.046093	supercritical
524.00	137.00	97.284	0.010279	336.71	477.54	5.6424	0.72775	1.0314	455.77	0.041677	3.3654e-05	0.046153	supercritical
525.00	137.00	97.091	0.010300	337.46	478.57	5.6444	0.72804	1.0314	456.16	0.041346	3.3694e-05	0.046213	supercritical
526.00	137.00	96.898	0.010320	338.22	479.60	5.6464	0.72832	1.0315	456.55	0.041016	3.3734e-05	0.046273	supercritical
527.00	137.00	96.707	0.010341	338.97	480.63	5.6483	0.72861	1.0316	456.94	0.040688	3.3773e-05	0.046332	supercritical
528.00	137.00	96.517	0.010361	339.72	481.66	5.6503	0.72889	1.0317	457.33	0.040362	3.3813e-05	0.046392	supercritical
529.00	137.00	96.327	0.010381	340.47	482.70	5.6522	0.72918	1.0318	457.72	0.040037	3.3853e-05	0.046452	supercritical
530.00	137.00	96.138	0.010402	341.22	483.73	5.6542	0.72946	1.0319	458.10	0.039713	3.3893e-05	0.046512	supercritical
531.00	137.00	95.950	0.010422	341.98	484.76	5.6561	0.72975	1.0320	458.49	0.039391	3.3933e-05	0.046571	supercritical
532.00	137.00	95.762	0.010443	342.73	485.79	5.6581	0.73003	1.0321	458.88	0.039070	3.3972e-05	0.046631	supercritical
533.00	137.00	95.576	0.010463	343.48	486.82	5.6600	0.73032	1.0321	459.26	0.038751	3.4012e-05	0.046691	supercritical
534.00	137.00	95.390	0.010483	344.24	487.86	5.6619	0.73060	1.0322	459.65	0.038433	3.4052e-05	0.046751	supercritical
535.00	137.00	95.205	0.010504	344.99	488.89	5.6639	0.73089	1.0323	460.04	0.038116	3.4092e-05	0.046810	supercritical
536.00	137.00	95.021	0.010524	345.74	489.92	5.6658	0.73117	1.0324	460.42	0.037801	3.4131e-05	0.046870	supercritical
537.00	137.00	94.837	0.010544	346.50	490.95	5.6677	0.73146	1.0325	460.81	0.037487	3.4171e-05	0.046930	supercritical
538.00	137.00	94.655	0.010565	347.25	491.99	5.6697	0.73175	1.0326	461.19	0.037175	3.4210e-05	0.046989	supercritical
539.00	137.00	94.473	0.010585	348.00	493.02	5.6716	0.73203	1.0327	461.57	0.036863	3.4250e-05	0.047049	supercritical
540.00	137.00	94.291	0.010605	348.76	494.05	5.6735	0.73232	1.0328	461.96	0.036554	3.4290e-05	0.047109	supercritical
541.00	137.00	94.111	0.010626	349.51	495.08	5.6754	0.73260	1.0329	462.34	0.036245	3.4329e-05	0.047168	supercritical
542.00	137.00	93.931	0.010646	350.27	496.12	5.6773	0.73289	1.0330	462.72	0.035938	3.4369e-05	0.047228	supercritical
543.00	137.00	93.752	0.010666	351.02	497.15	5.6792	0.73317	1.0331	463.10	0.035633	3.4408e-05	0.047288	supercritical
544.00	137.00	93.574	0.010687	351.78	498.18	5.6811	0.73346	1.0332	463.48	0.035328	3.4448e-05	0.047347	supercritical
545.00	137.00	93.397	0.010707	352.53	499.22	5.6830	0.73374	1.0334	463.86	0.035025	3.4487e-05	0.047407	supercritical
546.00	137.00	93.220	0.010727	353.29	500.25	5.6849	0.73403	1.0335	464.24	0.034723	3.4526e-05	0.047467	supercritical
547.00	137.00	93.044	0.010748	354.04	501.28	5.6868	0.73431	1.0336	464.62	0.034423	3.4566e-05	0.047526	supercritical
548.00	137.00	92.868	0.010768	354.80	502.32	5.6887	0.73460	1.0337	465.00	0.034124	3.4605e-05	0.047586	supercritical
549.00	137.00	92.694	0.010788	355.55	503.35	5.6906	0.73488	1.0338	465.38	0.033826	3.4645e-05	0.047646	supercritical
550.00	137.00	92.520	0.010809	356.31	504.39	5.6924	0.73517	1.0339	465.76	0.033530	3.4684e-05	0.047705	supercritical
551.00	137.00	92.346	0.010829	357.06	505.42	5.6943	0.73545	1.0340	466.14	0.033234	3.4723e-05	0.047765	supercritical
552.00	137.00	92.174	0.010849	357.82	506.45	5.6962	0.73574	1.0341	466.52	0.032940	3.4762e-05	0.047824	supercritical
553.00	137.00	92.002	0.010869	358.58	507.49	5.6981	0.73602	1.0342	466.89	0.032648	3.4802e-05	0.047884	supercritical
554.00	137.00	91.831	0.010890	359.33	508.52	5.6999	0.73631	1.0344	467.27	0.032356	3.4841e-05	0.047944	supercritical
555.00	137.00	91.660	0.010910	360.09	509.56	5.7018	0.73659	1.0345	467.65	0.032066	3.4880e-05	0.048003	supercritical
556.00	137.00	91.490	0.010930	360.85	510.59	5.7037	0.73687	1.0346	468.02	0.031777	3.4919e-05	0.048063	supercritical
557.00	137.00	91.321	0.010950	361.61	511.63	5.7055	0.73716	1.0347	468.40	0.031489	3.4958e-05	0.048122	supercritical
558.00	137.00	91.153	0.010971	362.36	512.66	5.7074	0.73744	1.0348	468.77	0.031203	3.4998e-05	0.048182	supercritical
559.00	137.00	90.985	0.010991	363.12	513.69	5.7092	0.73773	1.0350	469.15	0.030917	3.5037e-05	0.048241	supercritical
560.00	137.00	90.818	0.011011	363.88	514.73	5.7111	0.73801	1.0351	469.52	0.030633	3.5076e-05	0.048301	supercritical
561.00	137.00	90.651	0.011031	364.64	515.77	5.7129	0.73830	1.0352	469.90	0.030350	3.5115e-05	0.048360	supercritical
562.00	137.00	90.485	0.011052	365.39	516.80	5.7148	0.73858	1.0353	470.27	0.030069	3.5154e-05	0.048420	supercritical
563.00	137.00	90.320	0.011072	366.15	517.84	5.7166	0.73886	1.0355	470.64	0.029788	3.5193e-05	0.048480	supercritical
564.00	137.00	90.156	0.011092	366.91	518.87	5.7185	0.73915	1.0356	471.01	0.029509	3.5232e-05	0.048539	supercritical
565.00	137.00	89.992	0.011112	367.67	519.91	5.7203	0.73943	1.0357	471.39	0.029231	3.5271e-05	0.048599	supercritical
566.00	137.00	89.828	0.011132	368.43	520.94	5.7221	0.73971	1.0358	471.76	0.028954	3.5310e-05	0.048658	supercritical
567.00	137.00	89.666	0.011153	369.19	521.98	5.7240	0.74000	1.0360	472.13	0.028678	3.5349e-05	0.048718	supercritical
568.00	137.00	89.504	0.011173	369.95	523.01	5.7258	0.74028	1.0361	472.50	0.028404	3.5388e-05	0.048777	supercritical
569.00	137.00	89.342	0.011193	370.71	524.05	5.7276	0.74056	1.0362	472.87	0.028130	3.5427e-05	0.048836	supercritical
570.00	137.00	89.181	0.011213	371.47	525.09	5.7294	0.74085	1.0364	473.24	0.027858	3.5465e-05	0.048896	supercritical
571.00	137.00	89.021	0.011233	372.23	526.12	5.7312	0.74113	1.0365	473.61	0.027587	3.5504e-05	0.048955	supercritical
572.00	137.00	88.862	0.011253	372.99	527.16	5.7330	0.74141	1.0366	473.98	0.027317	3.5543e-05	0.049015	supercritical
573.00	137.00	88.703	0.011274	373.75	528.20	5.7349	0.74169	1.0368	474.35	0.027048	3.5582e-05	0.049074	supercritical
574.00	137.00	88.544	0.011294	374.51	529.23	5.7367	0.74197	1.0369	474.71	0.026780	3.5621e-05	0.049134	supercritical
575.00	137.00	88.387	0.011314	375.27	530.27	5.7385	0.74226	1.0370	475.08	0.026514	3.5659e-05	0.049193	supercritical
576.00	137.00	88.229	0.011334	376.03	531.31	5.7403	0.74254	1.0372	475.45	0.026248	3.5698e-05	0.049252	supercritical
577.00	137.00	88.073	0.011354	376.79	532.34	5.7421	0.74282	1.0373	475.82	0.025984	3.5737e-05	0.049312	supercritical
578.00	137.00	87.917	0.011374	377.55	533.38	5.7439	0.74310	1.0374	476.18	0.025721	3.5775e-05	0.049371	supercritical
579.00	137.00	87.761	0.011395	378.31	534.42	5.7457	0.74338	1.0376	476.55	0.025459	3.5814e-05	0.049431	supercritical
580.00	137.00	87.607	0.011415	379.08	535.46	5.7475	0.74366	1.0377	476.92	0.025197	3.5853e-05	0.049490	supercritical
581.00	137.00	87.452	0.011435	379.84	536.50	5.7492	0.74395	1.0379	477.28	0.024937	3.5891e-05	0.049549	supercritical
582.00	137.00	87.299	0.011455	380.60	537.53	5.7510	0.74423	1.0380	477.65	0.024678	3.5930e-05	0.049609	supercritical
583.00	137.00	87.146	0.011475	381.36	538.57	5.7528	0.74451	1.0381	478.01	0.024421	3.5968e-05	0.049668	supercritical
584.00	137.00	86.993	0.011495	382.13	539.61	5.7546	0.74479	1.0383	478.37	0.024164	3.6007e-05	0.049727	supercritical
585.00	137.00	86.841	0.011515	382.89	540.65	5.7564	0.74507	1.0384	478.74	0.023908	3.6045e-05	0.049787	supercritical
586.00	137.00	86.690	0.011535	383.65	541.69	5.7581	0.74535	1.0386	479.10	0.023653	3.6084e-05	0.049846	supercritical
587.00	137.00	86.539	0.011555	384.42	542.72	5.7599	0.74563	1.0387	479.46	0.023400	3.6122e-05	0.049905	supercritical
588.00	137.00	86.389	0.011576	385.18	543.76	5.7617	0.74591	1.0388	479.83	0.023147	3.6161e-05	0.049965	supercritical
589.00	137.00	86.239	0.011596	385.94	544.80	5.7634	0.74619	1.0390	480.19	0.022896	3.6199e-05	0.050024	supercritical
590.00	137.00	86.090	0.011616	386.71	545.84	5.7652	0.74646	1.0391	480.55	0.022645	3.6237e-05	0.050083	supercritical
591.00	137.00	85.941	0.011636	387.47	546.88	5.7670	0.74674	1.0393	480.91	0.022396	3.6276e-05	0.050142	supercritical
592.00	137.00	85.793	0.011656	388.23	547.92	5.7687	0.74702	1.0394	481.27	0.022147	3.6314e-05	0.050202	supercritical
593.00	137.00	85.646	0.011676	389.00	548.96	5.7705	0.74730	1.0396	481.64	0.021900	3.6352e-05	0.050261	supercritical
594.00	137.00	85.499	0.011696	389.76	550.00	5.7722	0.74758	1.0397	482.00	0.021653	3.6391e-05	0.050320	supercritical
595.00	137.00	85.353	0.011716	390.53	551.04	5.7740	0.74786	1.0399	482.36	0.021408	3.6429e-05	0.050379	supercritical
596.00	137.00	85.207	0.011736	391.29	552.08	5.7757	0.74813	1.0400	482.72	0.021164	3.6467e-05	0.050438	supercritical
597.00	137.00	85.061	0.011756	392.06	553.12	5.7775	0.74841	1.0402	483.07	0.020920	3.6505e-05	0.050498	supercritical
598.00	137.00	84.916	0.011776	392.82	554.16	5.7792	0.74869	1.0403	483.43	0.020678	3.6544e-05	0.050557	supercritical
599.00	137.00	84.772	0.011796	393.59	555.20	5.7809	0.74897	1.0405	483.79	0.020436	3.6582e-05	0.050616	supercritical
600.00	137.00	84.628	0.011816	394.36	556.24	5.7827	0.74924	1.0406	484.15	0.020196	3.6620e-05	0.050675	supercritical
