Temperature (K)	Pressure (bar)	Density (kg/m3)	Volume (m3/kg)	Internal Energy (kJ/kg)	Enthalpy (kJ/kg)	Entropy (J/g*K)	Cv (J/g*K)	Cp (J/g*K)	Sound Spd. (m/s)	Joule-Thomson (K/bar)	Viscosity (Pa*s)	Therm. Cond. (W/m*K)	Phase
60.000	159.00	1300.3	0.00076906	-186.54	-174.31	2.2166	1.0946	1.6425	1169.8	-0.037933	0.00065361	0.20026	liquid
61.000	159.00	1296.2	0.00077150	-184.93	-172.67	2.2437	1.0878	1.6453	1165.8	-0.037770	0.00062299	0.19899	liquid
62.000	159.00	1292.0	0.00077398	-183.32	-171.02	2.2705	1.0817	1.6475	1161.2	-0.037626	0.00059440	0.19772	liquid
63.000	159.00	1287.9	0.00077647	-181.72	-169.37	2.2969	1.0760	1.6492	1156.1	-0.037500	0.00056770	0.19645	liquid
64.000	159.00	1283.7	0.00077899	-180.11	-167.72	2.3229	1.0707	1.6504	1150.6	-0.037388	0.00054275	0.19518	liquid
65.000	159.00	1279.5	0.00078153	-178.50	-166.07	2.3485	1.0656	1.6512	1144.7	-0.037288	0.00051941	0.19391	liquid
66.000	159.00	1275.4	0.00078409	-176.89	-164.42	2.3737	1.0607	1.6516	1138.5	-0.037198	0.00049758	0.19264	liquid
67.000	159.00	1271.2	0.00078668	-175.27	-162.77	2.3985	1.0559	1.6517	1132.2	-0.037116	0.00047712	0.19137	liquid
68.000	159.00	1267.0	0.00078928	-173.66	-161.11	2.4230	1.0512	1.6515	1125.7	-0.037039	0.00045795	0.19010	liquid
69.000	159.00	1262.8	0.00079190	-172.05	-159.46	2.4471	1.0466	1.6511	1119.1	-0.036966	0.00043996	0.18883	liquid
70.000	159.00	1258.6	0.00079454	-170.45	-157.81	2.4708	1.0421	1.6506	1112.3	-0.036896	0.00042307	0.18756	liquid
71.000	159.00	1254.4	0.00079720	-168.84	-156.16	2.4943	1.0376	1.6499	1105.5	-0.036827	0.00040720	0.18629	liquid
72.000	159.00	1250.2	0.00079988	-167.23	-154.51	2.5173	1.0331	1.6491	1098.6	-0.036758	0.00039226	0.18503	liquid
73.000	159.00	1246.0	0.00080258	-165.63	-152.86	2.5401	1.0287	1.6482	1091.7	-0.036688	0.00037820	0.18376	liquid
74.000	159.00	1241.8	0.00080530	-164.02	-151.22	2.5625	1.0243	1.6473	1084.8	-0.036616	0.00036495	0.18249	liquid
75.000	159.00	1237.6	0.00080804	-162.42	-149.57	2.5846	1.0199	1.6463	1077.9	-0.036542	0.00035245	0.18122	liquid
76.000	159.00	1233.3	0.00081081	-160.82	-147.92	2.6064	1.0156	1.6454	1070.9	-0.036464	0.00034064	0.17996	liquid
77.000	159.00	1229.1	0.00081359	-159.22	-146.28	2.6279	1.0113	1.6444	1063.9	-0.036382	0.00032948	0.17869	liquid
78.000	159.00	1224.9	0.00081640	-157.62	-144.63	2.6491	1.0070	1.6435	1057.0	-0.036295	0.00031892	0.17742	liquid
79.000	159.00	1220.7	0.00081923	-156.02	-142.99	2.6700	1.0028	1.6427	1050.0	-0.036203	0.00030891	0.17615	liquid
80.000	159.00	1216.4	0.00082208	-154.42	-141.35	2.6907	0.99858	1.6419	1043.0	-0.036106	0.00029943	0.17489	liquid
81.000	159.00	1212.2	0.00082496	-152.82	-139.71	2.7111	0.99443	1.6411	1036.1	-0.036002	0.00029043	0.17362	liquid
82.000	159.00	1207.9	0.00082787	-151.23	-138.07	2.7312	0.99032	1.6405	1029.1	-0.035892	0.00028189	0.17235	liquid
83.000	159.00	1203.7	0.00083079	-149.64	-136.43	2.7511	0.98625	1.6399	1022.2	-0.035776	0.00027376	0.17108	liquid
84.000	159.00	1199.4	0.00083375	-148.04	-134.79	2.7707	0.98222	1.6394	1015.3	-0.035652	0.00026603	0.16981	liquid
85.000	159.00	1195.1	0.00083673	-146.45	-133.15	2.7901	0.97824	1.6390	1008.3	-0.035521	0.00025867	0.16855	liquid
86.000	159.00	1190.8	0.00083974	-144.86	-131.51	2.8093	0.97430	1.6387	1001.4	-0.035382	0.00025164	0.16728	liquid
87.000	159.00	1186.6	0.00084277	-143.27	-129.87	2.8282	0.97040	1.6384	994.54	-0.035236	0.00024494	0.16601	liquid
88.000	159.00	1182.3	0.00084584	-141.68	-128.23	2.8470	0.96656	1.6383	987.66	-0.035081	0.00023854	0.16474	liquid
89.000	159.00	1177.9	0.00084894	-140.09	-126.59	2.8655	0.96276	1.6383	980.78	-0.034919	0.00023242	0.16347	liquid
90.000	159.00	1173.6	0.00085206	-138.50	-124.96	2.8838	0.95900	1.6384	973.91	-0.034747	0.00022656	0.16220	liquid
91.000	159.00	1169.3	0.00085522	-136.92	-123.32	2.9019	0.95530	1.6386	967.05	-0.034567	0.00022095	0.16093	liquid
92.000	159.00	1164.9	0.00085841	-135.33	-121.68	2.9198	0.95164	1.6389	960.20	-0.034378	0.00021558	0.15965	liquid
93.000	159.00	1160.6	0.00086163	-133.74	-120.04	2.9375	0.94803	1.6393	953.36	-0.034180	0.00021041	0.15838	liquid
94.000	159.00	1156.2	0.00086489	-132.15	-118.40	2.9551	0.94447	1.6398	946.53	-0.033973	0.00020546	0.15711	liquid
95.000	159.00	1151.8	0.00086818	-130.56	-116.76	2.9724	0.94095	1.6404	939.70	-0.033756	0.00020070	0.15584	liquid
96.000	159.00	1147.4	0.00087151	-128.98	-115.12	2.9896	0.93748	1.6411	932.87	-0.033529	0.00019611	0.15457	liquid
97.000	159.00	1143.0	0.00087488	-127.39	-113.48	3.0066	0.93405	1.6419	926.06	-0.033293	0.00019170	0.15329	liquid
98.000	159.00	1138.6	0.00087828	-125.80	-111.84	3.0234	0.93067	1.6429	919.24	-0.033046	0.00018745	0.15202	liquid
99.000	159.00	1134.1	0.00088172	-124.21	-110.19	3.0401	0.92734	1.6439	912.43	-0.032789	0.00018335	0.15075	liquid
100.00	159.00	1129.7	0.00088520	-122.62	-108.55	3.0567	0.92405	1.6451	905.63	-0.032520	0.00017940	0.14948	liquid
101.00	159.00	1125.2	0.00088872	-121.03	-106.90	3.0730	0.92081	1.6464	898.82	-0.032242	0.00017558	0.14820	liquid
102.00	159.00	1120.7	0.00089229	-119.44	-105.25	3.0893	0.91761	1.6478	892.02	-0.031951	0.00017189	0.14693	liquid
103.00	159.00	1116.2	0.00089590	-117.85	-103.61	3.1053	0.91445	1.6493	885.22	-0.031650	0.00016831	0.14566	liquid
104.00	159.00	1111.7	0.00089955	-116.26	-101.96	3.1213	0.91134	1.6509	878.42	-0.031336	0.00016486	0.14439	liquid
105.00	159.00	1107.1	0.00090325	-114.67	-100.30	3.1371	0.90827	1.6526	871.63	-0.031011	0.00016151	0.14311	liquid
106.00	159.00	1102.5	0.00090699	-113.07	-98.651	3.1528	0.90524	1.6544	864.83	-0.030673	0.00015826	0.14184	liquid
107.00	159.00	1098.0	0.00091079	-111.48	-96.996	3.1683	0.90225	1.6564	858.03	-0.030322	0.00015511	0.14057	liquid
108.00	159.00	1093.3	0.00091463	-109.88	-95.338	3.1837	0.89931	1.6584	851.24	-0.029958	0.00015206	0.13930	liquid
109.00	159.00	1088.7	0.00091852	-108.28	-93.679	3.1990	0.89640	1.6606	844.44	-0.029581	0.00014909	0.13803	liquid
110.00	159.00	1084.0	0.00092247	-106.68	-92.017	3.2142	0.89354	1.6629	837.64	-0.029190	0.00014620	0.13676	liquid
111.00	159.00	1079.4	0.00092647	-105.08	-90.353	3.2293	0.89071	1.6653	830.84	-0.028785	0.00014340	0.13549	liquid
112.00	159.00	1074.7	0.00093053	-103.48	-88.686	3.2442	0.88792	1.6679	824.03	-0.028365	0.00014067	0.13423	liquid
113.00	159.00	1069.9	0.00093464	-101.88	-87.017	3.2590	0.88518	1.6705	817.23	-0.027930	0.00013801	0.13296	liquid
114.00	159.00	1065.2	0.00093881	-100.27	-85.345	3.2738	0.88247	1.6733	810.42	-0.027480	0.00013542	0.13169	liquid
115.00	159.00	1060.4	0.00094304	-98.665	-83.670	3.2884	0.87980	1.6763	803.61	-0.027013	0.00013290	0.13044	liquid
116.00	159.00	1055.6	0.00094734	-97.055	-81.992	3.3029	0.87717	1.6793	796.79	-0.026530	0.00013044	0.12918	liquid
117.00	159.00	1050.8	0.00095170	-95.444	-80.312	3.3174	0.87457	1.6825	789.97	-0.026030	0.00012804	0.12792	liquid
118.00	159.00	1045.9	0.00095612	-93.830	-78.627	3.3317	0.87201	1.6858	783.15	-0.025513	0.00012570	0.12667	liquid
119.00	159.00	1041.0	0.00096061	-92.214	-76.940	3.3459	0.86950	1.6893	776.32	-0.024977	0.00012341	0.12542	liquid
120.00	159.00	1036.1	0.00096518	-90.595	-75.249	3.3601	0.86701	1.6929	769.49	-0.024422	0.00012117	0.12417	liquid
121.00	159.00	1031.1	0.00096981	-88.974	-73.554	3.3741	0.86457	1.6966	762.65	-0.023848	0.00011899	0.12292	liquid
122.00	159.00	1026.1	0.00097452	-87.350	-71.856	3.3881	0.86216	1.7005	755.81	-0.023253	0.00011685	0.12168	liquid
123.00	159.00	1021.1	0.00097930	-85.724	-70.153	3.4020	0.85979	1.7045	748.97	-0.022638	0.00011476	0.12043	liquid
124.00	159.00	1016.1	0.00098417	-84.095	-68.447	3.4158	0.85745	1.7087	742.12	-0.022002	0.00011272	0.11919	liquid
125.00	159.00	1011.0	0.00098912	-82.463	-66.736	3.4296	0.85515	1.7131	735.26	-0.021342	0.00011072	0.11795	liquid
126.00	159.00	1005.9	0.00099415	-80.827	-65.020	3.4432	0.85289	1.7176	728.40	-0.020660	0.00010876	0.11672	liquid
127.00	159.00	1000.7	0.00099926	-79.189	-63.301	3.4568	0.85066	1.7222	721.54	-0.019954	0.00010684	0.11549	liquid
128.00	159.00	995.55	0.0010045	-77.547	-61.576	3.4704	0.84848	1.7271	714.67	-0.019223	0.00010496	0.11426	liquid
129.00	159.00	990.32	0.0010098	-75.902	-59.846	3.4838	0.84632	1.7321	707.79	-0.018466	0.00010311	0.11304	liquid
130.00	159.00	985.06	0.0010152	-74.253	-58.112	3.4972	0.84421	1.7373	700.91	-0.017682	0.00010130	0.11181	liquid
131.00	159.00	979.75	0.0010207	-72.600	-56.372	3.5106	0.84213	1.7427	694.02	-0.016870	9.9530e-05	0.11060	liquid
132.00	159.00	974.41	0.0010263	-70.944	-54.626	3.5238	0.84008	1.7483	687.13	-0.016030	9.7790e-05	0.10938	liquid
133.00	159.00	969.02	0.0010320	-69.283	-52.875	3.5370	0.83808	1.7541	680.23	-0.015159	9.6084e-05	0.10817	liquid
134.00	159.00	963.59	0.0010378	-67.619	-51.118	3.5502	0.83611	1.7601	673.33	-0.014257	9.4408e-05	0.10697	liquid
135.00	159.00	958.12	0.0010437	-65.950	-49.355	3.5633	0.83418	1.7663	666.43	-0.013323	9.2764e-05	0.10577	liquid
136.00	159.00	952.60	0.0010498	-64.276	-47.585	3.5764	0.83228	1.7727	659.52	-0.012355	9.1150e-05	0.10457	liquid
137.00	159.00	947.03	0.0010559	-62.599	-45.809	3.5894	0.83043	1.7793	652.60	-0.011351	8.9564e-05	0.10338	liquid
138.00	159.00	941.41	0.0010622	-60.916	-44.026	3.6024	0.82861	1.7862	645.68	-0.010312	8.8007e-05	0.10219	liquid
139.00	159.00	935.75	0.0010687	-59.228	-42.237	3.6153	0.82683	1.7933	638.76	-0.0092339	8.6477e-05	0.10101	liquid
140.00	159.00	930.04	0.0010752	-57.536	-40.440	3.6282	0.82509	1.8007	631.84	-0.0081166	8.4974e-05	0.099839	liquid
141.00	159.00	924.27	0.0010819	-55.838	-38.635	3.6410	0.82339	1.8083	624.91	-0.0069582	8.3497e-05	0.098669	liquid
142.00	159.00	918.45	0.0010888	-54.135	-36.823	3.6538	0.82172	1.8161	617.98	-0.0057569	8.2045e-05	0.097506	liquid
143.00	159.00	912.58	0.0010958	-52.426	-35.003	3.6666	0.82010	1.8243	611.06	-0.0045110	8.0619e-05	0.096348	liquid
144.00	159.00	906.65	0.0011030	-50.712	-33.175	3.6793	0.81852	1.8327	604.13	-0.0032187	7.9216e-05	0.095197	liquid
145.00	159.00	900.66	0.0011103	-48.991	-31.338	3.6920	0.81697	1.8414	597.20	-0.0018779	7.7838e-05	0.094053	liquid
146.00	159.00	894.61	0.0011178	-47.265	-29.492	3.7047	0.81547	1.8503	590.27	-0.00048678	7.6482e-05	0.092915	liquid
147.00	159.00	888.50	0.0011255	-45.532	-27.637	3.7174	0.81401	1.8596	583.35	0.00095681	7.5149e-05	0.091784	liquid
148.00	159.00	882.33	0.0011334	-43.793	-25.772	3.7300	0.81259	1.8692	576.43	0.0024550	7.3839e-05	0.090660	liquid
149.00	159.00	876.09	0.0011414	-42.047	-23.898	3.7426	0.81121	1.8791	569.52	0.0040101	7.2550e-05	0.089544	liquid
150.00	159.00	869.79	0.0011497	-40.294	-22.014	3.7552	0.80987	1.8894	562.62	0.0056243	7.1283e-05	0.088436	liquid
151.00	159.00	863.42	0.0011582	-38.535	-20.119	3.7678	0.80857	1.8999	555.72	0.0073001	7.0037e-05	0.087335	liquid
152.00	159.00	856.99	0.0011669	-36.768	-18.214	3.7804	0.80732	1.9108	548.83	0.0090400	6.8811e-05	0.086243	liquid
153.00	159.00	850.48	0.0011758	-34.993	-16.298	3.7930	0.80611	1.9221	541.96	0.010846	6.7606e-05	0.085159	liquid
154.00	159.00	843.90	0.0011850	-33.211	-14.370	3.8055	0.80494	1.9337	535.10	0.012722	6.6420e-05	0.084083	liquid
155.00	159.00	837.24	0.0011944	-31.421	-12.430	3.8181	0.80382	1.9456	528.26	0.014670	6.5255e-05	0.083016	supercritical
156.00	159.00	830.51	0.0012041	-29.623	-10.479	3.8306	0.80274	1.9579	521.44	0.016692	6.4108e-05	0.081959	supercritical
157.00	159.00	823.70	0.0012140	-27.817	-8.5143	3.8432	0.80170	1.9706	514.65	0.018791	6.2981e-05	0.080910	supercritical
158.00	159.00	816.82	0.0012243	-26.003	-6.5373	3.8557	0.80070	1.9836	507.88	0.020970	6.1872e-05	0.079871	supercritical
159.00	159.00	809.85	0.0012348	-24.180	-4.5470	3.8683	0.79974	1.9970	501.14	0.023233	6.0782e-05	0.078842	supercritical
160.00	159.00	802.80	0.0012456	-22.349	-2.5433	3.8809	0.79883	2.0107	494.44	0.025581	5.9710e-05	0.077822	supercritical
161.00	159.00	795.67	0.0012568	-20.509	-0.52557	3.8934	0.79796	2.0247	487.77	0.028017	5.8656e-05	0.076813	supercritical
162.00	159.00	788.46	0.0012683	-18.660	1.5063	3.9060	0.79712	2.0391	481.15	0.030545	5.7620e-05	0.075814	supercritical
163.00	159.00	781.16	0.0012802	-16.802	3.5528	3.9186	0.79633	2.0538	474.57	0.033166	5.6602e-05	0.074825	supercritical
164.00	159.00	773.77	0.0012924	-14.935	5.6141	3.9312	0.79557	2.0689	468.05	0.035883	5.5602e-05	0.073848	supercritical
165.00	159.00	766.30	0.0013050	-13.058	7.6906	3.9438	0.79484	2.0841	461.58	0.038698	5.4618e-05	0.072880	supercritical
166.00	159.00	758.74	0.0013180	-11.173	9.7825	3.9565	0.79415	2.0996	455.18	0.041614	5.3652e-05	0.071924	supercritical
167.00	159.00	751.10	0.0013314	-9.2790	11.890	3.9691	0.79349	2.1153	448.85	0.044631	5.2703e-05	0.070979	supercritical
168.00	159.00	743.37	0.0013452	-7.3759	14.013	3.9818	0.79285	2.1312	442.59	0.047752	5.1771e-05	0.070045	supercritical
169.00	159.00	735.55	0.0013595	-5.4640	16.152	3.9945	0.79225	2.1472	436.42	0.050976	5.0856e-05	0.069123	supercritical
170.00	159.00	727.66	0.0013743	-3.5434	18.308	4.0072	0.79166	2.1631	430.33	0.054304	4.9958e-05	0.068212	supercritical
171.00	159.00	719.68	0.0013895	-1.6146	20.479	4.0200	0.79110	2.1791	424.34	0.057736	4.9077e-05	0.067313	supercritical
172.00	159.00	711.62	0.0014052	0.32225	22.666	4.0327	0.79055	2.1949	418.46	0.061270	4.8212e-05	0.066425	supercritical
173.00	159.00	703.49	0.0014215	2.2666	24.868	4.0455	0.79001	2.2105	412.69	0.064905	4.7364e-05	0.065549	supercritical
174.00	159.00	695.28	0.0014383	4.2180	27.086	4.0583	0.78948	2.2257	407.03	0.068636	4.6533e-05	0.064685	supercritical
175.00	159.00	687.01	0.0014556	6.1757	29.320	4.0711	0.78896	2.2405	401.51	0.072461	4.5720e-05	0.063833	supercritical
176.00	159.00	678.67	0.0014735	8.1391	31.567	4.0839	0.78843	2.2547	396.12	0.076374	4.4923e-05	0.062993	supercritical
177.00	159.00	670.28	0.0014919	10.107	33.829	4.0967	0.78791	2.2682	390.87	0.080370	4.4143e-05	0.062165	supercritical
178.00	159.00	661.85	0.0015109	12.080	36.103	4.1095	0.78738	2.2808	385.78	0.084442	4.3380e-05	0.061349	supercritical
179.00	159.00	653.37	0.0015305	14.055	38.390	4.1223	0.78684	2.2925	380.84	0.088581	4.2635e-05	0.060545	supercritical
180.00	159.00	644.86	0.0015507	16.032	40.688	4.1351	0.78628	2.3031	376.07	0.092780	4.1907e-05	0.059754	supercritical
181.00	159.00	636.34	0.0015715	18.009	42.996	4.1479	0.78571	2.3125	371.47	0.097030	4.1197e-05	0.058974	supercritical
182.00	159.00	627.80	0.0015929	19.986	45.312	4.1607	0.78511	2.3205	367.04	0.10132	4.0504e-05	0.058208	supercritical
183.00	159.00	619.26	0.0016148	21.960	47.636	4.1734	0.78448	2.3271	362.80	0.10564	3.9830e-05	0.057454	supercritical
184.00	159.00	610.73	0.0016374	23.932	49.966	4.1861	0.78382	2.3322	358.74	0.10998	3.9174e-05	0.056712	supercritical
185.00	159.00	602.22	0.0016605	25.898	52.300	4.1987	0.78313	2.3357	354.87	0.11433	3.8536e-05	0.055984	supercritical
186.00	159.00	593.75	0.0016842	27.858	54.637	4.2113	0.78240	2.3375	351.19	0.11867	3.7916e-05	0.055268	supercritical
187.00	159.00	585.33	0.0017084	29.811	56.975	4.2239	0.78162	2.3377	347.69	0.12301	3.7314e-05	0.054566	supercritical
188.00	159.00	576.96	0.0017332	31.754	59.312	4.2363	0.78080	2.3361	344.38	0.12731	3.6731e-05	0.053877	supercritical
189.00	159.00	568.66	0.0017585	33.686	61.646	4.2487	0.77992	2.3328	341.26	0.13158	3.6167e-05	0.053202	supercritical
190.00	159.00	560.44	0.0017843	35.606	63.977	4.2610	0.77900	2.3277	338.33	0.13580	3.5621e-05	0.052541	supercritical
191.00	159.00	552.31	0.0018106	37.513	66.301	4.2732	0.77802	2.3210	335.57	0.13996	3.5093e-05	0.051893	supercritical
192.00	159.00	544.29	0.0018373	39.406	68.618	4.2853	0.77699	2.3125	333.00	0.14404	3.4583e-05	0.051260	supercritical
193.00	159.00	536.37	0.0018644	41.282	70.926	4.2973	0.77590	2.3024	330.59	0.14805	3.4092e-05	0.050641	supercritical
194.00	159.00	528.57	0.0018919	43.141	73.223	4.3092	0.77476	2.2908	328.36	0.15196	3.3619e-05	0.050037	supercritical
195.00	159.00	520.90	0.0019198	44.983	75.507	4.3209	0.77358	2.2776	326.29	0.15576	3.3164e-05	0.049448	supercritical
196.00	159.00	513.36	0.0019480	46.805	77.777	4.3325	0.77234	2.2631	324.38	0.15946	3.2726e-05	0.048874	supercritical
197.00	159.00	505.95	0.0019765	48.607	80.033	4.3440	0.77105	2.2473	322.62	0.16303	3.2305e-05	0.048315	supercritical
198.00	159.00	498.70	0.0020052	50.389	82.272	4.3554	0.76973	2.2304	321.01	0.16648	3.1902e-05	0.047772	supercritical
199.00	159.00	491.59	0.0020342	52.149	84.493	4.3665	0.76836	2.2124	319.53	0.16980	3.1515e-05	0.047243	supercritical
200.00	159.00	484.63	0.0020634	53.888	86.696	4.3776	0.76696	2.1935	318.20	0.17298	3.1145e-05	0.046731	supercritical
201.00	159.00	477.83	0.0020928	55.605	88.880	4.3885	0.76554	2.1738	316.98	0.17602	3.0791e-05	0.046233	supercritical
202.00	159.00	471.19	0.0021223	57.299	91.044	4.3992	0.76408	2.1535	315.89	0.17892	3.0452e-05	0.045752	supercritical
203.00	159.00	464.70	0.0021519	58.971	93.187	4.4098	0.76261	2.1326	314.92	0.18167	3.0129e-05	0.045285	supercritical
204.00	159.00	458.37	0.0021817	60.620	95.309	4.4202	0.76112	2.1113	314.05	0.18428	2.9820e-05	0.044834	supercritical
205.00	159.00	452.19	0.0022115	62.247	97.409	4.4305	0.75962	2.0897	313.28	0.18674	2.9526e-05	0.044398	supercritical
206.00	159.00	446.17	0.0022413	63.851	99.488	4.4406	0.75811	2.0680	312.61	0.18906	2.9245e-05	0.043977	supercritical
207.00	159.00	440.30	0.0022712	65.433	101.55	4.4506	0.75660	2.0461	312.03	0.19124	2.8977e-05	0.043571	supercritical
208.00	159.00	434.59	0.0023010	66.994	103.58	4.4604	0.75508	2.0242	311.53	0.19329	2.8722e-05	0.043180	supercritical
209.00	159.00	429.02	0.0023309	68.532	105.59	4.4700	0.75357	2.0024	311.11	0.19520	2.8480e-05	0.042802	supercritical
210.00	159.00	423.59	0.0023607	70.049	107.59	4.4795	0.75207	1.9808	310.77	0.19697	2.8249e-05	0.042439	supercritical
211.00	159.00	418.31	0.0023905	71.545	109.56	4.4889	0.75057	1.9593	310.49	0.19862	2.8030e-05	0.042089	supercritical
212.00	159.00	413.17	0.0024203	73.021	111.50	4.4981	0.74909	1.9381	310.28	0.20015	2.7821e-05	0.041753	supercritical
213.00	159.00	408.17	0.0024500	74.477	113.43	4.5072	0.74762	1.9172	310.13	0.20155	2.7623e-05	0.041429	supercritical
214.00	159.00	403.30	0.0024796	75.913	115.34	4.5161	0.74616	1.8966	310.03	0.20284	2.7435e-05	0.041118	supercritical
215.00	159.00	398.55	0.0025091	77.330	117.22	4.5249	0.74473	1.8763	309.99	0.20402	2.7256e-05	0.040819	supercritical
216.00	159.00	393.93	0.0025385	78.728	119.09	4.5336	0.74331	1.8565	309.99	0.20509	2.7086e-05	0.040532	supercritical
217.00	159.00	389.43	0.0025679	80.109	120.94	4.5421	0.74191	1.8370	310.04	0.20606	2.6925e-05	0.040257	supercritical
218.00	159.00	385.05	0.0025971	81.472	122.77	4.5505	0.74053	1.8180	310.13	0.20693	2.6773e-05	0.039992	supercritical
219.00	159.00	380.78	0.0026262	82.817	124.57	4.5588	0.73918	1.7994	310.26	0.20771	2.6628e-05	0.039739	supercritical
220.00	159.00	376.62	0.0026552	84.147	126.36	4.5669	0.73785	1.7812	310.42	0.20839	2.6491e-05	0.039496	supercritical
221.00	159.00	372.57	0.0026841	85.460	128.14	4.5750	0.73654	1.7634	310.62	0.20899	2.6361e-05	0.039262	supercritical
222.00	159.00	368.62	0.0027128	86.757	129.89	4.5829	0.73526	1.7461	310.85	0.20951	2.6238e-05	0.039039	supercritical
223.00	159.00	364.77	0.0027415	88.039	131.63	4.5907	0.73400	1.7293	311.11	0.20995	2.6122e-05	0.038824	supercritical
224.00	159.00	361.01	0.0027700	89.307	133.35	4.5984	0.73277	1.7129	311.40	0.21031	2.6012e-05	0.038619	supercritical
225.00	159.00	357.35	0.0027984	90.561	135.05	4.6060	0.73156	1.6969	311.71	0.21060	2.5908e-05	0.038422	supercritical
226.00	159.00	353.78	0.0028266	91.800	136.74	4.6135	0.73038	1.6813	312.04	0.21083	2.5809e-05	0.038234	supercritical
227.00	159.00	350.29	0.0028547	93.027	138.42	4.6209	0.72922	1.6661	312.40	0.21099	2.5717e-05	0.038053	supercritical
228.00	159.00	346.89	0.0028827	94.240	140.08	4.6282	0.72809	1.6514	312.77	0.21109	2.5629e-05	0.037881	supercritical
229.00	159.00	343.57	0.0029106	95.442	141.72	4.6354	0.72698	1.6370	313.17	0.21113	2.5546e-05	0.037715	supercritical
230.00	159.00	340.33	0.0029383	96.630	143.35	4.6425	0.72590	1.6231	313.58	0.21111	2.5468e-05	0.037557	supercritical
231.00	159.00	337.16	0.0029660	97.808	144.97	4.6495	0.72484	1.6095	314.01	0.21104	2.5395e-05	0.037406	supercritical
232.00	159.00	334.06	0.0029934	98.974	146.57	4.6564	0.72381	1.5963	314.45	0.21093	2.5326e-05	0.037261	supercritical
233.00	159.00	331.04	0.0030208	100.13	148.16	4.6632	0.72280	1.5835	314.91	0.21076	2.5261e-05	0.037123	supercritical
234.00	159.00	328.08	0.0030480	101.27	149.74	4.6700	0.72182	1.5710	315.38	0.21055	2.5200e-05	0.036991	supercritical
235.00	159.00	325.19	0.0030751	102.41	151.30	4.6767	0.72086	1.5589	315.87	0.21030	2.5143e-05	0.036865	supercritical
236.00	159.00	322.36	0.0031021	103.53	152.85	4.6833	0.71992	1.5471	316.36	0.21001	2.5090e-05	0.036744	supercritical
237.00	159.00	319.60	0.0031289	104.65	154.40	4.6898	0.71900	1.5356	316.86	0.20968	2.5040e-05	0.036629	supercritical
238.00	159.00	316.89	0.0031557	105.75	155.93	4.6962	0.71811	1.5245	317.38	0.20931	2.4993e-05	0.036520	supercritical
239.00	159.00	314.24	0.0031823	106.85	157.44	4.7026	0.71723	1.5136	317.90	0.20891	2.4949e-05	0.036415	supercritical
240.00	159.00	311.65	0.0032088	107.93	158.95	4.7089	0.71638	1.5031	318.43	0.20848	2.4909e-05	0.036315	supercritical
241.00	159.00	309.11	0.0032351	109.01	160.45	4.7151	0.71555	1.4928	318.97	0.20802	2.4871e-05	0.036220	supercritical
242.00	159.00	306.62	0.0032614	110.08	161.94	4.7213	0.71475	1.4829	319.52	0.20752	2.4837e-05	0.036129	supercritical
243.00	159.00	304.18	0.0032875	111.15	163.42	4.7274	0.71396	1.4731	320.07	0.20701	2.4805e-05	0.036043	supercritical
244.00	159.00	301.79	0.0033135	112.20	164.89	4.7334	0.71319	1.4637	320.63	0.20646	2.4775e-05	0.035961	supercritical
245.00	159.00	299.45	0.0033394	113.25	166.34	4.7394	0.71244	1.4545	321.20	0.20589	2.4748e-05	0.035883	supercritical
246.00	159.00	297.16	0.0033652	114.29	167.79	4.7453	0.71171	1.4455	321.77	0.20530	2.4723e-05	0.035809	supercritical
247.00	159.00	294.90	0.0033909	115.32	169.24	4.7511	0.71100	1.4368	322.34	0.20469	2.4701e-05	0.035739	supercritical
248.00	159.00	292.70	0.0034165	116.35	170.67	4.7569	0.71030	1.4283	322.92	0.20406	2.4681e-05	0.035673	supercritical
249.00	159.00	290.53	0.0034420	117.36	172.09	4.7627	0.70963	1.4201	323.51	0.20340	2.4663e-05	0.035610	supercritical
250.00	159.00	288.40	0.0034674	118.38	173.51	4.7683	0.70897	1.4120	324.09	0.20274	2.4646e-05	0.035550	supercritical
251.00	159.00	286.32	0.0034926	119.38	174.92	4.7740	0.70833	1.4042	324.68	0.20205	2.4632e-05	0.035494	supercritical
252.00	159.00	284.27	0.0035178	120.38	176.32	4.7795	0.70770	1.3966	325.28	0.20135	2.4620e-05	0.035440	supercritical
253.00	159.00	282.26	0.0035429	121.38	177.71	4.7850	0.70709	1.3891	325.87	0.20063	2.4609e-05	0.035390	supercritical
254.00	159.00	280.28	0.0035678	122.37	179.10	4.7905	0.70650	1.3819	326.47	0.19990	2.4600e-05	0.035343	supercritical
255.00	159.00	278.34	0.0035927	123.35	180.47	4.7959	0.70592	1.3748	327.07	0.19916	2.4593e-05	0.035299	supercritical
256.00	159.00	276.43	0.0036175	124.33	181.84	4.8013	0.70536	1.3679	327.68	0.19840	2.4588e-05	0.035257	supercritical
257.00	159.00	274.56	0.0036422	125.30	183.21	4.8066	0.70481	1.3612	328.28	0.19763	2.4583e-05	0.035218	supercritical
258.00	159.00	272.72	0.0036668	126.27	184.57	4.8119	0.70428	1.3546	328.89	0.19686	2.4581e-05	0.035181	supercritical
259.00	159.00	270.91	0.0036913	127.23	185.92	4.8171	0.70376	1.3482	329.50	0.19607	2.4579e-05	0.035148	supercritical
260.00	159.00	269.13	0.0037157	128.18	187.26	4.8223	0.70326	1.3420	330.11	0.19527	2.4580e-05	0.035116	supercritical
261.00	159.00	267.38	0.0037400	129.14	188.60	4.8274	0.70276	1.3359	330.72	0.19447	2.4581e-05	0.035087	supercritical
262.00	159.00	265.66	0.0037643	130.08	189.94	4.8325	0.70229	1.3299	331.34	0.19366	2.4584e-05	0.035060	supercritical
263.00	159.00	263.96	0.0037884	131.03	191.26	4.8376	0.70182	1.3241	331.95	0.19284	2.4588e-05	0.035035	supercritical
264.00	159.00	262.30	0.0038125	131.97	192.58	4.8426	0.70137	1.3184	332.56	0.19201	2.4593e-05	0.035012	supercritical
265.00	159.00	260.66	0.0038365	132.90	193.90	4.8476	0.70093	1.3129	333.18	0.19118	2.4599e-05	0.034992	supercritical
266.00	159.00	259.04	0.0038604	133.83	195.21	4.8525	0.70050	1.3075	333.79	0.19034	2.4606e-05	0.034973	supercritical
267.00	159.00	257.45	0.0038842	134.76	196.51	4.8574	0.70008	1.3022	334.41	0.18949	2.4615e-05	0.034956	supercritical
268.00	159.00	255.89	0.0039080	135.68	197.81	4.8623	0.69968	1.2971	335.03	0.18865	2.4624e-05	0.034941	supercritical
269.00	159.00	254.35	0.0039316	136.60	199.11	4.8671	0.69928	1.2920	335.64	0.18779	2.4634e-05	0.034928	supercritical
270.00	159.00	252.83	0.0039552	137.51	200.40	4.8719	0.69890	1.2871	336.26	0.18694	2.4646e-05	0.034916	supercritical
271.00	159.00	251.34	0.0039788	138.42	201.68	4.8766	0.69853	1.2823	336.87	0.18608	2.4658e-05	0.034907	supercritical
272.00	159.00	249.86	0.0040022	139.33	202.96	4.8813	0.69817	1.2776	337.49	0.18521	2.4671e-05	0.034899	supercritical
273.00	159.00	248.41	0.0040256	140.23	204.24	4.8860	0.69782	1.2730	338.11	0.18435	2.4685e-05	0.034892	supercritical
274.00	159.00	246.98	0.0040489	141.13	205.51	4.8907	0.69748	1.2685	338.72	0.18348	2.4700e-05	0.034887	supercritical
275.00	159.00	245.57	0.0040721	142.03	206.78	4.8953	0.69715	1.2641	339.34	0.18261	2.4715e-05	0.034883	supercritical
276.00	159.00	244.18	0.0040953	142.92	208.04	4.8998	0.69683	1.2598	339.95	0.18173	2.4732e-05	0.034881	supercritical
277.00	159.00	242.81	0.0041184	143.81	209.29	4.9044	0.69651	1.2556	340.57	0.18086	2.4749e-05	0.034881	supercritical
278.00	159.00	241.46	0.0041414	144.70	210.55	4.9089	0.69621	1.2514	341.18	0.17998	2.4767e-05	0.034881	supercritical
279.00	159.00	240.13	0.0041644	145.58	211.80	4.9134	0.69592	1.2474	341.80	0.17911	2.4785e-05	0.034883	supercritical
280.00	159.00	238.82	0.0041873	146.47	213.04	4.9179	0.69563	1.2435	342.41	0.17823	2.4804e-05	0.034886	supercritical
281.00	159.00	237.52	0.0042101	147.34	214.28	4.9223	0.69536	1.2396	343.02	0.17735	2.4824e-05	0.034891	supercritical
282.00	159.00	236.24	0.0042329	148.22	215.52	4.9267	0.69509	1.2358	343.63	0.17647	2.4845e-05	0.034896	supercritical
283.00	159.00	234.98	0.0042556	149.09	216.76	4.9310	0.69483	1.2321	344.24	0.17559	2.4866e-05	0.034903	supercritical
284.00	159.00	233.74	0.0042783	149.96	217.99	4.9354	0.69458	1.2285	344.85	0.17471	2.4887e-05	0.034911	supercritical
285.00	159.00	232.51	0.0043009	150.83	219.21	4.9397	0.69434	1.2249	345.46	0.17384	2.4910e-05	0.034920	supercritical
286.00	159.00	231.30	0.0043234	151.69	220.44	4.9440	0.69411	1.2215	346.07	0.17296	2.4932e-05	0.034930	supercritical
287.00	159.00	230.10	0.0043459	152.56	221.66	4.9482	0.69388	1.2180	346.68	0.17208	2.4956e-05	0.034941	supercritical
288.00	159.00	228.92	0.0043683	153.42	222.87	4.9525	0.69366	1.2147	347.28	0.17120	2.4980e-05	0.034953	supercritical
289.00	159.00	227.76	0.0043906	154.27	224.09	4.9567	0.69345	1.2114	347.89	0.17033	2.5004e-05	0.034966	supercritical
290.00	159.00	226.61	0.0044129	155.13	225.30	4.9609	0.69325	1.2082	348.49	0.16945	2.5029e-05	0.034980	supercritical
291.00	159.00	225.47	0.0044352	155.98	226.50	4.9650	0.69305	1.2051	349.10	0.16858	2.5054e-05	0.034994	supercritical
292.00	159.00	224.35	0.0044574	156.83	227.71	4.9691	0.69286	1.2020	349.70	0.16771	2.5080e-05	0.035010	supercritical
293.00	159.00	223.24	0.0044795	157.68	228.91	4.9732	0.69268	1.1990	350.30	0.16684	2.5106e-05	0.035026	supercritical
294.00	159.00	222.14	0.0045016	158.53	230.10	4.9773	0.69250	1.1960	350.90	0.16597	2.5133e-05	0.035044	supercritical
295.00	159.00	221.06	0.0045237	159.37	231.30	4.9814	0.69234	1.1931	351.50	0.16510	2.5160e-05	0.035062	supercritical
296.00	159.00	219.99	0.0045456	160.21	232.49	4.9854	0.69217	1.1903	352.10	0.16424	2.5188e-05	0.035080	supercritical
297.00	159.00	218.93	0.0045676	161.05	233.68	4.9894	0.69202	1.1875	352.70	0.16337	2.5216e-05	0.035100	supercritical
298.00	159.00	217.89	0.0045895	161.89	234.86	4.9934	0.69187	1.1847	353.29	0.16251	2.5244e-05	0.035120	supercritical
299.00	159.00	216.86	0.0046113	162.73	236.05	4.9974	0.69172	1.1820	353.89	0.16165	2.5273e-05	0.035140	supercritical
300.00	159.00	215.84	0.0046331	163.56	237.23	5.0013	0.69159	1.1794	354.48	0.16079	2.5302e-05	0.035161	supercritical
301.00	159.00	214.83	0.0046548	164.40	238.41	5.0052	0.69146	1.1768	355.07	0.15994	2.5331e-05	0.035183	supercritical
302.00	159.00	213.83	0.0046765	165.23	239.58	5.0091	0.69133	1.1743	355.66	0.15909	2.5361e-05	0.035205	supercritical
303.00	159.00	212.85	0.0046982	166.05	240.76	5.0130	0.69121	1.1718	356.25	0.15824	2.5391e-05	0.035228	supercritical
304.00	159.00	211.87	0.0047198	166.88	241.93	5.0169	0.69110	1.1694	356.84	0.15739	2.5421e-05	0.035250	supercritical
305.00	159.00	210.91	0.0047413	167.71	243.09	5.0207	0.69099	1.1670	357.43	0.15654	2.5452e-05	0.035273	supercritical
306.00	159.00	209.96	0.0047629	168.53	244.26	5.0245	0.69089	1.1646	358.01	0.15570	2.5483e-05	0.035295	supercritical
307.00	159.00	209.02	0.0047843	169.35	245.42	5.0283	0.69079	1.1623	358.60	0.15486	2.5514e-05	0.035317	supercritical
308.00	159.00	208.08	0.0048057	170.17	246.58	5.0321	0.69070	1.1600	359.18	0.15402	2.5546e-05	0.035336	supercritical
309.00	159.00	207.16	0.0048271	170.99	247.74	5.0358	0.69062	1.1578	359.77	0.15319	2.5577e-05	0.035348	supercritical
310.00	159.00	206.25	0.0048485	171.81	248.90	5.0396	0.69054	1.1556	360.35	0.15236	2.5610e-05	0.035369	supercritical
311.00	159.00	205.35	0.0048698	172.63	250.05	5.0433	0.69046	1.1535	360.93	0.15153	2.5642e-05	0.035404	supercritical
312.00	159.00	204.46	0.0048910	173.44	251.21	5.0470	0.69039	1.1514	361.50	0.15070	2.5675e-05	0.035439	supercritical
313.00	159.00	203.57	0.0049122	174.25	252.36	5.0507	0.69032	1.1493	362.08	0.14988	2.5707e-05	0.035475	supercritical
314.00	159.00	202.70	0.0049334	175.06	253.51	5.0543	0.69026	1.1473	362.66	0.14906	2.5740e-05	0.035511	supercritical
315.00	159.00	201.83	0.0049546	175.87	254.65	5.0580	0.69021	1.1453	363.23	0.14824	2.5774e-05	0.035547	supercritical
316.00	159.00	200.98	0.0049757	176.68	255.80	5.0616	0.69016	1.1433	363.80	0.14743	2.5807e-05	0.035585	supercritical
317.00	159.00	200.13	0.0049967	177.49	256.94	5.0652	0.69011	1.1414	364.38	0.14662	2.5841e-05	0.035622	supercritical
318.00	159.00	199.29	0.0050177	178.30	258.08	5.0688	0.69007	1.1395	364.95	0.14581	2.5875e-05	0.035660	supercritical
319.00	159.00	198.46	0.0050387	179.10	259.22	5.0724	0.69003	1.1376	365.52	0.14500	2.5909e-05	0.035698	supercritical
320.00	159.00	197.64	0.0050597	179.91	260.35	5.0760	0.69000	1.1358	366.08	0.14420	2.5944e-05	0.035737	supercritical
321.00	159.00	196.83	0.0050806	180.71	261.49	5.0795	0.68997	1.1340	366.65	0.14340	2.5978e-05	0.035776	supercritical
322.00	159.00	196.02	0.0051015	181.51	262.62	5.0830	0.68995	1.1322	367.22	0.14261	2.6013e-05	0.035816	supercritical
323.00	159.00	195.22	0.0051223	182.31	263.75	5.0865	0.68993	1.1305	367.78	0.14181	2.6048e-05	0.035856	supercritical
324.00	159.00	194.44	0.0051431	183.11	264.88	5.0900	0.68991	1.1288	368.34	0.14102	2.6083e-05	0.035896	supercritical
325.00	159.00	193.65	0.0051639	183.91	266.01	5.0935	0.68990	1.1271	368.90	0.14024	2.6119e-05	0.035937	supercritical
326.00	159.00	192.88	0.0051846	184.70	267.14	5.0970	0.68989	1.1255	369.46	0.13945	2.6154e-05	0.035978	supercritical
327.00	159.00	192.11	0.0052053	185.50	268.26	5.1004	0.68989	1.1239	370.02	0.13868	2.6190e-05	0.036019	supercritical
328.00	159.00	191.35	0.0052260	186.29	269.39	5.1038	0.68989	1.1223	370.58	0.13790	2.6226e-05	0.036061	supercritical
329.00	159.00	190.60	0.0052466	187.09	270.51	5.1072	0.68990	1.1207	371.14	0.13713	2.6261e-05	0.036103	supercritical
330.00	159.00	189.85	0.0052672	187.88	271.63	5.1106	0.68991	1.1192	371.69	0.13636	2.6298e-05	0.036145	supercritical
331.00	159.00	189.12	0.0052878	188.67	272.75	5.1140	0.68992	1.1177	372.25	0.13559	2.6334e-05	0.036188	supercritical
332.00	159.00	188.38	0.0053083	189.46	273.86	5.1174	0.68993	1.1162	372.80	0.13483	2.6370e-05	0.036231	supercritical
333.00	159.00	187.66	0.0053288	190.25	274.98	5.1207	0.68995	1.1147	373.35	0.13407	2.6407e-05	0.036274	supercritical
334.00	159.00	186.94	0.0053493	191.04	276.09	5.1241	0.68998	1.1133	373.90	0.13331	2.6444e-05	0.036318	supercritical
335.00	159.00	186.23	0.0053697	191.83	277.20	5.1274	0.69001	1.1119	374.45	0.13256	2.6480e-05	0.036362	supercritical
336.00	159.00	185.52	0.0053902	192.61	278.32	5.1307	0.69004	1.1105	374.99	0.13181	2.6517e-05	0.036406	supercritical
337.00	159.00	184.82	0.0054105	193.40	279.43	5.1340	0.69007	1.1091	375.54	0.13106	2.6554e-05	0.036450	supercritical
338.00	159.00	184.13	0.0054309	194.18	280.53	5.1373	0.69011	1.1078	376.09	0.13031	2.6592e-05	0.036495	supercritical
339.00	159.00	183.45	0.0054512	194.97	281.64	5.1406	0.69015	1.1065	376.63	0.12957	2.6629e-05	0.036540	supercritical
340.00	159.00	182.76	0.0054715	195.75	282.75	5.1438	0.69020	1.1052	377.17	0.12884	2.6666e-05	0.036585	supercritical
341.00	159.00	182.09	0.0054918	196.53	283.85	5.1471	0.69025	1.1039	377.71	0.12810	2.6704e-05	0.036631	supercritical
342.00	159.00	181.42	0.0055120	197.31	284.95	5.1503	0.69030	1.1027	378.25	0.12737	2.6741e-05	0.036676	supercritical
343.00	159.00	180.76	0.0055322	198.09	286.06	5.1535	0.69035	1.1014	378.79	0.12665	2.6779e-05	0.036722	supercritical
344.00	159.00	180.10	0.0055524	198.87	287.16	5.1567	0.69041	1.1002	379.33	0.12592	2.6817e-05	0.036769	supercritical
345.00	159.00	179.45	0.0055726	199.65	288.26	5.1599	0.69047	1.0990	379.86	0.12520	2.6855e-05	0.036815	supercritical
346.00	159.00	178.80	0.0055927	200.43	289.36	5.1631	0.69054	1.0979	380.40	0.12448	2.6893e-05	0.036862	supercritical
347.00	159.00	178.16	0.0056128	201.21	290.45	5.1663	0.69061	1.0967	380.93	0.12377	2.6931e-05	0.036909	supercritical
348.00	159.00	177.53	0.0056329	201.99	291.55	5.1694	0.69068	1.0956	381.46	0.12306	2.6969e-05	0.036956	supercritical
349.00	159.00	176.90	0.0056529	202.76	292.64	5.1726	0.69075	1.0945	381.99	0.12235	2.7008e-05	0.037003	supercritical
350.00	159.00	176.28	0.0056729	203.54	293.74	5.1757	0.69083	1.0934	382.52	0.12165	2.7046e-05	0.037051	supercritical
351.00	159.00	175.66	0.0056929	204.31	294.83	5.1788	0.69091	1.0923	383.05	0.12095	2.7085e-05	0.037099	supercritical
352.00	159.00	175.04	0.0057129	205.09	295.92	5.1819	0.69099	1.0912	383.58	0.12025	2.7123e-05	0.037147	supercritical
353.00	159.00	174.43	0.0057328	205.86	297.01	5.1850	0.69108	1.0902	384.10	0.11955	2.7162e-05	0.037195	supercritical
354.00	159.00	173.83	0.0057528	206.63	298.10	5.1881	0.69117	1.0892	384.63	0.11886	2.7200e-05	0.037243	supercritical
355.00	159.00	173.23	0.0057727	207.41	299.19	5.1912	0.69126	1.0881	385.15	0.11817	2.7239e-05	0.037292	supercritical
356.00	159.00	172.64	0.0057925	208.18	300.28	5.1942	0.69135	1.0872	385.68	0.11749	2.7278e-05	0.037341	supercritical
357.00	159.00	172.05	0.0058124	208.95	301.37	5.1973	0.69145	1.0862	386.20	0.11681	2.7317e-05	0.037390	supercritical
358.00	159.00	171.46	0.0058322	209.72	302.45	5.2003	0.69155	1.0852	386.72	0.11613	2.7356e-05	0.037439	supercritical
359.00	159.00	170.88	0.0058520	210.49	303.54	5.2033	0.69165	1.0843	387.24	0.11545	2.7395e-05	0.037488	supercritical
360.00	159.00	170.31	0.0058718	211.26	304.62	5.2064	0.69176	1.0833	387.75	0.11478	2.7434e-05	0.037538	supercritical
361.00	159.00	169.74	0.0058915	212.03	305.70	5.2094	0.69187	1.0824	388.27	0.11411	2.7473e-05	0.037588	supercritical
362.00	159.00	169.17	0.0059113	212.80	306.79	5.2124	0.69198	1.0815	388.78	0.11344	2.7513e-05	0.037638	supercritical
363.00	159.00	168.61	0.0059310	213.56	307.87	5.2153	0.69209	1.0807	389.30	0.11278	2.7552e-05	0.037688	supercritical
364.00	159.00	168.05	0.0059507	214.33	308.95	5.2183	0.69221	1.0798	389.81	0.11212	2.7591e-05	0.037738	supercritical
365.00	159.00	167.50	0.0059703	215.10	310.03	5.2213	0.69232	1.0789	390.32	0.11147	2.7631e-05	0.037788	supercritical
366.00	159.00	166.95	0.0059900	215.86	311.10	5.2242	0.69244	1.0781	390.83	0.11081	2.7670e-05	0.037839	supercritical
367.00	159.00	166.40	0.0060096	216.63	312.18	5.2272	0.69257	1.0773	391.34	0.11016	2.7710e-05	0.037889	supercritical
368.00	159.00	165.86	0.0060292	217.39	313.26	5.2301	0.69269	1.0765	391.85	0.10951	2.7749e-05	0.037940	supercritical
369.00	159.00	165.32	0.0060488	218.16	314.33	5.2330	0.69282	1.0757	392.36	0.10887	2.7789e-05	0.037991	supercritical
370.00	159.00	164.79	0.0060683	218.92	315.41	5.2359	0.69295	1.0749	392.87	0.10823	2.7829e-05	0.038042	supercritical
371.00	159.00	164.26	0.0060878	219.69	316.48	5.2388	0.69308	1.0741	393.37	0.10759	2.7868e-05	0.038094	supercritical
372.00	159.00	163.74	0.0061074	220.45	317.56	5.2417	0.69322	1.0733	393.88	0.10695	2.7908e-05	0.038145	supercritical
373.00	159.00	163.22	0.0061269	221.21	318.63	5.2446	0.69336	1.0726	394.38	0.10632	2.7948e-05	0.038197	supercritical
374.00	159.00	162.70	0.0061463	221.98	319.70	5.2475	0.69349	1.0719	394.88	0.10569	2.7988e-05	0.038248	supercritical
375.00	159.00	162.19	0.0061658	222.74	320.77	5.2503	0.69364	1.0711	395.38	0.10507	2.8027e-05	0.038300	supercritical
376.00	159.00	161.68	0.0061852	223.50	321.85	5.2532	0.69378	1.0704	395.88	0.10444	2.8067e-05	0.038352	supercritical
377.00	159.00	161.17	0.0062046	224.26	322.92	5.2560	0.69393	1.0697	396.38	0.10382	2.8107e-05	0.038404	supercritical
378.00	159.00	160.67	0.0062240	225.02	323.99	5.2588	0.69407	1.0690	396.88	0.10321	2.8147e-05	0.038456	supercritical
379.00	159.00	160.17	0.0062434	225.78	325.05	5.2617	0.69422	1.0684	397.37	0.10259	2.8187e-05	0.038509	supercritical
380.00	159.00	159.67	0.0062628	226.54	326.12	5.2645	0.69438	1.0677	397.87	0.10198	2.8227e-05	0.038561	supercritical
381.00	159.00	159.18	0.0062821	227.30	327.19	5.2673	0.69453	1.0670	398.36	0.10137	2.8267e-05	0.038614	supercritical
382.00	159.00	158.69	0.0063014	228.06	328.26	5.2701	0.69469	1.0664	398.86	0.10077	2.8307e-05	0.038666	supercritical
383.00	159.00	158.21	0.0063207	228.82	329.32	5.2729	0.69485	1.0658	399.35	0.10016	2.8348e-05	0.038719	supercritical
384.00	159.00	157.73	0.0063400	229.58	330.39	5.2757	0.69501	1.0651	399.84	0.099564	2.8388e-05	0.038772	supercritical
385.00	159.00	157.25	0.0063592	230.34	331.45	5.2784	0.69517	1.0645	400.33	0.098967	2.8428e-05	0.038825	supercritical
386.00	159.00	156.78	0.0063785	231.10	332.52	5.2812	0.69533	1.0639	400.82	0.098373	2.8468e-05	0.038878	supercritical
387.00	159.00	156.31	0.0063977	231.86	333.58	5.2839	0.69550	1.0633	401.31	0.097781	2.8508e-05	0.038932	supercritical
388.00	159.00	155.84	0.0064169	232.61	334.64	5.2867	0.69567	1.0628	401.79	0.097193	2.8549e-05	0.038985	supercritical
389.00	159.00	155.37	0.0064361	233.37	335.71	5.2894	0.69584	1.0622	402.28	0.096607	2.8589e-05	0.039038	supercritical
390.00	159.00	154.91	0.0064553	234.13	336.77	5.2921	0.69601	1.0616	402.76	0.096024	2.8629e-05	0.039092	supercritical
391.00	159.00	154.45	0.0064745	234.89	337.83	5.2949	0.69618	1.0611	403.25	0.095444	2.8669e-05	0.039146	supercritical
392.00	159.00	154.00	0.0064936	235.64	338.89	5.2976	0.69636	1.0605	403.73	0.094867	2.8710e-05	0.039199	supercritical
393.00	159.00	153.55	0.0065127	236.40	339.95	5.3003	0.69654	1.0600	404.21	0.094292	2.8750e-05	0.039253	supercritical
394.00	159.00	153.10	0.0065318	237.15	341.01	5.3030	0.69672	1.0595	404.69	0.093720	2.8791e-05	0.039307	supercritical
395.00	159.00	152.65	0.0065509	237.91	342.07	5.3056	0.69690	1.0590	405.17	0.093151	2.8831e-05	0.039361	supercritical
396.00	159.00	152.21	0.0065700	238.66	343.13	5.3083	0.69708	1.0585	405.65	0.092585	2.8871e-05	0.039415	supercritical
397.00	159.00	151.77	0.0065890	239.42	344.19	5.3110	0.69726	1.0580	406.13	0.092021	2.8912e-05	0.039470	supercritical
398.00	159.00	151.33	0.0066081	240.18	345.24	5.3137	0.69745	1.0575	406.61	0.091460	2.8952e-05	0.039524	supercritical
399.00	159.00	150.90	0.0066271	240.93	346.30	5.3163	0.69764	1.0570	407.08	0.090902	2.8993e-05	0.039578	supercritical
400.00	159.00	150.46	0.0066461	241.68	347.36	5.3190	0.69783	1.0565	407.56	0.090346	2.9033e-05	0.039633	supercritical
401.00	159.00	150.03	0.0066651	242.44	348.41	5.3216	0.69802	1.0561	408.03	0.089793	2.9074e-05	0.039687	supercritical
402.00	159.00	149.61	0.0066841	243.19	349.47	5.3242	0.69821	1.0556	408.51	0.089243	2.9114e-05	0.039742	supercritical
403.00	159.00	149.19	0.0067031	243.95	350.53	5.3268	0.69840	1.0552	408.98	0.088695	2.9155e-05	0.039797	supercritical
404.00	159.00	148.77	0.0067220	244.70	351.58	5.3295	0.69860	1.0547	409.45	0.088150	2.9195e-05	0.039851	supercritical
405.00	159.00	148.35	0.0067409	245.45	352.63	5.3321	0.69880	1.0543	409.92	0.087607	2.9236e-05	0.039906	supercritical
406.00	159.00	147.93	0.0067599	246.21	353.69	5.3347	0.69899	1.0539	410.39	0.087067	2.9276e-05	0.039961	supercritical
407.00	159.00	147.52	0.0067788	246.96	354.74	5.3373	0.69920	1.0535	410.86	0.086530	2.9317e-05	0.040016	supercritical
408.00	159.00	147.11	0.0067976	247.71	355.80	5.3398	0.69940	1.0531	411.33	0.085995	2.9357e-05	0.040071	supercritical
409.00	159.00	146.70	0.0068165	248.47	356.85	5.3424	0.69960	1.0527	411.79	0.085463	2.9398e-05	0.040127	supercritical
410.00	159.00	146.30	0.0068354	249.22	357.90	5.3450	0.69980	1.0523	412.26	0.084933	2.9438e-05	0.040182	supercritical
411.00	159.00	145.90	0.0068542	249.97	358.95	5.3475	0.70001	1.0519	412.72	0.084406	2.9479e-05	0.040237	supercritical
412.00	159.00	145.50	0.0068731	250.72	360.00	5.3501	0.70022	1.0515	413.19	0.083881	2.9519e-05	0.040292	supercritical
413.00	159.00	145.10	0.0068919	251.48	361.06	5.3527	0.70043	1.0512	413.65	0.083359	2.9560e-05	0.040348	supercritical
414.00	159.00	144.70	0.0069107	252.23	362.11	5.3552	0.70064	1.0508	414.11	0.082839	2.9601e-05	0.040403	supercritical
415.00	159.00	144.31	0.0069295	252.98	363.16	5.3577	0.70085	1.0504	414.57	0.082322	2.9641e-05	0.040459	supercritical
416.00	159.00	143.92	0.0069482	253.73	364.21	5.3603	0.70106	1.0501	415.03	0.081807	2.9682e-05	0.040515	supercritical
417.00	159.00	143.53	0.0069670	254.48	365.26	5.3628	0.70128	1.0497	415.49	0.081294	2.9722e-05	0.040570	supercritical
418.00	159.00	143.15	0.0069857	255.23	366.31	5.3653	0.70149	1.0494	415.95	0.080784	2.9763e-05	0.040626	supercritical
419.00	159.00	142.77	0.0070045	255.99	367.36	5.3678	0.70171	1.0491	416.41	0.080277	2.9804e-05	0.040682	supercritical
420.00	159.00	142.39	0.0070232	256.74	368.41	5.3703	0.70193	1.0488	416.87	0.079772	2.9844e-05	0.040738	supercritical
421.00	159.00	142.01	0.0070419	257.49	369.45	5.3728	0.70215	1.0484	417.32	0.079269	2.9885e-05	0.040794	supercritical
422.00	159.00	141.63	0.0070606	258.24	370.50	5.3753	0.70237	1.0481	417.78	0.078768	2.9925e-05	0.040850	supercritical
423.00	159.00	141.26	0.0070793	258.99	371.55	5.3778	0.70259	1.0478	418.23	0.078270	2.9966e-05	0.040906	supercritical
424.00	159.00	140.89	0.0070979	259.74	372.60	5.3802	0.70281	1.0475	418.69	0.077775	3.0006e-05	0.040962	supercritical
425.00	159.00	140.52	0.0071166	260.49	373.65	5.3827	0.70303	1.0472	419.14	0.077281	3.0047e-05	0.041018	supercritical
426.00	159.00	140.15	0.0071352	261.24	374.69	5.3852	0.70326	1.0470	419.59	0.076790	3.0088e-05	0.041074	supercritical
427.00	159.00	139.78	0.0071539	261.99	375.74	5.3876	0.70349	1.0467	420.04	0.076302	3.0128e-05	0.041131	supercritical
428.00	159.00	139.42	0.0071725	262.74	376.79	5.3901	0.70371	1.0464	420.49	0.075815	3.0169e-05	0.041187	supercritical
429.00	159.00	139.06	0.0071911	263.49	377.83	5.3925	0.70394	1.0461	420.94	0.075331	3.0209e-05	0.041243	supercritical
430.00	159.00	138.70	0.0072097	264.24	378.88	5.3949	0.70417	1.0459	421.39	0.074849	3.0250e-05	0.041300	supercritical
431.00	159.00	138.35	0.0072283	264.99	379.92	5.3974	0.70440	1.0456	421.84	0.074370	3.0291e-05	0.041356	supercritical
432.00	159.00	137.99	0.0072468	265.74	380.97	5.3998	0.70464	1.0454	422.28	0.073892	3.0331e-05	0.041413	supercritical
433.00	159.00	137.64	0.0072654	266.50	382.01	5.4022	0.70487	1.0451	422.73	0.073417	3.0372e-05	0.041469	supercritical
434.00	159.00	137.29	0.0072839	267.25	383.06	5.4046	0.70510	1.0449	423.18	0.072945	3.0412e-05	0.041526	supercritical
435.00	159.00	136.94	0.0073025	268.00	384.10	5.4070	0.70534	1.0446	423.62	0.072474	3.0453e-05	0.041582	supercritical
436.00	159.00	136.59	0.0073210	268.75	385.15	5.4094	0.70557	1.0444	424.06	0.072005	3.0493e-05	0.041639	supercritical
437.00	159.00	136.25	0.0073395	269.50	386.19	5.4118	0.70581	1.0442	424.51	0.071539	3.0534e-05	0.041696	supercritical
438.00	159.00	135.91	0.0073580	270.25	387.24	5.4142	0.70605	1.0440	424.95	0.071075	3.0574e-05	0.041753	supercritical
439.00	159.00	135.57	0.0073765	271.00	388.28	5.4166	0.70629	1.0437	425.39	0.070613	3.0615e-05	0.041809	supercritical
440.00	159.00	135.23	0.0073950	271.74	389.32	5.4190	0.70653	1.0435	425.83	0.070154	3.0655e-05	0.041866	supercritical
441.00	159.00	134.89	0.0074134	272.49	390.37	5.4213	0.70677	1.0433	426.27	0.069696	3.0696e-05	0.041923	supercritical
442.00	159.00	134.56	0.0074319	273.24	391.41	5.4237	0.70701	1.0431	426.71	0.069241	3.0736e-05	0.041980	supercritical
443.00	159.00	134.22	0.0074503	273.99	392.45	5.4260	0.70725	1.0429	427.15	0.068787	3.0777e-05	0.042037	supercritical
444.00	159.00	133.89	0.0074688	274.74	393.50	5.4284	0.70750	1.0427	427.59	0.068336	3.0817e-05	0.042094	supercritical
445.00	159.00	133.56	0.0074872	275.49	394.54	5.4307	0.70774	1.0426	428.02	0.067887	3.0858e-05	0.042151	supercritical
446.00	159.00	133.23	0.0075056	276.24	395.58	5.4331	0.70799	1.0424	428.46	0.067440	3.0898e-05	0.042208	supercritical
447.00	159.00	132.91	0.0075240	276.99	396.62	5.4354	0.70823	1.0422	428.90	0.066995	3.0939e-05	0.042265	supercritical
448.00	159.00	132.58	0.0075424	277.74	397.67	5.4377	0.70848	1.0420	429.33	0.066552	3.0979e-05	0.042322	supercritical
449.00	159.00	132.26	0.0075608	278.49	398.71	5.4401	0.70873	1.0419	429.76	0.066112	3.1020e-05	0.042380	supercritical
450.00	159.00	131.94	0.0075791	279.24	399.75	5.4424	0.70898	1.0417	430.20	0.065673	3.1060e-05	0.042437	supercritical
451.00	159.00	131.62	0.0075975	279.99	400.79	5.4447	0.70923	1.0415	430.63	0.065236	3.1100e-05	0.042494	supercritical
452.00	159.00	131.31	0.0076158	280.74	401.83	5.4470	0.70948	1.0414	431.06	0.064802	3.1141e-05	0.042551	supercritical
453.00	159.00	130.99	0.0076342	281.49	402.88	5.4493	0.70973	1.0412	431.49	0.064369	3.1181e-05	0.042609	supercritical
454.00	159.00	130.68	0.0076525	282.24	403.92	5.4516	0.70998	1.0411	431.92	0.063938	3.1222e-05	0.042666	supercritical
455.00	159.00	130.36	0.0076708	282.99	404.96	5.4539	0.71023	1.0409	432.35	0.063510	3.1262e-05	0.042723	supercritical
456.00	159.00	130.05	0.0076891	283.74	406.00	5.4562	0.71049	1.0408	432.78	0.063083	3.1302e-05	0.042781	supercritical
457.00	159.00	129.75	0.0077074	284.49	407.04	5.4585	0.71074	1.0407	433.21	0.062658	3.1343e-05	0.042838	supercritical
458.00	159.00	129.44	0.0077257	285.24	408.08	5.4607	0.71100	1.0405	433.64	0.062235	3.1383e-05	0.042896	supercritical
459.00	159.00	129.13	0.0077440	285.99	409.12	5.4630	0.71125	1.0404	434.06	0.061814	3.1423e-05	0.042953	supercritical
460.00	159.00	128.83	0.0077623	286.74	410.16	5.4653	0.71151	1.0403	434.49	0.061396	3.1464e-05	0.043011	supercritical
461.00	159.00	128.53	0.0077805	287.49	411.20	5.4675	0.71176	1.0402	434.91	0.060979	3.1504e-05	0.043068	supercritical
462.00	159.00	128.23	0.0077988	288.24	412.24	5.4698	0.71202	1.0401	435.34	0.060564	3.1544e-05	0.043126	supercritical
463.00	159.00	127.93	0.0078170	288.99	413.28	5.4720	0.71228	1.0399	435.76	0.060150	3.1584e-05	0.043183	supercritical
464.00	159.00	127.63	0.0078352	289.74	414.32	5.4743	0.71254	1.0398	436.19	0.059739	3.1625e-05	0.043241	supercritical
465.00	159.00	127.33	0.0078534	290.49	415.36	5.4765	0.71280	1.0397	436.61	0.059330	3.1665e-05	0.043299	supercritical
466.00	159.00	127.04	0.0078717	291.24	416.40	5.4787	0.71306	1.0396	437.03	0.058922	3.1705e-05	0.043356	supercritical
467.00	159.00	126.74	0.0078899	291.99	417.44	5.4810	0.71332	1.0395	437.45	0.058517	3.1745e-05	0.043414	supercritical
468.00	159.00	126.45	0.0079081	292.74	418.48	5.4832	0.71358	1.0394	437.87	0.058113	3.1786e-05	0.043472	supercritical
469.00	159.00	126.16	0.0079262	293.49	419.52	5.4854	0.71384	1.0394	438.29	0.057711	3.1826e-05	0.043529	supercritical
470.00	159.00	125.87	0.0079444	294.24	420.56	5.4876	0.71411	1.0393	438.71	0.057311	3.1866e-05	0.043587	supercritical
471.00	159.00	125.59	0.0079626	294.99	421.60	5.4898	0.71437	1.0392	439.13	0.056913	3.1906e-05	0.043645	supercritical
472.00	159.00	125.30	0.0079807	295.74	422.64	5.4920	0.71463	1.0391	439.55	0.056516	3.1946e-05	0.043703	supercritical
473.00	159.00	125.02	0.0079989	296.49	423.68	5.4942	0.71490	1.0390	439.97	0.056122	3.1986e-05	0.043761	supercritical
474.00	159.00	124.73	0.0080170	297.24	424.71	5.4964	0.71516	1.0390	440.38	0.055729	3.2027e-05	0.043818	supercritical
475.00	159.00	124.45	0.0080352	297.99	425.75	5.4986	0.71543	1.0389	440.80	0.055338	3.2067e-05	0.043876	supercritical
476.00	159.00	124.17	0.0080533	298.74	426.79	5.5008	0.71569	1.0388	441.21	0.054948	3.2107e-05	0.043934	supercritical
477.00	159.00	123.89	0.0080714	299.50	427.83	5.5030	0.71596	1.0387	441.63	0.054561	3.2147e-05	0.043992	supercritical
478.00	159.00	123.62	0.0080895	300.25	428.87	5.5052	0.71623	1.0387	442.04	0.054175	3.2187e-05	0.044050	supercritical
479.00	159.00	123.34	0.0081076	301.00	429.91	5.5073	0.71649	1.0386	442.46	0.053791	3.2227e-05	0.044108	supercritical
480.00	159.00	123.07	0.0081257	301.75	430.95	5.5095	0.71676	1.0386	442.87	0.053409	3.2267e-05	0.044166	supercritical
481.00	159.00	122.79	0.0081438	302.50	431.99	5.5117	0.71703	1.0385	443.28	0.053028	3.2307e-05	0.044224	supercritical
482.00	159.00	122.52	0.0081618	303.25	433.02	5.5138	0.71730	1.0385	443.69	0.052649	3.2347e-05	0.044282	supercritical
483.00	159.00	122.25	0.0081799	304.00	434.06	5.5160	0.71757	1.0384	444.10	0.052272	3.2387e-05	0.044340	supercritical
484.00	159.00	121.98	0.0081980	304.75	435.10	5.5181	0.71784	1.0384	444.51	0.051897	3.2427e-05	0.044398	supercritical
485.00	159.00	121.71	0.0082160	305.50	436.14	5.5203	0.71811	1.0383	444.92	0.051523	3.2467e-05	0.044456	supercritical
486.00	159.00	121.45	0.0082340	306.26	437.18	5.5224	0.71838	1.0383	445.33	0.051151	3.2507e-05	0.044514	supercritical
487.00	159.00	121.18	0.0082521	307.01	438.22	5.5245	0.71865	1.0383	445.74	0.050781	3.2546e-05	0.044572	supercritical
488.00	159.00	120.92	0.0082701	307.76	439.25	5.5267	0.71892	1.0382	446.15	0.050412	3.2586e-05	0.044630	supercritical
489.00	159.00	120.65	0.0082881	308.51	440.29	5.5288	0.71919	1.0382	446.56	0.050045	3.2626e-05	0.044688	supercritical
490.00	159.00	120.39	0.0083061	309.26	441.33	5.5309	0.71947	1.0382	446.96	0.049679	3.2666e-05	0.044746	supercritical
491.00	159.00	120.13	0.0083241	310.02	442.37	5.5330	0.71974	1.0382	447.37	0.049315	3.2706e-05	0.044804	supercritical
492.00	159.00	119.87	0.0083421	310.77	443.41	5.5351	0.72001	1.0381	447.78	0.048953	3.2746e-05	0.044862	supercritical
493.00	159.00	119.62	0.0083601	311.52	444.44	5.5372	0.72028	1.0381	448.18	0.048593	3.2786e-05	0.044921	supercritical
494.00	159.00	119.36	0.0083781	312.27	445.48	5.5394	0.72056	1.0381	448.59	0.048234	3.2825e-05	0.044979	supercritical
495.00	159.00	119.10	0.0083960	313.02	446.52	5.5415	0.72083	1.0381	448.99	0.047876	3.2865e-05	0.045037	supercritical
496.00	159.00	118.85	0.0084140	313.78	447.56	5.5435	0.72110	1.0381	449.39	0.047521	3.2905e-05	0.045095	supercritical
497.00	159.00	118.60	0.0084320	314.53	448.60	5.5456	0.72138	1.0381	449.80	0.047166	3.2945e-05	0.045153	supercritical
498.00	159.00	118.34	0.0084499	315.28	449.64	5.5477	0.72165	1.0381	450.20	0.046814	3.2984e-05	0.045212	supercritical
499.00	159.00	118.09	0.0084678	316.03	450.67	5.5498	0.72193	1.0381	450.60	0.046463	3.3024e-05	0.045270	supercritical
500.00	159.00	117.84	0.0084858	316.79	451.71	5.5519	0.72220	1.0381	451.00	0.046113	3.3064e-05	0.045328	supercritical
501.00	159.00	117.60	0.0085037	317.54	452.75	5.5540	0.72248	1.0381	451.40	0.045765	3.3103e-05	0.045386	supercritical
502.00	159.00	117.35	0.0085216	318.29	453.79	5.5560	0.72276	1.0381	451.80	0.045419	3.3143e-05	0.045444	supercritical
503.00	159.00	117.10	0.0085395	319.05	454.83	5.5581	0.72303	1.0381	452.20	0.045074	3.3183e-05	0.045503	supercritical
504.00	159.00	116.86	0.0085574	319.80	455.86	5.5602	0.72331	1.0381	452.60	0.044731	3.3222e-05	0.045561	supercritical
505.00	159.00	116.61	0.0085753	320.55	456.90	5.5622	0.72359	1.0381	453.00	0.044389	3.3262e-05	0.045619	supercritical
506.00	159.00	116.37	0.0085932	321.31	457.94	5.5643	0.72386	1.0381	453.40	0.044049	3.3301e-05	0.045678	supercritical
507.00	159.00	116.13	0.0086111	322.06	458.98	5.5663	0.72414	1.0381	453.79	0.043710	3.3341e-05	0.045736	supercritical
508.00	159.00	115.89	0.0086290	322.82	460.02	5.5684	0.72442	1.0381	454.19	0.043372	3.3380e-05	0.045794	supercritical
509.00	159.00	115.65	0.0086468	323.57	461.05	5.5704	0.72469	1.0381	454.59	0.043037	3.3420e-05	0.045852	supercritical
510.00	159.00	115.41	0.0086647	324.32	462.09	5.5724	0.72497	1.0382	454.98	0.042702	3.3459e-05	0.045911	supercritical
511.00	159.00	115.17	0.0086826	325.08	463.13	5.5745	0.72525	1.0382	455.38	0.042369	3.3499e-05	0.045969	supercritical
512.00	159.00	114.94	0.0087004	325.83	464.17	5.5765	0.72553	1.0382	455.77	0.042038	3.3538e-05	0.046027	supercritical
513.00	159.00	114.70	0.0087183	326.59	465.21	5.5785	0.72581	1.0382	456.16	0.041708	3.3578e-05	0.046086	supercritical
514.00	159.00	114.47	0.0087361	327.34	466.25	5.5806	0.72609	1.0383	456.56	0.041379	3.3617e-05	0.046144	supercritical
515.00	159.00	114.23	0.0087539	328.10	467.28	5.5826	0.72636	1.0383	456.95	0.041052	3.3656e-05	0.046202	supercritical
516.00	159.00	114.00	0.0087717	328.85	468.32	5.5846	0.72664	1.0383	457.34	0.040726	3.3696e-05	0.046261	supercritical
517.00	159.00	113.77	0.0087896	329.61	469.36	5.5866	0.72692	1.0384	457.74	0.040402	3.3735e-05	0.046319	supercritical
518.00	159.00	113.54	0.0088074	330.36	470.40	5.5886	0.72720	1.0384	458.13	0.040079	3.3774e-05	0.046377	supercritical
519.00	159.00	113.31	0.0088252	331.12	471.44	5.5906	0.72748	1.0384	458.52	0.039758	3.3814e-05	0.046436	supercritical
520.00	159.00	113.08	0.0088430	331.87	472.48	5.5926	0.72776	1.0385	458.91	0.039438	3.3853e-05	0.046494	supercritical
521.00	159.00	112.86	0.0088608	332.63	473.51	5.5946	0.72804	1.0385	459.30	0.039119	3.3892e-05	0.046553	supercritical
522.00	159.00	112.63	0.0088785	333.38	474.55	5.5966	0.72832	1.0386	459.69	0.038802	3.3932e-05	0.046611	supercritical
523.00	159.00	112.41	0.0088963	334.14	475.59	5.5986	0.72860	1.0386	460.08	0.038486	3.3971e-05	0.046669	supercritical
524.00	159.00	112.18	0.0089141	334.90	476.63	5.6006	0.72888	1.0387	460.46	0.038171	3.4010e-05	0.046728	supercritical
525.00	159.00	111.96	0.0089319	335.65	477.67	5.6025	0.72916	1.0387	460.85	0.037858	3.4049e-05	0.046786	supercritical
526.00	159.00	111.74	0.0089496	336.41	478.71	5.6045	0.72944	1.0388	461.24	0.037546	3.4088e-05	0.046845	supercritical
527.00	159.00	111.52	0.0089674	337.16	479.75	5.6065	0.72972	1.0388	461.63	0.037236	3.4128e-05	0.046903	supercritical
528.00	159.00	111.30	0.0089851	337.92	480.78	5.6085	0.73000	1.0389	462.01	0.036926	3.4167e-05	0.046961	supercritical
529.00	159.00	111.08	0.0090029	338.68	481.82	5.6104	0.73028	1.0389	462.40	0.036619	3.4206e-05	0.047020	supercritical
530.00	159.00	110.86	0.0090206	339.44	482.86	5.6124	0.73056	1.0390	462.78	0.036312	3.4245e-05	0.047078	supercritical
531.00	159.00	110.64	0.0090383	340.19	483.90	5.6143	0.73084	1.0390	463.17	0.036007	3.4284e-05	0.047137	supercritical
532.00	159.00	110.42	0.0090560	340.95	484.94	5.6163	0.73113	1.0391	463.55	0.035703	3.4323e-05	0.047195	supercritical
533.00	159.00	110.21	0.0090738	341.71	485.98	5.6183	0.73141	1.0391	463.94	0.035400	3.4362e-05	0.047253	supercritical
534.00	159.00	109.99	0.0090915	342.46	487.02	5.6202	0.73169	1.0392	464.32	0.035099	3.4401e-05	0.047312	supercritical
535.00	159.00	109.78	0.0091092	343.22	488.06	5.6221	0.73197	1.0393	464.70	0.034799	3.4440e-05	0.047370	supercritical
536.00	159.00	109.57	0.0091269	343.98	489.10	5.6241	0.73225	1.0393	465.09	0.034500	3.4479e-05	0.047429	supercritical
537.00	159.00	109.35	0.0091446	344.74	490.14	5.6260	0.73253	1.0394	465.47	0.034203	3.4518e-05	0.047487	supercritical
538.00	159.00	109.14	0.0091623	345.50	491.18	5.6280	0.73281	1.0395	465.85	0.033907	3.4557e-05	0.047545	supercritical
539.00	159.00	108.93	0.0091799	346.25	492.22	5.6299	0.73309	1.0396	466.23	0.033612	3.4596e-05	0.047604	supercritical
540.00	159.00	108.72	0.0091976	347.01	493.26	5.6318	0.73337	1.0396	466.61	0.033318	3.4635e-05	0.047662	supercritical
541.00	159.00	108.52	0.0092153	347.77	494.29	5.6337	0.73365	1.0397	466.99	0.033026	3.4674e-05	0.047721	supercritical
542.00	159.00	108.31	0.0092330	348.53	495.33	5.6357	0.73394	1.0398	467.37	0.032735	3.4712e-05	0.047779	supercritical
543.00	159.00	108.10	0.0092506	349.29	496.37	5.6376	0.73422	1.0398	467.75	0.032445	3.4751e-05	0.047838	supercritical
544.00	159.00	107.90	0.0092683	350.05	497.41	5.6395	0.73450	1.0399	468.13	0.032156	3.4790e-05	0.047896	supercritical
545.00	159.00	107.69	0.0092859	350.81	498.45	5.6414	0.73478	1.0400	468.51	0.031868	3.4829e-05	0.047954	supercritical
546.00	159.00	107.49	0.0093036	351.57	499.49	5.6433	0.73506	1.0401	468.88	0.031582	3.4868e-05	0.048013	supercritical
547.00	159.00	107.28	0.0093212	352.33	500.53	5.6452	0.73534	1.0402	469.26	0.031297	3.4906e-05	0.048071	supercritical
548.00	159.00	107.08	0.0093388	353.09	501.57	5.6471	0.73562	1.0402	469.64	0.031013	3.4945e-05	0.048130	supercritical
549.00	159.00	106.88	0.0093565	353.85	502.61	5.6490	0.73590	1.0403	470.02	0.030730	3.4984e-05	0.048188	supercritical
550.00	159.00	106.68	0.0093741	354.61	503.66	5.6509	0.73618	1.0404	470.39	0.030449	3.5022e-05	0.048247	supercritical
551.00	159.00	106.48	0.0093917	355.37	504.70	5.6528	0.73646	1.0405	470.77	0.030169	3.5061e-05	0.048305	supercritical
552.00	159.00	106.28	0.0094093	356.13	505.74	5.6547	0.73675	1.0406	471.14	0.029889	3.5100e-05	0.048363	supercritical
553.00	159.00	106.08	0.0094269	356.89	506.78	5.6566	0.73703	1.0407	471.52	0.029611	3.5138e-05	0.048422	supercritical
554.00	159.00	105.88	0.0094445	357.65	507.82	5.6584	0.73731	1.0408	471.89	0.029335	3.5177e-05	0.048480	supercritical
555.00	159.00	105.68	0.0094621	358.41	508.86	5.6603	0.73759	1.0409	472.27	0.029059	3.5216e-05	0.048539	supercritical
556.00	159.00	105.49	0.0094797	359.17	509.90	5.6622	0.73787	1.0410	472.64	0.028784	3.5254e-05	0.048597	supercritical
557.00	159.00	105.29	0.0094973	359.93	510.94	5.6641	0.73815	1.0410	473.01	0.028511	3.5293e-05	0.048655	supercritical
558.00	159.00	105.10	0.0095149	360.69	511.98	5.6659	0.73843	1.0411	473.38	0.028239	3.5331e-05	0.048714	supercritical
559.00	159.00	104.90	0.0095325	361.46	513.02	5.6678	0.73871	1.0412	473.76	0.027968	3.5370e-05	0.048772	supercritical
560.00	159.00	104.71	0.0095500	362.22	514.06	5.6697	0.73899	1.0413	474.13	0.027698	3.5408e-05	0.048831	supercritical
561.00	159.00	104.52	0.0095676	362.98	515.11	5.6715	0.73927	1.0414	474.50	0.027429	3.5447e-05	0.048889	supercritical
562.00	159.00	104.33	0.0095852	363.74	516.15	5.6734	0.73955	1.0415	474.87	0.027161	3.5485e-05	0.048948	supercritical
563.00	159.00	104.14	0.0096027	364.51	517.19	5.6752	0.73983	1.0416	475.24	0.026895	3.5523e-05	0.049006	supercritical
564.00	159.00	103.95	0.0096203	365.27	518.23	5.6771	0.74011	1.0417	475.61	0.026629	3.5562e-05	0.049064	supercritical
565.00	159.00	103.76	0.0096378	366.03	519.27	5.6789	0.74039	1.0418	475.98	0.026365	3.5600e-05	0.049123	supercritical
566.00	159.00	103.57	0.0096553	366.79	520.31	5.6808	0.74067	1.0419	476.35	0.026101	3.5639e-05	0.049181	supercritical
567.00	159.00	103.38	0.0096729	367.56	521.36	5.6826	0.74095	1.0420	476.72	0.025839	3.5677e-05	0.049239	supercritical
568.00	159.00	103.19	0.0096904	368.32	522.40	5.6844	0.74123	1.0421	477.09	0.025578	3.5715e-05	0.049298	supercritical
569.00	159.00	103.01	0.0097079	369.08	523.44	5.6863	0.74151	1.0422	477.45	0.025318	3.5753e-05	0.049356	supercritical
570.00	159.00	102.82	0.0097255	369.85	524.48	5.6881	0.74179	1.0424	477.82	0.025059	3.5792e-05	0.049415	supercritical
571.00	159.00	102.64	0.0097430	370.61	525.52	5.6899	0.74207	1.0425	478.19	0.024801	3.5830e-05	0.049473	supercritical
572.00	159.00	102.45	0.0097605	371.38	526.57	5.6917	0.74235	1.0426	478.56	0.024544	3.5868e-05	0.049531	supercritical
573.00	159.00	102.27	0.0097780	372.14	527.61	5.6936	0.74262	1.0427	478.92	0.024288	3.5906e-05	0.049590	supercritical
574.00	159.00	102.09	0.0097955	372.90	528.65	5.6954	0.74290	1.0428	479.29	0.024033	3.5945e-05	0.049648	supercritical
575.00	159.00	101.91	0.0098130	373.67	529.70	5.6972	0.74318	1.0429	479.65	0.023779	3.5983e-05	0.049706	supercritical
576.00	159.00	101.72	0.0098305	374.43	530.74	5.6990	0.74346	1.0430	480.02	0.023527	3.6021e-05	0.049765	supercritical
577.00	159.00	101.54	0.0098480	375.20	531.78	5.7008	0.74374	1.0431	480.38	0.023275	3.6059e-05	0.049823	supercritical
578.00	159.00	101.36	0.0098655	375.96	532.82	5.7026	0.74402	1.0432	480.75	0.023024	3.6097e-05	0.049881	supercritical
579.00	159.00	101.18	0.0098830	376.73	533.87	5.7044	0.74429	1.0434	481.11	0.022775	3.6135e-05	0.049940	supercritical
580.00	159.00	101.01	0.0099004	377.49	534.91	5.7062	0.74457	1.0435	481.48	0.022526	3.6173e-05	0.049998	supercritical
581.00	159.00	100.83	0.0099179	378.26	535.95	5.7080	0.74485	1.0436	481.84	0.022278	3.6211e-05	0.050056	supercritical
582.00	159.00	100.65	0.0099354	379.03	537.00	5.7098	0.74513	1.0437	482.20	0.022032	3.6249e-05	0.050115	supercritical
583.00	159.00	100.47	0.0099528	379.79	538.04	5.7116	0.74540	1.0438	482.56	0.021786	3.6287e-05	0.050173	supercritical
584.00	159.00	100.30	0.0099703	380.56	539.09	5.7134	0.74568	1.0439	482.93	0.021541	3.6325e-05	0.050231	supercritical
585.00	159.00	100.12	0.0099878	381.32	540.13	5.7152	0.74596	1.0441	483.29	0.021298	3.6363e-05	0.050290	supercritical
586.00	159.00	99.948	0.010005	382.09	541.17	5.7170	0.74623	1.0442	483.65	0.021055	3.6401e-05	0.050348	supercritical
587.00	159.00	99.774	0.010023	382.86	542.22	5.7188	0.74651	1.0443	484.01	0.020813	3.6439e-05	0.050406	supercritical
588.00	159.00	99.601	0.010040	383.63	543.26	5.7205	0.74679	1.0444	484.37	0.020573	3.6477e-05	0.050465	supercritical
589.00	159.00	99.428	0.010058	384.39	544.31	5.7223	0.74706	1.0445	484.73	0.020333	3.6515e-05	0.050523	supercritical
590.00	159.00	99.256	0.010075	385.16	545.35	5.7241	0.74734	1.0447	485.09	0.020094	3.6553e-05	0.050581	supercritical
591.00	159.00	99.084	0.010092	385.93	546.40	5.7258	0.74761	1.0448	485.45	0.019856	3.6591e-05	0.050639	supercritical
592.00	159.00	98.914	0.010110	386.70	547.44	5.7276	0.74789	1.0449	485.81	0.019619	3.6628e-05	0.050698	supercritical
593.00	159.00	98.743	0.010127	387.46	548.49	5.7294	0.74817	1.0450	486.17	0.019383	3.6666e-05	0.050756	supercritical
594.00	159.00	98.574	0.010145	388.23	549.53	5.7311	0.74844	1.0452	486.53	0.019148	3.6704e-05	0.050814	supercritical
595.00	159.00	98.405	0.010162	389.00	550.58	5.7329	0.74872	1.0453	486.88	0.018914	3.6742e-05	0.050872	supercritical
596.00	159.00	98.237	0.010179	389.77	551.62	5.7347	0.74899	1.0454	487.24	0.018681	3.6779e-05	0.050931	supercritical
597.00	159.00	98.069	0.010197	390.54	552.67	5.7364	0.74926	1.0456	487.60	0.018449	3.6817e-05	0.050989	supercritical
598.00	159.00	97.902	0.010214	391.31	553.71	5.7382	0.74954	1.0457	487.95	0.018218	3.6855e-05	0.051047	supercritical
599.00	159.00	97.736	0.010232	392.08	554.76	5.7399	0.74981	1.0458	488.31	0.017987	3.6892e-05	0.051105	supercritical
600.00	159.00	97.570	0.010249	392.84	555.81	5.7416	0.75009	1.0459	488.67	0.017758	3.6930e-05	0.051163	supercritical
