Temperature (K)	Pressure (bar)	Density (kg/m3)	Volume (m3/kg)	Internal Energy (kJ/kg)	Enthalpy (kJ/kg)	Entropy (J/g*K)	Cv (J/g*K)	Cp (J/g*K)	Sound Spd. (m/s)	Joule-Thomson (K/bar)	Viscosity (Pa*s)	Therm. Cond. (W/m*K)	Phase
60.000	157.00	1300.1	0.00076919	-186.51	-174.43	2.2170	1.0945	1.6428	1169.3	-0.037923	0.00065264	0.20018	liquid
61.000	157.00	1295.9	0.00077164	-184.90	-172.79	2.2442	1.0877	1.6456	1165.3	-0.037760	0.00062206	0.19891	liquid
62.000	157.00	1291.8	0.00077411	-183.30	-171.14	2.2710	1.0815	1.6478	1160.7	-0.037617	0.00059352	0.19764	liquid
63.000	157.00	1287.6	0.00077661	-181.69	-169.49	2.2974	1.0758	1.6495	1155.6	-0.037491	0.00056685	0.19637	liquid
64.000	157.00	1283.5	0.00077913	-180.08	-167.84	2.3234	1.0705	1.6507	1150.0	-0.037379	0.00054193	0.19510	liquid
65.000	157.00	1279.3	0.00078168	-178.47	-166.19	2.3490	1.0654	1.6515	1144.2	-0.037278	0.00051863	0.19382	liquid
66.000	157.00	1275.1	0.00078424	-176.85	-164.54	2.3742	1.0604	1.6519	1138.0	-0.037188	0.00049682	0.19255	liquid
67.000	157.00	1270.9	0.00078683	-175.24	-162.89	2.3990	1.0556	1.6520	1131.7	-0.037105	0.00047639	0.19128	liquid
68.000	157.00	1266.7	0.00078943	-173.63	-161.24	2.4235	1.0509	1.6518	1125.1	-0.037028	0.00045725	0.19001	liquid
69.000	157.00	1262.5	0.00079206	-172.02	-159.59	2.4476	1.0463	1.6514	1118.5	-0.036955	0.00043929	0.18874	liquid
70.000	157.00	1258.3	0.00079470	-170.41	-157.93	2.4714	1.0418	1.6509	1111.8	-0.036884	0.00042242	0.18747	liquid
71.000	157.00	1254.1	0.00079737	-168.80	-156.28	2.4948	1.0373	1.6502	1104.9	-0.036814	0.00040657	0.18620	liquid
72.000	157.00	1249.9	0.00080005	-167.19	-154.63	2.5179	1.0328	1.6494	1098.1	-0.036745	0.00039165	0.18493	liquid
73.000	157.00	1245.7	0.00080275	-165.59	-152.99	2.5406	1.0284	1.6485	1091.2	-0.036674	0.00037761	0.18366	liquid
74.000	157.00	1241.5	0.00080548	-163.98	-151.34	2.5630	1.0240	1.6476	1084.2	-0.036602	0.00036438	0.18239	liquid
75.000	157.00	1237.3	0.00080823	-162.38	-149.69	2.5851	1.0196	1.6466	1077.3	-0.036526	0.00035189	0.18112	liquid
76.000	157.00	1233.1	0.00081099	-160.78	-148.04	2.6069	1.0152	1.6457	1070.3	-0.036448	0.00034010	0.17985	liquid
77.000	157.00	1228.8	0.00081378	-159.17	-146.40	2.6284	1.0109	1.6448	1063.3	-0.036365	0.00032895	0.17858	liquid
78.000	157.00	1224.6	0.00081659	-157.57	-144.75	2.6497	1.0067	1.6439	1056.3	-0.036277	0.00031841	0.17731	liquid
79.000	157.00	1220.4	0.00081943	-155.98	-143.11	2.6706	1.0024	1.6431	1049.3	-0.036184	0.00030842	0.17604	liquid
80.000	157.00	1216.1	0.00082229	-154.38	-141.47	2.6913	0.99825	1.6423	1042.4	-0.036086	0.00029895	0.17477	liquid
81.000	157.00	1211.9	0.00082517	-152.78	-139.83	2.7117	0.99410	1.6415	1035.4	-0.035981	0.00028996	0.17350	liquid
82.000	157.00	1207.6	0.00082808	-151.19	-138.19	2.7318	0.98998	1.6409	1028.4	-0.035870	0.00028143	0.17223	liquid
83.000	157.00	1203.4	0.00083101	-149.59	-136.54	2.7517	0.98591	1.6403	1021.5	-0.035752	0.00027331	0.17096	liquid
84.000	157.00	1199.1	0.00083397	-148.00	-134.90	2.7713	0.98188	1.6398	1014.6	-0.035628	0.00026559	0.16969	liquid
85.000	157.00	1194.8	0.00083696	-146.40	-133.26	2.7907	0.97790	1.6395	1007.6	-0.035495	0.00025824	0.16842	liquid
86.000	157.00	1190.5	0.00083997	-144.81	-131.63	2.8099	0.97396	1.6392	1000.7	-0.035355	0.00025122	0.16715	liquid
87.000	157.00	1186.2	0.00084302	-143.22	-129.99	2.8289	0.97007	1.6389	993.80	-0.035208	0.00024453	0.16588	liquid
88.000	157.00	1181.9	0.00084609	-141.63	-128.35	2.8476	0.96622	1.6388	986.91	-0.035052	0.00023814	0.16461	liquid
89.000	157.00	1177.6	0.00084919	-140.04	-126.71	2.8661	0.96242	1.6388	980.02	-0.034887	0.00023203	0.16334	liquid
90.000	157.00	1173.3	0.00085232	-138.45	-125.07	2.8844	0.95867	1.6390	973.14	-0.034715	0.00022618	0.16207	liquid
91.000	157.00	1168.9	0.00085549	-136.86	-123.43	2.9025	0.95496	1.6392	966.26	-0.034533	0.00022057	0.16079	liquid
92.000	157.00	1164.6	0.00085869	-135.27	-121.79	2.9204	0.95130	1.6395	959.40	-0.034343	0.00021520	0.15952	liquid
93.000	157.00	1160.2	0.00086192	-133.68	-120.15	2.9382	0.94769	1.6399	952.54	-0.034143	0.00021005	0.15825	liquid
94.000	157.00	1155.8	0.00086518	-132.09	-118.51	2.9557	0.94413	1.6404	945.69	-0.033934	0.00020510	0.15697	liquid
95.000	157.00	1151.4	0.00086848	-130.51	-116.87	2.9731	0.94061	1.6411	938.85	-0.033715	0.00020034	0.15570	liquid
96.000	157.00	1147.0	0.00087182	-128.92	-115.23	2.9903	0.93714	1.6418	932.01	-0.033486	0.00019576	0.15442	liquid
97.000	157.00	1142.6	0.00087519	-127.33	-113.59	3.0073	0.93371	1.6427	925.18	-0.033247	0.00019136	0.15315	liquid
98.000	157.00	1138.2	0.00087860	-125.74	-111.94	3.0241	0.93033	1.6437	918.35	-0.032998	0.00018711	0.15187	liquid
99.000	157.00	1133.7	0.00088205	-124.15	-110.30	3.0408	0.92700	1.6447	911.52	-0.032739	0.00018302	0.15060	liquid
100.00	157.00	1129.3	0.00088554	-122.56	-108.65	3.0574	0.92371	1.6459	904.70	-0.032468	0.00017907	0.14933	liquid
101.00	157.00	1124.8	0.00088907	-120.97	-107.01	3.0737	0.92047	1.6472	897.88	-0.032187	0.00017525	0.14805	liquid
102.00	157.00	1120.3	0.00089265	-119.37	-105.36	3.0900	0.91727	1.6486	891.06	-0.031894	0.00017156	0.14678	liquid
103.00	157.00	1115.7	0.00089627	-117.78	-103.71	3.1061	0.91411	1.6502	884.25	-0.031590	0.00016799	0.14550	liquid
104.00	157.00	1111.2	0.00089993	-116.19	-102.06	3.1220	0.91100	1.6518	877.43	-0.031274	0.00016454	0.14423	liquid
105.00	157.00	1106.6	0.00090364	-114.59	-100.41	3.1378	0.90793	1.6536	870.62	-0.030945	0.00016119	0.14295	liquid
106.00	157.00	1102.1	0.00090740	-113.00	-98.752	3.1535	0.90490	1.6554	863.80	-0.030604	0.00015795	0.14168	liquid
107.00	157.00	1097.5	0.00091120	-111.40	-97.096	3.1691	0.90191	1.6574	856.99	-0.030251	0.00015480	0.14040	liquid
108.00	157.00	1092.8	0.00091506	-109.80	-95.437	3.1845	0.89896	1.6595	850.17	-0.029884	0.00015175	0.13913	liquid
109.00	157.00	1088.2	0.00091896	-108.20	-93.777	3.1998	0.89606	1.6618	843.35	-0.029503	0.00014878	0.13786	liquid
110.00	157.00	1083.5	0.00092292	-106.60	-92.114	3.2150	0.89319	1.6641	836.53	-0.029108	0.00014590	0.13659	liquid
111.00	157.00	1078.8	0.00092694	-105.00	-90.449	3.2301	0.89037	1.6666	829.71	-0.028699	0.00014310	0.13532	liquid
112.00	157.00	1074.1	0.00093101	-103.40	-88.781	3.2450	0.88758	1.6692	822.89	-0.028275	0.00014037	0.13405	liquid
113.00	157.00	1069.4	0.00093514	-101.79	-87.110	3.2599	0.88484	1.6719	816.06	-0.027836	0.00013771	0.13278	liquid
114.00	157.00	1064.6	0.00093932	-100.18	-85.437	3.2746	0.88213	1.6747	809.23	-0.027381	0.00013513	0.13151	liquid
115.00	157.00	1059.8	0.00094357	-98.575	-83.761	3.2893	0.87946	1.6777	802.39	-0.026910	0.00013260	0.13025	liquid
116.00	157.00	1055.0	0.00094788	-96.963	-82.081	3.3038	0.87683	1.6808	795.55	-0.026422	0.00013015	0.12899	liquid
117.00	157.00	1050.1	0.00095226	-95.349	-80.399	3.3182	0.87423	1.6840	788.71	-0.025917	0.00012775	0.12773	liquid
118.00	157.00	1045.3	0.00095670	-93.733	-78.713	3.3326	0.87168	1.6874	781.87	-0.025394	0.00012541	0.12648	liquid
119.00	157.00	1040.4	0.00096121	-92.115	-77.024	3.3468	0.86916	1.6909	775.01	-0.024853	0.00012312	0.12522	liquid
120.00	157.00	1035.4	0.00096579	-90.494	-75.331	3.3610	0.86668	1.6946	768.16	-0.024292	0.00012088	0.12397	liquid
121.00	157.00	1030.5	0.00097045	-88.871	-73.635	3.3751	0.86424	1.6984	761.30	-0.023711	0.00011870	0.12272	liquid
122.00	157.00	1025.5	0.00097518	-87.245	-71.935	3.3891	0.86183	1.7024	754.43	-0.023111	0.00011656	0.12147	liquid
123.00	157.00	1020.4	0.00097998	-85.616	-70.230	3.4030	0.85946	1.7065	747.56	-0.022488	0.00011448	0.12023	liquid
124.00	157.00	1015.4	0.00098487	-83.984	-68.522	3.4168	0.85712	1.7107	740.68	-0.021844	0.00011243	0.11898	liquid
125.00	157.00	1010.3	0.00098984	-82.349	-66.809	3.4306	0.85483	1.7152	733.80	-0.021178	0.00011043	0.11774	liquid
126.00	157.00	1005.1	0.00099490	-80.711	-65.091	3.4443	0.85257	1.7198	726.91	-0.020487	0.00010847	0.11651	liquid
127.00	157.00	999.96	0.0010000	-79.070	-63.369	3.4579	0.85034	1.7245	720.01	-0.019772	0.00010655	0.11527	liquid
128.00	157.00	994.75	0.0010053	-77.425	-61.642	3.4714	0.84816	1.7295	713.11	-0.019032	0.00010467	0.11404	liquid
129.00	157.00	989.50	0.0010106	-75.776	-59.910	3.4849	0.84601	1.7346	706.21	-0.018266	0.00010282	0.11281	liquid
130.00	157.00	984.22	0.0010160	-74.124	-58.173	3.4983	0.84390	1.7399	699.29	-0.017472	0.00010102	0.11159	liquid
131.00	157.00	978.89	0.0010216	-72.469	-56.430	3.5117	0.84182	1.7454	692.38	-0.016649	9.9243e-05	0.11037	liquid
132.00	157.00	973.52	0.0010272	-70.809	-54.682	3.5250	0.83978	1.7511	685.45	-0.015798	9.7503e-05	0.10915	liquid
133.00	157.00	968.11	0.0010329	-69.145	-52.928	3.5382	0.83778	1.7570	678.52	-0.014915	9.5796e-05	0.10794	liquid
134.00	157.00	962.66	0.0010388	-67.477	-51.168	3.5514	0.83582	1.7632	671.58	-0.014001	9.4121e-05	0.10673	liquid
135.00	157.00	957.16	0.0010448	-65.804	-49.401	3.5645	0.83389	1.7695	664.64	-0.013053	9.2476e-05	0.10553	liquid
136.00	157.00	951.61	0.0010508	-64.127	-47.629	3.5776	0.83200	1.7760	657.70	-0.012071	9.0861e-05	0.10433	liquid
137.00	157.00	946.02	0.0010571	-62.445	-45.849	3.5906	0.83015	1.7828	650.74	-0.011053	8.9274e-05	0.10314	liquid
138.00	157.00	940.38	0.0010634	-60.758	-44.063	3.6036	0.82834	1.7899	643.79	-0.0099973	8.7716e-05	0.10195	liquid
139.00	157.00	934.68	0.0010699	-59.066	-42.269	3.6166	0.82657	1.7971	636.83	-0.0089029	8.6186e-05	0.10076	liquid
140.00	157.00	928.94	0.0010765	-57.369	-40.468	3.6295	0.82483	1.8047	629.86	-0.0077679	8.4682e-05	0.099585	liquid
141.00	157.00	923.14	0.0010833	-55.667	-38.660	3.6424	0.82314	1.8125	622.90	-0.0065906	8.3204e-05	0.098412	liquid
142.00	157.00	917.29	0.0010902	-53.959	-36.843	3.6552	0.82148	1.8205	615.93	-0.0053693	8.1751e-05	0.097245	liquid
143.00	157.00	911.38	0.0010972	-52.245	-35.019	3.6680	0.81987	1.8289	608.96	-0.0041022	8.0323e-05	0.096085	liquid
144.00	157.00	905.41	0.0011045	-50.526	-33.186	3.6808	0.81829	1.8375	601.98	-0.0027873	7.8920e-05	0.094930	liquid
145.00	157.00	899.39	0.0011119	-48.800	-31.344	3.6935	0.81676	1.8464	595.01	-0.0014226	7.7540e-05	0.093782	liquid
146.00	157.00	893.30	0.0011194	-47.068	-29.493	3.7062	0.81527	1.8556	588.04	-6.0030e-06	7.6183e-05	0.092641	liquid
147.00	157.00	887.15	0.0011272	-45.329	-27.632	3.7189	0.81382	1.8652	581.07	0.0014647	7.4849e-05	0.091507	liquid
148.00	157.00	880.94	0.0011352	-43.584	-25.762	3.7316	0.81241	1.8750	574.10	0.0029917	7.3536e-05	0.090380	liquid
149.00	157.00	874.66	0.0011433	-41.832	-23.882	3.7443	0.81104	1.8852	567.14	0.0045774	7.2246e-05	0.089261	liquid
150.00	157.00	868.31	0.0011517	-40.073	-21.992	3.7569	0.80972	1.8958	560.19	0.0062242	7.0977e-05	0.088149	liquid
151.00	157.00	861.89	0.0011602	-38.306	-20.090	3.7696	0.80844	1.9067	553.24	0.0079347	6.9729e-05	0.087045	liquid
152.00	157.00	855.40	0.0011690	-36.532	-18.178	3.7822	0.80720	1.9179	546.30	0.0097115	6.8502e-05	0.085949	liquid
153.00	157.00	848.84	0.0011781	-34.750	-16.255	3.7948	0.80601	1.9295	539.38	0.011557	6.7294e-05	0.084861	liquid
154.00	157.00	842.21	0.0011874	-32.961	-14.319	3.8074	0.80486	1.9415	532.47	0.013475	6.6107e-05	0.083782	liquid
155.00	157.00	835.49	0.0011969	-31.163	-12.372	3.8200	0.80376	1.9538	525.57	0.015467	6.4939e-05	0.082712	supercritical
156.00	157.00	828.70	0.0012067	-29.357	-10.411	3.8326	0.80269	1.9665	518.70	0.017536	6.3790e-05	0.081651	supercritical
157.00	157.00	821.83	0.0012168	-27.542	-8.4383	3.8452	0.80168	1.9796	511.85	0.019686	6.2661e-05	0.080599	supercritical
158.00	157.00	814.88	0.0012272	-25.719	-6.4520	3.8578	0.80070	1.9931	505.02	0.021919	6.1550e-05	0.079556	supercritical
159.00	157.00	807.85	0.0012379	-23.886	-4.4520	3.8705	0.79977	2.0070	498.23	0.024239	6.0457e-05	0.078523	supercritical
160.00	157.00	800.73	0.0012489	-22.045	-2.4380	3.8831	0.79888	2.0212	491.47	0.026647	5.9383e-05	0.077500	supercritical
161.00	157.00	793.52	0.0012602	-20.195	-0.40952	3.8957	0.79803	2.0358	484.74	0.029148	5.8326e-05	0.076487	supercritical
162.00	157.00	786.23	0.0012719	-18.335	1.6337	3.9084	0.79722	2.0507	478.06	0.031744	5.7288e-05	0.075485	supercritical
163.00	157.00	778.85	0.0012840	-16.466	3.6921	3.9210	0.79645	2.0660	471.43	0.034438	5.6267e-05	0.074492	supercritical
164.00	157.00	771.37	0.0012964	-14.587	5.7659	3.9337	0.79572	2.0816	464.85	0.037232	5.5263e-05	0.073511	supercritical
165.00	157.00	763.81	0.0013092	-12.699	7.8554	3.9464	0.79502	2.0975	458.33	0.040128	5.4277e-05	0.072540	supercritical
166.00	157.00	756.16	0.0013225	-10.802	9.9610	3.9591	0.79436	2.1137	451.88	0.043130	5.3308e-05	0.071580	supercritical
167.00	157.00	748.42	0.0013361	-8.8946	12.083	3.9719	0.79373	2.1300	445.49	0.046238	5.2356e-05	0.070631	supercritical
168.00	157.00	740.59	0.0013503	-6.9781	14.221	3.9847	0.79313	2.1466	439.19	0.049454	5.1421e-05	0.069693	supercritical
169.00	157.00	732.68	0.0013649	-5.0523	16.376	3.9974	0.79255	2.1632	432.96	0.052779	5.0503e-05	0.068767	supercritical
170.00	157.00	724.67	0.0013799	-3.1175	18.548	4.0103	0.79199	2.1799	426.83	0.056212	4.9602e-05	0.067852	supercritical
171.00	157.00	716.58	0.0013955	-1.1739	20.736	4.0231	0.79145	2.1965	420.80	0.059754	4.8717e-05	0.066948	supercritical
172.00	157.00	708.41	0.0014116	0.77804	22.940	4.0359	0.79093	2.2129	414.88	0.063403	4.7850e-05	0.066057	supercritical
173.00	157.00	700.16	0.0014283	2.7379	25.161	4.0488	0.79042	2.2292	409.07	0.067156	4.6999e-05	0.065177	supercritical
174.00	157.00	691.83	0.0014454	4.7052	27.399	4.0617	0.78992	2.2450	403.38	0.071010	4.6165e-05	0.064309	supercritical
175.00	157.00	683.44	0.0014632	6.6792	29.651	4.0746	0.78942	2.2604	397.83	0.074962	4.5348e-05	0.063452	supercritical
176.00	157.00	674.98	0.0014815	8.6591	31.919	4.0876	0.78892	2.2751	392.42	0.079005	4.4548e-05	0.062608	supercritical
177.00	157.00	666.46	0.0015005	10.644	34.201	4.1005	0.78842	2.2890	387.15	0.083132	4.3766e-05	0.061776	supercritical
178.00	157.00	657.90	0.0015200	12.633	36.497	4.1134	0.78790	2.3021	382.05	0.087338	4.3000e-05	0.060955	supercritical
179.00	157.00	649.30	0.0015401	14.625	38.805	4.1263	0.78738	2.3141	377.10	0.091613	4.2253e-05	0.060147	supercritical
180.00	157.00	640.66	0.0015609	16.619	41.125	4.1393	0.78684	2.3249	372.33	0.095948	4.1523e-05	0.059352	supercritical
181.00	157.00	632.01	0.0015823	18.613	43.454	4.1522	0.78627	2.3344	367.74	0.10033	4.0811e-05	0.058568	supercritical
182.00	157.00	623.34	0.0016042	20.606	45.793	4.1651	0.78568	2.3424	363.33	0.10476	4.0117e-05	0.057797	supercritical
183.00	157.00	614.68	0.0016269	22.597	48.139	4.1779	0.78506	2.3489	359.10	0.10921	3.9441e-05	0.057039	supercritical
184.00	157.00	606.04	0.0016501	24.584	50.490	4.1907	0.78440	2.3538	355.07	0.11368	3.8783e-05	0.056294	supercritical
185.00	157.00	597.42	0.0016739	26.566	52.846	4.2035	0.78371	2.3570	351.23	0.11816	3.8145e-05	0.055561	supercritical
186.00	157.00	588.84	0.0016983	28.541	55.204	4.2162	0.78297	2.3584	347.58	0.12263	3.7524e-05	0.054842	supercritical
187.00	157.00	580.31	0.0017232	30.507	57.562	4.2288	0.78218	2.3580	344.13	0.12708	3.6923e-05	0.054136	supercritical
188.00	157.00	571.84	0.0017487	32.464	59.919	4.2414	0.78134	2.3558	340.87	0.13150	3.6341e-05	0.053444	supercritical
189.00	157.00	563.45	0.0017748	34.409	62.273	4.2539	0.78044	2.3517	337.80	0.13587	3.5777e-05	0.052766	supercritical
190.00	157.00	555.15	0.0018013	36.341	64.622	4.2663	0.77950	2.3458	334.92	0.14019	3.5232e-05	0.052102	supercritical
191.00	157.00	546.94	0.0018283	38.259	66.964	4.2786	0.77849	2.3381	332.22	0.14444	3.4706e-05	0.051452	supercritical
192.00	157.00	538.85	0.0018558	40.161	69.297	4.2908	0.77743	2.3286	329.71	0.14861	3.4198e-05	0.050817	supercritical
193.00	157.00	530.87	0.0018837	42.046	71.620	4.3029	0.77631	2.3174	327.37	0.15268	3.3710e-05	0.050196	supercritical
194.00	157.00	523.02	0.0019120	43.913	73.932	4.3148	0.77513	2.3046	325.20	0.15666	3.3239e-05	0.049591	supercritical
195.00	157.00	515.30	0.0019406	45.761	76.229	4.3266	0.77390	2.2903	323.20	0.16052	3.2787e-05	0.049001	supercritical
196.00	157.00	507.72	0.0019696	47.589	78.512	4.3383	0.77263	2.2746	321.36	0.16426	3.2353e-05	0.048426	supercritical
197.00	157.00	500.29	0.0019988	49.396	80.778	4.3498	0.77130	2.2576	319.67	0.16787	3.1936e-05	0.047867	supercritical
198.00	157.00	493.01	0.0020283	51.182	83.027	4.3612	0.76993	2.2394	318.13	0.17134	3.1537e-05	0.047324	supercritical
199.00	157.00	485.89	0.0020581	52.945	85.257	4.3724	0.76853	2.2203	316.73	0.17467	3.1155e-05	0.046797	supercritical
200.00	157.00	478.93	0.0020880	54.685	87.467	4.3835	0.76709	2.2002	315.46	0.17786	3.0790e-05	0.046286	supercritical
201.00	157.00	472.13	0.0021181	56.403	89.657	4.3944	0.76562	2.1794	314.32	0.18090	3.0440e-05	0.045790	supercritical
202.00	157.00	465.49	0.0021483	58.097	91.825	4.4052	0.76412	2.1579	313.30	0.18379	3.0107e-05	0.045311	supercritical
203.00	157.00	459.01	0.0021786	59.768	93.972	4.4158	0.76261	2.1360	312.40	0.18652	2.9789e-05	0.044847	supercritical
204.00	157.00	452.69	0.0022090	61.416	96.097	4.4262	0.76108	2.1138	311.60	0.18911	2.9486e-05	0.044399	supercritical
205.00	157.00	446.54	0.0022394	63.041	98.200	4.4365	0.75955	2.0913	310.90	0.19154	2.9197e-05	0.043967	supercritical
206.00	157.00	440.54	0.0022699	64.642	100.28	4.4466	0.75800	2.0687	310.29	0.19383	2.8921e-05	0.043550	supercritical
207.00	157.00	434.71	0.0023004	66.221	102.34	4.4566	0.75645	2.0461	309.77	0.19598	2.8659e-05	0.043147	supercritical
208.00	157.00	429.02	0.0023309	67.777	104.37	4.4664	0.75491	2.0235	309.34	0.19798	2.8410e-05	0.042760	supercritical
209.00	157.00	423.49	0.0023613	69.311	106.38	4.4761	0.75337	2.0010	308.98	0.19984	2.8174e-05	0.042387	supercritical
210.00	157.00	418.11	0.0023917	70.824	108.37	4.4856	0.75184	1.9787	308.69	0.20157	2.7948e-05	0.042028	supercritical
211.00	157.00	412.87	0.0024221	72.315	110.34	4.4949	0.75032	1.9567	308.47	0.20317	2.7735e-05	0.041684	supercritical
212.00	157.00	407.77	0.0024524	73.785	112.29	4.5041	0.74881	1.9350	308.31	0.20464	2.7532e-05	0.041352	supercritical
213.00	157.00	402.81	0.0024826	75.235	114.21	4.5132	0.74732	1.9137	308.21	0.20599	2.7339e-05	0.041034	supercritical
214.00	157.00	397.98	0.0025127	76.666	116.12	4.5221	0.74584	1.8927	308.16	0.20722	2.7157e-05	0.040728	supercritical
215.00	157.00	393.28	0.0025427	78.077	118.00	4.5309	0.74439	1.8721	308.16	0.20835	2.6983e-05	0.040434	supercritical
216.00	157.00	388.71	0.0025726	79.469	119.86	4.5395	0.74295	1.8519	308.21	0.20936	2.6819e-05	0.040153	supercritical
217.00	157.00	384.26	0.0026024	80.843	121.70	4.5480	0.74154	1.8322	308.31	0.21027	2.6663e-05	0.039882	supercritical
218.00	157.00	379.92	0.0026321	82.200	123.52	4.5564	0.74015	1.8129	308.44	0.21108	2.6516e-05	0.039623	supercritical
219.00	157.00	375.70	0.0026617	83.539	125.33	4.5646	0.73878	1.7941	308.61	0.21180	2.6376e-05	0.039375	supercritical
220.00	157.00	371.59	0.0026911	84.862	127.11	4.5728	0.73744	1.7758	308.81	0.21242	2.6244e-05	0.039137	supercritical
221.00	157.00	367.59	0.0027204	86.168	128.88	4.5808	0.73612	1.7579	309.05	0.21296	2.6119e-05	0.038909	supercritical
222.00	157.00	363.69	0.0027496	87.459	130.63	4.5887	0.73483	1.7405	309.31	0.21342	2.6001e-05	0.038691	supercritical
223.00	157.00	359.88	0.0027787	88.735	132.36	4.5965	0.73356	1.7235	309.61	0.21380	2.5889e-05	0.038482	supercritical
224.00	157.00	356.18	0.0028076	89.996	134.08	4.6041	0.73232	1.7070	309.93	0.21410	2.5784e-05	0.038281	supercritical
225.00	157.00	352.56	0.0028364	91.243	135.77	4.6117	0.73111	1.6909	310.27	0.21434	2.5684e-05	0.038090	supercritical
226.00	157.00	349.04	0.0028650	92.477	137.46	4.6192	0.72992	1.6753	310.63	0.21451	2.5590e-05	0.037906	supercritical
227.00	157.00	345.60	0.0028935	93.697	139.13	4.6265	0.72876	1.6601	311.02	0.21461	2.5501e-05	0.037731	supercritical
228.00	157.00	342.24	0.0029219	94.904	140.78	4.6338	0.72762	1.6453	311.42	0.21465	2.5417e-05	0.037563	supercritical
229.00	157.00	338.97	0.0029501	96.099	142.42	4.6410	0.72651	1.6310	311.85	0.21464	2.5339e-05	0.037403	supercritical
230.00	157.00	335.77	0.0029783	97.281	144.04	4.6480	0.72542	1.6170	312.28	0.21457	2.5265e-05	0.037249	supercritical
231.00	157.00	332.64	0.0030062	98.452	145.65	4.6550	0.72436	1.6034	312.74	0.21445	2.5195e-05	0.037103	supercritical
232.00	157.00	329.59	0.0030341	99.612	147.25	4.6619	0.72333	1.5903	313.21	0.21428	2.5130e-05	0.036962	supercritical
233.00	157.00	326.61	0.0030617	100.76	148.83	4.6687	0.72232	1.5775	313.69	0.21406	2.5068e-05	0.036829	supercritical
234.00	157.00	323.70	0.0030893	101.90	150.40	4.6755	0.72133	1.5650	314.18	0.21380	2.5011e-05	0.036701	supercritical
235.00	157.00	320.85	0.0031168	103.03	151.96	4.6821	0.72037	1.5529	314.68	0.21350	2.4957e-05	0.036579	supercritical
236.00	157.00	318.06	0.0031441	104.15	153.51	4.6887	0.71943	1.5412	315.20	0.21316	2.4907e-05	0.036463	supercritical
237.00	157.00	315.33	0.0031712	105.25	155.04	4.6952	0.71852	1.5297	315.72	0.21278	2.4860e-05	0.036352	supercritical
238.00	157.00	312.67	0.0031983	106.35	156.57	4.7016	0.71762	1.5186	316.25	0.21237	2.4816e-05	0.036246	supercritical
239.00	157.00	310.06	0.0032252	107.44	158.08	4.7079	0.71675	1.5078	316.80	0.21192	2.4776e-05	0.036145	supercritical
240.00	157.00	307.50	0.0032520	108.53	159.58	4.7142	0.71590	1.4973	317.35	0.21145	2.4738e-05	0.036050	supercritical
241.00	157.00	305.00	0.0032787	109.60	161.08	4.7204	0.71507	1.4871	317.90	0.21094	2.4704e-05	0.035958	supercritical
242.00	157.00	302.55	0.0033053	110.66	162.56	4.7266	0.71426	1.4772	318.46	0.21041	2.4671e-05	0.035871	supercritical
243.00	157.00	300.15	0.0033317	111.72	164.03	4.7326	0.71348	1.4675	319.03	0.20985	2.4642e-05	0.035789	supercritical
244.00	157.00	297.79	0.0033580	112.77	165.49	4.7386	0.71271	1.4582	319.61	0.20926	2.4615e-05	0.035710	supercritical
245.00	157.00	295.49	0.0033842	113.81	166.95	4.7446	0.71196	1.4490	320.19	0.20865	2.4591e-05	0.035636	supercritical
246.00	157.00	293.23	0.0034103	114.85	168.39	4.7505	0.71123	1.4401	320.77	0.20802	2.4568e-05	0.035565	supercritical
247.00	157.00	291.01	0.0034363	115.88	169.83	4.7563	0.71053	1.4315	321.36	0.20737	2.4548e-05	0.035499	supercritical
248.00	157.00	288.83	0.0034622	116.90	171.25	4.7621	0.70983	1.4230	321.95	0.20670	2.4531e-05	0.035435	supercritical
249.00	157.00	286.70	0.0034880	117.91	172.67	4.7678	0.70916	1.4148	322.55	0.20601	2.4515e-05	0.035375	supercritical
250.00	157.00	284.61	0.0035136	118.92	174.08	4.7734	0.70850	1.4068	323.15	0.20530	2.4501e-05	0.035319	supercritical
251.00	157.00	282.55	0.0035392	119.92	175.49	4.7790	0.70787	1.3991	323.75	0.20458	2.4489e-05	0.035265	supercritical
252.00	157.00	280.53	0.0035646	120.92	176.88	4.7846	0.70724	1.3915	324.35	0.20385	2.4478e-05	0.035215	supercritical
253.00	157.00	278.55	0.0035900	121.91	178.27	4.7901	0.70664	1.3841	324.96	0.20309	2.4470e-05	0.035168	supercritical
254.00	157.00	276.61	0.0036152	122.89	179.65	4.7955	0.70605	1.3769	325.57	0.20233	2.4463e-05	0.035124	supercritical
255.00	157.00	274.70	0.0036404	123.87	181.02	4.8009	0.70547	1.3699	326.18	0.20155	2.4458e-05	0.035082	supercritical
256.00	157.00	272.82	0.0036654	124.84	182.39	4.8063	0.70491	1.3631	326.80	0.20077	2.4454e-05	0.035043	supercritical
257.00	157.00	270.97	0.0036904	125.81	183.75	4.8116	0.70437	1.3564	327.41	0.19997	2.4452e-05	0.035007	supercritical
258.00	157.00	269.16	0.0037153	126.77	185.10	4.8168	0.70384	1.3499	328.03	0.19916	2.4451e-05	0.034973	supercritical
259.00	157.00	267.38	0.0037400	127.73	186.45	4.8220	0.70332	1.3435	328.65	0.19834	2.4451e-05	0.034941	supercritical
260.00	157.00	265.62	0.0037647	128.68	187.79	4.8272	0.70282	1.3374	329.27	0.19752	2.4453e-05	0.034912	supercritical
261.00	157.00	263.90	0.0037893	129.63	189.12	4.8323	0.70233	1.3313	329.89	0.19668	2.4456e-05	0.034886	supercritical
262.00	157.00	262.20	0.0038138	130.58	190.45	4.8374	0.70186	1.3254	330.51	0.19584	2.4460e-05	0.034861	supercritical
263.00	157.00	260.54	0.0038383	131.51	191.78	4.8424	0.70139	1.3197	331.13	0.19499	2.4466e-05	0.034839	supercritical
264.00	157.00	258.89	0.0038626	132.45	193.09	4.8474	0.70095	1.3141	331.75	0.19414	2.4472e-05	0.034818	supercritical
265.00	157.00	257.28	0.0038868	133.38	194.40	4.8524	0.70051	1.3086	332.38	0.19328	2.4480e-05	0.034800	supercritical
266.00	157.00	255.69	0.0039110	134.31	195.71	4.8573	0.70008	1.3032	333.00	0.19242	2.4489e-05	0.034783	supercritical
267.00	157.00	254.12	0.0039351	135.23	197.01	4.8622	0.69967	1.2980	333.62	0.19155	2.4499e-05	0.034768	supercritical
268.00	157.00	252.58	0.0039591	136.15	198.31	4.8670	0.69927	1.2929	334.24	0.19067	2.4510e-05	0.034756	supercritical
269.00	157.00	251.06	0.0039830	137.06	199.60	4.8718	0.69888	1.2879	334.87	0.18979	2.4521e-05	0.034745	supercritical
270.00	157.00	249.57	0.0040069	137.97	200.88	4.8766	0.69850	1.2830	335.49	0.18891	2.4534e-05	0.034735	supercritical
271.00	157.00	248.10	0.0040307	138.88	202.16	4.8813	0.69813	1.2783	336.11	0.18803	2.4547e-05	0.034727	supercritical
272.00	157.00	246.65	0.0040544	139.78	203.44	4.8860	0.69777	1.2736	336.74	0.18714	2.4562e-05	0.034721	supercritical
273.00	157.00	245.22	0.0040780	140.68	204.71	4.8907	0.69742	1.2691	337.36	0.18625	2.4577e-05	0.034716	supercritical
274.00	157.00	243.81	0.0041016	141.58	205.98	4.8953	0.69708	1.2646	337.98	0.18536	2.4593e-05	0.034713	supercritical
275.00	157.00	242.42	0.0041251	142.47	207.24	4.8999	0.69676	1.2603	338.60	0.18447	2.4610e-05	0.034712	supercritical
276.00	157.00	241.05	0.0041485	143.37	208.50	4.9045	0.69644	1.2560	339.22	0.18357	2.4627e-05	0.034711	supercritical
277.00	157.00	239.70	0.0041718	144.25	209.75	4.9090	0.69613	1.2518	339.84	0.18268	2.4646e-05	0.034712	supercritical
278.00	157.00	238.37	0.0041951	145.14	211.00	4.9135	0.69583	1.2478	340.46	0.18178	2.4665e-05	0.034715	supercritical
279.00	157.00	237.06	0.0042183	146.02	212.25	4.9180	0.69554	1.2438	341.08	0.18089	2.4684e-05	0.034718	supercritical
280.00	157.00	235.77	0.0042415	146.90	213.49	4.9225	0.69526	1.2399	341.70	0.17999	2.4704e-05	0.034723	supercritical
281.00	157.00	234.49	0.0042646	147.77	214.73	4.9269	0.69499	1.2360	342.31	0.17909	2.4725e-05	0.034729	supercritical
282.00	157.00	233.23	0.0042876	148.64	215.96	4.9313	0.69472	1.2323	342.93	0.17819	2.4747e-05	0.034736	supercritical
283.00	157.00	231.99	0.0043106	149.51	217.19	4.9356	0.69447	1.2286	343.55	0.17729	2.4769e-05	0.034745	supercritical
284.00	157.00	230.76	0.0043335	150.38	218.42	4.9399	0.69422	1.2251	344.16	0.17640	2.4792e-05	0.034754	supercritical
285.00	157.00	229.55	0.0043563	151.25	219.64	4.9442	0.69398	1.2215	344.77	0.17550	2.4815e-05	0.034765	supercritical
286.00	157.00	228.36	0.0043791	152.11	220.86	4.9485	0.69375	1.2181	345.39	0.17461	2.4839e-05	0.034776	supercritical
287.00	157.00	227.18	0.0044018	152.97	222.08	4.9528	0.69353	1.2147	346.00	0.17371	2.4863e-05	0.034789	supercritical
288.00	157.00	226.02	0.0044245	153.83	223.29	4.9570	0.69331	1.2114	346.61	0.17282	2.4888e-05	0.034802	supercritical
289.00	157.00	224.87	0.0044471	154.68	224.50	4.9612	0.69310	1.2082	347.22	0.17192	2.4913e-05	0.034816	supercritical
290.00	157.00	223.73	0.0044696	155.53	225.71	4.9653	0.69290	1.2050	347.83	0.17103	2.4939e-05	0.034832	supercritical
291.00	157.00	222.61	0.0044921	156.38	226.91	4.9695	0.69271	1.2019	348.43	0.17014	2.4965e-05	0.034848	supercritical
292.00	157.00	221.51	0.0045145	157.23	228.11	4.9736	0.69252	1.1989	349.04	0.16925	2.4992e-05	0.034865	supercritical
293.00	157.00	220.41	0.0045369	158.08	229.31	4.9777	0.69234	1.1959	349.65	0.16837	2.5019e-05	0.034882	supercritical
294.00	157.00	219.33	0.0045592	158.92	230.50	4.9818	0.69217	1.1930	350.25	0.16748	2.5046e-05	0.034901	supercritical
295.00	157.00	218.27	0.0045815	159.76	231.69	4.9858	0.69200	1.1901	350.85	0.16660	2.5074e-05	0.034920	supercritical
296.00	157.00	217.21	0.0046037	160.60	232.88	4.9898	0.69184	1.1873	351.45	0.16572	2.5102e-05	0.034940	supercritical
297.00	157.00	216.17	0.0046259	161.44	234.07	4.9938	0.69169	1.1845	352.05	0.16484	2.5131e-05	0.034961	supercritical
298.00	157.00	215.14	0.0046480	162.28	235.25	4.9978	0.69154	1.1818	352.65	0.16397	2.5160e-05	0.034982	supercritical
299.00	157.00	214.13	0.0046701	163.11	236.43	5.0018	0.69140	1.1791	353.25	0.16309	2.5189e-05	0.035004	supercritical
300.00	157.00	213.12	0.0046922	163.94	237.61	5.0057	0.69126	1.1765	353.85	0.16222	2.5219e-05	0.035026	supercritical
301.00	157.00	212.13	0.0047141	164.77	238.78	5.0096	0.69114	1.1740	354.44	0.16135	2.5249e-05	0.035049	supercritical
302.00	157.00	211.15	0.0047361	165.60	239.96	5.0135	0.69101	1.1715	355.04	0.16048	2.5280e-05	0.035072	supercritical
303.00	157.00	210.17	0.0047579	166.43	241.13	5.0174	0.69090	1.1690	355.63	0.15962	2.5310e-05	0.035096	supercritical
304.00	157.00	209.21	0.0047798	167.25	242.30	5.0212	0.69079	1.1666	356.22	0.15876	2.5341e-05	0.035120	supercritical
305.00	157.00	208.26	0.0048016	168.08	243.46	5.0250	0.69068	1.1642	356.81	0.15790	2.5373e-05	0.035143	supercritical
306.00	157.00	207.33	0.0048233	168.90	244.62	5.0288	0.69058	1.1619	357.40	0.15705	2.5404e-05	0.035167	supercritical
307.00	157.00	206.40	0.0048450	169.72	245.78	5.0326	0.69049	1.1596	357.99	0.15619	2.5436e-05	0.035190	supercritical
308.00	157.00	205.48	0.0048667	170.54	246.94	5.0364	0.69040	1.1574	358.57	0.15534	2.5468e-05	0.035211	supercritical
309.00	157.00	204.57	0.0048883	171.35	248.10	5.0401	0.69031	1.1552	359.16	0.15450	2.5501e-05	0.035223	supercritical
310.00	157.00	203.67	0.0049099	172.17	249.25	5.0439	0.69023	1.1530	359.74	0.15365	2.5534e-05	0.035246	supercritical
311.00	157.00	202.78	0.0049314	172.98	250.41	5.0476	0.69016	1.1509	360.32	0.15281	2.5566e-05	0.035281	supercritical
312.00	157.00	201.90	0.0049529	173.79	251.56	5.0513	0.69009	1.1488	360.91	0.15197	2.5600e-05	0.035317	supercritical
313.00	157.00	201.03	0.0049744	174.61	252.70	5.0549	0.69003	1.1468	361.48	0.15114	2.5633e-05	0.035354	supercritical
314.00	157.00	200.17	0.0049958	175.42	253.85	5.0586	0.68997	1.1448	362.06	0.15031	2.5667e-05	0.035391	supercritical
315.00	157.00	199.32	0.0050171	176.22	254.99	5.0622	0.68992	1.1428	362.64	0.14948	2.5701e-05	0.035428	supercritical
316.00	157.00	198.47	0.0050385	177.03	256.13	5.0659	0.68987	1.1409	363.21	0.14865	2.5735e-05	0.035466	supercritical
317.00	157.00	197.64	0.0050598	177.84	257.27	5.0695	0.68982	1.1390	363.79	0.14783	2.5769e-05	0.035505	supercritical
318.00	157.00	196.81	0.0050810	178.64	258.41	5.0730	0.68978	1.1371	364.36	0.14701	2.5804e-05	0.035543	supercritical
319.00	157.00	195.99	0.0051022	179.44	259.55	5.0766	0.68975	1.1353	364.93	0.14619	2.5838e-05	0.035583	supercritical
320.00	157.00	195.18	0.0051234	180.25	260.68	5.0802	0.68972	1.1334	365.50	0.14538	2.5873e-05	0.035622	supercritical
321.00	157.00	194.38	0.0051445	181.05	261.82	5.0837	0.68969	1.1317	366.07	0.14457	2.5908e-05	0.035662	supercritical
322.00	157.00	193.59	0.0051656	181.85	262.95	5.0872	0.68967	1.1299	366.64	0.14377	2.5944e-05	0.035702	supercritical
323.00	157.00	192.80	0.0051867	182.64	264.08	5.0907	0.68965	1.1282	367.21	0.14296	2.5979e-05	0.035743	supercritical
324.00	157.00	192.02	0.0052078	183.44	265.20	5.0942	0.68964	1.1265	367.77	0.14216	2.6015e-05	0.035784	supercritical
325.00	157.00	191.25	0.0052288	184.24	266.33	5.0977	0.68963	1.1249	368.33	0.14137	2.6050e-05	0.035825	supercritical
326.00	157.00	190.49	0.0052497	185.03	267.45	5.1011	0.68962	1.1233	368.90	0.14058	2.6086e-05	0.035867	supercritical
327.00	157.00	189.73	0.0052706	185.83	268.58	5.1046	0.68962	1.1217	369.46	0.13979	2.6122e-05	0.035909	supercritical
328.00	157.00	188.98	0.0052915	186.62	269.70	5.1080	0.68962	1.1201	370.02	0.13900	2.6159e-05	0.035952	supercritical
329.00	157.00	188.24	0.0053124	187.41	270.82	5.1114	0.68963	1.1186	370.57	0.13822	2.6195e-05	0.035994	supercritical
330.00	157.00	187.50	0.0053332	188.20	271.93	5.1148	0.68964	1.1170	371.13	0.13744	2.6232e-05	0.036037	supercritical
331.00	157.00	186.78	0.0053540	188.99	273.05	5.1182	0.68966	1.1156	371.69	0.13666	2.6268e-05	0.036081	supercritical
332.00	157.00	186.05	0.0053748	189.78	274.16	5.1215	0.68967	1.1141	372.24	0.13589	2.6305e-05	0.036124	supercritical
333.00	157.00	185.34	0.0053955	190.57	275.28	5.1249	0.68970	1.1126	372.79	0.13512	2.6342e-05	0.036168	supercritical
334.00	157.00	184.63	0.0054162	191.35	276.39	5.1282	0.68972	1.1112	373.34	0.13436	2.6379e-05	0.036212	supercritical
335.00	157.00	183.93	0.0054369	192.14	277.50	5.1315	0.68975	1.1098	373.89	0.13359	2.6416e-05	0.036257	supercritical
336.00	157.00	183.23	0.0054575	192.93	278.61	5.1348	0.68978	1.1085	374.44	0.13284	2.6454e-05	0.036302	supercritical
337.00	157.00	182.54	0.0054782	193.71	279.72	5.1381	0.68982	1.1071	374.99	0.13208	2.6491e-05	0.036347	supercritical
338.00	157.00	181.86	0.0054987	194.49	280.82	5.1414	0.68986	1.1058	375.54	0.13133	2.6529e-05	0.036392	supercritical
339.00	157.00	181.18	0.0055193	195.28	281.93	5.1447	0.68990	1.1045	376.08	0.13058	2.6567e-05	0.036437	supercritical
340.00	157.00	180.51	0.0055398	196.06	283.03	5.1479	0.68995	1.1032	376.62	0.12983	2.6604e-05	0.036483	supercritical
341.00	157.00	179.85	0.0055603	196.84	284.14	5.1512	0.69000	1.1020	377.17	0.12909	2.6642e-05	0.036529	supercritical
342.00	157.00	179.19	0.0055808	197.62	285.24	5.1544	0.69005	1.1007	377.71	0.12835	2.6680e-05	0.036576	supercritical
343.00	157.00	178.53	0.0056012	198.40	286.34	5.1576	0.69011	1.0995	378.25	0.12762	2.6718e-05	0.036622	supercritical
344.00	157.00	177.89	0.0056216	199.18	287.44	5.1608	0.69017	1.0983	378.79	0.12689	2.6757e-05	0.036669	supercritical
345.00	157.00	177.24	0.0056420	199.95	288.53	5.1640	0.69023	1.0971	379.32	0.12616	2.6795e-05	0.036716	supercritical
346.00	157.00	176.61	0.0056623	200.73	289.63	5.1672	0.69030	1.0960	379.86	0.12543	2.6833e-05	0.036763	supercritical
347.00	157.00	175.97	0.0056827	201.51	290.73	5.1703	0.69037	1.0949	380.39	0.12471	2.6872e-05	0.036811	supercritical
348.00	157.00	175.35	0.0057030	202.28	291.82	5.1735	0.69044	1.0937	380.93	0.12399	2.6910e-05	0.036859	supercritical
349.00	157.00	174.73	0.0057232	203.06	292.91	5.1766	0.69052	1.0926	381.46	0.12328	2.6949e-05	0.036906	supercritical
350.00	157.00	174.11	0.0057435	203.83	294.00	5.1797	0.69060	1.0916	381.99	0.12257	2.6988e-05	0.036955	supercritical
351.00	157.00	173.50	0.0057637	204.61	295.10	5.1828	0.69068	1.0905	382.52	0.12186	2.7026e-05	0.037003	supercritical
352.00	157.00	172.89	0.0057839	205.38	296.19	5.1859	0.69076	1.0894	383.05	0.12116	2.7065e-05	0.037051	supercritical
353.00	157.00	172.29	0.0058041	206.15	297.27	5.1890	0.69085	1.0884	383.58	0.12045	2.7104e-05	0.037100	supercritical
354.00	157.00	171.70	0.0058242	206.92	298.36	5.1921	0.69094	1.0874	384.10	0.11976	2.7143e-05	0.037149	supercritical
355.00	157.00	171.11	0.0058443	207.69	299.45	5.1952	0.69103	1.0864	384.63	0.11906	2.7182e-05	0.037198	supercritical
356.00	157.00	170.52	0.0058644	208.46	300.54	5.1982	0.69113	1.0854	385.15	0.11837	2.7222e-05	0.037247	supercritical
357.00	157.00	169.94	0.0058845	209.23	301.62	5.2013	0.69123	1.0845	385.67	0.11768	2.7261e-05	0.037297	supercritical
358.00	157.00	169.36	0.0059045	210.00	302.70	5.2043	0.69133	1.0835	386.19	0.11699	2.7300e-05	0.037347	supercritical
359.00	157.00	168.79	0.0059246	210.77	303.79	5.2073	0.69143	1.0826	386.71	0.11631	2.7339e-05	0.037396	supercritical
360.00	157.00	168.22	0.0059446	211.54	304.87	5.2103	0.69154	1.0817	387.23	0.11563	2.7379e-05	0.037446	supercritical
361.00	157.00	167.66	0.0059645	212.31	305.95	5.2133	0.69165	1.0808	387.75	0.11496	2.7418e-05	0.037497	supercritical
362.00	157.00	167.10	0.0059845	213.07	307.03	5.2163	0.69176	1.0799	388.27	0.11429	2.7458e-05	0.037547	supercritical
363.00	157.00	166.54	0.0060044	213.84	308.11	5.2193	0.69187	1.0790	388.78	0.11362	2.7497e-05	0.037597	supercritical
364.00	157.00	165.99	0.0060243	214.61	309.19	5.2223	0.69199	1.0782	389.30	0.11295	2.7537e-05	0.037648	supercritical
365.00	157.00	165.45	0.0060442	215.37	310.27	5.2252	0.69211	1.0773	389.81	0.11229	2.7577e-05	0.037699	supercritical
366.00	157.00	164.91	0.0060641	216.14	311.34	5.2282	0.69223	1.0765	390.32	0.11163	2.7616e-05	0.037750	supercritical
367.00	157.00	164.37	0.0060839	216.90	312.42	5.2311	0.69236	1.0757	390.83	0.11097	2.7656e-05	0.037801	supercritical
368.00	157.00	163.83	0.0061037	217.67	313.50	5.2340	0.69248	1.0749	391.34	0.11032	2.7696e-05	0.037852	supercritical
369.00	157.00	163.30	0.0061235	218.43	314.57	5.2369	0.69261	1.0741	391.85	0.10967	2.7736e-05	0.037904	supercritical
370.00	157.00	162.78	0.0061433	219.19	315.64	5.2399	0.69274	1.0733	392.36	0.10902	2.7776e-05	0.037955	supercritical
371.00	157.00	162.26	0.0061631	219.96	316.72	5.2427	0.69288	1.0726	392.86	0.10838	2.7816e-05	0.038007	supercritical
372.00	157.00	161.74	0.0061828	220.72	317.79	5.2456	0.69301	1.0718	393.37	0.10774	2.7856e-05	0.038059	supercritical
373.00	157.00	161.23	0.0062025	221.48	318.86	5.2485	0.69315	1.0711	393.87	0.10710	2.7896e-05	0.038111	supercritical
374.00	157.00	160.71	0.0062222	222.24	319.93	5.2514	0.69329	1.0703	394.37	0.10646	2.7936e-05	0.038163	supercritical
375.00	157.00	160.21	0.0062419	223.00	321.00	5.2542	0.69343	1.0696	394.87	0.10583	2.7976e-05	0.038215	supercritical
376.00	157.00	159.71	0.0062615	223.76	322.07	5.2571	0.69358	1.0689	395.38	0.10520	2.8016e-05	0.038267	supercritical
377.00	157.00	159.21	0.0062812	224.52	323.14	5.2599	0.69373	1.0682	395.87	0.10458	2.8056e-05	0.038320	supercritical
378.00	157.00	158.71	0.0063008	225.28	324.21	5.2627	0.69388	1.0676	396.37	0.10396	2.8096e-05	0.038372	supercritical
379.00	157.00	158.22	0.0063204	226.04	325.27	5.2656	0.69403	1.0669	396.87	0.10334	2.8137e-05	0.038425	supercritical
380.00	157.00	157.73	0.0063399	226.80	326.34	5.2684	0.69418	1.0663	397.37	0.10272	2.8177e-05	0.038478	supercritical
381.00	157.00	157.25	0.0063595	227.56	327.41	5.2712	0.69434	1.0656	397.86	0.10211	2.8217e-05	0.038531	supercritical
382.00	157.00	156.76	0.0063790	228.32	328.47	5.2740	0.69449	1.0650	398.36	0.10149	2.8257e-05	0.038584	supercritical
383.00	157.00	156.29	0.0063986	229.08	329.54	5.2768	0.69465	1.0644	398.85	0.10089	2.8298e-05	0.038637	supercritical
384.00	157.00	155.81	0.0064181	229.84	330.60	5.2795	0.69481	1.0637	399.34	0.10028	2.8338e-05	0.038690	supercritical
385.00	157.00	155.34	0.0064375	230.59	331.66	5.2823	0.69498	1.0631	399.83	0.099680	2.8379e-05	0.038744	supercritical
386.00	157.00	154.87	0.0064570	231.35	332.73	5.2851	0.69514	1.0626	400.32	0.099081	2.8419e-05	0.038797	supercritical
387.00	157.00	154.41	0.0064765	232.11	333.79	5.2878	0.69531	1.0620	400.81	0.098485	2.8459e-05	0.038851	supercritical
388.00	157.00	153.94	0.0064959	232.87	334.85	5.2905	0.69548	1.0614	401.30	0.097891	2.8500e-05	0.038904	supercritical
389.00	157.00	153.49	0.0065153	233.62	335.91	5.2933	0.69565	1.0608	401.78	0.097301	2.8540e-05	0.038958	supercritical
390.00	157.00	153.03	0.0065347	234.38	336.97	5.2960	0.69582	1.0603	402.27	0.096713	2.8581e-05	0.039012	supercritical
391.00	157.00	152.58	0.0065541	235.13	338.03	5.2987	0.69600	1.0597	402.75	0.096129	2.8621e-05	0.039066	supercritical
392.00	157.00	152.13	0.0065734	235.89	339.09	5.3014	0.69618	1.0592	403.24	0.095547	2.8662e-05	0.039120	supercritical
393.00	157.00	151.68	0.0065928	236.64	340.15	5.3041	0.69635	1.0587	403.72	0.094967	2.8702e-05	0.039174	supercritical
394.00	157.00	151.24	0.0066121	237.40	341.21	5.3068	0.69653	1.0582	404.20	0.094391	2.8743e-05	0.039229	supercritical
395.00	157.00	150.80	0.0066314	238.15	342.27	5.3095	0.69672	1.0577	404.68	0.093817	2.8784e-05	0.039283	supercritical
396.00	157.00	150.36	0.0066507	238.91	343.32	5.3122	0.69690	1.0572	405.16	0.093247	2.8824e-05	0.039337	supercritical
397.00	157.00	149.93	0.0066700	239.66	344.38	5.3148	0.69708	1.0567	405.64	0.092678	2.8865e-05	0.039392	supercritical
398.00	157.00	149.49	0.0066892	240.42	345.44	5.3175	0.69727	1.0562	406.12	0.092113	2.8905e-05	0.039447	supercritical
399.00	157.00	149.07	0.0067085	241.17	346.49	5.3201	0.69746	1.0557	406.60	0.091550	2.8946e-05	0.039501	supercritical
400.00	157.00	148.64	0.0067277	241.92	347.55	5.3228	0.69765	1.0553	407.07	0.090990	2.8987e-05	0.039556	supercritical
401.00	157.00	148.22	0.0067469	242.68	348.60	5.3254	0.69784	1.0548	407.55	0.090433	2.9027e-05	0.039611	supercritical
402.00	157.00	147.80	0.0067661	243.43	349.66	5.3280	0.69804	1.0544	408.02	0.089879	2.9068e-05	0.039666	supercritical
403.00	157.00	147.38	0.0067853	244.18	350.71	5.3307	0.69823	1.0539	408.49	0.089327	2.9109e-05	0.039721	supercritical
404.00	157.00	146.96	0.0068044	244.94	351.77	5.3333	0.69843	1.0535	408.97	0.088777	2.9149e-05	0.039776	supercritical
405.00	157.00	146.55	0.0068236	245.69	352.82	5.3359	0.69862	1.0531	409.44	0.088231	2.9190e-05	0.039831	supercritical
406.00	157.00	146.14	0.0068427	246.44	353.87	5.3385	0.69882	1.0527	409.91	0.087687	2.9231e-05	0.039886	supercritical
407.00	157.00	145.73	0.0068619	247.19	354.93	5.3411	0.69903	1.0523	410.38	0.087145	2.9271e-05	0.039942	supercritical
408.00	157.00	145.33	0.0068810	247.95	355.98	5.3436	0.69923	1.0519	410.84	0.086606	2.9312e-05	0.039997	supercritical
409.00	157.00	144.93	0.0069001	248.70	357.03	5.3462	0.69943	1.0515	411.31	0.086070	2.9353e-05	0.040052	supercritical
410.00	157.00	144.53	0.0069191	249.45	358.08	5.3488	0.69964	1.0511	411.78	0.085537	2.9394e-05	0.040108	supercritical
411.00	157.00	144.13	0.0069382	250.20	359.13	5.3513	0.69984	1.0507	412.24	0.085005	2.9434e-05	0.040164	supercritical
412.00	157.00	143.74	0.0069572	250.95	360.18	5.3539	0.70005	1.0504	412.71	0.084477	2.9475e-05	0.040219	supercritical
413.00	157.00	143.34	0.0069763	251.70	361.23	5.3564	0.70026	1.0500	413.17	0.083951	2.9516e-05	0.040275	supercritical
414.00	157.00	142.95	0.0069953	252.46	362.28	5.3590	0.70047	1.0496	413.63	0.083427	2.9557e-05	0.040331	supercritical
415.00	157.00	142.57	0.0070143	253.21	363.33	5.3615	0.70069	1.0493	414.10	0.082906	2.9597e-05	0.040387	supercritical
416.00	157.00	142.18	0.0070333	253.96	364.38	5.3640	0.70090	1.0489	414.56	0.082388	2.9638e-05	0.040442	supercritical
417.00	157.00	141.80	0.0070523	254.71	365.43	5.3666	0.70111	1.0486	415.02	0.081872	2.9679e-05	0.040498	supercritical
418.00	157.00	141.42	0.0070712	255.46	366.48	5.3691	0.70133	1.0483	415.48	0.081358	2.9720e-05	0.040554	supercritical
419.00	157.00	141.04	0.0070902	256.21	367.53	5.3716	0.70155	1.0480	415.93	0.080847	2.9760e-05	0.040611	supercritical
420.00	157.00	140.66	0.0071091	256.96	368.57	5.3741	0.70177	1.0476	416.39	0.080338	2.9801e-05	0.040667	supercritical
421.00	157.00	140.29	0.0071280	257.71	369.62	5.3766	0.70199	1.0473	416.85	0.079832	2.9842e-05	0.040723	supercritical
422.00	157.00	139.92	0.0071469	258.46	370.67	5.3790	0.70221	1.0470	417.30	0.079328	2.9882e-05	0.040779	supercritical
423.00	157.00	139.55	0.0071658	259.21	371.72	5.3815	0.70243	1.0467	417.76	0.078826	2.9923e-05	0.040835	supercritical
424.00	157.00	139.18	0.0071847	259.96	372.76	5.3840	0.70265	1.0464	418.21	0.078327	2.9964e-05	0.040892	supercritical
425.00	157.00	138.82	0.0072036	260.71	373.81	5.3865	0.70288	1.0462	418.67	0.077830	3.0005e-05	0.040948	supercritical
426.00	157.00	138.46	0.0072225	261.46	374.85	5.3889	0.70311	1.0459	419.12	0.077336	3.0045e-05	0.041005	supercritical
427.00	157.00	138.10	0.0072413	262.21	375.90	5.3914	0.70333	1.0456	419.57	0.076844	3.0086e-05	0.041061	supercritical
428.00	157.00	137.74	0.0072601	262.96	376.95	5.3938	0.70356	1.0453	420.02	0.076354	3.0127e-05	0.041118	supercritical
429.00	157.00	137.38	0.0072790	263.71	377.99	5.3962	0.70379	1.0451	420.47	0.075867	3.0168e-05	0.041174	supercritical
430.00	157.00	137.03	0.0072978	264.46	379.04	5.3987	0.70402	1.0448	420.92	0.075382	3.0208e-05	0.041231	supercritical
431.00	157.00	136.68	0.0073166	265.21	380.08	5.4011	0.70425	1.0446	421.37	0.074899	3.0249e-05	0.041288	supercritical
432.00	157.00	136.33	0.0073354	265.96	381.12	5.4035	0.70448	1.0443	421.82	0.074418	3.0290e-05	0.041344	supercritical
433.00	157.00	135.98	0.0073541	266.71	382.17	5.4059	0.70472	1.0441	422.26	0.073940	3.0330e-05	0.041401	supercritical
434.00	157.00	135.63	0.0073729	267.46	383.21	5.4084	0.70495	1.0438	422.71	0.073464	3.0371e-05	0.041458	supercritical
435.00	157.00	135.29	0.0073916	268.21	384.26	5.4108	0.70519	1.0436	423.15	0.072990	3.0412e-05	0.041515	supercritical
436.00	157.00	134.95	0.0074104	268.96	385.30	5.4132	0.70543	1.0434	423.60	0.072519	3.0452e-05	0.041572	supercritical
437.00	157.00	134.61	0.0074291	269.71	386.34	5.4155	0.70566	1.0432	424.04	0.072050	3.0493e-05	0.041629	supercritical
438.00	157.00	134.27	0.0074478	270.46	387.39	5.4179	0.70590	1.0430	424.48	0.071583	3.0534e-05	0.041686	supercritical
439.00	157.00	133.93	0.0074665	271.20	388.43	5.4203	0.70614	1.0428	424.93	0.071118	3.0574e-05	0.041743	supercritical
440.00	157.00	133.60	0.0074852	271.95	389.47	5.4227	0.70638	1.0425	425.37	0.070655	3.0615e-05	0.041800	supercritical
441.00	157.00	133.26	0.0075039	272.70	390.51	5.4250	0.70662	1.0423	425.81	0.070194	3.0656e-05	0.041857	supercritical
442.00	157.00	132.93	0.0075226	273.45	391.56	5.4274	0.70687	1.0422	426.25	0.069736	3.0696e-05	0.041914	supercritical
443.00	157.00	132.60	0.0075412	274.20	392.60	5.4298	0.70711	1.0420	426.69	0.069280	3.0737e-05	0.041971	supercritical
444.00	157.00	132.28	0.0075599	274.95	393.64	5.4321	0.70736	1.0418	427.12	0.068826	3.0777e-05	0.042028	supercritical
445.00	157.00	131.95	0.0075785	275.70	394.68	5.4345	0.70760	1.0416	427.56	0.068374	3.0818e-05	0.042086	supercritical
446.00	157.00	131.63	0.0075971	276.45	395.72	5.4368	0.70785	1.0414	428.00	0.067924	3.0859e-05	0.042143	supercritical
447.00	157.00	131.31	0.0076157	277.20	396.76	5.4391	0.70809	1.0412	428.43	0.067476	3.0899e-05	0.042200	supercritical
448.00	157.00	130.99	0.0076343	277.95	397.81	5.4414	0.70834	1.0411	428.87	0.067030	3.0940e-05	0.042258	supercritical
449.00	157.00	130.67	0.0076529	278.70	398.85	5.4438	0.70859	1.0409	429.30	0.066587	3.0980e-05	0.042315	supercritical
450.00	157.00	130.35	0.0076715	279.45	399.89	5.4461	0.70884	1.0408	429.74	0.066145	3.1021e-05	0.042372	supercritical
451.00	157.00	130.04	0.0076901	280.19	400.93	5.4484	0.70909	1.0406	430.17	0.065706	3.1061e-05	0.042430	supercritical
452.00	157.00	129.72	0.0077087	280.94	401.97	5.4507	0.70934	1.0405	430.60	0.065268	3.1102e-05	0.042487	supercritical
453.00	157.00	129.41	0.0077272	281.69	403.01	5.4530	0.70959	1.0403	431.03	0.064833	3.1142e-05	0.042545	supercritical
454.00	157.00	129.10	0.0077457	282.44	404.05	5.4553	0.70985	1.0402	431.46	0.064400	3.1183e-05	0.042602	supercritical
455.00	157.00	128.79	0.0077643	283.19	405.09	5.4576	0.71010	1.0400	431.89	0.063968	3.1223e-05	0.042660	supercritical
456.00	157.00	128.49	0.0077828	283.94	406.13	5.4599	0.71035	1.0399	432.32	0.063539	3.1264e-05	0.042718	supercritical
457.00	157.00	128.18	0.0078013	284.69	407.17	5.4621	0.71061	1.0398	432.75	0.063112	3.1304e-05	0.042775	supercritical
458.00	157.00	127.88	0.0078198	285.44	408.21	5.4644	0.71086	1.0396	433.18	0.062686	3.1345e-05	0.042833	supercritical
459.00	157.00	127.58	0.0078383	286.19	409.25	5.4667	0.71112	1.0395	433.61	0.062263	3.1385e-05	0.042891	supercritical
460.00	157.00	127.28	0.0078568	286.94	410.29	5.4689	0.71138	1.0394	434.03	0.061841	3.1426e-05	0.042948	supercritical
461.00	157.00	126.98	0.0078753	287.69	411.33	5.4712	0.71163	1.0393	434.46	0.061422	3.1466e-05	0.043006	supercritical
462.00	157.00	126.68	0.0078937	288.44	412.37	5.4735	0.71189	1.0392	434.88	0.061004	3.1506e-05	0.043064	supercritical
463.00	157.00	126.39	0.0079122	289.18	413.41	5.4757	0.71215	1.0391	435.31	0.060589	3.1547e-05	0.043121	supercritical
464.00	157.00	126.09	0.0079306	289.93	414.45	5.4779	0.71241	1.0390	435.73	0.060175	3.1587e-05	0.043179	supercritical
465.00	157.00	125.80	0.0079491	290.68	415.48	5.4802	0.71267	1.0389	436.16	0.059763	3.1627e-05	0.043237	supercritical
466.00	157.00	125.51	0.0079675	291.43	416.52	5.4824	0.71293	1.0388	436.58	0.059353	3.1668e-05	0.043295	supercritical
467.00	157.00	125.22	0.0079859	292.18	417.56	5.4846	0.71319	1.0387	437.00	0.058945	3.1708e-05	0.043353	supercritical
468.00	157.00	124.93	0.0080043	292.93	418.60	5.4869	0.71345	1.0386	437.42	0.058539	3.1748e-05	0.043411	supercritical
469.00	157.00	124.65	0.0080227	293.68	419.64	5.4891	0.71372	1.0385	437.84	0.058135	3.1789e-05	0.043469	supercritical
470.00	157.00	124.36	0.0080411	294.43	420.68	5.4913	0.71398	1.0384	438.26	0.057732	3.1829e-05	0.043527	supercritical
471.00	157.00	124.08	0.0080595	295.18	421.72	5.4935	0.71424	1.0383	438.68	0.057332	3.1869e-05	0.043585	supercritical
472.00	157.00	123.80	0.0080778	295.93	422.75	5.4957	0.71451	1.0383	439.10	0.056933	3.1909e-05	0.043643	supercritical
473.00	157.00	123.51	0.0080962	296.68	423.79	5.4979	0.71477	1.0382	439.52	0.056536	3.1950e-05	0.043701	supercritical
474.00	157.00	123.24	0.0081146	297.43	424.83	5.5001	0.71504	1.0381	439.93	0.056141	3.1990e-05	0.043759	supercritical
475.00	157.00	122.96	0.0081329	298.18	425.87	5.5023	0.71530	1.0381	440.35	0.055747	3.2030e-05	0.043817	supercritical
476.00	157.00	122.68	0.0081512	298.93	426.91	5.5045	0.71557	1.0380	440.76	0.055356	3.2070e-05	0.043875	supercritical
477.00	157.00	122.41	0.0081696	299.68	427.94	5.5066	0.71584	1.0379	441.18	0.054966	3.2110e-05	0.043933	supercritical
478.00	157.00	122.13	0.0081879	300.43	428.98	5.5088	0.71611	1.0379	441.59	0.054578	3.2150e-05	0.043991	supercritical
479.00	157.00	121.86	0.0082062	301.18	430.02	5.5110	0.71637	1.0378	442.01	0.054192	3.2191e-05	0.044049	supercritical
480.00	157.00	121.59	0.0082245	301.93	431.06	5.5131	0.71664	1.0378	442.42	0.053807	3.2231e-05	0.044107	supercritical
481.00	157.00	121.32	0.0082428	302.68	432.10	5.5153	0.71691	1.0377	442.83	0.053425	3.2271e-05	0.044165	supercritical
482.00	157.00	121.05	0.0082611	303.43	433.13	5.5175	0.71718	1.0377	443.25	0.053044	3.2311e-05	0.044223	supercritical
483.00	157.00	120.78	0.0082794	304.19	434.17	5.5196	0.71745	1.0376	443.66	0.052664	3.2351e-05	0.044281	supercritical
484.00	157.00	120.52	0.0082976	304.94	435.21	5.5218	0.71772	1.0376	444.07	0.052287	3.2391e-05	0.044340	supercritical
485.00	157.00	120.25	0.0083159	305.69	436.25	5.5239	0.71799	1.0376	444.48	0.051911	3.2431e-05	0.044398	supercritical
486.00	157.00	119.99	0.0083341	306.44	437.28	5.5260	0.71826	1.0375	444.89	0.051537	3.2471e-05	0.044456	supercritical
487.00	157.00	119.73	0.0083524	307.19	438.32	5.5282	0.71853	1.0375	445.30	0.051164	3.2511e-05	0.044514	supercritical
488.00	157.00	119.47	0.0083706	307.94	439.36	5.5303	0.71880	1.0375	445.71	0.050793	3.2551e-05	0.044572	supercritical
489.00	157.00	119.21	0.0083888	308.69	440.40	5.5324	0.71908	1.0374	446.11	0.050424	3.2591e-05	0.044631	supercritical
490.00	157.00	118.95	0.0084071	309.44	441.43	5.5345	0.71935	1.0374	446.52	0.050057	3.2631e-05	0.044689	supercritical
491.00	157.00	118.69	0.0084253	310.19	442.47	5.5366	0.71962	1.0374	446.93	0.049691	3.2671e-05	0.044747	supercritical
492.00	157.00	118.43	0.0084435	310.95	443.51	5.5388	0.71990	1.0374	447.33	0.049327	3.2711e-05	0.044806	supercritical
493.00	157.00	118.18	0.0084617	311.70	444.55	5.5409	0.72017	1.0374	447.74	0.048964	3.2751e-05	0.044864	supercritical
494.00	157.00	117.93	0.0084799	312.45	445.58	5.5430	0.72044	1.0374	448.14	0.048603	3.2790e-05	0.044922	supercritical
495.00	157.00	117.67	0.0084981	313.20	446.62	5.5451	0.72072	1.0373	448.55	0.048244	3.2830e-05	0.044980	supercritical
496.00	157.00	117.42	0.0085162	313.95	447.66	5.5472	0.72099	1.0373	448.95	0.047886	3.2870e-05	0.045039	supercritical
497.00	157.00	117.17	0.0085344	314.71	448.70	5.5492	0.72127	1.0373	449.35	0.047530	3.2910e-05	0.045097	supercritical
498.00	157.00	116.92	0.0085526	315.46	449.73	5.5513	0.72154	1.0373	449.76	0.047175	3.2950e-05	0.045156	supercritical
499.00	157.00	116.68	0.0085707	316.21	450.77	5.5534	0.72182	1.0373	450.16	0.046822	3.2989e-05	0.045214	supercritical
500.00	157.00	116.43	0.0085889	316.96	451.81	5.5555	0.72209	1.0373	450.56	0.046471	3.3029e-05	0.045272	supercritical
501.00	157.00	116.18	0.0086070	317.71	452.84	5.5576	0.72237	1.0373	450.96	0.046121	3.3069e-05	0.045331	supercritical
502.00	157.00	115.94	0.0086251	318.47	453.88	5.5596	0.72265	1.0373	451.36	0.045773	3.3109e-05	0.045389	supercritical
503.00	157.00	115.70	0.0086432	319.22	454.92	5.5617	0.72292	1.0374	451.76	0.045426	3.3148e-05	0.045447	supercritical
504.00	157.00	115.46	0.0086614	319.97	455.96	5.5638	0.72320	1.0374	452.16	0.045081	3.3188e-05	0.045506	supercritical
505.00	157.00	115.21	0.0086795	320.73	456.99	5.5658	0.72348	1.0374	452.56	0.044737	3.3228e-05	0.045564	supercritical
506.00	157.00	114.97	0.0086976	321.48	458.03	5.5679	0.72375	1.0374	452.96	0.044395	3.3267e-05	0.045623	supercritical
507.00	157.00	114.74	0.0087157	322.23	459.07	5.5699	0.72403	1.0374	453.35	0.044055	3.3307e-05	0.045681	supercritical
508.00	157.00	114.50	0.0087338	322.99	460.11	5.5720	0.72431	1.0374	453.75	0.043715	3.3346e-05	0.045740	supercritical
509.00	157.00	114.26	0.0087518	323.74	461.14	5.5740	0.72459	1.0375	454.15	0.043378	3.3386e-05	0.045798	supercritical
510.00	157.00	114.03	0.0087699	324.49	462.18	5.5760	0.72487	1.0375	454.54	0.043042	3.3426e-05	0.045856	supercritical
511.00	157.00	113.79	0.0087880	325.25	463.22	5.5781	0.72514	1.0375	454.94	0.042707	3.3465e-05	0.045915	supercritical
512.00	157.00	113.56	0.0088060	326.00	464.26	5.5801	0.72542	1.0375	455.33	0.042374	3.3505e-05	0.045973	supercritical
513.00	157.00	113.33	0.0088241	326.76	465.29	5.5821	0.72570	1.0376	455.73	0.042042	3.3544e-05	0.046032	supercritical
514.00	157.00	113.09	0.0088421	327.51	466.33	5.5841	0.72598	1.0376	456.12	0.041712	3.3584e-05	0.046090	supercritical
515.00	157.00	112.86	0.0088602	328.26	467.37	5.5862	0.72626	1.0376	456.51	0.041383	3.3623e-05	0.046149	supercritical
516.00	157.00	112.64	0.0088782	329.02	468.41	5.5882	0.72654	1.0377	456.91	0.041056	3.3663e-05	0.046207	supercritical
517.00	157.00	112.41	0.0088963	329.77	469.44	5.5902	0.72682	1.0377	457.30	0.040730	3.3702e-05	0.046266	supercritical
518.00	157.00	112.18	0.0089143	330.53	470.48	5.5922	0.72710	1.0377	457.69	0.040405	3.3741e-05	0.046324	supercritical
519.00	157.00	111.95	0.0089323	331.28	471.52	5.5942	0.72738	1.0378	458.08	0.040082	3.3781e-05	0.046383	supercritical
520.00	157.00	111.73	0.0089503	332.04	472.56	5.5962	0.72766	1.0378	458.47	0.039760	3.3820e-05	0.046441	supercritical
521.00	157.00	111.50	0.0089683	332.79	473.60	5.5982	0.72794	1.0379	458.86	0.039440	3.3859e-05	0.046500	supercritical
522.00	157.00	111.28	0.0089863	333.55	474.63	5.6002	0.72822	1.0379	459.25	0.039121	3.3899e-05	0.046558	supercritical
523.00	157.00	111.06	0.0090043	334.30	475.67	5.6022	0.72850	1.0380	459.64	0.038803	3.3938e-05	0.046617	supercritical
524.00	157.00	110.84	0.0090223	335.06	476.71	5.6041	0.72878	1.0380	460.03	0.038487	3.3977e-05	0.046675	supercritical
525.00	157.00	110.62	0.0090402	335.82	477.75	5.6061	0.72906	1.0381	460.42	0.038172	3.4017e-05	0.046734	supercritical
526.00	157.00	110.40	0.0090582	336.57	478.79	5.6081	0.72934	1.0381	460.81	0.037859	3.4056e-05	0.046792	supercritical
527.00	157.00	110.18	0.0090762	337.33	479.82	5.6101	0.72962	1.0382	461.19	0.037547	3.4095e-05	0.046851	supercritical
528.00	157.00	109.96	0.0090941	338.08	480.86	5.6120	0.72990	1.0382	461.58	0.037236	3.4134e-05	0.046909	supercritical
529.00	157.00	109.74	0.0091121	338.84	481.90	5.6140	0.73018	1.0383	461.97	0.036927	3.4173e-05	0.046968	supercritical
530.00	157.00	109.53	0.0091300	339.60	482.94	5.6160	0.73047	1.0383	462.35	0.036619	3.4213e-05	0.047026	supercritical
531.00	157.00	109.31	0.0091480	340.35	483.98	5.6179	0.73075	1.0384	462.74	0.036312	3.4252e-05	0.047085	supercritical
532.00	157.00	109.10	0.0091659	341.11	485.01	5.6199	0.73103	1.0385	463.12	0.036007	3.4291e-05	0.047143	supercritical
533.00	157.00	108.89	0.0091838	341.87	486.05	5.6218	0.73131	1.0385	463.51	0.035702	3.4330e-05	0.047202	supercritical
534.00	157.00	108.67	0.0092018	342.62	487.09	5.6238	0.73159	1.0386	463.89	0.035400	3.4369e-05	0.047261	supercritical
535.00	157.00	108.46	0.0092197	343.38	488.13	5.6257	0.73187	1.0387	464.27	0.035098	3.4408e-05	0.047319	supercritical
536.00	157.00	108.25	0.0092376	344.14	489.17	5.6276	0.73215	1.0387	464.65	0.034798	3.4447e-05	0.047378	supercritical
537.00	157.00	108.04	0.0092555	344.90	490.21	5.6296	0.73243	1.0388	465.04	0.034499	3.4486e-05	0.047436	supercritical
538.00	157.00	107.84	0.0092734	345.65	491.25	5.6315	0.73272	1.0389	465.42	0.034201	3.4525e-05	0.047495	supercritical
539.00	157.00	107.63	0.0092913	346.41	492.29	5.6334	0.73300	1.0389	465.80	0.033905	3.4564e-05	0.047553	supercritical
540.00	157.00	107.42	0.0093092	347.17	493.32	5.6354	0.73328	1.0390	466.18	0.033610	3.4603e-05	0.047612	supercritical
541.00	157.00	107.21	0.0093271	347.93	494.36	5.6373	0.73356	1.0391	466.56	0.033316	3.4642e-05	0.047670	supercritical
542.00	157.00	107.01	0.0093450	348.69	495.40	5.6392	0.73384	1.0392	466.94	0.033023	3.4681e-05	0.047729	supercritical
543.00	157.00	106.81	0.0093628	349.45	496.44	5.6411	0.73412	1.0392	467.32	0.032732	3.4720e-05	0.047787	supercritical
544.00	157.00	106.60	0.0093807	350.20	497.48	5.6430	0.73440	1.0393	467.70	0.032442	3.4759e-05	0.047846	supercritical
545.00	157.00	106.40	0.0093986	350.96	498.52	5.6449	0.73469	1.0394	468.08	0.032153	3.4798e-05	0.047904	supercritical
546.00	157.00	106.20	0.0094164	351.72	499.56	5.6469	0.73497	1.0395	468.46	0.031865	3.4836e-05	0.047963	supercritical
547.00	157.00	106.00	0.0094343	352.48	500.60	5.6488	0.73525	1.0396	468.83	0.031579	3.4875e-05	0.048022	supercritical
548.00	157.00	105.80	0.0094521	353.24	501.64	5.6507	0.73553	1.0397	469.21	0.031294	3.4914e-05	0.048080	supercritical
549.00	157.00	105.60	0.0094699	354.00	502.68	5.6526	0.73581	1.0397	469.59	0.031009	3.4953e-05	0.048139	supercritical
550.00	157.00	105.40	0.0094878	354.76	503.72	5.6544	0.73609	1.0398	469.96	0.030727	3.4991e-05	0.048197	supercritical
551.00	157.00	105.20	0.0095056	355.52	504.76	5.6563	0.73637	1.0399	470.34	0.030445	3.5030e-05	0.048256	supercritical
552.00	157.00	105.00	0.0095234	356.28	505.80	5.6582	0.73666	1.0400	470.72	0.030164	3.5069e-05	0.048314	supercritical
553.00	157.00	104.81	0.0095412	357.04	506.84	5.6601	0.73694	1.0401	471.09	0.029885	3.5108e-05	0.048373	supercritical
554.00	157.00	104.61	0.0095591	357.80	507.88	5.6620	0.73722	1.0402	471.47	0.029607	3.5146e-05	0.048431	supercritical
555.00	157.00	104.42	0.0095769	358.56	508.92	5.6639	0.73750	1.0403	471.84	0.029330	3.5185e-05	0.048490	supercritical
556.00	157.00	104.22	0.0095947	359.32	509.96	5.6657	0.73778	1.0404	472.21	0.029054	3.5223e-05	0.048548	supercritical
557.00	157.00	104.03	0.0096125	360.08	511.00	5.6676	0.73806	1.0405	472.59	0.028780	3.5262e-05	0.048607	supercritical
558.00	157.00	103.84	0.0096303	360.85	512.04	5.6695	0.73834	1.0406	472.96	0.028506	3.5301e-05	0.048665	supercritical
559.00	157.00	103.65	0.0096480	361.61	513.08	5.6713	0.73862	1.0407	473.33	0.028234	3.5339e-05	0.048724	supercritical
560.00	157.00	103.46	0.0096658	362.37	514.12	5.6732	0.73890	1.0408	473.70	0.027962	3.5378e-05	0.048782	supercritical
561.00	157.00	103.27	0.0096836	363.13	515.16	5.6750	0.73918	1.0409	474.07	0.027692	3.5416e-05	0.048841	supercritical
562.00	157.00	103.08	0.0097014	363.89	516.20	5.6769	0.73946	1.0410	474.45	0.027423	3.5455e-05	0.048899	supercritical
563.00	157.00	102.89	0.0097191	364.65	517.24	5.6787	0.73974	1.0411	474.82	0.027156	3.5493e-05	0.048958	supercritical
564.00	157.00	102.70	0.0097369	365.42	518.29	5.6806	0.74002	1.0412	475.19	0.026889	3.5532e-05	0.049016	supercritical
565.00	157.00	102.52	0.0097547	366.18	519.33	5.6824	0.74030	1.0413	475.56	0.026623	3.5570e-05	0.049075	supercritical
566.00	157.00	102.33	0.0097724	366.94	520.37	5.6843	0.74058	1.0414	475.93	0.026359	3.5609e-05	0.049133	supercritical
567.00	157.00	102.14	0.0097902	367.70	521.41	5.6861	0.74086	1.0415	476.30	0.026095	3.5647e-05	0.049192	supercritical
568.00	157.00	101.96	0.0098079	368.47	522.45	5.6880	0.74114	1.0416	476.66	0.025833	3.5685e-05	0.049250	supercritical
569.00	157.00	101.77	0.0098257	369.23	523.49	5.6898	0.74142	1.0417	477.03	0.025571	3.5724e-05	0.049309	supercritical
570.00	157.00	101.59	0.0098434	369.99	524.53	5.6916	0.74170	1.0418	477.40	0.025311	3.5762e-05	0.049367	supercritical
571.00	157.00	101.41	0.0098611	370.76	525.58	5.6934	0.74198	1.0419	477.77	0.025052	3.5800e-05	0.049426	supercritical
572.00	157.00	101.23	0.0098788	371.52	526.62	5.6953	0.74226	1.0420	478.13	0.024794	3.5839e-05	0.049484	supercritical
573.00	157.00	101.05	0.0098966	372.28	527.66	5.6971	0.74254	1.0422	478.50	0.024537	3.5877e-05	0.049543	supercritical
574.00	157.00	100.86	0.0099143	373.05	528.70	5.6989	0.74282	1.0423	478.87	0.024281	3.5915e-05	0.049601	supercritical
575.00	157.00	100.68	0.0099320	373.81	529.75	5.7007	0.74310	1.0424	479.23	0.024026	3.5953e-05	0.049660	supercritical
576.00	157.00	100.51	0.0099497	374.58	530.79	5.7025	0.74338	1.0425	479.60	0.023772	3.5991e-05	0.049718	supercritical
577.00	157.00	100.33	0.0099674	375.34	531.83	5.7043	0.74366	1.0426	479.96	0.023519	3.6030e-05	0.049776	supercritical
578.00	157.00	100.15	0.0099851	376.11	532.87	5.7061	0.74393	1.0427	480.33	0.023268	3.6068e-05	0.049835	supercritical
579.00	157.00	99.972	0.010003	376.87	533.92	5.7079	0.74421	1.0428	480.69	0.023017	3.6106e-05	0.049893	supercritical
580.00	157.00	99.796	0.010020	377.64	534.96	5.7097	0.74449	1.0430	481.06	0.022767	3.6144e-05	0.049952	supercritical
581.00	157.00	99.620	0.010038	378.40	536.00	5.7115	0.74477	1.0431	481.42	0.022518	3.6182e-05	0.050010	supercritical
582.00	157.00	99.445	0.010056	379.17	537.04	5.7133	0.74505	1.0432	481.78	0.022270	3.6220e-05	0.050069	supercritical
583.00	157.00	99.270	0.010074	379.93	538.09	5.7151	0.74532	1.0433	482.14	0.022024	3.6258e-05	0.050127	supercritical
584.00	157.00	99.096	0.010091	380.70	539.13	5.7169	0.74560	1.0434	482.51	0.021778	3.6296e-05	0.050185	supercritical
585.00	157.00	98.923	0.010109	381.47	540.17	5.7187	0.74588	1.0436	482.87	0.021533	3.6334e-05	0.050244	supercritical
586.00	157.00	98.751	0.010127	382.23	541.22	5.7205	0.74616	1.0437	483.23	0.021289	3.6372e-05	0.050302	supercritical
587.00	157.00	98.579	0.010144	383.00	542.26	5.7223	0.74643	1.0438	483.59	0.021047	3.6410e-05	0.050361	supercritical
588.00	157.00	98.408	0.010162	383.77	543.31	5.7240	0.74671	1.0439	483.95	0.020805	3.6448e-05	0.050419	supercritical
589.00	157.00	98.237	0.010179	384.53	544.35	5.7258	0.74698	1.0441	484.31	0.020564	3.6486e-05	0.050477	supercritical
590.00	157.00	98.067	0.010197	385.30	545.39	5.7276	0.74726	1.0442	484.67	0.020324	3.6524e-05	0.050536	supercritical
591.00	157.00	97.898	0.010215	386.07	546.44	5.7294	0.74754	1.0443	485.03	0.020085	3.6562e-05	0.050594	supercritical
592.00	157.00	97.729	0.010232	386.83	547.48	5.7311	0.74781	1.0444	485.39	0.019847	3.6600e-05	0.050652	supercritical
593.00	157.00	97.561	0.010250	387.60	548.53	5.7329	0.74809	1.0446	485.75	0.019610	3.6638e-05	0.050711	supercritical
594.00	157.00	97.393	0.010268	388.37	549.57	5.7346	0.74836	1.0447	486.11	0.019374	3.6675e-05	0.050769	supercritical
595.00	157.00	97.226	0.010285	389.14	550.62	5.7364	0.74864	1.0448	486.47	0.019139	3.6713e-05	0.050827	supercritical
596.00	157.00	97.060	0.010303	389.91	551.66	5.7382	0.74891	1.0449	486.82	0.018905	3.6751e-05	0.050886	supercritical
597.00	157.00	96.894	0.010321	390.67	552.71	5.7399	0.74919	1.0451	487.18	0.018672	3.6789e-05	0.050944	supercritical
598.00	157.00	96.729	0.010338	391.44	553.75	5.7417	0.74946	1.0452	487.54	0.018440	3.6826e-05	0.051002	supercritical
599.00	157.00	96.565	0.010356	392.21	554.80	5.7434	0.74974	1.0453	487.90	0.018208	3.6864e-05	0.051061	supercritical
600.00	157.00	96.401	0.010373	392.98	555.84	5.7451	0.75001	1.0455	488.25	0.017978	3.6902e-05	0.051119	supercritical
