Temperature (K)	Pressure (bar)	Density (kg/m3)	Volume (m3/kg)	Internal Energy (kJ/kg)	Enthalpy (kJ/kg)	Entropy (J/g*K)	Cv (J/g*K)	Cp (J/g*K)	Sound Spd. (m/s)	Joule-Thomson (K/bar)	Viscosity (Pa*s)	Therm. Cond. (W/m*K)	Phase
60.000	78.000	1291.2	0.00077447	-185.39	-179.35	2.2367	1.0915	1.6571	1148.7	-0.037502	0.00061478	0.19709	liquid
61.000	78.000	1286.9	0.00077704	-183.75	-177.69	2.2641	1.0830	1.6590	1144.8	-0.037346	0.00058581	0.19574	liquid
62.000	78.000	1282.6	0.00077964	-182.11	-176.03	2.2911	1.0753	1.6605	1140.2	-0.037204	0.00055876	0.19440	liquid
63.000	78.000	1278.3	0.00078226	-180.47	-174.37	2.3177	1.0684	1.6617	1135.0	-0.037074	0.00053351	0.19306	liquid
64.000	78.000	1274.0	0.00078491	-178.83	-172.71	2.3439	1.0619	1.6626	1129.3	-0.036954	0.00050991	0.19171	liquid
65.000	78.000	1269.7	0.00078759	-177.19	-171.05	2.3697	1.0560	1.6632	1123.3	-0.036842	0.00048784	0.19037	liquid
66.000	78.000	1265.4	0.00079029	-175.55	-169.38	2.3951	1.0503	1.6635	1116.9	-0.036737	0.00046719	0.18902	liquid
67.000	78.000	1261.0	0.00079302	-173.90	-167.72	2.4201	1.0449	1.6637	1110.3	-0.036637	0.00044786	0.18768	liquid
68.000	78.000	1256.6	0.00079577	-172.26	-166.05	2.4447	1.0397	1.6636	1103.5	-0.036540	0.00042974	0.18634	liquid
69.000	78.000	1252.3	0.00079854	-170.62	-164.39	2.4690	1.0346	1.6634	1096.6	-0.036444	0.00041273	0.18499	liquid
70.000	78.000	1247.9	0.00080134	-168.98	-162.73	2.4929	1.0297	1.6631	1089.5	-0.036349	0.00039677	0.18365	liquid
71.000	78.000	1243.5	0.00080417	-167.34	-161.07	2.5165	1.0249	1.6627	1082.3	-0.036252	0.00038177	0.18231	liquid
72.000	78.000	1239.1	0.00080702	-165.70	-159.40	2.5398	1.0201	1.6623	1075.0	-0.036154	0.00036766	0.18097	liquid
73.000	78.000	1234.7	0.00080989	-164.06	-157.74	2.5627	1.0155	1.6618	1067.7	-0.036052	0.00035437	0.17962	liquid
74.000	78.000	1230.3	0.00081279	-162.42	-156.08	2.5853	1.0109	1.6614	1060.4	-0.035946	0.00034184	0.17828	liquid
75.000	78.000	1225.9	0.00081572	-160.78	-154.42	2.6076	1.0064	1.6609	1053.0	-0.035836	0.00033003	0.17694	liquid
76.000	78.000	1221.5	0.00081867	-159.14	-152.76	2.6296	1.0019	1.6605	1045.6	-0.035720	0.00031887	0.17560	liquid
77.000	78.000	1217.1	0.00082165	-157.51	-151.10	2.6513	0.99747	1.6602	1038.1	-0.035598	0.00030831	0.17425	liquid
78.000	78.000	1212.6	0.00082466	-155.87	-149.44	2.6727	0.99311	1.6599	1030.7	-0.035469	0.00029833	0.17291	liquid
79.000	78.000	1208.2	0.00082770	-154.23	-147.78	2.6939	0.98880	1.6597	1023.2	-0.035333	0.00028887	0.17156	liquid
80.000	78.000	1203.7	0.00083077	-152.60	-146.12	2.7148	0.98453	1.6596	1015.7	-0.035189	0.00027990	0.17022	liquid
81.000	78.000	1199.2	0.00083387	-150.96	-144.46	2.7354	0.98032	1.6596	1008.3	-0.035037	0.00027139	0.16887	liquid
82.000	78.000	1194.7	0.00083701	-149.33	-142.80	2.7557	0.97616	1.6597	1000.8	-0.034876	0.00026330	0.16753	liquid
83.000	78.000	1190.2	0.00084017	-147.69	-141.14	2.7759	0.97204	1.6599	993.31	-0.034706	0.00025560	0.16618	liquid
84.000	78.000	1185.7	0.00084337	-146.06	-139.48	2.7957	0.96798	1.6602	985.84	-0.034526	0.00024828	0.16483	liquid
85.000	78.000	1181.2	0.00084660	-144.42	-137.82	2.8154	0.96396	1.6606	978.36	-0.034337	0.00024130	0.16348	liquid
86.000	78.000	1176.6	0.00084987	-142.79	-136.16	2.8348	0.95999	1.6612	970.88	-0.034137	0.00023464	0.16213	liquid
87.000	78.000	1172.1	0.00085318	-141.15	-134.50	2.8540	0.95608	1.6619	963.40	-0.033927	0.00022828	0.16078	liquid
88.000	78.000	1167.5	0.00085653	-139.51	-132.83	2.8730	0.95221	1.6628	955.92	-0.033706	0.00022220	0.15943	liquid
89.000	78.000	1162.9	0.00085991	-137.88	-131.17	2.8918	0.94839	1.6637	948.43	-0.033473	0.00021638	0.15807	liquid
90.000	78.000	1158.3	0.00086333	-136.24	-129.51	2.9104	0.94462	1.6649	940.95	-0.033228	0.00021081	0.15672	liquid
91.000	78.000	1153.7	0.00086680	-134.60	-127.84	2.9288	0.94090	1.6661	933.45	-0.032972	0.00020547	0.15536	liquid
92.000	78.000	1149.0	0.00087031	-132.96	-126.17	2.9470	0.93722	1.6675	925.96	-0.032703	0.00020035	0.15400	liquid
93.000	78.000	1144.3	0.00087387	-131.32	-124.50	2.9651	0.93360	1.6691	918.45	-0.032421	0.00019543	0.15265	liquid
94.000	78.000	1139.6	0.00087747	-129.68	-122.83	2.9829	0.93002	1.6708	910.94	-0.032125	0.00019070	0.15129	liquid
95.000	78.000	1134.9	0.00088112	-128.04	-121.16	3.0006	0.92650	1.6727	903.42	-0.031816	0.00018615	0.14992	liquid
96.000	78.000	1130.2	0.00088481	-126.39	-119.49	3.0181	0.92302	1.6747	895.89	-0.031493	0.00018177	0.14856	liquid
97.000	78.000	1125.4	0.00088856	-124.74	-117.81	3.0355	0.91958	1.6769	888.35	-0.031155	0.00017755	0.14720	liquid
98.000	78.000	1120.6	0.00089236	-123.10	-116.14	3.0527	0.91620	1.6793	880.80	-0.030802	0.00017348	0.14583	liquid
99.000	78.000	1115.8	0.00089622	-121.45	-114.45	3.0698	0.91286	1.6818	873.23	-0.030434	0.00016954	0.14446	liquid
100.00	78.000	1111.0	0.00090013	-119.79	-112.77	3.0867	0.90957	1.6846	865.65	-0.030049	0.00016574	0.14310	liquid
101.00	78.000	1106.1	0.00090410	-118.14	-111.09	3.1035	0.90633	1.6874	858.06	-0.029647	0.00016207	0.14173	liquid
102.00	78.000	1101.2	0.00090813	-116.48	-109.40	3.1201	0.90313	1.6905	850.44	-0.029228	0.00015851	0.14036	liquid
103.00	78.000	1096.2	0.00091222	-114.82	-107.70	3.1366	0.89998	1.6938	842.81	-0.028790	0.00015507	0.13898	liquid
104.00	78.000	1091.3	0.00091637	-113.16	-106.01	3.1530	0.89687	1.6972	835.16	-0.028334	0.00015173	0.13761	liquid
105.00	78.000	1086.3	0.00092059	-111.49	-104.31	3.1693	0.89381	1.7009	827.49	-0.027859	0.00014849	0.13624	liquid
106.00	78.000	1081.2	0.00092488	-109.82	-102.61	3.1854	0.89079	1.7047	819.80	-0.027363	0.00014534	0.13486	liquid
107.00	78.000	1076.1	0.00092924	-108.15	-100.90	3.2014	0.88782	1.7088	812.08	-0.026846	0.00014228	0.13349	liquid
108.00	78.000	1071.0	0.00093368	-106.47	-99.190	3.2173	0.88490	1.7131	804.34	-0.026307	0.00013931	0.13211	liquid
109.00	78.000	1065.9	0.00093819	-104.79	-97.475	3.2332	0.88201	1.7176	796.57	-0.025745	0.00013642	0.13074	liquid
110.00	78.000	1060.7	0.00094278	-103.11	-95.755	3.2489	0.87918	1.7223	788.78	-0.025159	0.00013361	0.12937	liquid
111.00	78.000	1055.5	0.00094745	-101.42	-94.030	3.2645	0.87639	1.7273	780.95	-0.024548	0.00013087	0.12800	liquid
112.00	78.000	1050.2	0.00095221	-99.727	-92.300	3.2800	0.87364	1.7325	773.09	-0.023911	0.00012820	0.12662	liquid
113.00	78.000	1044.9	0.00095706	-98.030	-90.565	3.2954	0.87094	1.7380	765.21	-0.023246	0.00012559	0.12525	liquid
114.00	78.000	1039.5	0.00096200	-96.327	-88.824	3.3108	0.86829	1.7438	757.28	-0.022552	0.00012305	0.12388	liquid
115.00	78.000	1034.1	0.00096704	-94.620	-87.077	3.3260	0.86568	1.7499	749.33	-0.021828	0.00012056	0.12250	liquid
116.00	78.000	1028.6	0.00097218	-92.907	-85.324	3.3412	0.86312	1.7562	741.33	-0.021073	0.00011813	0.12112	liquid
117.00	78.000	1023.1	0.00097742	-91.188	-83.564	3.3563	0.86060	1.7629	733.30	-0.020284	0.00011576	0.11975	liquid
118.00	78.000	1017.5	0.00098277	-89.464	-81.798	3.3713	0.85814	1.7699	725.22	-0.019459	0.00011344	0.11837	liquid
119.00	78.000	1011.9	0.00098824	-87.733	-80.025	3.3863	0.85572	1.7773	717.10	-0.018598	0.00011117	0.11700	liquid
120.00	78.000	1006.2	0.00099383	-85.995	-78.243	3.4012	0.85335	1.7850	708.94	-0.017698	0.00010894	0.11562	liquid
121.00	78.000	1000.5	0.00099954	-84.251	-76.454	3.4160	0.85102	1.7931	700.73	-0.016756	0.00010676	0.11425	liquid
122.00	78.000	994.64	0.0010054	-82.499	-74.657	3.4308	0.84875	1.8017	692.48	-0.015771	0.00010462	0.11287	liquid
123.00	78.000	988.76	0.0010114	-80.740	-72.851	3.4456	0.84653	1.8106	684.17	-0.014739	0.00010253	0.11150	liquid
124.00	78.000	982.81	0.0010175	-78.972	-71.036	3.4603	0.84437	1.8201	675.81	-0.013659	0.00010047	0.11012	liquid
125.00	78.000	976.78	0.0010238	-77.196	-69.211	3.4749	0.84226	1.8300	667.39	-0.012526	9.8450e-05	0.10875	liquid
126.00	78.000	970.68	0.0010302	-75.411	-67.375	3.4896	0.84020	1.8405	658.91	-0.011338	9.6467e-05	0.10737	liquid
127.00	78.000	964.49	0.0010368	-73.617	-65.529	3.5042	0.83820	1.8515	650.37	-0.010091	9.4518e-05	0.10600	liquid
128.00	78.000	958.22	0.0010436	-71.812	-63.672	3.5187	0.83626	1.8632	641.77	-0.0087812	9.2603e-05	0.10462	liquid
129.00	78.000	951.86	0.0010506	-69.997	-61.803	3.5333	0.83438	1.8755	633.10	-0.0074041	9.0719e-05	0.10325	liquid
130.00	78.000	945.41	0.0010577	-68.171	-59.921	3.5478	0.83257	1.8884	624.36	-0.0059552	8.8866e-05	0.10188	liquid
131.00	78.000	938.86	0.0010651	-66.334	-58.026	3.5623	0.83082	1.9022	615.55	-0.0044293	8.7042e-05	0.10051	liquid
132.00	78.000	932.21	0.0010727	-64.484	-56.116	3.5768	0.82914	1.9167	606.66	-0.0028207	8.5245e-05	0.099137	liquid
133.00	78.000	925.45	0.0010806	-62.620	-54.192	3.5914	0.82753	1.9322	597.69	-0.0011233	8.3476e-05	0.097767	liquid
134.00	78.000	918.57	0.0010886	-60.743	-52.252	3.6059	0.82599	1.9485	588.64	0.00066983	8.1731e-05	0.096398	liquid
135.00	78.000	911.57	0.0010970	-58.851	-50.295	3.6204	0.82454	1.9660	579.49	0.0025664	8.0011e-05	0.095030	liquid
136.00	78.000	904.44	0.0011057	-56.943	-48.319	3.6350	0.82317	1.9845	570.25	0.0045749	7.8314e-05	0.093662	liquid
137.00	78.000	897.18	0.0011146	-55.019	-46.325	3.6496	0.82189	2.0044	560.92	0.0067046	7.6639e-05	0.092295	liquid
138.00	78.000	889.76	0.0011239	-53.077	-44.310	3.6643	0.82070	2.0255	551.47	0.0089663	7.4985e-05	0.090928	liquid
139.00	78.000	882.20	0.0011335	-51.115	-42.273	3.6790	0.81961	2.0482	541.92	0.011372	7.3350e-05	0.089562	liquid
140.00	78.000	874.46	0.0011436	-49.133	-40.213	3.6938	0.81863	2.0726	532.26	0.013934	7.1734e-05	0.088197	liquid
141.00	78.000	866.54	0.0011540	-47.129	-38.128	3.7086	0.81776	2.0988	522.47	0.016668	7.0135e-05	0.086832	liquid
142.00	78.000	858.44	0.0011649	-45.101	-36.015	3.7235	0.81701	2.1270	512.56	0.019591	6.8552e-05	0.085466	liquid
143.00	78.000	850.12	0.0011763	-43.048	-33.873	3.7386	0.81640	2.1576	502.50	0.022722	6.6984e-05	0.084101	liquid
144.00	78.000	841.59	0.0011882	-40.967	-31.699	3.7537	0.81593	2.1907	492.31	0.026083	6.5430e-05	0.082735	liquid
145.00	78.000	832.81	0.0012008	-38.856	-29.491	3.7690	0.81562	2.2268	481.97	0.029699	6.3888e-05	0.081368	liquid
146.00	78.000	823.77	0.0012139	-36.713	-27.244	3.7844	0.81548	2.2661	471.47	0.033598	6.2356e-05	0.080000	liquid
147.00	78.000	814.44	0.0012278	-34.534	-24.957	3.8001	0.81552	2.3092	460.80	0.037814	6.0833e-05	0.078631	liquid
148.00	78.000	804.79	0.0012426	-32.316	-22.625	3.8159	0.81577	2.3566	449.96	0.042384	5.9317e-05	0.077259	liquid
149.00	78.000	794.81	0.0012582	-30.056	-20.242	3.8319	0.81625	2.4090	438.93	0.047354	5.7807e-05	0.075883	liquid
150.00	78.000	784.44	0.0012748	-27.748	-17.805	3.8482	0.81698	2.4672	427.72	0.052774	5.6300e-05	0.074504	liquid
151.00	78.000	773.65	0.0012926	-25.388	-15.306	3.8648	0.81799	2.5320	416.31	0.058706	5.4793e-05	0.073120	liquid
152.00	78.000	762.39	0.0013117	-22.969	-12.738	3.8818	0.81931	2.6048	404.70	0.065222	5.3285e-05	0.071730	liquid
153.00	78.000	750.61	0.0013323	-20.485	-10.093	3.8991	0.82098	2.6869	392.88	0.072407	5.1772e-05	0.070332	liquid
154.00	78.000	738.23	0.0013546	-17.926	-7.3604	3.9169	0.82303	2.7802	380.85	0.080363	5.0251e-05	0.068926	liquid
155.00	78.000	725.18	0.0013790	-15.284	-4.5281	3.9352	0.82551	2.8869	368.62	0.089212	4.8717e-05	0.067508	supercritical
156.00	78.000	711.36	0.0014058	-12.546	-1.5812	3.9542	0.82847	3.0099	356.17	0.099100	4.7167e-05	0.066078	supercritical
157.00	78.000	696.66	0.0014354	-9.6979	1.4983	3.9739	0.83195	3.1527	343.53	0.11020	4.5594e-05	0.064632	supercritical
158.00	78.000	680.96	0.0014685	-6.7222	4.7323	3.9944	0.83603	3.3197	330.72	0.12273	4.3993e-05	0.063168	supercritical
159.00	78.000	664.07	0.0015059	-3.5982	8.1475	4.0159	0.84075	3.5161	317.75	0.13694	4.2356e-05	0.061682	supercritical
160.00	78.000	645.83	0.0015484	-0.30146	11.776	4.0387	0.84617	3.7475	304.69	0.15312	4.0677e-05	0.060170	supercritical
161.00	78.000	626.01	0.0015974	3.1961	15.656	4.0629	0.85232	4.0193	291.63	0.17158	3.8948e-05	0.058626	supercritical
162.00	78.000	604.41	0.0016545	6.9241	19.829	4.0887	0.85919	4.3346	278.71	0.19265	3.7163e-05	0.057040	supercritical
163.00	78.000	580.84	0.0017216	10.910	24.338	4.1165	0.86658	4.6891	266.16	0.21657	3.5323e-05	0.055397	supercritical
164.00	78.000	555.26	0.0018010	15.167	29.215	4.1463	0.87406	5.0642	254.36	0.24341	3.3437e-05	0.053673	supercritical
165.00	78.000	527.85	0.0018945	19.683	34.460	4.1782	0.88073	5.4165	243.77	0.27285	3.1531e-05	0.051838	supercritical
166.00	78.000	499.23	0.0020031	24.392	40.015	4.2117	0.88530	5.6720	234.90	0.30390	2.9657e-05	0.049866	supercritical
167.00	78.000	470.51	0.0021254	29.165	45.743	4.2461	0.88646	5.7481	228.13	0.33491	2.7888e-05	0.047765	supercritical
168.00	78.000	443.00	0.0022573	33.832	51.439	4.2801	0.88373	5.6098	223.52	0.36391	2.6296e-05	0.045599	supercritical
169.00	78.000	417.81	0.0023934	38.238	56.906	4.3126	0.87772	5.3033	220.77	0.38943	2.4927e-05	0.043480	supercritical
170.00	78.000	395.46	0.0025287	42.295	62.019	4.3428	0.86967	4.9168	219.40	0.41089	2.3787e-05	0.041512	supercritical
171.00	78.000	375.92	0.0026601	45.989	66.738	4.3704	0.86073	4.5225	218.98	0.42839	2.2852e-05	0.039750	supercritical
172.00	78.000	358.92	0.0027861	49.343	71.075	4.3957	0.85167	4.1584	219.17	0.44242	2.2088e-05	0.038207	supercritical
173.00	78.000	344.07	0.0029064	52.399	75.069	4.4189	0.84290	3.8376	219.77	0.45352	2.1462e-05	0.036867	supercritical
174.00	78.000	331.01	0.0030211	55.200	78.764	4.4402	0.83462	3.5606	220.63	0.46220	2.0946e-05	0.035707	supercritical
175.00	78.000	319.44	0.0031304	57.786	82.203	4.4599	0.82686	3.3229	221.67	0.46888	2.0516e-05	0.034699	supercritical
176.00	78.000	309.11	0.0032350	60.188	85.421	4.4782	0.81963	3.1188	222.82	0.47393	2.0156e-05	0.033820	supercritical
177.00	78.000	299.82	0.0033353	62.435	88.450	4.4954	0.81289	2.9427	224.04	0.47764	1.9853e-05	0.033050	supercritical
178.00	78.000	291.40	0.0034317	64.547	91.315	4.5115	0.80660	2.7900	225.32	0.48024	1.9595e-05	0.032371	supercritical
179.00	78.000	283.72	0.0035245	66.545	94.037	4.5268	0.80071	2.6568	226.64	0.48192	1.9376e-05	0.031772	supercritical
180.00	78.000	276.68	0.0036142	68.443	96.634	4.5412	0.79520	2.5397	227.97	0.48283	1.9188e-05	0.031239	supercritical
181.00	78.000	270.19	0.0037011	70.252	99.120	4.5550	0.79003	2.4362	229.31	0.48311	1.9027e-05	0.030763	supercritical
182.00	78.000	264.18	0.0037853	71.985	101.51	4.5682	0.78515	2.3441	230.66	0.48284	1.8888e-05	0.030338	supercritical
183.00	78.000	258.59	0.0038671	73.649	103.81	4.5808	0.78056	2.2617	232.01	0.48211	1.8769e-05	0.029955	supercritical
184.00	78.000	253.37	0.0039468	75.251	106.04	4.5929	0.77621	2.1877	233.36	0.48101	1.8666e-05	0.029611	supercritical
185.00	78.000	248.48	0.0040244	76.799	108.19	4.6046	0.77210	2.1208	234.70	0.47958	1.8578e-05	0.029300	supercritical
186.00	78.000	243.89	0.0041003	78.297	110.28	4.6159	0.76820	2.0601	236.03	0.47787	1.8503e-05	0.029019	supercritical
187.00	78.000	239.55	0.0041744	79.751	112.31	4.6268	0.76450	2.0047	237.35	0.47593	1.8438e-05	0.028764	supercritical
188.00	78.000	235.46	0.0042470	81.164	114.29	4.6373	0.76099	1.9541	238.66	0.47379	1.8384e-05	0.028533	supercritical
189.00	78.000	231.58	0.0043181	82.540	116.22	4.6475	0.75764	1.9077	239.96	0.47148	1.8338e-05	0.028323	supercritical
190.00	78.000	227.90	0.0043879	83.881	118.11	4.6575	0.75446	1.8649	241.25	0.46903	1.8299e-05	0.028131	supercritical
191.00	78.000	224.40	0.0044564	85.192	119.95	4.6672	0.75142	1.8253	242.52	0.46646	1.8268e-05	0.027957	supercritical
192.00	78.000	221.06	0.0045237	86.473	121.76	4.6766	0.74852	1.7887	243.78	0.46378	1.8243e-05	0.027799	supercritical
193.00	78.000	217.87	0.0045900	87.728	123.53	4.6858	0.74576	1.7547	245.03	0.46102	1.8223e-05	0.027654	supercritical
194.00	78.000	214.82	0.0046552	88.959	125.27	4.6948	0.74312	1.7230	246.26	0.45819	1.8209e-05	0.027523	supercritical
195.00	78.000	211.89	0.0047194	90.166	126.98	4.7036	0.74059	1.6934	247.48	0.45529	1.8199e-05	0.027403	supercritical
196.00	78.000	209.09	0.0047827	91.351	128.66	4.7122	0.73817	1.6657	248.69	0.45235	1.8193e-05	0.027295	supercritical
197.00	78.000	206.40	0.0048451	92.517	130.31	4.7206	0.73586	1.6398	249.89	0.44937	1.8191e-05	0.027196	supercritical
198.00	78.000	203.80	0.0049067	93.664	131.94	4.7288	0.73364	1.6154	251.07	0.44635	1.8193e-05	0.027106	supercritical
199.00	78.000	201.31	0.0049675	94.794	133.54	4.7369	0.73151	1.5925	252.24	0.44331	1.8198e-05	0.027025	supercritical
200.00	78.000	198.90	0.0050276	95.907	135.12	4.7448	0.72947	1.5709	253.40	0.44026	1.8205e-05	0.026952	supercritical
201.00	78.000	196.58	0.0050869	97.004	136.68	4.7526	0.72752	1.5505	254.55	0.43718	1.8216e-05	0.026886	supercritical
202.00	78.000	194.34	0.0051456	98.087	138.22	4.7603	0.72564	1.5312	255.69	0.43410	1.8229e-05	0.026827	supercritical
203.00	78.000	192.17	0.0052037	99.156	139.74	4.7678	0.72384	1.5129	256.81	0.43102	1.8244e-05	0.026774	supercritical
204.00	78.000	190.07	0.0052612	100.21	141.25	4.7752	0.72211	1.4956	257.92	0.42794	1.8261e-05	0.026727	supercritical
205.00	78.000	188.04	0.0053180	101.26	142.74	4.7824	0.72044	1.4792	259.02	0.42485	1.8280e-05	0.026685	supercritical
206.00	78.000	186.07	0.0053744	102.29	144.21	4.7896	0.71884	1.4636	260.12	0.42178	1.8301e-05	0.026648	supercritical
207.00	78.000	184.16	0.0054302	103.31	145.66	4.7967	0.71730	1.4487	261.20	0.41871	1.8324e-05	0.026617	supercritical
208.00	78.000	182.30	0.0054854	104.32	147.11	4.8036	0.71582	1.4345	262.27	0.41565	1.8349e-05	0.026589	supercritical
209.00	78.000	180.50	0.0055402	105.32	148.53	4.8105	0.71439	1.4210	263.33	0.41261	1.8374e-05	0.026566	supercritical
210.00	78.000	178.74	0.0055946	106.31	149.95	4.8172	0.71302	1.4082	264.38	0.40958	1.8402e-05	0.026547	supercritical
211.00	78.000	177.04	0.0056485	107.29	151.35	4.8239	0.71170	1.3958	265.42	0.40656	1.8430e-05	0.026531	supercritical
212.00	78.000	175.38	0.0057019	108.26	152.74	4.8304	0.71042	1.3840	266.45	0.40356	1.8460e-05	0.026519	supercritical
213.00	78.000	173.76	0.0057549	109.23	154.12	4.8369	0.70919	1.3728	267.48	0.40058	1.8491e-05	0.026511	supercritical
214.00	78.000	172.19	0.0058076	110.19	155.49	4.8433	0.70801	1.3620	268.49	0.39762	1.8523e-05	0.026505	supercritical
215.00	78.000	170.65	0.0058598	111.14	156.84	4.8497	0.70687	1.3516	269.50	0.39468	1.8556e-05	0.026503	supercritical
216.00	78.000	169.16	0.0059117	112.08	158.19	4.8559	0.70576	1.3416	270.49	0.39176	1.8589e-05	0.026503	supercritical
217.00	78.000	167.69	0.0059632	113.01	159.53	4.8621	0.70470	1.3321	271.48	0.38886	1.8624e-05	0.026505	supercritical
218.00	78.000	166.27	0.0060144	113.94	160.85	4.8682	0.70367	1.3229	272.46	0.38598	1.8660e-05	0.026511	supercritical
219.00	78.000	164.87	0.0060653	114.86	162.17	4.8742	0.70268	1.3141	273.43	0.38312	1.8696e-05	0.026518	supercritical
220.00	78.000	163.51	0.0061158	115.78	163.48	4.8802	0.70172	1.3056	274.40	0.38029	1.8733e-05	0.026528	supercritical
221.00	78.000	162.18	0.0061660	116.69	164.78	4.8861	0.70079	1.2974	275.36	0.37748	1.8771e-05	0.026540	supercritical
222.00	78.000	160.88	0.0062159	117.59	166.08	4.8919	0.69990	1.2895	276.31	0.37469	1.8809e-05	0.026554	supercritical
223.00	78.000	159.60	0.0062655	118.49	167.36	4.8977	0.69904	1.2819	277.25	0.37193	1.8848e-05	0.026570	supercritical
224.00	78.000	158.36	0.0063149	119.38	168.64	4.9034	0.69820	1.2746	278.19	0.36919	1.8888e-05	0.026588	supercritical
225.00	78.000	157.14	0.0063639	120.27	169.91	4.9091	0.69739	1.2675	279.11	0.36647	1.8928e-05	0.026608	supercritical
226.00	78.000	155.94	0.0064127	121.16	171.18	4.9147	0.69661	1.2606	280.04	0.36377	1.8968e-05	0.026629	supercritical
227.00	78.000	154.77	0.0064613	122.03	172.43	4.9202	0.69586	1.2540	280.95	0.36110	1.9010e-05	0.026652	supercritical
228.00	78.000	153.62	0.0065096	122.91	173.68	4.9257	0.69513	1.2476	281.86	0.35846	1.9051e-05	0.026676	supercritical
229.00	78.000	152.49	0.0065576	123.78	174.93	4.9312	0.69442	1.2415	282.76	0.35584	1.9093e-05	0.026702	supercritical
230.00	78.000	151.39	0.0066054	124.64	176.17	4.9366	0.69374	1.2355	283.66	0.35324	1.9136e-05	0.026729	supercritical
231.00	78.000	150.31	0.0066530	125.51	177.40	4.9419	0.69307	1.2297	284.55	0.35066	1.9179e-05	0.026758	supercritical
232.00	78.000	149.25	0.0067004	126.36	178.63	4.9472	0.69243	1.2241	285.43	0.34811	1.9222e-05	0.026787	supercritical
233.00	78.000	148.20	0.0067475	127.22	179.85	4.9525	0.69181	1.2186	286.31	0.34558	1.9265e-05	0.026818	supercritical
234.00	78.000	147.18	0.0067944	128.07	181.06	4.9577	0.69122	1.2134	287.18	0.34307	1.9309e-05	0.026850	supercritical
235.00	78.000	146.17	0.0068412	128.91	182.27	4.9629	0.69063	1.2083	288.05	0.34059	1.9354e-05	0.026884	supercritical
236.00	78.000	145.19	0.0068877	129.76	183.48	4.9680	0.69007	1.2033	288.91	0.33813	1.9398e-05	0.026918	supercritical
237.00	78.000	144.22	0.0069340	130.60	184.68	4.9730	0.68953	1.1985	289.76	0.33569	1.9443e-05	0.026953	supercritical
238.00	78.000	143.26	0.0069801	131.43	185.88	4.9781	0.68900	1.1938	290.61	0.33328	1.9488e-05	0.026990	supercritical
239.00	78.000	142.33	0.0070261	132.26	187.07	4.9831	0.68849	1.1893	291.46	0.33088	1.9533e-05	0.027027	supercritical
240.00	78.000	141.41	0.0070719	133.09	188.26	4.9880	0.68800	1.1849	292.29	0.32851	1.9579e-05	0.027065	supercritical
241.00	78.000	140.50	0.0071175	133.92	189.44	4.9930	0.68752	1.1806	293.13	0.32616	1.9625e-05	0.027104	supercritical
242.00	78.000	139.61	0.0071629	134.75	190.62	4.9978	0.68706	1.1764	293.96	0.32384	1.9671e-05	0.027144	supercritical
243.00	78.000	138.73	0.0072082	135.57	191.79	5.0027	0.68661	1.1724	294.78	0.32153	1.9717e-05	0.027185	supercritical
244.00	78.000	137.87	0.0072532	136.39	192.96	5.0075	0.68618	1.1684	295.60	0.31925	1.9764e-05	0.027227	supercritical
245.00	78.000	137.02	0.0072982	137.20	194.13	5.0123	0.68576	1.1646	296.42	0.31698	1.9810e-05	0.027269	supercritical
246.00	78.000	136.18	0.0073430	138.02	195.29	5.0170	0.68535	1.1609	297.23	0.31474	1.9857e-05	0.027312	supercritical
247.00	78.000	135.36	0.0073876	138.83	196.45	5.0217	0.68496	1.1572	298.03	0.31252	1.9904e-05	0.027356	supercritical
248.00	78.000	134.55	0.0074321	139.63	197.60	5.0264	0.68458	1.1537	298.83	0.31032	1.9951e-05	0.027400	supercritical
249.00	78.000	133.75	0.0074764	140.44	198.76	5.0310	0.68421	1.1502	299.63	0.30814	1.9999e-05	0.027445	supercritical
250.00	78.000	132.97	0.0075206	141.24	199.91	5.0356	0.68386	1.1469	300.42	0.30597	2.0046e-05	0.027490	supercritical
251.00	78.000	132.19	0.0075646	142.05	201.05	5.0402	0.68351	1.1436	301.21	0.30383	2.0094e-05	0.027537	supercritical
252.00	78.000	131.43	0.0076085	142.85	202.19	5.0447	0.68318	1.1404	301.99	0.30171	2.0141e-05	0.027583	supercritical
253.00	78.000	130.68	0.0076523	143.64	203.33	5.0492	0.68286	1.1373	302.77	0.29961	2.0189e-05	0.027631	supercritical
254.00	78.000	129.94	0.0076960	144.44	204.47	5.0537	0.68255	1.1343	303.55	0.29752	2.0237e-05	0.027679	supercritical
255.00	78.000	129.21	0.0077395	145.23	205.60	5.0582	0.68225	1.1313	304.32	0.29546	2.0285e-05	0.027727	supercritical
256.00	78.000	128.49	0.0077829	146.02	206.73	5.0626	0.68196	1.1284	305.08	0.29341	2.0334e-05	0.027776	supercritical
257.00	78.000	127.78	0.0078262	146.81	207.86	5.0670	0.68167	1.1256	305.85	0.29138	2.0382e-05	0.027825	supercritical
258.00	78.000	127.08	0.0078693	147.60	208.98	5.0713	0.68140	1.1228	306.61	0.28937	2.0430e-05	0.027875	supercritical
259.00	78.000	126.38	0.0079124	148.39	210.10	5.0757	0.68114	1.1201	307.36	0.28738	2.0479e-05	0.027926	supercritical
260.00	78.000	125.70	0.0079553	149.17	211.22	5.0800	0.68089	1.1175	308.11	0.28541	2.0527e-05	0.027976	supercritical
261.00	78.000	125.03	0.0079981	149.95	212.34	5.0843	0.68065	1.1149	308.86	0.28345	2.0576e-05	0.028028	supercritical
262.00	78.000	124.37	0.0080408	150.73	213.45	5.0885	0.68041	1.1124	309.61	0.28151	2.0625e-05	0.028079	supercritical
263.00	78.000	123.71	0.0080834	151.51	214.56	5.0928	0.68018	1.1100	310.35	0.27959	2.0673e-05	0.028131	supercritical
264.00	78.000	123.06	0.0081259	152.29	215.67	5.0970	0.67997	1.1076	311.08	0.27768	2.0722e-05	0.028184	supercritical
265.00	78.000	122.43	0.0081682	153.07	216.78	5.1012	0.67976	1.1053	311.82	0.27579	2.0771e-05	0.028236	supercritical
266.00	78.000	121.80	0.0082105	153.84	217.88	5.1053	0.67956	1.1030	312.55	0.27392	2.0820e-05	0.028289	supercritical
267.00	78.000	121.17	0.0082527	154.61	218.98	5.1094	0.67936	1.1007	313.27	0.27206	2.0869e-05	0.028343	supercritical
268.00	78.000	120.56	0.0082948	155.38	220.08	5.1136	0.67917	1.0985	314.00	0.27022	2.0918e-05	0.028397	supercritical
269.00	78.000	119.95	0.0083367	156.15	221.18	5.1176	0.67900	1.0964	314.72	0.26840	2.0967e-05	0.028451	supercritical
270.00	78.000	119.35	0.0083786	156.92	222.28	5.1217	0.67882	1.0943	315.43	0.26659	2.1017e-05	0.028505	supercritical
271.00	78.000	118.76	0.0084204	157.69	223.37	5.1258	0.67866	1.0923	316.15	0.26480	2.1066e-05	0.028560	supercritical
272.00	78.000	118.17	0.0084621	158.46	224.46	5.1298	0.67850	1.0903	316.86	0.26302	2.1115e-05	0.028615	supercritical
273.00	78.000	117.60	0.0085037	159.22	225.55	5.1338	0.67835	1.0883	317.57	0.26125	2.1164e-05	0.028670	supercritical
274.00	78.000	117.02	0.0085452	159.98	226.64	5.1377	0.67821	1.0864	318.27	0.25951	2.1214e-05	0.028726	supercritical
275.00	78.000	116.46	0.0085867	160.75	227.72	5.1417	0.67807	1.0845	318.97	0.25777	2.1263e-05	0.028782	supercritical
276.00	78.000	115.90	0.0086280	161.51	228.81	5.1456	0.67794	1.0827	319.67	0.25606	2.1312e-05	0.028838	supercritical
277.00	78.000	115.35	0.0086693	162.27	229.89	5.1495	0.67781	1.0809	320.36	0.25435	2.1362e-05	0.028894	supercritical
278.00	78.000	114.80	0.0087105	163.03	230.97	5.1534	0.67769	1.0791	321.06	0.25266	2.1411e-05	0.028951	supercritical
279.00	78.000	114.27	0.0087516	163.78	232.05	5.1573	0.67758	1.0774	321.75	0.25099	2.1461e-05	0.029008	supercritical
280.00	78.000	113.73	0.0087926	164.54	233.12	5.1612	0.67747	1.0757	322.43	0.24932	2.1510e-05	0.029065	supercritical
281.00	78.000	113.21	0.0088335	165.30	234.20	5.1650	0.67737	1.0741	323.12	0.24767	2.1560e-05	0.029122	supercritical
282.00	78.000	112.68	0.0088744	166.05	235.27	5.1688	0.67727	1.0724	323.80	0.24604	2.1609e-05	0.029180	supercritical
283.00	78.000	112.17	0.0089152	166.80	236.34	5.1726	0.67718	1.0709	324.47	0.24442	2.1659e-05	0.029238	supercritical
284.00	78.000	111.66	0.0089559	167.56	237.41	5.1764	0.67710	1.0693	325.15	0.24281	2.1708e-05	0.029296	supercritical
285.00	78.000	111.15	0.0089965	168.31	238.48	5.1801	0.67702	1.0678	325.82	0.24122	2.1758e-05	0.029354	supercritical
286.00	78.000	110.65	0.0090371	169.06	239.55	5.1839	0.67695	1.0663	326.49	0.23963	2.1807e-05	0.029412	supercritical
287.00	78.000	110.16	0.0090776	169.81	240.61	5.1876	0.67688	1.0648	327.16	0.23806	2.1857e-05	0.029471	supercritical
288.00	78.000	109.67	0.0091180	170.56	241.68	5.1913	0.67681	1.0634	327.82	0.23651	2.1906e-05	0.029529	supercritical
289.00	78.000	109.19	0.0091584	171.31	242.74	5.1950	0.67676	1.0620	328.48	0.23496	2.1956e-05	0.029588	supercritical
290.00	78.000	108.71	0.0091987	172.05	243.80	5.1986	0.67670	1.0606	329.14	0.23343	2.2005e-05	0.029647	supercritical
291.00	78.000	108.24	0.0092389	172.80	244.86	5.2023	0.67665	1.0593	329.80	0.23191	2.2055e-05	0.029706	supercritical
292.00	78.000	107.77	0.0092791	173.54	245.92	5.2059	0.67661	1.0579	330.46	0.23040	2.2104e-05	0.029766	supercritical
293.00	78.000	107.31	0.0093192	174.29	246.98	5.2095	0.67657	1.0567	331.11	0.22891	2.2154e-05	0.029825	supercritical
294.00	78.000	106.85	0.0093592	175.03	248.03	5.2131	0.67654	1.0554	331.76	0.22742	2.2203e-05	0.029885	supercritical
295.00	78.000	106.39	0.0093991	175.78	249.09	5.2167	0.67651	1.0541	332.40	0.22595	2.2253e-05	0.029944	supercritical
296.00	78.000	105.94	0.0094391	176.52	250.14	5.2203	0.67648	1.0529	333.05	0.22449	2.2302e-05	0.030004	supercritical
297.00	78.000	105.50	0.0094789	177.26	251.19	5.2238	0.67646	1.0517	333.69	0.22304	2.2352e-05	0.030064	supercritical
298.00	78.000	105.06	0.0095187	178.00	252.25	5.2274	0.67644	1.0505	334.33	0.22160	2.2401e-05	0.030124	supercritical
299.00	78.000	104.62	0.0095584	178.74	253.30	5.2309	0.67643	1.0494	334.97	0.22017	2.2451e-05	0.030184	supercritical
300.00	78.000	104.19	0.0095981	179.48	254.34	5.2344	0.67642	1.0483	335.60	0.21875	2.2500e-05	0.030245	supercritical
301.00	78.000	103.76	0.0096377	180.22	255.39	5.2379	0.67642	1.0472	336.24	0.21735	2.2550e-05	0.030305	supercritical
302.00	78.000	103.34	0.0096772	180.96	256.44	5.2413	0.67642	1.0461	336.87	0.21595	2.2599e-05	0.030365	supercritical
303.00	78.000	102.92	0.0097167	181.69	257.48	5.2448	0.67642	1.0450	337.49	0.21457	2.2649e-05	0.030426	supercritical
304.00	78.000	102.50	0.0097562	182.43	258.53	5.2482	0.67643	1.0440	338.12	0.21320	2.2698e-05	0.030486	supercritical
305.00	78.000	102.09	0.0097956	183.17	259.57	5.2517	0.67644	1.0429	338.75	0.21183	2.2747e-05	0.030547	supercritical
306.00	78.000	101.68	0.0098349	183.90	260.61	5.2551	0.67646	1.0419	339.37	0.21048	2.2797e-05	0.030607	supercritical
307.00	78.000	101.27	0.0098742	184.64	261.66	5.2585	0.67648	1.0409	339.99	0.20914	2.2846e-05	0.030667	supercritical
308.00	78.000	100.87	0.0099134	185.37	262.70	5.2619	0.67650	1.0400	340.60	0.20780	2.2896e-05	0.030726	supercritical
309.00	78.000	100.48	0.0099526	186.11	263.74	5.2652	0.67653	1.0390	341.22	0.20648	2.2945e-05	0.030784	supercritical
310.00	78.000	100.08	0.0099917	186.84	264.77	5.2686	0.67656	1.0381	341.83	0.20516	2.2994e-05	0.030843	supercritical
311.00	78.000	99.693	0.010031	187.57	265.81	5.2719	0.67659	1.0372	342.44	0.20386	2.3043e-05	0.030907	supercritical
312.00	78.000	99.307	0.010070	188.30	266.85	5.2752	0.67663	1.0363	343.05	0.20257	2.3093e-05	0.030970	supercritical
313.00	78.000	98.924	0.010109	189.04	267.88	5.2786	0.67667	1.0354	343.66	0.20128	2.3142e-05	0.031033	supercritical
314.00	78.000	98.544	0.010148	189.77	268.92	5.2819	0.67671	1.0346	344.27	0.20001	2.3191e-05	0.031096	supercritical
315.00	78.000	98.168	0.010187	190.50	269.95	5.2852	0.67676	1.0337	344.87	0.19874	2.3240e-05	0.031160	supercritical
316.00	78.000	97.795	0.010225	191.23	270.99	5.2884	0.67681	1.0329	345.47	0.19748	2.3289e-05	0.031223	supercritical
317.00	78.000	97.426	0.010264	191.96	272.02	5.2917	0.67687	1.0321	346.07	0.19624	2.3338e-05	0.031287	supercritical
318.00	78.000	97.059	0.010303	192.69	273.05	5.2949	0.67693	1.0313	346.67	0.19500	2.3388e-05	0.031350	supercritical
319.00	78.000	96.696	0.010342	193.42	274.08	5.2982	0.67699	1.0305	347.26	0.19377	2.3437e-05	0.031414	supercritical
320.00	78.000	96.336	0.010380	194.15	275.11	5.3014	0.67705	1.0297	347.86	0.19255	2.3486e-05	0.031478	supercritical
321.00	78.000	95.979	0.010419	194.87	276.14	5.3046	0.67712	1.0290	348.45	0.19133	2.3535e-05	0.031541	supercritical
322.00	78.000	95.625	0.010458	195.60	277.17	5.3078	0.67719	1.0282	349.04	0.19013	2.3584e-05	0.031605	supercritical
323.00	78.000	95.274	0.010496	196.33	278.20	5.3110	0.67727	1.0275	349.63	0.18893	2.3633e-05	0.031669	supercritical
324.00	78.000	94.926	0.010535	197.06	279.23	5.3142	0.67734	1.0268	350.21	0.18775	2.3682e-05	0.031733	supercritical
325.00	78.000	94.581	0.010573	197.78	280.25	5.3173	0.67742	1.0261	350.80	0.18657	2.3730e-05	0.031797	supercritical
326.00	78.000	94.239	0.010611	198.51	281.28	5.3205	0.67751	1.0254	351.38	0.18540	2.3779e-05	0.031861	supercritical
327.00	78.000	93.899	0.010650	199.23	282.30	5.3236	0.67759	1.0248	351.96	0.18424	2.3828e-05	0.031925	supercritical
328.00	78.000	93.562	0.010688	199.96	283.33	5.3268	0.67768	1.0241	352.54	0.18308	2.3877e-05	0.031989	supercritical
329.00	78.000	93.228	0.010726	200.69	284.35	5.3299	0.67777	1.0235	353.12	0.18194	2.3926e-05	0.032053	supercritical
330.00	78.000	92.897	0.010765	201.41	285.37	5.3330	0.67787	1.0228	353.69	0.18080	2.3974e-05	0.032118	supercritical
331.00	78.000	92.569	0.010803	202.13	286.40	5.3361	0.67796	1.0222	354.27	0.17967	2.4023e-05	0.032182	supercritical
332.00	78.000	92.243	0.010841	202.86	287.42	5.3392	0.67806	1.0216	354.84	0.17855	2.4072e-05	0.032246	supercritical
333.00	78.000	91.920	0.010879	203.58	288.44	5.3422	0.67817	1.0210	355.41	0.17743	2.4121e-05	0.032311	supercritical
334.00	78.000	91.599	0.010917	204.31	289.46	5.3453	0.67827	1.0204	355.98	0.17633	2.4169e-05	0.032375	supercritical
335.00	78.000	91.281	0.010955	205.03	290.48	5.3483	0.67838	1.0199	356.55	0.17523	2.4218e-05	0.032439	supercritical
336.00	78.000	90.965	0.010993	205.75	291.50	5.3514	0.67849	1.0193	357.11	0.17413	2.4266e-05	0.032504	supercritical
337.00	78.000	90.652	0.011031	206.48	292.52	5.3544	0.67861	1.0188	357.68	0.17305	2.4315e-05	0.032568	supercritical
338.00	78.000	90.341	0.011069	207.20	293.54	5.3574	0.67872	1.0182	358.24	0.17197	2.4363e-05	0.032633	supercritical
339.00	78.000	90.033	0.011107	207.92	294.56	5.3604	0.67884	1.0177	358.80	0.17090	2.4412e-05	0.032697	supercritical
340.00	78.000	89.727	0.011145	208.64	295.57	5.3634	0.67896	1.0172	359.36	0.16984	2.4460e-05	0.032762	supercritical
341.00	78.000	89.423	0.011183	209.36	296.59	5.3664	0.67909	1.0167	359.92	0.16878	2.4508e-05	0.032827	supercritical
342.00	78.000	89.122	0.011221	210.09	297.61	5.3694	0.67921	1.0162	360.47	0.16774	2.4557e-05	0.032891	supercritical
343.00	78.000	88.823	0.011258	210.81	298.62	5.3724	0.67934	1.0157	361.03	0.16669	2.4605e-05	0.032956	supercritical
344.00	78.000	88.526	0.011296	211.53	299.64	5.3753	0.67947	1.0152	361.58	0.16566	2.4653e-05	0.033021	supercritical
345.00	78.000	88.231	0.011334	212.25	300.65	5.3783	0.67961	1.0148	362.13	0.16463	2.4702e-05	0.033085	supercritical
346.00	78.000	87.939	0.011372	212.97	301.67	5.3812	0.67974	1.0143	362.68	0.16361	2.4750e-05	0.033150	supercritical
347.00	78.000	87.649	0.011409	213.69	302.68	5.3841	0.67988	1.0139	363.23	0.16260	2.4798e-05	0.033215	supercritical
348.00	78.000	87.361	0.011447	214.41	303.70	5.3870	0.68002	1.0134	363.77	0.16159	2.4846e-05	0.033280	supercritical
349.00	78.000	87.075	0.011484	215.13	304.71	5.3899	0.68017	1.0130	364.32	0.16059	2.4894e-05	0.033345	supercritical
350.00	78.000	86.791	0.011522	215.85	305.72	5.3928	0.68031	1.0126	364.86	0.15959	2.4942e-05	0.033409	supercritical
351.00	78.000	86.509	0.011559	216.57	306.73	5.3957	0.68046	1.0122	365.41	0.15861	2.4990e-05	0.033474	supercritical
352.00	78.000	86.230	0.011597	217.29	307.75	5.3986	0.68061	1.0118	365.95	0.15762	2.5038e-05	0.033539	supercritical
353.00	78.000	85.952	0.011634	218.01	308.76	5.4015	0.68076	1.0114	366.49	0.15665	2.5086e-05	0.033604	supercritical
354.00	78.000	85.676	0.011672	218.73	309.77	5.4043	0.68091	1.0110	367.02	0.15568	2.5134e-05	0.033669	supercritical
355.00	78.000	85.403	0.011709	219.45	310.78	5.4072	0.68107	1.0106	367.56	0.15472	2.5182e-05	0.033734	supercritical
356.00	78.000	85.131	0.011747	220.17	311.79	5.4100	0.68123	1.0102	368.10	0.15376	2.5230e-05	0.033799	supercritical
357.00	78.000	84.861	0.011784	220.88	312.80	5.4129	0.68139	1.0099	368.63	0.15281	2.5278e-05	0.033864	supercritical
358.00	78.000	84.593	0.011821	221.60	313.81	5.4157	0.68155	1.0095	369.16	0.15187	2.5325e-05	0.033929	supercritical
359.00	78.000	84.327	0.011859	222.32	314.82	5.4185	0.68172	1.0092	369.69	0.15093	2.5373e-05	0.033994	supercritical
360.00	78.000	84.063	0.011896	223.04	315.83	5.4213	0.68188	1.0089	370.22	0.15000	2.5421e-05	0.034059	supercritical
361.00	78.000	83.801	0.011933	223.76	316.84	5.4241	0.68205	1.0085	370.75	0.14907	2.5468e-05	0.034124	supercritical
362.00	78.000	83.540	0.011970	224.48	317.84	5.4269	0.68222	1.0082	371.28	0.14815	2.5516e-05	0.034189	supercritical
363.00	78.000	83.282	0.012007	225.19	318.85	5.4297	0.68240	1.0079	371.81	0.14724	2.5563e-05	0.034254	supercritical
364.00	78.000	83.025	0.012045	225.91	319.86	5.4325	0.68257	1.0076	372.33	0.14633	2.5611e-05	0.034319	supercritical
365.00	78.000	82.770	0.012082	226.63	320.87	5.4352	0.68275	1.0073	372.85	0.14542	2.5658e-05	0.034384	supercritical
366.00	78.000	82.516	0.012119	227.35	321.88	5.4380	0.68293	1.0070	373.37	0.14453	2.5706e-05	0.034449	supercritical
367.00	78.000	82.265	0.012156	228.07	322.88	5.4407	0.68311	1.0067	373.90	0.14364	2.5753e-05	0.034515	supercritical
368.00	78.000	82.015	0.012193	228.78	323.89	5.4435	0.68329	1.0064	374.41	0.14275	2.5801e-05	0.034580	supercritical
369.00	78.000	81.766	0.012230	229.50	324.89	5.4462	0.68347	1.0062	374.93	0.14187	2.5848e-05	0.034645	supercritical
370.00	78.000	81.520	0.012267	230.22	325.90	5.4489	0.68366	1.0059	375.45	0.14099	2.5895e-05	0.034710	supercritical
371.00	78.000	81.275	0.012304	230.94	326.91	5.4516	0.68385	1.0057	375.96	0.14012	2.5943e-05	0.034775	supercritical
372.00	78.000	81.031	0.012341	231.65	327.91	5.4543	0.68403	1.0054	376.48	0.13926	2.5990e-05	0.034840	supercritical
373.00	78.000	80.790	0.012378	232.37	328.92	5.4570	0.68423	1.0052	376.99	0.13840	2.6037e-05	0.034905	supercritical
374.00	78.000	80.550	0.012415	233.09	329.92	5.4597	0.68442	1.0049	377.50	0.13755	2.6084e-05	0.034971	supercritical
375.00	78.000	80.311	0.012452	233.80	330.93	5.4624	0.68461	1.0047	378.01	0.13670	2.6131e-05	0.035036	supercritical
376.00	78.000	80.074	0.012488	234.52	331.93	5.4651	0.68481	1.0045	378.52	0.13585	2.6178e-05	0.035101	supercritical
377.00	78.000	79.838	0.012525	235.24	332.94	5.4678	0.68501	1.0043	379.03	0.13502	2.6225e-05	0.035166	supercritical
378.00	78.000	79.605	0.012562	235.96	333.94	5.4704	0.68521	1.0040	379.54	0.13418	2.6272e-05	0.035231	supercritical
379.00	78.000	79.372	0.012599	236.67	334.94	5.4731	0.68541	1.0038	380.04	0.13335	2.6319e-05	0.035296	supercritical
380.00	78.000	79.141	0.012636	237.39	335.95	5.4757	0.68561	1.0036	380.55	0.13253	2.6366e-05	0.035362	supercritical
381.00	78.000	78.912	0.012672	238.11	336.95	5.4783	0.68582	1.0034	381.05	0.13171	2.6413e-05	0.035427	supercritical
382.00	78.000	78.684	0.012709	238.82	337.96	5.4810	0.68602	1.0033	381.55	0.13090	2.6460e-05	0.035492	supercritical
383.00	78.000	78.457	0.012746	239.54	338.96	5.4836	0.68623	1.0031	382.06	0.13009	2.6507e-05	0.035557	supercritical
384.00	78.000	78.232	0.012782	240.26	339.96	5.4862	0.68644	1.0029	382.56	0.12929	2.6553e-05	0.035622	supercritical
385.00	78.000	78.008	0.012819	240.97	340.96	5.4888	0.68665	1.0027	383.05	0.12849	2.6600e-05	0.035687	supercritical
386.00	78.000	77.786	0.012856	241.69	341.97	5.4914	0.68686	1.0026	383.55	0.12770	2.6647e-05	0.035753	supercritical
387.00	78.000	77.565	0.012892	242.41	342.97	5.4940	0.68708	1.0024	384.05	0.12691	2.6693e-05	0.035818	supercritical
388.00	78.000	77.346	0.012929	243.13	343.97	5.4966	0.68729	1.0022	384.54	0.12612	2.6740e-05	0.035883	supercritical
389.00	78.000	77.128	0.012966	243.84	344.97	5.4992	0.68751	1.0021	385.04	0.12534	2.6786e-05	0.035948	supercritical
390.00	78.000	76.911	0.013002	244.56	345.98	5.5018	0.68773	1.0020	385.53	0.12457	2.6833e-05	0.036013	supercritical
391.00	78.000	76.695	0.013039	245.28	346.98	5.5043	0.68795	1.0018	386.02	0.12380	2.6879e-05	0.036079	supercritical
392.00	78.000	76.481	0.013075	245.99	347.98	5.5069	0.68817	1.0017	386.51	0.12303	2.6926e-05	0.036144	supercritical
393.00	78.000	76.268	0.013112	246.71	348.98	5.5094	0.68839	1.0015	387.00	0.12227	2.6972e-05	0.036209	supercritical
394.00	78.000	76.057	0.013148	247.43	349.98	5.5120	0.68861	1.0014	387.49	0.12151	2.7019e-05	0.036274	supercritical
395.00	78.000	75.846	0.013185	248.14	350.98	5.5145	0.68884	1.0013	387.98	0.12076	2.7065e-05	0.036339	supercritical
396.00	78.000	75.637	0.013221	248.86	351.99	5.5170	0.68906	1.0012	388.47	0.12001	2.7111e-05	0.036404	supercritical
397.00	78.000	75.430	0.013257	249.58	352.99	5.5196	0.68929	1.0011	388.95	0.11927	2.7157e-05	0.036470	supercritical
398.00	78.000	75.223	0.013294	250.30	353.99	5.5221	0.68952	1.0010	389.44	0.11853	2.7204e-05	0.036535	supercritical
399.00	78.000	75.018	0.013330	251.01	354.99	5.5246	0.68975	1.0009	389.92	0.11780	2.7250e-05	0.036600	supercritical
400.00	78.000	74.814	0.013366	251.73	355.99	5.5271	0.68998	1.0008	390.40	0.11706	2.7296e-05	0.036665	supercritical
401.00	78.000	74.611	0.013403	252.45	356.99	5.5296	0.69022	1.0007	390.89	0.11634	2.7342e-05	0.036730	supercritical
402.00	78.000	74.410	0.013439	253.17	357.99	5.5321	0.69045	1.0006	391.37	0.11562	2.7388e-05	0.036795	supercritical
403.00	78.000	74.209	0.013475	253.88	358.99	5.5346	0.69069	1.0005	391.85	0.11490	2.7434e-05	0.036860	supercritical
404.00	78.000	74.010	0.013512	254.60	359.99	5.5371	0.69092	1.0004	392.33	0.11418	2.7480e-05	0.036926	supercritical
405.00	78.000	73.812	0.013548	255.32	360.99	5.5395	0.69116	1.0003	392.80	0.11347	2.7526e-05	0.036991	supercritical
406.00	78.000	73.615	0.013584	256.03	361.99	5.5420	0.69140	1.0003	393.28	0.11277	2.7572e-05	0.037056	supercritical
407.00	78.000	73.419	0.013620	256.75	362.99	5.5445	0.69164	1.0002	393.76	0.11207	2.7618e-05	0.037121	supercritical
408.00	78.000	73.224	0.013657	257.47	363.99	5.5469	0.69188	1.0001	394.23	0.11137	2.7663e-05	0.037186	supercritical
409.00	78.000	73.031	0.013693	258.19	364.99	5.5494	0.69212	1.0001	394.70	0.11067	2.7709e-05	0.037251	supercritical
410.00	78.000	72.838	0.013729	258.91	365.99	5.5518	0.69237	1.0000	395.18	0.10998	2.7755e-05	0.037316	supercritical
411.00	78.000	72.647	0.013765	259.62	366.99	5.5542	0.69261	0.99997	395.65	0.10930	2.7801e-05	0.037381	supercritical
412.00	78.000	72.457	0.013801	260.34	367.99	5.5567	0.69286	0.99992	396.12	0.10862	2.7846e-05	0.037446	supercritical
413.00	78.000	72.268	0.013837	261.06	368.99	5.5591	0.69311	0.99988	396.59	0.10794	2.7892e-05	0.037511	supercritical
414.00	78.000	72.079	0.013874	261.78	369.99	5.5615	0.69335	0.99984	397.06	0.10726	2.7937e-05	0.037576	supercritical
415.00	78.000	71.892	0.013910	262.50	370.99	5.5639	0.69360	0.99980	397.53	0.10659	2.7983e-05	0.037641	supercritical
416.00	78.000	71.706	0.013946	263.22	371.99	5.5663	0.69385	0.99977	397.99	0.10593	2.8028e-05	0.037706	supercritical
417.00	78.000	71.521	0.013982	263.93	372.99	5.5687	0.69410	0.99974	398.46	0.10526	2.8074e-05	0.037771	supercritical
418.00	78.000	71.338	0.014018	264.65	373.99	5.5711	0.69436	0.99971	398.92	0.10461	2.8119e-05	0.037836	supercritical
419.00	78.000	71.155	0.014054	265.37	374.99	5.5735	0.69461	0.99969	399.39	0.10395	2.8165e-05	0.037901	supercritical
420.00	78.000	70.973	0.014090	266.09	375.99	5.5759	0.69486	0.99967	399.85	0.10330	2.8210e-05	0.037966	supercritical
421.00	78.000	70.792	0.014126	266.81	376.99	5.5783	0.69512	0.99966	400.32	0.10265	2.8255e-05	0.038031	supercritical
422.00	78.000	70.612	0.014162	267.53	377.99	5.5807	0.69537	0.99964	400.78	0.10201	2.8300e-05	0.038096	supercritical
423.00	78.000	70.433	0.014198	268.25	378.99	5.5830	0.69563	0.99964	401.24	0.10136	2.8346e-05	0.038161	supercritical
424.00	78.000	70.255	0.014234	268.97	379.99	5.5854	0.69589	0.99963	401.70	0.10073	2.8391e-05	0.038226	supercritical
425.00	78.000	70.078	0.014270	269.68	380.99	5.5877	0.69615	0.99963	402.16	0.10009	2.8436e-05	0.038291	supercritical
426.00	78.000	69.902	0.014306	270.40	381.99	5.5901	0.69641	0.99963	402.62	0.099462	2.8481e-05	0.038356	supercritical
427.00	78.000	69.727	0.014342	271.12	382.99	5.5924	0.69667	0.99963	403.07	0.098835	2.8526e-05	0.038421	supercritical
428.00	78.000	69.553	0.014377	271.84	383.99	5.5948	0.69693	0.99964	403.53	0.098212	2.8571e-05	0.038485	supercritical
429.00	78.000	69.380	0.014413	272.56	384.99	5.5971	0.69719	0.99965	403.98	0.097592	2.8616e-05	0.038550	supercritical
430.00	78.000	69.208	0.014449	273.28	385.99	5.5994	0.69746	0.99966	404.44	0.096975	2.8661e-05	0.038615	supercritical
431.00	78.000	69.037	0.014485	274.00	386.99	5.6017	0.69772	0.99968	404.89	0.096362	2.8706e-05	0.038680	supercritical
432.00	78.000	68.866	0.014521	274.72	387.99	5.6041	0.69799	0.99970	405.35	0.095752	2.8751e-05	0.038745	supercritical
433.00	78.000	68.697	0.014557	275.44	388.99	5.6064	0.69825	0.99972	405.80	0.095146	2.8796e-05	0.038810	supercritical
434.00	78.000	68.528	0.014593	276.16	389.99	5.6087	0.69852	0.99975	406.25	0.094542	2.8841e-05	0.038874	supercritical
435.00	78.000	68.361	0.014628	276.88	390.99	5.6110	0.69878	0.99978	406.70	0.093942	2.8885e-05	0.038939	supercritical
436.00	78.000	68.194	0.014664	277.61	391.99	5.6133	0.69905	0.99981	407.15	0.093346	2.8930e-05	0.039004	supercritical
437.00	78.000	68.028	0.014700	278.33	392.99	5.6156	0.69932	0.99984	407.60	0.092752	2.8975e-05	0.039069	supercritical
438.00	78.000	67.863	0.014736	279.05	393.99	5.6179	0.69959	0.99988	408.05	0.092162	2.9019e-05	0.039133	supercritical
439.00	78.000	67.699	0.014771	279.77	394.99	5.6201	0.69986	0.99992	408.50	0.091575	2.9064e-05	0.039198	supercritical
440.00	78.000	67.535	0.014807	280.49	395.98	5.6224	0.70013	0.99996	408.94	0.090991	2.9109e-05	0.039263	supercritical
441.00	78.000	67.373	0.014843	281.21	396.98	5.6247	0.70040	1.0000	409.39	0.090410	2.9153e-05	0.039328	supercritical
442.00	78.000	67.211	0.014878	281.93	397.99	5.6269	0.70068	1.0000	409.83	0.089833	2.9198e-05	0.039392	supercritical
443.00	78.000	67.050	0.014914	282.65	398.99	5.6292	0.70095	1.0001	410.28	0.089258	2.9242e-05	0.039457	supercritical
444.00	78.000	66.890	0.014950	283.38	399.99	5.6315	0.70122	1.0002	410.72	0.088687	2.9286e-05	0.039522	supercritical
445.00	78.000	66.731	0.014986	284.10	400.99	5.6337	0.70150	1.0002	411.16	0.088118	2.9331e-05	0.039586	supercritical
446.00	78.000	66.573	0.015021	284.82	401.99	5.6360	0.70177	1.0003	411.61	0.087553	2.9375e-05	0.039651	supercritical
447.00	78.000	66.415	0.015057	285.54	402.99	5.6382	0.70205	1.0003	412.05	0.086990	2.9419e-05	0.039715	supercritical
448.00	78.000	66.258	0.015092	286.27	403.99	5.6404	0.70233	1.0004	412.49	0.086431	2.9464e-05	0.039780	supercritical
449.00	78.000	66.102	0.015128	286.99	404.99	5.6427	0.70260	1.0005	412.93	0.085875	2.9508e-05	0.039845	supercritical
450.00	78.000	65.947	0.015164	287.71	405.99	5.6449	0.70288	1.0005	413.37	0.085321	2.9552e-05	0.039909	supercritical
451.00	78.000	65.793	0.015199	288.43	406.99	5.6471	0.70316	1.0006	413.80	0.084771	2.9596e-05	0.039974	supercritical
452.00	78.000	65.639	0.015235	289.16	407.99	5.6493	0.70344	1.0007	414.24	0.084223	2.9640e-05	0.040038	supercritical
453.00	78.000	65.486	0.015270	289.88	408.99	5.6515	0.70372	1.0007	414.68	0.083679	2.9685e-05	0.040103	supercritical
454.00	78.000	65.334	0.015306	290.60	409.99	5.6537	0.70400	1.0008	415.11	0.083137	2.9729e-05	0.040167	supercritical
455.00	78.000	65.183	0.015341	291.33	410.99	5.6559	0.70428	1.0009	415.55	0.082598	2.9773e-05	0.040232	supercritical
456.00	78.000	65.032	0.015377	292.05	411.99	5.6581	0.70456	1.0010	415.98	0.082062	2.9817e-05	0.040296	supercritical
457.00	78.000	64.882	0.015413	292.77	412.99	5.6603	0.70484	1.0010	416.42	0.081529	2.9860e-05	0.040361	supercritical
458.00	78.000	64.733	0.015448	293.50	413.99	5.6625	0.70512	1.0011	416.85	0.080998	2.9904e-05	0.040425	supercritical
459.00	78.000	64.585	0.015484	294.22	414.99	5.6647	0.70541	1.0012	417.28	0.080470	2.9948e-05	0.040489	supercritical
460.00	78.000	64.437	0.015519	294.95	416.00	5.6669	0.70569	1.0013	417.71	0.079945	2.9992e-05	0.040554	supercritical
461.00	78.000	64.290	0.015554	295.67	417.00	5.6691	0.70597	1.0014	418.14	0.079423	3.0036e-05	0.040618	supercritical
462.00	78.000	64.144	0.015590	296.40	418.00	5.6712	0.70626	1.0015	418.58	0.078904	3.0080e-05	0.040682	supercritical
463.00	78.000	63.998	0.015625	297.12	419.00	5.6734	0.70654	1.0016	419.00	0.078387	3.0123e-05	0.040747	supercritical
464.00	78.000	63.854	0.015661	297.85	420.00	5.6756	0.70683	1.0017	419.43	0.077873	3.0167e-05	0.040811	supercritical
465.00	78.000	63.710	0.015696	298.57	421.00	5.6777	0.70711	1.0018	419.86	0.077361	3.0211e-05	0.040875	supercritical
466.00	78.000	63.566	0.015732	299.30	422.01	5.6799	0.70740	1.0019	420.29	0.076853	3.0254e-05	0.040940	supercritical
467.00	78.000	63.423	0.015767	300.02	423.01	5.6820	0.70769	1.0020	420.72	0.076346	3.0298e-05	0.041004	supercritical
468.00	78.000	63.281	0.015802	300.75	424.01	5.6842	0.70797	1.0021	421.14	0.075843	3.0341e-05	0.041068	supercritical
469.00	78.000	63.140	0.015838	301.48	425.01	5.6863	0.70826	1.0022	421.57	0.075342	3.0385e-05	0.041132	supercritical
470.00	78.000	62.999	0.015873	302.20	426.01	5.6884	0.70855	1.0023	421.99	0.074843	3.0428e-05	0.041197	supercritical
471.00	78.000	62.859	0.015909	302.93	427.02	5.6906	0.70884	1.0024	422.42	0.074348	3.0472e-05	0.041261	supercritical
472.00	78.000	62.720	0.015944	303.66	428.02	5.6927	0.70913	1.0025	422.84	0.073854	3.0515e-05	0.041325	supercritical
473.00	78.000	62.581	0.015979	304.38	429.02	5.6948	0.70942	1.0026	423.26	0.073364	3.0559e-05	0.041389	supercritical
474.00	78.000	62.443	0.016015	305.11	430.02	5.6969	0.70971	1.0028	423.68	0.072875	3.0602e-05	0.041453	supercritical
475.00	78.000	62.306	0.016050	305.84	431.03	5.6990	0.70999	1.0029	424.11	0.072389	3.0645e-05	0.041517	supercritical
476.00	78.000	62.169	0.016085	306.56	432.03	5.7011	0.71029	1.0030	424.53	0.071906	3.0688e-05	0.041581	supercritical
477.00	78.000	62.033	0.016121	307.29	433.03	5.7033	0.71058	1.0031	424.95	0.071425	3.0732e-05	0.041646	supercritical
478.00	78.000	61.897	0.016156	308.02	434.04	5.7054	0.71087	1.0032	425.37	0.070947	3.0775e-05	0.041710	supercritical
479.00	78.000	61.762	0.016191	308.75	435.04	5.7075	0.71116	1.0034	425.79	0.070471	3.0818e-05	0.041774	supercritical
480.00	78.000	61.628	0.016226	309.48	436.04	5.7095	0.71145	1.0035	426.20	0.069997	3.0861e-05	0.041838	supercritical
481.00	78.000	61.494	0.016262	310.21	437.05	5.7116	0.71174	1.0036	426.62	0.069526	3.0904e-05	0.041902	supercritical
482.00	78.000	61.361	0.016297	310.93	438.05	5.7137	0.71203	1.0037	427.04	0.069057	3.0947e-05	0.041966	supercritical
483.00	78.000	61.229	0.016332	311.66	439.05	5.7158	0.71233	1.0039	427.45	0.068591	3.0990e-05	0.042030	supercritical
484.00	78.000	61.097	0.016367	312.39	440.06	5.7179	0.71262	1.0040	427.87	0.068127	3.1033e-05	0.042094	supercritical
485.00	78.000	60.966	0.016403	313.12	441.06	5.7199	0.71291	1.0041	428.29	0.067665	3.1076e-05	0.042158	supercritical
486.00	78.000	60.835	0.016438	313.85	442.07	5.7220	0.71320	1.0043	428.70	0.067206	3.1119e-05	0.042221	supercritical
487.00	78.000	60.705	0.016473	314.58	443.07	5.7241	0.71350	1.0044	429.11	0.066749	3.1162e-05	0.042285	supercritical
488.00	78.000	60.576	0.016508	315.31	444.07	5.7261	0.71379	1.0045	429.53	0.066294	3.1205e-05	0.042349	supercritical
489.00	78.000	60.447	0.016543	316.04	445.08	5.7282	0.71409	1.0047	429.94	0.065841	3.1247e-05	0.042413	supercritical
490.00	78.000	60.319	0.016579	316.77	446.08	5.7302	0.71438	1.0048	430.35	0.065391	3.1290e-05	0.042477	supercritical
491.00	78.000	60.191	0.016614	317.50	447.09	5.7323	0.71467	1.0050	430.76	0.064943	3.1333e-05	0.042541	supercritical
492.00	78.000	60.064	0.016649	318.23	448.09	5.7343	0.71497	1.0051	431.17	0.064497	3.1376e-05	0.042604	supercritical
493.00	78.000	59.937	0.016684	318.96	449.10	5.7364	0.71526	1.0052	431.58	0.064053	3.1418e-05	0.042668	supercritical
494.00	78.000	59.811	0.016719	319.69	450.10	5.7384	0.71556	1.0054	431.99	0.063612	3.1461e-05	0.042732	supercritical
495.00	78.000	59.686	0.016754	320.43	451.11	5.7405	0.71585	1.0055	432.40	0.063173	3.1503e-05	0.042796	supercritical
496.00	78.000	59.561	0.016789	321.16	452.12	5.7425	0.71615	1.0057	432.81	0.062736	3.1546e-05	0.042859	supercritical
497.00	78.000	59.437	0.016825	321.89	453.12	5.7445	0.71645	1.0058	433.22	0.062301	3.1589e-05	0.042923	supercritical
498.00	78.000	59.313	0.016860	322.62	454.13	5.7465	0.71674	1.0060	433.63	0.061868	3.1631e-05	0.042987	supercritical
499.00	78.000	59.190	0.016895	323.35	455.13	5.7485	0.71704	1.0061	434.03	0.061437	3.1674e-05	0.043050	supercritical
500.00	78.000	59.067	0.016930	324.09	456.14	5.7506	0.71733	1.0063	434.44	0.061009	3.1716e-05	0.043114	supercritical
501.00	78.000	58.945	0.016965	324.82	457.15	5.7526	0.71763	1.0064	434.85	0.060582	3.1758e-05	0.043178	supercritical
502.00	78.000	58.823	0.017000	325.55	458.15	5.7546	0.71793	1.0066	435.25	0.060158	3.1801e-05	0.043241	supercritical
503.00	78.000	58.702	0.017035	326.29	459.16	5.7566	0.71822	1.0068	435.66	0.059736	3.1843e-05	0.043305	supercritical
504.00	78.000	58.582	0.017070	327.02	460.17	5.7586	0.71852	1.0069	436.06	0.059316	3.1885e-05	0.043368	supercritical
505.00	78.000	58.462	0.017105	327.75	461.17	5.7606	0.71882	1.0071	436.46	0.058897	3.1928e-05	0.043432	supercritical
506.00	78.000	58.342	0.017140	328.49	462.18	5.7626	0.71911	1.0072	436.87	0.058481	3.1970e-05	0.043495	supercritical
507.00	78.000	58.223	0.017175	329.22	463.19	5.7646	0.71941	1.0074	437.27	0.058067	3.2012e-05	0.043559	supercritical
508.00	78.000	58.105	0.017210	329.95	464.19	5.7665	0.71971	1.0076	437.67	0.057655	3.2054e-05	0.043622	supercritical
509.00	78.000	57.987	0.017245	330.69	465.20	5.7685	0.72001	1.0077	438.07	0.057245	3.2096e-05	0.043686	supercritical
510.00	78.000	57.869	0.017280	331.42	466.21	5.7705	0.72030	1.0079	438.47	0.056837	3.2138e-05	0.043749	supercritical
511.00	78.000	57.752	0.017315	332.16	467.22	5.7725	0.72060	1.0080	438.87	0.056431	3.2180e-05	0.043813	supercritical
512.00	78.000	57.636	0.017350	332.89	468.23	5.7745	0.72090	1.0082	439.27	0.056027	3.2222e-05	0.043876	supercritical
513.00	78.000	57.520	0.017385	333.63	469.23	5.7764	0.72120	1.0084	439.67	0.055624	3.2264e-05	0.043939	supercritical
514.00	78.000	57.404	0.017420	334.36	470.24	5.7784	0.72149	1.0085	440.07	0.055224	3.2306e-05	0.044003	supercritical
515.00	78.000	57.289	0.017455	335.10	471.25	5.7803	0.72179	1.0087	440.47	0.054826	3.2348e-05	0.044066	supercritical
516.00	78.000	57.175	0.017490	335.84	472.26	5.7823	0.72209	1.0089	440.87	0.054429	3.2390e-05	0.044129	supercritical
517.00	78.000	57.061	0.017525	336.57	473.27	5.7843	0.72239	1.0091	441.26	0.054035	3.2432e-05	0.044193	supercritical
518.00	78.000	56.947	0.017560	337.31	474.28	5.7862	0.72269	1.0092	441.66	0.053642	3.2474e-05	0.044256	supercritical
519.00	78.000	56.834	0.017595	338.05	475.29	5.7881	0.72298	1.0094	442.06	0.053251	3.2516e-05	0.044319	supercritical
520.00	78.000	56.721	0.017630	338.78	476.30	5.7901	0.72328	1.0096	442.45	0.052863	3.2557e-05	0.044382	supercritical
521.00	78.000	56.609	0.017665	339.52	477.31	5.7920	0.72358	1.0097	442.85	0.052475	3.2599e-05	0.044446	supercritical
522.00	78.000	56.497	0.017700	340.26	478.32	5.7940	0.72388	1.0099	443.24	0.052090	3.2641e-05	0.044509	supercritical
523.00	78.000	56.386	0.017735	341.00	479.33	5.7959	0.72418	1.0101	443.63	0.051707	3.2682e-05	0.044572	supercritical
524.00	78.000	56.275	0.017770	341.73	480.34	5.7978	0.72448	1.0103	444.03	0.051325	3.2724e-05	0.044635	supercritical
525.00	78.000	56.165	0.017805	342.47	481.35	5.7998	0.72477	1.0104	444.42	0.050946	3.2766e-05	0.044698	supercritical
526.00	78.000	56.055	0.017840	343.21	482.36	5.8017	0.72507	1.0106	444.81	0.050568	3.2807e-05	0.044761	supercritical
527.00	78.000	55.946	0.017874	343.95	483.37	5.8036	0.72537	1.0108	445.20	0.050191	3.2849e-05	0.044824	supercritical
528.00	78.000	55.837	0.017909	344.69	484.38	5.8055	0.72567	1.0110	445.60	0.049817	3.2890e-05	0.044888	supercritical
529.00	78.000	55.728	0.017944	345.43	485.39	5.8074	0.72597	1.0112	445.99	0.049444	3.2932e-05	0.044951	supercritical
530.00	78.000	55.620	0.017979	346.17	486.40	5.8093	0.72626	1.0113	446.38	0.049073	3.2973e-05	0.045014	supercritical
531.00	78.000	55.513	0.018014	346.91	487.41	5.8112	0.72656	1.0115	446.77	0.048704	3.3014e-05	0.045077	supercritical
532.00	78.000	55.406	0.018049	347.65	488.43	5.8132	0.72686	1.0117	447.16	0.048337	3.3056e-05	0.045140	supercritical
533.00	78.000	55.299	0.018084	348.39	489.44	5.8151	0.72716	1.0119	447.55	0.047971	3.3097e-05	0.045203	supercritical
534.00	78.000	55.193	0.018118	349.13	490.45	5.8169	0.72746	1.0121	447.93	0.047607	3.3138e-05	0.045265	supercritical
535.00	78.000	55.087	0.018153	349.87	491.46	5.8188	0.72775	1.0123	448.32	0.047245	3.3180e-05	0.045328	supercritical
536.00	78.000	54.981	0.018188	350.61	492.47	5.8207	0.72805	1.0125	448.71	0.046884	3.3221e-05	0.045391	supercritical
537.00	78.000	54.876	0.018223	351.35	493.49	5.8226	0.72835	1.0126	449.10	0.046525	3.3262e-05	0.045454	supercritical
538.00	78.000	54.772	0.018258	352.09	494.50	5.8245	0.72865	1.0128	449.48	0.046168	3.3303e-05	0.045517	supercritical
539.00	78.000	54.667	0.018292	352.83	495.51	5.8264	0.72894	1.0130	449.87	0.045813	3.3345e-05	0.045580	supercritical
540.00	78.000	54.564	0.018327	353.57	496.52	5.8283	0.72924	1.0132	450.26	0.045459	3.3386e-05	0.045643	supercritical
541.00	78.000	54.460	0.018362	354.31	497.54	5.8301	0.72954	1.0134	450.64	0.045106	3.3427e-05	0.045705	supercritical
542.00	78.000	54.357	0.018397	355.06	498.55	5.8320	0.72984	1.0136	451.03	0.044756	3.3468e-05	0.045768	supercritical
543.00	78.000	54.255	0.018432	355.80	499.57	5.8339	0.73013	1.0138	451.41	0.044407	3.3509e-05	0.045831	supercritical
544.00	78.000	54.152	0.018466	356.54	500.58	5.8357	0.73043	1.0140	451.79	0.044059	3.3550e-05	0.045894	supercritical
545.00	78.000	54.051	0.018501	357.28	501.59	5.8376	0.73073	1.0142	452.18	0.043713	3.3591e-05	0.045956	supercritical
546.00	78.000	53.949	0.018536	358.03	502.61	5.8395	0.73103	1.0143	452.56	0.043369	3.3632e-05	0.046019	supercritical
547.00	78.000	53.848	0.018571	358.77	503.62	5.8413	0.73132	1.0145	452.94	0.043026	3.3673e-05	0.046082	supercritical
548.00	78.000	53.748	0.018605	359.51	504.64	5.8432	0.73162	1.0147	453.32	0.042685	3.3713e-05	0.046144	supercritical
549.00	78.000	53.648	0.018640	360.26	505.65	5.8450	0.73192	1.0149	453.71	0.042346	3.3754e-05	0.046207	supercritical
550.00	78.000	53.548	0.018675	361.00	506.67	5.8469	0.73221	1.0151	454.09	0.042008	3.3795e-05	0.046270	supercritical
551.00	78.000	53.449	0.018710	361.75	507.68	5.8487	0.73251	1.0153	454.47	0.041671	3.3836e-05	0.046332	supercritical
552.00	78.000	53.350	0.018744	362.49	508.70	5.8506	0.73281	1.0155	454.85	0.041336	3.3877e-05	0.046395	supercritical
553.00	78.000	53.251	0.018779	363.24	509.71	5.8524	0.73310	1.0157	455.23	0.041003	3.3917e-05	0.046457	supercritical
554.00	78.000	53.153	0.018814	363.98	510.73	5.8542	0.73340	1.0159	455.61	0.040671	3.3958e-05	0.046520	supercritical
555.00	78.000	53.055	0.018848	364.73	511.74	5.8561	0.73369	1.0161	455.99	0.040341	3.3999e-05	0.046582	supercritical
556.00	78.000	52.957	0.018883	365.47	512.76	5.8579	0.73399	1.0163	456.36	0.040012	3.4039e-05	0.046645	supercritical
557.00	78.000	52.860	0.018918	366.22	513.78	5.8597	0.73428	1.0165	456.74	0.039684	3.4080e-05	0.046707	supercritical
558.00	78.000	52.763	0.018953	366.96	514.79	5.8615	0.73458	1.0167	457.12	0.039359	3.4121e-05	0.046770	supercritical
559.00	78.000	52.667	0.018987	367.71	515.81	5.8634	0.73487	1.0169	457.50	0.039034	3.4161e-05	0.046832	supercritical
560.00	78.000	52.571	0.019022	368.46	516.83	5.8652	0.73517	1.0171	457.87	0.038711	3.4202e-05	0.046894	supercritical
561.00	78.000	52.475	0.019057	369.20	517.84	5.8670	0.73546	1.0173	458.25	0.038390	3.4242e-05	0.046957	supercritical
562.00	78.000	52.380	0.019091	369.95	518.86	5.8688	0.73576	1.0175	458.63	0.038070	3.4283e-05	0.047019	supercritical
563.00	78.000	52.285	0.019126	370.70	519.88	5.8706	0.73605	1.0177	459.00	0.037751	3.4323e-05	0.047082	supercritical
564.00	78.000	52.191	0.019161	371.45	520.90	5.8724	0.73635	1.0179	459.38	0.037434	3.4363e-05	0.047144	supercritical
565.00	78.000	52.097	0.019195	372.19	521.92	5.8742	0.73664	1.0181	459.75	0.037118	3.4404e-05	0.047206	supercritical
566.00	78.000	52.003	0.019230	372.94	522.93	5.8760	0.73694	1.0183	460.13	0.036804	3.4444e-05	0.047268	supercritical
567.00	78.000	51.909	0.019264	373.69	523.95	5.8778	0.73723	1.0185	460.50	0.036491	3.4484e-05	0.047331	supercritical
568.00	78.000	51.816	0.019299	374.44	524.97	5.8796	0.73752	1.0187	460.87	0.036179	3.4525e-05	0.047393	supercritical
569.00	78.000	51.723	0.019334	375.19	525.99	5.8814	0.73782	1.0189	461.25	0.035869	3.4565e-05	0.047455	supercritical
570.00	78.000	51.631	0.019368	375.94	527.01	5.8832	0.73811	1.0191	461.62	0.035560	3.4605e-05	0.047517	supercritical
571.00	78.000	51.539	0.019403	376.68	528.03	5.8850	0.73840	1.0193	461.99	0.035252	3.4645e-05	0.047579	supercritical
572.00	78.000	51.447	0.019438	377.43	529.05	5.8868	0.73870	1.0195	462.36	0.034946	3.4685e-05	0.047642	supercritical
573.00	78.000	51.355	0.019472	378.18	530.07	5.8886	0.73899	1.0197	462.73	0.034642	3.4725e-05	0.047704	supercritical
574.00	78.000	51.264	0.019507	378.93	531.09	5.8903	0.73928	1.0199	463.11	0.034338	3.4766e-05	0.047766	supercritical
575.00	78.000	51.174	0.019541	379.68	532.11	5.8921	0.73957	1.0201	463.48	0.034036	3.4806e-05	0.047828	supercritical
576.00	78.000	51.083	0.019576	380.43	533.13	5.8939	0.73987	1.0203	463.85	0.033736	3.4846e-05	0.047890	supercritical
577.00	78.000	50.993	0.019610	381.19	534.15	5.8956	0.74016	1.0205	464.22	0.033436	3.4886e-05	0.047952	supercritical
578.00	78.000	50.903	0.019645	381.94	535.17	5.8974	0.74045	1.0207	464.59	0.033138	3.4926e-05	0.048014	supercritical
579.00	78.000	50.814	0.019680	382.69	536.19	5.8992	0.74074	1.0209	464.95	0.032841	3.4966e-05	0.048076	supercritical
580.00	78.000	50.725	0.019714	383.44	537.21	5.9009	0.74103	1.0212	465.32	0.032546	3.5006e-05	0.048138	supercritical
581.00	78.000	50.636	0.019749	384.19	538.23	5.9027	0.74132	1.0214	465.69	0.032252	3.5045e-05	0.048200	supercritical
582.00	78.000	50.548	0.019783	384.94	539.25	5.9045	0.74161	1.0216	466.06	0.031959	3.5085e-05	0.048262	supercritical
583.00	78.000	50.460	0.019818	385.69	540.27	5.9062	0.74190	1.0218	466.43	0.031667	3.5125e-05	0.048324	supercritical
584.00	78.000	50.372	0.019852	386.45	541.30	5.9080	0.74219	1.0220	466.79	0.031377	3.5165e-05	0.048386	supercritical
585.00	78.000	50.284	0.019887	387.20	542.32	5.9097	0.74248	1.0222	467.16	0.031088	3.5205e-05	0.048447	supercritical
586.00	78.000	50.197	0.019921	387.95	543.34	5.9115	0.74277	1.0224	467.53	0.030800	3.5244e-05	0.048509	supercritical
587.00	78.000	50.110	0.019956	388.71	544.36	5.9132	0.74306	1.0226	467.89	0.030513	3.5284e-05	0.048571	supercritical
588.00	78.000	50.024	0.019991	389.46	545.39	5.9149	0.74335	1.0228	468.26	0.030228	3.5324e-05	0.048633	supercritical
589.00	78.000	49.937	0.020025	390.21	546.41	5.9167	0.74364	1.0230	468.62	0.029944	3.5364e-05	0.048695	supercritical
590.00	78.000	49.852	0.020060	390.97	547.43	5.9184	0.74393	1.0232	468.99	0.029661	3.5403e-05	0.048757	supercritical
591.00	78.000	49.766	0.020094	391.72	548.45	5.9201	0.74422	1.0234	469.35	0.029380	3.5443e-05	0.048818	supercritical
592.00	78.000	49.681	0.020129	392.48	549.48	5.9219	0.74450	1.0236	469.72	0.029099	3.5482e-05	0.048880	supercritical
593.00	78.000	49.596	0.020163	393.23	550.50	5.9236	0.74479	1.0239	470.08	0.028820	3.5522e-05	0.048942	supercritical
594.00	78.000	49.511	0.020198	393.98	551.53	5.9253	0.74508	1.0241	470.44	0.028542	3.5561e-05	0.049003	supercritical
595.00	78.000	49.426	0.020232	394.74	552.55	5.9271	0.74537	1.0243	470.81	0.028265	3.5601e-05	0.049065	supercritical
596.00	78.000	49.342	0.020267	395.50	553.57	5.9288	0.74565	1.0245	471.17	0.027989	3.5640e-05	0.049127	supercritical
597.00	78.000	49.259	0.020301	396.25	554.60	5.9305	0.74594	1.0247	471.53	0.027715	3.5680e-05	0.049188	supercritical
598.00	78.000	49.175	0.020336	397.01	555.62	5.9322	0.74623	1.0249	471.89	0.027442	3.5719e-05	0.049250	supercritical
599.00	78.000	49.092	0.020370	397.76	556.65	5.9339	0.74651	1.0251	472.25	0.027170	3.5759e-05	0.049311	supercritical
600.00	78.000	49.009	0.020404	398.52	557.67	5.9356	0.74680	1.0253	472.61	0.026899	3.5798e-05	0.049373	supercritical
