Temperature (K)	Pressure (bar)	Density (kg/m3)	Volume (m3/kg)	Internal Energy (kJ/kg)	Enthalpy (kJ/kg)	Entropy (J/g*K)	Cv (J/g*K)	Cp (J/g*K)	Sound Spd. (m/s)	Joule-Thomson (K/bar)	Viscosity (Pa*s)	Therm. Cond. (W/m*K)	Phase
60.000	94.000	1293.0	0.00077338	-185.62	-178.36	2.2327	1.0921	1.6540	1152.9	-0.037593	0.00062239	0.19772	liquid
61.000	94.000	1288.8	0.00077592	-183.99	-176.70	2.2600	1.0839	1.6561	1149.0	-0.037436	0.00059310	0.19639	liquid
62.000	94.000	1284.5	0.00077849	-182.36	-175.04	2.2870	1.0766	1.6578	1144.4	-0.037294	0.00056575	0.19506	liquid
63.000	94.000	1280.3	0.00078109	-180.73	-173.38	2.3135	1.0699	1.6591	1139.2	-0.037165	0.00054022	0.19373	liquid
64.000	94.000	1276.0	0.00078371	-179.09	-171.72	2.3396	1.0637	1.6600	1133.6	-0.037047	0.00051635	0.19241	liquid
65.000	94.000	1271.7	0.00078636	-177.46	-170.06	2.3654	1.0579	1.6607	1127.6	-0.036938	0.00049404	0.19108	liquid
66.000	94.000	1267.4	0.00078903	-175.82	-168.40	2.3907	1.0524	1.6610	1121.3	-0.036837	0.00047316	0.18975	liquid
67.000	94.000	1263.1	0.00079173	-174.18	-166.74	2.4157	1.0471	1.6611	1114.7	-0.036740	0.00045360	0.18842	liquid
68.000	94.000	1258.7	0.00079445	-172.55	-165.08	2.4403	1.0420	1.6610	1108.0	-0.036648	0.00043527	0.18709	liquid
69.000	94.000	1254.4	0.00079719	-170.91	-163.42	2.4646	1.0371	1.6608	1101.1	-0.036557	0.00041808	0.18576	liquid
70.000	94.000	1250.1	0.00079996	-169.28	-161.76	2.4885	1.0322	1.6604	1094.1	-0.036467	0.00040194	0.18444	liquid
71.000	94.000	1245.7	0.00080275	-167.65	-160.10	2.5120	1.0275	1.6599	1087.0	-0.036377	0.00038677	0.18311	liquid
72.000	94.000	1241.4	0.00080556	-166.01	-158.44	2.5352	1.0228	1.6594	1079.8	-0.036285	0.00037249	0.18178	liquid
73.000	94.000	1237.0	0.00080840	-164.38	-156.78	2.5581	1.0182	1.6589	1072.6	-0.036190	0.00035906	0.18045	liquid
74.000	94.000	1232.6	0.00081126	-162.75	-155.12	2.5807	1.0136	1.6583	1065.3	-0.036092	0.00034639	0.17913	liquid
75.000	94.000	1228.3	0.00081415	-161.12	-153.46	2.6029	1.0091	1.6578	1058.0	-0.035989	0.00033444	0.17780	liquid
76.000	94.000	1223.9	0.00081706	-159.49	-151.81	2.6249	1.0047	1.6572	1050.7	-0.035882	0.00032315	0.17647	liquid
77.000	94.000	1219.5	0.00082000	-157.86	-150.15	2.6466	1.0003	1.6568	1043.3	-0.035768	0.00031248	0.17515	liquid
78.000	94.000	1215.1	0.00082297	-156.23	-148.49	2.6679	0.99596	1.6563	1036.0	-0.035649	0.00030239	0.17382	liquid
79.000	94.000	1210.7	0.00082596	-154.60	-146.84	2.6890	0.99166	1.6560	1028.6	-0.035522	0.00029282	0.17249	liquid
80.000	94.000	1206.3	0.00082899	-152.97	-145.18	2.7099	0.98742	1.6557	1021.3	-0.035389	0.00028375	0.17116	liquid
81.000	94.000	1201.9	0.00083204	-151.35	-143.53	2.7304	0.98322	1.6556	1013.9	-0.035247	0.00027514	0.16983	liquid
82.000	94.000	1197.4	0.00083512	-149.72	-141.87	2.7507	0.97907	1.6555	1006.6	-0.035098	0.00026697	0.16850	liquid
83.000	94.000	1193.0	0.00083824	-148.09	-140.21	2.7708	0.97496	1.6555	999.20	-0.034940	0.00025919	0.16717	liquid
84.000	94.000	1188.5	0.00084138	-146.47	-138.56	2.7906	0.97090	1.6556	991.84	-0.034773	0.00025179	0.16584	liquid
85.000	94.000	1184.0	0.00084456	-144.84	-136.90	2.8102	0.96689	1.6559	984.49	-0.034596	0.00024473	0.16451	liquid
86.000	94.000	1179.6	0.00084778	-143.22	-135.25	2.8296	0.96293	1.6563	977.13	-0.034410	0.00023800	0.16317	liquid
87.000	94.000	1175.1	0.00085103	-141.59	-133.59	2.8488	0.95902	1.6568	969.78	-0.034214	0.00023158	0.16184	liquid
88.000	94.000	1170.5	0.00085431	-139.96	-131.93	2.8677	0.95516	1.6574	962.43	-0.034008	0.00022543	0.16051	liquid
89.000	94.000	1166.0	0.00085763	-138.34	-130.28	2.8864	0.95134	1.6581	955.08	-0.033791	0.00021956	0.15917	liquid
90.000	94.000	1161.5	0.00086099	-136.71	-128.62	2.9050	0.94757	1.6590	947.73	-0.033563	0.00021394	0.15783	liquid
91.000	94.000	1156.9	0.00086439	-135.08	-126.96	2.9233	0.94386	1.6600	940.37	-0.033324	0.00020855	0.15649	liquid
92.000	94.000	1152.3	0.00086783	-133.46	-125.30	2.9414	0.94019	1.6612	933.02	-0.033073	0.00020337	0.15515	liquid
93.000	94.000	1147.7	0.00087131	-131.83	-123.64	2.9594	0.93656	1.6625	925.66	-0.032811	0.00019841	0.15381	liquid
94.000	94.000	1143.1	0.00087484	-130.20	-121.97	2.9772	0.93299	1.6639	918.30	-0.032536	0.00019364	0.15247	liquid
95.000	94.000	1138.4	0.00087841	-128.56	-120.31	2.9948	0.92947	1.6655	910.94	-0.032248	0.00018905	0.15113	liquid
96.000	94.000	1133.8	0.00088203	-126.93	-118.64	3.0123	0.92599	1.6672	903.56	-0.031947	0.00018463	0.14979	liquid
97.000	94.000	1129.1	0.00088569	-125.30	-116.97	3.0295	0.92256	1.6691	896.19	-0.031632	0.00018037	0.14844	liquid
98.000	94.000	1124.4	0.00088940	-123.66	-115.30	3.0467	0.91917	1.6711	888.80	-0.031304	0.00017627	0.14710	liquid
99.000	94.000	1119.6	0.00089317	-122.03	-113.63	3.0636	0.91583	1.6733	881.41	-0.030961	0.00017230	0.14575	liquid
100.00	94.000	1114.9	0.00089698	-120.39	-111.96	3.0805	0.91254	1.6756	874.00	-0.030604	0.00016847	0.14440	liquid
101.00	94.000	1110.1	0.00090085	-118.75	-110.28	3.0972	0.90930	1.6781	866.59	-0.030231	0.00016477	0.14305	liquid
102.00	94.000	1105.2	0.00090477	-117.11	-108.60	3.1137	0.90610	1.6808	859.16	-0.029843	0.00016119	0.14171	liquid
103.00	94.000	1100.4	0.00090876	-115.46	-106.92	3.1301	0.90294	1.6836	851.72	-0.029437	0.00015772	0.14036	liquid
104.00	94.000	1095.5	0.00091280	-113.81	-105.23	3.1464	0.89983	1.6866	844.26	-0.029015	0.00015436	0.13900	liquid
105.00	94.000	1090.6	0.00091690	-112.16	-103.54	3.1626	0.89676	1.6898	836.79	-0.028576	0.00015110	0.13765	liquid
106.00	94.000	1085.7	0.00092106	-110.51	-101.85	3.1786	0.89374	1.6931	829.31	-0.028118	0.00014794	0.13630	liquid
107.00	94.000	1080.7	0.00092530	-108.86	-100.16	3.1945	0.89077	1.6967	821.80	-0.027641	0.00014487	0.13495	liquid
108.00	94.000	1075.7	0.00092959	-107.20	-98.460	3.2103	0.88783	1.7004	814.28	-0.027145	0.00014188	0.13359	liquid
109.00	94.000	1070.7	0.00093396	-105.54	-96.758	3.2260	0.88494	1.7043	806.74	-0.026628	0.00013898	0.13224	liquid
110.00	94.000	1065.6	0.00093841	-103.87	-95.051	3.2416	0.88210	1.7084	799.18	-0.026090	0.00013616	0.13089	liquid
111.00	94.000	1060.5	0.00094292	-102.20	-93.341	3.2571	0.87929	1.7128	791.60	-0.025530	0.00013341	0.12955	liquid
112.00	94.000	1055.4	0.00094752	-100.53	-91.626	3.2724	0.87653	1.7173	783.99	-0.024947	0.00013073	0.12820	liquid
113.00	94.000	1050.2	0.00095219	-98.857	-89.906	3.2877	0.87382	1.7221	776.36	-0.024339	0.00012811	0.12685	liquid
114.00	94.000	1045.0	0.00095695	-97.177	-88.181	3.3029	0.87115	1.7271	768.71	-0.023707	0.00012556	0.12550	liquid
115.00	94.000	1039.7	0.00096180	-95.493	-86.452	3.3180	0.86852	1.7323	761.03	-0.023048	0.00012308	0.12415	liquid
116.00	94.000	1034.4	0.00096674	-93.804	-84.717	3.3330	0.86593	1.7378	753.32	-0.022362	0.00012065	0.12280	liquid
117.00	94.000	1029.1	0.00097177	-92.111	-82.976	3.3480	0.86339	1.7435	745.58	-0.021647	0.00011827	0.12146	liquid
118.00	94.000	1023.6	0.00097690	-90.412	-81.230	3.3629	0.86089	1.7495	737.81	-0.020902	0.00011595	0.12011	liquid
119.00	94.000	1018.2	0.00098213	-88.709	-79.477	3.3776	0.85844	1.7558	730.01	-0.020126	0.00011368	0.11876	liquid
120.00	94.000	1012.7	0.00098747	-87.000	-77.718	3.3924	0.85604	1.7624	722.18	-0.019316	0.00011146	0.11741	liquid
121.00	94.000	1007.1	0.00099292	-85.285	-75.952	3.4070	0.85367	1.7693	714.32	-0.018471	0.00010928	0.11607	liquid
122.00	94.000	1001.5	0.00099848	-83.565	-74.179	3.4216	0.85136	1.7766	706.41	-0.017590	0.00010715	0.11472	liquid
123.00	94.000	995.85	0.0010042	-81.838	-72.399	3.4361	0.84909	1.7841	698.48	-0.016671	0.00010506	0.11338	liquid
124.00	94.000	990.13	0.0010100	-80.104	-70.611	3.4506	0.84687	1.7921	690.50	-0.015710	0.00010301	0.11204	liquid
125.00	94.000	984.34	0.0010159	-78.364	-68.815	3.4650	0.84470	1.8004	682.48	-0.014707	0.00010100	0.11069	liquid
126.00	94.000	978.48	0.0010220	-76.617	-67.010	3.4794	0.84257	1.8091	674.43	-0.013659	9.9029e-05	0.10935	liquid
127.00	94.000	972.56	0.0010282	-74.861	-65.196	3.4938	0.84050	1.8183	666.33	-0.012563	9.7094e-05	0.10801	liquid
128.00	94.000	966.57	0.0010346	-73.098	-63.373	3.5081	0.83848	1.8279	658.18	-0.011416	9.5193e-05	0.10668	liquid
129.00	94.000	960.50	0.0010411	-71.327	-61.540	3.5223	0.83651	1.8379	649.99	-0.010215	9.3326e-05	0.10534	liquid
130.00	94.000	954.36	0.0010478	-69.547	-59.697	3.5366	0.83459	1.8485	641.75	-0.0089582	9.1490e-05	0.10401	liquid
131.00	94.000	948.14	0.0010547	-67.757	-57.843	3.5508	0.83273	1.8597	633.45	-0.0076405	8.9685e-05	0.10267	liquid
132.00	94.000	941.83	0.0010618	-65.958	-55.978	3.5650	0.83093	1.8714	625.11	-0.0062585	8.7911e-05	0.10134	liquid
133.00	94.000	935.44	0.0010690	-64.149	-54.100	3.5791	0.82919	1.8837	616.71	-0.0048082	8.6164e-05	0.10001	liquid
134.00	94.000	928.96	0.0010765	-62.329	-52.210	3.5933	0.82750	1.8967	608.26	-0.0032849	8.4445e-05	0.098686	liquid
135.00	94.000	922.38	0.0010842	-60.497	-50.306	3.6074	0.82588	1.9104	599.74	-0.0016838	8.2753e-05	0.097362	liquid
136.00	94.000	915.70	0.0010921	-58.654	-48.389	3.6216	0.82433	1.9249	591.17	4.7898e-07	8.1086e-05	0.096039	liquid
137.00	94.000	908.91	0.0011002	-56.799	-46.456	3.6357	0.82284	1.9401	582.53	0.0017739	7.9443e-05	0.094720	liquid
138.00	94.000	902.01	0.0011086	-54.929	-44.508	3.6499	0.82143	1.9563	573.83	0.0036428	7.7824e-05	0.093402	liquid
139.00	94.000	894.99	0.0011173	-53.046	-42.544	3.6641	0.82009	1.9734	565.06	0.0056143	7.6228e-05	0.092088	liquid
140.00	94.000	887.85	0.0011263	-51.149	-40.561	3.6783	0.81883	1.9915	556.22	0.0076961	7.4653e-05	0.090775	liquid
141.00	94.000	880.58	0.0011356	-49.235	-38.560	3.6926	0.81765	2.0108	547.30	0.0098968	7.3100e-05	0.089466	liquid
142.00	94.000	873.17	0.0011453	-47.305	-36.539	3.7068	0.81656	2.0313	538.31	0.012226	7.1566e-05	0.088159	liquid
143.00	94.000	865.61	0.0011552	-45.357	-34.497	3.7212	0.81555	2.0530	529.24	0.014693	7.0051e-05	0.086855	liquid
144.00	94.000	857.90	0.0011656	-43.390	-32.433	3.7356	0.81464	2.0763	520.09	0.017311	6.8554e-05	0.085554	liquid
145.00	94.000	850.02	0.0011764	-41.403	-30.344	3.7500	0.81384	2.1011	510.86	0.020091	6.7075e-05	0.084255	liquid
146.00	94.000	841.97	0.0011877	-39.394	-28.230	3.7645	0.81314	2.1276	501.54	0.023048	6.5612e-05	0.082959	liquid
147.00	94.000	833.72	0.0011994	-37.363	-26.088	3.7792	0.81255	2.1560	492.14	0.026198	6.4165e-05	0.081666	liquid
148.00	94.000	825.28	0.0012117	-35.307	-23.917	3.7939	0.81209	2.1865	482.65	0.029557	6.2733e-05	0.080375	liquid
149.00	94.000	816.62	0.0012246	-33.225	-21.714	3.8087	0.81175	2.2193	473.06	0.033145	6.1314e-05	0.079087	liquid
150.00	94.000	807.72	0.0012380	-31.115	-19.478	3.8237	0.81155	2.2547	463.39	0.036984	5.9908e-05	0.077802	liquid
151.00	94.000	798.59	0.0012522	-28.975	-17.204	3.8388	0.81150	2.2928	453.63	0.041098	5.8513e-05	0.076518	liquid
152.00	94.000	789.18	0.0012671	-26.802	-14.891	3.8540	0.81160	2.3341	443.77	0.045513	5.7129e-05	0.075236	liquid
153.00	94.000	779.49	0.0012829	-24.594	-12.535	3.8695	0.81186	2.3789	433.84	0.050260	5.5755e-05	0.073956	liquid
154.00	94.000	769.49	0.0012996	-22.348	-10.132	3.8851	0.81230	2.4275	423.82	0.055371	5.4390e-05	0.072678	liquid
155.00	94.000	759.15	0.0013173	-20.061	-7.6783	3.9010	0.81291	2.4804	413.73	0.060886	5.3031e-05	0.071400	supercritical
156.00	94.000	748.45	0.0013361	-17.729	-5.1694	3.9172	0.81371	2.5382	403.57	0.066844	5.1679e-05	0.070123	supercritical
157.00	94.000	737.36	0.0013562	-15.348	-2.6002	3.9336	0.81470	2.6013	393.36	0.073293	5.0331e-05	0.068845	supercritical
158.00	94.000	725.84	0.0013777	-12.915	0.035100	3.9503	0.81589	2.6703	383.11	0.080283	4.8987e-05	0.067567	supercritical
159.00	94.000	713.86	0.0014008	-10.425	2.7426	3.9674	0.81727	2.7459	372.84	0.087869	4.7646e-05	0.066287	supercritical
160.00	94.000	701.38	0.0014258	-7.8729	5.5292	3.9849	0.81884	2.8286	362.58	0.096112	4.6305e-05	0.065005	supercritical
161.00	94.000	688.37	0.0014527	-5.2532	8.4023	4.0028	0.82059	2.9189	352.35	0.10507	4.4964e-05	0.063720	supercritical
162.00	94.000	674.77	0.0014820	-2.5610	11.370	4.0211	0.82250	3.0173	342.19	0.11481	4.3621e-05	0.062430	supercritical
163.00	94.000	660.55	0.0015139	0.20893	14.439	4.0400	0.82456	3.1236	332.14	0.12539	4.2277e-05	0.061135	supercritical
164.00	94.000	645.68	0.0015487	3.0611	17.619	4.0595	0.82671	3.2373	322.27	0.13686	4.0931e-05	0.059832	supercritical
165.00	94.000	630.14	0.0015869	5.9989	20.916	4.0795	0.82892	3.3571	312.64	0.14926	3.9585e-05	0.058520	supercritical
166.00	94.000	613.93	0.0016288	9.0236	24.335	4.1002	0.83112	3.4807	303.33	0.16259	3.8240e-05	0.057198	supercritical
167.00	94.000	597.06	0.0016749	12.134	27.878	4.1214	0.83325	3.6044	294.42	0.17684	3.6901e-05	0.055863	supercritical
168.00	94.000	579.59	0.0017254	15.324	31.542	4.1433	0.83519	3.7233	286.01	0.19195	3.5574e-05	0.054515	supercritical
169.00	94.000	561.62	0.0017806	18.583	35.321	4.1658	0.83685	3.8313	278.19	0.20781	3.4266e-05	0.053152	supercritical
170.00	94.000	543.28	0.0018407	21.896	39.199	4.1886	0.83808	3.9210	271.07	0.22424	3.2987e-05	0.051776	supercritical
171.00	94.000	524.77	0.0019056	25.241	43.154	4.2118	0.83875	3.9847	264.71	0.24100	3.1750e-05	0.050390	supercritical
172.00	94.000	506.29	0.0019751	28.591	47.157	4.2352	0.83875	4.0155	259.17	0.25778	3.0566e-05	0.048999	supercritical
173.00	94.000	488.11	0.0020487	31.914	51.172	4.2584	0.83799	4.0087	254.47	0.27423	2.9448e-05	0.047615	supercritical
174.00	94.000	470.45	0.0021256	35.181	55.162	4.2814	0.83645	3.9637	250.61	0.28999	2.8406e-05	0.046251	supercritical
175.00	94.000	453.52	0.0022050	38.361	59.088	4.3039	0.83418	3.8840	247.54	0.30475	2.7449e-05	0.044921	supercritical
176.00	94.000	437.48	0.0022858	41.434	62.920	4.3258	0.83126	3.7767	245.19	0.31830	2.6579e-05	0.043644	supercritical
177.00	94.000	422.43	0.0023673	44.383	66.635	4.3468	0.82783	3.6509	243.46	0.33052	2.5796e-05	0.042431	supercritical
178.00	94.000	408.38	0.0024487	47.201	70.219	4.3670	0.82399	3.5148	242.26	0.34138	2.5096e-05	0.041292	supercritical
179.00	94.000	395.34	0.0025295	49.887	73.664	4.3863	0.81989	3.3756	241.50	0.35090	2.4473e-05	0.040233	supercritical
180.00	94.000	383.26	0.0026092	52.444	76.971	4.4047	0.81562	3.2384	241.10	0.35917	2.3921e-05	0.039255	supercritical
181.00	94.000	372.08	0.0026876	54.879	80.143	4.4223	0.81127	3.1065	240.98	0.36629	2.3432e-05	0.038355	supercritical
182.00	94.000	361.72	0.0027646	57.199	83.186	4.4391	0.80690	2.9817	241.11	0.37236	2.3000e-05	0.037531	supercritical
183.00	94.000	352.11	0.0028400	59.413	86.109	4.4551	0.80256	2.8650	241.41	0.37749	2.2616e-05	0.036776	supercritical
184.00	94.000	343.19	0.0029138	61.529	88.919	4.4704	0.79828	2.7567	241.87	0.38179	2.2276e-05	0.036085	supercritical
185.00	94.000	334.89	0.0029861	63.556	91.625	4.4851	0.79409	2.6565	242.45	0.38533	2.1974e-05	0.035454	supercritical
186.00	94.000	327.14	0.0030568	65.501	94.234	4.4991	0.79001	2.5640	243.13	0.38822	2.1705e-05	0.034876	supercritical
187.00	94.000	319.90	0.0031260	67.371	96.755	4.5127	0.78604	2.4788	243.89	0.39052	2.1466e-05	0.034347	supercritical
188.00	94.000	313.11	0.0031938	69.173	99.194	4.5257	0.78219	2.4003	244.71	0.39229	2.1253e-05	0.033862	supercritical
189.00	94.000	306.73	0.0032602	70.912	101.56	4.5382	0.77847	2.3279	245.58	0.39361	2.1063e-05	0.033417	supercritical
190.00	94.000	300.73	0.0033252	72.595	103.85	4.5503	0.77487	2.2611	246.49	0.39451	2.0894e-05	0.033009	supercritical
191.00	94.000	295.07	0.0033891	74.224	106.08	4.5620	0.77141	2.1993	247.44	0.39506	2.0742e-05	0.032633	supercritical
192.00	94.000	289.71	0.0034517	75.806	108.25	4.5734	0.76807	2.1421	248.41	0.39527	2.0607e-05	0.032288	supercritical
193.00	94.000	284.64	0.0035132	77.343	110.37	4.5843	0.76485	2.0891	249.40	0.39521	2.0486e-05	0.031969	supercritical
194.00	94.000	279.82	0.0035737	78.839	112.43	4.5950	0.76176	2.0398	250.41	0.39488	2.0378e-05	0.031676	supercritical
195.00	94.000	275.24	0.0036331	80.296	114.45	4.6054	0.75878	1.9940	251.43	0.39433	2.0282e-05	0.031405	supercritical
196.00	94.000	270.88	0.0036916	81.719	116.42	4.6155	0.75591	1.9512	252.46	0.39358	2.0196e-05	0.031155	supercritical
197.00	94.000	266.72	0.0037492	83.109	118.35	4.6253	0.75315	1.9114	253.50	0.39265	2.0120e-05	0.030924	supercritical
198.00	94.000	262.75	0.0038059	84.469	120.24	4.6349	0.75050	1.8740	254.54	0.39156	2.0053e-05	0.030711	supercritical
199.00	94.000	258.95	0.0038618	85.800	122.10	4.6442	0.74795	1.8391	255.59	0.39033	1.9993e-05	0.030513	supercritical
200.00	94.000	255.31	0.0039169	87.104	123.92	4.6534	0.74550	1.8063	256.63	0.38897	1.9941e-05	0.030331	supercritical
201.00	94.000	251.81	0.0039712	88.384	125.71	4.6623	0.74314	1.7755	257.68	0.38750	1.9895e-05	0.030162	supercritical
202.00	94.000	248.46	0.0040249	89.641	127.47	4.6710	0.74087	1.7465	258.72	0.38594	1.9856e-05	0.030006	supercritical
203.00	94.000	245.23	0.0040778	90.876	129.21	4.6796	0.73869	1.7191	259.76	0.38428	1.9821e-05	0.029861	supercritical
204.00	94.000	242.12	0.0041301	92.090	130.91	4.6880	0.73658	1.6933	260.80	0.38255	1.9792e-05	0.029728	supercritical
205.00	94.000	239.13	0.0041818	93.285	132.59	4.6962	0.73456	1.6689	261.83	0.38074	1.9768e-05	0.029604	supercritical
206.00	94.000	236.24	0.0042329	94.462	134.25	4.7043	0.73261	1.6459	262.87	0.37888	1.9748e-05	0.029490	supercritical
207.00	94.000	233.46	0.0042835	95.622	135.89	4.7122	0.73074	1.6240	263.89	0.37696	1.9732e-05	0.029385	supercritical
208.00	94.000	230.76	0.0043335	96.765	137.50	4.7200	0.72893	1.6032	264.91	0.37499	1.9719e-05	0.029288	supercritical
209.00	94.000	228.16	0.0043829	97.893	139.09	4.7276	0.72719	1.5835	265.93	0.37299	1.9710e-05	0.029199	supercritical
210.00	94.000	225.64	0.0044319	99.007	140.67	4.7351	0.72551	1.5648	266.94	0.37095	1.9704e-05	0.029117	supercritical
211.00	94.000	223.19	0.0044804	100.11	142.22	4.7425	0.72389	1.5470	267.95	0.36888	1.9702e-05	0.029041	supercritical
212.00	94.000	220.82	0.0045285	101.19	143.76	4.7498	0.72233	1.5300	268.95	0.36678	1.9702e-05	0.028972	supercritical
213.00	94.000	218.53	0.0045761	102.27	145.28	4.7569	0.72083	1.5138	269.94	0.36466	1.9704e-05	0.028909	supercritical
214.00	94.000	216.30	0.0046233	103.33	146.79	4.7640	0.71938	1.4983	270.93	0.36252	1.9709e-05	0.028851	supercritical
215.00	94.000	214.13	0.0046701	104.38	148.28	4.7709	0.71798	1.4836	271.91	0.36036	1.9716e-05	0.028799	supercritical
216.00	94.000	212.02	0.0047165	105.42	149.76	4.7778	0.71663	1.4694	272.89	0.35819	1.9726e-05	0.028751	supercritical
217.00	94.000	209.97	0.0047625	106.45	151.22	4.7845	0.71533	1.4559	273.86	0.35601	1.9737e-05	0.028708	supercritical
218.00	94.000	207.98	0.0048082	107.47	152.67	4.7912	0.71407	1.4429	274.82	0.35383	1.9750e-05	0.028670	supercritical
219.00	94.000	206.04	0.0048535	108.48	154.11	4.7978	0.71286	1.4305	275.78	0.35163	1.9765e-05	0.028636	supercritical
220.00	94.000	204.15	0.0048984	109.48	155.53	4.8043	0.71168	1.4186	276.73	0.34944	1.9781e-05	0.028605	supercritical
221.00	94.000	202.30	0.0049431	110.48	156.94	4.8107	0.71055	1.4072	277.68	0.34724	1.9800e-05	0.028579	supercritical
222.00	94.000	200.51	0.0049874	111.46	158.34	4.8170	0.70945	1.3962	278.62	0.34505	1.9819e-05	0.028555	supercritical
223.00	94.000	198.75	0.0050314	112.44	159.74	4.8233	0.70839	1.3856	279.55	0.34285	1.9840e-05	0.028536	supercritical
224.00	94.000	197.04	0.0050751	113.41	161.12	4.8294	0.70737	1.3755	280.48	0.34066	1.9862e-05	0.028519	supercritical
225.00	94.000	195.37	0.0051185	114.37	162.49	4.8355	0.70638	1.3657	281.40	0.33847	1.9886e-05	0.028506	supercritical
226.00	94.000	193.73	0.0051617	115.33	163.85	4.8416	0.70542	1.3562	282.32	0.33628	1.9910e-05	0.028495	supercritical
227.00	94.000	192.14	0.0052046	116.28	165.20	4.8475	0.70450	1.3472	283.23	0.33411	1.9936e-05	0.028487	supercritical
228.00	94.000	190.58	0.0052472	117.22	166.54	4.8534	0.70360	1.3384	284.14	0.33194	1.9963e-05	0.028482	supercritical
229.00	94.000	189.05	0.0052896	118.15	167.88	4.8593	0.70274	1.3299	285.04	0.32977	1.9990e-05	0.028479	supercritical
230.00	94.000	187.56	0.0053317	119.08	169.20	4.8651	0.70190	1.3218	285.93	0.32762	2.0019e-05	0.028479	supercritical
231.00	94.000	186.09	0.0053736	120.01	170.52	4.8708	0.70109	1.3139	286.82	0.32547	2.0049e-05	0.028480	supercritical
232.00	94.000	184.66	0.0054153	120.93	171.83	4.8764	0.70030	1.3063	287.70	0.32334	2.0079e-05	0.028484	supercritical
233.00	94.000	183.26	0.0054567	121.84	173.13	4.8820	0.69954	1.2989	288.58	0.32121	2.0110e-05	0.028490	supercritical
234.00	94.000	181.89	0.0054979	122.75	174.43	4.8876	0.69880	1.2918	289.45	0.31910	2.0142e-05	0.028498	supercritical
235.00	94.000	180.54	0.0055389	123.65	175.72	4.8931	0.69809	1.2849	290.32	0.31699	2.0175e-05	0.028508	supercritical
236.00	94.000	179.22	0.0055797	124.55	177.00	4.8985	0.69740	1.2782	291.18	0.31490	2.0208e-05	0.028520	supercritical
237.00	94.000	177.93	0.0056203	125.44	178.27	4.9039	0.69673	1.2718	292.04	0.31282	2.0242e-05	0.028533	supercritical
238.00	94.000	176.66	0.0056607	126.33	179.54	4.9093	0.69608	1.2655	292.89	0.31075	2.0277e-05	0.028548	supercritical
239.00	94.000	175.41	0.0057009	127.21	180.80	4.9146	0.69546	1.2594	293.74	0.30870	2.0312e-05	0.028565	supercritical
240.00	94.000	174.19	0.0057410	128.09	182.06	4.9198	0.69485	1.2535	294.58	0.30665	2.0347e-05	0.028583	supercritical
241.00	94.000	172.99	0.0057808	128.97	183.31	4.9250	0.69426	1.2478	295.42	0.30462	2.0384e-05	0.028602	supercritical
242.00	94.000	171.81	0.0058205	129.84	184.56	4.9302	0.69369	1.2423	296.25	0.30261	2.0421e-05	0.028623	supercritical
243.00	94.000	170.65	0.0058600	130.71	185.80	4.9353	0.69314	1.2369	297.08	0.30060	2.0458e-05	0.028646	supercritical
244.00	94.000	169.51	0.0058993	131.58	187.03	4.9403	0.69260	1.2316	297.90	0.29861	2.0495e-05	0.028669	supercritical
245.00	94.000	168.39	0.0059385	132.44	188.26	4.9454	0.69208	1.2266	298.72	0.29663	2.0534e-05	0.028694	supercritical
246.00	94.000	167.29	0.0059775	133.29	189.48	4.9503	0.69158	1.2216	299.54	0.29467	2.0572e-05	0.028720	supercritical
247.00	94.000	166.21	0.0060164	134.15	190.70	4.9553	0.69110	1.2168	300.35	0.29272	2.0611e-05	0.028747	supercritical
248.00	94.000	165.15	0.0060551	135.00	191.92	4.9602	0.69062	1.2122	301.15	0.29078	2.0651e-05	0.028776	supercritical
249.00	94.000	164.11	0.0060936	135.85	193.13	4.9651	0.69017	1.2076	301.95	0.28886	2.0690e-05	0.028805	supercritical
250.00	94.000	163.08	0.0061320	136.69	194.33	4.9699	0.68972	1.2032	302.75	0.28695	2.0730e-05	0.028835	supercritical
251.00	94.000	162.07	0.0061703	137.53	195.53	4.9747	0.68930	1.1989	303.54	0.28506	2.0771e-05	0.028867	supercritical
252.00	94.000	161.07	0.0062084	138.37	196.73	4.9795	0.68888	1.1947	304.33	0.28318	2.0812e-05	0.028899	supercritical
253.00	94.000	160.09	0.0062464	139.21	197.92	4.9842	0.68848	1.1906	305.12	0.28131	2.0853e-05	0.028932	supercritical
254.00	94.000	159.13	0.0062843	140.04	199.11	4.9889	0.68809	1.1866	305.90	0.27945	2.0894e-05	0.028966	supercritical
255.00	94.000	158.18	0.0063220	140.87	200.30	4.9935	0.68771	1.1828	306.67	0.27761	2.0936e-05	0.029001	supercritical
256.00	94.000	157.24	0.0063596	141.70	201.48	4.9981	0.68735	1.1790	307.45	0.27579	2.0978e-05	0.029037	supercritical
257.00	94.000	156.32	0.0063971	142.52	202.65	5.0027	0.68699	1.1753	308.22	0.27397	2.1020e-05	0.029073	supercritical
258.00	94.000	155.41	0.0064345	143.34	203.83	5.0073	0.68665	1.1717	308.98	0.27217	2.1062e-05	0.029111	supercritical
259.00	94.000	154.52	0.0064717	144.16	205.00	5.0118	0.68632	1.1682	309.74	0.27039	2.1105e-05	0.029149	supercritical
260.00	94.000	153.64	0.0065088	144.98	206.16	5.0163	0.68600	1.1648	310.50	0.26861	2.1148e-05	0.029188	supercritical
261.00	94.000	152.77	0.0065458	145.80	207.33	5.0208	0.68569	1.1615	311.25	0.26685	2.1191e-05	0.029227	supercritical
262.00	94.000	151.91	0.0065827	146.61	208.49	5.0252	0.68539	1.1582	312.01	0.26511	2.1234e-05	0.029267	supercritical
263.00	94.000	151.07	0.0066195	147.42	209.64	5.0296	0.68511	1.1550	312.75	0.26337	2.1277e-05	0.029308	supercritical
264.00	94.000	150.24	0.0066562	148.23	210.80	5.0340	0.68483	1.1519	313.50	0.26165	2.1321e-05	0.029349	supercritical
265.00	94.000	149.41	0.0066928	149.03	211.95	5.0383	0.68456	1.1489	314.24	0.25994	2.1365e-05	0.029391	supercritical
266.00	94.000	148.60	0.0067293	149.84	213.09	5.0427	0.68430	1.1460	314.97	0.25825	2.1409e-05	0.029434	supercritical
267.00	94.000	147.81	0.0067656	150.64	214.24	5.0470	0.68404	1.1431	315.70	0.25657	2.1453e-05	0.029477	supercritical
268.00	94.000	147.02	0.0068019	151.44	215.38	5.0512	0.68380	1.1403	316.43	0.25490	2.1497e-05	0.029521	supercritical
269.00	94.000	146.24	0.0068381	152.24	216.52	5.0555	0.68357	1.1375	317.16	0.25324	2.1542e-05	0.029565	supercritical
270.00	94.000	145.47	0.0068742	153.04	217.66	5.0597	0.68334	1.1348	317.88	0.25160	2.1586e-05	0.029610	supercritical
271.00	94.000	144.71	0.0069102	153.83	218.79	5.0639	0.68313	1.1322	318.60	0.24997	2.1631e-05	0.029655	supercritical
272.00	94.000	143.97	0.0069461	154.63	219.92	5.0680	0.68292	1.1296	319.32	0.24835	2.1676e-05	0.029701	supercritical
273.00	94.000	143.23	0.0069819	155.42	221.05	5.0722	0.68272	1.1271	320.03	0.24674	2.1721e-05	0.029747	supercritical
274.00	94.000	142.50	0.0070176	156.21	222.17	5.0763	0.68252	1.1246	320.74	0.24514	2.1766e-05	0.029794	supercritical
275.00	94.000	141.78	0.0070532	157.00	223.30	5.0804	0.68234	1.1222	321.45	0.24356	2.1811e-05	0.029841	supercritical
276.00	94.000	141.07	0.0070888	157.78	224.42	5.0845	0.68216	1.1198	322.16	0.24199	2.1857e-05	0.029888	supercritical
277.00	94.000	140.37	0.0071242	158.57	225.54	5.0885	0.68199	1.1175	322.86	0.24043	2.1902e-05	0.029936	supercritical
278.00	94.000	139.67	0.0071596	159.35	226.65	5.0925	0.68182	1.1153	323.56	0.23888	2.1948e-05	0.029984	supercritical
279.00	94.000	138.99	0.0071949	160.14	227.77	5.0965	0.68166	1.1130	324.25	0.23735	2.1994e-05	0.030033	supercritical
280.00	94.000	138.31	0.0072301	160.92	228.88	5.1005	0.68151	1.1109	324.94	0.23582	2.2039e-05	0.030082	supercritical
281.00	94.000	137.64	0.0072652	161.70	229.99	5.1045	0.68137	1.1088	325.63	0.23431	2.2085e-05	0.030132	supercritical
282.00	94.000	136.98	0.0073003	162.47	231.10	5.1084	0.68123	1.1067	326.32	0.23281	2.2131e-05	0.030181	supercritical
283.00	94.000	136.33	0.0073353	163.25	232.20	5.1123	0.68110	1.1047	327.00	0.23132	2.2177e-05	0.030232	supercritical
284.00	94.000	135.68	0.0073702	164.03	233.31	5.1162	0.68098	1.1027	327.69	0.22984	2.2223e-05	0.030282	supercritical
285.00	94.000	135.04	0.0074050	164.80	234.41	5.1201	0.68086	1.1007	328.36	0.22837	2.2269e-05	0.030333	supercritical
286.00	94.000	134.41	0.0074398	165.57	235.51	5.1239	0.68074	1.0988	329.04	0.22691	2.2316e-05	0.030384	supercritical
287.00	94.000	133.79	0.0074745	166.35	236.61	5.1278	0.68064	1.0969	329.71	0.22546	2.2362e-05	0.030435	supercritical
288.00	94.000	133.17	0.0075091	167.12	237.70	5.1316	0.68054	1.0951	330.38	0.22403	2.2408e-05	0.030487	supercritical
289.00	94.000	132.56	0.0075437	167.89	238.80	5.1354	0.68044	1.0933	331.05	0.22260	2.2455e-05	0.030539	supercritical
290.00	94.000	131.96	0.0075782	168.65	239.89	5.1391	0.68035	1.0915	331.72	0.22119	2.2501e-05	0.030591	supercritical
291.00	94.000	131.36	0.0076126	169.42	240.98	5.1429	0.68027	1.0898	332.38	0.21978	2.2547e-05	0.030643	supercritical
292.00	94.000	130.77	0.0076470	170.19	242.07	5.1466	0.68019	1.0881	333.04	0.21839	2.2594e-05	0.030696	supercritical
293.00	94.000	130.19	0.0076813	170.95	243.16	5.1504	0.68012	1.0865	333.70	0.21700	2.2641e-05	0.030749	supercritical
294.00	94.000	129.61	0.0077155	171.72	244.24	5.1540	0.68005	1.0848	334.35	0.21563	2.2687e-05	0.030802	supercritical
295.00	94.000	129.04	0.0077497	172.48	245.32	5.1577	0.67998	1.0833	335.00	0.21426	2.2734e-05	0.030856	supercritical
296.00	94.000	128.47	0.0077838	173.24	246.41	5.1614	0.67993	1.0817	335.65	0.21291	2.2781e-05	0.030909	supercritical
297.00	94.000	127.91	0.0078178	174.00	247.49	5.1650	0.67987	1.0802	336.30	0.21156	2.2827e-05	0.030963	supercritical
298.00	94.000	127.36	0.0078518	174.76	248.57	5.1687	0.67982	1.0787	336.95	0.21023	2.2874e-05	0.031017	supercritical
299.00	94.000	126.81	0.0078857	175.52	249.65	5.1723	0.67978	1.0772	337.59	0.20890	2.2921e-05	0.031071	supercritical
300.00	94.000	126.27	0.0079196	176.28	250.72	5.1759	0.67974	1.0757	338.23	0.20759	2.2968e-05	0.031125	supercritical
301.00	94.000	125.73	0.0079534	177.03	251.80	5.1794	0.67971	1.0743	338.87	0.20628	2.3015e-05	0.031180	supercritical
302.00	94.000	125.20	0.0079872	177.79	252.87	5.1830	0.67968	1.0729	339.50	0.20498	2.3062e-05	0.031234	supercritical
303.00	94.000	124.67	0.0080209	178.55	253.94	5.1866	0.67965	1.0716	340.14	0.20370	2.3109e-05	0.031289	supercritical
304.00	94.000	124.15	0.0080545	179.30	255.01	5.1901	0.67963	1.0702	340.77	0.20242	2.3156e-05	0.031343	supercritical
305.00	94.000	123.64	0.0080881	180.06	256.08	5.1936	0.67962	1.0689	341.40	0.20115	2.3203e-05	0.031398	supercritical
306.00	94.000	123.13	0.0081217	180.81	257.15	5.1971	0.67961	1.0676	342.03	0.19989	2.3250e-05	0.031452	supercritical
307.00	94.000	122.62	0.0081552	181.56	258.22	5.2006	0.67960	1.0664	342.65	0.19863	2.3297e-05	0.031506	supercritical
308.00	94.000	122.12	0.0081886	182.31	259.28	5.2040	0.67959	1.0651	343.27	0.19739	2.3344e-05	0.031560	supercritical
309.00	94.000	121.63	0.0082220	183.06	260.35	5.2075	0.67960	1.0639	343.89	0.19616	2.3391e-05	0.031610	supercritical
310.00	94.000	121.13	0.0082553	183.81	261.41	5.2109	0.67960	1.0627	344.51	0.19493	2.3438e-05	0.031664	supercritical
311.00	94.000	120.65	0.0082886	184.56	262.47	5.2143	0.67961	1.0616	345.13	0.19371	2.3485e-05	0.031722	supercritical
312.00	94.000	120.17	0.0083218	185.31	263.54	5.2178	0.67962	1.0604	345.74	0.19250	2.3532e-05	0.031781	supercritical
313.00	94.000	119.69	0.0083550	186.06	264.60	5.2211	0.67964	1.0593	346.35	0.19130	2.3579e-05	0.031840	supercritical
314.00	94.000	119.22	0.0083882	186.81	265.65	5.2245	0.67966	1.0582	346.96	0.19011	2.3626e-05	0.031899	supercritical
315.00	94.000	118.75	0.0084213	187.55	266.71	5.2279	0.67968	1.0571	347.57	0.18893	2.3673e-05	0.031959	supercritical
316.00	94.000	118.28	0.0084543	188.30	267.77	5.2312	0.67971	1.0560	348.18	0.18775	2.3720e-05	0.032018	supercritical
317.00	94.000	117.82	0.0084873	189.04	268.82	5.2346	0.67974	1.0550	348.78	0.18658	2.3767e-05	0.032077	supercritical
318.00	94.000	117.37	0.0085203	189.79	269.88	5.2379	0.67978	1.0540	349.38	0.18542	2.3814e-05	0.032137	supercritical
319.00	94.000	116.92	0.0085532	190.53	270.93	5.2412	0.67982	1.0530	349.98	0.18427	2.3862e-05	0.032197	supercritical
320.00	94.000	116.47	0.0085861	191.27	271.98	5.2445	0.67986	1.0520	350.58	0.18313	2.3909e-05	0.032256	supercritical
321.00	94.000	116.02	0.0086189	192.02	273.04	5.2478	0.67990	1.0510	351.18	0.18199	2.3956e-05	0.032316	supercritical
322.00	94.000	115.58	0.0086517	192.76	274.09	5.2510	0.67995	1.0500	351.77	0.18086	2.4003e-05	0.032376	supercritical
323.00	94.000	115.15	0.0086844	193.50	275.14	5.2543	0.68001	1.0491	352.37	0.17974	2.4050e-05	0.032436	supercritical
324.00	94.000	114.72	0.0087172	194.24	276.18	5.2575	0.68006	1.0482	352.96	0.17863	2.4097e-05	0.032496	supercritical
325.00	94.000	114.29	0.0087498	194.98	277.23	5.2608	0.68012	1.0473	353.54	0.17752	2.4144e-05	0.032557	supercritical
326.00	94.000	113.86	0.0087824	195.72	278.28	5.2640	0.68018	1.0464	354.13	0.17643	2.4191e-05	0.032617	supercritical
327.00	94.000	113.44	0.0088150	196.46	279.32	5.2672	0.68025	1.0455	354.72	0.17533	2.4238e-05	0.032678	supercritical
328.00	94.000	113.03	0.0088476	197.20	280.37	5.2704	0.68032	1.0447	355.30	0.17425	2.4285e-05	0.032738	supercritical
329.00	94.000	112.61	0.0088801	197.94	281.41	5.2736	0.68039	1.0439	355.88	0.17317	2.4332e-05	0.032799	supercritical
330.00	94.000	112.20	0.0089125	198.68	282.46	5.2767	0.68047	1.0430	356.46	0.17210	2.4379e-05	0.032859	supercritical
331.00	94.000	111.79	0.0089450	199.42	283.50	5.2799	0.68054	1.0422	357.04	0.17104	2.4426e-05	0.032920	supercritical
332.00	94.000	111.39	0.0089774	200.16	284.54	5.2830	0.68063	1.0415	357.62	0.16999	2.4473e-05	0.032981	supercritical
333.00	94.000	110.99	0.0090097	200.89	285.58	5.2862	0.68071	1.0407	358.19	0.16894	2.4520e-05	0.033042	supercritical
334.00	94.000	110.59	0.0090420	201.63	286.62	5.2893	0.68080	1.0399	358.76	0.16790	2.4567e-05	0.033103	supercritical
335.00	94.000	110.20	0.0090743	202.36	287.66	5.2924	0.68089	1.0392	359.33	0.16686	2.4614e-05	0.033164	supercritical
336.00	94.000	109.81	0.0091066	203.10	288.70	5.2955	0.68098	1.0384	359.90	0.16583	2.4661e-05	0.033225	supercritical
337.00	94.000	109.42	0.0091388	203.84	289.74	5.2986	0.68108	1.0377	360.47	0.16481	2.4708e-05	0.033287	supercritical
338.00	94.000	109.04	0.0091709	204.57	290.78	5.3016	0.68118	1.0370	361.04	0.16380	2.4755e-05	0.033348	supercritical
339.00	94.000	108.66	0.0092031	205.31	291.81	5.3047	0.68128	1.0363	361.60	0.16279	2.4802e-05	0.033409	supercritical
340.00	94.000	108.28	0.0092352	206.04	292.85	5.3077	0.68138	1.0356	362.16	0.16179	2.4849e-05	0.033471	supercritical
341.00	94.000	107.91	0.0092673	206.77	293.89	5.3108	0.68149	1.0350	362.73	0.16079	2.4896e-05	0.033532	supercritical
342.00	94.000	107.53	0.0092993	207.51	294.92	5.3138	0.68160	1.0343	363.28	0.15980	2.4943e-05	0.033594	supercritical
343.00	94.000	107.17	0.0093313	208.24	295.95	5.3168	0.68171	1.0337	363.84	0.15882	2.4990e-05	0.033656	supercritical
344.00	94.000	106.80	0.0093633	208.97	296.99	5.3198	0.68183	1.0331	364.40	0.15785	2.5037e-05	0.033717	supercritical
345.00	94.000	106.44	0.0093952	209.71	298.02	5.3228	0.68194	1.0324	364.95	0.15688	2.5083e-05	0.033779	supercritical
346.00	94.000	106.08	0.0094271	210.44	299.05	5.3258	0.68206	1.0318	365.51	0.15591	2.5130e-05	0.033841	supercritical
347.00	94.000	105.72	0.0094590	211.17	300.08	5.3288	0.68219	1.0312	366.06	0.15495	2.5177e-05	0.033903	supercritical
348.00	94.000	105.36	0.0094909	211.90	301.11	5.3318	0.68231	1.0307	366.61	0.15400	2.5224e-05	0.033965	supercritical
349.00	94.000	105.01	0.0095227	212.63	302.15	5.3347	0.68244	1.0301	367.16	0.15306	2.5270e-05	0.034027	supercritical
350.00	94.000	104.66	0.0095545	213.36	303.18	5.3377	0.68257	1.0295	367.70	0.15212	2.5317e-05	0.034089	supercritical
351.00	94.000	104.32	0.0095862	214.09	304.20	5.3406	0.68270	1.0290	368.25	0.15118	2.5364e-05	0.034151	supercritical
352.00	94.000	103.97	0.0096180	214.82	305.23	5.3435	0.68284	1.0284	368.79	0.15026	2.5410e-05	0.034213	supercritical
353.00	94.000	103.63	0.0096497	215.55	306.26	5.3465	0.68297	1.0279	369.34	0.14933	2.5457e-05	0.034275	supercritical
354.00	94.000	103.29	0.0096813	216.28	307.29	5.3494	0.68311	1.0274	369.88	0.14842	2.5504e-05	0.034337	supercritical
355.00	94.000	102.96	0.0097130	217.01	308.32	5.3523	0.68325	1.0269	370.42	0.14751	2.5550e-05	0.034399	supercritical
356.00	94.000	102.62	0.0097446	217.74	309.34	5.3551	0.68340	1.0264	370.96	0.14660	2.5597e-05	0.034462	supercritical
357.00	94.000	102.29	0.0097762	218.47	310.37	5.3580	0.68354	1.0259	371.49	0.14570	2.5643e-05	0.034524	supercritical
358.00	94.000	101.96	0.0098077	219.20	311.39	5.3609	0.68369	1.0254	372.03	0.14481	2.5690e-05	0.034586	supercritical
359.00	94.000	101.63	0.0098393	219.93	312.42	5.3638	0.68384	1.0250	372.56	0.14392	2.5736e-05	0.034649	supercritical
360.00	94.000	101.31	0.0098708	220.66	313.44	5.3666	0.68400	1.0245	373.10	0.14304	2.5783e-05	0.034711	supercritical
361.00	94.000	100.99	0.0099022	221.39	314.47	5.3694	0.68415	1.0240	373.63	0.14216	2.5829e-05	0.034774	supercritical
362.00	94.000	100.67	0.0099337	222.12	315.49	5.3723	0.68431	1.0236	374.16	0.14129	2.5876e-05	0.034836	supercritical
363.00	94.000	100.35	0.0099651	222.84	316.52	5.3751	0.68447	1.0232	374.69	0.14042	2.5922e-05	0.034899	supercritical
364.00	94.000	100.03	0.0099965	223.57	317.54	5.3779	0.68463	1.0228	375.21	0.13956	2.5968e-05	0.034961	supercritical
365.00	94.000	99.722	0.010028	224.30	318.56	5.3807	0.68479	1.0223	375.74	0.13871	2.6015e-05	0.035024	supercritical
366.00	94.000	99.411	0.010059	225.03	319.58	5.3835	0.68496	1.0219	376.26	0.13786	2.6061e-05	0.035087	supercritical
367.00	94.000	99.103	0.010091	225.75	320.61	5.3863	0.68513	1.0215	376.79	0.13701	2.6107e-05	0.035149	supercritical
368.00	94.000	98.796	0.010122	226.48	321.63	5.3891	0.68530	1.0211	377.31	0.13617	2.6153e-05	0.035212	supercritical
369.00	94.000	98.492	0.010153	227.21	322.65	5.3919	0.68547	1.0208	377.83	0.13533	2.6200e-05	0.035275	supercritical
370.00	94.000	98.190	0.010184	227.94	323.67	5.3946	0.68564	1.0204	378.35	0.13450	2.6246e-05	0.035338	supercritical
371.00	94.000	97.890	0.010216	228.66	324.69	5.3974	0.68582	1.0200	378.87	0.13368	2.6292e-05	0.035401	supercritical
372.00	94.000	97.592	0.010247	229.39	325.71	5.4001	0.68600	1.0197	379.38	0.13286	2.6338e-05	0.035463	supercritical
373.00	94.000	97.296	0.010278	230.11	326.73	5.4029	0.68617	1.0193	379.90	0.13204	2.6384e-05	0.035526	supercritical
374.00	94.000	97.002	0.010309	230.84	327.75	5.4056	0.68636	1.0190	380.41	0.13123	2.6430e-05	0.035589	supercritical
375.00	94.000	96.710	0.010340	231.57	328.77	5.4083	0.68654	1.0186	380.93	0.13043	2.6476e-05	0.035652	supercritical
376.00	94.000	96.420	0.010371	232.29	329.78	5.4110	0.68672	1.0183	381.44	0.12962	2.6522e-05	0.035715	supercritical
377.00	94.000	96.131	0.010402	233.02	330.80	5.4137	0.68691	1.0180	381.95	0.12883	2.6568e-05	0.035778	supercritical
378.00	94.000	95.845	0.010433	233.75	331.82	5.4164	0.68710	1.0177	382.46	0.12804	2.6614e-05	0.035841	supercritical
379.00	94.000	95.561	0.010465	234.47	332.84	5.4191	0.68729	1.0174	382.97	0.12725	2.6660e-05	0.035904	supercritical
380.00	94.000	95.279	0.010496	235.20	333.85	5.4218	0.68748	1.0171	383.47	0.12647	2.6706e-05	0.035967	supercritical
381.00	94.000	94.998	0.010527	235.92	334.87	5.4245	0.68767	1.0168	383.98	0.12569	2.6752e-05	0.036030	supercritical
382.00	94.000	94.719	0.010558	236.65	335.89	5.4271	0.68787	1.0165	384.48	0.12492	2.6798e-05	0.036093	supercritical
383.00	94.000	94.442	0.010588	237.37	336.90	5.4298	0.68807	1.0162	384.99	0.12415	2.6844e-05	0.036156	supercritical
384.00	94.000	94.167	0.010619	238.10	337.92	5.4324	0.68826	1.0160	385.49	0.12338	2.6889e-05	0.036219	supercritical
385.00	94.000	93.894	0.010650	238.82	338.94	5.4351	0.68846	1.0157	385.99	0.12262	2.6935e-05	0.036282	supercritical
386.00	94.000	93.623	0.010681	239.55	339.95	5.4377	0.68867	1.0154	386.49	0.12187	2.6981e-05	0.036345	supercritical
387.00	94.000	93.353	0.010712	240.27	340.97	5.4403	0.68887	1.0152	386.99	0.12112	2.7027e-05	0.036409	supercritical
388.00	94.000	93.085	0.010743	241.00	341.98	5.4430	0.68907	1.0150	387.48	0.12037	2.7072e-05	0.036472	supercritical
389.00	94.000	92.818	0.010774	241.72	343.00	5.4456	0.68928	1.0147	387.98	0.11963	2.7118e-05	0.036535	supercritical
390.00	94.000	92.554	0.010805	242.45	344.01	5.4482	0.68949	1.0145	388.48	0.11889	2.7163e-05	0.036598	supercritical
391.00	94.000	92.291	0.010835	243.17	345.03	5.4508	0.68970	1.0143	388.97	0.11816	2.7209e-05	0.036661	supercritical
392.00	94.000	92.029	0.010866	243.90	346.04	5.4534	0.68991	1.0140	389.46	0.11743	2.7255e-05	0.036725	supercritical
393.00	94.000	91.770	0.010897	244.62	347.05	5.4559	0.69012	1.0138	389.96	0.11670	2.7300e-05	0.036788	supercritical
394.00	94.000	91.512	0.010928	245.35	348.07	5.4585	0.69034	1.0136	390.45	0.11598	2.7345e-05	0.036851	supercritical
395.00	94.000	91.255	0.010958	246.07	349.08	5.4611	0.69055	1.0134	390.94	0.11527	2.7391e-05	0.036914	supercritical
396.00	94.000	91.000	0.010989	246.80	350.10	5.4636	0.69077	1.0132	391.43	0.11455	2.7436e-05	0.036978	supercritical
397.00	94.000	90.747	0.011020	247.52	351.11	5.4662	0.69099	1.0130	391.91	0.11384	2.7482e-05	0.037041	supercritical
398.00	94.000	90.495	0.011050	248.25	352.12	5.4688	0.69121	1.0128	392.40	0.11314	2.7527e-05	0.037104	supercritical
399.00	94.000	90.245	0.011081	248.97	353.13	5.4713	0.69143	1.0126	392.88	0.11244	2.7572e-05	0.037167	supercritical
400.00	94.000	89.997	0.011112	249.70	354.15	5.4738	0.69165	1.0125	393.37	0.11174	2.7618e-05	0.037231	supercritical
401.00	94.000	89.749	0.011142	250.42	355.16	5.4764	0.69187	1.0123	393.85	0.11105	2.7663e-05	0.037294	supercritical
402.00	94.000	89.504	0.011173	251.15	356.17	5.4789	0.69210	1.0121	394.34	0.11036	2.7708e-05	0.037357	supercritical
403.00	94.000	89.260	0.011203	251.87	357.18	5.4814	0.69233	1.0120	394.82	0.10968	2.7753e-05	0.037421	supercritical
404.00	94.000	89.017	0.011234	252.60	358.19	5.4839	0.69255	1.0118	395.30	0.10899	2.7798e-05	0.037484	supercritical
405.00	94.000	88.776	0.011264	253.32	359.21	5.4864	0.69278	1.0117	395.78	0.10832	2.7843e-05	0.037547	supercritical
406.00	94.000	88.536	0.011295	254.05	360.22	5.4889	0.69301	1.0115	396.25	0.10764	2.7888e-05	0.037611	supercritical
407.00	94.000	88.297	0.011325	254.77	361.23	5.4914	0.69324	1.0114	396.73	0.10697	2.7933e-05	0.037674	supercritical
408.00	94.000	88.061	0.011356	255.50	362.24	5.4939	0.69348	1.0112	397.21	0.10631	2.7978e-05	0.037737	supercritical
409.00	94.000	87.825	0.011386	256.22	363.25	5.4963	0.69371	1.0111	397.68	0.10565	2.8023e-05	0.037801	supercritical
410.00	94.000	87.591	0.011417	256.95	364.26	5.4988	0.69395	1.0110	398.16	0.10499	2.8068e-05	0.037864	supercritical
411.00	94.000	87.358	0.011447	257.67	365.27	5.5013	0.69418	1.0109	398.63	0.10433	2.8113e-05	0.037927	supercritical
412.00	94.000	87.126	0.011478	258.40	366.29	5.5037	0.69442	1.0108	399.10	0.10368	2.8158e-05	0.037991	supercritical
413.00	94.000	86.896	0.011508	259.12	367.30	5.5062	0.69466	1.0106	399.57	0.10303	2.8203e-05	0.038054	supercritical
414.00	94.000	86.668	0.011538	259.85	368.31	5.5086	0.69490	1.0105	400.05	0.10239	2.8248e-05	0.038118	supercritical
415.00	94.000	86.440	0.011569	260.57	369.32	5.5111	0.69514	1.0104	400.51	0.10175	2.8292e-05	0.038181	supercritical
416.00	94.000	86.214	0.011599	261.30	370.33	5.5135	0.69538	1.0103	400.98	0.10111	2.8337e-05	0.038244	supercritical
417.00	94.000	85.989	0.011629	262.02	371.34	5.5159	0.69562	1.0102	401.45	0.10048	2.8382e-05	0.038308	supercritical
418.00	94.000	85.766	0.011660	262.75	372.35	5.5183	0.69587	1.0101	401.92	0.099849	2.8427e-05	0.038371	supercritical
419.00	94.000	85.543	0.011690	263.47	373.36	5.5208	0.69611	1.0101	402.38	0.099222	2.8471e-05	0.038434	supercritical
420.00	94.000	85.322	0.011720	264.20	374.37	5.5232	0.69636	1.0100	402.85	0.098599	2.8516e-05	0.038498	supercritical
421.00	94.000	85.102	0.011751	264.92	375.38	5.5256	0.69661	1.0099	403.31	0.097979	2.8560e-05	0.038561	supercritical
422.00	94.000	84.884	0.011781	265.65	376.39	5.5280	0.69686	1.0098	403.78	0.097363	2.8605e-05	0.038624	supercritical
423.00	94.000	84.667	0.011811	266.37	377.40	5.5303	0.69711	1.0097	404.24	0.096750	2.8649e-05	0.038688	supercritical
424.00	94.000	84.450	0.011841	267.10	378.41	5.5327	0.69736	1.0097	404.70	0.096140	2.8694e-05	0.038751	supercritical
425.00	94.000	84.236	0.011871	267.82	379.42	5.5351	0.69761	1.0096	405.16	0.095534	2.8738e-05	0.038815	supercritical
426.00	94.000	84.022	0.011902	268.55	380.43	5.5375	0.69786	1.0096	405.62	0.094931	2.8783e-05	0.038878	supercritical
427.00	94.000	83.809	0.011932	269.28	381.44	5.5398	0.69811	1.0095	406.08	0.094331	2.8827e-05	0.038941	supercritical
428.00	94.000	83.598	0.011962	270.00	382.45	5.5422	0.69837	1.0094	406.53	0.093735	2.8871e-05	0.039005	supercritical
429.00	94.000	83.388	0.011992	270.73	383.45	5.5446	0.69862	1.0094	406.99	0.093141	2.8916e-05	0.039068	supercritical
430.00	94.000	83.179	0.012022	271.45	384.46	5.5469	0.69888	1.0094	407.45	0.092551	2.8960e-05	0.039131	supercritical
431.00	94.000	82.971	0.012052	272.18	385.47	5.5493	0.69914	1.0093	407.90	0.091964	2.9004e-05	0.039195	supercritical
432.00	94.000	82.764	0.012083	272.91	386.48	5.5516	0.69939	1.0093	408.36	0.091381	2.9048e-05	0.039258	supercritical
433.00	94.000	82.558	0.012113	273.63	387.49	5.5539	0.69965	1.0092	408.81	0.090800	2.9093e-05	0.039321	supercritical
434.00	94.000	82.354	0.012143	274.36	388.50	5.5563	0.69991	1.0092	409.26	0.090222	2.9137e-05	0.039385	supercritical
435.00	94.000	82.150	0.012173	275.09	389.51	5.5586	0.70017	1.0092	409.71	0.089648	2.9181e-05	0.039448	supercritical
436.00	94.000	81.948	0.012203	275.81	390.52	5.5609	0.70043	1.0092	410.17	0.089076	2.9225e-05	0.039511	supercritical
437.00	94.000	81.747	0.012233	276.54	391.53	5.5632	0.70069	1.0091	410.62	0.088508	2.9269e-05	0.039575	supercritical
438.00	94.000	81.547	0.012263	277.27	392.54	5.5655	0.70096	1.0091	411.07	0.087943	2.9313e-05	0.039638	supercritical
439.00	94.000	81.348	0.012293	277.99	393.55	5.5678	0.70122	1.0091	411.51	0.087380	2.9357e-05	0.039701	supercritical
440.00	94.000	81.149	0.012323	278.72	394.56	5.5701	0.70149	1.0091	411.96	0.086821	2.9401e-05	0.039765	supercritical
441.00	94.000	80.952	0.012353	279.45	395.57	5.5724	0.70175	1.0091	412.41	0.086264	2.9445e-05	0.039828	supercritical
442.00	94.000	80.756	0.012383	280.17	396.57	5.5747	0.70202	1.0091	412.85	0.085711	2.9488e-05	0.039891	supercritical
443.00	94.000	80.562	0.012413	280.90	397.58	5.5770	0.70228	1.0091	413.30	0.085160	2.9532e-05	0.039955	supercritical
444.00	94.000	80.368	0.012443	281.63	398.59	5.5792	0.70255	1.0091	413.74	0.084612	2.9576e-05	0.040018	supercritical
445.00	94.000	80.175	0.012473	282.36	399.60	5.5815	0.70282	1.0091	414.19	0.084068	2.9620e-05	0.040081	supercritical
446.00	94.000	79.983	0.012503	283.09	400.61	5.5838	0.70309	1.0091	414.63	0.083526	2.9664e-05	0.040144	supercritical
447.00	94.000	79.792	0.012533	283.81	401.62	5.5860	0.70336	1.0091	415.07	0.082987	2.9707e-05	0.040208	supercritical
448.00	94.000	79.602	0.012563	284.54	402.63	5.5883	0.70363	1.0091	415.51	0.082450	2.9751e-05	0.040271	supercritical
449.00	94.000	79.413	0.012592	285.27	403.64	5.5905	0.70390	1.0091	415.95	0.081917	2.9795e-05	0.040334	supercritical
450.00	94.000	79.225	0.012622	286.00	404.65	5.5928	0.70417	1.0092	416.39	0.081386	2.9838e-05	0.040397	supercritical
451.00	94.000	79.038	0.012652	286.73	405.66	5.5950	0.70444	1.0092	416.83	0.080858	2.9882e-05	0.040461	supercritical
452.00	94.000	78.852	0.012682	287.45	406.67	5.5973	0.70472	1.0092	417.27	0.080333	2.9925e-05	0.040524	supercritical
453.00	94.000	78.667	0.012712	288.18	407.67	5.5995	0.70499	1.0092	417.71	0.079810	2.9969e-05	0.040587	supercritical
454.00	94.000	78.482	0.012742	288.91	408.68	5.6017	0.70526	1.0093	418.15	0.079291	3.0012e-05	0.040650	supercritical
455.00	94.000	78.299	0.012772	289.64	409.69	5.6039	0.70554	1.0093	418.58	0.078773	3.0056e-05	0.040714	supercritical
456.00	94.000	78.117	0.012801	290.37	410.70	5.6062	0.70581	1.0093	419.02	0.078259	3.0099e-05	0.040777	supercritical
457.00	94.000	77.935	0.012831	291.10	411.71	5.6084	0.70609	1.0094	419.45	0.077747	3.0142e-05	0.040840	supercritical
458.00	94.000	77.755	0.012861	291.83	412.72	5.6106	0.70636	1.0094	419.88	0.077238	3.0186e-05	0.040903	supercritical
459.00	94.000	77.575	0.012891	292.56	413.73	5.6128	0.70664	1.0094	420.32	0.076731	3.0229e-05	0.040966	supercritical
460.00	94.000	77.397	0.012920	293.29	414.74	5.6150	0.70692	1.0095	420.75	0.076228	3.0272e-05	0.041029	supercritical
461.00	94.000	77.219	0.012950	294.02	415.75	5.6172	0.70720	1.0095	421.18	0.075726	3.0315e-05	0.041093	supercritical
462.00	94.000	77.042	0.012980	294.75	416.76	5.6194	0.70748	1.0096	421.61	0.075227	3.0359e-05	0.041156	supercritical
463.00	94.000	76.866	0.013010	295.48	417.77	5.6215	0.70776	1.0096	422.04	0.074731	3.0402e-05	0.041219	supercritical
464.00	94.000	76.691	0.013039	296.21	418.78	5.6237	0.70803	1.0097	422.47	0.074237	3.0445e-05	0.041282	supercritical
465.00	94.000	76.516	0.013069	296.94	419.79	5.6259	0.70831	1.0097	422.90	0.073746	3.0488e-05	0.041345	supercritical
466.00	94.000	76.343	0.013099	297.67	420.80	5.6281	0.70860	1.0098	423.33	0.073258	3.0531e-05	0.041408	supercritical
467.00	94.000	76.170	0.013129	298.40	421.81	5.6302	0.70888	1.0099	423.76	0.072771	3.0574e-05	0.041471	supercritical
468.00	94.000	75.998	0.013158	299.13	422.82	5.6324	0.70916	1.0099	424.18	0.072288	3.0617e-05	0.041534	supercritical
469.00	94.000	75.827	0.013188	299.86	423.83	5.6345	0.70944	1.0100	424.61	0.071806	3.0660e-05	0.041597	supercritical
470.00	94.000	75.657	0.013218	300.59	424.84	5.6367	0.70972	1.0100	425.03	0.071327	3.0703e-05	0.041660	supercritical
471.00	94.000	75.488	0.013247	301.32	425.85	5.6388	0.71001	1.0101	425.46	0.070851	3.0746e-05	0.041723	supercritical
472.00	94.000	75.319	0.013277	302.06	426.86	5.6410	0.71029	1.0102	425.88	0.070377	3.0789e-05	0.041786	supercritical
473.00	94.000	75.151	0.013306	302.79	427.87	5.6431	0.71057	1.0103	426.31	0.069905	3.0831e-05	0.041849	supercritical
474.00	94.000	74.985	0.013336	303.52	428.88	5.6453	0.71086	1.0103	426.73	0.069436	3.0874e-05	0.041912	supercritical
475.00	94.000	74.818	0.013366	304.25	429.89	5.6474	0.71114	1.0104	427.15	0.068969	3.0917e-05	0.041975	supercritical
476.00	94.000	74.653	0.013395	304.98	430.90	5.6495	0.71143	1.0105	427.57	0.068504	3.0960e-05	0.042038	supercritical
477.00	94.000	74.489	0.013425	305.72	431.91	5.6516	0.71171	1.0106	427.99	0.068042	3.1002e-05	0.042101	supercritical
478.00	94.000	74.325	0.013454	306.45	432.92	5.6537	0.71200	1.0107	428.41	0.067582	3.1045e-05	0.042164	supercritical
479.00	94.000	74.162	0.013484	307.18	433.93	5.6559	0.71228	1.0107	428.83	0.067124	3.1088e-05	0.042227	supercritical
480.00	94.000	74.000	0.013514	307.91	434.94	5.6580	0.71257	1.0108	429.25	0.066669	3.1130e-05	0.042290	supercritical
481.00	94.000	73.838	0.013543	308.65	435.95	5.6601	0.71286	1.0109	429.67	0.066216	3.1173e-05	0.042353	supercritical
482.00	94.000	73.677	0.013573	309.38	436.96	5.6622	0.71314	1.0110	430.09	0.065765	3.1215e-05	0.042416	supercritical
483.00	94.000	73.517	0.013602	310.11	437.97	5.6643	0.71343	1.0111	430.50	0.065316	3.1258e-05	0.042479	supercritical
484.00	94.000	73.358	0.013632	310.85	438.99	5.6664	0.71372	1.0112	430.92	0.064870	3.1300e-05	0.042542	supercritical
485.00	94.000	73.200	0.013661	311.58	440.00	5.6684	0.71401	1.0113	431.34	0.064426	3.1343e-05	0.042604	supercritical
486.00	94.000	73.042	0.013691	312.32	441.01	5.6705	0.71430	1.0114	431.75	0.063984	3.1385e-05	0.042667	supercritical
487.00	94.000	72.885	0.013720	313.05	442.02	5.6726	0.71458	1.0115	432.16	0.063544	3.1428e-05	0.042730	supercritical
488.00	94.000	72.729	0.013750	313.78	443.03	5.6747	0.71487	1.0116	432.58	0.063106	3.1470e-05	0.042793	supercritical
489.00	94.000	72.573	0.013779	314.52	444.04	5.6768	0.71516	1.0117	432.99	0.062671	3.1512e-05	0.042856	supercritical
490.00	94.000	72.418	0.013809	315.25	445.05	5.6788	0.71545	1.0118	433.40	0.062237	3.1555e-05	0.042919	supercritical
491.00	94.000	72.264	0.013838	315.99	446.07	5.6809	0.71574	1.0119	433.82	0.061806	3.1597e-05	0.042981	supercritical
492.00	94.000	72.110	0.013868	316.72	447.08	5.6829	0.71603	1.0120	434.23	0.061377	3.1639e-05	0.043044	supercritical
493.00	94.000	71.958	0.013897	317.46	448.09	5.6850	0.71632	1.0121	434.64	0.060950	3.1681e-05	0.043107	supercritical
494.00	94.000	71.806	0.013926	318.19	449.10	5.6870	0.71661	1.0122	435.05	0.060525	3.1723e-05	0.043170	supercritical
495.00	94.000	71.654	0.013956	318.93	450.12	5.6891	0.71690	1.0124	435.46	0.060102	3.1765e-05	0.043232	supercritical
496.00	94.000	71.503	0.013985	319.67	451.13	5.6911	0.71719	1.0125	435.87	0.059681	3.1807e-05	0.043295	supercritical
497.00	94.000	71.353	0.014015	320.40	452.14	5.6932	0.71749	1.0126	436.27	0.059262	3.1850e-05	0.043358	supercritical
498.00	94.000	71.204	0.014044	321.14	453.15	5.6952	0.71778	1.0127	436.68	0.058845	3.1892e-05	0.043420	supercritical
499.00	94.000	71.055	0.014074	321.87	454.17	5.6972	0.71807	1.0128	437.09	0.058431	3.1934e-05	0.043483	supercritical
500.00	94.000	70.907	0.014103	322.61	455.18	5.6993	0.71836	1.0129	437.50	0.058018	3.1975e-05	0.043546	supercritical
501.00	94.000	70.760	0.014132	323.35	456.19	5.7013	0.71865	1.0131	437.90	0.057607	3.2017e-05	0.043608	supercritical
502.00	94.000	70.613	0.014162	324.08	457.20	5.7033	0.71894	1.0132	438.31	0.057198	3.2059e-05	0.043671	supercritical
503.00	94.000	70.467	0.014191	324.82	458.22	5.7053	0.71924	1.0133	438.71	0.056792	3.2101e-05	0.043733	supercritical
504.00	94.000	70.322	0.014220	325.56	459.23	5.7073	0.71953	1.0134	439.12	0.056387	3.2143e-05	0.043796	supercritical
505.00	94.000	70.177	0.014250	326.30	460.24	5.7094	0.71982	1.0136	439.52	0.055984	3.2185e-05	0.043859	supercritical
506.00	94.000	70.033	0.014279	327.03	461.26	5.7114	0.72011	1.0137	439.92	0.055583	3.2227e-05	0.043921	supercritical
507.00	94.000	69.889	0.014308	327.77	462.27	5.7134	0.72041	1.0138	440.32	0.055184	3.2268e-05	0.043984	supercritical
508.00	94.000	69.746	0.014338	328.51	463.29	5.7154	0.72070	1.0139	440.73	0.054787	3.2310e-05	0.044046	supercritical
509.00	94.000	69.604	0.014367	329.25	464.30	5.7174	0.72099	1.0141	441.13	0.054391	3.2352e-05	0.044109	supercritical
510.00	94.000	69.462	0.014396	329.99	465.31	5.7193	0.72129	1.0142	441.53	0.053998	3.2393e-05	0.044171	supercritical
511.00	94.000	69.321	0.014426	330.73	466.33	5.7213	0.72158	1.0143	441.93	0.053607	3.2435e-05	0.044234	supercritical
512.00	94.000	69.181	0.014455	331.47	467.34	5.7233	0.72187	1.0145	442.33	0.053217	3.2476e-05	0.044296	supercritical
513.00	94.000	69.041	0.014484	332.21	468.36	5.7253	0.72217	1.0146	442.73	0.052829	3.2518e-05	0.044359	supercritical
514.00	94.000	68.901	0.014513	332.95	469.37	5.7273	0.72246	1.0148	443.13	0.052443	3.2560e-05	0.044421	supercritical
515.00	94.000	68.763	0.014543	333.68	470.39	5.7292	0.72276	1.0149	443.53	0.052059	3.2601e-05	0.044483	supercritical
516.00	94.000	68.625	0.014572	334.42	471.40	5.7312	0.72305	1.0150	443.92	0.051677	3.2643e-05	0.044546	supercritical
517.00	94.000	68.487	0.014601	335.16	472.42	5.7332	0.72334	1.0152	444.32	0.051296	3.2684e-05	0.044608	supercritical
518.00	94.000	68.350	0.014631	335.91	473.43	5.7351	0.72364	1.0153	444.72	0.050918	3.2725e-05	0.044671	supercritical
519.00	94.000	68.214	0.014660	336.65	474.45	5.7371	0.72393	1.0155	445.11	0.050541	3.2767e-05	0.044733	supercritical
520.00	94.000	68.078	0.014689	337.39	475.46	5.7390	0.72423	1.0156	445.51	0.050166	3.2808e-05	0.044795	supercritical
521.00	94.000	67.943	0.014718	338.13	476.48	5.7410	0.72452	1.0158	445.90	0.049792	3.2849e-05	0.044858	supercritical
522.00	94.000	67.808	0.014747	338.87	477.49	5.7429	0.72481	1.0159	446.30	0.049421	3.2891e-05	0.044920	supercritical
523.00	94.000	67.674	0.014777	339.61	478.51	5.7449	0.72511	1.0161	446.69	0.049051	3.2932e-05	0.044982	supercritical
524.00	94.000	67.541	0.014806	340.35	479.53	5.7468	0.72540	1.0162	447.09	0.048683	3.2973e-05	0.045044	supercritical
525.00	94.000	67.408	0.014835	341.09	480.54	5.7488	0.72570	1.0164	447.48	0.048316	3.3014e-05	0.045107	supercritical
526.00	94.000	67.276	0.014864	341.84	481.56	5.7507	0.72599	1.0165	447.87	0.047951	3.3055e-05	0.045169	supercritical
527.00	94.000	67.144	0.014893	342.58	482.58	5.7526	0.72629	1.0167	448.26	0.047588	3.3096e-05	0.045231	supercritical
528.00	94.000	67.012	0.014923	343.32	483.59	5.7546	0.72658	1.0168	448.65	0.047227	3.3138e-05	0.045293	supercritical
529.00	94.000	66.882	0.014952	344.06	484.61	5.7565	0.72687	1.0170	449.05	0.046867	3.3179e-05	0.045355	supercritical
530.00	94.000	66.752	0.014981	344.81	485.63	5.7584	0.72717	1.0171	449.44	0.046509	3.3220e-05	0.045418	supercritical
531.00	94.000	66.622	0.015010	345.55	486.64	5.7603	0.72746	1.0173	449.83	0.046153	3.3261e-05	0.045480	supercritical
532.00	94.000	66.493	0.015039	346.29	487.66	5.7622	0.72776	1.0174	450.22	0.045798	3.3302e-05	0.045542	supercritical
533.00	94.000	66.364	0.015068	347.04	488.68	5.7642	0.72805	1.0176	450.60	0.045445	3.3343e-05	0.045604	supercritical
534.00	94.000	66.236	0.015098	347.78	489.70	5.7661	0.72835	1.0177	450.99	0.045094	3.3383e-05	0.045666	supercritical
535.00	94.000	66.109	0.015127	348.52	490.71	5.7680	0.72864	1.0179	451.38	0.044744	3.3424e-05	0.045728	supercritical
536.00	94.000	65.982	0.015156	349.27	491.73	5.7699	0.72893	1.0181	451.77	0.044396	3.3465e-05	0.045790	supercritical
537.00	94.000	65.855	0.015185	350.01	492.75	5.7718	0.72923	1.0182	452.16	0.044049	3.3506e-05	0.045852	supercritical
538.00	94.000	65.729	0.015214	350.76	493.77	5.7737	0.72952	1.0184	452.54	0.043704	3.3547e-05	0.045914	supercritical
539.00	94.000	65.604	0.015243	351.50	494.79	5.7755	0.72982	1.0186	452.93	0.043361	3.3588e-05	0.045976	supercritical
540.00	94.000	65.479	0.015272	352.25	495.81	5.7774	0.73011	1.0187	453.31	0.043019	3.3628e-05	0.046038	supercritical
541.00	94.000	65.354	0.015301	352.99	496.82	5.7793	0.73041	1.0189	453.70	0.042679	3.3669e-05	0.046100	supercritical
542.00	94.000	65.230	0.015330	353.74	497.84	5.7812	0.73070	1.0191	454.08	0.042340	3.3710e-05	0.046162	supercritical
543.00	94.000	65.107	0.015359	354.48	498.86	5.7831	0.73099	1.0192	454.47	0.042003	3.3750e-05	0.046224	supercritical
544.00	94.000	64.984	0.015388	355.23	499.88	5.7850	0.73129	1.0194	454.85	0.041667	3.3791e-05	0.046286	supercritical
545.00	94.000	64.861	0.015418	355.98	500.90	5.7868	0.73158	1.0196	455.23	0.041333	3.3832e-05	0.046348	supercritical
546.00	94.000	64.739	0.015447	356.72	501.92	5.7887	0.73187	1.0197	455.62	0.041000	3.3872e-05	0.046410	supercritical
547.00	94.000	64.618	0.015476	357.47	502.94	5.7906	0.73217	1.0199	456.00	0.040669	3.3913e-05	0.046472	supercritical
548.00	94.000	64.496	0.015505	358.22	503.96	5.7924	0.73246	1.0201	456.38	0.040340	3.3953e-05	0.046534	supercritical
549.00	94.000	64.376	0.015534	358.96	504.98	5.7943	0.73275	1.0202	456.76	0.040012	3.3994e-05	0.046596	supercritical
550.00	94.000	64.256	0.015563	359.71	506.00	5.7961	0.73305	1.0204	457.14	0.039685	3.4034e-05	0.046657	supercritical
551.00	94.000	64.136	0.015592	360.46	507.02	5.7980	0.73334	1.0206	457.52	0.039360	3.4074e-05	0.046719	supercritical
552.00	94.000	64.017	0.015621	361.21	508.04	5.7998	0.73363	1.0207	457.90	0.039036	3.4115e-05	0.046781	supercritical
553.00	94.000	63.898	0.015650	361.95	509.06	5.8017	0.73393	1.0209	458.28	0.038714	3.4155e-05	0.046843	supercritical
554.00	94.000	63.780	0.015679	362.70	510.08	5.8035	0.73422	1.0211	458.66	0.038393	3.4195e-05	0.046904	supercritical
555.00	94.000	63.662	0.015708	363.45	511.11	5.8054	0.73451	1.0213	459.04	0.038074	3.4236e-05	0.046966	supercritical
556.00	94.000	63.545	0.015737	364.20	512.13	5.8072	0.73480	1.0214	459.42	0.037756	3.4276e-05	0.047028	supercritical
557.00	94.000	63.428	0.015766	364.95	513.15	5.8091	0.73510	1.0216	459.80	0.037439	3.4316e-05	0.047090	supercritical
558.00	94.000	63.312	0.015795	365.70	514.17	5.8109	0.73539	1.0218	460.18	0.037124	3.4356e-05	0.047151	supercritical
559.00	94.000	63.196	0.015824	366.45	515.19	5.8127	0.73568	1.0220	460.55	0.036810	3.4397e-05	0.047213	supercritical
560.00	94.000	63.080	0.015853	367.20	516.21	5.8145	0.73597	1.0221	460.93	0.036498	3.4437e-05	0.047275	supercritical
561.00	94.000	62.965	0.015882	367.95	517.24	5.8164	0.73626	1.0223	461.31	0.036187	3.4477e-05	0.047336	supercritical
562.00	94.000	62.851	0.015911	368.70	518.26	5.8182	0.73656	1.0225	461.68	0.035877	3.4517e-05	0.047398	supercritical
563.00	94.000	62.736	0.015940	369.45	519.28	5.8200	0.73685	1.0227	462.06	0.035569	3.4557e-05	0.047459	supercritical
564.00	94.000	62.623	0.015969	370.20	520.30	5.8218	0.73714	1.0229	462.43	0.035262	3.4597e-05	0.047521	supercritical
565.00	94.000	62.509	0.015998	370.95	521.33	5.8236	0.73743	1.0230	462.81	0.034957	3.4637e-05	0.047583	supercritical
566.00	94.000	62.396	0.016027	371.70	522.35	5.8254	0.73772	1.0232	463.18	0.034653	3.4677e-05	0.047644	supercritical
567.00	94.000	62.284	0.016056	372.45	523.37	5.8272	0.73801	1.0234	463.55	0.034350	3.4717e-05	0.047706	supercritical
568.00	94.000	62.172	0.016084	373.20	524.40	5.8291	0.73830	1.0236	463.93	0.034049	3.4757e-05	0.047767	supercritical
569.00	94.000	62.060	0.016113	373.95	525.42	5.8309	0.73859	1.0238	464.30	0.033748	3.4797e-05	0.047829	supercritical
570.00	94.000	61.949	0.016142	374.71	526.44	5.8327	0.73888	1.0240	464.67	0.033450	3.4837e-05	0.047890	supercritical
571.00	94.000	61.838	0.016171	375.46	527.47	5.8344	0.73917	1.0241	465.04	0.033152	3.4877e-05	0.047952	supercritical
572.00	94.000	61.728	0.016200	376.21	528.49	5.8362	0.73946	1.0243	465.41	0.032856	3.4916e-05	0.048013	supercritical
573.00	94.000	61.618	0.016229	376.96	529.52	5.8380	0.73975	1.0245	465.79	0.032561	3.4956e-05	0.048074	supercritical
574.00	94.000	61.508	0.016258	377.72	530.54	5.8398	0.74004	1.0247	466.16	0.032267	3.4996e-05	0.048136	supercritical
575.00	94.000	61.399	0.016287	378.47	531.57	5.8416	0.74033	1.0249	466.53	0.031975	3.5036e-05	0.048197	supercritical
576.00	94.000	61.291	0.016316	379.22	532.59	5.8434	0.74062	1.0251	466.90	0.031684	3.5075e-05	0.048259	supercritical
577.00	94.000	61.182	0.016345	379.98	533.62	5.8452	0.74091	1.0252	467.27	0.031394	3.5115e-05	0.048320	supercritical
578.00	94.000	61.074	0.016374	380.73	534.64	5.8469	0.74120	1.0254	467.64	0.031106	3.5155e-05	0.048381	supercritical
579.00	94.000	60.967	0.016402	381.49	535.67	5.8487	0.74149	1.0256	468.00	0.030818	3.5194e-05	0.048442	supercritical
580.00	94.000	60.860	0.016431	382.24	536.69	5.8505	0.74177	1.0258	468.37	0.030532	3.5234e-05	0.048504	supercritical
581.00	94.000	60.753	0.016460	382.99	537.72	5.8522	0.74206	1.0260	468.74	0.030248	3.5273e-05	0.048565	supercritical
582.00	94.000	60.647	0.016489	383.75	538.75	5.8540	0.74235	1.0262	469.11	0.029964	3.5313e-05	0.048626	supercritical
583.00	94.000	60.541	0.016518	384.50	539.77	5.8558	0.74264	1.0264	469.48	0.029682	3.5352e-05	0.048688	supercritical
584.00	94.000	60.435	0.016547	385.26	540.80	5.8575	0.74293	1.0266	469.84	0.029400	3.5392e-05	0.048749	supercritical
585.00	94.000	60.330	0.016576	386.01	541.82	5.8593	0.74321	1.0267	470.21	0.029121	3.5431e-05	0.048810	supercritical
586.00	94.000	60.225	0.016604	386.77	542.85	5.8610	0.74350	1.0269	470.57	0.028842	3.5471e-05	0.048871	supercritical
587.00	94.000	60.121	0.016633	387.53	543.88	5.8628	0.74379	1.0271	470.94	0.028564	3.5510e-05	0.048932	supercritical
588.00	94.000	60.017	0.016662	388.28	544.91	5.8645	0.74407	1.0273	471.30	0.028288	3.5550e-05	0.048993	supercritical
589.00	94.000	59.913	0.016691	389.04	545.93	5.8663	0.74436	1.0275	471.67	0.028013	3.5589e-05	0.049055	supercritical
590.00	94.000	59.810	0.016720	389.80	546.96	5.8680	0.74464	1.0277	472.03	0.027739	3.5628e-05	0.049116	supercritical
591.00	94.000	59.707	0.016749	390.55	547.99	5.8698	0.74493	1.0279	472.40	0.027466	3.5668e-05	0.049177	supercritical
592.00	94.000	59.604	0.016777	391.31	549.02	5.8715	0.74521	1.0281	472.76	0.027194	3.5707e-05	0.049238	supercritical
593.00	94.000	59.502	0.016806	392.07	550.04	5.8732	0.74550	1.0283	473.13	0.026924	3.5746e-05	0.049299	supercritical
594.00	94.000	59.400	0.016835	392.82	551.07	5.8750	0.74578	1.0285	473.49	0.026654	3.5785e-05	0.049360	supercritical
595.00	94.000	59.299	0.016864	393.58	552.10	5.8767	0.74607	1.0287	473.85	0.026386	3.5824e-05	0.049421	supercritical
596.00	94.000	59.198	0.016893	394.34	553.13	5.8784	0.74635	1.0288	474.21	0.026119	3.5864e-05	0.049482	supercritical
597.00	94.000	59.097	0.016921	395.10	554.16	5.8802	0.74664	1.0290	474.57	0.025853	3.5903e-05	0.049543	supercritical
598.00	94.000	58.997	0.016950	395.86	555.19	5.8819	0.74692	1.0292	474.94	0.025588	3.5942e-05	0.049604	supercritical
599.00	94.000	58.897	0.016979	396.62	556.22	5.8836	0.74720	1.0294	475.30	0.025325	3.5981e-05	0.049665	supercritical
600.00	94.000	58.797	0.017008	397.37	557.25	5.8853	0.74749	1.0296	475.66	0.025062	3.6020e-05	0.049726	supercritical
