Temperature (K)	Pressure (bar)	Density (kg/m3)	Volume (m3/kg)	Internal Energy (kJ/kg)	Enthalpy (kJ/kg)	Entropy (J/g*K)	Cv (J/g*K)	Cp (J/g*K)	Sound Spd. (m/s)	Joule-Thomson (K/bar)	Viscosity (Pa*s)	Therm. Cond. (W/m*K)	Phase
60.000	132.00	1297.3	0.00077083	-186.17	-175.99	2.2232	1.0936	1.6471	1162.9	-0.037798	0.00064059	0.19921	liquid
61.000	132.00	1293.1	0.00077331	-184.55	-174.34	2.2504	1.0862	1.6496	1158.9	-0.037637	0.00061052	0.19792	liquid
62.000	132.00	1289.0	0.00077582	-182.93	-172.69	2.2773	1.0796	1.6516	1154.3	-0.037494	0.00058245	0.19662	liquid
63.000	132.00	1284.8	0.00077836	-181.31	-171.04	2.3037	1.0735	1.6532	1149.2	-0.037367	0.00055624	0.19533	liquid
64.000	132.00	1280.5	0.00078092	-179.69	-169.39	2.3298	1.0678	1.6543	1143.6	-0.037253	0.00053174	0.19404	liquid
65.000	132.00	1276.3	0.00078351	-178.07	-167.73	2.3554	1.0625	1.6550	1137.6	-0.037150	0.00050883	0.19274	liquid
66.000	132.00	1272.1	0.00078611	-176.45	-166.08	2.3807	1.0573	1.6553	1131.4	-0.037056	0.00048739	0.19145	liquid
67.000	132.00	1267.8	0.00078874	-174.83	-164.42	2.4056	1.0523	1.6554	1125.0	-0.036968	0.00046732	0.19015	liquid
68.000	132.00	1263.6	0.00079139	-173.21	-162.76	2.4301	1.0475	1.6553	1118.4	-0.036885	0.00044850	0.18886	liquid
69.000	132.00	1259.4	0.00079406	-171.59	-161.11	2.4543	1.0427	1.6549	1111.7	-0.036805	0.00043084	0.18757	liquid
70.000	132.00	1255.1	0.00079675	-169.97	-159.46	2.4781	1.0381	1.6544	1104.8	-0.036727	0.00041427	0.18628	liquid
71.000	132.00	1250.8	0.00079946	-168.35	-157.80	2.5015	1.0334	1.6538	1097.9	-0.036650	0.00039869	0.18498	liquid
72.000	132.00	1246.6	0.00080219	-166.74	-156.15	2.5247	1.0289	1.6531	1090.9	-0.036572	0.00038403	0.18369	liquid
73.000	132.00	1242.3	0.00080495	-165.12	-154.49	2.5475	1.0244	1.6524	1083.9	-0.036493	0.00037023	0.18240	liquid
74.000	132.00	1238.0	0.00080773	-163.50	-152.84	2.5699	1.0199	1.6516	1076.8	-0.036410	0.00035722	0.18111	liquid
75.000	132.00	1233.8	0.00081053	-161.89	-151.19	2.5921	1.0155	1.6508	1069.7	-0.036325	0.00034495	0.17982	liquid
76.000	132.00	1229.5	0.00081335	-160.28	-149.54	2.6140	1.0112	1.6500	1062.6	-0.036236	0.00033336	0.17853	liquid
77.000	132.00	1225.2	0.00081620	-158.67	-147.89	2.6355	1.0068	1.6493	1055.5	-0.036141	0.00032240	0.17723	liquid
78.000	132.00	1220.9	0.00081907	-157.05	-146.24	2.6568	1.0025	1.6486	1048.4	-0.036042	0.00031204	0.17594	liquid
79.000	132.00	1216.6	0.00082196	-155.44	-144.59	2.6778	0.99826	1.6479	1041.3	-0.035937	0.00030222	0.17465	liquid
80.000	132.00	1212.3	0.00082489	-153.84	-142.95	2.6985	0.99405	1.6473	1034.1	-0.035825	0.00029291	0.17336	liquid
81.000	132.00	1208.0	0.00082783	-152.23	-141.30	2.7190	0.98988	1.6468	1027.0	-0.035707	0.00028408	0.17207	liquid
82.000	132.00	1203.6	0.00083081	-150.62	-139.65	2.7392	0.98575	1.6463	1019.9	-0.035582	0.00027569	0.17077	liquid
83.000	132.00	1199.3	0.00083381	-149.01	-138.01	2.7591	0.98167	1.6460	1012.8	-0.035449	0.00026771	0.16948	liquid
84.000	132.00	1195.0	0.00083684	-147.41	-136.36	2.7788	0.97763	1.6457	1005.7	-0.035309	0.00026011	0.16819	liquid
85.000	132.00	1190.6	0.00083990	-145.80	-134.72	2.7983	0.97363	1.6456	998.62	-0.035160	0.00025288	0.16689	liquid
86.000	132.00	1186.3	0.00084299	-144.20	-133.07	2.8176	0.96969	1.6455	991.54	-0.035003	0.00024598	0.16560	liquid
87.000	132.00	1181.9	0.00084611	-142.59	-131.42	2.8366	0.96579	1.6456	984.47	-0.034838	0.00023939	0.16430	liquid
88.000	132.00	1177.5	0.00084926	-140.99	-129.78	2.8554	0.96193	1.6457	977.40	-0.034664	0.00023310	0.16301	liquid
89.000	132.00	1173.1	0.00085245	-139.39	-128.13	2.8740	0.95813	1.6460	970.34	-0.034480	0.00022709	0.16171	liquid
90.000	132.00	1168.7	0.00085566	-137.78	-126.49	2.8924	0.95437	1.6464	963.28	-0.034287	0.00022133	0.16041	liquid
91.000	132.00	1164.3	0.00085892	-136.18	-124.84	2.9106	0.95066	1.6469	956.23	-0.034085	0.00021581	0.15912	liquid
92.000	132.00	1159.8	0.00086220	-134.57	-123.19	2.9286	0.94699	1.6475	949.18	-0.033872	0.00021052	0.15782	liquid
93.000	132.00	1155.4	0.00086553	-132.97	-121.54	2.9464	0.94338	1.6482	942.14	-0.033649	0.00020544	0.15652	liquid
94.000	132.00	1150.9	0.00086889	-131.37	-119.90	2.9640	0.93981	1.6491	935.10	-0.033416	0.00020057	0.15522	liquid
95.000	132.00	1146.4	0.00087229	-129.76	-118.25	2.9815	0.93629	1.6501	928.07	-0.033173	0.00019588	0.15392	liquid
96.000	132.00	1141.9	0.00087573	-128.16	-116.60	2.9988	0.93282	1.6512	921.03	-0.032918	0.00019136	0.15262	liquid
97.000	132.00	1137.4	0.00087921	-126.55	-114.94	3.0159	0.92939	1.6524	914.00	-0.032652	0.00018702	0.15132	liquid
98.000	132.00	1132.8	0.00088274	-124.94	-113.29	3.0328	0.92601	1.6537	906.96	-0.032375	0.00018283	0.15002	liquid
99.000	132.00	1128.3	0.00088630	-123.34	-111.64	3.0496	0.92267	1.6552	899.93	-0.032085	0.00017879	0.14871	liquid
100.00	132.00	1123.7	0.00088991	-121.73	-109.98	3.0663	0.91938	1.6568	892.89	-0.031784	0.00017489	0.14741	liquid
101.00	132.00	1119.1	0.00089357	-120.12	-108.32	3.0828	0.91613	1.6585	885.86	-0.031470	0.00017112	0.14611	liquid
102.00	132.00	1114.5	0.00089727	-118.51	-106.66	3.0991	0.91293	1.6604	878.82	-0.031143	0.00016748	0.14481	liquid
103.00	132.00	1109.8	0.00090102	-116.90	-105.00	3.1153	0.90978	1.6623	871.77	-0.030803	0.00016395	0.14350	liquid
104.00	132.00	1105.2	0.00090483	-115.28	-103.34	3.1314	0.90666	1.6645	864.73	-0.030449	0.00016053	0.14220	liquid
105.00	132.00	1100.5	0.00090868	-113.67	-101.67	3.1473	0.90359	1.6667	857.67	-0.030082	0.00015723	0.14090	liquid
106.00	132.00	1095.8	0.00091258	-112.05	-100.01	3.1632	0.90056	1.6691	850.62	-0.029700	0.00015402	0.13959	liquid
107.00	132.00	1091.1	0.00091654	-110.43	-98.335	3.1788	0.89758	1.6716	843.55	-0.029303	0.00015090	0.13829	liquid
108.00	132.00	1086.3	0.00092056	-108.81	-96.662	3.1944	0.89463	1.6743	836.48	-0.028890	0.00014788	0.13699	liquid
109.00	132.00	1081.5	0.00092463	-107.19	-94.987	3.2098	0.89173	1.6771	829.41	-0.028462	0.00014494	0.13569	liquid
110.00	132.00	1076.7	0.00092877	-105.57	-93.308	3.2252	0.88887	1.6800	822.32	-0.028018	0.00014208	0.13438	liquid
111.00	132.00	1071.9	0.00093296	-103.94	-91.627	3.2404	0.88605	1.6831	815.23	-0.027557	0.00013930	0.13308	liquid
112.00	132.00	1067.0	0.00093722	-102.31	-89.942	3.2555	0.88327	1.6863	808.13	-0.027078	0.00013660	0.13178	liquid
113.00	132.00	1062.1	0.00094155	-100.68	-88.254	3.2705	0.88053	1.6897	801.01	-0.026581	0.00013396	0.13049	liquid
114.00	132.00	1057.2	0.00094594	-99.049	-86.562	3.2854	0.87784	1.6933	793.89	-0.026066	0.00013139	0.12919	liquid
115.00	132.00	1052.2	0.00095040	-97.412	-84.867	3.3002	0.87518	1.6970	786.76	-0.025531	0.00012889	0.12790	liquid
116.00	132.00	1047.2	0.00095493	-95.773	-83.168	3.3149	0.87256	1.7009	779.62	-0.024976	0.00012644	0.12661	liquid
117.00	132.00	1042.2	0.00095954	-94.131	-81.465	3.3295	0.86998	1.7050	772.46	-0.024400	0.00012405	0.12532	liquid
118.00	132.00	1037.1	0.00096422	-92.486	-79.758	3.3441	0.86744	1.7092	765.29	-0.023802	0.00012172	0.12403	liquid
119.00	132.00	1032.0	0.00096899	-90.837	-78.047	3.3585	0.86494	1.7136	758.11	-0.023182	0.00011945	0.12274	liquid
120.00	132.00	1026.9	0.00097383	-89.186	-76.331	3.3729	0.86248	1.7182	750.92	-0.022538	0.00011722	0.12145	liquid
121.00	132.00	1021.7	0.00097877	-87.530	-74.610	3.3872	0.86006	1.7230	743.71	-0.021871	0.00011504	0.12017	liquid
122.00	132.00	1016.5	0.00098378	-85.871	-72.885	3.4014	0.85767	1.7280	736.49	-0.021177	0.00011291	0.11889	liquid
123.00	132.00	1011.2	0.00098890	-84.208	-71.154	3.4155	0.85533	1.7332	729.26	-0.020458	0.00011083	0.11761	liquid
124.00	132.00	1005.9	0.00099410	-82.540	-69.418	3.4295	0.85303	1.7386	722.00	-0.019711	0.00010879	0.11633	liquid
125.00	132.00	1000.6	0.00099940	-80.869	-67.677	3.4435	0.85077	1.7443	714.74	-0.018935	0.00010679	0.11505	liquid
126.00	132.00	995.22	0.0010048	-79.193	-65.930	3.4574	0.84854	1.7501	707.45	-0.018130	0.00010483	0.11378	liquid
127.00	132.00	989.79	0.0010103	-77.513	-64.176	3.4713	0.84636	1.7563	700.16	-0.017293	0.00010291	0.11251	liquid
128.00	132.00	984.31	0.0010159	-75.827	-62.417	3.4851	0.84422	1.7626	692.84	-0.016424	0.00010102	0.11124	liquid
129.00	132.00	978.79	0.0010217	-74.137	-60.651	3.4988	0.84212	1.7692	685.51	-0.015521	9.9176e-05	0.10997	liquid
130.00	132.00	973.22	0.0010275	-72.442	-58.879	3.5125	0.84006	1.7761	678.15	-0.014582	9.7363e-05	0.10871	liquid
131.00	132.00	967.59	0.0010335	-70.741	-57.099	3.5262	0.83804	1.7833	670.79	-0.013606	9.5584e-05	0.10745	liquid
132.00	132.00	961.91	0.0010396	-69.035	-55.312	3.5398	0.83607	1.7907	663.40	-0.012592	9.3837e-05	0.10619	liquid
133.00	132.00	956.18	0.0010458	-67.322	-53.517	3.5533	0.83414	1.7985	655.99	-0.011536	9.2121e-05	0.10494	liquid
134.00	132.00	950.39	0.0010522	-65.604	-51.715	3.5668	0.83225	1.8065	648.57	-0.010438	9.0436e-05	0.10369	liquid
135.00	132.00	944.53	0.0010587	-63.879	-49.904	3.5803	0.83040	1.8149	641.12	-0.0092949	8.8780e-05	0.10245	liquid
136.00	132.00	938.62	0.0010654	-62.148	-48.085	3.5937	0.82860	1.8237	633.66	-0.0081049	8.7153e-05	0.10121	liquid
137.00	132.00	932.65	0.0010722	-60.410	-46.257	3.6071	0.82684	1.8328	626.18	-0.0068655	8.5554e-05	0.099973	liquid
138.00	132.00	926.60	0.0010792	-58.665	-44.419	3.6205	0.82513	1.8423	618.68	-0.0055744	8.3982e-05	0.098741	liquid
139.00	132.00	920.49	0.0010864	-56.912	-42.572	3.6338	0.82347	1.8521	611.16	-0.0042289	8.2435e-05	0.097514	liquid
140.00	132.00	914.31	0.0010937	-55.152	-40.715	3.6471	0.82186	1.8624	603.61	-0.0028262	8.0915e-05	0.096293	liquid
141.00	132.00	908.06	0.0011012	-53.384	-38.847	3.6604	0.82029	1.8731	596.05	-0.0013634	7.9419e-05	0.095076	liquid
142.00	132.00	901.73	0.0011090	-51.607	-36.968	3.6737	0.81877	1.8843	588.48	0.00016277	7.7947e-05	0.093864	liquid
143.00	132.00	895.32	0.0011169	-49.822	-35.078	3.6869	0.81731	1.8960	580.88	0.0017556	7.6498e-05	0.092659	liquid
144.00	132.00	888.83	0.0011251	-48.027	-33.176	3.7002	0.81589	1.9081	573.26	0.0034186	7.5073e-05	0.091458	liquid
145.00	132.00	882.26	0.0011335	-46.223	-31.262	3.7134	0.81453	1.9208	565.63	0.0051555	7.3670e-05	0.090264	liquid
146.00	132.00	875.60	0.0011421	-44.410	-29.334	3.7267	0.81323	1.9340	557.98	0.0069703	7.2288e-05	0.089076	liquid
147.00	132.00	868.85	0.0011509	-42.586	-27.394	3.7399	0.81197	1.9478	550.31	0.0088673	7.0928e-05	0.087894	liquid
148.00	132.00	862.00	0.0011601	-40.752	-25.439	3.7532	0.81078	1.9623	542.63	0.010851	6.9589e-05	0.086719	liquid
149.00	132.00	855.06	0.0011695	-38.906	-23.469	3.7665	0.80964	1.9773	534.93	0.012926	6.8270e-05	0.085550	liquid
150.00	132.00	848.02	0.0011792	-37.049	-21.484	3.7797	0.80856	1.9930	527.23	0.015097	6.6971e-05	0.084389	liquid
151.00	132.00	840.87	0.0011892	-35.181	-19.483	3.7930	0.80754	2.0094	519.51	0.017370	6.5691e-05	0.083234	liquid
152.00	132.00	833.61	0.0011996	-33.300	-17.465	3.8063	0.80658	2.0265	511.79	0.019751	6.4430e-05	0.082087	liquid
153.00	132.00	826.24	0.0012103	-31.405	-15.429	3.8197	0.80568	2.0443	504.06	0.022244	6.3188e-05	0.080948	liquid
154.00	132.00	818.75	0.0012214	-29.498	-13.376	3.8331	0.80485	2.0630	496.33	0.024856	6.1964e-05	0.079816	liquid
155.00	132.00	811.14	0.0012328	-27.577	-11.303	3.8465	0.80408	2.0824	488.60	0.027594	6.0758e-05	0.078692	supercritical
156.00	132.00	803.40	0.0012447	-25.641	-9.2108	3.8599	0.80337	2.1027	480.88	0.030465	5.9569e-05	0.077576	supercritical
157.00	132.00	795.54	0.0012570	-23.690	-7.0976	3.8734	0.80273	2.1238	473.17	0.033474	5.8398e-05	0.076469	supercritical
158.00	132.00	787.54	0.0012698	-21.724	-4.9629	3.8870	0.80215	2.1459	465.48	0.036630	5.7243e-05	0.075370	supercritical
159.00	132.00	779.40	0.0012830	-19.742	-2.8056	3.9006	0.80163	2.1688	457.81	0.039940	5.6105e-05	0.074280	supercritical
160.00	132.00	771.11	0.0012968	-17.743	-0.62491	3.9143	0.80118	2.1927	450.17	0.043411	5.4984e-05	0.073198	supercritical
161.00	132.00	762.68	0.0013112	-15.727	1.5801	3.9280	0.80078	2.2175	442.57	0.047051	5.3879e-05	0.072126	supercritical
162.00	132.00	754.10	0.0013261	-13.694	3.8104	3.9418	0.80045	2.2432	435.01	0.050867	5.2789e-05	0.071063	supercritical
163.00	132.00	745.36	0.0013416	-11.643	6.0668	3.9557	0.80016	2.2698	427.51	0.054866	5.1716e-05	0.070009	supercritical
164.00	132.00	736.46	0.0013578	-9.5733	8.3502	3.9697	0.79993	2.2973	420.07	0.059055	5.0658e-05	0.068964	supercritical
165.00	132.00	727.40	0.0013748	-7.4851	10.662	3.9837	0.79974	2.3255	412.71	0.063440	4.9616e-05	0.067928	supercritical
166.00	132.00	718.18	0.0013924	-5.3782	13.002	3.9979	0.79959	2.3545	405.44	0.068026	4.8589e-05	0.066903	supercritical
167.00	132.00	708.80	0.0014108	-3.2523	15.371	4.0121	0.79948	2.3841	398.27	0.072818	4.7578e-05	0.065886	supercritical
168.00	132.00	699.25	0.0014301	-1.1076	17.770	4.0264	0.79939	2.4140	391.21	0.077817	4.6583e-05	0.064880	supercritical
169.00	132.00	689.54	0.0014502	1.0558	20.199	4.0408	0.79931	2.4442	384.28	0.083023	4.5603e-05	0.063883	supercritical
170.00	132.00	679.67	0.0014713	3.2372	22.658	4.0554	0.79925	2.4744	377.50	0.088435	4.4640e-05	0.062896	supercritical
171.00	132.00	669.65	0.0014933	5.4360	25.148	4.0700	0.79919	2.5043	370.88	0.094048	4.3694e-05	0.061918	supercritical
172.00	132.00	659.49	0.0015163	7.6511	27.667	4.0846	0.79913	2.5334	364.44	0.099855	4.2765e-05	0.060951	supercritical
173.00	132.00	649.20	0.0015404	9.8813	30.214	4.0994	0.79904	2.5616	358.20	0.10584	4.1853e-05	0.059994	supercritical
174.00	132.00	638.78	0.0015655	12.125	32.789	4.1142	0.79893	2.5883	352.18	0.11200	4.0960e-05	0.059047	supercritical
175.00	132.00	628.26	0.0015917	14.380	35.390	4.1292	0.79878	2.6131	346.38	0.11831	4.0086e-05	0.058110	supercritical
176.00	132.00	617.66	0.0016190	16.644	38.015	4.1441	0.79858	2.6356	340.82	0.12475	3.9231e-05	0.057185	supercritical
177.00	132.00	607.00	0.0016475	18.914	40.660	4.1591	0.79833	2.6555	335.53	0.13130	3.8398e-05	0.056271	supercritical
178.00	132.00	596.29	0.0016770	21.188	43.325	4.1741	0.79801	2.6723	330.50	0.13794	3.7587e-05	0.055368	supercritical
179.00	132.00	585.58	0.0017077	23.462	46.004	4.1891	0.79761	2.6856	325.76	0.14464	3.6798e-05	0.054478	supercritical
180.00	132.00	574.88	0.0017395	25.733	48.695	4.2041	0.79712	2.6953	321.29	0.15137	3.6033e-05	0.053601	supercritical
181.00	132.00	564.22	0.0017724	27.998	51.393	4.2191	0.79653	2.7010	317.12	0.15810	3.5292e-05	0.052739	supercritical
182.00	132.00	553.63	0.0018063	30.253	54.095	4.2339	0.79583	2.7026	313.23	0.16480	3.4577e-05	0.051891	supercritical
183.00	132.00	543.14	0.0018411	32.494	56.797	4.2487	0.79502	2.6999	309.64	0.17143	3.3887e-05	0.051059	supercritical
184.00	132.00	532.78	0.0018769	34.718	59.494	4.2634	0.79408	2.6930	306.33	0.17797	3.3225e-05	0.050243	supercritical
185.00	132.00	522.57	0.0019136	36.922	62.181	4.2780	0.79303	2.6817	303.30	0.18438	3.2589e-05	0.049446	supercritical
186.00	132.00	512.54	0.0019511	39.102	64.856	4.2924	0.79184	2.6663	300.54	0.19063	3.1980e-05	0.048668	supercritical
187.00	132.00	502.71	0.0019892	41.255	67.513	4.3067	0.79054	2.6469	298.05	0.19669	3.1400e-05	0.047910	supercritical
188.00	132.00	493.10	0.0020280	43.379	70.148	4.3207	0.78911	2.6239	295.82	0.20252	3.0846e-05	0.047173	supercritical
189.00	132.00	483.73	0.0020673	45.471	72.759	4.3346	0.78757	2.5976	293.83	0.20812	3.0320e-05	0.046458	supercritical
190.00	132.00	474.60	0.0021070	47.530	75.343	4.3482	0.78593	2.5683	292.06	0.21346	2.9822e-05	0.045767	supercritical
191.00	132.00	465.73	0.0021471	49.553	77.895	4.3616	0.78419	2.5366	290.52	0.21852	2.9350e-05	0.045098	supercritical
192.00	132.00	457.14	0.0021875	51.540	80.415	4.3748	0.78237	2.5029	289.18	0.22330	2.8904e-05	0.044454	supercritical
193.00	132.00	448.81	0.0022281	53.489	82.901	4.3877	0.78048	2.4676	288.03	0.22779	2.8483e-05	0.043834	supercritical
194.00	132.00	440.75	0.0022689	55.401	85.350	4.4003	0.77852	2.4312	287.05	0.23199	2.8086e-05	0.043239	supercritical
195.00	132.00	432.97	0.0023096	57.275	87.763	4.4128	0.77652	2.3940	286.23	0.23590	2.7713e-05	0.042669	supercritical
196.00	132.00	425.45	0.0023504	59.112	90.138	4.4249	0.77447	2.3564	285.56	0.23952	2.7363e-05	0.042123	supercritical
197.00	132.00	418.20	0.0023912	60.912	92.475	4.4368	0.77240	2.3187	285.03	0.24286	2.7033e-05	0.041601	supercritical
198.00	132.00	411.20	0.0024319	62.675	94.775	4.4484	0.77032	2.2812	284.62	0.24594	2.6725e-05	0.041102	supercritical
199.00	132.00	404.46	0.0024724	64.402	97.038	4.4598	0.76822	2.2440	284.32	0.24875	2.6435e-05	0.040627	supercritical
200.00	132.00	397.96	0.0025128	66.094	99.264	4.4710	0.76613	2.2075	284.12	0.25131	2.6164e-05	0.040174	supercritical
201.00	132.00	391.69	0.0025530	67.753	101.45	4.4819	0.76404	2.1716	284.01	0.25363	2.5910e-05	0.039743	supercritical
202.00	132.00	385.65	0.0025930	69.379	103.61	4.4926	0.76196	2.1366	283.99	0.25573	2.5673e-05	0.039333	supercritical
203.00	132.00	379.83	0.0026328	70.974	105.73	4.5031	0.75990	2.1025	284.05	0.25760	2.5450e-05	0.038944	supercritical
204.00	132.00	374.21	0.0026723	72.538	107.81	4.5133	0.75787	2.0694	284.17	0.25928	2.5242e-05	0.038573	supercritical
205.00	132.00	368.79	0.0027116	74.073	109.87	4.5234	0.75586	2.0372	284.35	0.26076	2.5048e-05	0.038221	supercritical
206.00	132.00	363.56	0.0027506	75.579	111.89	4.5332	0.75389	2.0061	284.59	0.26205	2.4866e-05	0.037887	supercritical
207.00	132.00	358.51	0.0027893	77.059	113.88	4.5428	0.75195	1.9761	284.88	0.26318	2.4697e-05	0.037570	supercritical
208.00	132.00	353.63	0.0028278	78.513	115.84	4.5523	0.75004	1.9470	285.22	0.26414	2.4538e-05	0.037269	supercritical
209.00	132.00	348.92	0.0028660	79.942	117.77	4.5616	0.74817	1.9190	285.59	0.26495	2.4390e-05	0.036983	supercritical
210.00	132.00	344.37	0.0029039	81.347	119.68	4.5707	0.74634	1.8920	286.01	0.26561	2.4252e-05	0.036712	supercritical
211.00	132.00	339.96	0.0029415	82.729	121.56	4.5796	0.74455	1.8660	286.46	0.26614	2.4123e-05	0.036455	supercritical
212.00	132.00	335.70	0.0029788	84.090	123.41	4.5884	0.74280	1.8410	286.93	0.26655	2.4003e-05	0.036212	supercritical
213.00	132.00	331.58	0.0030159	85.430	125.24	4.5970	0.74109	1.8168	287.44	0.26684	2.3891e-05	0.035981	supercritical
214.00	132.00	327.58	0.0030527	86.749	127.04	4.6054	0.73943	1.7936	287.97	0.26702	2.3787e-05	0.035762	supercritical
215.00	132.00	323.71	0.0030892	88.050	128.83	4.6137	0.73780	1.7713	288.52	0.26709	2.3690e-05	0.035554	supercritical
216.00	132.00	319.96	0.0031254	89.332	130.59	4.6219	0.73622	1.7498	289.09	0.26707	2.3600e-05	0.035357	supercritical
217.00	132.00	316.32	0.0031614	90.596	132.33	4.6299	0.73468	1.7291	289.68	0.26696	2.3516e-05	0.035171	supercritical
218.00	132.00	312.78	0.0031971	91.844	134.05	4.6378	0.73317	1.7091	290.29	0.26676	2.3439e-05	0.034994	supercritical
219.00	132.00	309.35	0.0032325	93.076	135.75	4.6456	0.73171	1.6900	290.91	0.26649	2.3367e-05	0.034827	supercritical
220.00	132.00	306.02	0.0032677	94.292	137.43	4.6533	0.73029	1.6715	291.54	0.26614	2.3300e-05	0.034668	supercritical
221.00	132.00	302.78	0.0033027	95.493	139.09	4.6608	0.72890	1.6537	292.19	0.26572	2.3239e-05	0.034518	supercritical
222.00	132.00	299.63	0.0033374	96.680	140.73	4.6682	0.72756	1.6365	292.84	0.26524	2.3182e-05	0.034376	supercritical
223.00	132.00	296.57	0.0033719	97.853	142.36	4.6755	0.72625	1.6200	293.51	0.26470	2.3130e-05	0.034242	supercritical
224.00	132.00	293.59	0.0034061	99.013	143.97	4.6828	0.72498	1.6041	294.18	0.26411	2.3082e-05	0.034115	supercritical
225.00	132.00	290.69	0.0034401	100.16	145.57	4.6899	0.72374	1.5887	294.86	0.26346	2.3038e-05	0.033994	supercritical
226.00	132.00	287.86	0.0034739	101.30	147.15	4.6969	0.72254	1.5739	295.55	0.26276	2.2998e-05	0.033881	supercritical
227.00	132.00	285.11	0.0035075	102.42	148.72	4.7038	0.72137	1.5596	296.25	0.26203	2.2961e-05	0.033774	supercritical
228.00	132.00	282.42	0.0035408	103.53	150.27	4.7106	0.72023	1.5459	296.95	0.26124	2.2928e-05	0.033672	supercritical
229.00	132.00	279.80	0.0035739	104.63	151.81	4.7174	0.71913	1.5325	297.65	0.26042	2.2899e-05	0.033577	supercritical
230.00	132.00	277.25	0.0036069	105.73	153.34	4.7240	0.71806	1.5197	298.36	0.25957	2.2872e-05	0.033487	supercritical
231.00	132.00	274.76	0.0036396	106.81	154.85	4.7306	0.71701	1.5073	299.08	0.25868	2.2848e-05	0.033402	supercritical
232.00	132.00	272.32	0.0036721	107.88	156.35	4.7371	0.71600	1.4953	299.79	0.25776	2.2827e-05	0.033323	supercritical
233.00	132.00	269.94	0.0037045	108.94	157.84	4.7435	0.71502	1.4837	300.51	0.25682	2.2809e-05	0.033248	supercritical
234.00	132.00	267.62	0.0037366	109.99	159.32	4.7498	0.71406	1.4724	301.23	0.25584	2.2793e-05	0.033177	supercritical
235.00	132.00	265.35	0.0037686	111.04	160.79	4.7561	0.71314	1.4616	301.95	0.25484	2.2780e-05	0.033111	supercritical
236.00	132.00	263.13	0.0038004	112.08	162.24	4.7622	0.71223	1.4511	302.68	0.25382	2.2769e-05	0.033049	supercritical
237.00	132.00	260.96	0.0038320	113.10	163.69	4.7684	0.71136	1.4409	303.40	0.25278	2.2760e-05	0.032992	supercritical
238.00	132.00	258.83	0.0038635	114.13	165.12	4.7744	0.71051	1.4310	304.13	0.25172	2.2753e-05	0.032938	supercritical
239.00	132.00	256.75	0.0038948	115.14	166.55	4.7804	0.70968	1.4215	304.86	0.25065	2.2748e-05	0.032887	supercritical
240.00	132.00	254.72	0.0039259	116.14	167.97	4.7863	0.70888	1.4122	305.59	0.24955	2.2745e-05	0.032841	supercritical
241.00	132.00	252.73	0.0039569	117.14	169.37	4.7921	0.70810	1.4033	306.31	0.24845	2.2744e-05	0.032797	supercritical
242.00	132.00	250.77	0.0039877	118.14	170.77	4.7979	0.70734	1.3946	307.04	0.24733	2.2744e-05	0.032757	supercritical
243.00	132.00	248.86	0.0040183	119.12	172.16	4.8037	0.70660	1.3861	307.77	0.24619	2.2746e-05	0.032720	supercritical
244.00	132.00	246.98	0.0040488	120.10	173.55	4.8094	0.70588	1.3779	308.50	0.24505	2.2750e-05	0.032686	supercritical
245.00	132.00	245.15	0.0040792	121.07	174.92	4.8150	0.70519	1.3700	309.22	0.24390	2.2755e-05	0.032655	supercritical
246.00	132.00	243.34	0.0041094	122.04	176.29	4.8205	0.70451	1.3623	309.95	0.24274	2.2762e-05	0.032627	supercritical
247.00	132.00	241.58	0.0041395	123.00	177.64	4.8260	0.70386	1.3548	310.68	0.24157	2.2770e-05	0.032601	supercritical
248.00	132.00	239.84	0.0041694	123.96	179.00	4.8315	0.70322	1.3475	311.40	0.24039	2.2779e-05	0.032578	supercritical
249.00	132.00	238.14	0.0041992	124.91	180.34	4.8369	0.70260	1.3404	312.12	0.23921	2.2790e-05	0.032557	supercritical
250.00	132.00	236.47	0.0042289	125.85	181.68	4.8423	0.70200	1.3335	312.85	0.23802	2.2802e-05	0.032539	supercritical
251.00	132.00	234.83	0.0042585	126.79	183.01	4.8476	0.70141	1.3269	313.57	0.23683	2.2815e-05	0.032523	supercritical
252.00	132.00	233.21	0.0042879	127.73	184.33	4.8528	0.70085	1.3204	314.29	0.23563	2.2829e-05	0.032509	supercritical
253.00	132.00	231.63	0.0043172	128.66	185.65	4.8581	0.70029	1.3140	315.01	0.23443	2.2844e-05	0.032497	supercritical
254.00	132.00	230.08	0.0043464	129.59	186.96	4.8632	0.69976	1.3079	315.72	0.23322	2.2860e-05	0.032487	supercritical
255.00	132.00	228.55	0.0043754	130.51	188.26	4.8684	0.69924	1.3019	316.44	0.23202	2.2877e-05	0.032480	supercritical
256.00	132.00	227.05	0.0044044	131.42	189.56	4.8734	0.69873	1.2960	317.15	0.23081	2.2895e-05	0.032474	supercritical
257.00	132.00	225.57	0.0044332	132.34	190.85	4.8785	0.69824	1.2903	317.87	0.22960	2.2914e-05	0.032470	supercritical
258.00	132.00	224.12	0.0044619	133.24	192.14	4.8835	0.69777	1.2848	318.58	0.22839	2.2934e-05	0.032467	supercritical
259.00	132.00	222.69	0.0044905	134.15	193.42	4.8884	0.69730	1.2794	319.29	0.22718	2.2954e-05	0.032467	supercritical
260.00	132.00	221.29	0.0045191	135.05	194.70	4.8934	0.69685	1.2741	319.99	0.22598	2.2976e-05	0.032468	supercritical
261.00	132.00	219.90	0.0045475	135.95	195.97	4.8982	0.69642	1.2690	320.70	0.22477	2.2998e-05	0.032470	supercritical
262.00	132.00	218.54	0.0045758	136.84	197.24	4.9031	0.69600	1.2640	321.40	0.22356	2.3021e-05	0.032475	supercritical
263.00	132.00	217.20	0.0046040	137.73	198.50	4.9079	0.69558	1.2591	322.10	0.22235	2.3044e-05	0.032480	supercritical
264.00	132.00	215.89	0.0046321	138.61	199.76	4.9127	0.69519	1.2544	322.80	0.22115	2.3069e-05	0.032487	supercritical
265.00	132.00	214.59	0.0046601	139.50	201.01	4.9174	0.69480	1.2497	323.50	0.21994	2.3094e-05	0.032496	supercritical
266.00	132.00	213.31	0.0046880	140.38	202.26	4.9221	0.69442	1.2452	324.20	0.21874	2.3119e-05	0.032506	supercritical
267.00	132.00	212.05	0.0047158	141.25	203.50	4.9268	0.69406	1.2408	324.89	0.21754	2.3146e-05	0.032517	supercritical
268.00	132.00	210.81	0.0047435	142.12	204.74	4.9314	0.69371	1.2365	325.58	0.21634	2.3172e-05	0.032529	supercritical
269.00	132.00	209.59	0.0047712	142.99	205.97	4.9360	0.69337	1.2323	326.27	0.21515	2.3200e-05	0.032543	supercritical
270.00	132.00	208.39	0.0047987	143.86	207.20	4.9406	0.69303	1.2281	326.96	0.21396	2.3228e-05	0.032557	supercritical
271.00	132.00	207.20	0.0048262	144.72	208.43	4.9451	0.69271	1.2241	327.65	0.21277	2.3256e-05	0.032573	supercritical
272.00	132.00	206.03	0.0048535	145.58	209.65	4.9496	0.69240	1.2202	328.33	0.21159	2.3285e-05	0.032590	supercritical
273.00	132.00	204.88	0.0048808	146.44	210.87	4.9541	0.69210	1.2163	329.01	0.21041	2.3315e-05	0.032608	supercritical
274.00	132.00	203.75	0.0049081	147.30	212.08	4.9585	0.69181	1.2126	329.69	0.20923	2.3344e-05	0.032627	supercritical
275.00	132.00	202.63	0.0049352	148.15	213.30	4.9629	0.69153	1.2089	330.37	0.20806	2.3375e-05	0.032647	supercritical
276.00	132.00	201.52	0.0049622	149.00	214.50	4.9673	0.69125	1.2053	331.04	0.20689	2.3406e-05	0.032668	supercritical
277.00	132.00	200.43	0.0049892	149.85	215.71	4.9716	0.69099	1.2018	331.72	0.20572	2.3437e-05	0.032690	supercritical
278.00	132.00	199.36	0.0050161	150.69	216.91	4.9760	0.69073	1.1984	332.39	0.20456	2.3469e-05	0.032713	supercritical
279.00	132.00	198.30	0.0050429	151.54	218.10	4.9803	0.69049	1.1950	333.06	0.20340	2.3501e-05	0.032737	supercritical
280.00	132.00	197.25	0.0050697	152.38	219.30	4.9845	0.69025	1.1918	333.73	0.20225	2.3533e-05	0.032761	supercritical
281.00	132.00	196.22	0.0050964	153.21	220.49	4.9888	0.69002	1.1885	334.39	0.20110	2.3566e-05	0.032786	supercritical
282.00	132.00	195.20	0.0051230	154.05	221.67	4.9930	0.68979	1.1854	335.05	0.19996	2.3599e-05	0.032813	supercritical
283.00	132.00	194.19	0.0051495	154.88	222.86	4.9972	0.68958	1.1823	335.71	0.19882	2.3632e-05	0.032840	supercritical
284.00	132.00	193.20	0.0051760	155.71	224.04	5.0014	0.68937	1.1793	336.37	0.19769	2.3666e-05	0.032867	supercritical
285.00	132.00	192.22	0.0052024	156.54	225.22	5.0055	0.68917	1.1764	337.03	0.19656	2.3700e-05	0.032896	supercritical
286.00	132.00	191.25	0.0052287	157.37	226.39	5.0096	0.68898	1.1735	337.69	0.19543	2.3735e-05	0.032925	supercritical
287.00	132.00	190.30	0.0052550	158.20	227.56	5.0137	0.68880	1.1706	338.34	0.19431	2.3770e-05	0.032955	supercritical
288.00	132.00	189.35	0.0052812	159.02	228.73	5.0178	0.68862	1.1679	338.99	0.19320	2.3805e-05	0.032985	supercritical
289.00	132.00	188.42	0.0053073	159.84	229.90	5.0218	0.68845	1.1652	339.64	0.19209	2.3840e-05	0.033016	supercritical
290.00	132.00	187.50	0.0053334	160.66	231.06	5.0258	0.68829	1.1625	340.28	0.19099	2.3876e-05	0.033048	supercritical
291.00	132.00	186.59	0.0053594	161.48	232.22	5.0298	0.68813	1.1599	340.93	0.18989	2.3911e-05	0.033080	supercritical
292.00	132.00	185.69	0.0053854	162.29	233.38	5.0338	0.68798	1.1573	341.57	0.18880	2.3947e-05	0.033113	supercritical
293.00	132.00	184.80	0.0054113	163.11	234.54	5.0378	0.68784	1.1548	342.21	0.18771	2.3984e-05	0.033146	supercritical
294.00	132.00	183.92	0.0054371	163.92	235.69	5.0417	0.68770	1.1524	342.85	0.18662	2.4020e-05	0.033180	supercritical
295.00	132.00	183.05	0.0054629	164.73	236.84	5.0456	0.68757	1.1500	343.49	0.18555	2.4057e-05	0.033215	supercritical
296.00	132.00	182.20	0.0054886	165.54	237.99	5.0495	0.68744	1.1476	344.12	0.18447	2.4094e-05	0.033250	supercritical
297.00	132.00	181.35	0.0055143	166.35	239.14	5.0533	0.68732	1.1453	344.76	0.18341	2.4132e-05	0.033285	supercritical
298.00	132.00	180.51	0.0055399	167.16	240.28	5.0572	0.68721	1.1430	345.39	0.18234	2.4169e-05	0.033321	supercritical
299.00	132.00	179.68	0.0055655	167.96	241.42	5.0610	0.68710	1.1408	346.01	0.18129	2.4207e-05	0.033357	supercritical
300.00	132.00	178.86	0.0055910	168.76	242.56	5.0648	0.68700	1.1386	346.64	0.18024	2.4244e-05	0.033394	supercritical
301.00	132.00	178.05	0.0056164	169.56	243.70	5.0686	0.68690	1.1365	347.27	0.17919	2.4283e-05	0.033430	supercritical
302.00	132.00	177.25	0.0056418	170.37	244.84	5.0724	0.68681	1.1344	347.89	0.17815	2.4321e-05	0.033467	supercritical
303.00	132.00	176.46	0.0056672	171.16	245.97	5.0761	0.68673	1.1323	348.51	0.17711	2.4359e-05	0.033505	supercritical
304.00	132.00	175.67	0.0056924	171.96	247.10	5.0798	0.68665	1.1303	349.13	0.17608	2.4398e-05	0.033542	supercritical
305.00	132.00	174.90	0.0057177	172.76	248.23	5.0836	0.68658	1.1283	349.75	0.17506	2.4436e-05	0.033580	supercritical
306.00	132.00	174.13	0.0057429	173.55	249.36	5.0872	0.68651	1.1264	350.36	0.17404	2.4475e-05	0.033617	supercritical
307.00	132.00	173.37	0.0057680	174.35	250.48	5.0909	0.68644	1.1245	350.98	0.17302	2.4514e-05	0.033653	supercritical
308.00	132.00	172.62	0.0057931	175.14	251.61	5.0946	0.68638	1.1226	351.59	0.17202	2.4554e-05	0.033689	supercritical
309.00	132.00	171.87	0.0058182	175.93	252.73	5.0982	0.68633	1.1208	352.20	0.17101	2.4593e-05	0.033718	supercritical
310.00	132.00	171.14	0.0058432	176.72	253.85	5.1018	0.68628	1.1190	352.81	0.17001	2.4632e-05	0.033754	supercritical
311.00	132.00	170.41	0.0058682	177.51	254.97	5.1054	0.68623	1.1172	353.41	0.16902	2.4672e-05	0.033800	supercritical
312.00	132.00	169.69	0.0058931	178.29	256.08	5.1090	0.68619	1.1155	354.02	0.16803	2.4712e-05	0.033846	supercritical
313.00	132.00	168.98	0.0059180	179.08	257.20	5.1126	0.68616	1.1138	354.62	0.16705	2.4752e-05	0.033893	supercritical
314.00	132.00	168.27	0.0059428	179.87	258.31	5.1161	0.68613	1.1121	355.22	0.16607	2.4792e-05	0.033940	supercritical
315.00	132.00	167.57	0.0059676	180.65	259.42	5.1197	0.68610	1.1105	355.82	0.16510	2.4832e-05	0.033987	supercritical
316.00	132.00	166.88	0.0059923	181.43	260.53	5.1232	0.68608	1.1088	356.42	0.16414	2.4872e-05	0.034034	supercritical
317.00	132.00	166.20	0.0060170	182.22	261.64	5.1267	0.68606	1.1073	357.01	0.16317	2.4912e-05	0.034082	supercritical
318.00	132.00	165.52	0.0060417	183.00	262.75	5.1302	0.68605	1.1057	357.60	0.16222	2.4953e-05	0.034130	supercritical
319.00	132.00	164.84	0.0060663	183.78	263.85	5.1336	0.68604	1.1042	358.20	0.16127	2.4993e-05	0.034178	supercritical
320.00	132.00	164.18	0.0060909	184.56	264.95	5.1371	0.68604	1.1027	358.79	0.16032	2.5034e-05	0.034227	supercritical
321.00	132.00	163.52	0.0061154	185.33	266.06	5.1405	0.68604	1.1012	359.37	0.15938	2.5074e-05	0.034275	supercritical
322.00	132.00	162.87	0.0061399	186.11	267.16	5.1440	0.68604	1.0998	359.96	0.15844	2.5115e-05	0.034324	supercritical
323.00	132.00	162.22	0.0061644	186.89	268.26	5.1474	0.68605	1.0983	360.55	0.15751	2.5156e-05	0.034373	supercritical
324.00	132.00	161.58	0.0061888	187.66	269.35	5.1508	0.68606	1.0969	361.13	0.15659	2.5197e-05	0.034423	supercritical
325.00	132.00	160.95	0.0062132	188.44	270.45	5.1541	0.68607	1.0956	361.71	0.15567	2.5238e-05	0.034473	supercritical
326.00	132.00	160.32	0.0062375	189.21	271.54	5.1575	0.68609	1.0942	362.29	0.15475	2.5279e-05	0.034523	supercritical
327.00	132.00	159.70	0.0062618	189.98	272.64	5.1608	0.68611	1.0929	362.87	0.15384	2.5321e-05	0.034573	supercritical
328.00	132.00	159.08	0.0062861	190.75	273.73	5.1642	0.68614	1.0916	363.45	0.15293	2.5362e-05	0.034623	supercritical
329.00	132.00	158.47	0.0063104	191.52	274.82	5.1675	0.68617	1.0903	364.02	0.15203	2.5403e-05	0.034674	supercritical
330.00	132.00	157.86	0.0063346	192.30	275.91	5.1708	0.68620	1.0891	364.59	0.15114	2.5445e-05	0.034725	supercritical
331.00	132.00	157.26	0.0063587	193.06	277.00	5.1741	0.68624	1.0878	365.17	0.15025	2.5486e-05	0.034776	supercritical
332.00	132.00	156.67	0.0063829	193.83	278.09	5.1774	0.68628	1.0866	365.74	0.14936	2.5528e-05	0.034827	supercritical
333.00	132.00	156.08	0.0064069	194.60	279.17	5.1806	0.68633	1.0854	366.31	0.14848	2.5570e-05	0.034878	supercritical
334.00	132.00	155.50	0.0064310	195.37	280.26	5.1839	0.68638	1.0842	366.87	0.14760	2.5611e-05	0.034930	supercritical
335.00	132.00	154.92	0.0064550	196.13	281.34	5.1871	0.68643	1.0831	367.44	0.14673	2.5653e-05	0.034982	supercritical
336.00	132.00	154.34	0.0064790	196.90	282.42	5.1904	0.68648	1.0820	368.00	0.14587	2.5695e-05	0.035034	supercritical
337.00	132.00	153.78	0.0065030	197.67	283.51	5.1936	0.68654	1.0809	368.56	0.14500	2.5737e-05	0.035086	supercritical
338.00	132.00	153.21	0.0065269	198.43	284.59	5.1968	0.68660	1.0798	369.12	0.14415	2.5779e-05	0.035138	supercritical
339.00	132.00	152.65	0.0065508	199.19	285.66	5.2000	0.68666	1.0787	369.68	0.14329	2.5821e-05	0.035190	supercritical
340.00	132.00	152.10	0.0065747	199.96	286.74	5.2031	0.68673	1.0776	370.24	0.14245	2.5863e-05	0.035243	supercritical
341.00	132.00	151.55	0.0065985	200.72	287.82	5.2063	0.68680	1.0766	370.80	0.14160	2.5905e-05	0.035296	supercritical
342.00	132.00	151.00	0.0066223	201.48	288.90	5.2095	0.68688	1.0756	371.35	0.14076	2.5947e-05	0.035349	supercritical
343.00	132.00	150.46	0.0066461	202.24	289.97	5.2126	0.68695	1.0746	371.91	0.13993	2.5989e-05	0.035402	supercritical
344.00	132.00	149.93	0.0066699	203.00	291.05	5.2157	0.68703	1.0736	372.46	0.13910	2.6031e-05	0.035455	supercritical
345.00	132.00	149.40	0.0066936	203.76	292.12	5.2188	0.68712	1.0726	373.01	0.13828	2.6074e-05	0.035509	supercritical
346.00	132.00	148.87	0.0067173	204.52	293.19	5.2219	0.68720	1.0717	373.56	0.13745	2.6116e-05	0.035562	supercritical
347.00	132.00	148.35	0.0067409	205.28	294.26	5.2250	0.68729	1.0707	374.10	0.13664	2.6158e-05	0.035616	supercritical
348.00	132.00	147.83	0.0067645	206.04	295.33	5.2281	0.68738	1.0698	374.65	0.13583	2.6200e-05	0.035670	supercritical
349.00	132.00	147.32	0.0067881	206.80	296.40	5.2312	0.68748	1.0689	375.19	0.13502	2.6243e-05	0.035724	supercritical
350.00	132.00	146.81	0.0068117	207.56	297.47	5.2342	0.68757	1.0680	375.74	0.13422	2.6285e-05	0.035778	supercritical
351.00	132.00	146.30	0.0068353	208.31	298.54	5.2373	0.68767	1.0672	376.28	0.13342	2.6328e-05	0.035833	supercritical
352.00	132.00	145.80	0.0068588	209.07	299.60	5.2403	0.68778	1.0663	376.82	0.13263	2.6370e-05	0.035887	supercritical
353.00	132.00	145.30	0.0068823	209.82	300.67	5.2433	0.68788	1.0655	377.36	0.13184	2.6413e-05	0.035942	supercritical
354.00	132.00	144.81	0.0069057	210.58	301.74	5.2464	0.68799	1.0647	377.89	0.13105	2.6455e-05	0.035996	supercritical
355.00	132.00	144.32	0.0069292	211.33	302.80	5.2494	0.68810	1.0638	378.43	0.13027	2.6498e-05	0.036051	supercritical
356.00	132.00	143.83	0.0069526	212.09	303.86	5.2523	0.68822	1.0630	378.96	0.12949	2.6540e-05	0.036106	supercritical
357.00	132.00	143.35	0.0069760	212.84	304.93	5.2553	0.68833	1.0623	379.50	0.12872	2.6583e-05	0.036161	supercritical
358.00	132.00	142.87	0.0069993	213.60	305.99	5.2583	0.68845	1.0615	380.03	0.12795	2.6626e-05	0.036216	supercritical
359.00	132.00	142.40	0.0070227	214.35	307.05	5.2613	0.68857	1.0607	380.56	0.12719	2.6668e-05	0.036272	supercritical
360.00	132.00	141.93	0.0070460	215.10	308.11	5.2642	0.68869	1.0600	381.09	0.12643	2.6711e-05	0.036327	supercritical
361.00	132.00	141.46	0.0070692	215.85	309.17	5.2671	0.68882	1.0593	381.62	0.12567	2.6753e-05	0.036382	supercritical
362.00	132.00	140.99	0.0070925	216.61	310.23	5.2701	0.68895	1.0585	382.14	0.12492	2.6796e-05	0.036438	supercritical
363.00	132.00	140.53	0.0071157	217.36	311.29	5.2730	0.68908	1.0578	382.67	0.12417	2.6839e-05	0.036494	supercritical
364.00	132.00	140.08	0.0071389	218.11	312.34	5.2759	0.68921	1.0571	383.19	0.12343	2.6882e-05	0.036550	supercritical
365.00	132.00	139.62	0.0071621	218.86	313.40	5.2788	0.68935	1.0565	383.72	0.12269	2.6924e-05	0.036606	supercritical
366.00	132.00	139.17	0.0071853	219.61	314.46	5.2817	0.68949	1.0558	384.24	0.12195	2.6967e-05	0.036662	supercritical
367.00	132.00	138.73	0.0072084	220.36	315.51	5.2846	0.68963	1.0551	384.76	0.12122	2.7010e-05	0.036718	supercritical
368.00	132.00	138.28	0.0072315	221.11	316.57	5.2874	0.68977	1.0545	385.28	0.12049	2.7053e-05	0.036774	supercritical
369.00	132.00	137.84	0.0072546	221.86	317.62	5.2903	0.68991	1.0538	385.79	0.11977	2.7095e-05	0.036830	supercritical
370.00	132.00	137.41	0.0072777	222.61	318.67	5.2932	0.69006	1.0532	386.31	0.11905	2.7138e-05	0.036887	supercritical
371.00	132.00	136.97	0.0073007	223.36	319.73	5.2960	0.69021	1.0526	386.82	0.11833	2.7181e-05	0.036943	supercritical
372.00	132.00	136.54	0.0073238	224.11	320.78	5.2988	0.69036	1.0520	387.34	0.11762	2.7224e-05	0.037000	supercritical
373.00	132.00	136.11	0.0073468	224.85	321.83	5.3017	0.69051	1.0514	387.85	0.11691	2.7267e-05	0.037056	supercritical
374.00	132.00	135.69	0.0073698	225.60	322.88	5.3045	0.69067	1.0508	388.36	0.11621	2.7309e-05	0.037113	supercritical
375.00	132.00	135.27	0.0073927	226.35	323.93	5.3073	0.69083	1.0503	388.87	0.11551	2.7352e-05	0.037170	supercritical
376.00	132.00	134.85	0.0074157	227.10	324.98	5.3101	0.69099	1.0497	389.38	0.11481	2.7395e-05	0.037227	supercritical
377.00	132.00	134.43	0.0074386	227.84	326.03	5.3129	0.69115	1.0492	389.89	0.11412	2.7438e-05	0.037284	supercritical
378.00	132.00	134.02	0.0074615	228.59	327.08	5.3156	0.69131	1.0486	390.40	0.11343	2.7481e-05	0.037341	supercritical
379.00	132.00	133.61	0.0074843	229.34	328.13	5.3184	0.69148	1.0481	390.90	0.11274	2.7523e-05	0.037398	supercritical
380.00	132.00	133.21	0.0075072	230.08	329.18	5.3212	0.69165	1.0476	391.40	0.11206	2.7566e-05	0.037455	supercritical
381.00	132.00	132.80	0.0075300	230.83	330.22	5.3239	0.69182	1.0471	391.91	0.11138	2.7609e-05	0.037512	supercritical
382.00	132.00	132.40	0.0075529	231.57	331.27	5.3267	0.69199	1.0466	392.41	0.11070	2.7652e-05	0.037570	supercritical
383.00	132.00	132.00	0.0075756	232.32	332.32	5.3294	0.69216	1.0461	392.91	0.11003	2.7695e-05	0.037627	supercritical
384.00	132.00	131.61	0.0075984	233.06	333.36	5.3321	0.69234	1.0456	393.41	0.10936	2.7738e-05	0.037685	supercritical
385.00	132.00	131.21	0.0076212	233.81	334.41	5.3348	0.69251	1.0451	393.91	0.10870	2.7780e-05	0.037742	supercritical
386.00	132.00	130.82	0.0076439	234.55	335.45	5.3376	0.69269	1.0446	394.41	0.10804	2.7823e-05	0.037800	supercritical
387.00	132.00	130.44	0.0076666	235.30	336.50	5.3403	0.69287	1.0442	394.90	0.10738	2.7866e-05	0.037858	supercritical
388.00	132.00	130.05	0.0076893	236.04	337.54	5.3430	0.69305	1.0437	395.40	0.10673	2.7909e-05	0.037915	supercritical
389.00	132.00	129.67	0.0077120	236.79	338.59	5.3456	0.69324	1.0433	395.89	0.10608	2.7952e-05	0.037973	supercritical
390.00	132.00	129.29	0.0077347	237.53	339.63	5.3483	0.69342	1.0429	396.38	0.10543	2.7995e-05	0.038031	supercritical
391.00	132.00	128.91	0.0077573	238.27	340.67	5.3510	0.69361	1.0424	396.88	0.10478	2.8037e-05	0.038089	supercritical
392.00	132.00	128.54	0.0077799	239.02	341.71	5.3536	0.69380	1.0420	397.37	0.10414	2.8080e-05	0.038147	supercritical
393.00	132.00	128.16	0.0078025	239.76	342.76	5.3563	0.69399	1.0416	397.86	0.10351	2.8123e-05	0.038205	supercritical
394.00	132.00	127.79	0.0078251	240.51	343.80	5.3589	0.69419	1.0412	398.34	0.10287	2.8166e-05	0.038263	supercritical
395.00	132.00	127.43	0.0078477	241.25	344.84	5.3616	0.69438	1.0408	398.83	0.10224	2.8208e-05	0.038321	supercritical
396.00	132.00	127.06	0.0078703	241.99	345.88	5.3642	0.69458	1.0405	399.32	0.10162	2.8251e-05	0.038379	supercritical
397.00	132.00	126.70	0.0078928	242.73	346.92	5.3668	0.69477	1.0401	399.80	0.10099	2.8294e-05	0.038438	supercritical
398.00	132.00	126.34	0.0079153	243.48	347.96	5.3695	0.69497	1.0397	400.29	0.10037	2.8337e-05	0.038496	supercritical
399.00	132.00	125.98	0.0079378	244.22	349.00	5.3721	0.69517	1.0393	400.77	0.099755	2.8379e-05	0.038554	supercritical
400.00	132.00	125.62	0.0079603	244.96	350.04	5.3747	0.69537	1.0390	401.25	0.099140	2.8422e-05	0.038613	supercritical
401.00	132.00	125.27	0.0079828	245.70	351.08	5.3773	0.69558	1.0386	401.73	0.098530	2.8465e-05	0.038671	supercritical
402.00	132.00	124.92	0.0080052	246.45	352.11	5.3798	0.69578	1.0383	402.21	0.097922	2.8508e-05	0.038730	supercritical
403.00	132.00	124.57	0.0080276	247.19	353.15	5.3824	0.69599	1.0380	402.69	0.097317	2.8550e-05	0.038788	supercritical
404.00	132.00	124.22	0.0080501	247.93	354.19	5.3850	0.69620	1.0377	403.17	0.096716	2.8593e-05	0.038847	supercritical
405.00	132.00	123.88	0.0080725	248.67	355.23	5.3876	0.69641	1.0373	403.65	0.096118	2.8636e-05	0.038906	supercritical
406.00	132.00	123.54	0.0080949	249.41	356.27	5.3901	0.69662	1.0370	404.13	0.095522	2.8678e-05	0.038964	supercritical
407.00	132.00	123.19	0.0081172	250.15	357.30	5.3927	0.69683	1.0367	404.60	0.094930	2.8721e-05	0.039023	supercritical
408.00	132.00	122.86	0.0081396	250.90	358.34	5.3952	0.69705	1.0364	405.07	0.094341	2.8764e-05	0.039082	supercritical
409.00	132.00	122.52	0.0081619	251.64	359.38	5.3978	0.69726	1.0361	405.55	0.093755	2.8806e-05	0.039141	supercritical
410.00	132.00	122.19	0.0081842	252.38	360.41	5.4003	0.69748	1.0358	406.02	0.093172	2.8849e-05	0.039199	supercritical
411.00	132.00	121.85	0.0082065	253.12	361.45	5.4028	0.69770	1.0356	406.49	0.092592	2.8891e-05	0.039258	supercritical
412.00	132.00	121.52	0.0082288	253.86	362.48	5.4053	0.69791	1.0353	406.96	0.092015	2.8934e-05	0.039317	supercritical
413.00	132.00	121.20	0.0082511	254.60	363.52	5.4078	0.69813	1.0350	407.43	0.091441	2.8977e-05	0.039376	supercritical
414.00	132.00	120.87	0.0082734	255.34	364.55	5.4103	0.69836	1.0347	407.90	0.090870	2.9019e-05	0.039435	supercritical
415.00	132.00	120.55	0.0082956	256.08	365.59	5.4128	0.69858	1.0345	408.37	0.090302	2.9062e-05	0.039494	supercritical
416.00	132.00	120.22	0.0083179	256.83	366.62	5.4153	0.69880	1.0342	408.83	0.089736	2.9104e-05	0.039553	supercritical
417.00	132.00	119.90	0.0083401	257.57	367.66	5.4178	0.69903	1.0340	409.30	0.089174	2.9147e-05	0.039612	supercritical
418.00	132.00	119.58	0.0083623	258.31	368.69	5.4203	0.69926	1.0338	409.76	0.088614	2.9189e-05	0.039671	supercritical
419.00	132.00	119.27	0.0083845	259.05	369.72	5.4227	0.69948	1.0335	410.23	0.088058	2.9232e-05	0.039731	supercritical
420.00	132.00	118.95	0.0084066	259.79	370.76	5.4252	0.69971	1.0333	410.69	0.087504	2.9274e-05	0.039790	supercritical
421.00	132.00	118.64	0.0084288	260.53	371.79	5.4277	0.69994	1.0331	411.15	0.086953	2.9317e-05	0.039849	supercritical
422.00	132.00	118.33	0.0084510	261.27	372.82	5.4301	0.70017	1.0329	411.61	0.086404	2.9359e-05	0.039908	supercritical
423.00	132.00	118.02	0.0084731	262.01	373.86	5.4326	0.70041	1.0326	412.07	0.085859	2.9401e-05	0.039968	supercritical
424.00	132.00	117.71	0.0084952	262.75	374.89	5.4350	0.70064	1.0324	412.53	0.085316	2.9444e-05	0.040027	supercritical
425.00	132.00	117.41	0.0085173	263.49	375.92	5.4374	0.70088	1.0322	412.99	0.084776	2.9486e-05	0.040086	supercritical
426.00	132.00	117.10	0.0085394	264.23	376.95	5.4399	0.70111	1.0320	413.45	0.084239	2.9529e-05	0.040146	supercritical
427.00	132.00	116.80	0.0085615	264.97	377.98	5.4423	0.70135	1.0318	413.90	0.083704	2.9571e-05	0.040205	supercritical
428.00	132.00	116.50	0.0085836	265.71	379.02	5.4447	0.70159	1.0317	414.36	0.083172	2.9613e-05	0.040265	supercritical
429.00	132.00	116.20	0.0086056	266.45	380.05	5.4471	0.70183	1.0315	414.82	0.082643	2.9656e-05	0.040324	supercritical
430.00	132.00	115.91	0.0086276	267.19	381.08	5.4495	0.70207	1.0313	415.27	0.082117	2.9698e-05	0.040383	supercritical
431.00	132.00	115.61	0.0086497	267.93	382.11	5.4519	0.70231	1.0311	415.72	0.081593	2.9740e-05	0.040443	supercritical
432.00	132.00	115.32	0.0086717	268.67	383.14	5.4543	0.70255	1.0310	416.17	0.081072	2.9782e-05	0.040502	supercritical
433.00	132.00	115.03	0.0086937	269.42	384.17	5.4567	0.70279	1.0308	416.63	0.080553	2.9825e-05	0.040562	supercritical
434.00	132.00	114.74	0.0087157	270.16	385.20	5.4590	0.70304	1.0306	417.08	0.080037	2.9867e-05	0.040622	supercritical
435.00	132.00	114.45	0.0087377	270.90	386.23	5.4614	0.70328	1.0305	417.53	0.079524	2.9909e-05	0.040681	supercritical
436.00	132.00	114.16	0.0087596	271.64	387.26	5.4638	0.70353	1.0303	417.98	0.079013	2.9951e-05	0.040741	supercritical
437.00	132.00	113.87	0.0087816	272.38	388.29	5.4661	0.70377	1.0302	418.42	0.078504	2.9993e-05	0.040800	supercritical
438.00	132.00	113.59	0.0088035	273.12	389.32	5.4685	0.70402	1.0301	418.87	0.077998	3.0035e-05	0.040860	supercritical
439.00	132.00	113.31	0.0088254	273.86	390.35	5.4709	0.70427	1.0299	419.32	0.077495	3.0078e-05	0.040920	supercritical
440.00	132.00	113.03	0.0088474	274.60	391.38	5.4732	0.70452	1.0298	419.76	0.076994	3.0120e-05	0.040979	supercritical
441.00	132.00	112.75	0.0088693	275.34	392.41	5.4755	0.70477	1.0297	420.21	0.076496	3.0162e-05	0.041039	supercritical
442.00	132.00	112.47	0.0088912	276.08	393.44	5.4779	0.70502	1.0295	420.65	0.076000	3.0204e-05	0.041099	supercritical
443.00	132.00	112.20	0.0089130	276.82	394.47	5.4802	0.70527	1.0294	421.10	0.075507	3.0246e-05	0.041159	supercritical
444.00	132.00	111.92	0.0089349	277.56	395.50	5.4825	0.70553	1.0293	421.54	0.075016	3.0288e-05	0.041218	supercritical
445.00	132.00	111.65	0.0089568	278.30	396.53	5.4848	0.70578	1.0292	421.98	0.074527	3.0330e-05	0.041278	supercritical
446.00	132.00	111.38	0.0089786	279.04	397.56	5.4871	0.70604	1.0291	422.42	0.074041	3.0372e-05	0.041338	supercritical
447.00	132.00	111.11	0.0090004	279.78	398.59	5.4894	0.70629	1.0290	422.86	0.073558	3.0414e-05	0.041398	supercritical
448.00	132.00	110.84	0.0090223	280.52	399.62	5.4917	0.70655	1.0289	423.30	0.073076	3.0456e-05	0.041458	supercritical
449.00	132.00	110.57	0.0090441	281.27	400.65	5.4940	0.70680	1.0288	423.74	0.072597	3.0498e-05	0.041518	supercritical
450.00	132.00	110.30	0.0090659	282.01	401.68	5.4963	0.70706	1.0287	424.18	0.072121	3.0539e-05	0.041577	supercritical
451.00	132.00	110.04	0.0090877	282.75	402.70	5.4986	0.70732	1.0286	424.61	0.071646	3.0581e-05	0.041637	supercritical
452.00	132.00	109.78	0.0091094	283.49	403.73	5.5009	0.70758	1.0285	425.05	0.071174	3.0623e-05	0.041697	supercritical
453.00	132.00	109.51	0.0091312	284.23	404.76	5.5032	0.70784	1.0284	425.49	0.070705	3.0665e-05	0.041757	supercritical
454.00	132.00	109.25	0.0091530	284.97	405.79	5.5054	0.70810	1.0284	425.92	0.070237	3.0707e-05	0.041817	supercritical
455.00	132.00	109.00	0.0091747	285.71	406.82	5.5077	0.70836	1.0283	426.35	0.069772	3.0749e-05	0.041877	supercritical
456.00	132.00	108.74	0.0091964	286.45	407.85	5.5099	0.70862	1.0282	426.79	0.069309	3.0790e-05	0.041937	supercritical
457.00	132.00	108.48	0.0092182	287.20	408.87	5.5122	0.70889	1.0282	427.22	0.068849	3.0832e-05	0.041997	supercritical
458.00	132.00	108.23	0.0092399	287.94	409.90	5.5144	0.70915	1.0281	427.65	0.068391	3.0874e-05	0.042057	supercritical
459.00	132.00	107.97	0.0092616	288.68	410.93	5.5167	0.70941	1.0280	428.08	0.067934	3.0915e-05	0.042117	supercritical
460.00	132.00	107.72	0.0092833	289.42	411.96	5.5189	0.70968	1.0280	428.51	0.067481	3.0957e-05	0.042177	supercritical
461.00	132.00	107.47	0.0093050	290.16	412.99	5.5212	0.70994	1.0279	428.94	0.067029	3.0999e-05	0.042237	supercritical
462.00	132.00	107.22	0.0093266	290.90	414.02	5.5234	0.71021	1.0279	429.37	0.066579	3.1040e-05	0.042297	supercritical
463.00	132.00	106.97	0.0093483	291.65	415.04	5.5256	0.71048	1.0278	429.80	0.066132	3.1082e-05	0.042357	supercritical
464.00	132.00	106.72	0.0093700	292.39	416.07	5.5278	0.71074	1.0278	430.23	0.065687	3.1123e-05	0.042417	supercritical
465.00	132.00	106.48	0.0093916	293.13	417.10	5.5300	0.71101	1.0277	430.65	0.065244	3.1165e-05	0.042477	supercritical
466.00	132.00	106.23	0.0094132	293.87	418.13	5.5322	0.71128	1.0277	431.08	0.064803	3.1207e-05	0.042537	supercritical
467.00	132.00	105.99	0.0094349	294.61	419.15	5.5344	0.71155	1.0277	431.51	0.064364	3.1248e-05	0.042597	supercritical
468.00	132.00	105.75	0.0094565	295.36	420.18	5.5366	0.71182	1.0276	431.93	0.063928	3.1290e-05	0.042657	supercritical
469.00	132.00	105.51	0.0094781	296.10	421.21	5.5388	0.71209	1.0276	432.36	0.063493	3.1331e-05	0.042717	supercritical
470.00	132.00	105.27	0.0094997	296.84	422.24	5.5410	0.71236	1.0276	432.78	0.063061	3.1372e-05	0.042777	supercritical
471.00	132.00	105.03	0.0095213	297.58	423.26	5.5432	0.71263	1.0276	433.20	0.062630	3.1414e-05	0.042837	supercritical
472.00	132.00	104.79	0.0095428	298.33	424.29	5.5454	0.71290	1.0275	433.62	0.062202	3.1455e-05	0.042897	supercritical
473.00	132.00	104.55	0.0095644	299.07	425.32	5.5476	0.71317	1.0275	434.04	0.061776	3.1497e-05	0.042957	supercritical
474.00	132.00	104.32	0.0095860	299.81	426.35	5.5497	0.71345	1.0275	434.47	0.061351	3.1538e-05	0.043017	supercritical
475.00	132.00	104.09	0.0096075	300.56	427.37	5.5519	0.71372	1.0275	434.89	0.060929	3.1579e-05	0.043077	supercritical
476.00	132.00	103.85	0.0096291	301.30	428.40	5.5541	0.71399	1.0275	435.30	0.060509	3.1620e-05	0.043138	supercritical
477.00	132.00	103.62	0.0096506	302.04	429.43	5.5562	0.71427	1.0275	435.72	0.060090	3.1662e-05	0.043198	supercritical
478.00	132.00	103.39	0.0096721	302.79	430.46	5.5584	0.71454	1.0275	436.14	0.059674	3.1703e-05	0.043258	supercritical
479.00	132.00	103.16	0.0096936	303.53	431.48	5.5605	0.71481	1.0275	436.56	0.059260	3.1744e-05	0.043318	supercritical
480.00	132.00	102.93	0.0097151	304.27	432.51	5.5627	0.71509	1.0275	436.98	0.058848	3.1785e-05	0.043378	supercritical
481.00	132.00	102.71	0.0097366	305.02	433.54	5.5648	0.71537	1.0275	437.39	0.058437	3.1827e-05	0.043438	supercritical
482.00	132.00	102.48	0.0097581	305.76	434.57	5.5669	0.71564	1.0275	437.81	0.058029	3.1868e-05	0.043498	supercritical
483.00	132.00	102.25	0.0097796	306.50	435.59	5.5691	0.71592	1.0275	438.22	0.057622	3.1909e-05	0.043558	supercritical
484.00	132.00	102.03	0.0098011	307.25	436.62	5.5712	0.71619	1.0275	438.64	0.057218	3.1950e-05	0.043618	supercritical
485.00	132.00	101.81	0.0098225	307.99	437.65	5.5733	0.71647	1.0275	439.05	0.056815	3.1991e-05	0.043679	supercritical
486.00	132.00	101.59	0.0098440	308.74	438.68	5.5754	0.71675	1.0275	439.46	0.056414	3.2032e-05	0.043739	supercritical
487.00	132.00	101.36	0.0098654	309.48	439.70	5.5775	0.71703	1.0276	439.88	0.056015	3.2073e-05	0.043799	supercritical
488.00	132.00	101.14	0.0098868	310.23	440.73	5.5796	0.71731	1.0276	440.29	0.055618	3.2114e-05	0.043859	supercritical
489.00	132.00	100.93	0.0099083	310.97	441.76	5.5817	0.71758	1.0276	440.70	0.055223	3.2155e-05	0.043919	supercritical
490.00	132.00	100.71	0.0099297	311.72	442.79	5.5838	0.71786	1.0276	441.11	0.054830	3.2196e-05	0.043979	supercritical
491.00	132.00	100.49	0.0099511	312.46	443.81	5.5859	0.71814	1.0277	441.52	0.054438	3.2237e-05	0.044039	supercritical
492.00	132.00	100.28	0.0099725	313.21	444.84	5.5880	0.71842	1.0277	441.93	0.054048	3.2278e-05	0.044100	supercritical
493.00	132.00	100.06	0.0099939	313.95	445.87	5.5901	0.71870	1.0277	442.34	0.053661	3.2319e-05	0.044160	supercritical
494.00	132.00	99.847	0.010015	314.70	446.90	5.5922	0.71898	1.0278	442.75	0.053275	3.2360e-05	0.044220	supercritical
495.00	132.00	99.635	0.010037	315.44	447.93	5.5943	0.71926	1.0278	443.15	0.052890	3.2400e-05	0.044280	supercritical
496.00	132.00	99.423	0.010058	316.19	448.95	5.5964	0.71954	1.0278	443.56	0.052508	3.2441e-05	0.044340	supercritical
497.00	132.00	99.212	0.010079	316.93	449.98	5.5984	0.71982	1.0279	443.97	0.052127	3.2482e-05	0.044400	supercritical
498.00	132.00	99.003	0.010101	317.68	451.01	5.6005	0.72011	1.0279	444.37	0.051748	3.2523e-05	0.044460	supercritical
499.00	132.00	98.794	0.010122	318.43	452.04	5.6026	0.72039	1.0280	444.78	0.051371	3.2563e-05	0.044521	supercritical
500.00	132.00	98.586	0.010143	319.17	453.07	5.6046	0.72067	1.0280	445.18	0.050995	3.2604e-05	0.044581	supercritical
501.00	132.00	98.379	0.010165	319.92	454.09	5.6067	0.72095	1.0281	445.59	0.050622	3.2645e-05	0.044641	supercritical
502.00	132.00	98.173	0.010186	320.66	455.12	5.6087	0.72123	1.0281	445.99	0.050250	3.2685e-05	0.044701	supercritical
503.00	132.00	97.968	0.010207	321.41	456.15	5.6108	0.72152	1.0282	446.39	0.049880	3.2726e-05	0.044761	supercritical
504.00	132.00	97.764	0.010229	322.16	457.18	5.6128	0.72180	1.0282	446.79	0.049511	3.2767e-05	0.044821	supercritical
505.00	132.00	97.561	0.010250	322.91	458.21	5.6148	0.72208	1.0283	447.20	0.049144	3.2807e-05	0.044881	supercritical
506.00	132.00	97.359	0.010271	323.65	459.23	5.6169	0.72237	1.0283	447.60	0.048779	3.2848e-05	0.044942	supercritical
507.00	132.00	97.157	0.010293	324.40	460.26	5.6189	0.72265	1.0284	448.00	0.048415	3.2888e-05	0.045002	supercritical
508.00	132.00	96.957	0.010314	325.15	461.29	5.6209	0.72293	1.0284	448.40	0.048053	3.2929e-05	0.045062	supercritical
509.00	132.00	96.757	0.010335	325.90	462.32	5.6230	0.72322	1.0285	448.80	0.047693	3.2969e-05	0.045122	supercritical
510.00	132.00	96.558	0.010356	326.64	463.35	5.6250	0.72350	1.0286	449.20	0.047335	3.3010e-05	0.045182	supercritical
511.00	132.00	96.361	0.010378	327.39	464.38	5.6270	0.72378	1.0286	449.59	0.046978	3.3050e-05	0.045242	supercritical
512.00	132.00	96.164	0.010399	328.14	465.41	5.6290	0.72407	1.0287	449.99	0.046622	3.3091e-05	0.045302	supercritical
513.00	132.00	95.968	0.010420	328.89	466.43	5.6310	0.72435	1.0288	450.39	0.046269	3.3131e-05	0.045362	supercritical
514.00	132.00	95.773	0.010441	329.64	467.46	5.6330	0.72464	1.0289	450.79	0.045917	3.3171e-05	0.045423	supercritical
515.00	132.00	95.578	0.010463	330.38	468.49	5.6350	0.72492	1.0289	451.18	0.045566	3.3212e-05	0.045483	supercritical
516.00	132.00	95.385	0.010484	331.13	469.52	5.6370	0.72521	1.0290	451.58	0.045217	3.3252e-05	0.045543	supercritical
517.00	132.00	95.192	0.010505	331.88	470.55	5.6390	0.72549	1.0291	451.97	0.044870	3.3292e-05	0.045603	supercritical
518.00	132.00	95.000	0.010526	332.63	471.58	5.6410	0.72578	1.0292	452.37	0.044524	3.3333e-05	0.045663	supercritical
519.00	132.00	94.809	0.010547	333.38	472.61	5.6430	0.72606	1.0292	452.76	0.044180	3.3373e-05	0.045723	supercritical
520.00	132.00	94.619	0.010569	334.13	473.64	5.6450	0.72635	1.0293	453.15	0.043837	3.3413e-05	0.045783	supercritical
521.00	132.00	94.430	0.010590	334.88	474.67	5.6469	0.72663	1.0294	453.55	0.043496	3.3453e-05	0.045843	supercritical
522.00	132.00	94.241	0.010611	335.63	475.70	5.6489	0.72692	1.0295	453.94	0.043157	3.3493e-05	0.045903	supercritical
523.00	132.00	94.054	0.010632	336.38	476.73	5.6509	0.72721	1.0296	454.33	0.042819	3.3533e-05	0.045963	supercritical
524.00	132.00	93.867	0.010653	337.13	477.76	5.6528	0.72749	1.0297	454.72	0.042482	3.3574e-05	0.046023	supercritical
525.00	132.00	93.681	0.010675	337.88	478.79	5.6548	0.72778	1.0297	455.11	0.042147	3.3614e-05	0.046083	supercritical
526.00	132.00	93.495	0.010696	338.63	479.81	5.6568	0.72806	1.0298	455.51	0.041813	3.3654e-05	0.046143	supercritical
527.00	132.00	93.311	0.010717	339.38	480.84	5.6587	0.72835	1.0299	455.90	0.041481	3.3694e-05	0.046203	supercritical
528.00	132.00	93.127	0.010738	340.13	481.87	5.6607	0.72863	1.0300	456.28	0.041151	3.3734e-05	0.046264	supercritical
529.00	132.00	92.944	0.010759	340.88	482.90	5.6626	0.72892	1.0301	456.67	0.040822	3.3774e-05	0.046324	supercritical
530.00	132.00	92.762	0.010780	341.64	483.93	5.6646	0.72921	1.0302	457.06	0.040494	3.3814e-05	0.046384	supercritical
531.00	132.00	92.581	0.010801	342.39	484.97	5.6665	0.72949	1.0303	457.45	0.040168	3.3854e-05	0.046444	supercritical
532.00	132.00	92.400	0.010823	343.14	486.00	5.6684	0.72978	1.0304	457.84	0.039843	3.3893e-05	0.046504	supercritical
533.00	132.00	92.220	0.010844	343.89	487.03	5.6704	0.73007	1.0305	458.22	0.039520	3.3933e-05	0.046564	supercritical
534.00	132.00	92.041	0.010865	344.64	488.06	5.6723	0.73035	1.0306	458.61	0.039198	3.3973e-05	0.046624	supercritical
535.00	132.00	91.863	0.010886	345.39	489.09	5.6742	0.73064	1.0307	459.00	0.038878	3.4013e-05	0.046684	supercritical
536.00	132.00	91.685	0.010907	346.15	490.12	5.6762	0.73092	1.0308	459.38	0.038559	3.4053e-05	0.046744	supercritical
537.00	132.00	91.508	0.010928	346.90	491.15	5.6781	0.73121	1.0309	459.77	0.038241	3.4093e-05	0.046804	supercritical
538.00	132.00	91.332	0.010949	347.65	492.18	5.6800	0.73150	1.0310	460.15	0.037925	3.4132e-05	0.046864	supercritical
539.00	132.00	91.156	0.010970	348.40	493.21	5.6819	0.73178	1.0311	460.54	0.037610	3.4172e-05	0.046924	supercritical
540.00	132.00	90.982	0.010991	349.16	494.24	5.6838	0.73207	1.0312	460.92	0.037297	3.4212e-05	0.046984	supercritical
541.00	132.00	90.808	0.011012	349.91	495.27	5.6857	0.73236	1.0314	461.30	0.036985	3.4252e-05	0.047043	supercritical
542.00	132.00	90.634	0.011033	350.66	496.30	5.6876	0.73264	1.0315	461.69	0.036674	3.4291e-05	0.047103	supercritical
543.00	132.00	90.462	0.011054	351.42	497.34	5.6895	0.73293	1.0316	462.07	0.036365	3.4331e-05	0.047163	supercritical
544.00	132.00	90.290	0.011075	352.17	498.37	5.6914	0.73321	1.0317	462.45	0.036057	3.4370e-05	0.047223	supercritical
545.00	132.00	90.119	0.011096	352.93	499.40	5.6933	0.73350	1.0318	462.83	0.035750	3.4410e-05	0.047283	supercritical
546.00	132.00	89.948	0.011118	353.68	500.43	5.6952	0.73379	1.0319	463.21	0.035445	3.4450e-05	0.047343	supercritical
547.00	132.00	89.778	0.011139	354.43	501.46	5.6971	0.73407	1.0320	463.59	0.035141	3.4489e-05	0.047403	supercritical
548.00	132.00	89.609	0.011160	355.19	502.50	5.6990	0.73436	1.0321	463.97	0.034838	3.4529e-05	0.047463	supercritical
549.00	132.00	89.441	0.011181	355.94	503.53	5.7009	0.73464	1.0323	464.35	0.034537	3.4568e-05	0.047523	supercritical
550.00	132.00	89.273	0.011202	356.70	504.56	5.7028	0.73493	1.0324	464.73	0.034237	3.4608e-05	0.047583	supercritical
551.00	132.00	89.106	0.011223	357.45	505.59	5.7046	0.73522	1.0325	465.11	0.033938	3.4647e-05	0.047643	supercritical
552.00	132.00	88.939	0.011244	358.21	506.63	5.7065	0.73550	1.0326	465.49	0.033641	3.4686e-05	0.047702	supercritical
553.00	132.00	88.774	0.011265	358.96	507.66	5.7084	0.73579	1.0328	465.86	0.033345	3.4726e-05	0.047762	supercritical
554.00	132.00	88.608	0.011286	359.72	508.69	5.7103	0.73607	1.0329	466.24	0.033050	3.4765e-05	0.047822	supercritical
555.00	132.00	88.444	0.011307	360.48	509.72	5.7121	0.73636	1.0330	466.62	0.032756	3.4805e-05	0.047882	supercritical
556.00	132.00	88.280	0.011328	361.23	510.76	5.7140	0.73664	1.0331	466.99	0.032464	3.4844e-05	0.047942	supercritical
557.00	132.00	88.117	0.011349	361.99	511.79	5.7158	0.73693	1.0332	467.37	0.032173	3.4883e-05	0.048002	supercritical
558.00	132.00	87.955	0.011370	362.75	512.82	5.7177	0.73721	1.0334	467.75	0.031883	3.4922e-05	0.048061	supercritical
559.00	132.00	87.793	0.011390	363.50	513.86	5.7195	0.73750	1.0335	468.12	0.031595	3.4962e-05	0.048121	supercritical
560.00	132.00	87.631	0.011411	364.26	514.89	5.7214	0.73778	1.0336	468.49	0.031307	3.5001e-05	0.048181	supercritical
561.00	132.00	87.471	0.011432	365.02	515.92	5.7232	0.73807	1.0338	468.87	0.031021	3.5040e-05	0.048241	supercritical
562.00	132.00	87.311	0.011453	365.77	516.96	5.7251	0.73835	1.0339	469.24	0.030736	3.5079e-05	0.048301	supercritical
563.00	132.00	87.151	0.011474	366.53	517.99	5.7269	0.73864	1.0340	469.62	0.030453	3.5118e-05	0.048360	supercritical
564.00	132.00	86.993	0.011495	367.29	519.03	5.7287	0.73892	1.0342	469.99	0.030170	3.5157e-05	0.048420	supercritical
565.00	132.00	86.835	0.011516	368.05	520.06	5.7306	0.73921	1.0343	470.36	0.029889	3.5197e-05	0.048480	supercritical
566.00	132.00	86.677	0.011537	368.80	521.09	5.7324	0.73949	1.0344	470.73	0.029609	3.5236e-05	0.048540	supercritical
567.00	132.00	86.520	0.011558	369.56	522.13	5.7342	0.73977	1.0346	471.10	0.029330	3.5275e-05	0.048599	supercritical
568.00	132.00	86.364	0.011579	370.32	523.16	5.7361	0.74006	1.0347	471.48	0.029053	3.5314e-05	0.048659	supercritical
569.00	132.00	86.208	0.011600	371.08	524.20	5.7379	0.74034	1.0348	471.85	0.028776	3.5353e-05	0.048719	supercritical
570.00	132.00	86.053	0.011621	371.84	525.23	5.7397	0.74063	1.0350	472.22	0.028501	3.5392e-05	0.048778	supercritical
571.00	132.00	85.899	0.011642	372.60	526.27	5.7415	0.74091	1.0351	472.59	0.028227	3.5431e-05	0.048838	supercritical
572.00	132.00	85.745	0.011663	373.36	527.30	5.7433	0.74119	1.0352	472.96	0.027954	3.5470e-05	0.048898	supercritical
573.00	132.00	85.591	0.011683	374.12	528.34	5.7451	0.74148	1.0354	473.32	0.027682	3.5508e-05	0.048958	supercritical
574.00	132.00	85.439	0.011704	374.88	529.37	5.7469	0.74176	1.0355	473.69	0.027411	3.5547e-05	0.049017	supercritical
575.00	132.00	85.286	0.011725	375.64	530.41	5.7487	0.74204	1.0357	474.06	0.027142	3.5586e-05	0.049077	supercritical
576.00	132.00	85.135	0.011746	376.40	531.45	5.7505	0.74232	1.0358	474.43	0.026873	3.5625e-05	0.049136	supercritical
577.00	132.00	84.984	0.011767	377.16	532.48	5.7523	0.74261	1.0359	474.80	0.026606	3.5664e-05	0.049196	supercritical
578.00	132.00	84.833	0.011788	377.92	533.52	5.7541	0.74289	1.0361	475.16	0.026340	3.5703e-05	0.049256	supercritical
579.00	132.00	84.683	0.011809	378.68	534.55	5.7559	0.74317	1.0362	475.53	0.026075	3.5741e-05	0.049315	supercritical
580.00	132.00	84.534	0.011830	379.44	535.59	5.7577	0.74345	1.0364	475.90	0.025811	3.5780e-05	0.049375	supercritical
581.00	132.00	84.385	0.011850	380.20	536.63	5.7595	0.74373	1.0365	476.26	0.025548	3.5819e-05	0.049434	supercritical
582.00	132.00	84.237	0.011871	380.96	537.66	5.7613	0.74402	1.0367	476.63	0.025286	3.5858e-05	0.049494	supercritical
583.00	132.00	84.090	0.011892	381.72	538.70	5.7630	0.74430	1.0368	476.99	0.025025	3.5896e-05	0.049554	supercritical
584.00	132.00	83.942	0.011913	382.49	539.74	5.7648	0.74458	1.0370	477.36	0.024766	3.5935e-05	0.049613	supercritical
585.00	132.00	83.796	0.011934	383.25	540.77	5.7666	0.74486	1.0371	477.72	0.024507	3.5973e-05	0.049673	supercritical
586.00	132.00	83.650	0.011955	384.01	541.81	5.7684	0.74514	1.0373	478.09	0.024250	3.6012e-05	0.049732	supercritical
587.00	132.00	83.504	0.011975	384.77	542.85	5.7701	0.74542	1.0374	478.45	0.023993	3.6051e-05	0.049792	supercritical
588.00	132.00	83.359	0.011996	385.53	543.89	5.7719	0.74570	1.0376	478.81	0.023738	3.6089e-05	0.049851	supercritical
589.00	132.00	83.215	0.012017	386.30	544.92	5.7737	0.74598	1.0377	479.17	0.023484	3.6128e-05	0.049911	supercritical
590.00	132.00	83.071	0.012038	387.06	545.96	5.7754	0.74626	1.0379	479.54	0.023231	3.6166e-05	0.049970	supercritical
591.00	132.00	82.928	0.012059	387.82	547.00	5.7772	0.74654	1.0380	479.90	0.022979	3.6205e-05	0.050030	supercritical
592.00	132.00	82.785	0.012079	388.59	548.04	5.7789	0.74682	1.0382	480.26	0.022727	3.6243e-05	0.050089	supercritical
593.00	132.00	82.643	0.012100	389.35	549.08	5.7807	0.74710	1.0383	480.62	0.022477	3.6281e-05	0.050149	supercritical
594.00	132.00	82.501	0.012121	390.12	550.11	5.7824	0.74738	1.0385	480.98	0.022228	3.6320e-05	0.050208	supercritical
595.00	132.00	82.360	0.012142	390.88	551.15	5.7842	0.74766	1.0386	481.34	0.021980	3.6358e-05	0.050268	supercritical
596.00	132.00	82.219	0.012163	391.64	552.19	5.7859	0.74793	1.0388	481.70	0.021733	3.6397e-05	0.050327	supercritical
597.00	132.00	82.078	0.012183	392.41	553.23	5.7877	0.74821	1.0389	482.06	0.021487	3.6435e-05	0.050386	supercritical
598.00	132.00	81.939	0.012204	393.17	554.27	5.7894	0.74849	1.0391	482.42	0.021242	3.6473e-05	0.050446	supercritical
599.00	132.00	81.799	0.012225	393.94	555.31	5.7912	0.74877	1.0392	482.78	0.020998	3.6512e-05	0.050505	supercritical
600.00	132.00	81.661	0.012246	394.70	556.35	5.7929	0.74905	1.0394	483.14	0.020755	3.6550e-05	0.050564	supercritical
