Temperature (K)	Pressure (bar)	Density (kg/m3)	Volume (m3/kg)	Internal Energy (kJ/kg)	Enthalpy (kJ/kg)	Entropy (J/g*K)	Cv (J/g*K)	Cp (J/g*K)	Sound Spd. (m/s)	Joule-Thomson (K/bar)	Viscosity (Pa*s)	Therm. Cond. (W/m*K)	Phase
60.000	108.00	1294.6	0.00077243	-185.83	-177.48	2.2292	1.0927	1.6514	1156.6	-0.037671	0.00062908	0.19827	liquid
61.000	108.00	1290.4	0.00077495	-184.20	-175.83	2.2565	1.0848	1.6537	1152.7	-0.037512	0.00059950	0.19696	liquid
62.000	108.00	1286.2	0.00077750	-182.57	-174.18	2.2834	1.0777	1.6555	1148.1	-0.037370	0.00057189	0.19564	liquid
63.000	108.00	1281.9	0.00078007	-180.95	-172.52	2.3099	1.0713	1.6568	1142.9	-0.037242	0.00054610	0.19432	liquid
64.000	108.00	1277.7	0.00078267	-179.32	-170.86	2.3360	1.0653	1.6578	1137.3	-0.037125	0.00052201	0.19301	liquid
65.000	108.00	1273.4	0.00078530	-177.69	-169.21	2.3617	1.0596	1.6585	1131.3	-0.037019	0.00049947	0.19169	liquid
66.000	108.00	1269.1	0.00078794	-176.06	-167.55	2.3870	1.0542	1.6588	1125.0	-0.036920	0.00047839	0.19038	liquid
67.000	108.00	1264.8	0.00079061	-174.43	-165.89	2.4120	1.0491	1.6589	1118.5	-0.036827	0.00045864	0.18906	liquid
68.000	108.00	1260.5	0.00079331	-172.80	-164.23	2.4365	1.0441	1.6588	1111.8	-0.036738	0.00044014	0.18775	liquid
69.000	108.00	1256.2	0.00079602	-171.17	-162.57	2.4607	1.0392	1.6585	1105.0	-0.036651	0.00042277	0.18643	liquid
70.000	108.00	1251.9	0.00079876	-169.54	-160.91	2.4846	1.0344	1.6581	1098.1	-0.036566	0.00040647	0.18512	liquid
71.000	108.00	1247.6	0.00080152	-167.91	-159.25	2.5081	1.0297	1.6576	1091.0	-0.036481	0.00039115	0.18380	liquid
72.000	108.00	1243.3	0.00080431	-166.28	-157.60	2.5313	1.0251	1.6570	1083.9	-0.036394	0.00037674	0.18249	liquid
73.000	108.00	1239.0	0.00080711	-164.66	-155.94	2.5542	1.0205	1.6564	1076.8	-0.036305	0.00036316	0.18118	liquid
74.000	108.00	1234.7	0.00080994	-163.03	-154.28	2.5767	1.0160	1.6558	1069.6	-0.036213	0.00035037	0.17986	liquid
75.000	108.00	1230.3	0.00081280	-161.41	-152.63	2.5989	1.0115	1.6551	1062.4	-0.036117	0.00033830	0.17855	liquid
76.000	108.00	1226.0	0.00081568	-159.78	-150.97	2.6208	1.0071	1.6545	1055.1	-0.036017	0.00032691	0.17723	liquid
77.000	108.00	1221.6	0.00081858	-158.16	-149.32	2.6425	1.0027	1.6539	1047.9	-0.035911	0.00031613	0.17592	liquid
78.000	108.00	1217.3	0.00082151	-156.54	-147.67	2.6638	0.99841	1.6534	1040.6	-0.035799	0.00030594	0.17461	liquid
79.000	108.00	1212.9	0.00082447	-154.92	-146.01	2.6848	0.99413	1.6529	1033.3	-0.035681	0.00029628	0.17329	liquid
80.000	108.00	1208.5	0.00082745	-153.30	-144.36	2.7056	0.98990	1.6525	1026.1	-0.035556	0.00028712	0.17198	liquid
81.000	108.00	1204.1	0.00083047	-151.68	-142.71	2.7262	0.98571	1.6522	1018.8	-0.035423	0.00027843	0.17066	liquid
82.000	108.00	1199.7	0.00083351	-150.06	-141.06	2.7464	0.98156	1.6520	1011.5	-0.035283	0.00027018	0.16935	liquid
83.000	108.00	1195.3	0.00083658	-148.44	-139.40	2.7665	0.97747	1.6519	1004.3	-0.035135	0.00026233	0.16803	liquid
84.000	108.00	1190.9	0.00083968	-146.82	-137.75	2.7862	0.97342	1.6518	997.02	-0.034978	0.00025485	0.16671	liquid
85.000	108.00	1186.5	0.00084282	-145.20	-136.10	2.8058	0.96941	1.6519	989.76	-0.034812	0.00024773	0.16539	liquid
86.000	108.00	1182.1	0.00084598	-143.58	-134.45	2.8251	0.96546	1.6521	982.51	-0.034637	0.00024094	0.16408	liquid
87.000	108.00	1177.6	0.00084918	-141.97	-132.80	2.8442	0.96155	1.6525	975.27	-0.034453	0.00023446	0.16276	liquid
88.000	108.00	1173.1	0.00085242	-140.35	-131.14	2.8631	0.95769	1.6529	968.02	-0.034259	0.00022826	0.16144	liquid
89.000	108.00	1168.7	0.00085569	-138.73	-129.49	2.8818	0.95388	1.6535	960.78	-0.034055	0.00022234	0.16011	liquid
90.000	108.00	1164.2	0.00085899	-137.11	-127.84	2.9003	0.95011	1.6542	953.54	-0.033841	0.00021666	0.15879	liquid
91.000	108.00	1159.6	0.00086234	-135.49	-126.18	2.9185	0.94640	1.6550	946.31	-0.033616	0.00021123	0.15747	liquid
92.000	108.00	1155.1	0.00086572	-133.88	-124.53	2.9366	0.94273	1.6559	939.07	-0.033380	0.00020601	0.15615	liquid
93.000	108.00	1150.6	0.00086914	-132.26	-122.87	2.9545	0.93911	1.6570	931.84	-0.033133	0.00020101	0.15482	liquid
94.000	108.00	1146.0	0.00087260	-130.64	-121.21	2.9723	0.93554	1.6582	924.60	-0.032875	0.00019620	0.15350	liquid
95.000	108.00	1141.4	0.00087611	-129.01	-119.55	2.9898	0.93202	1.6595	917.36	-0.032604	0.00019157	0.15217	liquid
96.000	108.00	1136.8	0.00087966	-127.39	-117.89	3.0072	0.92854	1.6610	910.12	-0.032321	0.00018712	0.15084	liquid
97.000	108.00	1132.2	0.00088325	-125.77	-116.23	3.0244	0.92511	1.6626	902.87	-0.032026	0.00018283	0.14951	liquid
98.000	108.00	1127.5	0.00088689	-124.15	-114.57	3.0415	0.92173	1.6644	895.62	-0.031717	0.00017869	0.14819	liquid
99.000	108.00	1122.9	0.00089058	-122.52	-112.90	3.0584	0.91839	1.6663	888.37	-0.031396	0.00017470	0.14686	liquid
100.00	108.00	1118.2	0.00089431	-120.89	-111.23	3.0752	0.91510	1.6683	881.11	-0.031060	0.00017085	0.14553	liquid
101.00	108.00	1113.5	0.00089810	-119.26	-109.57	3.0918	0.91185	1.6705	873.84	-0.030710	0.00016712	0.14420	liquid
102.00	108.00	1108.7	0.00090194	-117.63	-107.89	3.1082	0.90865	1.6729	866.56	-0.030346	0.00016352	0.14286	liquid
103.00	108.00	1104.0	0.00090583	-116.00	-106.22	3.1246	0.90549	1.6753	859.27	-0.029967	0.00016003	0.14153	liquid
104.00	108.00	1099.2	0.00090978	-114.37	-104.54	3.1408	0.90238	1.6780	851.98	-0.029572	0.00015665	0.14020	liquid
105.00	108.00	1094.3	0.00091378	-112.73	-102.86	3.1568	0.89931	1.6808	844.67	-0.029161	0.00015337	0.13887	liquid
106.00	108.00	1089.5	0.00091785	-111.09	-101.18	3.1728	0.89629	1.6838	837.35	-0.028733	0.00015019	0.13753	liquid
107.00	108.00	1084.6	0.00092198	-109.45	-99.496	3.1886	0.89331	1.6869	830.02	-0.028288	0.00014711	0.13620	liquid
108.00	108.00	1079.7	0.00092616	-107.81	-97.807	3.2043	0.89037	1.6902	822.68	-0.027825	0.00014411	0.13487	liquid
109.00	108.00	1074.8	0.00093042	-106.16	-96.116	3.2199	0.88747	1.6936	815.32	-0.027344	0.00014119	0.13353	liquid
110.00	108.00	1069.8	0.00093474	-104.52	-94.420	3.2354	0.88462	1.6973	807.95	-0.026843	0.00013836	0.13220	liquid
111.00	108.00	1064.8	0.00093913	-102.86	-92.721	3.2508	0.88181	1.7011	800.56	-0.026323	0.00013560	0.13087	liquid
112.00	108.00	1059.8	0.00094359	-101.21	-91.018	3.2660	0.87904	1.7051	793.15	-0.025781	0.00013291	0.12954	liquid
113.00	108.00	1054.7	0.00094813	-99.550	-89.311	3.2812	0.87631	1.7093	785.72	-0.025218	0.00013029	0.12821	liquid
114.00	108.00	1049.6	0.00095275	-97.889	-87.599	3.2963	0.87363	1.7137	778.28	-0.024633	0.00012773	0.12689	liquid
115.00	108.00	1044.5	0.00095744	-96.223	-85.883	3.3113	0.87099	1.7183	770.82	-0.024025	0.00012524	0.12556	liquid
116.00	108.00	1039.3	0.00096222	-94.554	-84.162	3.3262	0.86839	1.7232	763.33	-0.023392	0.00012281	0.12423	liquid
117.00	108.00	1034.0	0.00096708	-92.881	-82.437	3.3410	0.86583	1.7282	755.83	-0.022733	0.00012043	0.12291	liquid
118.00	108.00	1028.8	0.00097203	-91.204	-80.706	3.3557	0.86331	1.7335	748.30	-0.022048	0.00011811	0.12158	liquid
119.00	108.00	1023.5	0.00097708	-89.522	-78.970	3.3704	0.86084	1.7390	740.75	-0.021336	0.00011583	0.12026	liquid
120.00	108.00	1018.1	0.00098222	-87.836	-77.228	3.3850	0.85841	1.7448	733.17	-0.020594	0.00011361	0.11894	liquid
121.00	108.00	1012.7	0.00098746	-86.145	-75.480	3.3995	0.85602	1.7508	725.57	-0.019822	0.00011144	0.11761	liquid
122.00	108.00	1007.2	0.00099281	-84.448	-73.726	3.4139	0.85367	1.7571	717.95	-0.019019	0.00010931	0.11629	liquid
123.00	108.00	1001.7	0.00099826	-82.747	-71.966	3.4283	0.85137	1.7637	710.29	-0.018182	0.00010722	0.11497	liquid
124.00	108.00	996.19	0.0010038	-81.040	-70.199	3.4426	0.84912	1.7705	702.61	-0.017310	0.00010518	0.11366	liquid
125.00	108.00	990.58	0.0010095	-79.327	-68.425	3.4568	0.84690	1.7777	694.90	-0.016402	0.00010317	0.11234	liquid
126.00	108.00	984.91	0.0010153	-77.609	-66.643	3.4710	0.84473	1.7852	687.16	-0.015455	0.00010121	0.11103	liquid
127.00	108.00	979.19	0.0010212	-75.884	-64.854	3.4852	0.84261	1.7930	679.38	-0.014468	9.9281e-05	0.10971	liquid
128.00	108.00	973.41	0.0010273	-74.152	-63.057	3.4993	0.84054	1.8012	671.58	-0.013439	9.7388e-05	0.10840	liquid
129.00	108.00	967.57	0.0010335	-72.414	-61.252	3.5133	0.83851	1.8098	663.74	-0.012364	9.5531e-05	0.10710	liquid
130.00	108.00	961.66	0.0010399	-70.668	-59.437	3.5273	0.83653	1.8188	655.87	-0.011242	9.3706e-05	0.10579	liquid
131.00	108.00	955.68	0.0010464	-68.915	-57.614	3.5413	0.83460	1.8282	647.96	-0.010070	9.1914e-05	0.10449	liquid
132.00	108.00	949.63	0.0010530	-67.154	-55.781	3.5552	0.83271	1.8380	640.01	-0.0088461	9.0152e-05	0.10319	liquid
133.00	108.00	943.51	0.0010599	-65.384	-53.938	3.5691	0.83088	1.8483	632.03	-0.0075661	8.8421e-05	0.10189	liquid
134.00	108.00	937.32	0.0010669	-63.606	-52.084	3.5830	0.82911	1.8591	624.01	-0.0062271	8.6718e-05	0.10059	liquid
135.00	108.00	931.04	0.0010741	-61.819	-50.219	3.5969	0.82738	1.8704	615.94	-0.0048257	8.5043e-05	0.099302	liquid
136.00	108.00	924.68	0.0010815	-60.023	-48.343	3.6107	0.82572	1.8822	607.84	-0.0033581	8.3394e-05	0.098013	liquid
137.00	108.00	918.23	0.0010890	-58.216	-46.455	3.6246	0.82411	1.8947	599.69	-0.0018202	8.1772e-05	0.096728	liquid
138.00	108.00	911.70	0.0010969	-56.400	-44.554	3.6384	0.82255	1.9078	591.50	-0.00020768	8.0175e-05	0.095446	liquid
139.00	108.00	905.07	0.0011049	-54.572	-42.639	3.6522	0.82106	1.9215	583.27	0.0014843	7.8602e-05	0.094168	liquid
140.00	108.00	898.34	0.0011132	-52.732	-40.710	3.6660	0.81964	1.9360	574.99	0.0032607	7.7053e-05	0.092894	liquid
141.00	108.00	891.50	0.0011217	-50.881	-38.767	3.6799	0.81827	1.9513	566.66	0.0051273	7.5527e-05	0.091624	liquid
142.00	108.00	884.56	0.0011305	-49.017	-36.807	3.6937	0.81698	1.9673	558.29	0.0070900	7.4022e-05	0.090357	liquid
143.00	108.00	877.51	0.0011396	-47.139	-34.832	3.7076	0.81575	1.9842	549.86	0.0091554	7.2539e-05	0.089095	liquid
144.00	108.00	870.33	0.0011490	-45.248	-32.839	3.7215	0.81460	2.0021	541.39	0.011331	7.1076e-05	0.087838	liquid
145.00	108.00	863.03	0.0011587	-43.341	-30.827	3.7354	0.81352	2.0209	532.87	0.013623	6.9634e-05	0.086584	liquid
146.00	108.00	855.60	0.0011688	-41.419	-28.796	3.7494	0.81253	2.0409	524.29	0.016042	6.8210e-05	0.085335	liquid
147.00	108.00	848.02	0.0011792	-39.481	-26.745	3.7634	0.81161	2.0620	515.67	0.018595	6.6805e-05	0.084091	liquid
148.00	108.00	840.31	0.0011900	-37.525	-24.672	3.7774	0.81078	2.0843	507.00	0.021293	6.5418e-05	0.082852	liquid
149.00	108.00	832.43	0.0012013	-35.550	-22.576	3.7915	0.81004	2.1080	498.28	0.024147	6.4048e-05	0.081618	liquid
150.00	108.00	824.39	0.0012130	-33.556	-20.456	3.8057	0.80940	2.1331	489.51	0.027169	6.2695e-05	0.080388	liquid
151.00	108.00	816.18	0.0012252	-31.542	-18.309	3.8200	0.80885	2.1598	480.69	0.030370	6.1358e-05	0.079164	liquid
152.00	108.00	807.79	0.0012379	-29.505	-16.136	3.8343	0.80840	2.1881	471.83	0.033765	6.0037e-05	0.077944	liquid
153.00	108.00	799.21	0.0012512	-27.446	-13.933	3.8488	0.80805	2.2183	462.93	0.037368	5.8730e-05	0.076730	liquid
154.00	108.00	790.42	0.0012651	-25.362	-11.698	3.8633	0.80782	2.2504	454.00	0.041197	5.7437e-05	0.075521	liquid
155.00	108.00	781.42	0.0012797	-23.252	-9.4312	3.8780	0.80769	2.2846	445.03	0.045268	5.6158e-05	0.074317	supercritical
156.00	108.00	772.19	0.0012950	-21.115	-7.1286	3.8928	0.80768	2.3210	436.04	0.049601	5.4891e-05	0.073118	supercritical
157.00	108.00	762.71	0.0013111	-18.948	-4.7884	3.9078	0.80778	2.3598	427.03	0.054214	5.3637e-05	0.071924	supercritical
158.00	108.00	752.98	0.0013280	-16.751	-2.4080	3.9229	0.80799	2.4013	418.02	0.059132	5.2395e-05	0.070735	supercritical
159.00	108.00	742.99	0.0013459	-14.521	0.015083	3.9382	0.80832	2.4454	409.01	0.064374	5.1164e-05	0.069551	supercritical
160.00	108.00	732.70	0.0013648	-12.256	2.4838	3.9536	0.80875	2.4924	400.03	0.069967	4.9944e-05	0.068372	supercritical
161.00	108.00	722.12	0.0013848	-9.9550	5.0009	3.9693	0.80929	2.5424	391.08	0.075933	4.8735e-05	0.067197	supercritical
162.00	108.00	711.22	0.0014060	-7.6155	7.5696	3.9852	0.80993	2.5955	382.18	0.082298	4.7535e-05	0.066027	supercritical
163.00	108.00	699.99	0.0014286	-5.2358	10.193	4.0014	0.81065	2.6515	373.36	0.089084	4.6345e-05	0.064860	supercritical
164.00	108.00	688.43	0.0014526	-2.8142	12.874	4.0178	0.81144	2.7105	364.64	0.096313	4.5164e-05	0.063698	supercritical
165.00	108.00	676.51	0.0014782	-0.34949	15.615	4.0344	0.81228	2.7721	356.06	0.10400	4.3994e-05	0.062538	supercritical
166.00	108.00	664.23	0.0015055	2.1593	18.419	4.0514	0.81316	2.8359	347.63	0.11217	4.2834e-05	0.061382	supercritical
167.00	108.00	651.60	0.0015347	4.7125	21.287	4.0686	0.81405	2.9011	339.41	0.12081	4.1684e-05	0.060228	supercritical
168.00	108.00	638.61	0.0015659	7.3094	24.221	4.0861	0.81492	2.9668	331.42	0.12992	4.0547e-05	0.059077	supercritical
169.00	108.00	625.29	0.0015993	9.9484	27.220	4.1039	0.81575	3.0317	323.72	0.13949	3.9425e-05	0.057928	supercritical
170.00	108.00	611.65	0.0016349	12.627	30.284	4.1220	0.81651	3.0944	316.34	0.14950	3.8318e-05	0.056781	supercritical
171.00	108.00	597.75	0.0016730	15.340	33.408	4.1403	0.81716	3.1531	309.32	0.15990	3.7231e-05	0.055637	supercritical
172.00	108.00	583.61	0.0017135	18.083	36.588	4.1589	0.81766	3.2060	302.70	0.17063	3.6166e-05	0.054497	supercritical
173.00	108.00	569.32	0.0017565	20.847	39.817	4.1776	0.81799	3.2511	296.53	0.18164	3.5127e-05	0.053361	supercritical
174.00	108.00	554.93	0.0018020	23.625	43.087	4.1964	0.81810	3.2866	290.82	0.19283	3.4118e-05	0.052232	supercritical
175.00	108.00	540.53	0.0018500	26.406	46.387	4.2153	0.81795	3.3107	285.60	0.20411	3.3144e-05	0.051111	supercritical
176.00	108.00	526.22	0.0019004	29.180	49.704	4.2342	0.81752	3.3221	280.89	0.21536	3.2207e-05	0.050003	supercritical
177.00	108.00	512.07	0.0019529	31.936	53.026	4.2531	0.81678	3.3197	276.69	0.22647	3.1313e-05	0.048911	supercritical
178.00	108.00	498.18	0.0020073	34.660	56.339	4.2717	0.81571	3.3033	272.99	0.23730	3.0464e-05	0.047839	supercritical
179.00	108.00	484.64	0.0020634	37.344	59.628	4.2901	0.81432	3.2731	269.78	0.24775	2.9663e-05	0.046792	supercritical
180.00	108.00	471.51	0.0021208	39.976	62.881	4.3083	0.81261	3.2302	267.05	0.25770	2.8912e-05	0.045775	supercritical
181.00	108.00	458.86	0.0021793	42.548	66.085	4.3260	0.81060	3.1765	264.76	0.26708	2.8212e-05	0.044793	supercritical
182.00	108.00	446.72	0.0022386	45.055	69.231	4.3433	0.80833	3.1140	262.87	0.27581	2.7563e-05	0.043849	supercritical
183.00	108.00	435.12	0.0022982	47.490	72.311	4.3602	0.80583	3.0449	261.36	0.28387	2.6963e-05	0.042948	supercritical
184.00	108.00	424.08	0.0023581	49.852	75.319	4.3766	0.80314	2.9716	260.17	0.29123	2.6411e-05	0.042092	supercritical
185.00	108.00	413.59	0.0024179	52.140	78.253	4.3925	0.80030	2.8960	259.28	0.29792	2.5905e-05	0.041282	supercritical
186.00	108.00	403.65	0.0024774	54.355	81.111	4.4079	0.79735	2.8196	258.63	0.30394	2.5441e-05	0.040517	supercritical
187.00	108.00	394.23	0.0025366	56.497	83.893	4.4228	0.79431	2.7439	258.22	0.30933	2.5017e-05	0.039799	supercritical
188.00	108.00	385.31	0.0025953	58.570	86.599	4.4373	0.79123	2.6698	257.99	0.31412	2.4630e-05	0.039126	supercritical
189.00	108.00	376.87	0.0026534	60.576	89.233	4.4513	0.78812	2.5979	257.92	0.31835	2.4276e-05	0.038495	supercritical
190.00	108.00	368.89	0.0027109	62.519	91.796	4.4648	0.78500	2.5288	258.00	0.32206	2.3954e-05	0.037906	supercritical
191.00	108.00	361.32	0.0027677	64.401	94.292	4.4779	0.78191	2.4627	258.20	0.32528	2.3660e-05	0.037355	supercritical
192.00	108.00	354.14	0.0028237	66.226	96.723	4.4906	0.77885	2.3998	258.51	0.32807	2.3392e-05	0.036841	supercritical
193.00	108.00	347.33	0.0028791	67.998	99.092	4.5029	0.77582	2.3401	258.90	0.33044	2.3147e-05	0.036362	supercritical
194.00	108.00	340.87	0.0029337	69.720	101.40	4.5148	0.77286	2.2835	259.37	0.33244	2.2924e-05	0.035915	supercritical
195.00	108.00	334.72	0.0029876	71.394	103.66	4.5264	0.76995	2.2299	259.91	0.33410	2.2720e-05	0.035497	supercritical
196.00	108.00	328.87	0.0030408	73.025	105.86	4.5377	0.76711	2.1794	260.50	0.33544	2.2534e-05	0.035108	supercritical
197.00	108.00	323.29	0.0030932	74.613	108.02	4.5487	0.76433	2.1316	261.14	0.33650	2.2365e-05	0.034745	supercritical
198.00	108.00	317.97	0.0031450	76.163	110.13	4.5594	0.76163	2.0865	261.82	0.33730	2.2210e-05	0.034406	supercritical
199.00	108.00	312.88	0.0031961	77.676	112.19	4.5698	0.75901	2.0439	262.54	0.33786	2.2069e-05	0.034089	supercritical
200.00	108.00	308.02	0.0032465	79.155	114.22	4.5799	0.75646	2.0036	263.28	0.33820	2.1940e-05	0.033793	supercritical
201.00	108.00	303.37	0.0032963	80.602	116.20	4.5898	0.75398	1.9656	264.06	0.33834	2.1823e-05	0.033517	supercritical
202.00	108.00	298.91	0.0033455	82.018	118.15	4.5995	0.75158	1.9297	264.85	0.33831	2.1716e-05	0.033259	supercritical
203.00	108.00	294.63	0.0033941	83.406	120.06	4.6089	0.74926	1.8957	265.66	0.33810	2.1619e-05	0.033018	supercritical
204.00	108.00	290.52	0.0034421	84.767	121.94	4.6181	0.74700	1.8635	266.49	0.33775	2.1531e-05	0.032793	supercritical
205.00	108.00	286.57	0.0034895	86.102	123.79	4.6272	0.74482	1.8330	267.33	0.33726	2.1451e-05	0.032582	supercritical
206.00	108.00	282.77	0.0035364	87.414	125.61	4.6360	0.74271	1.8041	268.19	0.33664	2.1378e-05	0.032385	supercritical
207.00	108.00	279.11	0.0035828	88.703	127.40	4.6447	0.74067	1.7767	269.05	0.33591	2.1312e-05	0.032201	supercritical
208.00	108.00	275.58	0.0036287	89.971	129.16	4.6532	0.73870	1.7506	269.92	0.33508	2.1253e-05	0.032029	supercritical
209.00	108.00	272.17	0.0036741	91.219	130.90	4.6615	0.73679	1.7258	270.80	0.33415	2.1200e-05	0.031868	supercritical
210.00	108.00	268.88	0.0037191	92.448	132.61	4.6697	0.73495	1.7023	271.68	0.33314	2.1152e-05	0.031718	supercritical
211.00	108.00	265.70	0.0037636	93.658	134.30	4.6777	0.73316	1.6799	272.56	0.33205	2.1110e-05	0.031578	supercritical
212.00	108.00	262.63	0.0038076	94.851	135.97	4.6856	0.73144	1.6585	273.45	0.33089	2.1072e-05	0.031447	supercritical
213.00	108.00	259.65	0.0038513	96.028	137.62	4.6934	0.72977	1.6381	274.34	0.32966	2.1039e-05	0.031324	supercritical
214.00	108.00	256.77	0.0038945	97.190	139.25	4.7010	0.72815	1.6187	275.23	0.32838	2.1010e-05	0.031210	supercritical
215.00	108.00	253.98	0.0039374	98.336	140.86	4.7085	0.72660	1.6001	276.12	0.32705	2.0985e-05	0.031103	supercritical
216.00	108.00	251.27	0.0039798	99.469	142.45	4.7159	0.72509	1.5824	277.01	0.32566	2.0964e-05	0.031004	supercritical
217.00	108.00	248.64	0.0040219	100.59	144.02	4.7232	0.72363	1.5654	277.90	0.32424	2.0946e-05	0.030912	supercritical
218.00	108.00	246.08	0.0040637	101.69	145.58	4.7303	0.72222	1.5492	278.79	0.32277	2.0931e-05	0.030826	supercritical
219.00	108.00	243.60	0.0041051	102.79	147.12	4.7374	0.72086	1.5336	279.68	0.32127	2.0919e-05	0.030746	supercritical
220.00	108.00	241.19	0.0041462	103.87	148.65	4.7443	0.71954	1.5187	280.57	0.31974	2.0910e-05	0.030672	supercritical
221.00	108.00	238.84	0.0041869	104.94	150.16	4.7512	0.71826	1.5044	281.45	0.31818	2.0904e-05	0.030604	supercritical
222.00	108.00	236.55	0.0042274	106.00	151.66	4.7580	0.71703	1.4907	282.34	0.31660	2.0900e-05	0.030540	supercritical
223.00	108.00	234.33	0.0042675	107.05	153.14	4.7646	0.71583	1.4775	283.22	0.31499	2.0899e-05	0.030482	supercritical
224.00	108.00	232.16	0.0043074	108.09	154.61	4.7712	0.71468	1.4648	284.10	0.31337	2.0899e-05	0.030428	supercritical
225.00	108.00	230.05	0.0043470	109.12	156.07	4.7777	0.71356	1.4526	284.97	0.31173	2.0902e-05	0.030379	supercritical
226.00	108.00	227.98	0.0043863	110.15	157.52	4.7841	0.71247	1.4409	285.84	0.31007	2.0907e-05	0.030334	supercritical
227.00	108.00	225.97	0.0044253	111.16	158.95	4.7905	0.71142	1.4296	286.71	0.30840	2.0914e-05	0.030293	supercritical
228.00	108.00	224.01	0.0044641	112.17	160.38	4.7967	0.71041	1.4187	287.58	0.30672	2.0923e-05	0.030255	supercritical
229.00	108.00	222.09	0.0045027	113.16	161.79	4.8029	0.70943	1.4082	288.44	0.30503	2.0933e-05	0.030222	supercritical
230.00	108.00	220.22	0.0045410	114.15	163.19	4.8090	0.70847	1.3981	289.30	0.30333	2.0945e-05	0.030191	supercritical
231.00	108.00	218.39	0.0045790	115.13	164.59	4.8151	0.70755	1.3884	290.15	0.30163	2.0958e-05	0.030164	supercritical
232.00	108.00	216.60	0.0046169	116.11	165.97	4.8210	0.70666	1.3789	291.00	0.29992	2.0973e-05	0.030141	supercritical
233.00	108.00	214.85	0.0046545	117.08	167.35	4.8270	0.70579	1.3698	291.85	0.29821	2.0989e-05	0.030120	supercritical
234.00	108.00	213.13	0.0046919	118.04	168.71	4.8328	0.70495	1.3611	292.69	0.29650	2.1006e-05	0.030102	supercritical
235.00	108.00	211.46	0.0047291	118.99	170.07	4.8386	0.70414	1.3526	293.53	0.29478	2.1025e-05	0.030087	supercritical
236.00	108.00	209.82	0.0047661	119.94	171.42	4.8443	0.70335	1.3443	294.37	0.29306	2.1045e-05	0.030074	supercritical
237.00	108.00	208.21	0.0048029	120.89	172.76	4.8500	0.70259	1.3364	295.20	0.29135	2.1066e-05	0.030064	supercritical
238.00	108.00	206.63	0.0048395	121.82	174.09	4.8556	0.70185	1.3287	296.03	0.28963	2.1088e-05	0.030056	supercritical
239.00	108.00	205.09	0.0048759	122.75	175.41	4.8611	0.70113	1.3212	296.86	0.28792	2.1111e-05	0.030051	supercritical
240.00	108.00	203.58	0.0049121	123.68	176.73	4.8666	0.70044	1.3140	297.68	0.28621	2.1135e-05	0.030047	supercritical
241.00	108.00	202.10	0.0049481	124.60	178.04	4.8721	0.69976	1.3070	298.50	0.28450	2.1160e-05	0.030046	supercritical
242.00	108.00	200.64	0.0049840	125.52	179.35	4.8775	0.69911	1.3002	299.31	0.28279	2.1185e-05	0.030047	supercritical
243.00	108.00	199.21	0.0050197	126.43	180.64	4.8828	0.69848	1.2936	300.12	0.28110	2.1212e-05	0.030050	supercritical
244.00	108.00	197.81	0.0050553	127.34	181.93	4.8881	0.69786	1.2872	300.93	0.27940	2.1239e-05	0.030054	supercritical
245.00	108.00	196.44	0.0050906	128.24	183.22	4.8934	0.69727	1.2810	301.74	0.27771	2.1267e-05	0.030061	supercritical
246.00	108.00	195.09	0.0051259	129.14	184.50	4.8986	0.69669	1.2750	302.53	0.27603	2.1296e-05	0.030069	supercritical
247.00	108.00	193.76	0.0051609	130.03	185.77	4.9038	0.69613	1.2692	303.33	0.27435	2.1326e-05	0.030079	supercritical
248.00	108.00	192.46	0.0051958	130.92	187.03	4.9089	0.69559	1.2635	304.12	0.27268	2.1356e-05	0.030090	supercritical
249.00	108.00	191.18	0.0052306	131.80	188.29	4.9139	0.69506	1.2579	304.91	0.27101	2.1387e-05	0.030103	supercritical
250.00	108.00	189.92	0.0052652	132.69	189.55	4.9190	0.69455	1.2526	305.70	0.26936	2.1418e-05	0.030117	supercritical
251.00	108.00	188.69	0.0052997	133.56	190.80	4.9240	0.69406	1.2473	306.48	0.26771	2.1450e-05	0.030133	supercritical
252.00	108.00	187.47	0.0053341	134.44	192.04	4.9289	0.69358	1.2423	307.26	0.26607	2.1483e-05	0.030150	supercritical
253.00	108.00	186.28	0.0053683	135.31	193.28	4.9338	0.69311	1.2373	308.03	0.26443	2.1516e-05	0.030168	supercritical
254.00	108.00	185.10	0.0054024	136.17	194.52	4.9387	0.69266	1.2325	308.80	0.26280	2.1550e-05	0.030188	supercritical
255.00	108.00	183.95	0.0054363	137.04	195.75	4.9435	0.69222	1.2278	309.57	0.26119	2.1584e-05	0.030209	supercritical
256.00	108.00	182.81	0.0054702	137.90	196.97	4.9483	0.69180	1.2232	310.33	0.25958	2.1618e-05	0.030231	supercritical
257.00	108.00	181.69	0.0055039	138.75	198.20	4.9531	0.69139	1.2188	311.09	0.25797	2.1653e-05	0.030254	supercritical
258.00	108.00	180.59	0.0055375	139.61	199.41	4.9578	0.69099	1.2145	311.85	0.25638	2.1689e-05	0.030278	supercritical
259.00	108.00	179.50	0.0055709	140.46	200.62	4.9625	0.69061	1.2102	312.60	0.25480	2.1725e-05	0.030304	supercritical
260.00	108.00	178.43	0.0056043	141.31	201.83	4.9672	0.69023	1.2061	313.35	0.25322	2.1761e-05	0.030330	supercritical
261.00	108.00	177.38	0.0056375	142.15	203.04	4.9718	0.68987	1.2021	314.10	0.25165	2.1798e-05	0.030357	supercritical
262.00	108.00	176.35	0.0056707	142.99	204.24	4.9764	0.68952	1.1982	314.85	0.25010	2.1835e-05	0.030385	supercritical
263.00	108.00	175.32	0.0057037	143.83	205.43	4.9809	0.68918	1.1943	315.59	0.24855	2.1872e-05	0.030415	supercritical
264.00	108.00	174.32	0.0057366	144.67	206.63	4.9855	0.68885	1.1906	316.32	0.24701	2.1910e-05	0.030445	supercritical
265.00	108.00	173.33	0.0057694	145.50	207.81	4.9900	0.68853	1.1870	317.06	0.24548	2.1948e-05	0.030476	supercritical
266.00	108.00	172.35	0.0058022	146.34	209.00	4.9944	0.68823	1.1834	317.79	0.24395	2.1986e-05	0.030507	supercritical
267.00	108.00	171.39	0.0058348	147.17	210.18	4.9988	0.68793	1.1799	318.52	0.24244	2.2025e-05	0.030540	supercritical
268.00	108.00	170.44	0.0058673	147.99	211.36	5.0033	0.68764	1.1766	319.24	0.24094	2.2064e-05	0.030573	supercritical
269.00	108.00	169.50	0.0058997	148.82	212.53	5.0076	0.68736	1.1732	319.96	0.23945	2.2103e-05	0.030607	supercritical
270.00	108.00	168.58	0.0059320	149.64	213.71	5.0120	0.68710	1.1700	320.68	0.23796	2.2142e-05	0.030642	supercritical
271.00	108.00	167.66	0.0059643	150.46	214.87	5.0163	0.68684	1.1668	321.40	0.23649	2.2182e-05	0.030678	supercritical
272.00	108.00	166.77	0.0059964	151.28	216.04	5.0206	0.68659	1.1638	322.11	0.23502	2.2222e-05	0.030714	supercritical
273.00	108.00	165.88	0.0060285	152.09	217.20	5.0249	0.68634	1.1607	322.82	0.23356	2.2262e-05	0.030751	supercritical
274.00	108.00	165.00	0.0060605	152.91	218.36	5.0291	0.68611	1.1578	323.53	0.23211	2.2303e-05	0.030788	supercritical
275.00	108.00	164.14	0.0060923	153.72	219.52	5.0333	0.68589	1.1549	324.23	0.23068	2.2343e-05	0.030826	supercritical
276.00	108.00	163.29	0.0061241	154.53	220.67	5.0375	0.68567	1.1521	324.93	0.22925	2.2384e-05	0.030865	supercritical
277.00	108.00	162.45	0.0061559	155.34	221.82	5.0417	0.68546	1.1493	325.63	0.22783	2.2425e-05	0.030904	supercritical
278.00	108.00	161.62	0.0061875	156.14	222.97	5.0458	0.68526	1.1466	326.33	0.22642	2.2466e-05	0.030944	supercritical
279.00	108.00	160.80	0.0062191	156.95	224.11	5.0499	0.68507	1.1440	327.02	0.22501	2.2508e-05	0.030984	supercritical
280.00	108.00	159.99	0.0062505	157.75	225.26	5.0540	0.68488	1.1414	327.71	0.22362	2.2549e-05	0.031025	supercritical
281.00	108.00	159.19	0.0062819	158.55	226.40	5.0581	0.68470	1.1388	328.40	0.22224	2.2591e-05	0.031067	supercritical
282.00	108.00	158.40	0.0063133	159.35	227.54	5.0621	0.68453	1.1364	329.08	0.22086	2.2633e-05	0.031109	supercritical
283.00	108.00	157.62	0.0063445	160.15	228.67	5.0661	0.68437	1.1339	329.76	0.21950	2.2675e-05	0.031151	supercritical
284.00	108.00	156.85	0.0063757	160.95	229.80	5.0701	0.68421	1.1315	330.44	0.21814	2.2717e-05	0.031194	supercritical
285.00	108.00	156.08	0.0064068	161.74	230.93	5.0741	0.68406	1.1292	331.12	0.21679	2.2760e-05	0.031237	supercritical
286.00	108.00	155.33	0.0064378	162.53	232.06	5.0780	0.68391	1.1269	331.79	0.21545	2.2802e-05	0.031281	supercritical
287.00	108.00	154.59	0.0064688	163.32	233.19	5.0820	0.68378	1.1247	332.47	0.21412	2.2845e-05	0.031325	supercritical
288.00	108.00	153.85	0.0064997	164.11	234.31	5.0859	0.68364	1.1225	333.13	0.21280	2.2888e-05	0.031370	supercritical
289.00	108.00	153.13	0.0065305	164.90	235.43	5.0898	0.68352	1.1204	333.80	0.21148	2.2931e-05	0.031415	supercritical
290.00	108.00	152.41	0.0065613	165.69	236.55	5.0936	0.68340	1.1183	334.46	0.21018	2.2974e-05	0.031460	supercritical
291.00	108.00	151.70	0.0065920	166.48	237.67	5.0975	0.68329	1.1162	335.13	0.20888	2.3017e-05	0.031506	supercritical
292.00	108.00	151.00	0.0066226	167.26	238.78	5.1013	0.68318	1.1142	335.78	0.20760	2.3060e-05	0.031552	supercritical
293.00	108.00	150.30	0.0066532	168.04	239.90	5.1051	0.68308	1.1122	336.44	0.20632	2.3104e-05	0.031598	supercritical
294.00	108.00	149.62	0.0066837	168.82	241.01	5.1089	0.68298	1.1103	337.10	0.20505	2.3147e-05	0.031645	supercritical
295.00	108.00	148.94	0.0067141	169.61	242.12	5.1127	0.68289	1.1084	337.75	0.20378	2.3191e-05	0.031692	supercritical
296.00	108.00	148.27	0.0067445	170.38	243.23	5.1164	0.68281	1.1065	338.40	0.20253	2.3234e-05	0.031739	supercritical
297.00	108.00	147.60	0.0067748	171.16	244.33	5.1201	0.68273	1.1047	339.04	0.20128	2.3278e-05	0.031787	supercritical
298.00	108.00	146.95	0.0068051	171.94	245.43	5.1238	0.68266	1.1029	339.69	0.20005	2.3322e-05	0.031835	supercritical
299.00	108.00	146.30	0.0068353	172.72	246.54	5.1275	0.68259	1.1012	340.33	0.19882	2.3366e-05	0.031883	supercritical
300.00	108.00	145.66	0.0068655	173.49	247.64	5.1312	0.68252	1.0994	340.97	0.19759	2.3410e-05	0.031931	supercritical
301.00	108.00	145.02	0.0068956	174.26	248.74	5.1349	0.68246	1.0978	341.61	0.19638	2.3454e-05	0.031980	supercritical
302.00	108.00	144.39	0.0069256	175.04	249.83	5.1385	0.68241	1.0961	342.24	0.19518	2.3498e-05	0.032028	supercritical
303.00	108.00	143.77	0.0069556	175.81	250.93	5.1421	0.68236	1.0945	342.88	0.19398	2.3542e-05	0.032077	supercritical
304.00	108.00	143.15	0.0069855	176.58	252.02	5.1457	0.68232	1.0929	343.51	0.19279	2.3587e-05	0.032126	supercritical
305.00	108.00	142.54	0.0070154	177.35	253.11	5.1493	0.68228	1.0913	344.14	0.19161	2.3631e-05	0.032175	supercritical
306.00	108.00	141.94	0.0070453	178.12	254.20	5.1529	0.68225	1.0898	344.76	0.19043	2.3676e-05	0.032223	supercritical
307.00	108.00	141.34	0.0070750	178.88	255.29	5.1564	0.68222	1.0883	345.39	0.18926	2.3720e-05	0.032271	supercritical
308.00	108.00	140.75	0.0071048	179.65	256.38	5.1600	0.68219	1.0868	346.01	0.18810	2.3765e-05	0.032319	supercritical
309.00	108.00	140.17	0.0071344	180.42	257.47	5.1635	0.68217	1.0854	346.63	0.18695	2.3809e-05	0.032362	supercritical
310.00	108.00	139.59	0.0071641	181.18	258.55	5.1670	0.68215	1.0839	347.25	0.18581	2.3854e-05	0.032410	supercritical
311.00	108.00	139.01	0.0071937	181.94	259.63	5.1705	0.68214	1.0825	347.87	0.18467	2.3898e-05	0.032464	supercritical
312.00	108.00	138.44	0.0072232	182.71	260.72	5.1740	0.68213	1.0812	348.48	0.18354	2.3943e-05	0.032519	supercritical
313.00	108.00	137.88	0.0072527	183.47	261.80	5.1774	0.68213	1.0798	349.09	0.18242	2.3988e-05	0.032573	supercritical
314.00	108.00	137.32	0.0072821	184.23	262.88	5.1809	0.68213	1.0785	349.70	0.18131	2.4033e-05	0.032628	supercritical
315.00	108.00	136.77	0.0073115	184.99	263.95	5.1843	0.68213	1.0772	350.31	0.18020	2.4078e-05	0.032683	supercritical
316.00	108.00	136.22	0.0073409	185.75	265.03	5.1877	0.68214	1.0759	350.92	0.17910	2.4123e-05	0.032739	supercritical
317.00	108.00	135.68	0.0073702	186.51	266.11	5.1911	0.68215	1.0747	351.52	0.17800	2.4168e-05	0.032794	supercritical
318.00	108.00	135.15	0.0073994	187.27	267.18	5.1945	0.68217	1.0735	352.12	0.17692	2.4213e-05	0.032850	supercritical
319.00	108.00	134.61	0.0074287	188.02	268.25	5.1978	0.68219	1.0723	352.72	0.17584	2.4258e-05	0.032906	supercritical
320.00	108.00	134.09	0.0074578	188.78	269.32	5.2012	0.68222	1.0711	353.32	0.17476	2.4303e-05	0.032962	supercritical
321.00	108.00	133.57	0.0074870	189.54	270.40	5.2045	0.68224	1.0699	353.92	0.17370	2.4348e-05	0.033018	supercritical
322.00	108.00	133.05	0.0075161	190.29	271.46	5.2079	0.68227	1.0688	354.51	0.17264	2.4393e-05	0.033074	supercritical
323.00	108.00	132.54	0.0075451	191.05	272.53	5.2112	0.68231	1.0677	355.10	0.17159	2.4438e-05	0.033130	supercritical
324.00	108.00	132.03	0.0075741	191.80	273.60	5.2145	0.68235	1.0666	355.69	0.17054	2.4483e-05	0.033187	supercritical
325.00	108.00	131.53	0.0076031	192.55	274.67	5.2178	0.68239	1.0655	356.28	0.16950	2.4528e-05	0.033244	supercritical
326.00	108.00	131.03	0.0076320	193.30	275.73	5.2210	0.68244	1.0644	356.87	0.16847	2.4573e-05	0.033300	supercritical
327.00	108.00	130.53	0.0076609	194.06	276.79	5.2243	0.68248	1.0634	357.46	0.16744	2.4618e-05	0.033357	supercritical
328.00	108.00	130.04	0.0076898	194.81	277.86	5.2275	0.68254	1.0624	358.04	0.16642	2.4664e-05	0.033414	supercritical
329.00	108.00	129.56	0.0077186	195.56	278.92	5.2308	0.68259	1.0614	358.62	0.16541	2.4709e-05	0.033472	supercritical
330.00	108.00	129.08	0.0077474	196.31	279.98	5.2340	0.68265	1.0604	359.20	0.16440	2.4754e-05	0.033529	supercritical
331.00	108.00	128.60	0.0077761	197.06	281.04	5.2372	0.68271	1.0594	359.78	0.16340	2.4799e-05	0.033586	supercritical
332.00	108.00	128.13	0.0078048	197.81	282.10	5.2404	0.68278	1.0585	360.36	0.16241	2.4845e-05	0.033644	supercritical
333.00	108.00	127.66	0.0078335	198.56	283.16	5.2436	0.68285	1.0575	360.93	0.16142	2.4890e-05	0.033702	supercritical
334.00	108.00	127.19	0.0078621	199.30	284.21	5.2467	0.68292	1.0566	361.50	0.16044	2.4935e-05	0.033759	supercritical
335.00	108.00	126.73	0.0078907	200.05	285.27	5.2499	0.68300	1.0557	362.08	0.15946	2.4981e-05	0.033817	supercritical
336.00	108.00	126.27	0.0079193	200.80	286.33	5.2530	0.68307	1.0548	362.65	0.15849	2.5026e-05	0.033875	supercritical
337.00	108.00	125.82	0.0079478	201.54	287.38	5.2562	0.68316	1.0540	363.21	0.15753	2.5071e-05	0.033934	supercritical
338.00	108.00	125.37	0.0079763	202.29	288.43	5.2593	0.68324	1.0531	363.78	0.15657	2.5116e-05	0.033992	supercritical
339.00	108.00	124.93	0.0080048	203.04	289.49	5.2624	0.68333	1.0523	364.35	0.15562	2.5162e-05	0.034050	supercritical
340.00	108.00	124.48	0.0080332	203.78	290.54	5.2655	0.68342	1.0515	364.91	0.15467	2.5207e-05	0.034109	supercritical
341.00	108.00	124.05	0.0080616	204.52	291.59	5.2686	0.68351	1.0507	365.47	0.15373	2.5252e-05	0.034167	supercritical
342.00	108.00	123.61	0.0080899	205.27	292.64	5.2717	0.68361	1.0499	366.03	0.15280	2.5298e-05	0.034226	supercritical
343.00	108.00	123.18	0.0081183	206.01	293.69	5.2747	0.68370	1.0491	366.59	0.15187	2.5343e-05	0.034284	supercritical
344.00	108.00	122.75	0.0081466	206.76	294.74	5.2778	0.68381	1.0483	367.15	0.15095	2.5388e-05	0.034343	supercritical
345.00	108.00	122.33	0.0081748	207.50	295.79	5.2808	0.68391	1.0476	367.70	0.15003	2.5434e-05	0.034402	supercritical
346.00	108.00	121.91	0.0082031	208.24	296.83	5.2839	0.68402	1.0469	368.25	0.14912	2.5479e-05	0.034461	supercritical
347.00	108.00	121.49	0.0082313	208.98	297.88	5.2869	0.68413	1.0461	368.81	0.14821	2.5524e-05	0.034520	supercritical
348.00	108.00	121.07	0.0082595	209.72	298.93	5.2899	0.68424	1.0454	369.36	0.14731	2.5570e-05	0.034579	supercritical
349.00	108.00	120.66	0.0082876	210.46	299.97	5.2929	0.68435	1.0447	369.91	0.14642	2.5615e-05	0.034639	supercritical
350.00	108.00	120.25	0.0083157	211.21	301.01	5.2959	0.68447	1.0440	370.45	0.14553	2.5660e-05	0.034698	supercritical
351.00	108.00	119.85	0.0083438	211.95	302.06	5.2989	0.68459	1.0434	371.00	0.14464	2.5706e-05	0.034757	supercritical
352.00	108.00	119.45	0.0083719	212.69	303.10	5.3018	0.68471	1.0427	371.54	0.14376	2.5751e-05	0.034817	supercritical
353.00	108.00	119.05	0.0083999	213.43	304.14	5.3048	0.68484	1.0421	372.09	0.14289	2.5796e-05	0.034876	supercritical
354.00	108.00	118.65	0.0084279	214.16	305.19	5.3077	0.68497	1.0414	372.63	0.14202	2.5842e-05	0.034936	supercritical
355.00	108.00	118.26	0.0084559	214.90	306.23	5.3107	0.68510	1.0408	373.17	0.14116	2.5887e-05	0.034996	supercritical
356.00	108.00	117.87	0.0084838	215.64	307.27	5.3136	0.68523	1.0402	373.71	0.14030	2.5932e-05	0.035055	supercritical
357.00	108.00	117.49	0.0085117	216.38	308.31	5.3165	0.68536	1.0396	374.25	0.13945	2.5977e-05	0.035115	supercritical
358.00	108.00	117.10	0.0085396	217.12	309.35	5.3194	0.68550	1.0390	374.78	0.13860	2.6023e-05	0.035175	supercritical
359.00	108.00	116.72	0.0085675	217.86	310.39	5.3223	0.68564	1.0384	375.32	0.13775	2.6068e-05	0.035235	supercritical
360.00	108.00	116.34	0.0085953	218.59	311.42	5.3252	0.68578	1.0379	375.85	0.13692	2.6113e-05	0.035295	supercritical
361.00	108.00	115.97	0.0086231	219.33	312.46	5.3281	0.68592	1.0373	376.38	0.13608	2.6158e-05	0.035355	supercritical
362.00	108.00	115.59	0.0086509	220.07	313.50	5.3309	0.68607	1.0368	376.91	0.13525	2.6203e-05	0.035415	supercritical
363.00	108.00	115.23	0.0086787	220.81	314.53	5.3338	0.68622	1.0362	377.44	0.13443	2.6249e-05	0.035476	supercritical
364.00	108.00	114.86	0.0087064	221.54	315.57	5.3367	0.68637	1.0357	377.97	0.13361	2.6294e-05	0.035536	supercritical
365.00	108.00	114.49	0.0087341	222.28	316.61	5.3395	0.68652	1.0352	378.49	0.13280	2.6339e-05	0.035596	supercritical
366.00	108.00	114.13	0.0087618	223.01	317.64	5.3423	0.68668	1.0347	379.02	0.13199	2.6384e-05	0.035656	supercritical
367.00	108.00	113.77	0.0087894	223.75	318.68	5.3452	0.68683	1.0342	379.54	0.13119	2.6429e-05	0.035717	supercritical
368.00	108.00	113.42	0.0088171	224.49	319.71	5.3480	0.68699	1.0337	380.06	0.13039	2.6474e-05	0.035777	supercritical
369.00	108.00	113.06	0.0088447	225.22	320.74	5.3508	0.68716	1.0332	380.59	0.12959	2.6519e-05	0.035838	supercritical
370.00	108.00	112.71	0.0088723	225.96	321.78	5.3536	0.68732	1.0328	381.11	0.12880	2.6564e-05	0.035898	supercritical
371.00	108.00	112.36	0.0088998	226.69	322.81	5.3564	0.68748	1.0323	381.62	0.12802	2.6609e-05	0.035959	supercritical
372.00	108.00	112.02	0.0089274	227.42	323.84	5.3591	0.68765	1.0319	382.14	0.12723	2.6654e-05	0.036020	supercritical
373.00	108.00	111.67	0.0089549	228.16	324.87	5.3619	0.68782	1.0314	382.66	0.12646	2.6699e-05	0.036080	supercritical
374.00	108.00	111.33	0.0089824	228.89	325.90	5.3647	0.68799	1.0310	383.17	0.12569	2.6744e-05	0.036141	supercritical
375.00	108.00	110.99	0.0090098	229.63	326.93	5.3674	0.68817	1.0306	383.69	0.12492	2.6789e-05	0.036202	supercritical
376.00	108.00	110.65	0.0090373	230.36	327.96	5.3702	0.68834	1.0302	384.20	0.12416	2.6834e-05	0.036263	supercritical
377.00	108.00	110.32	0.0090647	231.10	328.99	5.3729	0.68852	1.0297	384.71	0.12340	2.6879e-05	0.036324	supercritical
378.00	108.00	109.99	0.0090921	231.83	330.02	5.3756	0.68870	1.0294	385.22	0.12264	2.6924e-05	0.036385	supercritical
379.00	108.00	109.66	0.0091195	232.56	331.05	5.3783	0.68888	1.0290	385.73	0.12189	2.6969e-05	0.036446	supercritical
380.00	108.00	109.33	0.0091469	233.30	332.08	5.3811	0.68906	1.0286	386.23	0.12115	2.7014e-05	0.036507	supercritical
381.00	108.00	109.00	0.0091742	234.03	333.11	5.3838	0.68924	1.0282	386.74	0.12041	2.7059e-05	0.036568	supercritical
382.00	108.00	108.68	0.0092015	234.76	334.14	5.3864	0.68943	1.0278	387.24	0.11967	2.7104e-05	0.036629	supercritical
383.00	108.00	108.36	0.0092288	235.49	335.17	5.3891	0.68962	1.0275	387.75	0.11893	2.7149e-05	0.036690	supercritical
384.00	108.00	108.04	0.0092561	236.23	336.19	5.3918	0.68981	1.0271	388.25	0.11821	2.7193e-05	0.036751	supercritical
385.00	108.00	107.72	0.0092834	236.96	337.22	5.3945	0.69000	1.0268	388.75	0.11748	2.7238e-05	0.036812	supercritical
386.00	108.00	107.40	0.0093106	237.69	338.25	5.3971	0.69019	1.0265	389.25	0.11676	2.7283e-05	0.036873	supercritical
387.00	108.00	107.09	0.0093378	238.42	339.27	5.3998	0.69039	1.0261	389.75	0.11604	2.7328e-05	0.036934	supercritical
388.00	108.00	106.78	0.0093650	239.16	340.30	5.4025	0.69058	1.0258	390.25	0.11533	2.7372e-05	0.036996	supercritical
389.00	108.00	106.47	0.0093922	239.89	341.32	5.4051	0.69078	1.0255	390.75	0.11462	2.7417e-05	0.037057	supercritical
390.00	108.00	106.16	0.0094193	240.62	342.35	5.4077	0.69098	1.0252	391.24	0.11392	2.7462e-05	0.037118	supercritical
391.00	108.00	105.86	0.0094465	241.35	343.38	5.4103	0.69118	1.0249	391.74	0.11322	2.7506e-05	0.037180	supercritical
392.00	108.00	105.56	0.0094736	242.09	344.40	5.4130	0.69138	1.0246	392.23	0.11252	2.7551e-05	0.037241	supercritical
393.00	108.00	105.26	0.0095007	242.82	345.42	5.4156	0.69159	1.0243	392.72	0.11183	2.7595e-05	0.037303	supercritical
394.00	108.00	104.96	0.0095278	243.55	346.45	5.4182	0.69179	1.0240	393.21	0.11114	2.7640e-05	0.037364	supercritical
395.00	108.00	104.66	0.0095548	244.28	347.47	5.4208	0.69200	1.0237	393.70	0.11045	2.7685e-05	0.037425	supercritical
396.00	108.00	104.36	0.0095819	245.01	348.50	5.4234	0.69221	1.0235	394.19	0.10977	2.7729e-05	0.037487	supercritical
397.00	108.00	104.07	0.0096089	245.74	349.52	5.4259	0.69242	1.0232	394.68	0.10909	2.7774e-05	0.037548	supercritical
398.00	108.00	103.78	0.0096359	246.47	350.54	5.4285	0.69263	1.0230	395.17	0.10842	2.7818e-05	0.037610	supercritical
399.00	108.00	103.49	0.0096629	247.21	351.57	5.4311	0.69285	1.0227	395.65	0.10775	2.7862e-05	0.037672	supercritical
400.00	108.00	103.20	0.0096899	247.94	352.59	5.4336	0.69306	1.0225	396.14	0.10708	2.7907e-05	0.037733	supercritical
401.00	108.00	102.91	0.0097168	248.67	353.61	5.4362	0.69328	1.0222	396.62	0.10642	2.7951e-05	0.037795	supercritical
402.00	108.00	102.63	0.0097438	249.40	354.63	5.4387	0.69349	1.0220	397.10	0.10576	2.7996e-05	0.037856	supercritical
403.00	108.00	102.35	0.0097707	250.13	355.65	5.4413	0.69371	1.0218	397.58	0.10511	2.8040e-05	0.037918	supercritical
404.00	108.00	102.07	0.0097976	250.86	356.68	5.4438	0.69393	1.0216	398.06	0.10445	2.8084e-05	0.037980	supercritical
405.00	108.00	101.79	0.0098245	251.59	357.70	5.4463	0.69415	1.0213	398.54	0.10381	2.8129e-05	0.038041	supercritical
406.00	108.00	101.51	0.0098513	252.32	358.72	5.4489	0.69438	1.0211	399.02	0.10316	2.8173e-05	0.038103	supercritical
407.00	108.00	101.23	0.0098782	253.06	359.74	5.4514	0.69460	1.0209	399.50	0.10252	2.8217e-05	0.038165	supercritical
408.00	108.00	100.96	0.0099050	253.79	360.76	5.4539	0.69483	1.0207	399.98	0.10188	2.8261e-05	0.038227	supercritical
409.00	108.00	100.69	0.0099318	254.52	361.78	5.4564	0.69505	1.0205	400.45	0.10125	2.8305e-05	0.038288	supercritical
410.00	108.00	100.42	0.0099586	255.25	362.80	5.4589	0.69528	1.0204	400.93	0.10062	2.8350e-05	0.038350	supercritical
411.00	108.00	100.15	0.0099854	255.98	363.82	5.4614	0.69551	1.0202	401.40	0.099990	2.8394e-05	0.038412	supercritical
412.00	108.00	99.878	0.010012	256.71	364.84	5.4638	0.69574	1.0200	401.87	0.099366	2.8438e-05	0.038474	supercritical
413.00	108.00	99.612	0.010039	257.44	365.86	5.4663	0.69597	1.0198	402.34	0.098745	2.8482e-05	0.038535	supercritical
414.00	108.00	99.348	0.010066	258.17	366.88	5.4688	0.69621	1.0197	402.82	0.098128	2.8526e-05	0.038597	supercritical
415.00	108.00	99.085	0.010092	258.90	367.90	5.4712	0.69644	1.0195	403.29	0.097514	2.8570e-05	0.038659	supercritical
416.00	108.00	98.823	0.010119	259.63	368.92	5.4737	0.69668	1.0193	403.75	0.096903	2.8614e-05	0.038721	supercritical
417.00	108.00	98.563	0.010146	260.37	369.94	5.4761	0.69691	1.0192	404.22	0.096296	2.8658e-05	0.038783	supercritical
418.00	108.00	98.305	0.010172	261.10	370.96	5.4786	0.69715	1.0190	404.69	0.095692	2.8702e-05	0.038845	supercritical
419.00	108.00	98.048	0.010199	261.83	371.98	5.4810	0.69739	1.0189	405.15	0.095091	2.8746e-05	0.038907	supercritical
420.00	108.00	97.792	0.010226	262.56	373.00	5.4834	0.69763	1.0188	405.62	0.094493	2.8790e-05	0.038969	supercritical
421.00	108.00	97.538	0.010252	263.29	374.02	5.4859	0.69787	1.0186	406.08	0.093899	2.8833e-05	0.039030	supercritical
422.00	108.00	97.285	0.010279	264.02	375.03	5.4883	0.69811	1.0185	406.55	0.093308	2.8877e-05	0.039092	supercritical
423.00	108.00	97.034	0.010306	264.75	376.05	5.4907	0.69835	1.0184	407.01	0.092719	2.8921e-05	0.039154	supercritical
424.00	108.00	96.785	0.010332	265.48	377.07	5.4931	0.69860	1.0183	407.47	0.092134	2.8965e-05	0.039216	supercritical
425.00	108.00	96.536	0.010359	266.21	378.09	5.4955	0.69884	1.0181	407.93	0.091553	2.9009e-05	0.039278	supercritical
426.00	108.00	96.289	0.010385	266.95	379.11	5.4979	0.69909	1.0180	408.39	0.090974	2.9052e-05	0.039340	supercritical
427.00	108.00	96.044	0.010412	267.68	380.13	5.5003	0.69934	1.0179	408.85	0.090398	2.9096e-05	0.039402	supercritical
428.00	108.00	95.800	0.010438	268.41	381.14	5.5026	0.69958	1.0178	409.31	0.089825	2.9140e-05	0.039464	supercritical
429.00	108.00	95.557	0.010465	269.14	382.16	5.5050	0.69983	1.0177	409.76	0.089255	2.9183e-05	0.039526	supercritical
430.00	108.00	95.316	0.010491	269.87	383.18	5.5074	0.70008	1.0176	410.22	0.088689	2.9227e-05	0.039588	supercritical
431.00	108.00	95.076	0.010518	270.60	384.20	5.5098	0.70033	1.0175	410.67	0.088125	2.9270e-05	0.039650	supercritical
432.00	108.00	94.837	0.010544	271.33	385.21	5.5121	0.70059	1.0175	411.13	0.087564	2.9314e-05	0.039712	supercritical
433.00	108.00	94.599	0.010571	272.07	386.23	5.5145	0.70084	1.0174	411.58	0.087006	2.9357e-05	0.039774	supercritical
434.00	108.00	94.363	0.010597	272.80	387.25	5.5168	0.70109	1.0173	412.03	0.086451	2.9401e-05	0.039836	supercritical
435.00	108.00	94.129	0.010624	273.53	388.27	5.5192	0.70135	1.0172	412.49	0.085899	2.9444e-05	0.039898	supercritical
436.00	108.00	93.895	0.010650	274.26	389.28	5.5215	0.70160	1.0171	412.94	0.085350	2.9488e-05	0.039960	supercritical
437.00	108.00	93.663	0.010677	274.99	390.30	5.5238	0.70186	1.0171	413.39	0.084804	2.9531e-05	0.040022	supercritical
438.00	108.00	93.432	0.010703	275.72	391.32	5.5261	0.70212	1.0170	413.84	0.084261	2.9575e-05	0.040084	supercritical
439.00	108.00	93.202	0.010729	276.46	392.33	5.5285	0.70237	1.0170	414.29	0.083720	2.9618e-05	0.040146	supercritical
440.00	108.00	92.973	0.010756	277.19	393.35	5.5308	0.70263	1.0169	414.73	0.083182	2.9661e-05	0.040208	supercritical
441.00	108.00	92.746	0.010782	277.92	394.37	5.5331	0.70289	1.0168	415.18	0.082647	2.9704e-05	0.040270	supercritical
442.00	108.00	92.520	0.010808	278.65	395.38	5.5354	0.70315	1.0168	415.63	0.082115	2.9748e-05	0.040332	supercritical
443.00	108.00	92.295	0.010835	279.39	396.40	5.5377	0.70341	1.0167	416.07	0.081585	2.9791e-05	0.040394	supercritical
444.00	108.00	92.071	0.010861	280.12	397.42	5.5400	0.70368	1.0167	416.52	0.081059	2.9834e-05	0.040456	supercritical
445.00	108.00	91.849	0.010887	280.85	398.43	5.5423	0.70394	1.0167	416.96	0.080534	2.9877e-05	0.040518	supercritical
446.00	108.00	91.628	0.010914	281.58	399.45	5.5445	0.70420	1.0166	417.40	0.080013	2.9920e-05	0.040580	supercritical
447.00	108.00	91.407	0.010940	282.32	400.47	5.5468	0.70447	1.0166	417.84	0.079494	2.9963e-05	0.040642	supercritical
448.00	108.00	91.188	0.010966	283.05	401.48	5.5491	0.70473	1.0166	418.28	0.078978	3.0007e-05	0.040705	supercritical
449.00	108.00	90.970	0.010993	283.78	402.50	5.5514	0.70500	1.0165	418.73	0.078465	3.0050e-05	0.040767	supercritical
450.00	108.00	90.754	0.011019	284.51	403.52	5.5536	0.70526	1.0165	419.16	0.077954	3.0093e-05	0.040829	supercritical
451.00	108.00	90.538	0.011045	285.25	404.53	5.5559	0.70553	1.0165	419.60	0.077446	3.0136e-05	0.040891	supercritical
452.00	108.00	90.324	0.011071	285.98	405.55	5.5581	0.70580	1.0165	420.04	0.076940	3.0179e-05	0.040953	supercritical
453.00	108.00	90.110	0.011098	286.71	406.57	5.5604	0.70607	1.0165	420.48	0.076437	3.0221e-05	0.041015	supercritical
454.00	108.00	89.898	0.011124	287.45	407.58	5.5626	0.70633	1.0165	420.92	0.075937	3.0264e-05	0.041077	supercritical
455.00	108.00	89.687	0.011150	288.18	408.60	5.5649	0.70660	1.0164	421.35	0.075439	3.0307e-05	0.041139	supercritical
456.00	108.00	89.477	0.011176	288.91	409.62	5.5671	0.70687	1.0164	421.79	0.074944	3.0350e-05	0.041201	supercritical
457.00	108.00	89.268	0.011202	289.65	410.63	5.5693	0.70715	1.0164	422.22	0.074451	3.0393e-05	0.041263	supercritical
458.00	108.00	89.060	0.011228	290.38	411.65	5.5715	0.70742	1.0164	422.66	0.073960	3.0436e-05	0.041325	supercritical
459.00	108.00	88.853	0.011255	291.12	412.67	5.5738	0.70769	1.0164	423.09	0.073472	3.0478e-05	0.041387	supercritical
460.00	108.00	88.647	0.011281	291.85	413.68	5.5760	0.70796	1.0164	423.52	0.072987	3.0521e-05	0.041449	supercritical
461.00	108.00	88.442	0.011307	292.58	414.70	5.5782	0.70823	1.0165	423.95	0.072504	3.0564e-05	0.041511	supercritical
462.00	108.00	88.238	0.011333	293.32	415.71	5.5804	0.70851	1.0165	424.38	0.072023	3.0606e-05	0.041573	supercritical
463.00	108.00	88.035	0.011359	294.05	416.73	5.5826	0.70878	1.0165	424.81	0.071545	3.0649e-05	0.041635	supercritical
464.00	108.00	87.833	0.011385	294.79	417.75	5.5848	0.70906	1.0165	425.24	0.071069	3.0692e-05	0.041697	supercritical
465.00	108.00	87.633	0.011411	295.52	418.76	5.5870	0.70933	1.0165	425.67	0.070596	3.0734e-05	0.041759	supercritical
466.00	108.00	87.433	0.011437	296.26	419.78	5.5891	0.70961	1.0165	426.10	0.070125	3.0777e-05	0.041821	supercritical
467.00	108.00	87.234	0.011463	296.99	420.80	5.5913	0.70989	1.0166	426.53	0.069656	3.0819e-05	0.041883	supercritical
468.00	108.00	87.036	0.011489	297.73	421.81	5.5935	0.71016	1.0166	426.95	0.069190	3.0862e-05	0.041945	supercritical
469.00	108.00	86.839	0.011516	298.46	422.83	5.5957	0.71044	1.0166	427.38	0.068726	3.0904e-05	0.042007	supercritical
470.00	108.00	86.643	0.011542	299.20	423.85	5.5978	0.71072	1.0167	427.80	0.068264	3.0946e-05	0.042069	supercritical
471.00	108.00	86.448	0.011568	299.93	424.86	5.6000	0.71100	1.0167	428.23	0.067805	3.0989e-05	0.042131	supercritical
472.00	108.00	86.254	0.011594	300.67	425.88	5.6021	0.71128	1.0167	428.65	0.067347	3.1031e-05	0.042193	supercritical
473.00	108.00	86.061	0.011620	301.41	426.90	5.6043	0.71155	1.0168	429.07	0.066893	3.1073e-05	0.042255	supercritical
474.00	108.00	85.869	0.011646	302.14	427.91	5.6064	0.71183	1.0168	429.50	0.066440	3.1116e-05	0.042317	supercritical
475.00	108.00	85.678	0.011672	302.88	428.93	5.6086	0.71211	1.0169	429.92	0.065989	3.1158e-05	0.042379	supercritical
476.00	108.00	85.488	0.011698	303.61	429.95	5.6107	0.71239	1.0169	430.34	0.065541	3.1200e-05	0.042441	supercritical
477.00	108.00	85.298	0.011724	304.35	430.96	5.6129	0.71268	1.0169	430.76	0.065095	3.1242e-05	0.042503	supercritical
478.00	108.00	85.110	0.011750	305.09	431.98	5.6150	0.71296	1.0170	431.18	0.064651	3.1285e-05	0.042565	supercritical
479.00	108.00	84.922	0.011775	305.82	433.00	5.6171	0.71324	1.0170	431.60	0.064210	3.1327e-05	0.042627	supercritical
480.00	108.00	84.735	0.011801	306.56	434.02	5.6192	0.71352	1.0171	432.02	0.063770	3.1369e-05	0.042688	supercritical
481.00	108.00	84.550	0.011827	307.30	435.03	5.6214	0.71380	1.0172	432.44	0.063333	3.1411e-05	0.042750	supercritical
482.00	108.00	84.365	0.011853	308.03	436.05	5.6235	0.71409	1.0172	432.85	0.062898	3.1453e-05	0.042812	supercritical
483.00	108.00	84.181	0.011879	308.77	437.07	5.6256	0.71437	1.0173	433.27	0.062465	3.1495e-05	0.042874	supercritical
484.00	108.00	83.998	0.011905	309.51	438.08	5.6277	0.71465	1.0173	433.69	0.062034	3.1537e-05	0.042936	supercritical
485.00	108.00	83.815	0.011931	310.25	439.10	5.6298	0.71494	1.0174	434.10	0.061605	3.1579e-05	0.042998	supercritical
486.00	108.00	83.634	0.011957	310.99	440.12	5.6319	0.71522	1.0175	434.52	0.061178	3.1621e-05	0.043060	supercritical
487.00	108.00	83.453	0.011983	311.72	441.14	5.6340	0.71551	1.0175	434.93	0.060753	3.1663e-05	0.043122	supercritical
488.00	108.00	83.273	0.012009	312.46	442.15	5.6361	0.71579	1.0176	435.34	0.060331	3.1705e-05	0.043184	supercritical
489.00	108.00	83.094	0.012035	313.20	443.17	5.6381	0.71608	1.0177	435.76	0.059910	3.1747e-05	0.043245	supercritical
490.00	108.00	82.916	0.012060	313.94	444.19	5.6402	0.71636	1.0178	436.17	0.059491	3.1788e-05	0.043307	supercritical
491.00	108.00	82.739	0.012086	314.68	445.21	5.6423	0.71665	1.0178	436.58	0.059075	3.1830e-05	0.043369	supercritical
492.00	108.00	82.563	0.012112	315.42	446.23	5.6444	0.71693	1.0179	436.99	0.058660	3.1872e-05	0.043431	supercritical
493.00	108.00	82.387	0.012138	316.15	447.24	5.6464	0.71722	1.0180	437.40	0.058248	3.1914e-05	0.043493	supercritical
494.00	108.00	82.212	0.012164	316.89	448.26	5.6485	0.71751	1.0181	437.81	0.057837	3.1955e-05	0.043554	supercritical
495.00	108.00	82.038	0.012189	317.63	449.28	5.6505	0.71779	1.0182	438.22	0.057429	3.1997e-05	0.043616	supercritical
496.00	108.00	81.865	0.012215	318.37	450.30	5.6526	0.71808	1.0182	438.63	0.057022	3.2039e-05	0.043678	supercritical
497.00	108.00	81.692	0.012241	319.11	451.32	5.6547	0.71837	1.0183	439.04	0.056617	3.2080e-05	0.043740	supercritical
498.00	108.00	81.520	0.012267	319.85	452.33	5.6567	0.71866	1.0184	439.44	0.056214	3.2122e-05	0.043802	supercritical
499.00	108.00	81.349	0.012293	320.59	453.35	5.6587	0.71894	1.0185	439.85	0.055814	3.2163e-05	0.043863	supercritical
500.00	108.00	81.179	0.012318	321.33	454.37	5.6608	0.71923	1.0186	440.26	0.055415	3.2205e-05	0.043925	supercritical
501.00	108.00	81.010	0.012344	322.07	455.39	5.6628	0.71952	1.0187	440.66	0.055018	3.2246e-05	0.043987	supercritical
502.00	108.00	80.841	0.012370	322.81	456.41	5.6648	0.71981	1.0188	441.07	0.054622	3.2288e-05	0.044049	supercritical
503.00	108.00	80.673	0.012396	323.55	457.43	5.6669	0.72010	1.0189	441.47	0.054229	3.2329e-05	0.044110	supercritical
504.00	108.00	80.506	0.012421	324.30	458.45	5.6689	0.72039	1.0190	441.88	0.053838	3.2371e-05	0.044172	supercritical
505.00	108.00	80.340	0.012447	325.04	459.47	5.6709	0.72067	1.0191	442.28	0.053448	3.2412e-05	0.044234	supercritical
506.00	108.00	80.174	0.012473	325.78	460.49	5.6729	0.72096	1.0192	442.68	0.053060	3.2453e-05	0.044295	supercritical
507.00	108.00	80.009	0.012499	326.52	461.50	5.6749	0.72125	1.0193	443.08	0.052674	3.2495e-05	0.044357	supercritical
508.00	108.00	79.845	0.012524	327.26	462.52	5.6770	0.72154	1.0194	443.49	0.052290	3.2536e-05	0.044419	supercritical
509.00	108.00	79.681	0.012550	328.00	463.54	5.6790	0.72183	1.0195	443.89	0.051908	3.2577e-05	0.044480	supercritical
510.00	108.00	79.519	0.012576	328.75	464.56	5.6810	0.72212	1.0196	444.29	0.051528	3.2618e-05	0.044542	supercritical
511.00	108.00	79.356	0.012601	329.49	465.58	5.6830	0.72241	1.0197	444.69	0.051149	3.2660e-05	0.044604	supercritical
512.00	108.00	79.195	0.012627	330.23	466.60	5.6850	0.72270	1.0198	445.09	0.050772	3.2701e-05	0.044665	supercritical
513.00	108.00	79.034	0.012653	330.97	467.62	5.6869	0.72299	1.0199	445.49	0.050397	3.2742e-05	0.044727	supercritical
514.00	108.00	78.874	0.012678	331.72	468.64	5.6889	0.72328	1.0201	445.88	0.050023	3.2783e-05	0.044788	supercritical
515.00	108.00	78.715	0.012704	332.46	469.66	5.6909	0.72357	1.0202	446.28	0.049652	3.2824e-05	0.044850	supercritical
516.00	108.00	78.557	0.012730	333.20	470.68	5.6929	0.72386	1.0203	446.68	0.049282	3.2865e-05	0.044912	supercritical
517.00	108.00	78.399	0.012755	333.95	471.70	5.6949	0.72415	1.0204	447.08	0.048914	3.2906e-05	0.044973	supercritical
518.00	108.00	78.241	0.012781	334.69	472.72	5.6968	0.72444	1.0205	447.47	0.048547	3.2947e-05	0.045035	supercritical
519.00	108.00	78.085	0.012807	335.43	473.74	5.6988	0.72474	1.0206	447.87	0.048182	3.2988e-05	0.045096	supercritical
520.00	108.00	77.929	0.012832	336.18	474.76	5.7008	0.72503	1.0208	448.26	0.047819	3.3029e-05	0.045158	supercritical
521.00	108.00	77.774	0.012858	336.92	475.79	5.7027	0.72532	1.0209	448.66	0.047458	3.3070e-05	0.045219	supercritical
522.00	108.00	77.619	0.012883	337.67	476.81	5.7047	0.72561	1.0210	449.05	0.047098	3.3111e-05	0.045281	supercritical
523.00	108.00	77.465	0.012909	338.41	477.83	5.7066	0.72590	1.0211	449.45	0.046740	3.3152e-05	0.045342	supercritical
524.00	108.00	77.312	0.012935	339.15	478.85	5.7086	0.72619	1.0213	449.84	0.046383	3.3193e-05	0.045404	supercritical
525.00	108.00	77.159	0.012960	339.90	479.87	5.7105	0.72648	1.0214	450.23	0.046029	3.3233e-05	0.045465	supercritical
526.00	108.00	77.007	0.012986	340.65	480.89	5.7125	0.72677	1.0215	450.62	0.045676	3.3274e-05	0.045527	supercritical
527.00	108.00	76.856	0.013011	341.39	481.91	5.7144	0.72706	1.0217	451.01	0.045324	3.3315e-05	0.045588	supercritical
528.00	108.00	76.705	0.013037	342.14	482.93	5.7164	0.72735	1.0218	451.41	0.044974	3.3356e-05	0.045649	supercritical
529.00	108.00	76.555	0.013062	342.88	483.96	5.7183	0.72765	1.0219	451.80	0.044626	3.3396e-05	0.045711	supercritical
530.00	108.00	76.406	0.013088	343.63	484.98	5.7202	0.72794	1.0220	452.19	0.044279	3.3437e-05	0.045772	supercritical
531.00	108.00	76.257	0.013114	344.37	486.00	5.7222	0.72823	1.0222	452.58	0.043934	3.3478e-05	0.045834	supercritical
532.00	108.00	76.109	0.013139	345.12	487.02	5.7241	0.72852	1.0223	452.96	0.043590	3.3518e-05	0.045895	supercritical
533.00	108.00	75.961	0.013165	345.87	488.05	5.7260	0.72881	1.0225	453.35	0.043248	3.3559e-05	0.045956	supercritical
534.00	108.00	75.814	0.013190	346.61	489.07	5.7279	0.72910	1.0226	453.74	0.042908	3.3599e-05	0.046018	supercritical
535.00	108.00	75.668	0.013216	347.36	490.09	5.7298	0.72939	1.0227	454.13	0.042569	3.3640e-05	0.046079	supercritical
536.00	108.00	75.522	0.013241	348.11	491.11	5.7317	0.72968	1.0229	454.52	0.042231	3.3680e-05	0.046140	supercritical
537.00	108.00	75.377	0.013267	348.86	492.14	5.7336	0.72998	1.0230	454.90	0.041896	3.3721e-05	0.046202	supercritical
538.00	108.00	75.232	0.013292	349.60	493.16	5.7355	0.73027	1.0231	455.29	0.041561	3.3761e-05	0.046263	supercritical
539.00	108.00	75.088	0.013318	350.35	494.18	5.7374	0.73056	1.0233	455.67	0.041228	3.3802e-05	0.046324	supercritical
540.00	108.00	74.945	0.013343	351.10	495.21	5.7393	0.73085	1.0234	456.06	0.040897	3.3842e-05	0.046385	supercritical
541.00	108.00	74.802	0.013369	351.85	496.23	5.7412	0.73114	1.0236	456.44	0.040567	3.3882e-05	0.046447	supercritical
542.00	108.00	74.659	0.013394	352.60	497.25	5.7431	0.73143	1.0237	456.83	0.040239	3.3923e-05	0.046508	supercritical
543.00	108.00	74.518	0.013420	353.35	498.28	5.7450	0.73172	1.0239	457.21	0.039912	3.3963e-05	0.046569	supercritical
544.00	108.00	74.377	0.013445	354.09	499.30	5.7469	0.73201	1.0240	457.60	0.039587	3.4003e-05	0.046630	supercritical
545.00	108.00	74.236	0.013471	354.84	500.32	5.7488	0.73230	1.0242	457.98	0.039263	3.4043e-05	0.046692	supercritical
546.00	108.00	74.096	0.013496	355.59	501.35	5.7507	0.73259	1.0243	458.36	0.038940	3.4084e-05	0.046753	supercritical
547.00	108.00	73.957	0.013521	356.34	502.37	5.7525	0.73289	1.0245	458.74	0.038619	3.4124e-05	0.046814	supercritical
548.00	108.00	73.818	0.013547	357.09	503.40	5.7544	0.73318	1.0246	459.12	0.038300	3.4164e-05	0.046875	supercritical
549.00	108.00	73.679	0.013572	357.84	504.42	5.7563	0.73347	1.0248	459.50	0.037981	3.4204e-05	0.046936	supercritical
550.00	108.00	73.542	0.013598	358.59	505.45	5.7581	0.73376	1.0249	459.89	0.037665	3.4244e-05	0.046997	supercritical
551.00	108.00	73.404	0.013623	359.34	506.47	5.7600	0.73405	1.0251	460.27	0.037349	3.4284e-05	0.047058	supercritical
552.00	108.00	73.268	0.013649	360.09	507.50	5.7619	0.73434	1.0252	460.65	0.037035	3.4324e-05	0.047120	supercritical
553.00	108.00	73.132	0.013674	360.84	508.52	5.7637	0.73463	1.0254	461.02	0.036723	3.4364e-05	0.047181	supercritical
554.00	108.00	72.996	0.013699	361.60	509.55	5.7656	0.73492	1.0255	461.40	0.036412	3.4404e-05	0.047242	supercritical
555.00	108.00	72.861	0.013725	362.35	510.57	5.7674	0.73521	1.0257	461.78	0.036102	3.4444e-05	0.047303	supercritical
556.00	108.00	72.726	0.013750	363.10	511.60	5.7693	0.73550	1.0258	462.16	0.035793	3.4484e-05	0.047364	supercritical
557.00	108.00	72.592	0.013776	363.85	512.63	5.7711	0.73579	1.0260	462.54	0.035486	3.4524e-05	0.047425	supercritical
558.00	108.00	72.459	0.013801	364.60	513.65	5.7729	0.73608	1.0261	462.91	0.035181	3.4564e-05	0.047486	supercritical
559.00	108.00	72.326	0.013826	365.35	514.68	5.7748	0.73637	1.0263	463.29	0.034876	3.4604e-05	0.047547	supercritical
560.00	108.00	72.193	0.013852	366.11	515.70	5.7766	0.73666	1.0265	463.67	0.034573	3.4644e-05	0.047608	supercritical
561.00	108.00	72.061	0.013877	366.86	516.73	5.7785	0.73694	1.0266	464.04	0.034271	3.4683e-05	0.047669	supercritical
562.00	108.00	71.930	0.013902	367.61	517.76	5.7803	0.73723	1.0268	464.42	0.033971	3.4723e-05	0.047730	supercritical
563.00	108.00	71.799	0.013928	368.36	518.78	5.7821	0.73752	1.0269	464.79	0.033672	3.4763e-05	0.047791	supercritical
564.00	108.00	71.669	0.013953	369.12	519.81	5.7839	0.73781	1.0271	465.17	0.033374	3.4803e-05	0.047852	supercritical
565.00	108.00	71.539	0.013978	369.87	520.84	5.7857	0.73810	1.0273	465.54	0.033078	3.4842e-05	0.047912	supercritical
566.00	108.00	71.409	0.014004	370.62	521.87	5.7876	0.73839	1.0274	465.91	0.032782	3.4882e-05	0.047973	supercritical
567.00	108.00	71.280	0.014029	371.38	522.89	5.7894	0.73868	1.0276	466.29	0.032489	3.4922e-05	0.048034	supercritical
568.00	108.00	71.152	0.014054	372.13	523.92	5.7912	0.73896	1.0278	466.66	0.032196	3.4961e-05	0.048095	supercritical
569.00	108.00	71.024	0.014080	372.89	524.95	5.7930	0.73925	1.0279	467.03	0.031905	3.5001e-05	0.048156	supercritical
570.00	108.00	70.896	0.014105	373.64	525.98	5.7948	0.73954	1.0281	467.40	0.031615	3.5040e-05	0.048217	supercritical
571.00	108.00	70.769	0.014130	374.40	527.01	5.7966	0.73983	1.0283	467.77	0.031326	3.5080e-05	0.048278	supercritical
572.00	108.00	70.643	0.014156	375.15	528.03	5.7984	0.74012	1.0284	468.15	0.031038	3.5119e-05	0.048338	supercritical
573.00	108.00	70.517	0.014181	375.91	529.06	5.8002	0.74040	1.0286	468.52	0.030752	3.5159e-05	0.048399	supercritical
574.00	108.00	70.391	0.014206	376.66	530.09	5.8020	0.74069	1.0288	468.89	0.030467	3.5198e-05	0.048460	supercritical
575.00	108.00	70.266	0.014232	377.42	531.12	5.8038	0.74098	1.0289	469.26	0.030183	3.5238e-05	0.048521	supercritical
576.00	108.00	70.141	0.014257	378.17	532.15	5.8056	0.74126	1.0291	469.63	0.029900	3.5277e-05	0.048581	supercritical
577.00	108.00	70.017	0.014282	378.93	533.18	5.8074	0.74155	1.0293	469.99	0.029619	3.5316e-05	0.048642	supercritical
578.00	108.00	69.893	0.014307	379.69	534.21	5.8091	0.74184	1.0294	470.36	0.029338	3.5356e-05	0.048703	supercritical
579.00	108.00	69.770	0.014333	380.44	535.24	5.8109	0.74212	1.0296	470.73	0.029059	3.5395e-05	0.048763	supercritical
580.00	108.00	69.647	0.014358	381.20	536.27	5.8127	0.74241	1.0298	471.10	0.028781	3.5434e-05	0.048824	supercritical
581.00	108.00	69.525	0.014383	381.96	537.30	5.8145	0.74269	1.0299	471.47	0.028505	3.5474e-05	0.048885	supercritical
582.00	108.00	69.403	0.014409	382.71	538.33	5.8162	0.74298	1.0301	471.83	0.028229	3.5513e-05	0.048945	supercritical
583.00	108.00	69.282	0.014434	383.47	539.36	5.8180	0.74326	1.0303	472.20	0.027955	3.5552e-05	0.049006	supercritical
584.00	108.00	69.161	0.014459	384.23	540.39	5.8198	0.74355	1.0305	472.57	0.027682	3.5591e-05	0.049067	supercritical
585.00	108.00	69.040	0.014484	384.99	541.42	5.8215	0.74383	1.0306	472.93	0.027410	3.5630e-05	0.049127	supercritical
586.00	108.00	68.920	0.014510	385.75	542.45	5.8233	0.74412	1.0308	473.30	0.027139	3.5669e-05	0.049188	supercritical
587.00	108.00	68.801	0.014535	386.50	543.48	5.8251	0.74440	1.0310	473.66	0.026869	3.5709e-05	0.049248	supercritical
588.00	108.00	68.681	0.014560	387.26	544.51	5.8268	0.74469	1.0312	474.03	0.026601	3.5748e-05	0.049309	supercritical
589.00	108.00	68.562	0.014585	388.02	545.54	5.8286	0.74497	1.0313	474.39	0.026333	3.5787e-05	0.049370	supercritical
590.00	108.00	68.444	0.014610	388.78	546.57	5.8303	0.74525	1.0315	474.76	0.026067	3.5826e-05	0.049430	supercritical
591.00	108.00	68.326	0.014636	389.54	547.60	5.8321	0.74554	1.0317	475.12	0.025802	3.5865e-05	0.049491	supercritical
592.00	108.00	68.209	0.014661	390.30	548.64	5.8338	0.74582	1.0319	475.48	0.025538	3.5904e-05	0.049551	supercritical
593.00	108.00	68.092	0.014686	391.06	549.67	5.8355	0.74610	1.0320	475.84	0.025275	3.5943e-05	0.049612	supercritical
594.00	108.00	67.975	0.014711	391.82	550.70	5.8373	0.74639	1.0322	476.21	0.025013	3.5982e-05	0.049672	supercritical
595.00	108.00	67.859	0.014736	392.58	551.73	5.8390	0.74667	1.0324	476.57	0.024752	3.6020e-05	0.049732	supercritical
596.00	108.00	67.743	0.014762	393.34	552.77	5.8408	0.74695	1.0326	476.93	0.024493	3.6059e-05	0.049793	supercritical
597.00	108.00	67.628	0.014787	394.10	553.80	5.8425	0.74723	1.0327	477.29	0.024234	3.6098e-05	0.049853	supercritical
598.00	108.00	67.513	0.014812	394.86	554.83	5.8442	0.74751	1.0329	477.65	0.023977	3.6137e-05	0.049914	supercritical
599.00	108.00	67.398	0.014837	395.62	555.86	5.8459	0.74779	1.0331	478.01	0.023720	3.6176e-05	0.049974	supercritical
600.00	108.00	67.284	0.014862	396.38	556.90	5.8477	0.74808	1.0333	478.37	0.023465	3.6215e-05	0.050034	supercritical
