Temperature (K)	Pressure (bar)	Density (kg/m3)	Volume (m3/kg)	Internal Energy (kJ/kg)	Enthalpy (kJ/kg)	Entropy (J/g*K)	Cv (J/g*K)	Cp (J/g*K)	Sound Spd. (m/s)	Joule-Thomson (K/bar)	Viscosity (Pa*s)	Therm. Cond. (W/m*K)	Phase
60.000	68.000	1290.0	0.00077517	-185.24	-179.97	2.2393	1.0912	1.6590	1146.0	-0.037444	0.00061004	0.19669	liquid
61.000	68.000	1285.8	0.00077775	-183.60	-178.31	2.2667	1.0823	1.6608	1142.2	-0.037288	0.00058127	0.19534	liquid
62.000	68.000	1281.5	0.00078036	-181.96	-176.65	2.2938	1.0745	1.6623	1137.5	-0.037145	0.00055441	0.19398	liquid
63.000	68.000	1277.1	0.00078300	-180.31	-174.99	2.3204	1.0674	1.6634	1132.3	-0.037015	0.00052933	0.19263	liquid
64.000	68.000	1272.8	0.00078567	-178.67	-173.32	2.3466	1.0608	1.6643	1126.7	-0.036894	0.00050589	0.19128	liquid
65.000	68.000	1268.4	0.00078837	-177.02	-171.66	2.3724	1.0547	1.6649	1120.6	-0.036780	0.00048398	0.18992	liquid
66.000	68.000	1264.1	0.00079109	-175.37	-169.99	2.3978	1.0489	1.6652	1114.2	-0.036673	0.00046348	0.18857	liquid
67.000	68.000	1259.7	0.00079383	-173.73	-168.33	2.4228	1.0434	1.6653	1107.6	-0.036570	0.00044428	0.18721	liquid
68.000	68.000	1255.3	0.00079661	-172.08	-166.66	2.4475	1.0382	1.6653	1100.7	-0.036470	0.00042628	0.18586	liquid
69.000	68.000	1250.9	0.00079940	-170.43	-165.00	2.4718	1.0330	1.6651	1093.7	-0.036371	0.00040940	0.18451	liquid
70.000	68.000	1246.5	0.00080222	-168.79	-163.33	2.4958	1.0281	1.6648	1086.6	-0.036272	0.00039355	0.18316	liquid
71.000	68.000	1242.1	0.00080507	-167.14	-161.67	2.5194	1.0232	1.6645	1079.3	-0.036171	0.00037865	0.18180	liquid
72.000	68.000	1237.7	0.00080794	-165.50	-160.00	2.5427	1.0184	1.6641	1072.0	-0.036069	0.00036464	0.18045	liquid
73.000	68.000	1233.3	0.00081084	-163.85	-158.34	2.5656	1.0137	1.6637	1064.7	-0.035962	0.00035145	0.17910	liquid
74.000	68.000	1228.9	0.00081376	-162.21	-156.68	2.5882	1.0091	1.6633	1057.2	-0.035852	0.00033901	0.17775	liquid
75.000	68.000	1224.4	0.00081672	-160.57	-155.01	2.6106	1.0046	1.6630	1049.8	-0.035736	0.00032727	0.17639	liquid
76.000	68.000	1220.0	0.00081969	-158.92	-153.35	2.6326	1.0001	1.6627	1042.3	-0.035615	0.00031619	0.17504	liquid
77.000	68.000	1215.5	0.00082270	-157.28	-151.69	2.6543	0.99567	1.6624	1034.8	-0.035487	0.00030571	0.17369	liquid
78.000	68.000	1211.0	0.00082574	-155.64	-150.02	2.6758	0.99130	1.6622	1027.3	-0.035352	0.00029580	0.17234	liquid
79.000	68.000	1206.6	0.00082881	-154.00	-148.36	2.6970	0.98697	1.6621	1019.8	-0.035209	0.00028640	0.17098	liquid
80.000	68.000	1202.1	0.00083191	-152.36	-146.70	2.7179	0.98270	1.6621	1012.2	-0.035059	0.00027750	0.16963	liquid
81.000	68.000	1197.5	0.00083504	-150.72	-145.04	2.7385	0.97848	1.6622	1004.7	-0.034900	0.00026904	0.16827	liquid
82.000	68.000	1193.0	0.00083820	-149.08	-143.38	2.7589	0.97431	1.6624	997.13	-0.034731	0.00026100	0.16691	liquid
83.000	68.000	1188.5	0.00084140	-147.44	-141.71	2.7791	0.97019	1.6627	989.58	-0.034553	0.00025336	0.16555	liquid
84.000	68.000	1183.9	0.00084463	-145.79	-140.05	2.7990	0.96612	1.6632	982.03	-0.034366	0.00024608	0.16420	liquid
85.000	68.000	1179.4	0.00084790	-144.15	-138.39	2.8187	0.96210	1.6638	974.47	-0.034168	0.00023915	0.16284	liquid
86.000	68.000	1174.8	0.00085121	-142.51	-136.72	2.8381	0.95813	1.6645	966.91	-0.033959	0.00023253	0.16147	liquid
87.000	68.000	1170.2	0.00085455	-140.87	-135.06	2.8574	0.95421	1.6653	959.35	-0.033739	0.00022621	0.16011	liquid
88.000	68.000	1165.6	0.00085794	-139.23	-133.39	2.8764	0.95034	1.6663	951.78	-0.033508	0.00022017	0.15875	liquid
89.000	68.000	1160.9	0.00086136	-137.58	-131.73	2.8952	0.94651	1.6674	944.21	-0.033264	0.00021439	0.15738	liquid
90.000	68.000	1156.3	0.00086483	-135.94	-130.06	2.9139	0.94274	1.6687	936.63	-0.033009	0.00020886	0.15601	liquid
91.000	68.000	1151.6	0.00086834	-134.29	-128.39	2.9323	0.93902	1.6701	929.05	-0.032741	0.00020355	0.15465	liquid
92.000	68.000	1146.9	0.00087190	-132.65	-126.72	2.9506	0.93534	1.6717	921.45	-0.032459	0.00019846	0.15328	liquid
93.000	68.000	1142.2	0.00087550	-131.00	-125.04	2.9687	0.93172	1.6735	913.85	-0.032165	0.00019356	0.15191	liquid
94.000	68.000	1137.5	0.00087915	-129.35	-123.37	2.9866	0.92814	1.6754	906.24	-0.031856	0.00018886	0.15053	liquid
95.000	68.000	1132.7	0.00088285	-127.70	-121.69	3.0043	0.92461	1.6775	898.62	-0.031533	0.00018434	0.14916	liquid
96.000	68.000	1127.9	0.00088660	-126.04	-120.02	3.0219	0.92113	1.6797	890.99	-0.031195	0.00017998	0.14778	liquid
97.000	68.000	1123.1	0.00089041	-124.39	-118.33	3.0393	0.91770	1.6821	883.34	-0.030841	0.00017578	0.14641	liquid
98.000	68.000	1118.2	0.00089426	-122.73	-116.65	3.0566	0.91432	1.6847	875.68	-0.030471	0.00017172	0.14503	liquid
99.000	68.000	1113.4	0.00089818	-121.07	-114.96	3.0737	0.91098	1.6875	868.00	-0.030085	0.00016781	0.14365	liquid
100.00	68.000	1108.5	0.00090215	-119.41	-113.28	3.0907	0.90769	1.6905	860.30	-0.029681	0.00016403	0.14227	liquid
101.00	68.000	1103.5	0.00090619	-117.75	-111.58	3.1075	0.90445	1.6936	852.59	-0.029260	0.00016037	0.14088	liquid
102.00	68.000	1098.6	0.00091029	-116.08	-109.89	3.1242	0.90125	1.6970	844.85	-0.028820	0.00015682	0.13950	liquid
103.00	68.000	1093.6	0.00091445	-114.41	-108.19	3.1408	0.89810	1.7005	837.09	-0.028361	0.00015339	0.13811	liquid
104.00	68.000	1088.5	0.00091868	-112.73	-106.49	3.1572	0.89500	1.7043	829.31	-0.027882	0.00015007	0.13673	liquid
105.00	68.000	1083.4	0.00092298	-111.06	-104.78	3.1736	0.89194	1.7083	821.50	-0.027382	0.00014684	0.13534	liquid
106.00	68.000	1078.3	0.00092735	-109.38	-103.07	3.1898	0.88893	1.7125	813.67	-0.026860	0.00014370	0.13395	liquid
107.00	68.000	1073.2	0.00093180	-107.69	-101.36	3.2059	0.88596	1.7169	805.81	-0.026315	0.00014065	0.13256	liquid
108.00	68.000	1068.0	0.00093632	-106.00	-99.637	3.2219	0.88304	1.7216	797.92	-0.025747	0.00013769	0.13117	liquid
109.00	68.000	1062.8	0.00094093	-104.31	-97.913	3.2378	0.88017	1.7265	790.00	-0.025154	0.00013481	0.12979	liquid
110.00	68.000	1057.5	0.00094562	-102.61	-96.184	3.2535	0.87734	1.7317	782.04	-0.024534	0.00013200	0.12840	liquid
111.00	68.000	1052.2	0.00095040	-100.91	-94.449	3.2692	0.87456	1.7371	774.05	-0.023888	0.00012926	0.12701	liquid
112.00	68.000	1046.8	0.00095527	-99.205	-92.709	3.2848	0.87183	1.7428	766.02	-0.023213	0.00012659	0.12562	liquid
113.00	68.000	1041.4	0.00096023	-97.493	-90.964	3.3004	0.86914	1.7489	757.96	-0.022508	0.00012399	0.12423	liquid
114.00	68.000	1035.9	0.00096530	-95.776	-89.212	3.3158	0.86650	1.7552	749.85	-0.021771	0.00012145	0.12284	liquid
115.00	68.000	1030.4	0.00097047	-94.052	-87.453	3.3312	0.86391	1.7619	741.71	-0.021002	0.00011897	0.12144	liquid
116.00	68.000	1024.9	0.00097574	-92.323	-85.688	3.3464	0.86136	1.7689	733.51	-0.020197	0.00011654	0.12005	liquid
117.00	68.000	1019.2	0.00098113	-90.587	-83.915	3.3617	0.85887	1.7762	725.27	-0.019355	0.00011416	0.11866	liquid
118.00	68.000	1013.5	0.00098664	-88.844	-82.135	3.3768	0.85642	1.7840	716.99	-0.018475	0.00011184	0.11726	liquid
119.00	68.000	1007.8	0.00099227	-87.095	-80.347	3.3919	0.85403	1.7921	708.65	-0.017553	0.00010957	0.11587	liquid
120.00	68.000	1002.0	0.00099803	-85.337	-78.551	3.4069	0.85169	1.8007	700.25	-0.016588	0.00010734	0.11447	liquid
121.00	68.000	996.09	0.0010039	-83.572	-76.746	3.4219	0.84940	1.8097	691.80	-0.015576	0.00010515	0.11307	liquid
122.00	68.000	990.13	0.0010100	-81.799	-74.931	3.4368	0.84716	1.8192	683.30	-0.014515	0.00010301	0.11168	liquid
123.00	68.000	984.10	0.0010162	-80.017	-73.107	3.4517	0.84498	1.8292	674.72	-0.013402	0.00010091	0.11028	liquid
124.00	68.000	977.99	0.0010225	-78.226	-71.273	3.4666	0.84286	1.8398	666.09	-0.012233	9.8841e-05	0.10888	liquid
125.00	68.000	971.79	0.0010290	-76.425	-69.427	3.4814	0.84079	1.8510	657.38	-0.011005	9.6813e-05	0.10749	liquid
126.00	68.000	965.52	0.0010357	-74.613	-67.570	3.4962	0.83879	1.8628	648.61	-0.0097132	9.4820e-05	0.10609	liquid
127.00	68.000	959.14	0.0010426	-72.791	-65.701	3.5110	0.83685	1.8753	639.75	-0.0083534	9.2860e-05	0.10469	liquid
128.00	68.000	952.68	0.0010497	-70.957	-63.820	3.5257	0.83498	1.8885	630.82	-0.0069208	9.0933e-05	0.10329	liquid
129.00	68.000	946.11	0.0010570	-69.111	-61.924	3.5405	0.83317	1.9025	621.80	-0.0054098	8.9036e-05	0.10190	liquid
130.00	68.000	939.44	0.0010645	-67.253	-60.014	3.5552	0.83144	1.9174	612.70	-0.0038146	8.7168e-05	0.10050	liquid
131.00	68.000	932.65	0.0010722	-65.380	-58.089	3.5700	0.82978	1.9333	603.50	-0.0021283	8.5327e-05	0.099098	liquid
132.00	68.000	925.74	0.0010802	-63.493	-56.147	3.5848	0.82820	1.9501	594.21	-0.00034366	8.3513e-05	0.097699	liquid
133.00	68.000	918.71	0.0010885	-61.590	-54.188	3.5995	0.82671	1.9681	584.81	0.0015476	8.1724e-05	0.096299	liquid
134.00	68.000	911.54	0.0010970	-59.671	-52.211	3.6144	0.82530	1.9874	575.30	0.0035547	7.9959e-05	0.094899	liquid
135.00	68.000	904.22	0.0011059	-57.733	-50.213	3.6292	0.82399	2.0079	565.67	0.0056880	7.8215e-05	0.093499	liquid
136.00	68.000	896.75	0.0011151	-55.777	-48.194	3.6441	0.82277	2.0300	555.92	0.0079592	7.6493e-05	0.092097	liquid
137.00	68.000	889.12	0.0011247	-53.801	-46.152	3.6591	0.82167	2.0538	546.04	0.010381	7.4790e-05	0.090695	liquid
138.00	68.000	881.31	0.0011347	-51.802	-44.086	3.6741	0.82068	2.0794	536.02	0.012970	7.3106e-05	0.089291	liquid
139.00	68.000	873.31	0.0011451	-49.779	-41.993	3.6892	0.81981	2.1071	525.86	0.015741	7.1438e-05	0.087887	liquid
140.00	68.000	865.10	0.0011559	-47.731	-39.871	3.7044	0.81908	2.1372	515.53	0.018715	6.9786e-05	0.086480	liquid
141.00	68.000	856.67	0.0011673	-45.655	-37.718	3.7197	0.81850	2.1700	505.03	0.021914	6.8148e-05	0.085071	liquid
142.00	68.000	847.99	0.0011793	-43.549	-35.530	3.7352	0.81808	2.2057	494.35	0.025365	6.6522e-05	0.083659	liquid
143.00	68.000	839.05	0.0011918	-41.409	-33.305	3.7508	0.81784	2.2450	483.48	0.029096	6.4906e-05	0.082245	liquid
144.00	68.000	829.81	0.0012051	-39.233	-31.039	3.7666	0.81780	2.2882	472.40	0.033145	6.3298e-05	0.080826	liquid
145.00	68.000	820.26	0.0012191	-37.017	-28.727	3.7826	0.81799	2.3361	461.09	0.037551	6.1697e-05	0.079402	liquid
146.00	68.000	810.35	0.0012340	-34.756	-26.365	3.7988	0.81842	2.3894	449.54	0.042366	6.0099e-05	0.077973	liquid
147.00	68.000	800.04	0.0012499	-32.446	-23.946	3.8154	0.81914	2.4491	437.73	0.047647	5.8502e-05	0.076536	liquid
148.00	68.000	789.28	0.0012670	-30.080	-21.464	3.8322	0.82018	2.5164	425.64	0.053465	5.6904e-05	0.075092	liquid
149.00	68.000	778.02	0.0012853	-27.650	-18.910	3.8494	0.82160	2.5930	413.25	0.059907	5.5299e-05	0.073637	liquid
150.00	68.000	766.19	0.0013052	-25.149	-16.274	3.8670	0.82345	2.6808	400.53	0.067078	5.3685e-05	0.072170	liquid
151.00	68.000	753.70	0.0013268	-22.566	-13.544	3.8852	0.82581	2.7825	387.45	0.075110	5.2055e-05	0.070689	liquid
152.00	68.000	740.45	0.0013505	-19.887	-10.704	3.9039	0.82877	2.9017	373.99	0.084170	5.0404e-05	0.069191	liquid
153.00	68.000	726.29	0.0013769	-17.096	-7.7332	3.9234	0.83245	3.0433	360.11	0.094471	4.8723e-05	0.067673	liquid
154.00	68.000	711.06	0.0014063	-14.170	-4.6072	3.9437	0.83702	3.2144	345.76	0.10629	4.7004e-05	0.066131	liquid
155.00	68.000	694.53	0.0014398	-11.082	-1.2914	3.9652	0.84267	3.4248	330.91	0.11999	4.5233e-05	0.064562	supercritical
156.00	68.000	676.40	0.0014784	-7.7928	2.2603	3.9880	0.84971	3.6893	315.49	0.13608	4.3393e-05	0.062960	supercritical
157.00	68.000	656.25	0.0015238	-4.2493	6.1126	4.0127	0.85854	4.0304	299.44	0.15524	4.1462e-05	0.061321	supercritical
158.00	68.000	633.49	0.0015786	-0.37644	10.358	4.0396	0.86975	4.4821	282.71	0.17843	3.9410e-05	0.059639	supercritical
159.00	68.000	607.28	0.0016467	3.9330	15.130	4.0697	0.88412	5.0954	265.32	0.20696	3.7196e-05	0.057903	supercritical
160.00	68.000	576.50	0.0017346	8.8293	20.625	4.1042	0.90243	5.9360	247.52	0.24250	3.4771e-05	0.056073	supercritical
161.00	68.000	539.88	0.0018523	14.495	27.091	4.1444	0.92432	7.0342	230.23	0.28660	3.2095e-05	0.054042	supercritical
162.00	68.000	497.07	0.0020118	21.032	34.712	4.1916	0.94501	8.1664	215.55	0.33876	2.9217e-05	0.051571	supercritical
163.00	68.000	451.30	0.0022158	28.117	43.184	4.2438	0.95338	8.5868	206.15	0.39322	2.6406e-05	0.048410	supercritical
164.00	68.000	409.48	0.0024421	34.882	51.489	4.2946	0.94364	7.8717	202.41	0.44086	2.4074e-05	0.044814	supercritical
165.00	68.000	375.75	0.0026614	40.684	58.781	4.3389	0.92383	6.7050	202.05	0.47719	2.2368e-05	0.041484	supercritical
166.00	68.000	349.54	0.0028609	45.494	64.948	4.3762	0.90270	5.6693	203.13	0.50333	2.1162e-05	0.038766	supercritical
167.00	68.000	328.90	0.0030405	49.527	70.202	4.4077	0.88369	4.8771	204.74	0.52183	2.0293e-05	0.036625	supercritical
168.00	68.000	312.18	0.0032032	52.987	74.769	4.4350	0.86736	4.2845	206.54	0.53481	1.9648e-05	0.034930	supercritical
169.00	68.000	298.30	0.0033524	56.023	78.819	4.4590	0.85342	3.8351	208.39	0.54381	1.9155e-05	0.033566	supercritical
170.00	68.000	286.49	0.0034905	58.738	82.473	4.4806	0.84143	3.4864	210.24	0.54986	1.8769e-05	0.032450	supercritical
171.00	68.000	276.28	0.0036195	61.203	85.816	4.5002	0.83100	3.2095	212.08	0.55372	1.8461e-05	0.031521	supercritical
172.00	68.000	267.30	0.0037411	63.470	88.909	4.5182	0.82180	2.9850	213.88	0.55590	1.8213e-05	0.030737	supercritical
173.00	68.000	259.31	0.0038563	65.575	91.799	4.5350	0.81360	2.7995	215.64	0.55679	1.8009e-05	0.030068	supercritical
174.00	68.000	252.13	0.0039662	67.548	94.518	4.5507	0.80622	2.6439	217.37	0.55667	1.7842e-05	0.029491	supercritical
175.00	68.000	245.62	0.0040713	69.409	97.094	4.5654	0.79951	2.5114	219.07	0.55575	1.7704e-05	0.028990	supercritical
176.00	68.000	239.67	0.0041724	71.175	99.547	4.5794	0.79336	2.3973	220.73	0.55420	1.7589e-05	0.028551	supercritical
177.00	68.000	234.20	0.0042699	72.859	101.89	4.5927	0.78770	2.2981	222.36	0.55214	1.7494e-05	0.028165	supercritical
178.00	68.000	229.14	0.0043641	74.471	104.15	4.6054	0.78245	2.2109	223.96	0.54968	1.7415e-05	0.027823	supercritical
179.00	68.000	224.44	0.0044555	76.021	106.32	4.6176	0.77757	2.1337	225.52	0.54688	1.7351e-05	0.027519	supercritical
180.00	68.000	220.05	0.0045444	77.516	108.42	4.6292	0.77300	2.0648	227.06	0.54382	1.7298e-05	0.027248	supercritical
181.00	68.000	215.94	0.0046309	78.961	110.45	4.6405	0.76872	2.0031	228.57	0.54055	1.7255e-05	0.027006	supercritical
182.00	68.000	212.08	0.0047152	80.362	112.43	4.6514	0.76469	1.9473	230.05	0.53710	1.7221e-05	0.026790	supercritical
183.00	68.000	208.43	0.0047977	81.723	114.35	4.6619	0.76089	1.8967	231.51	0.53352	1.7195e-05	0.026595	supercritical
184.00	68.000	204.99	0.0048783	83.048	116.22	4.6721	0.75730	1.8506	232.94	0.52982	1.7176e-05	0.026421	supercritical
185.00	68.000	201.72	0.0049573	84.340	118.05	4.6820	0.75391	1.8084	234.35	0.52604	1.7163e-05	0.026264	supercritical
186.00	68.000	198.62	0.0050348	85.602	119.84	4.6917	0.75069	1.7697	235.74	0.52219	1.7155e-05	0.026123	supercritical
187.00	68.000	195.66	0.0051109	86.836	121.59	4.7011	0.74763	1.7339	237.11	0.51829	1.7152e-05	0.025996	supercritical
188.00	68.000	192.84	0.0051856	88.045	123.31	4.7102	0.74472	1.7009	238.45	0.51435	1.7154e-05	0.025882	supercritical
189.00	68.000	190.15	0.0052591	89.230	124.99	4.7192	0.74195	1.6702	239.78	0.51039	1.7159e-05	0.025780	supercritical
190.00	68.000	187.56	0.0053315	90.394	126.65	4.7279	0.73931	1.6416	241.08	0.50641	1.7168e-05	0.025688	supercritical
191.00	68.000	185.09	0.0054028	91.537	128.28	4.7365	0.73679	1.6150	242.37	0.50242	1.7180e-05	0.025606	supercritical
192.00	68.000	182.71	0.0054731	92.662	129.88	4.7448	0.73439	1.5902	243.64	0.49843	1.7194e-05	0.025533	supercritical
193.00	68.000	180.43	0.0055424	93.769	131.46	4.7530	0.73209	1.5669	244.89	0.49445	1.7212e-05	0.025468	supercritical
194.00	68.000	178.23	0.0056108	94.860	133.01	4.7611	0.72989	1.5450	246.13	0.49047	1.7232e-05	0.025411	supercritical
195.00	68.000	176.11	0.0056783	95.935	134.55	4.7690	0.72779	1.5244	247.35	0.48652	1.7254e-05	0.025360	supercritical
196.00	68.000	174.06	0.0057451	96.995	136.06	4.7767	0.72578	1.5050	248.55	0.48258	1.7278e-05	0.025316	supercritical
197.00	68.000	172.08	0.0058111	98.043	137.56	4.7843	0.72385	1.4867	249.74	0.47866	1.7304e-05	0.025278	supercritical
198.00	68.000	170.17	0.0058764	99.077	139.04	4.7918	0.72200	1.4694	250.92	0.47477	1.7331e-05	0.025245	supercritical
199.00	68.000	168.32	0.0059409	100.10	140.50	4.7992	0.72023	1.4530	252.08	0.47090	1.7360e-05	0.025217	supercritical
200.00	68.000	166.53	0.0060048	101.11	141.94	4.8064	0.71852	1.4375	253.23	0.46706	1.7391e-05	0.025194	supercritical
201.00	68.000	164.80	0.0060681	102.11	143.37	4.8135	0.71689	1.4228	254.36	0.46325	1.7423e-05	0.025175	supercritical
202.00	68.000	163.11	0.0061308	103.10	144.79	4.8206	0.71532	1.4087	255.48	0.45948	1.7456e-05	0.025161	supercritical
203.00	68.000	161.47	0.0061929	104.08	146.19	4.8275	0.71381	1.3954	256.59	0.45573	1.7491e-05	0.025150	supercritical
204.00	68.000	159.89	0.0062545	105.05	147.58	4.8343	0.71236	1.3827	257.69	0.45202	1.7526e-05	0.025143	supercritical
205.00	68.000	158.34	0.0063155	106.01	148.96	4.8410	0.71096	1.3706	258.78	0.44835	1.7563e-05	0.025140	supercritical
206.00	68.000	156.84	0.0063761	106.96	150.32	4.8477	0.70962	1.3590	259.85	0.44471	1.7600e-05	0.025139	supercritical
207.00	68.000	155.37	0.0064361	107.91	151.67	4.8542	0.70832	1.3479	260.92	0.44110	1.7638e-05	0.025142	supercritical
208.00	68.000	153.95	0.0064957	108.85	153.02	4.8607	0.70707	1.3374	261.97	0.43753	1.7678e-05	0.025147	supercritical
209.00	68.000	152.56	0.0065548	109.78	154.35	4.8671	0.70587	1.3272	263.02	0.43399	1.7717e-05	0.025156	supercritical
210.00	68.000	151.20	0.0066136	110.70	155.67	4.8734	0.70472	1.3175	264.05	0.43049	1.7758e-05	0.025166	supercritical
211.00	68.000	149.88	0.0066718	111.62	156.98	4.8796	0.70360	1.3082	265.07	0.42703	1.7799e-05	0.025179	supercritical
212.00	68.000	148.59	0.0067297	112.53	158.29	4.8858	0.70253	1.2993	266.09	0.42360	1.7841e-05	0.025194	supercritical
213.00	68.000	147.33	0.0067873	113.43	159.58	4.8919	0.70149	1.2907	267.10	0.42021	1.7884e-05	0.025212	supercritical
214.00	68.000	146.10	0.0068444	114.33	160.87	4.8979	0.70049	1.2824	268.09	0.41685	1.7927e-05	0.025231	supercritical
215.00	68.000	144.90	0.0069012	115.22	162.15	4.9039	0.69952	1.2745	269.08	0.41353	1.7970e-05	0.025252	supercritical
216.00	68.000	143.73	0.0069576	116.11	163.42	4.9098	0.69859	1.2668	270.06	0.41025	1.8014e-05	0.025275	supercritical
217.00	68.000	142.58	0.0070137	116.99	164.68	4.9156	0.69769	1.2595	271.03	0.40700	1.8059e-05	0.025300	supercritical
218.00	68.000	141.45	0.0070695	117.86	165.94	4.9214	0.69682	1.2524	272.00	0.40378	1.8104e-05	0.025326	supercritical
219.00	68.000	140.35	0.0071250	118.74	167.19	4.9271	0.69598	1.2455	272.95	0.40060	1.8149e-05	0.025354	supercritical
220.00	68.000	139.27	0.0071802	119.60	168.43	4.9328	0.69517	1.2389	273.90	0.39746	1.8195e-05	0.025384	supercritical
221.00	68.000	138.22	0.0072350	120.47	169.66	4.9384	0.69438	1.2326	274.84	0.39435	1.8241e-05	0.025414	supercritical
222.00	68.000	137.18	0.0072896	121.32	170.89	4.9439	0.69363	1.2264	275.77	0.39127	1.8287e-05	0.025447	supercritical
223.00	68.000	136.17	0.0073439	122.18	172.12	4.9494	0.69289	1.2205	276.70	0.38822	1.8334e-05	0.025480	supercritical
224.00	68.000	135.17	0.0073980	123.03	173.33	4.9549	0.69219	1.2147	277.62	0.38521	1.8381e-05	0.025515	supercritical
225.00	68.000	134.20	0.0074518	123.87	174.55	4.9603	0.69150	1.2091	278.53	0.38223	1.8428e-05	0.025551	supercritical
226.00	68.000	133.24	0.0075053	124.72	175.75	4.9656	0.69084	1.2037	279.44	0.37928	1.8476e-05	0.025587	supercritical
227.00	68.000	132.30	0.0075586	125.56	176.95	4.9709	0.69020	1.1985	280.34	0.37636	1.8524e-05	0.025625	supercritical
228.00	68.000	131.38	0.0076117	126.39	178.15	4.9762	0.68958	1.1935	281.23	0.37348	1.8572e-05	0.025665	supercritical
229.00	68.000	130.47	0.0076645	127.22	179.34	4.9814	0.68898	1.1886	282.11	0.37062	1.8620e-05	0.025705	supercritical
230.00	68.000	129.58	0.0077171	128.05	180.53	4.9866	0.68840	1.1838	283.00	0.36780	1.8669e-05	0.025745	supercritical
231.00	68.000	128.71	0.0077694	128.88	181.71	4.9917	0.68784	1.1792	283.87	0.36501	1.8717e-05	0.025787	supercritical
232.00	68.000	127.85	0.0078216	129.70	182.89	4.9968	0.68729	1.1747	284.74	0.36224	1.8766e-05	0.025830	supercritical
233.00	68.000	127.01	0.0078736	130.52	184.06	5.0018	0.68677	1.1704	285.60	0.35951	1.8815e-05	0.025873	supercritical
234.00	68.000	126.18	0.0079253	131.33	185.23	5.0068	0.68626	1.1662	286.46	0.35680	1.8864e-05	0.025918	supercritical
235.00	68.000	125.36	0.0079769	132.15	186.39	5.0118	0.68577	1.1621	287.31	0.35412	1.8914e-05	0.025963	supercritical
236.00	68.000	124.56	0.0080282	132.96	187.55	5.0167	0.68529	1.1581	288.16	0.35147	1.8963e-05	0.026009	supercritical
237.00	68.000	123.77	0.0080794	133.77	188.71	5.0216	0.68483	1.1543	289.00	0.34885	1.9013e-05	0.026055	supercritical
238.00	68.000	123.00	0.0081304	134.57	189.86	5.0265	0.68438	1.1505	289.83	0.34626	1.9063e-05	0.026102	supercritical
239.00	68.000	122.23	0.0081812	135.38	191.01	5.0313	0.68395	1.1468	290.66	0.34369	1.9113e-05	0.026150	supercritical
240.00	68.000	121.48	0.0082318	136.18	192.15	5.0360	0.68353	1.1433	291.49	0.34115	1.9163e-05	0.026198	supercritical
241.00	68.000	120.74	0.0082823	136.97	193.29	5.0408	0.68313	1.1398	292.31	0.33863	1.9213e-05	0.026247	supercritical
242.00	68.000	120.01	0.0083326	137.77	194.43	5.0455	0.68274	1.1364	293.12	0.33614	1.9263e-05	0.026297	supercritical
243.00	68.000	119.29	0.0083827	138.56	195.57	5.0502	0.68236	1.1332	293.94	0.33368	1.9314e-05	0.026347	supercritical
244.00	68.000	118.59	0.0084327	139.36	196.70	5.0548	0.68199	1.1300	294.74	0.33124	1.9364e-05	0.026398	supercritical
245.00	68.000	117.89	0.0084825	140.15	197.83	5.0595	0.68164	1.1269	295.54	0.32883	1.9415e-05	0.026449	supercritical
246.00	68.000	117.20	0.0085322	140.93	198.95	5.0640	0.68130	1.1238	296.34	0.32644	1.9465e-05	0.026501	supercritical
247.00	68.000	116.53	0.0085817	141.72	200.08	5.0686	0.68097	1.1209	297.13	0.32407	1.9516e-05	0.026553	supercritical
248.00	68.000	115.86	0.0086311	142.50	201.19	5.0731	0.68065	1.1180	297.92	0.32173	1.9567e-05	0.026606	supercritical
249.00	68.000	115.20	0.0086803	143.28	202.31	5.0776	0.68034	1.1152	298.71	0.31941	1.9618e-05	0.026659	supercritical
250.00	68.000	114.55	0.0087294	144.06	203.42	5.0821	0.68004	1.1124	299.49	0.31711	1.9668e-05	0.026712	supercritical
251.00	68.000	113.92	0.0087784	144.84	204.54	5.0865	0.67975	1.1098	300.26	0.31484	1.9719e-05	0.026766	supercritical
252.00	68.000	113.29	0.0088272	145.62	205.64	5.0909	0.67947	1.1071	301.03	0.31259	1.9770e-05	0.026821	supercritical
253.00	68.000	112.66	0.0088759	146.39	206.75	5.0953	0.67920	1.1046	301.80	0.31036	1.9821e-05	0.026875	supercritical
254.00	68.000	112.05	0.0089245	147.17	207.85	5.0996	0.67894	1.1021	302.56	0.30815	1.9872e-05	0.026930	supercritical
255.00	68.000	111.45	0.0089729	147.94	208.95	5.1040	0.67869	1.0997	303.32	0.30597	1.9924e-05	0.026986	supercritical
256.00	68.000	110.85	0.0090213	148.71	210.05	5.1083	0.67845	1.0973	304.08	0.30380	1.9975e-05	0.027042	supercritical
257.00	68.000	110.26	0.0090695	149.48	211.15	5.1125	0.67822	1.0950	304.83	0.30166	2.0026e-05	0.027098	supercritical
258.00	68.000	109.68	0.0091175	150.24	212.24	5.1168	0.67799	1.0927	305.58	0.29953	2.0077e-05	0.027154	supercritical
259.00	68.000	109.10	0.0091655	151.01	213.33	5.1210	0.67777	1.0905	306.33	0.29743	2.0128e-05	0.027211	supercritical
260.00	68.000	108.54	0.0092134	151.77	214.42	5.1252	0.67757	1.0884	307.07	0.29535	2.0180e-05	0.027268	supercritical
261.00	68.000	107.98	0.0092611	152.54	215.51	5.1294	0.67737	1.0862	307.80	0.29328	2.0231e-05	0.027325	supercritical
262.00	68.000	107.43	0.0093088	153.30	216.60	5.1335	0.67717	1.0842	308.54	0.29124	2.0282e-05	0.027383	supercritical
263.00	68.000	106.88	0.0093563	154.06	217.68	5.1377	0.67699	1.0822	309.27	0.28921	2.0333e-05	0.027441	supercritical
264.00	68.000	106.34	0.0094037	154.82	218.76	5.1418	0.67681	1.0802	310.00	0.28720	2.0385e-05	0.027499	supercritical
265.00	68.000	105.81	0.0094510	155.57	219.84	5.1458	0.67664	1.0783	310.72	0.28522	2.0436e-05	0.027558	supercritical
266.00	68.000	105.28	0.0094982	156.33	220.92	5.1499	0.67648	1.0764	311.44	0.28325	2.0487e-05	0.027616	supercritical
267.00	68.000	104.76	0.0095454	157.08	221.99	5.1539	0.67632	1.0745	312.16	0.28129	2.0539e-05	0.027675	supercritical
268.00	68.000	104.25	0.0095924	157.84	223.07	5.1580	0.67617	1.0727	312.87	0.27936	2.0590e-05	0.027735	supercritical
269.00	68.000	103.74	0.0096393	158.59	224.14	5.1619	0.67603	1.0710	313.58	0.27744	2.0641e-05	0.027794	supercritical
270.00	68.000	103.24	0.0096861	159.34	225.21	5.1659	0.67589	1.0692	314.29	0.27554	2.0693e-05	0.027854	supercritical
271.00	68.000	102.74	0.0097329	160.09	226.28	5.1699	0.67576	1.0675	314.99	0.27366	2.0744e-05	0.027913	supercritical
272.00	68.000	102.25	0.0097795	160.84	227.34	5.1738	0.67564	1.0659	315.69	0.27179	2.0796e-05	0.027973	supercritical
273.00	68.000	101.77	0.0098261	161.59	228.41	5.1777	0.67552	1.0643	316.39	0.26994	2.0847e-05	0.028034	supercritical
274.00	68.000	101.29	0.0098726	162.34	229.47	5.1816	0.67541	1.0627	317.09	0.26811	2.0898e-05	0.028094	supercritical
275.00	68.000	100.82	0.0099190	163.08	230.53	5.1855	0.67530	1.0611	317.78	0.26629	2.0950e-05	0.028155	supercritical
276.00	68.000	100.35	0.0099653	163.83	231.59	5.1893	0.67520	1.0596	318.47	0.26449	2.1001e-05	0.028216	supercritical
277.00	68.000	99.885	0.010011	164.58	232.65	5.1931	0.67510	1.0581	319.16	0.26271	2.1052e-05	0.028276	supercritical
278.00	68.000	99.427	0.010058	165.32	233.71	5.1969	0.67501	1.0566	319.84	0.26094	2.1103e-05	0.028338	supercritical
279.00	68.000	98.974	0.010104	166.06	234.77	5.2007	0.67493	1.0552	320.52	0.25918	2.1155e-05	0.028399	supercritical
280.00	68.000	98.526	0.010150	166.80	235.82	5.2045	0.67485	1.0538	321.20	0.25744	2.1206e-05	0.028460	supercritical
281.00	68.000	98.082	0.010196	167.54	236.87	5.2083	0.67478	1.0524	321.88	0.25572	2.1257e-05	0.028522	supercritical
282.00	68.000	97.643	0.010241	168.28	237.93	5.2120	0.67471	1.0511	322.55	0.25401	2.1309e-05	0.028584	supercritical
283.00	68.000	97.209	0.010287	169.02	238.98	5.2157	0.67465	1.0498	323.22	0.25231	2.1360e-05	0.028646	supercritical
284.00	68.000	96.779	0.010333	169.76	240.03	5.2194	0.67459	1.0485	323.89	0.25063	2.1411e-05	0.028708	supercritical
285.00	68.000	96.354	0.010378	170.50	241.07	5.2231	0.67454	1.0472	324.55	0.24897	2.1462e-05	0.028770	supercritical
286.00	68.000	95.933	0.010424	171.24	242.12	5.2268	0.67449	1.0460	325.21	0.24731	2.1513e-05	0.028832	supercritical
287.00	68.000	95.517	0.010469	171.97	243.17	5.2304	0.67444	1.0448	325.87	0.24567	2.1564e-05	0.028895	supercritical
288.00	68.000	95.104	0.010515	172.71	244.21	5.2340	0.67440	1.0436	326.53	0.24405	2.1616e-05	0.028957	supercritical
289.00	68.000	94.696	0.010560	173.44	245.25	5.2377	0.67437	1.0424	327.18	0.24244	2.1667e-05	0.029020	supercritical
290.00	68.000	94.292	0.010605	174.18	246.29	5.2413	0.67434	1.0413	327.84	0.24084	2.1718e-05	0.029083	supercritical
291.00	68.000	93.892	0.010651	174.91	247.33	5.2448	0.67431	1.0402	328.49	0.23925	2.1769e-05	0.029145	supercritical
292.00	68.000	93.496	0.010696	175.64	248.37	5.2484	0.67429	1.0391	329.13	0.23768	2.1820e-05	0.029208	supercritical
293.00	68.000	93.104	0.010741	176.38	249.41	5.2520	0.67428	1.0380	329.78	0.23612	2.1871e-05	0.029271	supercritical
294.00	68.000	92.716	0.010786	177.11	250.45	5.2555	0.67426	1.0369	330.42	0.23457	2.1922e-05	0.029335	supercritical
295.00	68.000	92.331	0.010831	177.84	251.49	5.2590	0.67425	1.0359	331.06	0.23304	2.1973e-05	0.029398	supercritical
296.00	68.000	91.950	0.010875	178.57	252.52	5.2625	0.67425	1.0349	331.70	0.23152	2.2023e-05	0.029461	supercritical
297.00	68.000	91.573	0.010920	179.30	253.56	5.2660	0.67425	1.0339	332.33	0.23001	2.2074e-05	0.029524	supercritical
298.00	68.000	91.199	0.010965	180.03	254.59	5.2695	0.67425	1.0329	332.97	0.22851	2.2125e-05	0.029588	supercritical
299.00	68.000	90.829	0.011010	180.76	255.62	5.2729	0.67426	1.0320	333.60	0.22702	2.2176e-05	0.029651	supercritical
300.00	68.000	90.462	0.011054	181.48	256.65	5.2764	0.67427	1.0310	334.23	0.22555	2.2227e-05	0.029715	supercritical
301.00	68.000	90.099	0.011099	182.21	257.68	5.2798	0.67429	1.0301	334.85	0.22408	2.2278e-05	0.029778	supercritical
302.00	68.000	89.739	0.011143	182.94	258.71	5.2832	0.67431	1.0292	335.48	0.22263	2.2328e-05	0.029842	supercritical
303.00	68.000	89.382	0.011188	183.67	259.74	5.2866	0.67433	1.0283	336.10	0.22119	2.2379e-05	0.029906	supercritical
304.00	68.000	89.029	0.011232	184.39	260.77	5.2900	0.67436	1.0275	336.72	0.21976	2.2430e-05	0.029969	supercritical
305.00	68.000	88.679	0.011277	185.12	261.80	5.2934	0.67439	1.0266	337.34	0.21834	2.2480e-05	0.030033	supercritical
306.00	68.000	88.332	0.011321	185.84	262.82	5.2967	0.67442	1.0258	337.95	0.21694	2.2531e-05	0.030096	supercritical
307.00	68.000	87.988	0.011365	186.57	263.85	5.3001	0.67446	1.0250	338.57	0.21554	2.2581e-05	0.030160	supercritical
308.00	68.000	87.647	0.011409	187.29	264.87	5.3034	0.67450	1.0242	339.18	0.21416	2.2632e-05	0.030223	supercritical
309.00	68.000	87.310	0.011453	188.01	265.90	5.3067	0.67454	1.0234	339.79	0.21278	2.2682e-05	0.030284	supercritical
310.00	68.000	86.975	0.011498	188.74	266.92	5.3101	0.67459	1.0226	340.40	0.21142	2.2733e-05	0.030347	supercritical
311.00	68.000	86.643	0.011542	189.46	267.94	5.3133	0.67464	1.0219	341.00	0.21006	2.2783e-05	0.030413	supercritical
312.00	68.000	86.314	0.011586	190.18	268.96	5.3166	0.67469	1.0211	341.61	0.20872	2.2833e-05	0.030478	supercritical
313.00	68.000	85.988	0.011630	190.90	269.99	5.3199	0.67475	1.0204	342.21	0.20738	2.2884e-05	0.030544	supercritical
314.00	68.000	85.665	0.011673	191.63	271.01	5.3231	0.67481	1.0197	342.81	0.20606	2.2934e-05	0.030610	supercritical
315.00	68.000	85.344	0.011717	192.35	272.02	5.3264	0.67487	1.0190	343.41	0.20475	2.2984e-05	0.030675	supercritical
316.00	68.000	85.026	0.011761	193.07	273.04	5.3296	0.67494	1.0183	344.00	0.20344	2.3034e-05	0.030741	supercritical
317.00	68.000	84.711	0.011805	193.79	274.06	5.3328	0.67501	1.0176	344.60	0.20215	2.3085e-05	0.030807	supercritical
318.00	68.000	84.399	0.011849	194.51	275.08	5.3360	0.67509	1.0170	345.19	0.20086	2.3135e-05	0.030873	supercritical
319.00	68.000	84.089	0.011892	195.23	276.10	5.3392	0.67516	1.0163	345.78	0.19958	2.3185e-05	0.030939	supercritical
320.00	68.000	83.781	0.011936	195.95	277.11	5.3424	0.67524	1.0157	346.37	0.19832	2.3235e-05	0.031005	supercritical
321.00	68.000	83.477	0.011979	196.67	278.13	5.3456	0.67532	1.0151	346.96	0.19706	2.3285e-05	0.031071	supercritical
322.00	68.000	83.174	0.012023	197.39	279.14	5.3487	0.67541	1.0145	347.54	0.19581	2.3335e-05	0.031137	supercritical
323.00	68.000	82.875	0.012066	198.10	280.16	5.3519	0.67550	1.0139	348.12	0.19457	2.3385e-05	0.031203	supercritical
324.00	68.000	82.577	0.012110	198.82	281.17	5.3550	0.67559	1.0133	348.71	0.19334	2.3435e-05	0.031269	supercritical
325.00	68.000	82.282	0.012153	199.54	282.18	5.3581	0.67568	1.0127	349.29	0.19212	2.3484e-05	0.031335	supercritical
326.00	68.000	81.990	0.012197	200.26	283.19	5.3612	0.67578	1.0122	349.86	0.19091	2.3534e-05	0.031401	supercritical
327.00	68.000	81.700	0.012240	200.97	284.21	5.3643	0.67588	1.0116	350.44	0.18971	2.3584e-05	0.031467	supercritical
328.00	68.000	81.412	0.012283	201.69	285.22	5.3674	0.67598	1.0111	351.01	0.18851	2.3634e-05	0.031533	supercritical
329.00	68.000	81.126	0.012326	202.41	286.23	5.3705	0.67608	1.0106	351.59	0.18732	2.3683e-05	0.031599	supercritical
330.00	68.000	80.843	0.012370	203.13	287.24	5.3736	0.67619	1.0101	352.16	0.18615	2.3733e-05	0.031666	supercritical
331.00	68.000	80.562	0.012413	203.84	288.25	5.3766	0.67630	1.0096	352.73	0.18498	2.3783e-05	0.031732	supercritical
332.00	68.000	80.283	0.012456	204.56	289.26	5.3797	0.67641	1.0091	353.30	0.18381	2.3832e-05	0.031798	supercritical
333.00	68.000	80.006	0.012499	205.27	290.27	5.3827	0.67653	1.0086	353.86	0.18266	2.3882e-05	0.031864	supercritical
334.00	68.000	79.732	0.012542	205.99	291.28	5.3857	0.67665	1.0081	354.43	0.18151	2.3931e-05	0.031931	supercritical
335.00	68.000	79.459	0.012585	206.70	292.28	5.3887	0.67677	1.0077	354.99	0.18038	2.3980e-05	0.031997	supercritical
336.00	68.000	79.189	0.012628	207.42	293.29	5.3917	0.67689	1.0072	355.55	0.17925	2.4030e-05	0.032063	supercritical
337.00	68.000	78.920	0.012671	208.13	294.30	5.3947	0.67701	1.0068	356.11	0.17812	2.4079e-05	0.032130	supercritical
338.00	68.000	78.654	0.012714	208.85	295.30	5.3977	0.67714	1.0063	356.67	0.17701	2.4128e-05	0.032196	supercritical
339.00	68.000	78.390	0.012757	209.56	296.31	5.4007	0.67727	1.0059	357.23	0.17590	2.4178e-05	0.032263	supercritical
340.00	68.000	78.127	0.012800	210.28	297.32	5.4037	0.67740	1.0055	357.78	0.17480	2.4227e-05	0.032329	supercritical
341.00	68.000	77.867	0.012842	210.99	298.32	5.4066	0.67754	1.0051	358.33	0.17371	2.4276e-05	0.032395	supercritical
342.00	68.000	77.609	0.012885	211.71	299.33	5.4095	0.67768	1.0047	358.89	0.17263	2.4325e-05	0.032462	supercritical
343.00	68.000	77.352	0.012928	212.42	300.33	5.4125	0.67782	1.0043	359.44	0.17155	2.4374e-05	0.032528	supercritical
344.00	68.000	77.097	0.012971	213.13	301.33	5.4154	0.67796	1.0039	359.99	0.17048	2.4423e-05	0.032595	supercritical
345.00	68.000	76.845	0.013013	213.85	302.34	5.4183	0.67810	1.0036	360.53	0.16942	2.4472e-05	0.032661	supercritical
346.00	68.000	76.594	0.013056	214.56	303.34	5.4212	0.67825	1.0032	361.08	0.16837	2.4521e-05	0.032728	supercritical
347.00	68.000	76.345	0.013098	215.28	304.34	5.4241	0.67840	1.0028	361.62	0.16732	2.4570e-05	0.032794	supercritical
348.00	68.000	76.097	0.013141	215.99	305.35	5.4270	0.67855	1.0025	362.17	0.16628	2.4619e-05	0.032860	supercritical
349.00	68.000	75.852	0.013184	216.70	306.35	5.4299	0.67870	1.0022	362.71	0.16524	2.4668e-05	0.032927	supercritical
350.00	68.000	75.608	0.013226	217.41	307.35	5.4327	0.67886	1.0018	363.25	0.16421	2.4717e-05	0.032993	supercritical
351.00	68.000	75.366	0.013269	218.13	308.35	5.4356	0.67901	1.0015	363.79	0.16319	2.4765e-05	0.033060	supercritical
352.00	68.000	75.126	0.013311	218.84	309.35	5.4385	0.67917	1.0012	364.33	0.16218	2.4814e-05	0.033126	supercritical
353.00	68.000	74.887	0.013353	219.55	310.36	5.4413	0.67934	1.0009	364.86	0.16117	2.4863e-05	0.033193	supercritical
354.00	68.000	74.650	0.013396	220.27	311.36	5.4441	0.67950	1.0006	365.40	0.16017	2.4911e-05	0.033259	supercritical
355.00	68.000	74.415	0.013438	220.98	312.36	5.4469	0.67966	1.0003	365.93	0.15918	2.4960e-05	0.033326	supercritical
356.00	68.000	74.181	0.013480	221.69	313.36	5.4498	0.67983	1.0000	366.46	0.15819	2.5008e-05	0.033393	supercritical
357.00	68.000	73.949	0.013523	222.40	314.36	5.4526	0.68000	0.99973	366.99	0.15721	2.5057e-05	0.033459	supercritical
358.00	68.000	73.719	0.013565	223.11	315.36	5.4554	0.68017	0.99946	367.52	0.15624	2.5105e-05	0.033526	supercritical
359.00	68.000	73.490	0.013607	223.83	316.36	5.4581	0.68035	0.99919	368.05	0.15527	2.5154e-05	0.033592	supercritical
360.00	68.000	73.263	0.013650	224.54	317.36	5.4609	0.68052	0.99894	368.58	0.15431	2.5202e-05	0.033659	supercritical
361.00	68.000	73.037	0.013692	225.25	318.35	5.4637	0.68070	0.99869	369.10	0.15335	2.5250e-05	0.033725	supercritical
362.00	68.000	72.813	0.013734	225.96	319.35	5.4665	0.68088	0.99844	369.63	0.15240	2.5298e-05	0.033792	supercritical
363.00	68.000	72.590	0.013776	226.67	320.35	5.4692	0.68106	0.99821	370.15	0.15146	2.5347e-05	0.033858	supercritical
364.00	68.000	72.369	0.013818	227.39	321.35	5.4720	0.68124	0.99798	370.67	0.15052	2.5395e-05	0.033925	supercritical
365.00	68.000	72.149	0.013860	228.10	322.35	5.4747	0.68143	0.99775	371.19	0.14959	2.5443e-05	0.033991	supercritical
366.00	68.000	71.931	0.013902	228.81	323.34	5.4774	0.68162	0.99753	371.71	0.14866	2.5491e-05	0.034058	supercritical
367.00	68.000	71.714	0.013944	229.52	324.34	5.4801	0.68180	0.99732	372.23	0.14774	2.5539e-05	0.034124	supercritical
368.00	68.000	71.499	0.013986	230.23	325.34	5.4829	0.68199	0.99712	372.74	0.14683	2.5587e-05	0.034191	supercritical
369.00	68.000	71.285	0.014028	230.94	326.34	5.4856	0.68219	0.99692	373.26	0.14592	2.5635e-05	0.034257	supercritical
370.00	68.000	71.073	0.014070	231.66	327.33	5.4883	0.68238	0.99672	373.77	0.14502	2.5683e-05	0.034324	supercritical
371.00	68.000	70.861	0.014112	232.37	328.33	5.4910	0.68258	0.99654	374.29	0.14412	2.5731e-05	0.034390	supercritical
372.00	68.000	70.652	0.014154	233.08	329.33	5.4936	0.68277	0.99635	374.80	0.14323	2.5778e-05	0.034457	supercritical
373.00	68.000	70.443	0.014196	233.79	330.32	5.4963	0.68297	0.99618	375.31	0.14235	2.5826e-05	0.034523	supercritical
374.00	68.000	70.236	0.014238	234.50	331.32	5.4990	0.68317	0.99601	375.82	0.14147	2.5874e-05	0.034590	supercritical
375.00	68.000	70.030	0.014280	235.21	332.31	5.5016	0.68337	0.99584	376.32	0.14059	2.5922e-05	0.034656	supercritical
376.00	68.000	69.826	0.014321	235.93	333.31	5.5043	0.68358	0.99568	376.83	0.13972	2.5969e-05	0.034723	supercritical
377.00	68.000	69.623	0.014363	236.64	334.31	5.5069	0.68378	0.99553	377.34	0.13886	2.6017e-05	0.034789	supercritical
378.00	68.000	69.421	0.014405	237.35	335.30	5.5096	0.68399	0.99538	377.84	0.13800	2.6064e-05	0.034856	supercritical
379.00	68.000	69.221	0.014447	238.06	336.30	5.5122	0.68420	0.99523	378.34	0.13715	2.6112e-05	0.034922	supercritical
380.00	68.000	69.021	0.014488	238.77	337.29	5.5148	0.68441	0.99510	378.85	0.13630	2.6159e-05	0.034989	supercritical
381.00	68.000	68.823	0.014530	239.48	338.29	5.5174	0.68462	0.99496	379.35	0.13546	2.6207e-05	0.035055	supercritical
382.00	68.000	68.627	0.014572	240.19	339.28	5.5200	0.68483	0.99483	379.85	0.13462	2.6254e-05	0.035122	supercritical
383.00	68.000	68.431	0.014613	240.91	340.28	5.5226	0.68505	0.99471	380.35	0.13379	2.6301e-05	0.035188	supercritical
384.00	68.000	68.237	0.014655	241.62	341.27	5.5252	0.68527	0.99459	380.84	0.13296	2.6349e-05	0.035254	supercritical
385.00	68.000	68.044	0.014696	242.33	342.27	5.5278	0.68548	0.99448	381.34	0.13214	2.6396e-05	0.035321	supercritical
386.00	68.000	67.852	0.014738	243.04	343.26	5.5304	0.68570	0.99437	381.84	0.13132	2.6443e-05	0.035387	supercritical
387.00	68.000	67.661	0.014780	243.75	344.25	5.5330	0.68592	0.99426	382.33	0.13051	2.6490e-05	0.035454	supercritical
388.00	68.000	67.471	0.014821	244.46	345.25	5.5355	0.68614	0.99417	382.82	0.12970	2.6537e-05	0.035520	supercritical
389.00	68.000	67.283	0.014863	245.18	346.24	5.5381	0.68637	0.99407	383.32	0.12890	2.6584e-05	0.035586	supercritical
390.00	68.000	67.095	0.014904	245.89	347.24	5.5407	0.68659	0.99398	383.81	0.12810	2.6631e-05	0.035653	supercritical
391.00	68.000	66.909	0.014946	246.60	348.23	5.5432	0.68682	0.99389	384.30	0.12731	2.6678e-05	0.035719	supercritical
392.00	68.000	66.724	0.014987	247.31	349.22	5.5457	0.68705	0.99381	384.79	0.12652	2.6725e-05	0.035785	supercritical
393.00	68.000	66.540	0.015028	248.02	350.22	5.5483	0.68727	0.99373	385.27	0.12574	2.6772e-05	0.035852	supercritical
394.00	68.000	66.357	0.015070	248.74	351.21	5.5508	0.68750	0.99366	385.76	0.12496	2.6819e-05	0.035918	supercritical
395.00	68.000	66.176	0.015111	249.45	352.21	5.5533	0.68774	0.99359	386.25	0.12418	2.6866e-05	0.035984	supercritical
396.00	68.000	65.995	0.015153	250.16	353.20	5.5558	0.68797	0.99353	386.73	0.12341	2.6913e-05	0.036051	supercritical
397.00	68.000	65.815	0.015194	250.87	354.19	5.5583	0.68820	0.99347	387.21	0.12265	2.6959e-05	0.036117	supercritical
398.00	68.000	65.637	0.015235	251.59	355.19	5.5608	0.68844	0.99341	387.70	0.12189	2.7006e-05	0.036183	supercritical
399.00	68.000	65.459	0.015277	252.30	356.18	5.5633	0.68867	0.99336	388.18	0.12113	2.7053e-05	0.036249	supercritical
400.00	68.000	65.283	0.015318	253.01	357.17	5.5658	0.68891	0.99331	388.66	0.12038	2.7099e-05	0.036316	supercritical
401.00	68.000	65.107	0.015359	253.72	358.17	5.5683	0.68915	0.99327	389.14	0.11963	2.7146e-05	0.036382	supercritical
402.00	68.000	64.933	0.015400	254.44	359.16	5.5708	0.68939	0.99323	389.62	0.11889	2.7192e-05	0.036448	supercritical
403.00	68.000	64.760	0.015442	255.15	360.15	5.5732	0.68963	0.99319	390.10	0.11815	2.7239e-05	0.036514	supercritical
404.00	68.000	64.587	0.015483	255.86	361.15	5.5757	0.68988	0.99316	390.57	0.11742	2.7285e-05	0.036580	supercritical
405.00	68.000	64.416	0.015524	256.57	362.14	5.5781	0.69012	0.99313	391.05	0.11669	2.7332e-05	0.036647	supercritical
406.00	68.000	64.245	0.015565	257.29	363.13	5.5806	0.69036	0.99310	391.52	0.11596	2.7378e-05	0.036713	supercritical
407.00	68.000	64.076	0.015606	258.00	364.12	5.5830	0.69061	0.99308	392.00	0.11524	2.7424e-05	0.036779	supercritical
408.00	68.000	63.907	0.015648	258.71	365.12	5.5855	0.69086	0.99306	392.47	0.11452	2.7470e-05	0.036845	supercritical
409.00	68.000	63.740	0.015689	259.43	366.11	5.5879	0.69110	0.99305	392.94	0.11381	2.7517e-05	0.036911	supercritical
410.00	68.000	63.573	0.015730	260.14	367.10	5.5903	0.69135	0.99304	393.41	0.11310	2.7563e-05	0.036977	supercritical
411.00	68.000	63.408	0.015771	260.85	368.10	5.5928	0.69160	0.99303	393.88	0.11240	2.7609e-05	0.037043	supercritical
412.00	68.000	63.243	0.015812	261.57	369.09	5.5952	0.69186	0.99303	394.35	0.11170	2.7655e-05	0.037109	supercritical
413.00	68.000	63.079	0.015853	262.28	370.08	5.5976	0.69211	0.99303	394.82	0.11100	2.7701e-05	0.037175	supercritical
414.00	68.000	62.916	0.015894	263.00	371.08	5.6000	0.69236	0.99303	395.29	0.11031	2.7747e-05	0.037241	supercritical
415.00	68.000	62.754	0.015935	263.71	372.07	5.6024	0.69262	0.99303	395.75	0.10962	2.7793e-05	0.037307	supercritical
416.00	68.000	62.593	0.015976	264.42	373.06	5.6048	0.69287	0.99304	396.22	0.10893	2.7839e-05	0.037373	supercritical
417.00	68.000	62.433	0.016017	265.14	374.06	5.6071	0.69313	0.99305	396.68	0.10825	2.7885e-05	0.037439	supercritical
418.00	68.000	62.274	0.016058	265.85	375.05	5.6095	0.69338	0.99307	397.15	0.10757	2.7931e-05	0.037505	supercritical
419.00	68.000	62.115	0.016099	266.57	376.04	5.6119	0.69364	0.99309	397.61	0.10690	2.7976e-05	0.037571	supercritical
420.00	68.000	61.958	0.016140	267.28	377.03	5.6143	0.69390	0.99311	398.07	0.10623	2.8022e-05	0.037637	supercritical
421.00	68.000	61.801	0.016181	268.00	378.03	5.6166	0.69416	0.99313	398.53	0.10556	2.8068e-05	0.037703	supercritical
422.00	68.000	61.645	0.016222	268.71	379.02	5.6190	0.69442	0.99316	398.99	0.10490	2.8114e-05	0.037769	supercritical
423.00	68.000	61.490	0.016263	269.43	380.01	5.6213	0.69468	0.99319	399.45	0.10424	2.8159e-05	0.037835	supercritical
424.00	68.000	61.336	0.016304	270.14	381.01	5.6237	0.69495	0.99323	399.91	0.10359	2.8205e-05	0.037901	supercritical
425.00	68.000	61.182	0.016345	270.86	382.00	5.6260	0.69521	0.99326	400.37	0.10294	2.8250e-05	0.037966	supercritical
426.00	68.000	61.030	0.016385	271.57	382.99	5.6284	0.69548	0.99330	400.83	0.10229	2.8296e-05	0.038032	supercritical
427.00	68.000	60.878	0.016426	272.29	383.99	5.6307	0.69574	0.99334	401.28	0.10165	2.8341e-05	0.038098	supercritical
428.00	68.000	60.727	0.016467	273.00	384.98	5.6330	0.69601	0.99339	401.74	0.10101	2.8387e-05	0.038164	supercritical
429.00	68.000	60.577	0.016508	273.72	385.97	5.6353	0.69628	0.99344	402.19	0.10037	2.8432e-05	0.038230	supercritical
430.00	68.000	60.428	0.016549	274.44	386.97	5.6376	0.69654	0.99349	402.65	0.099738	2.8477e-05	0.038295	supercritical
431.00	68.000	60.279	0.016590	275.15	387.96	5.6399	0.69681	0.99354	403.10	0.099109	2.8523e-05	0.038361	supercritical
432.00	68.000	60.131	0.016630	275.87	388.95	5.6422	0.69708	0.99360	403.55	0.098483	2.8568e-05	0.038427	supercritical
433.00	68.000	59.984	0.016671	276.58	389.95	5.6445	0.69735	0.99365	404.00	0.097860	2.8613e-05	0.038492	supercritical
434.00	68.000	59.838	0.016712	277.30	390.94	5.6468	0.69762	0.99371	404.45	0.097241	2.8658e-05	0.038558	supercritical
435.00	68.000	59.693	0.016753	278.02	391.94	5.6491	0.69789	0.99378	404.90	0.096626	2.8703e-05	0.038624	supercritical
436.00	68.000	59.548	0.016793	278.74	392.93	5.6514	0.69817	0.99384	405.35	0.096013	2.8749e-05	0.038689	supercritical
437.00	68.000	59.404	0.016834	279.45	393.92	5.6537	0.69844	0.99391	405.80	0.095404	2.8794e-05	0.038755	supercritical
438.00	68.000	59.261	0.016875	280.17	394.92	5.6560	0.69871	0.99398	406.24	0.094799	2.8839e-05	0.038820	supercritical
439.00	68.000	59.118	0.016915	280.89	395.91	5.6582	0.69899	0.99406	406.69	0.094196	2.8884e-05	0.038886	supercritical
440.00	68.000	58.976	0.016956	281.60	396.91	5.6605	0.69926	0.99413	407.14	0.093597	2.8929e-05	0.038952	supercritical
441.00	68.000	58.835	0.016997	282.32	397.90	5.6627	0.69954	0.99421	407.58	0.093002	2.8973e-05	0.039017	supercritical
442.00	68.000	58.695	0.017037	283.04	398.89	5.6650	0.69982	0.99429	408.02	0.092409	2.9018e-05	0.039083	supercritical
443.00	68.000	58.555	0.017078	283.76	399.89	5.6672	0.70009	0.99437	408.47	0.091820	2.9063e-05	0.039148	supercritical
444.00	68.000	58.417	0.017118	284.48	400.88	5.6695	0.70037	0.99446	408.91	0.091234	2.9108e-05	0.039214	supercritical
445.00	68.000	58.278	0.017159	285.20	401.88	5.6717	0.70065	0.99454	409.35	0.090651	2.9153e-05	0.039279	supercritical
446.00	68.000	58.141	0.017200	285.91	402.87	5.6740	0.70093	0.99463	409.79	0.090071	2.9197e-05	0.039344	supercritical
447.00	68.000	58.004	0.017240	286.63	403.87	5.6762	0.70121	0.99473	410.23	0.089494	2.9242e-05	0.039410	supercritical
448.00	68.000	57.868	0.017281	287.35	404.86	5.6784	0.70149	0.99482	410.67	0.088921	2.9287e-05	0.039475	supercritical
449.00	68.000	57.733	0.017321	288.07	405.86	5.6806	0.70177	0.99491	411.11	0.088350	2.9331e-05	0.039541	supercritical
450.00	68.000	57.598	0.017362	288.79	406.85	5.6828	0.70205	0.99501	411.55	0.087783	2.9376e-05	0.039606	supercritical
451.00	68.000	57.464	0.017402	289.51	407.85	5.6850	0.70234	0.99511	411.99	0.087218	2.9420e-05	0.039671	supercritical
452.00	68.000	57.330	0.017443	290.23	408.84	5.6872	0.70262	0.99521	412.42	0.086657	2.9465e-05	0.039737	supercritical
453.00	68.000	57.197	0.017483	290.95	409.84	5.6894	0.70290	0.99532	412.86	0.086099	2.9509e-05	0.039802	supercritical
454.00	68.000	57.065	0.017524	291.67	410.83	5.6916	0.70319	0.99542	413.29	0.085543	2.9554e-05	0.039867	supercritical
455.00	68.000	56.934	0.017564	292.39	411.83	5.6938	0.70347	0.99553	413.73	0.084991	2.9598e-05	0.039932	supercritical
456.00	68.000	56.803	0.017605	293.11	412.82	5.6960	0.70376	0.99564	414.16	0.084441	2.9642e-05	0.039998	supercritical
457.00	68.000	56.673	0.017645	293.83	413.82	5.6982	0.70404	0.99575	414.59	0.083895	2.9686e-05	0.040063	supercritical
458.00	68.000	56.543	0.017686	294.55	414.81	5.7004	0.70433	0.99587	415.03	0.083351	2.9731e-05	0.040128	supercritical
459.00	68.000	56.414	0.017726	295.27	415.81	5.7025	0.70462	0.99598	415.46	0.082810	2.9775e-05	0.040193	supercritical
460.00	68.000	56.286	0.017766	295.99	416.81	5.7047	0.70490	0.99610	415.89	0.082272	2.9819e-05	0.040258	supercritical
461.00	68.000	56.158	0.017807	296.72	417.80	5.7069	0.70519	0.99622	416.32	0.081737	2.9863e-05	0.040323	supercritical
462.00	68.000	56.031	0.017847	297.44	418.80	5.7090	0.70548	0.99634	416.75	0.081204	2.9907e-05	0.040388	supercritical
463.00	68.000	55.905	0.017888	298.16	419.79	5.7112	0.70577	0.99646	417.18	0.080675	2.9951e-05	0.040453	supercritical
464.00	68.000	55.779	0.017928	298.88	420.79	5.7133	0.70606	0.99659	417.60	0.080148	2.9995e-05	0.040518	supercritical
465.00	68.000	55.654	0.017968	299.60	421.79	5.7155	0.70634	0.99671	418.03	0.079624	3.0039e-05	0.040583	supercritical
466.00	68.000	55.529	0.018009	300.33	422.78	5.7176	0.70663	0.99684	418.46	0.079103	3.0083e-05	0.040648	supercritical
467.00	68.000	55.405	0.018049	301.05	423.78	5.7198	0.70692	0.99697	418.88	0.078584	3.0127e-05	0.040713	supercritical
468.00	68.000	55.281	0.018089	301.77	424.78	5.7219	0.70721	0.99710	419.31	0.078068	3.0171e-05	0.040778	supercritical
469.00	68.000	55.158	0.018130	302.49	425.78	5.7240	0.70751	0.99723	419.73	0.077555	3.0215e-05	0.040843	supercritical
470.00	68.000	55.036	0.018170	303.22	426.77	5.7261	0.70780	0.99737	420.16	0.077045	3.0259e-05	0.040908	supercritical
471.00	68.000	54.914	0.018210	303.94	427.77	5.7283	0.70809	0.99751	420.58	0.076537	3.0302e-05	0.040973	supercritical
472.00	68.000	54.793	0.018250	304.67	428.77	5.7304	0.70838	0.99764	421.00	0.076032	3.0346e-05	0.041038	supercritical
473.00	68.000	54.672	0.018291	305.39	429.77	5.7325	0.70867	0.99778	421.43	0.075529	3.0390e-05	0.041103	supercritical
474.00	68.000	54.552	0.018331	306.11	430.76	5.7346	0.70897	0.99792	421.85	0.075029	3.0433e-05	0.041168	supercritical
475.00	68.000	54.433	0.018371	306.84	431.76	5.7367	0.70926	0.99806	422.27	0.074531	3.0477e-05	0.041232	supercritical
476.00	68.000	54.314	0.018411	307.56	432.76	5.7388	0.70955	0.99821	422.69	0.074037	3.0520e-05	0.041297	supercritical
477.00	68.000	54.196	0.018452	308.29	433.76	5.7409	0.70985	0.99835	423.11	0.073544	3.0564e-05	0.041362	supercritical
478.00	68.000	54.078	0.018492	309.01	434.76	5.7430	0.71014	0.99850	423.53	0.073054	3.0607e-05	0.041427	supercritical
479.00	68.000	53.960	0.018532	309.74	435.76	5.7451	0.71044	0.99865	423.94	0.072567	3.0651e-05	0.041491	supercritical
480.00	68.000	53.844	0.018572	310.46	436.75	5.7472	0.71073	0.99880	424.36	0.072082	3.0694e-05	0.041556	supercritical
481.00	68.000	53.727	0.018613	311.19	437.75	5.7492	0.71103	0.99895	424.78	0.071600	3.0738e-05	0.041621	supercritical
482.00	68.000	53.612	0.018653	311.91	438.75	5.7513	0.71132	0.99910	425.19	0.071120	3.0781e-05	0.041685	supercritical
483.00	68.000	53.496	0.018693	312.64	439.75	5.7534	0.71162	0.99925	425.61	0.070642	3.0824e-05	0.041750	supercritical
484.00	68.000	53.382	0.018733	313.37	440.75	5.7555	0.71191	0.99941	426.03	0.070167	3.0868e-05	0.041815	supercritical
485.00	68.000	53.268	0.018773	314.09	441.75	5.7575	0.71221	0.99956	426.44	0.069695	3.0911e-05	0.041879	supercritical
486.00	68.000	53.154	0.018813	314.82	442.75	5.7596	0.71250	0.99972	426.85	0.069224	3.0954e-05	0.041944	supercritical
487.00	68.000	53.041	0.018853	315.55	443.75	5.7616	0.71280	0.99988	427.27	0.068756	3.0997e-05	0.042008	supercritical
488.00	68.000	52.928	0.018894	316.27	444.75	5.7637	0.71310	1.0000	427.68	0.068291	3.1040e-05	0.042073	supercritical
489.00	68.000	52.816	0.018934	317.00	445.75	5.7657	0.71340	1.0002	428.09	0.067828	3.1083e-05	0.042137	supercritical
490.00	68.000	52.704	0.018974	317.73	446.75	5.7678	0.71369	1.0004	428.50	0.067367	3.1126e-05	0.042202	supercritical
491.00	68.000	52.593	0.019014	318.46	447.75	5.7698	0.71399	1.0005	428.91	0.066908	3.1169e-05	0.042266	supercritical
492.00	68.000	52.483	0.019054	319.18	448.75	5.7718	0.71429	1.0007	429.33	0.066452	3.1212e-05	0.042331	supercritical
493.00	68.000	52.372	0.019094	319.91	449.75	5.7739	0.71459	1.0009	429.73	0.065998	3.1255e-05	0.042395	supercritical
494.00	68.000	52.263	0.019134	320.64	450.75	5.7759	0.71488	1.0010	430.14	0.065547	3.1298e-05	0.042459	supercritical
495.00	68.000	52.154	0.019174	321.37	451.75	5.7779	0.71518	1.0012	430.55	0.065097	3.1341e-05	0.042524	supercritical
496.00	68.000	52.045	0.019214	322.10	452.75	5.7800	0.71548	1.0014	430.96	0.064650	3.1384e-05	0.042588	supercritical
497.00	68.000	51.937	0.019254	322.83	453.76	5.7820	0.71578	1.0015	431.37	0.064205	3.1427e-05	0.042652	supercritical
498.00	68.000	51.829	0.019294	323.56	454.76	5.7840	0.71608	1.0017	431.78	0.063762	3.1469e-05	0.042717	supercritical
499.00	68.000	51.722	0.019334	324.29	455.76	5.7860	0.71638	1.0019	432.18	0.063322	3.1512e-05	0.042781	supercritical
500.00	68.000	51.615	0.019374	325.02	456.76	5.7880	0.71668	1.0020	432.59	0.062883	3.1555e-05	0.042845	supercritical
501.00	68.000	51.508	0.019414	325.75	457.76	5.7900	0.71698	1.0022	432.99	0.062447	3.1598e-05	0.042909	supercritical
502.00	68.000	51.403	0.019454	326.48	458.77	5.7920	0.71727	1.0024	433.40	0.062013	3.1640e-05	0.042974	supercritical
503.00	68.000	51.297	0.019494	327.21	459.77	5.7940	0.71757	1.0026	433.80	0.061581	3.1683e-05	0.043038	supercritical
504.00	68.000	51.192	0.019534	327.94	460.77	5.7960	0.71787	1.0028	434.20	0.061151	3.1725e-05	0.043102	supercritical
505.00	68.000	51.088	0.019574	328.67	461.77	5.7980	0.71817	1.0029	434.61	0.060724	3.1768e-05	0.043166	supercritical
506.00	68.000	50.983	0.019614	329.40	462.78	5.8000	0.71847	1.0031	435.01	0.060298	3.1810e-05	0.043230	supercritical
507.00	68.000	50.880	0.019654	330.13	463.78	5.8019	0.71877	1.0033	435.41	0.059875	3.1853e-05	0.043294	supercritical
508.00	68.000	50.777	0.019694	330.86	464.78	5.8039	0.71907	1.0035	435.81	0.059453	3.1895e-05	0.043358	supercritical
509.00	68.000	50.674	0.019734	331.60	465.79	5.8059	0.71937	1.0037	436.21	0.059034	3.1938e-05	0.043422	supercritical
510.00	68.000	50.572	0.019774	332.33	466.79	5.8079	0.71967	1.0038	436.61	0.058617	3.1980e-05	0.043486	supercritical
511.00	68.000	50.470	0.019814	333.06	467.79	5.8098	0.71997	1.0040	437.01	0.058202	3.2022e-05	0.043550	supercritical
512.00	68.000	50.368	0.019854	333.79	468.80	5.8118	0.72027	1.0042	437.41	0.057788	3.2064e-05	0.043614	supercritical
513.00	68.000	50.267	0.019894	334.53	469.80	5.8137	0.72057	1.0044	437.81	0.057377	3.2107e-05	0.043678	supercritical
514.00	68.000	50.167	0.019934	335.26	470.81	5.8157	0.72087	1.0046	438.21	0.056968	3.2149e-05	0.043742	supercritical
515.00	68.000	50.066	0.019974	335.99	471.81	5.8177	0.72118	1.0048	438.61	0.056561	3.2191e-05	0.043806	supercritical
516.00	68.000	49.967	0.020013	336.73	472.82	5.8196	0.72148	1.0050	439.01	0.056155	3.2233e-05	0.043870	supercritical
517.00	68.000	49.867	0.020053	337.46	473.82	5.8216	0.72178	1.0051	439.40	0.055752	3.2275e-05	0.043934	supercritical
518.00	68.000	49.768	0.020093	338.19	474.83	5.8235	0.72208	1.0053	439.80	0.055351	3.2317e-05	0.043997	supercritical
519.00	68.000	49.670	0.020133	338.93	475.83	5.8254	0.72238	1.0055	440.19	0.054951	3.2359e-05	0.044061	supercritical
520.00	68.000	49.572	0.020173	339.66	476.84	5.8274	0.72268	1.0057	440.59	0.054554	3.2401e-05	0.044125	supercritical
521.00	68.000	49.474	0.020213	340.40	477.84	5.8293	0.72298	1.0059	440.98	0.054158	3.2443e-05	0.044189	supercritical
522.00	68.000	49.377	0.020253	341.13	478.85	5.8312	0.72328	1.0061	441.38	0.053764	3.2485e-05	0.044253	supercritical
523.00	68.000	49.280	0.020292	341.87	479.86	5.8332	0.72358	1.0063	441.77	0.053373	3.2527e-05	0.044316	supercritical
524.00	68.000	49.183	0.020332	342.60	480.86	5.8351	0.72388	1.0065	442.16	0.052983	3.2569e-05	0.044380	supercritical
525.00	68.000	49.087	0.020372	343.34	481.87	5.8370	0.72418	1.0067	442.56	0.052595	3.2611e-05	0.044444	supercritical
526.00	68.000	48.991	0.020412	344.08	482.88	5.8389	0.72448	1.0069	442.95	0.052208	3.2653e-05	0.044507	supercritical
527.00	68.000	48.896	0.020452	344.81	483.88	5.8408	0.72478	1.0071	443.34	0.051824	3.2695e-05	0.044571	supercritical
528.00	68.000	48.801	0.020491	345.55	484.89	5.8427	0.72508	1.0073	443.73	0.051441	3.2736e-05	0.044634	supercritical
529.00	68.000	48.706	0.020531	346.29	485.90	5.8446	0.72538	1.0075	444.12	0.051061	3.2778e-05	0.044698	supercritical
530.00	68.000	48.612	0.020571	347.02	486.91	5.8465	0.72568	1.0077	444.51	0.050682	3.2820e-05	0.044762	supercritical
531.00	68.000	48.518	0.020611	347.76	487.91	5.8484	0.72598	1.0079	444.90	0.050304	3.2861e-05	0.044825	supercritical
532.00	68.000	48.425	0.020651	348.50	488.92	5.8503	0.72628	1.0081	445.29	0.049929	3.2903e-05	0.044889	supercritical
533.00	68.000	48.332	0.020690	349.24	489.93	5.8522	0.72659	1.0083	445.68	0.049555	3.2945e-05	0.044952	supercritical
534.00	68.000	48.239	0.020730	349.97	490.94	5.8541	0.72689	1.0085	446.07	0.049184	3.2986e-05	0.045015	supercritical
535.00	68.000	48.147	0.020770	350.71	491.95	5.8560	0.72719	1.0087	446.46	0.048814	3.3028e-05	0.045079	supercritical
536.00	68.000	48.055	0.020810	351.45	492.96	5.8579	0.72749	1.0089	446.84	0.048445	3.3069e-05	0.045142	supercritical
537.00	68.000	47.963	0.020849	352.19	493.96	5.8598	0.72779	1.0091	447.23	0.048079	3.3111e-05	0.045206	supercritical
538.00	68.000	47.872	0.020889	352.93	494.97	5.8617	0.72809	1.0093	447.62	0.047714	3.3152e-05	0.045269	supercritical
539.00	68.000	47.781	0.020929	353.67	495.98	5.8635	0.72839	1.0095	448.00	0.047350	3.3193e-05	0.045332	supercritical
540.00	68.000	47.691	0.020968	354.41	496.99	5.8654	0.72869	1.0097	448.39	0.046989	3.3235e-05	0.045396	supercritical
541.00	68.000	47.601	0.021008	355.15	498.00	5.8673	0.72899	1.0099	448.77	0.046629	3.3276e-05	0.045459	supercritical
542.00	68.000	47.511	0.021048	355.89	499.01	5.8691	0.72928	1.0101	449.16	0.046271	3.3317e-05	0.045522	supercritical
543.00	68.000	47.421	0.021087	356.63	500.02	5.8710	0.72958	1.0103	449.54	0.045915	3.3359e-05	0.045585	supercritical
544.00	68.000	47.332	0.021127	357.37	501.03	5.8729	0.72988	1.0105	449.93	0.045560	3.3400e-05	0.045649	supercritical
545.00	68.000	47.244	0.021167	358.11	502.04	5.8747	0.73018	1.0107	450.31	0.045207	3.3441e-05	0.045712	supercritical
546.00	68.000	47.155	0.021207	358.85	503.05	5.8766	0.73048	1.0109	450.69	0.044855	3.3482e-05	0.045775	supercritical
547.00	68.000	47.067	0.021246	359.59	504.07	5.8784	0.73078	1.0111	451.07	0.044505	3.3523e-05	0.045838	supercritical
548.00	68.000	46.980	0.021286	360.33	505.08	5.8803	0.73108	1.0113	451.46	0.044157	3.3564e-05	0.045901	supercritical
549.00	68.000	46.892	0.021326	361.07	506.09	5.8821	0.73138	1.0115	451.84	0.043810	3.3605e-05	0.045964	supercritical
550.00	68.000	46.805	0.021365	361.82	507.10	5.8839	0.73168	1.0118	452.22	0.043465	3.3646e-05	0.046027	supercritical
551.00	68.000	46.718	0.021405	362.56	508.11	5.8858	0.73198	1.0120	452.60	0.043122	3.3687e-05	0.046091	supercritical
552.00	68.000	46.632	0.021444	363.30	509.12	5.8876	0.73227	1.0122	452.98	0.042780	3.3728e-05	0.046154	supercritical
553.00	68.000	46.546	0.021484	364.04	510.14	5.8895	0.73257	1.0124	453.36	0.042439	3.3769e-05	0.046217	supercritical
554.00	68.000	46.460	0.021524	364.79	511.15	5.8913	0.73287	1.0126	453.74	0.042100	3.3810e-05	0.046280	supercritical
555.00	68.000	46.375	0.021563	365.53	512.16	5.8931	0.73317	1.0128	454.12	0.041763	3.3851e-05	0.046343	supercritical
556.00	68.000	46.290	0.021603	366.27	513.17	5.8949	0.73347	1.0130	454.50	0.041428	3.3892e-05	0.046405	supercritical
557.00	68.000	46.205	0.021643	367.02	514.19	5.8968	0.73376	1.0132	454.87	0.041093	3.3933e-05	0.046468	supercritical
558.00	68.000	46.121	0.021682	367.76	515.20	5.8986	0.73406	1.0134	455.25	0.040761	3.3974e-05	0.046531	supercritical
559.00	68.000	46.037	0.021722	368.51	516.21	5.9004	0.73436	1.0137	455.63	0.040430	3.4014e-05	0.046594	supercritical
560.00	68.000	45.953	0.021761	369.25	517.23	5.9022	0.73466	1.0139	456.00	0.040100	3.4055e-05	0.046657	supercritical
561.00	68.000	45.870	0.021801	370.00	518.24	5.9040	0.73495	1.0141	456.38	0.039772	3.4096e-05	0.046720	supercritical
562.00	68.000	45.787	0.021840	370.74	519.26	5.9058	0.73525	1.0143	456.76	0.039445	3.4136e-05	0.046783	supercritical
563.00	68.000	45.704	0.021880	371.49	520.27	5.9076	0.73555	1.0145	457.13	0.039120	3.4177e-05	0.046845	supercritical
564.00	68.000	45.621	0.021920	372.23	521.28	5.9094	0.73584	1.0147	457.51	0.038796	3.4218e-05	0.046908	supercritical
565.00	68.000	45.539	0.021959	372.98	522.30	5.9112	0.73614	1.0149	457.88	0.038474	3.4258e-05	0.046971	supercritical
566.00	68.000	45.457	0.021999	373.72	523.31	5.9130	0.73643	1.0152	458.26	0.038153	3.4299e-05	0.047034	supercritical
567.00	68.000	45.376	0.022038	374.47	524.33	5.9148	0.73673	1.0154	458.63	0.037834	3.4339e-05	0.047096	supercritical
568.00	68.000	45.294	0.022078	375.22	525.35	5.9166	0.73703	1.0156	459.00	0.037516	3.4380e-05	0.047159	supercritical
569.00	68.000	45.213	0.022117	375.96	526.36	5.9184	0.73732	1.0158	459.38	0.037199	3.4420e-05	0.047222	supercritical
570.00	68.000	45.133	0.022157	376.71	527.38	5.9202	0.73762	1.0160	459.75	0.036884	3.4461e-05	0.047284	supercritical
571.00	68.000	45.052	0.022196	377.46	528.39	5.9219	0.73791	1.0162	460.12	0.036571	3.4501e-05	0.047347	supercritical
572.00	68.000	44.972	0.022236	378.21	529.41	5.9237	0.73821	1.0164	460.49	0.036258	3.4541e-05	0.047409	supercritical
573.00	68.000	44.892	0.022275	378.95	530.43	5.9255	0.73850	1.0167	460.86	0.035947	3.4582e-05	0.047472	supercritical
574.00	68.000	44.813	0.022315	379.70	531.44	5.9273	0.73879	1.0169	461.24	0.035638	3.4622e-05	0.047535	supercritical
575.00	68.000	44.734	0.022354	380.45	532.46	5.9290	0.73909	1.0171	461.61	0.035330	3.4662e-05	0.047597	supercritical
576.00	68.000	44.655	0.022394	381.20	533.48	5.9308	0.73938	1.0173	461.98	0.035023	3.4702e-05	0.047660	supercritical
577.00	68.000	44.576	0.022433	381.95	534.49	5.9326	0.73968	1.0175	462.35	0.034718	3.4743e-05	0.047722	supercritical
578.00	68.000	44.498	0.022473	382.70	535.51	5.9343	0.73997	1.0178	462.71	0.034414	3.4783e-05	0.047784	supercritical
579.00	68.000	44.420	0.022512	383.45	536.53	5.9361	0.74026	1.0180	463.08	0.034111	3.4823e-05	0.047847	supercritical
580.00	68.000	44.342	0.022552	384.19	537.55	5.9378	0.74055	1.0182	463.45	0.033810	3.4863e-05	0.047909	supercritical
581.00	68.000	44.265	0.022591	384.94	538.57	5.9396	0.74085	1.0184	463.82	0.033509	3.4903e-05	0.047972	supercritical
582.00	68.000	44.187	0.022631	385.69	539.58	5.9414	0.74114	1.0186	464.19	0.033211	3.4943e-05	0.048034	supercritical
583.00	68.000	44.111	0.022670	386.45	540.60	5.9431	0.74143	1.0188	464.56	0.032913	3.4983e-05	0.048096	supercritical
584.00	68.000	44.034	0.022710	387.20	541.62	5.9448	0.74172	1.0191	464.92	0.032617	3.5023e-05	0.048159	supercritical
585.00	68.000	43.958	0.022749	387.95	542.64	5.9466	0.74201	1.0193	465.29	0.032322	3.5063e-05	0.048221	supercritical
586.00	68.000	43.881	0.022789	388.70	543.66	5.9483	0.74231	1.0195	465.66	0.032029	3.5103e-05	0.048283	supercritical
587.00	68.000	43.806	0.022828	389.45	544.68	5.9501	0.74260	1.0197	466.02	0.031737	3.5143e-05	0.048345	supercritical
588.00	68.000	43.730	0.022868	390.20	545.70	5.9518	0.74289	1.0199	466.39	0.031446	3.5183e-05	0.048408	supercritical
589.00	68.000	43.655	0.022907	390.95	546.72	5.9535	0.74318	1.0202	466.75	0.031156	3.5223e-05	0.048470	supercritical
590.00	68.000	43.580	0.022946	391.71	547.74	5.9553	0.74347	1.0204	467.12	0.030868	3.5263e-05	0.048532	supercritical
591.00	68.000	43.505	0.022986	392.46	548.76	5.9570	0.74376	1.0206	467.48	0.030581	3.5303e-05	0.048594	supercritical
592.00	68.000	43.431	0.023025	393.21	549.78	5.9587	0.74405	1.0208	467.85	0.030295	3.5342e-05	0.048656	supercritical
593.00	68.000	43.356	0.023065	393.96	550.80	5.9604	0.74434	1.0210	468.21	0.030010	3.5382e-05	0.048718	supercritical
594.00	68.000	43.282	0.023104	394.72	551.82	5.9622	0.74463	1.0213	468.57	0.029726	3.5422e-05	0.048780	supercritical
595.00	68.000	43.209	0.023143	395.47	552.85	5.9639	0.74491	1.0215	468.94	0.029444	3.5461e-05	0.048843	supercritical
596.00	68.000	43.135	0.023183	396.22	553.87	5.9656	0.74520	1.0217	469.30	0.029163	3.5501e-05	0.048905	supercritical
597.00	68.000	43.062	0.023222	396.98	554.89	5.9673	0.74549	1.0219	469.66	0.028883	3.5541e-05	0.048967	supercritical
598.00	68.000	42.989	0.023262	397.73	555.91	5.9690	0.74578	1.0221	470.02	0.028605	3.5580e-05	0.049029	supercritical
599.00	68.000	42.917	0.023301	398.49	556.93	5.9707	0.74607	1.0224	470.38	0.028327	3.5620e-05	0.049091	supercritical
600.00	68.000	42.844	0.023340	399.24	557.96	5.9724	0.74635	1.0226	470.75	0.028051	3.5660e-05	0.049152	supercritical
