Temperature (K)	Pressure (bar)	Density (kg/m3)	Volume (m3/kg)	Internal Energy (kJ/kg)	Enthalpy (kJ/kg)	Entropy (J/g*K)	Cv (J/g*K)	Cp (J/g*K)	Sound Spd. (m/s)	Joule-Thomson (K/bar)	Viscosity (Pa*s)	Therm. Cond. (W/m*K)	Phase
60.000	113.00	1295.2	0.00077209	-185.90	-177.17	2.2279	1.0929	1.6505	1157.9	-0.037698	0.00063147	0.19847	liquid
61.000	113.00	1291.0	0.00077460	-184.27	-175.52	2.2552	1.0851	1.6528	1154.0	-0.037539	0.00060179	0.19716	liquid
62.000	113.00	1286.8	0.00077715	-182.65	-173.87	2.2821	1.0781	1.6546	1149.4	-0.037396	0.00057408	0.19585	liquid
63.000	113.00	1282.5	0.00077971	-181.02	-172.21	2.3086	1.0717	1.6561	1144.2	-0.037268	0.00054821	0.19453	liquid
64.000	113.00	1278.3	0.00078230	-179.40	-170.56	2.3347	1.0658	1.6571	1138.6	-0.037153	0.00052403	0.19322	liquid
65.000	113.00	1274.0	0.00078492	-177.77	-168.90	2.3604	1.0602	1.6577	1132.6	-0.037047	0.00050142	0.19191	liquid
66.000	113.00	1269.7	0.00078756	-176.14	-167.24	2.3857	1.0549	1.6581	1126.4	-0.036949	0.00048026	0.19060	liquid
67.000	113.00	1265.5	0.00079022	-174.51	-165.58	2.4106	1.0497	1.6582	1119.9	-0.036857	0.00046045	0.18929	liquid
68.000	113.00	1261.2	0.00079290	-172.88	-163.92	2.4352	1.0448	1.6581	1113.2	-0.036769	0.00044187	0.18798	liquid
69.000	113.00	1256.9	0.00079561	-171.26	-162.27	2.4594	1.0399	1.6578	1106.4	-0.036684	0.00042445	0.18667	liquid
70.000	113.00	1252.6	0.00079834	-169.63	-160.61	2.4832	1.0352	1.6573	1099.5	-0.036601	0.00040809	0.18536	liquid
71.000	113.00	1248.3	0.00080109	-168.00	-158.95	2.5067	1.0305	1.6568	1092.5	-0.036517	0.00039272	0.18405	liquid
72.000	113.00	1244.0	0.00080386	-166.38	-157.29	2.5299	1.0259	1.6562	1085.4	-0.036432	0.00037825	0.18274	liquid
73.000	113.00	1239.7	0.00080666	-164.75	-155.64	2.5527	1.0213	1.6555	1078.3	-0.036345	0.00036463	0.18143	liquid
74.000	113.00	1235.4	0.00080948	-163.13	-153.98	2.5753	1.0168	1.6549	1071.1	-0.036256	0.00035180	0.18012	liquid
75.000	113.00	1231.0	0.00081232	-161.51	-152.33	2.5975	1.0124	1.6542	1063.9	-0.036162	0.00033969	0.17881	liquid
76.000	113.00	1226.7	0.00081519	-159.89	-150.68	2.6194	1.0080	1.6535	1056.7	-0.036064	0.00032825	0.17751	liquid
77.000	113.00	1222.4	0.00081808	-158.27	-149.02	2.6410	1.0036	1.6529	1049.5	-0.035960	0.00031744	0.17620	liquid
78.000	113.00	1218.0	0.00082100	-156.65	-147.37	2.6623	0.99928	1.6523	1042.2	-0.035851	0.00030721	0.17489	liquid
79.000	113.00	1213.7	0.00082394	-155.03	-145.72	2.6834	0.99500	1.6518	1035.0	-0.035736	0.00029752	0.17358	liquid
80.000	113.00	1209.3	0.00082691	-153.41	-144.07	2.7041	0.99077	1.6514	1027.8	-0.035613	0.00028833	0.17227	liquid
81.000	113.00	1204.9	0.00082991	-151.79	-142.41	2.7247	0.98659	1.6510	1020.5	-0.035484	0.00027961	0.17096	liquid
82.000	113.00	1200.6	0.00083294	-150.18	-140.76	2.7449	0.98245	1.6508	1013.3	-0.035347	0.00027133	0.16965	liquid
83.000	113.00	1196.2	0.00083600	-148.56	-139.11	2.7649	0.97835	1.6506	1006.1	-0.035202	0.00026345	0.16833	liquid
84.000	113.00	1191.8	0.00083908	-146.94	-137.46	2.7847	0.97430	1.6505	998.84	-0.035049	0.00025595	0.16702	liquid
85.000	113.00	1187.4	0.00084220	-145.33	-135.81	2.8042	0.97030	1.6506	991.63	-0.034887	0.00024881	0.16571	liquid
86.000	113.00	1182.9	0.00084535	-143.71	-134.16	2.8235	0.96635	1.6507	984.41	-0.034716	0.00024199	0.16439	liquid
87.000	113.00	1178.5	0.00084853	-142.10	-132.51	2.8426	0.96244	1.6510	977.20	-0.034536	0.00023549	0.16308	liquid
88.000	113.00	1174.1	0.00085175	-140.48	-130.86	2.8615	0.95858	1.6514	970.00	-0.034346	0.00022927	0.16177	liquid
89.000	113.00	1169.6	0.00085500	-138.87	-129.21	2.8801	0.95477	1.6519	962.80	-0.034147	0.00022333	0.16045	liquid
90.000	113.00	1165.1	0.00085829	-137.25	-127.56	2.8986	0.95101	1.6525	955.60	-0.033937	0.00021764	0.15913	liquid
91.000	113.00	1160.6	0.00086161	-135.64	-125.90	2.9169	0.94730	1.6532	948.40	-0.033717	0.00021218	0.15782	liquid
92.000	113.00	1156.1	0.00086497	-134.02	-124.25	2.9349	0.94363	1.6541	941.20	-0.033486	0.00020695	0.15650	liquid
93.000	113.00	1151.6	0.00086837	-132.41	-122.59	2.9528	0.94001	1.6551	934.01	-0.033244	0.00020193	0.15518	liquid
94.000	113.00	1147.0	0.00087182	-130.79	-120.94	2.9705	0.93644	1.6562	926.82	-0.032991	0.00019711	0.15386	liquid
95.000	113.00	1142.5	0.00087530	-129.17	-119.28	2.9881	0.93292	1.6575	919.62	-0.032727	0.00019247	0.15254	liquid
96.000	113.00	1137.9	0.00087882	-127.55	-117.62	3.0054	0.92944	1.6589	912.42	-0.032450	0.00018801	0.15122	liquid
97.000	113.00	1133.3	0.00088239	-125.94	-115.96	3.0226	0.92601	1.6604	905.22	-0.032161	0.00018370	0.14989	liquid
98.000	113.00	1128.7	0.00088601	-124.31	-114.30	3.0397	0.92263	1.6621	898.02	-0.031859	0.00017956	0.14857	liquid
99.000	113.00	1124.0	0.00088967	-122.69	-112.64	3.0566	0.91929	1.6639	890.81	-0.031545	0.00017556	0.14725	liquid
100.00	113.00	1119.3	0.00089338	-121.07	-110.98	3.0733	0.91600	1.6658	883.60	-0.031217	0.00017169	0.14592	liquid
101.00	113.00	1114.7	0.00089714	-119.45	-109.31	3.0899	0.91275	1.6679	876.38	-0.030875	0.00016796	0.14460	liquid
102.00	113.00	1109.9	0.00090095	-117.82	-107.64	3.1063	0.90955	1.6701	869.16	-0.030519	0.00016435	0.14327	liquid
103.00	113.00	1105.2	0.00090481	-116.19	-105.97	3.1226	0.90639	1.6725	861.92	-0.030148	0.00016085	0.14195	liquid
104.00	113.00	1100.4	0.00090872	-114.56	-104.29	3.1388	0.90328	1.6750	854.68	-0.029762	0.00015746	0.14062	liquid
105.00	113.00	1095.7	0.00091270	-112.93	-102.62	3.1548	0.90021	1.6777	847.43	-0.029361	0.00015418	0.13929	liquid
106.00	113.00	1090.8	0.00091673	-111.30	-100.94	3.1707	0.89719	1.6806	840.17	-0.028943	0.00015099	0.13797	liquid
107.00	113.00	1086.0	0.00092082	-109.66	-99.257	3.1865	0.89420	1.6835	832.90	-0.028509	0.00014790	0.13664	liquid
108.00	113.00	1081.1	0.00092497	-108.02	-97.572	3.2022	0.89127	1.6867	825.61	-0.028057	0.00014490	0.13531	liquid
109.00	113.00	1076.2	0.00092918	-106.38	-95.883	3.2178	0.88837	1.6900	818.32	-0.027588	0.00014198	0.13399	liquid
110.00	113.00	1071.3	0.00093346	-104.74	-94.192	3.2332	0.88551	1.6935	811.01	-0.027099	0.00013914	0.13266	liquid
111.00	113.00	1066.3	0.00093781	-103.09	-92.496	3.2486	0.88270	1.6972	803.68	-0.026592	0.00013638	0.13134	liquid
112.00	113.00	1061.3	0.00094223	-101.44	-90.797	3.2638	0.87993	1.7010	796.34	-0.026065	0.00013368	0.13002	liquid
113.00	113.00	1056.3	0.00094672	-99.792	-89.094	3.2789	0.87720	1.7050	788.99	-0.025517	0.00013106	0.12869	liquid
114.00	113.00	1051.2	0.00095129	-98.137	-87.387	3.2940	0.87451	1.7092	781.61	-0.024947	0.00012850	0.12737	liquid
115.00	113.00	1046.1	0.00095593	-96.478	-85.676	3.3089	0.87187	1.7136	774.22	-0.024355	0.00012601	0.12605	liquid
116.00	113.00	1041.0	0.00096065	-94.815	-83.960	3.3238	0.86926	1.7183	766.81	-0.023739	0.00012357	0.12474	liquid
117.00	113.00	1035.8	0.00096546	-93.149	-82.239	3.3386	0.86670	1.7231	759.39	-0.023100	0.00012119	0.12342	liquid
118.00	113.00	1030.6	0.00097036	-91.478	-80.513	3.3532	0.86418	1.7281	751.94	-0.022434	0.00011887	0.12210	liquid
119.00	113.00	1025.3	0.00097534	-89.804	-78.783	3.3679	0.86169	1.7334	744.47	-0.021743	0.00011659	0.12078	liquid
120.00	113.00	1020.0	0.00098041	-88.125	-77.047	3.3824	0.85926	1.7389	736.98	-0.021023	0.00011437	0.11947	liquid
121.00	113.00	1014.6	0.00098559	-86.442	-75.305	3.3968	0.85686	1.7446	729.47	-0.020275	0.00011220	0.11816	liquid
122.00	113.00	1009.2	0.00099086	-84.754	-73.557	3.4112	0.85451	1.7506	721.93	-0.019497	0.00011007	0.11684	liquid
123.00	113.00	1003.8	0.00099624	-83.061	-71.804	3.4255	0.85219	1.7569	714.37	-0.018687	0.00010798	0.11553	liquid
124.00	113.00	998.28	0.0010017	-81.363	-70.043	3.4398	0.84993	1.7634	706.78	-0.017844	0.00010594	0.11422	liquid
125.00	113.00	992.73	0.0010073	-79.659	-68.277	3.4540	0.84770	1.7702	699.17	-0.016966	0.00010394	0.11292	liquid
126.00	113.00	987.13	0.0010130	-77.950	-66.503	3.4681	0.84552	1.7773	691.54	-0.016052	0.00010197	0.11161	liquid
127.00	113.00	981.48	0.0010189	-76.235	-64.722	3.4822	0.84338	1.7848	683.87	-0.015099	0.00010005	0.11031	liquid
128.00	113.00	975.76	0.0010248	-74.514	-62.933	3.4962	0.84129	1.7925	676.17	-0.014107	9.8158e-05	0.10901	liquid
129.00	113.00	969.99	0.0010309	-72.786	-61.137	3.5102	0.83924	1.8006	668.45	-0.013072	9.6303e-05	0.10771	liquid
130.00	113.00	964.16	0.0010372	-71.052	-59.332	3.5241	0.83724	1.8091	660.70	-0.011993	9.4482e-05	0.10641	liquid
131.00	113.00	958.26	0.0010436	-69.311	-57.518	3.5380	0.83529	1.8180	652.91	-0.010867	9.2693e-05	0.10512	liquid
132.00	113.00	952.30	0.0010501	-67.562	-55.696	3.5519	0.83339	1.8272	645.09	-0.0096917	9.0935e-05	0.10383	liquid
133.00	113.00	946.26	0.0010568	-65.806	-53.864	3.5657	0.83153	1.8369	637.24	-0.0084646	8.9208e-05	0.10254	liquid
134.00	113.00	940.16	0.0010636	-64.041	-52.022	3.5795	0.82973	1.8470	629.36	-0.0071825	8.7509e-05	0.10126	liquid
135.00	113.00	933.98	0.0010707	-62.268	-50.170	3.5933	0.82797	1.8576	621.44	-0.0058425	8.5839e-05	0.099975	liquid
136.00	113.00	927.72	0.0010779	-60.487	-48.307	3.6070	0.82627	1.8687	613.48	-0.0044411	8.4196e-05	0.098697	liquid
137.00	113.00	921.39	0.0010853	-58.696	-46.432	3.6208	0.82463	1.8804	605.49	-0.0029748	8.2580e-05	0.097423	liquid
138.00	113.00	914.97	0.0010929	-56.896	-44.546	3.6345	0.82304	1.8925	597.46	-0.0014396	8.0989e-05	0.096153	liquid
139.00	113.00	908.46	0.0011008	-55.085	-42.647	3.6482	0.82150	1.9053	589.39	0.00016850	7.9423e-05	0.094887	liquid
140.00	113.00	901.85	0.0011088	-53.265	-40.735	3.6619	0.82003	1.9188	581.29	0.0018541	7.7881e-05	0.093625	liquid
141.00	113.00	895.16	0.0011171	-51.433	-38.809	3.6756	0.81861	1.9328	573.14	0.0036219	7.6363e-05	0.092367	liquid
142.00	113.00	888.36	0.0011257	-49.589	-36.869	3.6893	0.81726	1.9477	564.95	0.0054773	7.4867e-05	0.091113	liquid
143.00	113.00	881.46	0.0011345	-47.733	-34.913	3.7030	0.81597	1.9632	556.73	0.0074258	7.3392e-05	0.089864	liquid
144.00	113.00	874.45	0.0011436	-45.865	-32.942	3.7168	0.81475	1.9796	548.46	0.0094735	7.1939e-05	0.088620	liquid
145.00	113.00	867.32	0.0011530	-43.983	-30.954	3.7305	0.81360	1.9969	540.15	0.011627	7.0507e-05	0.087380	liquid
146.00	113.00	860.07	0.0011627	-42.087	-28.948	3.7443	0.81252	2.0150	531.80	0.013893	6.9094e-05	0.086146	liquid
147.00	113.00	852.70	0.0011727	-40.176	-26.924	3.7581	0.81152	2.0342	523.41	0.016280	6.7701e-05	0.084917	liquid
148.00	113.00	845.19	0.0011832	-38.249	-24.879	3.7720	0.81059	2.0544	514.98	0.018796	6.6326e-05	0.083693	liquid
149.00	113.00	837.55	0.0011940	-36.306	-22.814	3.7859	0.80975	2.0758	506.51	0.021449	6.4970e-05	0.082474	liquid
150.00	113.00	829.76	0.0012052	-34.346	-20.727	3.7999	0.80899	2.0983	498.00	0.024249	6.3631e-05	0.081261	liquid
151.00	113.00	821.81	0.0012168	-32.367	-18.617	3.8139	0.80831	2.1221	489.46	0.027207	6.2309e-05	0.080054	liquid
152.00	113.00	813.70	0.0012289	-30.370	-16.483	3.8280	0.80772	2.1474	480.88	0.030334	6.1004e-05	0.078852	liquid
153.00	113.00	805.43	0.0012416	-28.352	-14.322	3.8421	0.80723	2.1741	472.27	0.033642	5.9714e-05	0.077657	liquid
154.00	113.00	796.97	0.0012548	-26.313	-12.134	3.8564	0.80682	2.2023	463.64	0.037144	5.8440e-05	0.076467	liquid
155.00	113.00	788.32	0.0012685	-24.251	-9.9169	3.8708	0.80652	2.2323	454.98	0.040854	5.7181e-05	0.075283	supercritical
156.00	113.00	779.48	0.0012829	-22.166	-7.6690	3.8852	0.80631	2.2640	446.32	0.044785	5.5936e-05	0.074106	supercritical
157.00	113.00	770.43	0.0012980	-20.055	-5.3883	3.8998	0.80620	2.2976	437.64	0.048956	5.4705e-05	0.072934	supercritical
158.00	113.00	761.16	0.0013138	-17.919	-3.0731	3.9145	0.80619	2.3332	428.96	0.053380	5.3488e-05	0.071769	supercritical
159.00	113.00	751.66	0.0013304	-15.755	-0.72118	3.9293	0.80628	2.3709	420.30	0.058078	5.2283e-05	0.070610	supercritical
160.00	113.00	741.91	0.0013479	-13.561	1.6695	3.9443	0.80646	2.4108	411.66	0.063065	5.1091e-05	0.069457	supercritical
161.00	113.00	731.92	0.0013663	-11.338	4.1013	3.9595	0.80673	2.4530	403.05	0.068362	4.9911e-05	0.068309	supercritical
162.00	113.00	721.66	0.0013857	-9.0821	6.5763	3.9748	0.80708	2.4975	394.50	0.073985	4.8744e-05	0.067168	supercritical
163.00	113.00	711.13	0.0014062	-6.7933	9.0970	3.9903	0.80751	2.5442	386.01	0.079953	4.7588e-05	0.066033	supercritical
164.00	113.00	700.31	0.0014279	-4.4703	11.665	4.0060	0.80801	2.5931	377.62	0.086282	4.6443e-05	0.064903	supercritical
165.00	113.00	689.20	0.0014510	-2.1120	14.284	4.0219	0.80856	2.6440	369.33	0.092986	4.5311e-05	0.063779	supercritical
166.00	113.00	677.80	0.0014754	0.28239	16.954	4.0381	0.80914	2.6966	361.19	0.10008	4.4190e-05	0.062660	supercritical
167.00	113.00	666.10	0.0015013	2.7130	19.677	4.0544	0.80975	2.7505	353.21	0.10756	4.3082e-05	0.061546	supercritical
168.00	113.00	654.10	0.0015288	5.1796	22.455	4.0710	0.81036	2.8049	345.43	0.11543	4.1988e-05	0.060437	supercritical
169.00	113.00	641.82	0.0015581	7.6812	25.287	4.0878	0.81095	2.8592	337.87	0.12368	4.0907e-05	0.059333	supercritical
170.00	113.00	629.27	0.0015891	10.216	28.173	4.1048	0.81150	2.9124	330.58	0.13230	3.9843e-05	0.058233	supercritical
171.00	113.00	616.48	0.0016221	12.781	31.111	4.1221	0.81199	2.9633	323.59	0.14127	3.8796e-05	0.057139	supercritical
172.00	113.00	603.47	0.0016571	15.374	34.099	4.1395	0.81238	3.0107	316.92	0.15054	3.7769e-05	0.056051	supercritical
173.00	113.00	590.28	0.0016941	17.988	37.131	4.1571	0.81267	3.0533	310.62	0.16008	3.6764e-05	0.054969	supercritical
174.00	113.00	576.97	0.0017332	20.618	40.203	4.1748	0.81281	3.0899	304.71	0.16983	3.5785e-05	0.053894	supercritical
175.00	113.00	563.59	0.0017743	23.258	43.308	4.1926	0.81279	3.1191	299.20	0.17973	3.4833e-05	0.052827	supercritical
176.00	113.00	550.20	0.0018175	25.901	46.439	4.2104	0.81257	3.1398	294.12	0.18971	3.3911e-05	0.051772	supercritical
177.00	113.00	536.87	0.0018626	28.537	49.585	4.2282	0.81213	3.1511	289.48	0.19969	3.3024e-05	0.050729	supercritical
178.00	113.00	523.67	0.0019096	31.159	52.737	4.2460	0.81146	3.1523	285.28	0.20958	3.2173e-05	0.049702	supercritical
179.00	113.00	510.65	0.0019583	33.757	55.886	4.2636	0.81053	3.1429	281.52	0.21929	3.1360e-05	0.048694	supercritical
180.00	113.00	497.90	0.0020084	36.324	59.020	4.2811	0.80935	3.1231	278.20	0.22874	3.0589e-05	0.047707	supercritical
181.00	113.00	485.46	0.0020599	38.852	62.129	4.2983	0.80791	3.0933	275.29	0.23783	2.9860e-05	0.046746	supercritical
182.00	113.00	473.39	0.0021124	41.333	65.203	4.3152	0.80622	3.0545	272.79	0.24650	2.9174e-05	0.045814	supercritical
183.00	113.00	461.73	0.0021658	43.762	68.235	4.3319	0.80431	3.0078	270.66	0.25469	2.8532e-05	0.044914	supercritical
184.00	113.00	450.51	0.0022197	46.134	71.217	4.3481	0.80218	2.9547	268.87	0.26235	2.7933e-05	0.044048	supercritical
185.00	113.00	439.74	0.0022741	48.446	74.143	4.3640	0.79987	2.8968	267.41	0.26946	2.7376e-05	0.043219	supercritical
186.00	113.00	429.44	0.0023286	50.696	77.009	4.3794	0.79741	2.8355	266.23	0.27602	2.6860e-05	0.042429	supercritical
187.00	113.00	419.60	0.0023832	52.883	79.813	4.3945	0.79483	2.7722	265.31	0.28201	2.6383e-05	0.041679	supercritical
188.00	113.00	410.22	0.0024377	55.007	82.553	4.4091	0.79215	2.7080	264.62	0.28746	2.5943e-05	0.040967	supercritical
189.00	113.00	401.30	0.0024919	57.070	85.229	4.4233	0.78940	2.6440	264.13	0.29238	2.5538e-05	0.040296	supercritical
190.00	113.00	392.80	0.0025458	59.074	87.842	4.4371	0.78660	2.5808	263.82	0.29681	2.5165e-05	0.039662	supercritical
191.00	113.00	384.71	0.0025993	61.019	90.391	4.4504	0.78378	2.5192	263.66	0.30075	2.4822e-05	0.039066	supercritical
192.00	113.00	377.02	0.0026524	62.909	92.881	4.4634	0.78095	2.4593	263.64	0.30425	2.4507e-05	0.038505	supercritical
193.00	113.00	369.70	0.0027049	64.745	95.311	4.4761	0.77813	2.4016	263.73	0.30734	2.4217e-05	0.037979	supercritical
194.00	113.00	362.73	0.0027569	66.532	97.685	4.4883	0.77532	2.3462	263.93	0.31004	2.3951e-05	0.037485	supercritical
195.00	113.00	356.09	0.0028083	68.270	100.00	4.5003	0.77255	2.2932	264.22	0.31238	2.3707e-05	0.037022	supercritical
196.00	113.00	349.75	0.0028592	69.963	102.27	4.5119	0.76982	2.2427	264.59	0.31438	2.3483e-05	0.036588	supercritical
197.00	113.00	343.71	0.0029094	71.614	104.49	4.5231	0.76714	2.1945	265.02	0.31608	2.3277e-05	0.036181	supercritical
198.00	113.00	337.94	0.0029591	73.224	106.66	4.5341	0.76451	2.1487	265.52	0.31750	2.3088e-05	0.035800	supercritical
199.00	113.00	332.42	0.0030082	74.795	108.79	4.5449	0.76194	2.1051	266.06	0.31865	2.2914e-05	0.035442	supercritical
200.00	113.00	327.14	0.0030568	76.331	110.87	4.5553	0.75943	2.0637	266.65	0.31957	2.2755e-05	0.035107	supercritical
201.00	113.00	322.09	0.0031047	77.833	112.92	4.5655	0.75698	2.0244	267.28	0.32026	2.2608e-05	0.034793	supercritical
202.00	113.00	317.24	0.0031522	79.302	114.92	4.5754	0.75460	1.9871	267.94	0.32075	2.2474e-05	0.034499	supercritical
203.00	113.00	312.59	0.0031991	80.742	116.89	4.5852	0.75228	1.9517	268.63	0.32106	2.2351e-05	0.034223	supercritical
204.00	113.00	308.12	0.0032454	82.153	118.83	4.5947	0.75003	1.9181	269.34	0.32119	2.2239e-05	0.033964	supercritical
205.00	113.00	303.83	0.0032913	83.537	120.73	4.6040	0.74784	1.8861	270.08	0.32117	2.2135e-05	0.033721	supercritical
206.00	113.00	299.70	0.0033367	84.895	122.60	4.6131	0.74572	1.8558	270.84	0.32100	2.2041e-05	0.033493	supercritical
207.00	113.00	295.72	0.0033815	86.229	124.44	4.6220	0.74366	1.8269	271.61	0.32070	2.1955e-05	0.033280	supercritical
208.00	113.00	291.89	0.0034259	87.540	126.25	4.6307	0.74166	1.7994	272.39	0.32027	2.1876e-05	0.033079	supercritical
209.00	113.00	288.19	0.0034699	88.830	128.04	4.6393	0.73973	1.7733	273.19	0.31974	2.1804e-05	0.032892	supercritical
210.00	113.00	284.62	0.0035134	90.099	129.80	4.6477	0.73785	1.7484	274.00	0.31910	2.1739e-05	0.032715	supercritical
211.00	113.00	281.18	0.0035565	91.348	131.54	4.6560	0.73604	1.7246	274.82	0.31837	2.1680e-05	0.032550	supercritical
212.00	113.00	277.84	0.0035992	92.579	133.25	4.6641	0.73428	1.7020	275.64	0.31756	2.1627e-05	0.032395	supercritical
213.00	113.00	274.62	0.0036414	93.793	134.94	4.6720	0.73258	1.6803	276.48	0.31667	2.1578e-05	0.032250	supercritical
214.00	113.00	271.49	0.0036833	94.989	136.61	4.6798	0.73093	1.6597	277.31	0.31570	2.1535e-05	0.032114	supercritical
215.00	113.00	268.47	0.0037248	96.170	138.26	4.6875	0.72933	1.6400	278.15	0.31467	2.1496e-05	0.031987	supercritical
216.00	113.00	265.54	0.0037660	97.335	139.89	4.6951	0.72779	1.6211	279.00	0.31358	2.1462e-05	0.031867	supercritical
217.00	113.00	262.69	0.0038068	98.486	141.50	4.7025	0.72629	1.6031	279.84	0.31243	2.1432e-05	0.031756	supercritical
218.00	113.00	259.93	0.0038472	99.624	143.10	4.7099	0.72484	1.5858	280.69	0.31124	2.1405e-05	0.031651	supercritical
219.00	113.00	257.24	0.0038874	100.75	144.67	4.7171	0.72344	1.5692	281.54	0.31000	2.1382e-05	0.031554	supercritical
220.00	113.00	254.64	0.0039272	101.86	146.24	4.7242	0.72208	1.5533	282.39	0.30872	2.1362e-05	0.031463	supercritical
221.00	113.00	252.10	0.0039667	102.96	147.78	4.7312	0.72077	1.5381	283.24	0.30740	2.1346e-05	0.031378	supercritical
222.00	113.00	249.64	0.0040058	104.05	149.31	4.7381	0.71950	1.5235	284.09	0.30605	2.1332e-05	0.031299	supercritical
223.00	113.00	247.23	0.0040447	105.12	150.83	4.7449	0.71827	1.5094	284.93	0.30467	2.1321e-05	0.031225	supercritical
224.00	113.00	244.90	0.0040834	106.19	152.33	4.7517	0.71707	1.4959	285.78	0.30326	2.1313e-05	0.031157	supercritical
225.00	113.00	242.62	0.0041217	107.25	153.82	4.7583	0.71592	1.4829	286.63	0.30182	2.1307e-05	0.031094	supercritical
226.00	113.00	240.40	0.0041598	108.29	155.30	4.7648	0.71480	1.4704	287.47	0.30037	2.1304e-05	0.031035	supercritical
227.00	113.00	238.23	0.0041976	109.33	156.76	4.7713	0.71371	1.4584	288.32	0.29889	2.1303e-05	0.030981	supercritical
228.00	113.00	236.12	0.0042352	110.36	158.21	4.7777	0.71266	1.4468	289.16	0.29739	2.1304e-05	0.030931	supercritical
229.00	113.00	234.05	0.0042725	111.38	159.66	4.7840	0.71165	1.4356	290.00	0.29588	2.1307e-05	0.030885	supercritical
230.00	113.00	232.04	0.0043096	112.39	161.09	4.7902	0.71066	1.4248	290.83	0.29436	2.1311e-05	0.030843	supercritical
231.00	113.00	230.07	0.0043465	113.39	162.51	4.7964	0.70971	1.4144	291.67	0.29282	2.1318e-05	0.030805	supercritical
232.00	113.00	228.15	0.0043831	114.39	163.91	4.8025	0.70878	1.4044	292.50	0.29128	2.1326e-05	0.030770	supercritical
233.00	113.00	226.27	0.0044195	115.37	165.31	4.8085	0.70788	1.3947	293.33	0.28972	2.1336e-05	0.030739	supercritical
234.00	113.00	224.43	0.0044557	116.35	166.70	4.8145	0.70701	1.3854	294.16	0.28816	2.1347e-05	0.030710	supercritical
235.00	113.00	222.63	0.0044917	117.33	168.08	4.8203	0.70617	1.3763	294.98	0.28659	2.1360e-05	0.030685	supercritical
236.00	113.00	220.87	0.0045275	118.30	169.46	4.8262	0.70535	1.3676	295.80	0.28502	2.1374e-05	0.030663	supercritical
237.00	113.00	219.15	0.0045631	119.26	170.82	4.8319	0.70456	1.3591	296.62	0.28344	2.1390e-05	0.030644	supercritical
238.00	113.00	217.46	0.0045985	120.21	172.18	4.8376	0.70379	1.3509	297.43	0.28186	2.1406e-05	0.030627	supercritical
239.00	113.00	215.81	0.0046338	121.16	173.52	4.8433	0.70305	1.3430	298.25	0.28027	2.1424e-05	0.030613	supercritical
240.00	113.00	214.19	0.0046688	122.10	174.86	4.8489	0.70232	1.3353	299.05	0.27869	2.1443e-05	0.030601	supercritical
241.00	113.00	212.60	0.0047037	123.04	176.19	4.8544	0.70162	1.3278	299.86	0.27710	2.1463e-05	0.030592	supercritical
242.00	113.00	211.04	0.0047384	123.97	177.52	4.8599	0.70094	1.3206	300.66	0.27552	2.1484e-05	0.030584	supercritical
243.00	113.00	209.52	0.0047729	124.90	178.83	4.8653	0.70028	1.3136	301.46	0.27393	2.1507e-05	0.030579	supercritical
244.00	113.00	208.02	0.0048073	125.82	180.14	4.8707	0.69964	1.3068	302.26	0.27235	2.1530e-05	0.030577	supercritical
245.00	113.00	206.55	0.0048415	126.74	181.45	4.8760	0.69902	1.3002	303.05	0.27077	2.1553e-05	0.030576	supercritical
246.00	113.00	205.11	0.0048755	127.65	182.74	4.8813	0.69842	1.2938	303.84	0.26919	2.1578e-05	0.030577	supercritical
247.00	113.00	203.69	0.0049094	128.56	184.04	4.8866	0.69784	1.2876	304.63	0.26762	2.1604e-05	0.030580	supercritical
248.00	113.00	202.30	0.0049432	129.46	185.32	4.8917	0.69727	1.2815	305.41	0.26605	2.1630e-05	0.030584	supercritical
249.00	113.00	200.93	0.0049768	130.36	186.60	4.8969	0.69673	1.2757	306.19	0.26448	2.1657e-05	0.030591	supercritical
250.00	113.00	199.59	0.0050103	131.26	187.87	4.9020	0.69619	1.2700	306.96	0.26292	2.1685e-05	0.030599	supercritical
251.00	113.00	198.27	0.0050436	132.15	189.14	4.9071	0.69568	1.2644	307.74	0.26136	2.1714e-05	0.030608	supercritical
252.00	113.00	196.97	0.0050768	133.03	190.40	4.9121	0.69518	1.2590	308.51	0.25981	2.1743e-05	0.030619	supercritical
253.00	113.00	195.70	0.0051099	133.92	191.66	4.9170	0.69469	1.2538	309.27	0.25826	2.1773e-05	0.030632	supercritical
254.00	113.00	194.45	0.0051428	134.79	192.91	4.9220	0.69422	1.2487	310.04	0.25672	2.1803e-05	0.030646	supercritical
255.00	113.00	193.21	0.0051756	135.67	194.15	4.9269	0.69376	1.2437	310.80	0.25518	2.1834e-05	0.030661	supercritical
256.00	113.00	192.00	0.0052083	136.54	195.40	4.9317	0.69332	1.2388	311.56	0.25366	2.1866e-05	0.030678	supercritical
257.00	113.00	190.81	0.0052408	137.41	196.63	4.9366	0.69289	1.2341	312.31	0.25213	2.1898e-05	0.030696	supercritical
258.00	113.00	189.64	0.0052733	138.28	197.86	4.9413	0.69247	1.2295	313.06	0.25062	2.1930e-05	0.030715	supercritical
259.00	113.00	188.48	0.0053056	139.14	199.09	4.9461	0.69207	1.2250	313.81	0.24911	2.1963e-05	0.030735	supercritical
260.00	113.00	187.34	0.0053378	140.00	200.31	4.9508	0.69168	1.2207	314.55	0.24761	2.1997e-05	0.030757	supercritical
261.00	113.00	186.22	0.0053699	140.85	201.53	4.9555	0.69130	1.2164	315.30	0.24611	2.2031e-05	0.030779	supercritical
262.00	113.00	185.12	0.0054019	141.70	202.75	4.9601	0.69093	1.2122	316.03	0.24463	2.2065e-05	0.030803	supercritical
263.00	113.00	184.03	0.0054338	142.55	203.96	4.9647	0.69058	1.2082	316.77	0.24315	2.2100e-05	0.030828	supercritical
264.00	113.00	182.96	0.0054656	143.40	205.16	4.9693	0.69023	1.2042	317.50	0.24168	2.2135e-05	0.030853	supercritical
265.00	113.00	181.91	0.0054972	144.25	206.37	4.9739	0.68990	1.2004	318.23	0.24021	2.2171e-05	0.030880	supercritical
266.00	113.00	180.87	0.0055288	145.09	207.56	4.9784	0.68958	1.1966	318.96	0.23875	2.2207e-05	0.030907	supercritical
267.00	113.00	179.85	0.0055603	145.93	208.76	4.9829	0.68926	1.1929	319.68	0.23731	2.2243e-05	0.030936	supercritical
268.00	113.00	178.84	0.0055917	146.76	209.95	4.9873	0.68896	1.1893	320.40	0.23586	2.2280e-05	0.030965	supercritical
269.00	113.00	177.84	0.0056229	147.60	211.14	4.9917	0.68867	1.1858	321.12	0.23443	2.2317e-05	0.030995	supercritical
270.00	113.00	176.86	0.0056541	148.43	212.32	4.9961	0.68839	1.1824	321.84	0.23301	2.2354e-05	0.031026	supercritical
271.00	113.00	175.89	0.0056852	149.26	213.50	5.0005	0.68811	1.1791	322.55	0.23159	2.2392e-05	0.031058	supercritical
272.00	113.00	174.94	0.0057162	150.09	214.68	5.0048	0.68785	1.1758	323.26	0.23018	2.2430e-05	0.031090	supercritical
273.00	113.00	174.00	0.0057472	150.91	215.85	5.0091	0.68759	1.1726	323.96	0.22878	2.2468e-05	0.031123	supercritical
274.00	113.00	173.07	0.0057780	151.73	217.02	5.0134	0.68735	1.1695	324.67	0.22739	2.2507e-05	0.031157	supercritical
275.00	113.00	172.15	0.0058088	152.55	218.19	5.0177	0.68711	1.1664	325.37	0.22600	2.2545e-05	0.031192	supercritical
276.00	113.00	171.25	0.0058394	153.37	219.36	5.0219	0.68688	1.1634	326.07	0.22463	2.2584e-05	0.031227	supercritical
277.00	113.00	170.36	0.0058700	154.19	220.52	5.0261	0.68666	1.1605	326.76	0.22326	2.2624e-05	0.031263	supercritical
278.00	113.00	169.48	0.0059005	155.00	221.68	5.0303	0.68644	1.1576	327.45	0.22190	2.2663e-05	0.031300	supercritical
279.00	113.00	168.61	0.0059309	155.82	222.83	5.0344	0.68624	1.1548	328.14	0.22054	2.2703e-05	0.031337	supercritical
280.00	113.00	167.75	0.0059613	156.63	223.99	5.0386	0.68604	1.1521	328.83	0.21920	2.2743e-05	0.031375	supercritical
281.00	113.00	166.90	0.0059916	157.43	225.14	5.0427	0.68585	1.1494	329.51	0.21786	2.2783e-05	0.031413	supercritical
282.00	113.00	166.06	0.0060218	158.24	226.29	5.0467	0.68567	1.1468	330.20	0.21654	2.2823e-05	0.031452	supercritical
283.00	113.00	165.24	0.0060519	159.05	227.43	5.0508	0.68549	1.1442	330.88	0.21522	2.2864e-05	0.031491	supercritical
284.00	113.00	164.42	0.0060819	159.85	228.58	5.0548	0.68532	1.1417	331.55	0.21391	2.2904e-05	0.031531	supercritical
285.00	113.00	163.62	0.0061119	160.65	229.72	5.0588	0.68516	1.1393	332.23	0.21260	2.2945e-05	0.031572	supercritical
286.00	113.00	162.82	0.0061418	161.45	230.85	5.0628	0.68501	1.1368	332.90	0.21131	2.2986e-05	0.031612	supercritical
287.00	113.00	162.03	0.0061717	162.25	231.99	5.0668	0.68486	1.1345	333.57	0.21002	2.3027e-05	0.031654	supercritical
288.00	113.00	161.25	0.0062014	163.05	233.12	5.0707	0.68472	1.1322	334.24	0.20874	2.3069e-05	0.031696	supercritical
289.00	113.00	160.48	0.0062311	163.84	234.25	5.0746	0.68458	1.1299	334.90	0.20747	2.3110e-05	0.031738	supercritical
290.00	113.00	159.72	0.0062608	164.64	235.38	5.0785	0.68445	1.1277	335.56	0.20620	2.3152e-05	0.031781	supercritical
291.00	113.00	158.97	0.0062903	165.43	236.51	5.0824	0.68433	1.1255	336.22	0.20495	2.3194e-05	0.031824	supercritical
292.00	113.00	158.23	0.0063199	166.22	237.63	5.0863	0.68421	1.1234	336.88	0.20370	2.3236e-05	0.031867	supercritical
293.00	113.00	157.50	0.0063493	167.01	238.76	5.0901	0.68410	1.1213	337.53	0.20246	2.3278e-05	0.031911	supercritical
294.00	113.00	156.77	0.0063787	167.80	239.88	5.0939	0.68400	1.1192	338.18	0.20123	2.3320e-05	0.031955	supercritical
295.00	113.00	156.05	0.0064080	168.58	240.99	5.0977	0.68390	1.1172	338.83	0.20000	2.3362e-05	0.032000	supercritical
296.00	113.00	155.34	0.0064373	169.37	242.11	5.1015	0.68381	1.1153	339.48	0.19879	2.3405e-05	0.032045	supercritical
297.00	113.00	154.64	0.0064665	170.15	243.23	5.1053	0.68372	1.1133	340.13	0.19758	2.3447e-05	0.032090	supercritical
298.00	113.00	153.95	0.0064956	170.94	244.34	5.1090	0.68364	1.1115	340.77	0.19637	2.3490e-05	0.032135	supercritical
299.00	113.00	153.26	0.0065247	171.72	245.45	5.1127	0.68356	1.1096	341.41	0.19518	2.3533e-05	0.032181	supercritical
300.00	113.00	152.58	0.0065538	172.50	246.56	5.1164	0.68349	1.1078	342.05	0.19399	2.3576e-05	0.032227	supercritical
301.00	113.00	151.91	0.0065828	173.28	247.66	5.1201	0.68342	1.1060	342.69	0.19281	2.3619e-05	0.032273	supercritical
302.00	113.00	151.25	0.0066117	174.06	248.77	5.1238	0.68336	1.1042	343.32	0.19164	2.3662e-05	0.032320	supercritical
303.00	113.00	150.59	0.0066406	174.83	249.87	5.1274	0.68330	1.1025	343.95	0.19048	2.3705e-05	0.032366	supercritical
304.00	113.00	149.94	0.0066694	175.61	250.97	5.1311	0.68325	1.1008	344.58	0.18932	2.3748e-05	0.032413	supercritical
305.00	113.00	149.29	0.0066982	176.38	252.07	5.1347	0.68320	1.0992	345.21	0.18817	2.3791e-05	0.032459	supercritical
306.00	113.00	148.66	0.0067269	177.16	253.17	5.1383	0.68316	1.0976	345.84	0.18703	2.3835e-05	0.032506	supercritical
307.00	113.00	148.03	0.0067555	177.93	254.27	5.1418	0.68312	1.0960	346.46	0.18589	2.3878e-05	0.032552	supercritical
308.00	113.00	147.40	0.0067842	178.70	255.36	5.1454	0.68309	1.0944	347.08	0.18476	2.3922e-05	0.032597	supercritical
309.00	113.00	146.78	0.0068127	179.47	256.46	5.1489	0.68306	1.0929	347.70	0.18364	2.3965e-05	0.032637	supercritical
310.00	113.00	146.17	0.0068412	180.24	257.55	5.1525	0.68304	1.0914	348.32	0.18253	2.4009e-05	0.032683	supercritical
311.00	113.00	145.57	0.0068697	181.01	258.64	5.1560	0.68302	1.0899	348.93	0.18142	2.4053e-05	0.032736	supercritical
312.00	113.00	144.97	0.0068981	181.78	259.73	5.1595	0.68300	1.0885	349.54	0.18032	2.4097e-05	0.032788	supercritical
313.00	113.00	144.37	0.0069265	182.55	260.82	5.1630	0.68299	1.0870	350.16	0.17923	2.4140e-05	0.032842	supercritical
314.00	113.00	143.78	0.0069548	183.31	261.90	5.1664	0.68299	1.0856	350.76	0.17814	2.4184e-05	0.032895	supercritical
315.00	113.00	143.20	0.0069831	184.08	262.99	5.1699	0.68299	1.0843	351.37	0.17706	2.4228e-05	0.032949	supercritical
316.00	113.00	142.63	0.0070114	184.84	264.07	5.1733	0.68299	1.0829	351.98	0.17599	2.4272e-05	0.033002	supercritical
317.00	113.00	142.05	0.0070396	185.61	265.15	5.1767	0.68299	1.0816	352.58	0.17492	2.4316e-05	0.033056	supercritical
318.00	113.00	141.49	0.0070677	186.37	266.24	5.1801	0.68300	1.0803	353.18	0.17386	2.4361e-05	0.033110	supercritical
319.00	113.00	140.93	0.0070958	187.13	267.32	5.1835	0.68302	1.0790	353.78	0.17281	2.4405e-05	0.033165	supercritical
320.00	113.00	140.37	0.0071239	187.89	268.39	5.1869	0.68303	1.0778	354.38	0.17176	2.4449e-05	0.033219	supercritical
321.00	113.00	139.82	0.0071519	188.65	269.47	5.1903	0.68306	1.0766	354.97	0.17072	2.4493e-05	0.033274	supercritical
322.00	113.00	139.28	0.0071799	189.41	270.55	5.1936	0.68308	1.0754	355.57	0.16969	2.4537e-05	0.033329	supercritical
323.00	113.00	138.74	0.0072079	190.17	271.62	5.1969	0.68311	1.0742	356.16	0.16866	2.4582e-05	0.033384	supercritical
324.00	113.00	138.20	0.0072358	190.93	272.70	5.2003	0.68314	1.0730	356.75	0.16764	2.4626e-05	0.033439	supercritical
325.00	113.00	137.67	0.0072636	191.69	273.77	5.2036	0.68318	1.0719	357.34	0.16662	2.4671e-05	0.033494	supercritical
326.00	113.00	137.15	0.0072914	192.45	274.84	5.2069	0.68322	1.0708	357.93	0.16561	2.4715e-05	0.033550	supercritical
327.00	113.00	136.63	0.0073192	193.20	275.91	5.2101	0.68326	1.0697	358.51	0.16461	2.4759e-05	0.033605	supercritical
328.00	113.00	136.11	0.0073470	193.96	276.98	5.2134	0.68331	1.0686	359.09	0.16362	2.4804e-05	0.033661	supercritical
329.00	113.00	135.60	0.0073747	194.71	278.05	5.2167	0.68336	1.0675	359.67	0.16263	2.4848e-05	0.033717	supercritical
330.00	113.00	135.09	0.0074024	195.47	279.11	5.2199	0.68341	1.0665	360.25	0.16164	2.4893e-05	0.033773	supercritical
331.00	113.00	134.59	0.0074300	196.22	280.18	5.2231	0.68347	1.0655	360.83	0.16066	2.4937e-05	0.033829	supercritical
332.00	113.00	134.09	0.0074576	196.97	281.24	5.2263	0.68353	1.0645	361.41	0.15969	2.4982e-05	0.033885	supercritical
333.00	113.00	133.60	0.0074852	197.73	282.31	5.2295	0.68359	1.0635	361.98	0.15873	2.5027e-05	0.033942	supercritical
334.00	113.00	133.11	0.0075127	198.48	283.37	5.2327	0.68366	1.0625	362.55	0.15777	2.5071e-05	0.033999	supercritical
335.00	113.00	132.62	0.0075402	199.23	284.43	5.2359	0.68373	1.0615	363.12	0.15681	2.5116e-05	0.034055	supercritical
336.00	113.00	132.14	0.0075677	199.98	285.49	5.2391	0.68380	1.0606	363.69	0.15586	2.5161e-05	0.034112	supercritical
337.00	113.00	131.66	0.0075951	200.73	286.55	5.2422	0.68388	1.0597	364.26	0.15492	2.5205e-05	0.034169	supercritical
338.00	113.00	131.19	0.0076225	201.48	287.61	5.2453	0.68396	1.0588	364.83	0.15398	2.5250e-05	0.034226	supercritical
339.00	113.00	130.72	0.0076498	202.23	288.67	5.2485	0.68404	1.0579	365.39	0.15305	2.5295e-05	0.034283	supercritical
340.00	113.00	130.26	0.0076772	202.98	289.73	5.2516	0.68413	1.0570	365.95	0.15213	2.5339e-05	0.034341	supercritical
341.00	113.00	129.80	0.0077044	203.73	290.79	5.2547	0.68421	1.0562	366.52	0.15121	2.5384e-05	0.034398	supercritical
342.00	113.00	129.34	0.0077317	204.47	291.84	5.2578	0.68431	1.0553	367.07	0.15029	2.5429e-05	0.034456	supercritical
343.00	113.00	128.88	0.0077589	205.22	292.90	5.2609	0.68440	1.0545	367.63	0.14938	2.5473e-05	0.034513	supercritical
344.00	113.00	128.43	0.0077861	205.97	293.95	5.2639	0.68450	1.0537	368.19	0.14848	2.5518e-05	0.034571	supercritical
345.00	113.00	127.99	0.0078133	206.71	295.00	5.2670	0.68460	1.0529	368.74	0.14758	2.5563e-05	0.034629	supercritical
346.00	113.00	127.54	0.0078404	207.46	296.06	5.2700	0.68470	1.0521	369.30	0.14669	2.5608e-05	0.034687	supercritical
347.00	113.00	127.10	0.0078675	208.21	297.11	5.2731	0.68480	1.0514	369.85	0.14580	2.5652e-05	0.034745	supercritical
348.00	113.00	126.67	0.0078946	208.95	298.16	5.2761	0.68491	1.0506	370.40	0.14492	2.5697e-05	0.034803	supercritical
349.00	113.00	126.24	0.0079217	209.70	299.21	5.2791	0.68502	1.0499	370.95	0.14404	2.5742e-05	0.034861	supercritical
350.00	113.00	125.81	0.0079487	210.44	300.26	5.2821	0.68513	1.0491	371.49	0.14317	2.5787e-05	0.034919	supercritical
351.00	113.00	125.38	0.0079757	211.18	301.31	5.2851	0.68525	1.0484	372.04	0.14230	2.5831e-05	0.034978	supercritical
352.00	113.00	124.96	0.0080026	211.93	302.36	5.2881	0.68537	1.0477	372.58	0.14144	2.5876e-05	0.035036	supercritical
353.00	113.00	124.54	0.0080296	212.67	303.40	5.2911	0.68549	1.0470	373.13	0.14058	2.5921e-05	0.035095	supercritical
354.00	113.00	124.12	0.0080565	213.41	304.45	5.2940	0.68561	1.0464	373.67	0.13973	2.5966e-05	0.035153	supercritical
355.00	113.00	123.71	0.0080833	214.15	305.50	5.2970	0.68574	1.0457	374.21	0.13889	2.6010e-05	0.035212	supercritical
356.00	113.00	123.30	0.0081102	214.90	306.54	5.2999	0.68587	1.0451	374.75	0.13804	2.6055e-05	0.035271	supercritical
357.00	113.00	122.90	0.0081370	215.64	307.59	5.3028	0.68600	1.0444	375.28	0.13721	2.6100e-05	0.035330	supercritical
358.00	113.00	122.49	0.0081638	216.38	308.63	5.3058	0.68613	1.0438	375.82	0.13638	2.6145e-05	0.035389	supercritical
359.00	113.00	122.09	0.0081906	217.12	309.67	5.3087	0.68626	1.0432	376.35	0.13555	2.6189e-05	0.035448	supercritical
360.00	113.00	121.69	0.0082173	217.86	310.72	5.3116	0.68640	1.0426	376.89	0.13473	2.6234e-05	0.035507	supercritical
361.00	113.00	121.30	0.0082440	218.60	311.76	5.3145	0.68654	1.0420	377.42	0.13391	2.6279e-05	0.035566	supercritical
362.00	113.00	120.91	0.0082707	219.34	312.80	5.3173	0.68669	1.0414	377.95	0.13310	2.6324e-05	0.035625	supercritical
363.00	113.00	120.52	0.0082974	220.08	313.84	5.3202	0.68683	1.0408	378.48	0.13229	2.6368e-05	0.035684	supercritical
364.00	113.00	120.13	0.0083240	220.82	314.88	5.3231	0.68698	1.0403	379.00	0.13149	2.6413e-05	0.035744	supercritical
365.00	113.00	119.75	0.0083506	221.56	315.92	5.3259	0.68713	1.0397	379.53	0.13069	2.6458e-05	0.035803	supercritical
366.00	113.00	119.37	0.0083772	222.30	316.96	5.3288	0.68728	1.0392	380.05	0.12989	2.6502e-05	0.035863	supercritical
367.00	113.00	118.99	0.0084038	223.04	318.00	5.3316	0.68743	1.0386	380.58	0.12911	2.6547e-05	0.035922	supercritical
368.00	113.00	118.62	0.0084303	223.78	319.04	5.3344	0.68759	1.0381	381.10	0.12832	2.6592e-05	0.035982	supercritical
369.00	113.00	118.25	0.0084568	224.52	320.08	5.3373	0.68774	1.0376	381.62	0.12754	2.6636e-05	0.036042	supercritical
370.00	113.00	117.88	0.0084833	225.25	321.11	5.3401	0.68790	1.0371	382.14	0.12676	2.6681e-05	0.036101	supercritical
371.00	113.00	117.51	0.0085098	225.99	322.15	5.3429	0.68807	1.0366	382.66	0.12599	2.6726e-05	0.036161	supercritical
372.00	113.00	117.15	0.0085362	226.73	323.19	5.3456	0.68823	1.0361	383.18	0.12523	2.6770e-05	0.036221	supercritical
373.00	113.00	116.79	0.0085627	227.47	324.22	5.3484	0.68840	1.0357	383.69	0.12446	2.6815e-05	0.036281	supercritical
374.00	113.00	116.43	0.0085891	228.20	325.26	5.3512	0.68856	1.0352	384.21	0.12371	2.6859e-05	0.036341	supercritical
375.00	113.00	116.07	0.0086154	228.94	326.29	5.3540	0.68873	1.0348	384.72	0.12295	2.6904e-05	0.036401	supercritical
376.00	113.00	115.72	0.0086418	229.68	327.33	5.3567	0.68890	1.0343	385.23	0.12220	2.6948e-05	0.036461	supercritical
377.00	113.00	115.37	0.0086681	230.41	328.36	5.3595	0.68908	1.0339	385.74	0.12146	2.6993e-05	0.036521	supercritical
378.00	113.00	115.02	0.0086944	231.15	329.40	5.3622	0.68925	1.0334	386.25	0.12072	2.7037e-05	0.036581	supercritical
379.00	113.00	114.67	0.0087207	231.89	330.43	5.3649	0.68943	1.0330	386.76	0.11998	2.7082e-05	0.036641	supercritical
380.00	113.00	114.32	0.0087470	232.62	331.46	5.3677	0.68961	1.0326	387.27	0.11925	2.7126e-05	0.036702	supercritical
381.00	113.00	113.98	0.0087733	233.36	332.50	5.3704	0.68979	1.0322	387.77	0.11852	2.7171e-05	0.036762	supercritical
382.00	113.00	113.64	0.0087995	234.09	333.53	5.3731	0.68997	1.0318	388.28	0.11779	2.7215e-05	0.036822	supercritical
383.00	113.00	113.31	0.0088257	234.83	334.56	5.3758	0.69016	1.0314	388.78	0.11707	2.7260e-05	0.036883	supercritical
384.00	113.00	112.97	0.0088519	235.56	335.59	5.3785	0.69035	1.0311	389.28	0.11636	2.7304e-05	0.036943	supercritical
385.00	113.00	112.64	0.0088780	236.30	336.62	5.3811	0.69053	1.0307	389.78	0.11565	2.7349e-05	0.037003	supercritical
386.00	113.00	112.31	0.0089042	237.03	337.65	5.3838	0.69072	1.0303	390.28	0.11494	2.7393e-05	0.037064	supercritical
387.00	113.00	111.98	0.0089303	237.77	338.68	5.3865	0.69092	1.0300	390.78	0.11423	2.7437e-05	0.037124	supercritical
388.00	113.00	111.65	0.0089564	238.50	339.71	5.3891	0.69111	1.0296	391.28	0.11353	2.7482e-05	0.037185	supercritical
389.00	113.00	111.33	0.0089825	239.24	340.74	5.3918	0.69130	1.0293	391.78	0.11284	2.7526e-05	0.037246	supercritical
390.00	113.00	111.01	0.0090086	239.97	341.77	5.3944	0.69150	1.0289	392.27	0.11214	2.7570e-05	0.037306	supercritical
391.00	113.00	110.69	0.0090346	240.71	342.80	5.3971	0.69170	1.0286	392.76	0.11145	2.7615e-05	0.037367	supercritical
392.00	113.00	110.37	0.0090607	241.44	343.83	5.3997	0.69190	1.0283	393.26	0.11077	2.7659e-05	0.037428	supercritical
393.00	113.00	110.05	0.0090867	242.18	344.86	5.4023	0.69210	1.0280	393.75	0.11009	2.7703e-05	0.037488	supercritical
394.00	113.00	109.74	0.0091127	242.91	345.88	5.4049	0.69230	1.0277	394.24	0.10941	2.7747e-05	0.037549	supercritical
395.00	113.00	109.43	0.0091386	243.64	346.91	5.4075	0.69251	1.0274	394.73	0.10874	2.7792e-05	0.037610	supercritical
396.00	113.00	109.12	0.0091646	244.38	347.94	5.4101	0.69271	1.0271	395.22	0.10807	2.7836e-05	0.037671	supercritical
397.00	113.00	108.81	0.0091905	245.11	348.96	5.4127	0.69292	1.0268	395.71	0.10740	2.7880e-05	0.037732	supercritical
398.00	113.00	108.50	0.0092164	245.85	349.99	5.4153	0.69313	1.0265	396.19	0.10674	2.7924e-05	0.037793	supercritical
399.00	113.00	108.20	0.0092423	246.58	351.02	5.4179	0.69334	1.0262	396.68	0.10608	2.7968e-05	0.037853	supercritical
400.00	113.00	107.90	0.0092682	247.31	352.04	5.4204	0.69355	1.0260	397.16	0.10542	2.8012e-05	0.037914	supercritical
401.00	113.00	107.60	0.0092941	248.05	353.07	5.4230	0.69377	1.0257	397.65	0.10477	2.8056e-05	0.037975	supercritical
402.00	113.00	107.30	0.0093199	248.78	354.10	5.4256	0.69398	1.0255	398.13	0.10412	2.8100e-05	0.038036	supercritical
403.00	113.00	107.00	0.0093458	249.51	355.12	5.4281	0.69420	1.0252	398.61	0.10348	2.8144e-05	0.038097	supercritical
404.00	113.00	106.71	0.0093716	250.25	356.15	5.4306	0.69442	1.0250	399.09	0.10284	2.8188e-05	0.038158	supercritical
405.00	113.00	106.41	0.0093974	250.98	357.17	5.4332	0.69463	1.0247	399.57	0.10220	2.8232e-05	0.038220	supercritical
406.00	113.00	106.12	0.0094232	251.71	358.20	5.4357	0.69486	1.0245	400.05	0.10156	2.8276e-05	0.038281	supercritical
407.00	113.00	105.83	0.0094489	252.45	359.22	5.4382	0.69508	1.0243	400.53	0.10093	2.8320e-05	0.038342	supercritical
408.00	113.00	105.54	0.0094747	253.18	360.24	5.4407	0.69530	1.0241	401.00	0.10031	2.8364e-05	0.038403	supercritical
409.00	113.00	105.26	0.0095004	253.91	361.27	5.4432	0.69552	1.0238	401.48	0.099681	2.8408e-05	0.038464	supercritical
410.00	113.00	104.97	0.0095261	254.65	362.29	5.4457	0.69575	1.0236	401.95	0.099060	2.8452e-05	0.038525	supercritical
411.00	113.00	104.69	0.0095518	255.38	363.31	5.4482	0.69598	1.0234	402.43	0.098442	2.8496e-05	0.038586	supercritical
412.00	113.00	104.41	0.0095775	256.11	364.34	5.4507	0.69620	1.0232	402.90	0.097828	2.8539e-05	0.038648	supercritical
413.00	113.00	104.13	0.0096032	256.85	365.36	5.4532	0.69643	1.0230	403.37	0.097217	2.8583e-05	0.038709	supercritical
414.00	113.00	103.85	0.0096288	257.58	366.38	5.4557	0.69666	1.0229	403.84	0.096610	2.8627e-05	0.038770	supercritical
415.00	113.00	103.58	0.0096545	258.31	367.41	5.4581	0.69690	1.0227	404.31	0.096005	2.8671e-05	0.038831	supercritical
416.00	113.00	103.30	0.0096801	259.04	368.43	5.4606	0.69713	1.0225	404.78	0.095404	2.8714e-05	0.038893	supercritical
417.00	113.00	103.03	0.0097057	259.78	369.45	5.4631	0.69736	1.0223	405.25	0.094806	2.8758e-05	0.038954	supercritical
418.00	113.00	102.76	0.0097313	260.51	370.47	5.4655	0.69760	1.0222	405.71	0.094211	2.8802e-05	0.039015	supercritical
419.00	113.00	102.49	0.0097569	261.24	371.50	5.4680	0.69783	1.0220	406.18	0.093619	2.8845e-05	0.039077	supercritical
420.00	113.00	102.22	0.0097824	261.98	372.52	5.4704	0.69807	1.0218	406.64	0.093031	2.8889e-05	0.039138	supercritical
421.00	113.00	101.96	0.0098080	262.71	373.54	5.4728	0.69831	1.0217	407.11	0.092445	2.8933e-05	0.039199	supercritical
422.00	113.00	101.69	0.0098335	263.44	374.56	5.4752	0.69855	1.0215	407.57	0.091863	2.8976e-05	0.039261	supercritical
423.00	113.00	101.43	0.0098590	264.18	375.58	5.4777	0.69879	1.0214	408.03	0.091284	2.9020e-05	0.039322	supercritical
424.00	113.00	101.17	0.0098845	264.91	376.60	5.4801	0.69903	1.0213	408.49	0.090708	2.9063e-05	0.039384	supercritical
425.00	113.00	100.91	0.0099100	265.64	377.63	5.4825	0.69928	1.0211	408.95	0.090134	2.9107e-05	0.039445	supercritical
426.00	113.00	100.65	0.0099355	266.38	378.65	5.4849	0.69952	1.0210	409.41	0.089564	2.9150e-05	0.039507	supercritical
427.00	113.00	100.39	0.0099610	267.11	379.67	5.4873	0.69976	1.0209	409.87	0.088997	2.9193e-05	0.039568	supercritical
428.00	113.00	100.14	0.0099864	267.84	380.69	5.4897	0.70001	1.0208	410.33	0.088433	2.9237e-05	0.039629	supercritical
429.00	113.00	99.882	0.010012	268.58	381.71	5.4920	0.70026	1.0206	410.78	0.087872	2.9280e-05	0.039691	supercritical
430.00	113.00	99.629	0.010037	269.31	382.73	5.4944	0.70051	1.0205	411.24	0.087313	2.9324e-05	0.039752	supercritical
431.00	113.00	99.377	0.010063	270.04	383.75	5.4968	0.70075	1.0204	411.70	0.086758	2.9367e-05	0.039814	supercritical
432.00	113.00	99.127	0.010088	270.78	384.77	5.4992	0.70100	1.0203	412.15	0.086205	2.9410e-05	0.039875	supercritical
433.00	113.00	98.878	0.010113	271.51	385.79	5.5015	0.70125	1.0202	412.60	0.085656	2.9453e-05	0.039937	supercritical
434.00	113.00	98.631	0.010139	272.24	386.81	5.5039	0.70151	1.0201	413.06	0.085109	2.9497e-05	0.039998	supercritical
435.00	113.00	98.385	0.010164	272.98	387.83	5.5062	0.70176	1.0200	413.51	0.084565	2.9540e-05	0.040060	supercritical
436.00	113.00	98.140	0.010190	273.71	388.85	5.5086	0.70201	1.0199	413.96	0.084024	2.9583e-05	0.040121	supercritical
437.00	113.00	97.897	0.010215	274.44	389.87	5.5109	0.70227	1.0199	414.41	0.083485	2.9626e-05	0.040183	supercritical
438.00	113.00	97.655	0.010240	275.18	390.89	5.5132	0.70252	1.0198	414.86	0.082950	2.9669e-05	0.040245	supercritical
439.00	113.00	97.414	0.010265	275.91	391.91	5.5155	0.70278	1.0197	415.30	0.082417	2.9712e-05	0.040306	supercritical
440.00	113.00	97.175	0.010291	276.64	392.93	5.5179	0.70303	1.0196	415.75	0.081887	2.9755e-05	0.040368	supercritical
441.00	113.00	96.936	0.010316	277.38	393.95	5.5202	0.70329	1.0196	416.20	0.081359	2.9798e-05	0.040429	supercritical
442.00	113.00	96.700	0.010341	278.11	394.97	5.5225	0.70355	1.0195	416.64	0.080835	2.9841e-05	0.040491	supercritical
443.00	113.00	96.464	0.010367	278.85	395.99	5.5248	0.70381	1.0194	417.09	0.080313	2.9884e-05	0.040552	supercritical
444.00	113.00	96.230	0.010392	279.58	397.01	5.5271	0.70407	1.0194	417.53	0.079794	2.9927e-05	0.040614	supercritical
445.00	113.00	95.997	0.010417	280.32	398.03	5.5294	0.70433	1.0193	417.98	0.079277	2.9970e-05	0.040676	supercritical
446.00	113.00	95.765	0.010442	281.05	399.05	5.5317	0.70459	1.0193	418.42	0.078763	3.0013e-05	0.040737	supercritical
447.00	113.00	95.534	0.010467	281.78	400.07	5.5340	0.70485	1.0192	418.86	0.078251	3.0056e-05	0.040799	supercritical
448.00	113.00	95.305	0.010493	282.52	401.09	5.5362	0.70512	1.0192	419.30	0.077743	3.0099e-05	0.040860	supercritical
449.00	113.00	95.077	0.010518	283.25	402.10	5.5385	0.70538	1.0191	419.74	0.077236	3.0142e-05	0.040922	supercritical
450.00	113.00	94.850	0.010543	283.99	403.12	5.5408	0.70565	1.0191	420.18	0.076733	3.0185e-05	0.040984	supercritical
451.00	113.00	94.624	0.010568	284.72	404.14	5.5430	0.70591	1.0191	420.62	0.076232	3.0227e-05	0.041045	supercritical
452.00	113.00	94.399	0.010593	285.46	405.16	5.5453	0.70618	1.0190	421.06	0.075733	3.0270e-05	0.041107	supercritical
453.00	113.00	94.176	0.010618	286.19	406.18	5.5475	0.70644	1.0190	421.50	0.075237	3.0313e-05	0.041168	supercritical
454.00	113.00	93.953	0.010644	286.93	407.20	5.5498	0.70671	1.0190	421.93	0.074744	3.0355e-05	0.041230	supercritical
455.00	113.00	93.732	0.010669	287.66	408.22	5.5520	0.70698	1.0190	422.37	0.074252	3.0398e-05	0.041292	supercritical
456.00	113.00	93.512	0.010694	288.40	409.24	5.5543	0.70725	1.0189	422.80	0.073764	3.0441e-05	0.041353	supercritical
457.00	113.00	93.293	0.010719	289.13	410.26	5.5565	0.70752	1.0189	423.24	0.073278	3.0483e-05	0.041415	supercritical
458.00	113.00	93.075	0.010744	289.87	411.28	5.5587	0.70779	1.0189	423.67	0.072794	3.0526e-05	0.041476	supercritical
459.00	113.00	92.859	0.010769	290.60	412.29	5.5610	0.70806	1.0189	424.10	0.072313	3.0568e-05	0.041538	supercritical
460.00	113.00	92.643	0.010794	291.34	413.31	5.5632	0.70833	1.0189	424.54	0.071834	3.0611e-05	0.041600	supercritical
461.00	113.00	92.429	0.010819	292.08	414.33	5.5654	0.70860	1.0189	424.97	0.071357	3.0653e-05	0.041661	supercritical
462.00	113.00	92.215	0.010844	292.81	415.35	5.5676	0.70887	1.0189	425.40	0.070883	3.0696e-05	0.041723	supercritical
463.00	113.00	92.003	0.010869	293.55	416.37	5.5698	0.70914	1.0189	425.83	0.070412	3.0738e-05	0.041784	supercritical
464.00	113.00	91.791	0.010894	294.28	417.39	5.5720	0.70942	1.0189	426.26	0.069942	3.0781e-05	0.041846	supercritical
465.00	113.00	91.581	0.010919	295.02	418.41	5.5742	0.70969	1.0189	426.68	0.069475	3.0823e-05	0.041908	supercritical
466.00	113.00	91.372	0.010944	295.76	419.43	5.5764	0.70996	1.0189	427.11	0.069010	3.0865e-05	0.041969	supercritical
467.00	113.00	91.164	0.010969	296.49	420.45	5.5786	0.71024	1.0189	427.54	0.068548	3.0908e-05	0.042031	supercritical
468.00	113.00	90.957	0.010994	297.23	421.46	5.5807	0.71051	1.0189	427.97	0.068088	3.0950e-05	0.042092	supercritical
469.00	113.00	90.751	0.011019	297.97	422.48	5.5829	0.71079	1.0190	428.39	0.067630	3.0992e-05	0.042154	supercritical
470.00	113.00	90.546	0.011044	298.70	423.50	5.5851	0.71107	1.0190	428.82	0.067174	3.1034e-05	0.042216	supercritical
471.00	113.00	90.341	0.011069	299.44	424.52	5.5872	0.71134	1.0190	429.24	0.066721	3.1076e-05	0.042277	supercritical
472.00	113.00	90.138	0.011094	300.18	425.54	5.5894	0.71162	1.0190	429.66	0.066270	3.1119e-05	0.042339	supercritical
473.00	113.00	89.936	0.011119	300.92	426.56	5.5916	0.71190	1.0190	430.09	0.065821	3.1161e-05	0.042400	supercritical
474.00	113.00	89.735	0.011144	301.65	427.58	5.5937	0.71218	1.0191	430.51	0.065374	3.1203e-05	0.042462	supercritical
475.00	113.00	89.535	0.011169	302.39	428.60	5.5959	0.71246	1.0191	430.93	0.064930	3.1245e-05	0.042524	supercritical
476.00	113.00	89.336	0.011194	303.13	429.62	5.5980	0.71273	1.0191	431.35	0.064487	3.1287e-05	0.042585	supercritical
477.00	113.00	89.138	0.011219	303.87	430.64	5.6001	0.71301	1.0192	431.77	0.064047	3.1329e-05	0.042647	supercritical
478.00	113.00	88.940	0.011243	304.60	431.66	5.6023	0.71329	1.0192	432.19	0.063609	3.1371e-05	0.042708	supercritical
479.00	113.00	88.744	0.011268	305.34	432.67	5.6044	0.71357	1.0193	432.61	0.063173	3.1413e-05	0.042770	supercritical
480.00	113.00	88.549	0.011293	306.08	433.69	5.6065	0.71385	1.0193	433.03	0.062739	3.1455e-05	0.042831	supercritical
481.00	113.00	88.354	0.011318	306.82	434.71	5.6087	0.71414	1.0194	433.45	0.062308	3.1497e-05	0.042893	supercritical
482.00	113.00	88.161	0.011343	307.56	435.73	5.6108	0.71442	1.0194	433.86	0.061878	3.1539e-05	0.042954	supercritical
483.00	113.00	87.968	0.011368	308.30	436.75	5.6129	0.71470	1.0194	434.28	0.061450	3.1580e-05	0.043016	supercritical
484.00	113.00	87.776	0.011393	309.04	437.77	5.6150	0.71498	1.0195	434.70	0.061025	3.1622e-05	0.043078	supercritical
485.00	113.00	87.585	0.011417	309.77	438.79	5.6171	0.71526	1.0196	435.11	0.060602	3.1664e-05	0.043139	supercritical
486.00	113.00	87.396	0.011442	310.51	439.81	5.6192	0.71555	1.0196	435.52	0.060180	3.1706e-05	0.043201	supercritical
487.00	113.00	87.207	0.011467	311.25	440.83	5.6213	0.71583	1.0197	435.94	0.059761	3.1748e-05	0.043262	supercritical
488.00	113.00	87.018	0.011492	311.99	441.85	5.6234	0.71611	1.0197	436.35	0.059344	3.1789e-05	0.043324	supercritical
489.00	113.00	86.831	0.011517	312.73	442.87	5.6255	0.71640	1.0198	436.76	0.058928	3.1831e-05	0.043385	supercritical
490.00	113.00	86.645	0.011541	313.47	443.89	5.6276	0.71668	1.0199	437.18	0.058515	3.1873e-05	0.043447	supercritical
491.00	113.00	86.459	0.011566	314.21	444.91	5.6296	0.71697	1.0199	437.59	0.058104	3.1914e-05	0.043508	supercritical
492.00	113.00	86.274	0.011591	314.95	445.93	5.6317	0.71725	1.0200	438.00	0.057694	3.1956e-05	0.043570	supercritical
493.00	113.00	86.091	0.011616	315.69	446.95	5.6338	0.71753	1.0201	438.41	0.057287	3.1997e-05	0.043631	supercritical
494.00	113.00	85.908	0.011640	316.43	447.97	5.6359	0.71782	1.0201	438.82	0.056881	3.2039e-05	0.043692	supercritical
495.00	113.00	85.726	0.011665	317.17	448.99	5.6379	0.71811	1.0202	439.23	0.056478	3.2080e-05	0.043754	supercritical
496.00	113.00	85.544	0.011690	317.91	450.01	5.6400	0.71839	1.0203	439.64	0.056076	3.2122e-05	0.043815	supercritical
497.00	113.00	85.364	0.011715	318.66	451.03	5.6420	0.71868	1.0204	440.04	0.055677	3.2163e-05	0.043877	supercritical
498.00	113.00	85.184	0.011739	319.40	452.05	5.6441	0.71896	1.0204	440.45	0.055279	3.2205e-05	0.043938	supercritical
499.00	113.00	85.005	0.011764	320.14	453.07	5.6461	0.71925	1.0205	440.86	0.054883	3.2246e-05	0.044000	supercritical
500.00	113.00	84.827	0.011789	320.88	454.09	5.6482	0.71954	1.0206	441.26	0.054489	3.2287e-05	0.044061	supercritical
501.00	113.00	84.650	0.011813	321.62	455.11	5.6502	0.71982	1.0207	441.67	0.054097	3.2329e-05	0.044123	supercritical
502.00	113.00	84.473	0.011838	322.36	456.13	5.6522	0.72011	1.0208	442.07	0.053706	3.2370e-05	0.044184	supercritical
503.00	113.00	84.298	0.011863	323.11	457.15	5.6543	0.72040	1.0209	442.48	0.053318	3.2411e-05	0.044245	supercritical
504.00	113.00	84.123	0.011887	323.85	458.17	5.6563	0.72069	1.0209	442.88	0.052931	3.2453e-05	0.044307	supercritical
505.00	113.00	83.949	0.011912	324.59	459.20	5.6583	0.72097	1.0210	443.28	0.052546	3.2494e-05	0.044368	supercritical
506.00	113.00	83.775	0.011937	325.33	460.22	5.6604	0.72126	1.0211	443.69	0.052163	3.2535e-05	0.044429	supercritical
507.00	113.00	83.603	0.011961	326.08	461.24	5.6624	0.72155	1.0212	444.09	0.051782	3.2576e-05	0.044491	supercritical
508.00	113.00	83.431	0.011986	326.82	462.26	5.6644	0.72184	1.0213	444.49	0.051403	3.2617e-05	0.044552	supercritical
509.00	113.00	83.260	0.012011	327.56	463.28	5.6664	0.72213	1.0214	444.89	0.051025	3.2658e-05	0.044613	supercritical
510.00	113.00	83.090	0.012035	328.30	464.30	5.6684	0.72241	1.0215	445.29	0.050649	3.2699e-05	0.044675	supercritical
511.00	113.00	82.920	0.012060	329.05	465.32	5.6704	0.72270	1.0216	445.69	0.050275	3.2740e-05	0.044736	supercritical
512.00	113.00	82.751	0.012084	329.79	466.35	5.6724	0.72299	1.0217	446.09	0.049903	3.2781e-05	0.044797	supercritical
513.00	113.00	82.583	0.012109	330.54	467.37	5.6744	0.72328	1.0218	446.49	0.049532	3.2822e-05	0.044859	supercritical
514.00	113.00	82.416	0.012134	331.28	468.39	5.6764	0.72357	1.0219	446.89	0.049163	3.2863e-05	0.044920	supercritical
515.00	113.00	82.249	0.012158	332.02	469.41	5.6784	0.72386	1.0220	447.28	0.048796	3.2904e-05	0.044981	supercritical
516.00	113.00	82.083	0.012183	332.77	470.43	5.6803	0.72415	1.0221	447.68	0.048430	3.2945e-05	0.045043	supercritical
517.00	113.00	81.918	0.012207	333.51	471.46	5.6823	0.72444	1.0222	448.08	0.048066	3.2986e-05	0.045104	supercritical
518.00	113.00	81.754	0.012232	334.26	472.48	5.6843	0.72473	1.0224	448.47	0.047704	3.3027e-05	0.045165	supercritical
519.00	113.00	81.590	0.012256	335.00	473.50	5.6863	0.72502	1.0225	448.87	0.047344	3.3068e-05	0.045226	supercritical
520.00	113.00	81.427	0.012281	335.75	474.52	5.6882	0.72531	1.0226	449.26	0.046985	3.3109e-05	0.045288	supercritical
521.00	113.00	81.264	0.012305	336.49	475.55	5.6902	0.72560	1.0227	449.66	0.046628	3.3149e-05	0.045349	supercritical
522.00	113.00	81.103	0.012330	337.24	476.57	5.6922	0.72589	1.0228	450.05	0.046272	3.3190e-05	0.045410	supercritical
523.00	113.00	80.942	0.012355	337.98	477.59	5.6941	0.72618	1.0229	450.45	0.045918	3.3231e-05	0.045471	supercritical
524.00	113.00	80.782	0.012379	338.73	478.61	5.6961	0.72647	1.0230	450.84	0.045566	3.3271e-05	0.045532	supercritical
525.00	113.00	80.622	0.012404	339.48	479.64	5.6980	0.72676	1.0232	451.23	0.045215	3.3312e-05	0.045594	supercritical
526.00	113.00	80.463	0.012428	340.22	480.66	5.7000	0.72705	1.0233	451.62	0.044866	3.3353e-05	0.045655	supercritical
527.00	113.00	80.305	0.012453	340.97	481.68	5.7019	0.72734	1.0234	452.01	0.044519	3.3393e-05	0.045716	supercritical
528.00	113.00	80.147	0.012477	341.72	482.71	5.7039	0.72763	1.0235	452.41	0.044173	3.3434e-05	0.045777	supercritical
529.00	113.00	79.990	0.012502	342.46	483.73	5.7058	0.72792	1.0237	452.80	0.043829	3.3474e-05	0.045838	supercritical
530.00	113.00	79.834	0.012526	343.21	484.75	5.7077	0.72821	1.0238	453.19	0.043486	3.3515e-05	0.045899	supercritical
531.00	113.00	79.678	0.012551	343.96	485.78	5.7097	0.72850	1.0239	453.57	0.043145	3.3555e-05	0.045960	supercritical
532.00	113.00	79.523	0.012575	344.70	486.80	5.7116	0.72879	1.0240	453.96	0.042805	3.3596e-05	0.046021	supercritical
533.00	113.00	79.369	0.012599	345.45	487.83	5.7135	0.72908	1.0242	454.35	0.042467	3.3636e-05	0.046083	supercritical
534.00	113.00	79.215	0.012624	346.20	488.85	5.7154	0.72937	1.0243	454.74	0.042131	3.3677e-05	0.046144	supercritical
535.00	113.00	79.062	0.012648	346.95	489.87	5.7173	0.72966	1.0244	455.13	0.041796	3.3717e-05	0.046205	supercritical
536.00	113.00	78.909	0.012673	347.70	490.90	5.7193	0.72995	1.0245	455.51	0.041462	3.3757e-05	0.046266	supercritical
537.00	113.00	78.758	0.012697	348.45	491.92	5.7212	0.73024	1.0247	455.90	0.041130	3.3798e-05	0.046327	supercritical
538.00	113.00	78.606	0.012722	349.19	492.95	5.7231	0.73053	1.0248	456.29	0.040799	3.3838e-05	0.046388	supercritical
539.00	113.00	78.456	0.012746	349.94	493.97	5.7250	0.73082	1.0250	456.67	0.040470	3.3878e-05	0.046449	supercritical
540.00	113.00	78.306	0.012770	350.69	495.00	5.7269	0.73111	1.0251	457.06	0.040143	3.3919e-05	0.046510	supercritical
541.00	113.00	78.156	0.012795	351.44	496.02	5.7288	0.73140	1.0252	457.44	0.039817	3.3959e-05	0.046571	supercritical
542.00	113.00	78.008	0.012819	352.19	497.05	5.7307	0.73169	1.0254	457.82	0.039492	3.3999e-05	0.046632	supercritical
543.00	113.00	77.859	0.012844	352.94	498.07	5.7326	0.73198	1.0255	458.21	0.039169	3.4039e-05	0.046693	supercritical
544.00	113.00	77.712	0.012868	353.69	499.10	5.7344	0.73227	1.0256	458.59	0.038847	3.4079e-05	0.046754	supercritical
545.00	113.00	77.565	0.012892	354.44	500.13	5.7363	0.73256	1.0258	458.97	0.038527	3.4119e-05	0.046815	supercritical
546.00	113.00	77.418	0.012917	355.19	501.15	5.7382	0.73285	1.0259	459.36	0.038208	3.4159e-05	0.046875	supercritical
547.00	113.00	77.273	0.012941	355.94	502.18	5.7401	0.73314	1.0261	459.74	0.037891	3.4200e-05	0.046936	supercritical
548.00	113.00	77.127	0.012966	356.69	503.20	5.7420	0.73343	1.0262	460.12	0.037575	3.4240e-05	0.046997	supercritical
549.00	113.00	76.983	0.012990	357.44	504.23	5.7438	0.73372	1.0263	460.50	0.037260	3.4280e-05	0.047058	supercritical
550.00	113.00	76.839	0.013014	358.20	505.26	5.7457	0.73401	1.0265	460.88	0.036947	3.4319e-05	0.047119	supercritical
551.00	113.00	76.695	0.013039	358.95	506.28	5.7476	0.73430	1.0266	461.26	0.036635	3.4359e-05	0.047180	supercritical
552.00	113.00	76.552	0.013063	359.70	507.31	5.7494	0.73458	1.0268	461.64	0.036324	3.4399e-05	0.047241	supercritical
553.00	113.00	76.410	0.013087	360.45	508.34	5.7513	0.73487	1.0269	462.02	0.036015	3.4439e-05	0.047302	supercritical
554.00	113.00	76.268	0.013112	361.20	509.36	5.7531	0.73516	1.0271	462.40	0.035707	3.4479e-05	0.047362	supercritical
555.00	113.00	76.127	0.013136	361.95	510.39	5.7550	0.73545	1.0272	462.77	0.035401	3.4519e-05	0.047423	supercritical
556.00	113.00	75.986	0.013160	362.71	511.42	5.7568	0.73574	1.0274	463.15	0.035096	3.4559e-05	0.047484	supercritical
557.00	113.00	75.846	0.013185	363.46	512.45	5.7587	0.73603	1.0275	463.53	0.034792	3.4599e-05	0.047545	supercritical
558.00	113.00	75.707	0.013209	364.21	513.47	5.7605	0.73632	1.0277	463.91	0.034490	3.4638e-05	0.047605	supercritical
559.00	113.00	75.567	0.013233	364.97	514.50	5.7624	0.73661	1.0278	464.28	0.034189	3.4678e-05	0.047666	supercritical
560.00	113.00	75.429	0.013258	365.72	515.53	5.7642	0.73689	1.0280	464.66	0.033889	3.4718e-05	0.047727	supercritical
561.00	113.00	75.291	0.013282	366.47	516.56	5.7660	0.73718	1.0281	465.03	0.033591	3.4757e-05	0.047788	supercritical
562.00	113.00	75.154	0.013306	367.23	517.58	5.7679	0.73747	1.0283	465.41	0.033293	3.4797e-05	0.047848	supercritical
563.00	113.00	75.017	0.013330	367.98	518.61	5.7697	0.73776	1.0284	465.78	0.032998	3.4837e-05	0.047909	supercritical
564.00	113.00	74.880	0.013355	368.73	519.64	5.7715	0.73805	1.0286	466.16	0.032703	3.4876e-05	0.047970	supercritical
565.00	113.00	74.744	0.013379	369.49	520.67	5.7733	0.73833	1.0288	466.53	0.032410	3.4916e-05	0.048030	supercritical
566.00	113.00	74.609	0.013403	370.24	521.70	5.7752	0.73862	1.0289	466.90	0.032118	3.4955e-05	0.048091	supercritical
567.00	113.00	74.474	0.013427	371.00	522.73	5.7770	0.73891	1.0291	467.28	0.031827	3.4995e-05	0.048152	supercritical
568.00	113.00	74.340	0.013452	371.75	523.76	5.7788	0.73920	1.0292	467.65	0.031537	3.5034e-05	0.048212	supercritical
569.00	113.00	74.206	0.013476	372.51	524.79	5.7806	0.73948	1.0294	468.02	0.031249	3.5074e-05	0.048273	supercritical
570.00	113.00	74.073	0.013500	373.26	525.82	5.7824	0.73977	1.0295	468.39	0.030962	3.5113e-05	0.048334	supercritical
571.00	113.00	73.940	0.013524	374.02	526.85	5.7842	0.74006	1.0297	468.76	0.030676	3.5153e-05	0.048394	supercritical
572.00	113.00	73.808	0.013549	374.78	527.88	5.7860	0.74034	1.0299	469.13	0.030392	3.5192e-05	0.048455	supercritical
573.00	113.00	73.676	0.013573	375.53	528.91	5.7878	0.74063	1.0300	469.50	0.030109	3.5231e-05	0.048515	supercritical
574.00	113.00	73.545	0.013597	376.29	529.94	5.7896	0.74092	1.0302	469.87	0.029827	3.5271e-05	0.048576	supercritical
575.00	113.00	73.414	0.013621	377.04	530.97	5.7914	0.74120	1.0304	470.24	0.029546	3.5310e-05	0.048636	supercritical
576.00	113.00	73.284	0.013646	377.80	532.00	5.7932	0.74149	1.0305	470.61	0.029266	3.5349e-05	0.048697	supercritical
577.00	113.00	73.154	0.013670	378.56	533.03	5.7950	0.74177	1.0307	470.98	0.028987	3.5389e-05	0.048757	supercritical
578.00	113.00	73.025	0.013694	379.32	534.06	5.7968	0.74206	1.0308	471.35	0.028710	3.5428e-05	0.048818	supercritical
579.00	113.00	72.896	0.013718	380.07	535.09	5.7986	0.74234	1.0310	471.72	0.028434	3.5467e-05	0.048878	supercritical
580.00	113.00	72.768	0.013742	380.83	536.12	5.8003	0.74263	1.0312	472.09	0.028159	3.5506e-05	0.048939	supercritical
581.00	113.00	72.640	0.013767	381.59	537.15	5.8021	0.74291	1.0313	472.45	0.027885	3.5545e-05	0.048999	supercritical
582.00	113.00	72.512	0.013791	382.35	538.18	5.8039	0.74320	1.0315	472.82	0.027613	3.5584e-05	0.049060	supercritical
583.00	113.00	72.385	0.013815	383.11	539.21	5.8057	0.74348	1.0317	473.19	0.027341	3.5623e-05	0.049120	supercritical
584.00	113.00	72.259	0.013839	383.86	540.25	5.8074	0.74377	1.0318	473.55	0.027071	3.5663e-05	0.049180	supercritical
585.00	113.00	72.133	0.013863	384.62	541.28	5.8092	0.74405	1.0320	473.92	0.026802	3.5702e-05	0.049241	supercritical
586.00	113.00	72.007	0.013887	385.38	542.31	5.8110	0.74433	1.0322	474.28	0.026534	3.5741e-05	0.049301	supercritical
587.00	113.00	71.882	0.013912	386.14	543.34	5.8127	0.74462	1.0323	474.65	0.026267	3.5780e-05	0.049361	supercritical
588.00	113.00	71.758	0.013936	386.90	544.37	5.8145	0.74490	1.0325	475.01	0.026001	3.5819e-05	0.049422	supercritical
589.00	113.00	71.633	0.013960	387.66	545.41	5.8162	0.74518	1.0327	475.38	0.025737	3.5858e-05	0.049482	supercritical
590.00	113.00	71.510	0.013984	388.42	546.44	5.8180	0.74547	1.0329	475.74	0.025473	3.5896e-05	0.049542	supercritical
591.00	113.00	71.387	0.014008	389.18	547.47	5.8197	0.74575	1.0330	476.10	0.025211	3.5935e-05	0.049603	supercritical
592.00	113.00	71.264	0.014032	389.94	548.51	5.8215	0.74603	1.0332	476.47	0.024949	3.5974e-05	0.049663	supercritical
593.00	113.00	71.141	0.014057	390.70	549.54	5.8232	0.74631	1.0334	476.83	0.024689	3.6013e-05	0.049723	supercritical
594.00	113.00	71.019	0.014081	391.46	550.57	5.8250	0.74660	1.0335	477.19	0.024430	3.6052e-05	0.049784	supercritical
595.00	113.00	70.898	0.014105	392.22	551.61	5.8267	0.74688	1.0337	477.55	0.024172	3.6091e-05	0.049844	supercritical
596.00	113.00	70.777	0.014129	392.98	552.64	5.8284	0.74716	1.0339	477.91	0.023915	3.6129e-05	0.049904	supercritical
597.00	113.00	70.656	0.014153	393.74	553.67	5.8302	0.74744	1.0341	478.27	0.023659	3.6168e-05	0.049964	supercritical
598.00	113.00	70.536	0.014177	394.51	554.71	5.8319	0.74772	1.0342	478.63	0.023404	3.6207e-05	0.050024	supercritical
599.00	113.00	70.416	0.014201	395.27	555.74	5.8336	0.74800	1.0344	478.99	0.023150	3.6246e-05	0.050085	supercritical
600.00	113.00	70.297	0.014225	396.03	556.78	5.8354	0.74828	1.0346	479.35	0.022897	3.6284e-05	0.050145	supercritical
