Temperature (K)	Pressure (bar)	Density (kg/m3)	Volume (m3/kg)	Internal Energy (kJ/kg)	Enthalpy (kJ/kg)	Entropy (J/g*K)	Cv (J/g*K)	Cp (J/g*K)	Sound Spd. (m/s)	Joule-Thomson (K/bar)	Viscosity (Pa*s)	Therm. Cond. (W/m*K)	Phase
60.000	84.000	1291.9	0.00077406	-185.48	-178.98	2.2352	1.0918	1.6559	1150.3	-0.037537	0.00061763	0.19732	liquid
61.000	84.000	1287.6	0.00077662	-183.84	-177.32	2.2626	1.0833	1.6579	1146.4	-0.037380	0.00058854	0.19599	liquid
62.000	84.000	1283.4	0.00077920	-182.21	-175.66	2.2896	1.0758	1.6595	1141.8	-0.037238	0.00056138	0.19465	liquid
63.000	84.000	1279.1	0.00078182	-180.57	-174.00	2.3161	1.0689	1.6607	1136.6	-0.037108	0.00053602	0.19331	liquid
64.000	84.000	1274.8	0.00078446	-178.93	-172.34	2.3423	1.0626	1.6616	1130.9	-0.036989	0.00051232	0.19197	liquid
65.000	84.000	1270.4	0.00078713	-177.29	-170.68	2.3681	1.0567	1.6622	1124.9	-0.036879	0.00049016	0.19063	liquid
66.000	84.000	1266.1	0.00078982	-175.65	-169.02	2.3934	1.0511	1.6626	1118.6	-0.036775	0.00046943	0.18930	liquid
67.000	84.000	1261.8	0.00079253	-174.01	-167.35	2.4184	1.0457	1.6627	1112.0	-0.036676	0.00045001	0.18796	liquid
68.000	84.000	1257.4	0.00079527	-172.37	-165.69	2.4431	1.0405	1.6626	1105.2	-0.036581	0.00043181	0.18662	liquid
69.000	84.000	1253.1	0.00079803	-170.73	-164.03	2.4673	1.0355	1.6624	1098.3	-0.036487	0.00041474	0.18528	liquid
70.000	84.000	1248.7	0.00080082	-169.09	-162.37	2.4913	1.0306	1.6621	1091.2	-0.036394	0.00039871	0.18395	liquid
71.000	84.000	1244.4	0.00080363	-167.45	-160.70	2.5148	1.0258	1.6616	1084.1	-0.036299	0.00038364	0.18261	liquid
72.000	84.000	1240.0	0.00080647	-165.82	-159.04	2.5381	1.0211	1.6612	1076.8	-0.036203	0.00036947	0.18127	liquid
73.000	84.000	1235.6	0.00080933	-164.18	-157.38	2.5610	1.0165	1.6607	1069.5	-0.036104	0.00035613	0.17994	liquid
74.000	84.000	1231.2	0.00081221	-162.54	-155.72	2.5836	1.0119	1.6602	1062.2	-0.036002	0.00034355	0.17860	liquid
75.000	84.000	1226.8	0.00081513	-160.91	-154.06	2.6059	1.0074	1.6597	1054.9	-0.035894	0.00033168	0.17726	liquid
76.000	84.000	1222.4	0.00081807	-159.27	-152.40	2.6278	1.0029	1.6593	1047.5	-0.035781	0.00032047	0.17593	liquid
77.000	84.000	1218.0	0.00082103	-157.64	-150.74	2.6495	0.99854	1.6589	1040.1	-0.035663	0.00030988	0.17459	liquid
78.000	84.000	1213.6	0.00082402	-156.01	-149.08	2.6709	0.99418	1.6586	1032.7	-0.035537	0.00029985	0.17325	liquid
79.000	84.000	1209.1	0.00082705	-154.37	-147.42	2.6921	0.98988	1.6583	1025.3	-0.035405	0.00029035	0.17191	liquid
80.000	84.000	1204.7	0.00083010	-152.74	-145.77	2.7129	0.98562	1.6581	1017.8	-0.035265	0.00028134	0.17057	liquid
81.000	84.000	1200.2	0.00083318	-151.11	-144.11	2.7335	0.98141	1.6581	1010.4	-0.035117	0.00027280	0.16923	liquid
82.000	84.000	1195.8	0.00083629	-149.48	-142.45	2.7539	0.97725	1.6581	1003.0	-0.034960	0.00026467	0.16789	liquid
83.000	84.000	1191.3	0.00083944	-147.84	-140.79	2.7740	0.97314	1.6582	995.53	-0.034795	0.00025695	0.16655	liquid
84.000	84.000	1186.8	0.00084262	-146.21	-139.13	2.7938	0.96908	1.6585	988.10	-0.034620	0.00024959	0.16521	liquid
85.000	84.000	1182.3	0.00084583	-144.58	-137.48	2.8134	0.96507	1.6588	980.67	-0.034436	0.00024258	0.16387	liquid
86.000	84.000	1177.7	0.00084908	-142.95	-135.82	2.8328	0.96110	1.6593	973.24	-0.034241	0.00023590	0.16252	liquid
87.000	84.000	1173.2	0.00085237	-141.32	-134.16	2.8520	0.95719	1.6600	965.81	-0.034037	0.00022951	0.16118	liquid
88.000	84.000	1168.7	0.00085569	-139.68	-132.50	2.8710	0.95332	1.6607	958.38	-0.033821	0.00022341	0.15983	liquid
89.000	84.000	1164.1	0.00085905	-138.05	-130.84	2.8898	0.94950	1.6616	950.94	-0.033594	0.00021757	0.15849	liquid
90.000	84.000	1159.5	0.00086245	-136.42	-129.17	2.9084	0.94573	1.6626	943.51	-0.033356	0.00021198	0.15714	liquid
91.000	84.000	1154.9	0.00086589	-134.78	-127.51	2.9267	0.94201	1.6638	936.07	-0.033106	0.00020663	0.15579	liquid
92.000	84.000	1150.3	0.00086937	-133.15	-125.85	2.9449	0.93834	1.6651	928.62	-0.032844	0.00020149	0.15444	liquid
93.000	84.000	1145.6	0.00087290	-131.51	-124.18	2.9629	0.93472	1.6666	921.18	-0.032570	0.00019655	0.15309	liquid
94.000	84.000	1140.9	0.00087647	-129.87	-122.51	2.9808	0.93114	1.6682	913.72	-0.032282	0.00019180	0.15173	liquid
95.000	84.000	1136.2	0.00088009	-128.24	-120.84	2.9984	0.92762	1.6699	906.26	-0.031981	0.00018724	0.15038	liquid
96.000	84.000	1131.5	0.00088376	-126.60	-119.17	3.0159	0.92414	1.6719	898.79	-0.031667	0.00018285	0.14902	liquid
97.000	84.000	1126.8	0.00088747	-124.95	-117.50	3.0333	0.92071	1.6739	891.31	-0.031338	0.00017861	0.14767	liquid
98.000	84.000	1122.0	0.00089124	-123.31	-115.82	3.0504	0.91732	1.6762	883.83	-0.030994	0.00017452	0.14631	liquid
99.000	84.000	1117.2	0.00089506	-121.67	-114.15	3.0675	0.91398	1.6786	876.33	-0.030636	0.00017058	0.14495	liquid
100.00	84.000	1112.4	0.00089894	-120.02	-112.47	3.0843	0.91069	1.6811	868.81	-0.030261	0.00016677	0.14359	liquid
101.00	84.000	1107.6	0.00090287	-118.37	-110.78	3.1011	0.90745	1.6839	861.29	-0.029871	0.00016308	0.14223	liquid
102.00	84.000	1102.7	0.00090685	-116.72	-109.10	3.1177	0.90425	1.6868	853.75	-0.029463	0.00015952	0.14087	liquid
103.00	84.000	1097.8	0.00091090	-115.06	-107.41	3.1342	0.90109	1.6899	846.19	-0.029039	0.00015606	0.13950	liquid
104.00	84.000	1092.9	0.00091501	-113.41	-105.72	3.1505	0.89799	1.6931	838.61	-0.028596	0.00015272	0.13814	liquid
105.00	84.000	1087.9	0.00091919	-111.75	-104.02	3.1667	0.89492	1.6966	831.02	-0.028134	0.00014947	0.13677	liquid
106.00	84.000	1082.9	0.00092343	-110.08	-102.33	3.1828	0.89190	1.7003	823.41	-0.027653	0.00014632	0.13541	liquid
107.00	84.000	1077.9	0.00092774	-108.42	-100.62	3.1988	0.88893	1.7041	815.77	-0.027152	0.00014326	0.13404	liquid
108.00	84.000	1072.8	0.00093212	-106.75	-98.918	3.2147	0.88600	1.7082	808.11	-0.026629	0.00014028	0.13267	liquid
109.00	84.000	1067.7	0.00093658	-105.08	-97.208	3.2304	0.88312	1.7125	800.43	-0.026085	0.00013739	0.13131	liquid
110.00	84.000	1062.6	0.00094111	-103.40	-95.493	3.2461	0.88028	1.7169	792.73	-0.025518	0.00013457	0.12995	liquid
111.00	84.000	1057.4	0.00094573	-101.72	-93.774	3.2617	0.87748	1.7217	785.00	-0.024926	0.00013182	0.12858	liquid
112.00	84.000	1052.2	0.00095042	-100.03	-92.050	3.2771	0.87473	1.7266	777.24	-0.024310	0.00012915	0.12722	liquid
113.00	84.000	1046.9	0.00095520	-98.344	-90.321	3.2925	0.87202	1.7318	769.45	-0.023668	0.00012654	0.12585	liquid
114.00	84.000	1041.6	0.00096008	-96.651	-88.586	3.3078	0.86936	1.7373	761.63	-0.022998	0.00012399	0.12449	liquid
115.00	84.000	1036.2	0.00096504	-94.952	-86.846	3.3230	0.86675	1.7430	753.78	-0.022300	0.00012151	0.12312	liquid
116.00	84.000	1030.8	0.00097010	-93.249	-85.100	3.3381	0.86417	1.7491	745.90	-0.021571	0.00011908	0.12176	liquid
117.00	84.000	1025.4	0.00097526	-91.540	-83.348	3.3531	0.86165	1.7554	737.98	-0.020811	0.00011671	0.12039	liquid
118.00	84.000	1019.9	0.00098053	-89.825	-81.589	3.3681	0.85917	1.7620	730.02	-0.020018	0.00011439	0.11903	liquid
119.00	84.000	1014.3	0.00098590	-88.105	-79.824	3.3830	0.85674	1.7689	722.03	-0.019191	0.00011211	0.11767	liquid
120.00	84.000	1008.7	0.00099139	-86.379	-78.051	3.3978	0.85435	1.7762	714.00	-0.018326	0.00010989	0.11630	liquid
121.00	84.000	1003.0	0.00099700	-84.646	-76.271	3.4126	0.85201	1.7838	705.92	-0.017423	0.00010771	0.11494	liquid
122.00	84.000	997.27	0.0010027	-82.906	-74.483	3.4273	0.84972	1.7919	697.81	-0.016479	0.00010558	0.11357	liquid
123.00	84.000	991.47	0.0010086	-81.159	-72.687	3.4420	0.84748	1.8003	689.64	-0.015492	0.00010348	0.11221	liquid
124.00	84.000	985.60	0.0010146	-79.405	-70.882	3.4566	0.84529	1.8091	681.43	-0.014459	0.00010143	0.11085	liquid
125.00	84.000	979.67	0.0010208	-77.643	-69.069	3.4712	0.84316	1.8184	673.17	-0.013378	9.9416e-05	0.10948	liquid
126.00	84.000	973.66	0.0010270	-75.873	-67.246	3.4857	0.84107	1.8282	664.86	-0.012246	9.7438e-05	0.10812	liquid
127.00	84.000	967.58	0.0010335	-74.094	-65.412	3.5002	0.83904	1.8384	656.50	-0.011059	9.5495e-05	0.10676	liquid
128.00	84.000	961.42	0.0010401	-72.306	-63.568	3.5146	0.83707	1.8492	648.07	-0.0098145	9.3585e-05	0.10540	liquid
129.00	84.000	955.18	0.0010469	-70.508	-61.714	3.5291	0.83515	1.8606	639.59	-0.0085084	9.1708e-05	0.10405	liquid
130.00	84.000	948.85	0.0010539	-68.700	-59.847	3.5435	0.83330	1.8726	631.05	-0.0071368	8.9863e-05	0.10269	liquid
131.00	84.000	942.43	0.0010611	-66.881	-57.968	3.5579	0.83150	1.8853	622.45	-0.0056951	8.8047e-05	0.10133	liquid
132.00	84.000	935.92	0.0010685	-65.051	-56.076	3.5723	0.82977	1.8987	613.78	-0.0041784	8.6259e-05	0.099977	liquid
133.00	84.000	929.30	0.0010761	-63.210	-54.171	3.5867	0.82811	1.9128	605.04	-0.0025816	8.4499e-05	0.098623	liquid
134.00	84.000	922.58	0.0010839	-61.355	-52.250	3.6010	0.82651	1.9278	596.22	-0.00089859	8.2765e-05	0.097271	liquid
135.00	84.000	915.75	0.0010920	-59.487	-50.315	3.6154	0.82499	1.9437	587.33	0.00087692	8.1057e-05	0.095920	liquid
136.00	84.000	908.80	0.0011003	-57.606	-48.363	3.6298	0.82354	1.9605	578.36	0.0027521	7.9372e-05	0.094570	liquid
137.00	84.000	901.73	0.0011090	-55.709	-46.393	3.6443	0.82217	1.9784	569.31	0.0047347	7.7711e-05	0.093222	liquid
138.00	84.000	894.52	0.0011179	-53.796	-44.405	3.6587	0.82089	1.9975	560.17	0.0068335	7.6071e-05	0.091875	liquid
139.00	84.000	887.18	0.0011272	-51.866	-42.398	3.6732	0.81969	2.0178	550.93	0.0090580	7.4453e-05	0.090530	liquid
140.00	84.000	879.69	0.0011368	-49.918	-40.369	3.6878	0.81859	2.0395	541.60	0.011419	7.2854e-05	0.089186	liquid
141.00	84.000	872.03	0.0011467	-47.951	-38.318	3.7024	0.81759	2.0627	532.18	0.013929	7.1274e-05	0.087843	liquid
142.00	84.000	864.21	0.0011571	-45.963	-36.244	3.7170	0.81669	2.0875	522.64	0.016600	6.9712e-05	0.086502	liquid
143.00	84.000	856.21	0.0011679	-43.953	-34.143	3.7318	0.81591	2.1142	513.00	0.019449	6.8167e-05	0.085162	liquid
144.00	84.000	848.02	0.0011792	-41.920	-32.014	3.7466	0.81525	2.1430	503.24	0.022491	6.6637e-05	0.083822	liquid
145.00	84.000	839.62	0.0011910	-39.861	-29.856	3.7615	0.81472	2.1740	493.36	0.025746	6.5122e-05	0.082484	liquid
146.00	84.000	830.99	0.0012034	-37.774	-27.665	3.7766	0.81433	2.2076	483.36	0.029236	6.3620e-05	0.081146	liquid
147.00	84.000	822.12	0.0012164	-35.657	-25.440	3.7918	0.81409	2.2441	473.23	0.032985	6.2131e-05	0.079808	liquid
148.00	84.000	812.99	0.0012300	-33.508	-23.176	3.8071	0.81402	2.2837	462.96	0.037020	6.0651e-05	0.078470	liquid
149.00	84.000	803.57	0.0012444	-31.325	-20.871	3.8226	0.81413	2.3270	452.56	0.041373	5.9182e-05	0.077132	liquid
150.00	84.000	793.85	0.0012597	-29.102	-18.521	3.8384	0.81443	2.3744	442.01	0.046081	5.7720e-05	0.075793	liquid
151.00	84.000	783.79	0.0012759	-26.838	-16.121	3.8543	0.81494	2.4264	431.32	0.051185	5.6264e-05	0.074453	liquid
152.00	84.000	773.35	0.0012931	-24.528	-13.666	3.8705	0.81569	2.4839	420.48	0.056732	5.4812e-05	0.073110	liquid
153.00	84.000	762.51	0.0013115	-22.167	-11.151	3.8870	0.81668	2.5475	409.50	0.062779	5.3363e-05	0.071764	liquid
154.00	84.000	751.21	0.0013312	-19.751	-8.5688	3.9038	0.81794	2.6183	398.38	0.069389	5.1914e-05	0.070414	liquid
155.00	84.000	739.42	0.0013524	-17.272	-5.9117	3.9210	0.81950	2.6974	387.11	0.076636	5.0463e-05	0.069059	supercritical
156.00	84.000	727.07	0.0013754	-14.724	-3.1708	3.9387	0.82136	2.7862	375.72	0.084605	4.9008e-05	0.067698	supercritical
157.00	84.000	714.10	0.0014004	-12.099	-0.33566	3.9568	0.82356	2.8861	364.21	0.093396	4.7545e-05	0.066330	supercritical
158.00	84.000	700.44	0.0014277	-9.3867	2.6058	3.9754	0.82611	2.9992	352.61	0.10312	4.6071e-05	0.064952	supercritical
159.00	84.000	686.00	0.0014577	-6.5771	5.6678	3.9948	0.82903	3.1274	340.93	0.11391	4.4584e-05	0.063562	supercritical
160.00	84.000	670.69	0.0014910	-3.6580	8.8665	4.0148	0.83231	3.2729	329.23	0.12591	4.3079e-05	0.062159	supercritical
161.00	84.000	654.41	0.0015281	-0.61601	12.220	4.0357	0.83597	3.4376	317.54	0.13927	4.1553e-05	0.060740	supercritical
162.00	84.000	637.05	0.0015697	2.5628	15.748	4.0576	0.83997	3.6227	305.95	0.15415	4.0004e-05	0.059301	supercritical
163.00	84.000	618.53	0.0016167	5.8917	19.472	4.0805	0.84425	3.8279	294.55	0.17069	3.8431e-05	0.057837	supercritical
164.00	84.000	598.78	0.0016701	9.3814	23.410	4.1046	0.84873	4.0498	283.50	0.18899	3.6835e-05	0.056343	supercritical
165.00	84.000	577.78	0.0017308	13.036	27.575	4.1299	0.85320	4.2805	272.96	0.20907	3.5223e-05	0.054810	supercritical
166.00	84.000	555.61	0.0017998	16.851	31.969	4.1564	0.85737	4.5054	263.16	0.23084	3.3605e-05	0.053229	supercritical
167.00	84.000	532.50	0.0018779	20.802	36.576	4.1841	0.86081	4.7019	254.34	0.25400	3.2003e-05	0.051592	supercritical
168.00	84.000	508.84	0.0019653	24.846	41.354	4.2126	0.86302	4.8412	246.74	0.27797	3.0445e-05	0.049895	supercritical
169.00	84.000	485.17	0.0020611	28.916	46.230	4.2416	0.86355	4.8944	240.51	0.30194	2.8964e-05	0.048150	supercritical
170.00	84.000	462.14	0.0021638	32.932	51.109	4.2703	0.86216	4.8462	235.71	0.32495	2.7597e-05	0.046383	supercritical
171.00	84.000	440.34	0.0022710	36.814	55.891	4.2984	0.85896	4.7039	232.26	0.34615	2.6368e-05	0.044640	supercritical
172.00	84.000	420.16	0.0023800	40.502	60.494	4.3252	0.85429	4.4946	229.96	0.36499	2.5289e-05	0.042970	supercritical
173.00	84.000	401.80	0.0024888	43.963	64.868	4.3506	0.84865	4.2511	228.57	0.38127	2.4358e-05	0.041413	supercritical
174.00	84.000	385.24	0.0025958	47.189	68.994	4.3744	0.84247	4.0003	227.88	0.39505	2.3562e-05	0.039991	supercritical
175.00	84.000	370.36	0.0027001	50.192	72.872	4.3966	0.83606	3.7591	227.71	0.40655	2.2885e-05	0.038709	supercritical
176.00	84.000	356.99	0.0028012	52.988	76.518	4.4174	0.82966	3.5359	227.91	0.41603	2.2308e-05	0.037563	supercritical
177.00	84.000	344.94	0.0028991	55.599	79.951	4.4368	0.82339	3.3339	228.39	0.42376	2.1817e-05	0.036542	supercritical
178.00	84.000	334.04	0.0029936	58.047	83.193	4.4551	0.81732	3.1531	229.06	0.42999	2.1396e-05	0.035633	supercritical
179.00	84.000	324.14	0.0030851	60.349	86.264	4.4723	0.81150	2.9919	229.89	0.43494	2.1034e-05	0.034823	supercritical
180.00	84.000	315.10	0.0031736	62.525	89.183	4.4886	0.80594	2.8485	230.82	0.43880	2.0722e-05	0.034099	supercritical
181.00	84.000	306.82	0.0032593	64.588	91.966	4.5040	0.80064	2.7206	231.84	0.44173	2.0452e-05	0.033451	supercritical
182.00	84.000	299.18	0.0033424	66.552	94.629	4.5186	0.79558	2.6063	232.91	0.44386	2.0218e-05	0.032869	supercritical
183.00	84.000	292.12	0.0034232	68.428	97.183	4.5326	0.79077	2.5039	234.03	0.44532	2.0013e-05	0.032346	supercritical
184.00	84.000	285.57	0.0035018	70.225	99.640	4.5460	0.78620	2.4119	235.18	0.44618	1.9835e-05	0.031873	supercritical
185.00	84.000	279.46	0.0035783	71.952	102.01	4.5589	0.78184	2.3287	236.36	0.44655	1.9680e-05	0.031446	supercritical
186.00	84.000	273.75	0.0036529	73.615	104.30	4.5712	0.77768	2.2534	237.55	0.44648	1.9544e-05	0.031059	supercritical
187.00	84.000	268.40	0.0037258	75.222	106.52	4.5831	0.77373	2.1849	238.75	0.44604	1.9425e-05	0.030707	supercritical
188.00	84.000	263.36	0.0037970	76.777	108.67	4.5946	0.76995	2.1224	239.96	0.44528	1.9321e-05	0.030386	supercritical
189.00	84.000	258.61	0.0038668	78.284	110.77	4.6057	0.76635	2.0652	241.16	0.44423	1.9230e-05	0.030095	supercritical
190.00	84.000	254.13	0.0039351	79.749	112.80	4.6165	0.76291	2.0127	242.37	0.44295	1.9151e-05	0.029828	supercritical
191.00	84.000	249.87	0.0040021	81.175	114.79	4.6269	0.75963	1.9643	243.58	0.44145	1.9083e-05	0.029585	supercritical
192.00	84.000	245.83	0.0040678	82.564	116.73	4.6370	0.75650	1.9196	244.78	0.43977	1.9023e-05	0.029362	supercritical
193.00	84.000	241.99	0.0041324	83.920	118.63	4.6469	0.75350	1.8782	245.98	0.43794	1.8972e-05	0.029158	supercritical
194.00	84.000	238.33	0.0041959	85.246	120.49	4.6565	0.75063	1.8398	247.17	0.43597	1.8929e-05	0.028972	supercritical
195.00	84.000	234.83	0.0042584	86.542	122.31	4.6659	0.74788	1.8041	248.35	0.43388	1.8892e-05	0.028801	supercritical
196.00	84.000	231.49	0.0043199	87.813	124.10	4.6750	0.74525	1.7707	249.52	0.43168	1.8861e-05	0.028644	supercritical
197.00	84.000	228.29	0.0043805	89.059	125.85	4.6839	0.74274	1.7396	250.69	0.42940	1.8836e-05	0.028500	supercritical
198.00	84.000	225.22	0.0044402	90.282	127.58	4.6927	0.74032	1.7104	251.85	0.42704	1.8816e-05	0.028368	supercritical
199.00	84.000	222.27	0.0044991	91.484	129.28	4.7012	0.73801	1.6830	253.00	0.42462	1.8801e-05	0.028248	supercritical
200.00	84.000	219.43	0.0045572	92.665	130.95	4.7096	0.73579	1.6572	254.14	0.42214	1.8789e-05	0.028138	supercritical
201.00	84.000	216.70	0.0046146	93.828	132.59	4.7178	0.73366	1.6330	255.27	0.41962	1.8782e-05	0.028037	supercritical
202.00	84.000	214.07	0.0046714	94.973	134.21	4.7259	0.73161	1.6101	256.39	0.41706	1.8778e-05	0.027945	supercritical
203.00	84.000	211.53	0.0047274	96.102	135.81	4.7338	0.72965	1.5886	257.50	0.41446	1.8778e-05	0.027861	supercritical
204.00	84.000	209.08	0.0047828	97.215	137.39	4.7415	0.72776	1.5681	258.60	0.41184	1.8780e-05	0.027784	supercritical
205.00	84.000	206.71	0.0048376	98.313	138.95	4.7491	0.72595	1.5488	259.69	0.40919	1.8786e-05	0.027715	supercritical
206.00	84.000	204.42	0.0048918	99.397	140.49	4.7566	0.72420	1.5305	260.78	0.40653	1.8794e-05	0.027652	supercritical
207.00	84.000	202.20	0.0049455	100.47	142.01	4.7640	0.72252	1.5130	261.85	0.40385	1.8804e-05	0.027595	supercritical
208.00	84.000	200.05	0.0049987	101.53	143.51	4.7712	0.72091	1.4965	262.92	0.40117	1.8817e-05	0.027544	supercritical
209.00	84.000	197.97	0.0050513	102.57	145.00	4.7784	0.71935	1.4807	263.97	0.39848	1.8832e-05	0.027498	supercritical
210.00	84.000	195.94	0.0051035	103.61	146.48	4.7854	0.71786	1.4657	265.02	0.39579	1.8848e-05	0.027458	supercritical
211.00	84.000	193.98	0.0051552	104.63	147.93	4.7923	0.71642	1.4514	266.06	0.39310	1.8867e-05	0.027422	supercritical
212.00	84.000	192.07	0.0052064	105.65	149.38	4.7992	0.71503	1.4377	267.09	0.39041	1.8887e-05	0.027390	supercritical
213.00	84.000	190.21	0.0052572	106.65	150.81	4.8059	0.71369	1.4246	268.11	0.38772	1.8909e-05	0.027363	supercritical
214.00	84.000	188.41	0.0053077	107.64	152.23	4.8125	0.71240	1.4121	269.12	0.38504	1.8932e-05	0.027340	supercritical
215.00	84.000	186.65	0.0053577	108.63	153.63	4.8191	0.71115	1.4002	270.13	0.38237	1.8956e-05	0.027320	supercritical
216.00	84.000	184.94	0.0054073	109.61	155.03	4.8256	0.70995	1.3887	271.13	0.37971	1.8982e-05	0.027304	supercritical
217.00	84.000	183.27	0.0054566	110.58	156.41	4.8320	0.70879	1.3777	272.12	0.37706	1.9010e-05	0.027291	supercritical
218.00	84.000	181.64	0.0055055	111.54	157.78	4.8383	0.70767	1.3672	273.10	0.37442	1.9038e-05	0.027282	supercritical
219.00	84.000	180.05	0.0055540	112.49	159.15	4.8445	0.70659	1.3570	274.07	0.37179	1.9067e-05	0.027275	supercritical
220.00	84.000	178.50	0.0056023	113.44	160.50	4.8507	0.70555	1.3473	275.04	0.36918	1.9098e-05	0.027271	supercritical
221.00	84.000	176.99	0.0056502	114.38	161.84	4.8568	0.70454	1.3379	276.00	0.36658	1.9129e-05	0.027270	supercritical
222.00	84.000	175.51	0.0056978	115.31	163.17	4.8628	0.70357	1.3289	276.95	0.36400	1.9161e-05	0.027271	supercritical
223.00	84.000	174.06	0.0057451	116.24	164.50	4.8687	0.70263	1.3202	277.90	0.36143	1.9194e-05	0.027275	supercritical
224.00	84.000	172.65	0.0057921	117.16	165.82	4.8746	0.70172	1.3119	278.83	0.35888	1.9228e-05	0.027281	supercritical
225.00	84.000	171.27	0.0058389	118.08	167.12	4.8804	0.70084	1.3038	279.76	0.35634	1.9263e-05	0.027289	supercritical
226.00	84.000	169.91	0.0058853	118.99	168.42	4.8862	0.69999	1.2960	280.69	0.35383	1.9298e-05	0.027299	supercritical
227.00	84.000	168.59	0.0059315	119.89	169.72	4.8919	0.69917	1.2885	281.61	0.35133	1.9334e-05	0.027312	supercritical
228.00	84.000	167.29	0.0059775	120.79	171.00	4.8976	0.69837	1.2812	282.52	0.34885	1.9371e-05	0.027326	supercritical
229.00	84.000	166.03	0.0060232	121.68	172.28	4.9031	0.69761	1.2742	283.43	0.34638	1.9408e-05	0.027342	supercritical
230.00	84.000	164.78	0.0060686	122.57	173.55	4.9087	0.69686	1.2675	284.32	0.34394	1.9446e-05	0.027359	supercritical
231.00	84.000	163.56	0.0061138	123.46	174.81	4.9142	0.69614	1.2609	285.22	0.34152	1.9485e-05	0.027378	supercritical
232.00	84.000	162.37	0.0061588	124.34	176.07	4.9196	0.69545	1.2546	286.11	0.33911	1.9524e-05	0.027399	supercritical
233.00	84.000	161.20	0.0062036	125.21	177.32	4.9250	0.69477	1.2484	286.99	0.33672	1.9563e-05	0.027422	supercritical
234.00	84.000	160.05	0.0062482	126.08	178.57	4.9303	0.69412	1.2425	287.86	0.33435	1.9603e-05	0.027445	supercritical
235.00	84.000	158.92	0.0062925	126.95	179.81	4.9356	0.69349	1.2367	288.73	0.33200	1.9644e-05	0.027471	supercritical
236.00	84.000	157.81	0.0063367	127.81	181.04	4.9408	0.69288	1.2311	289.60	0.32967	1.9684e-05	0.027497	supercritical
237.00	84.000	156.72	0.0063806	128.67	182.27	4.9460	0.69228	1.2257	290.46	0.32736	1.9726e-05	0.027525	supercritical
238.00	84.000	155.66	0.0064244	129.53	183.49	4.9512	0.69171	1.2205	291.31	0.32506	1.9767e-05	0.027554	supercritical
239.00	84.000	154.61	0.0064680	130.38	184.71	4.9563	0.69115	1.2154	292.16	0.32279	1.9809e-05	0.027584	supercritical
240.00	84.000	153.58	0.0065113	131.23	185.92	4.9614	0.69062	1.2104	293.00	0.32054	1.9852e-05	0.027615	supercritical
241.00	84.000	152.57	0.0065545	132.07	187.13	4.9664	0.69010	1.2056	293.84	0.31830	1.9894e-05	0.027647	supercritical
242.00	84.000	151.57	0.0065976	132.91	188.33	4.9714	0.68959	1.2009	294.67	0.31608	1.9937e-05	0.027681	supercritical
243.00	84.000	150.59	0.0066404	133.75	189.53	4.9763	0.68910	1.1964	295.50	0.31388	1.9980e-05	0.027715	supercritical
244.00	84.000	149.63	0.0066831	134.59	190.73	4.9812	0.68863	1.1920	296.33	0.31170	2.0024e-05	0.027750	supercritical
245.00	84.000	148.68	0.0067257	135.42	191.92	4.9861	0.68817	1.1877	297.14	0.30954	2.0068e-05	0.027787	supercritical
246.00	84.000	147.75	0.0067681	136.25	193.10	4.9909	0.68773	1.1835	297.96	0.30739	2.0112e-05	0.027824	supercritical
247.00	84.000	146.84	0.0068103	137.08	194.28	4.9957	0.68730	1.1794	298.77	0.30527	2.0156e-05	0.027862	supercritical
248.00	84.000	145.94	0.0068524	137.90	195.46	5.0005	0.68689	1.1755	299.57	0.30316	2.0201e-05	0.027900	supercritical
249.00	84.000	145.05	0.0068943	138.72	196.64	5.0052	0.68648	1.1716	300.37	0.30107	2.0246e-05	0.027940	supercritical
250.00	84.000	144.17	0.0069361	139.54	197.80	5.0099	0.68610	1.1679	301.17	0.29900	2.0291e-05	0.027980	supercritical
251.00	84.000	143.31	0.0069777	140.36	198.97	5.0145	0.68572	1.1642	301.96	0.29695	2.0336e-05	0.028021	supercritical
252.00	84.000	142.47	0.0070192	141.17	200.13	5.0191	0.68535	1.1607	302.75	0.29491	2.0381e-05	0.028063	supercritical
253.00	84.000	141.63	0.0070606	141.98	201.29	5.0237	0.68500	1.1572	303.53	0.29289	2.0427e-05	0.028105	supercritical
254.00	84.000	140.81	0.0071018	142.79	202.45	5.0283	0.68466	1.1538	304.31	0.29089	2.0473e-05	0.028148	supercritical
255.00	84.000	140.00	0.0071429	143.60	203.60	5.0328	0.68433	1.1505	305.09	0.28890	2.0518e-05	0.028192	supercritical
256.00	84.000	139.20	0.0071839	144.40	204.75	5.0373	0.68401	1.1473	305.86	0.28693	2.0565e-05	0.028236	supercritical
257.00	84.000	138.41	0.0072248	145.21	205.89	5.0418	0.68370	1.1442	306.62	0.28498	2.0611e-05	0.028281	supercritical
258.00	84.000	137.64	0.0072655	146.01	207.04	5.0462	0.68341	1.1411	307.39	0.28305	2.0657e-05	0.028327	supercritical
259.00	84.000	136.87	0.0073061	146.81	208.18	5.0506	0.68312	1.1381	308.15	0.28113	2.0704e-05	0.028373	supercritical
260.00	84.000	136.12	0.0073466	147.60	209.31	5.0550	0.68284	1.1352	308.90	0.27923	2.0750e-05	0.028419	supercritical
261.00	84.000	135.37	0.0073870	148.40	210.45	5.0594	0.68257	1.1323	309.65	0.27734	2.0797e-05	0.028466	supercritical
262.00	84.000	134.64	0.0074273	149.19	211.58	5.0637	0.68231	1.1296	310.40	0.27547	2.0844e-05	0.028514	supercritical
263.00	84.000	133.91	0.0074675	149.98	212.71	5.0680	0.68206	1.1268	311.15	0.27361	2.0891e-05	0.028562	supercritical
264.00	84.000	133.20	0.0075075	150.77	213.83	5.0723	0.68182	1.1242	311.89	0.27177	2.0938e-05	0.028610	supercritical
265.00	84.000	132.49	0.0075475	151.56	214.95	5.0765	0.68159	1.1216	312.63	0.26995	2.0985e-05	0.028659	supercritical
266.00	84.000	131.80	0.0075874	152.34	216.07	5.0807	0.68136	1.1191	313.36	0.26814	2.1033e-05	0.028709	supercritical
267.00	84.000	131.11	0.0076271	153.12	217.19	5.0849	0.68115	1.1166	314.09	0.26635	2.1080e-05	0.028758	supercritical
268.00	84.000	130.43	0.0076668	153.91	218.31	5.0891	0.68094	1.1142	314.82	0.26457	2.1127e-05	0.028809	supercritical
269.00	84.000	129.76	0.0077063	154.69	219.42	5.0932	0.68074	1.1118	315.54	0.26280	2.1175e-05	0.028859	supercritical
270.00	84.000	129.10	0.0077458	155.47	220.53	5.0974	0.68054	1.1095	316.26	0.26105	2.1223e-05	0.028910	supercritical
271.00	84.000	128.45	0.0077852	156.24	221.64	5.1015	0.68036	1.1072	316.98	0.25932	2.1270e-05	0.028962	supercritical
272.00	84.000	127.80	0.0078244	157.02	222.75	5.1055	0.68018	1.1050	317.69	0.25760	2.1318e-05	0.029013	supercritical
273.00	84.000	127.17	0.0078636	157.80	223.85	5.1096	0.68001	1.1028	318.40	0.25589	2.1366e-05	0.029066	supercritical
274.00	84.000	126.54	0.0079027	158.57	224.95	5.1136	0.67985	1.1007	319.11	0.25420	2.1414e-05	0.029118	supercritical
275.00	84.000	125.92	0.0079417	159.34	226.05	5.1176	0.67969	1.0986	319.82	0.25252	2.1462e-05	0.029171	supercritical
276.00	84.000	125.30	0.0079807	160.11	227.15	5.1216	0.67954	1.0966	320.52	0.25085	2.1510e-05	0.029224	supercritical
277.00	84.000	124.70	0.0080195	160.88	228.24	5.1256	0.67940	1.0946	321.22	0.24920	2.1558e-05	0.029277	supercritical
278.00	84.000	124.10	0.0080583	161.65	229.34	5.1295	0.67926	1.0927	321.91	0.24756	2.1606e-05	0.029331	supercritical
279.00	84.000	123.50	0.0080969	162.42	230.43	5.1334	0.67913	1.0908	322.60	0.24594	2.1654e-05	0.029385	supercritical
280.00	84.000	122.92	0.0081355	163.18	231.52	5.1373	0.67901	1.0889	323.29	0.24433	2.1702e-05	0.029439	supercritical
281.00	84.000	122.34	0.0081740	163.95	232.61	5.1412	0.67889	1.0871	323.98	0.24273	2.1750e-05	0.029494	supercritical
282.00	84.000	121.77	0.0082125	164.71	233.69	5.1451	0.67878	1.0853	324.67	0.24114	2.1799e-05	0.029548	supercritical
283.00	84.000	121.20	0.0082509	165.47	234.78	5.1489	0.67867	1.0835	325.35	0.23957	2.1847e-05	0.029603	supercritical
284.00	84.000	120.64	0.0082891	166.23	235.86	5.1527	0.67857	1.0818	326.02	0.23800	2.1895e-05	0.029659	supercritical
285.00	84.000	120.09	0.0083274	166.99	236.94	5.1565	0.67848	1.0801	326.70	0.23646	2.1944e-05	0.029714	supercritical
286.00	84.000	119.54	0.0083655	167.75	238.02	5.1603	0.67839	1.0785	327.37	0.23492	2.1992e-05	0.029770	supercritical
287.00	84.000	119.00	0.0084036	168.51	239.10	5.1641	0.67831	1.0769	328.04	0.23339	2.2041e-05	0.029826	supercritical
288.00	84.000	118.46	0.0084416	169.27	240.18	5.1678	0.67823	1.0753	328.71	0.23188	2.2089e-05	0.029882	supercritical
289.00	84.000	117.93	0.0084795	170.02	241.25	5.1715	0.67816	1.0738	329.38	0.23038	2.2137e-05	0.029938	supercritical
290.00	84.000	117.41	0.0085174	170.78	242.32	5.1752	0.67809	1.0722	330.04	0.22889	2.2186e-05	0.029995	supercritical
291.00	84.000	116.89	0.0085552	171.53	243.39	5.1789	0.67803	1.0707	330.70	0.22741	2.2234e-05	0.030052	supercritical
292.00	84.000	116.37	0.0085929	172.28	244.46	5.1826	0.67797	1.0693	331.36	0.22594	2.2283e-05	0.030109	supercritical
293.00	84.000	115.87	0.0086306	173.04	245.53	5.1862	0.67792	1.0679	332.01	0.22449	2.2331e-05	0.030166	supercritical
294.00	84.000	115.36	0.0086682	173.79	246.60	5.1899	0.67787	1.0665	332.66	0.22304	2.2380e-05	0.030223	supercritical
295.00	84.000	114.87	0.0087057	174.54	247.67	5.1935	0.67783	1.0651	333.31	0.22161	2.2428e-05	0.030281	supercritical
296.00	84.000	114.37	0.0087432	175.29	248.73	5.1971	0.67779	1.0637	333.96	0.22019	2.2477e-05	0.030338	supercritical
297.00	84.000	113.89	0.0087806	176.04	249.79	5.2007	0.67776	1.0624	334.60	0.21878	2.2526e-05	0.030396	supercritical
298.00	84.000	113.40	0.0088180	176.78	250.86	5.2043	0.67773	1.0611	335.25	0.21738	2.2574e-05	0.030454	supercritical
299.00	84.000	112.93	0.0088553	177.53	251.92	5.2078	0.67770	1.0598	335.89	0.21599	2.2623e-05	0.030512	supercritical
300.00	84.000	112.45	0.0088925	178.28	252.97	5.2113	0.67768	1.0586	336.53	0.21461	2.2671e-05	0.030570	supercritical
301.00	84.000	111.99	0.0089297	179.02	254.03	5.2149	0.67767	1.0574	337.16	0.21324	2.2720e-05	0.030628	supercritical
302.00	84.000	111.52	0.0089669	179.77	255.09	5.2184	0.67766	1.0562	337.79	0.21188	2.2768e-05	0.030686	supercritical
303.00	84.000	111.06	0.0090039	180.51	256.15	5.2219	0.67765	1.0550	338.43	0.21053	2.2817e-05	0.030745	supercritical
304.00	84.000	110.61	0.0090410	181.26	257.20	5.2253	0.67765	1.0538	339.05	0.20919	2.2865e-05	0.030803	supercritical
305.00	84.000	110.16	0.0090779	182.00	258.25	5.2288	0.67765	1.0527	339.68	0.20786	2.2914e-05	0.030861	supercritical
306.00	84.000	109.71	0.0091148	182.74	259.31	5.2322	0.67765	1.0516	340.31	0.20654	2.2963e-05	0.030919	supercritical
307.00	84.000	109.27	0.0091517	183.48	260.36	5.2357	0.67766	1.0505	340.93	0.20523	2.3011e-05	0.030977	supercritical
308.00	84.000	108.83	0.0091885	184.22	261.41	5.2391	0.67768	1.0494	341.55	0.20393	2.3060e-05	0.031035	supercritical
309.00	84.000	108.40	0.0092252	184.96	262.45	5.2425	0.67769	1.0484	342.17	0.20264	2.3108e-05	0.031090	supercritical
310.00	84.000	107.97	0.0092620	185.70	263.50	5.2459	0.67771	1.0474	342.78	0.20136	2.3157e-05	0.031147	supercritical
311.00	84.000	107.54	0.0092986	186.44	264.55	5.2492	0.67774	1.0464	343.40	0.20008	2.3205e-05	0.031209	supercritical
312.00	84.000	107.12	0.0093352	187.18	265.60	5.2526	0.67777	1.0454	344.01	0.19882	2.3254e-05	0.031270	supercritical
313.00	84.000	106.70	0.0093718	187.92	266.64	5.2559	0.67780	1.0444	344.62	0.19757	2.3302e-05	0.031332	supercritical
314.00	84.000	106.29	0.0094083	188.65	267.68	5.2593	0.67783	1.0435	345.22	0.19632	2.3351e-05	0.031394	supercritical
315.00	84.000	105.88	0.0094447	189.39	268.73	5.2626	0.67787	1.0425	345.83	0.19509	2.3399e-05	0.031456	supercritical
316.00	84.000	105.47	0.0094812	190.13	269.77	5.2659	0.67791	1.0416	346.43	0.19386	2.3447e-05	0.031518	supercritical
317.00	84.000	105.07	0.0095175	190.86	270.81	5.2692	0.67796	1.0407	347.04	0.19264	2.3496e-05	0.031580	supercritical
318.00	84.000	104.67	0.0095539	191.60	271.85	5.2725	0.67801	1.0398	347.64	0.19143	2.3544e-05	0.031642	supercritical
319.00	84.000	104.27	0.0095901	192.33	272.89	5.2757	0.67806	1.0390	348.23	0.19023	2.3593e-05	0.031704	supercritical
320.00	84.000	103.88	0.0096264	193.07	273.93	5.2790	0.67812	1.0381	348.83	0.18904	2.3641e-05	0.031766	supercritical
321.00	84.000	103.49	0.0096626	193.80	274.97	5.2822	0.67818	1.0373	349.42	0.18785	2.3689e-05	0.031829	supercritical
322.00	84.000	103.11	0.0096987	194.53	276.00	5.2854	0.67824	1.0365	350.02	0.18668	2.3738e-05	0.031891	supercritical
323.00	84.000	102.72	0.0097348	195.27	277.04	5.2886	0.67831	1.0357	350.61	0.18551	2.3786e-05	0.031954	supercritical
324.00	84.000	102.34	0.0097709	196.00	278.07	5.2918	0.67838	1.0349	351.19	0.18435	2.3834e-05	0.032016	supercritical
325.00	84.000	101.97	0.0098069	196.73	279.11	5.2950	0.67845	1.0341	351.78	0.18320	2.3883e-05	0.032079	supercritical
326.00	84.000	101.60	0.0098429	197.46	280.14	5.2982	0.67852	1.0333	352.37	0.18205	2.3931e-05	0.032142	supercritical
327.00	84.000	101.23	0.0098788	198.19	281.18	5.3014	0.67860	1.0326	352.95	0.18092	2.3979e-05	0.032204	supercritical
328.00	84.000	100.86	0.0099148	198.92	282.21	5.3045	0.67868	1.0319	353.53	0.17979	2.4027e-05	0.032267	supercritical
329.00	84.000	100.50	0.0099506	199.65	283.24	5.3077	0.67877	1.0312	354.11	0.17867	2.4075e-05	0.032330	supercritical
330.00	84.000	100.14	0.0099864	200.38	284.27	5.3108	0.67885	1.0305	354.69	0.17756	2.4124e-05	0.032393	supercritical
331.00	84.000	99.778	0.010022	201.11	285.30	5.3139	0.67894	1.0298	355.26	0.17645	2.4172e-05	0.032456	supercritical
332.00	84.000	99.424	0.010058	201.84	286.33	5.3170	0.67904	1.0291	355.84	0.17535	2.4220e-05	0.032519	supercritical
333.00	84.000	99.072	0.010094	202.57	287.36	5.3201	0.67913	1.0284	356.41	0.17426	2.4268e-05	0.032582	supercritical
334.00	84.000	98.723	0.010129	203.30	288.39	5.3232	0.67923	1.0278	356.98	0.17318	2.4316e-05	0.032645	supercritical
335.00	84.000	98.377	0.010165	204.03	289.41	5.3263	0.67933	1.0271	357.55	0.17211	2.4364e-05	0.032709	supercritical
336.00	84.000	98.033	0.010201	204.76	290.44	5.3293	0.67944	1.0265	358.12	0.17104	2.4412e-05	0.032772	supercritical
337.00	84.000	97.693	0.010236	205.48	291.47	5.3324	0.67954	1.0259	358.68	0.16998	2.4460e-05	0.032835	supercritical
338.00	84.000	97.355	0.010272	206.21	292.49	5.3354	0.67965	1.0253	359.25	0.16892	2.4508e-05	0.032899	supercritical
339.00	84.000	97.020	0.010307	206.94	293.52	5.3384	0.67977	1.0247	359.81	0.16787	2.4556e-05	0.032962	supercritical
340.00	84.000	96.687	0.010343	207.66	294.54	5.3415	0.67988	1.0241	360.37	0.16683	2.4604e-05	0.033025	supercritical
341.00	84.000	96.357	0.010378	208.39	295.57	5.3445	0.68000	1.0236	360.93	0.16580	2.4651e-05	0.033089	supercritical
342.00	84.000	96.029	0.010413	209.12	296.59	5.3475	0.68012	1.0230	361.49	0.16477	2.4699e-05	0.033152	supercritical
343.00	84.000	95.704	0.010449	209.84	297.61	5.3504	0.68024	1.0225	362.04	0.16375	2.4747e-05	0.033216	supercritical
344.00	84.000	95.382	0.010484	210.57	298.63	5.3534	0.68037	1.0219	362.60	0.16274	2.4795e-05	0.033280	supercritical
345.00	84.000	95.062	0.010519	211.29	299.66	5.3564	0.68049	1.0214	363.15	0.16174	2.4843e-05	0.033343	supercritical
346.00	84.000	94.744	0.010555	212.02	300.68	5.3593	0.68062	1.0209	363.70	0.16074	2.4890e-05	0.033407	supercritical
347.00	84.000	94.429	0.010590	212.74	301.70	5.3623	0.68076	1.0204	364.25	0.15974	2.4938e-05	0.033471	supercritical
348.00	84.000	94.116	0.010625	213.47	302.72	5.3652	0.68089	1.0199	364.80	0.15876	2.4986e-05	0.033534	supercritical
349.00	84.000	93.806	0.010660	214.19	303.74	5.3681	0.68103	1.0194	365.35	0.15777	2.5033e-05	0.033598	supercritical
350.00	84.000	93.497	0.010695	214.92	304.76	5.3711	0.68117	1.0190	365.89	0.15680	2.5081e-05	0.033662	supercritical
351.00	84.000	93.192	0.010731	215.64	305.78	5.3740	0.68131	1.0185	366.44	0.15583	2.5128e-05	0.033726	supercritical
352.00	84.000	92.888	0.010766	216.36	306.79	5.3769	0.68145	1.0181	366.98	0.15487	2.5176e-05	0.033790	supercritical
353.00	84.000	92.587	0.010801	217.09	307.81	5.3798	0.68160	1.0176	367.52	0.15392	2.5223e-05	0.033854	supercritical
354.00	84.000	92.287	0.010836	217.81	308.83	5.3826	0.68175	1.0172	368.06	0.15297	2.5271e-05	0.033918	supercritical
355.00	84.000	91.990	0.010871	218.53	309.85	5.3855	0.68190	1.0168	368.60	0.15202	2.5318e-05	0.033982	supercritical
356.00	84.000	91.695	0.010906	219.26	310.86	5.3884	0.68205	1.0163	369.13	0.15109	2.5365e-05	0.034046	supercritical
357.00	84.000	91.403	0.010941	219.98	311.88	5.3912	0.68221	1.0159	369.67	0.15015	2.5413e-05	0.034110	supercritical
358.00	84.000	91.112	0.010976	220.70	312.89	5.3941	0.68236	1.0155	370.20	0.14923	2.5460e-05	0.034174	supercritical
359.00	84.000	90.823	0.011010	221.42	313.91	5.3969	0.68252	1.0151	370.74	0.14831	2.5507e-05	0.034238	supercritical
360.00	84.000	90.537	0.011045	222.14	314.92	5.3997	0.68269	1.0148	371.27	0.14740	2.5555e-05	0.034302	supercritical
361.00	84.000	90.252	0.011080	222.87	315.94	5.4025	0.68285	1.0144	371.80	0.14649	2.5602e-05	0.034366	supercritical
362.00	84.000	89.970	0.011115	223.59	316.95	5.4053	0.68301	1.0140	372.32	0.14559	2.5649e-05	0.034430	supercritical
363.00	84.000	89.689	0.011150	224.31	317.97	5.4081	0.68318	1.0137	372.85	0.14469	2.5696e-05	0.034494	supercritical
364.00	84.000	89.410	0.011184	225.03	318.98	5.4109	0.68335	1.0133	373.38	0.14380	2.5743e-05	0.034558	supercritical
365.00	84.000	89.134	0.011219	225.75	319.99	5.4137	0.68352	1.0130	373.90	0.14291	2.5790e-05	0.034623	supercritical
366.00	84.000	88.859	0.011254	226.48	321.01	5.4165	0.68370	1.0126	374.43	0.14203	2.5837e-05	0.034687	supercritical
367.00	84.000	88.586	0.011288	227.20	322.02	5.4192	0.68387	1.0123	374.95	0.14116	2.5884e-05	0.034751	supercritical
368.00	84.000	88.315	0.011323	227.92	323.03	5.4220	0.68405	1.0120	375.47	0.14029	2.5931e-05	0.034815	supercritical
369.00	84.000	88.046	0.011358	228.64	324.04	5.4247	0.68423	1.0117	375.99	0.13942	2.5978e-05	0.034880	supercritical
370.00	84.000	87.779	0.011392	229.36	325.06	5.4275	0.68441	1.0114	376.50	0.13856	2.6025e-05	0.034944	supercritical
371.00	84.000	87.513	0.011427	230.08	326.07	5.4302	0.68459	1.0111	377.02	0.13771	2.6072e-05	0.035008	supercritical
372.00	84.000	87.249	0.011461	230.80	327.08	5.4329	0.68478	1.0108	377.54	0.13686	2.6119e-05	0.035072	supercritical
373.00	84.000	86.987	0.011496	231.52	328.09	5.4356	0.68497	1.0105	378.05	0.13602	2.6166e-05	0.035137	supercritical
374.00	84.000	86.727	0.011530	232.24	329.10	5.4383	0.68515	1.0102	378.56	0.13518	2.6212e-05	0.035201	supercritical
375.00	84.000	86.469	0.011565	232.96	330.11	5.4410	0.68534	1.0100	379.08	0.13435	2.6259e-05	0.035265	supercritical
376.00	84.000	86.212	0.011599	233.68	331.12	5.4437	0.68554	1.0097	379.59	0.13352	2.6306e-05	0.035330	supercritical
377.00	84.000	85.957	0.011634	234.40	332.13	5.4464	0.68573	1.0095	380.10	0.13270	2.6353e-05	0.035394	supercritical
378.00	84.000	85.703	0.011668	235.12	333.14	5.4491	0.68592	1.0092	380.60	0.13188	2.6399e-05	0.035458	supercritical
379.00	84.000	85.452	0.011703	235.84	334.15	5.4517	0.68612	1.0090	381.11	0.13107	2.6446e-05	0.035523	supercritical
380.00	84.000	85.202	0.011737	236.57	335.16	5.4544	0.68632	1.0087	381.62	0.13026	2.6492e-05	0.035587	supercritical
381.00	84.000	84.953	0.011771	237.29	336.16	5.4570	0.68652	1.0085	382.12	0.12946	2.6539e-05	0.035652	supercritical
382.00	84.000	84.706	0.011806	238.01	337.17	5.4597	0.68672	1.0083	382.62	0.12866	2.6585e-05	0.035716	supercritical
383.00	84.000	84.461	0.011840	238.73	338.18	5.4623	0.68693	1.0080	383.13	0.12787	2.6632e-05	0.035780	supercritical
384.00	84.000	84.217	0.011874	239.45	339.19	5.4650	0.68713	1.0078	383.63	0.12708	2.6678e-05	0.035845	supercritical
385.00	84.000	83.975	0.011908	240.17	340.20	5.4676	0.68734	1.0076	384.13	0.12629	2.6724e-05	0.035909	supercritical
386.00	84.000	83.734	0.011943	240.89	341.20	5.4702	0.68755	1.0074	384.63	0.12551	2.6771e-05	0.035974	supercritical
387.00	84.000	83.495	0.011977	241.61	342.21	5.4728	0.68776	1.0072	385.12	0.12474	2.6817e-05	0.036038	supercritical
388.00	84.000	83.257	0.012011	242.33	343.22	5.4754	0.68797	1.0070	385.62	0.12397	2.6863e-05	0.036103	supercritical
389.00	84.000	83.021	0.012045	243.05	344.22	5.4780	0.68818	1.0069	386.11	0.12320	2.6909e-05	0.036167	supercritical
390.00	84.000	82.787	0.012079	243.77	345.23	5.4806	0.68839	1.0067	386.61	0.12244	2.6956e-05	0.036232	supercritical
391.00	84.000	82.553	0.012113	244.49	346.24	5.4832	0.68861	1.0065	387.10	0.12169	2.7002e-05	0.036296	supercritical
392.00	84.000	82.322	0.012147	245.21	347.24	5.4857	0.68883	1.0063	387.59	0.12093	2.7048e-05	0.036360	supercritical
393.00	84.000	82.091	0.012182	245.93	348.25	5.4883	0.68905	1.0062	388.08	0.12019	2.7094e-05	0.036425	supercritical
394.00	84.000	81.862	0.012216	246.65	349.26	5.4908	0.68927	1.0060	388.57	0.11944	2.7140e-05	0.036489	supercritical
395.00	84.000	81.635	0.012250	247.37	350.26	5.4934	0.68949	1.0059	389.06	0.11870	2.7186e-05	0.036554	supercritical
396.00	84.000	81.409	0.012284	248.09	351.27	5.4959	0.68971	1.0057	389.55	0.11797	2.7232e-05	0.036618	supercritical
397.00	84.000	81.184	0.012318	248.81	352.27	5.4985	0.68993	1.0056	390.04	0.11724	2.7278e-05	0.036683	supercritical
398.00	84.000	80.961	0.012352	249.53	353.28	5.5010	0.69016	1.0054	390.52	0.11651	2.7324e-05	0.036747	supercritical
399.00	84.000	80.739	0.012386	250.25	354.29	5.5035	0.69039	1.0053	391.01	0.11579	2.7370e-05	0.036812	supercritical
400.00	84.000	80.518	0.012420	250.97	355.29	5.5060	0.69062	1.0052	391.49	0.11507	2.7415e-05	0.036876	supercritical
401.00	84.000	80.298	0.012454	251.69	356.30	5.5085	0.69085	1.0051	391.97	0.11436	2.7461e-05	0.036941	supercritical
402.00	84.000	80.080	0.012487	252.41	357.30	5.5111	0.69108	1.0049	392.46	0.11365	2.7507e-05	0.037005	supercritical
403.00	84.000	79.864	0.012521	253.13	358.31	5.5135	0.69131	1.0048	392.94	0.11294	2.7553e-05	0.037070	supercritical
404.00	84.000	79.648	0.012555	253.85	359.31	5.5160	0.69154	1.0047	393.42	0.11224	2.7598e-05	0.037134	supercritical
405.00	84.000	79.434	0.012589	254.57	360.31	5.5185	0.69178	1.0046	393.89	0.11154	2.7644e-05	0.037198	supercritical
406.00	84.000	79.221	0.012623	255.29	361.32	5.5210	0.69201	1.0045	394.37	0.11085	2.7689e-05	0.037263	supercritical
407.00	84.000	79.009	0.012657	256.01	362.32	5.5235	0.69225	1.0044	394.85	0.11016	2.7735e-05	0.037327	supercritical
408.00	84.000	78.799	0.012691	256.73	363.33	5.5259	0.69249	1.0043	395.32	0.10947	2.7781e-05	0.037392	supercritical
409.00	84.000	78.590	0.012724	257.45	364.33	5.5284	0.69273	1.0042	395.80	0.10879	2.7826e-05	0.037456	supercritical
410.00	84.000	78.381	0.012758	258.17	365.34	5.5308	0.69297	1.0042	396.27	0.10811	2.7871e-05	0.037521	supercritical
411.00	84.000	78.175	0.012792	258.89	366.34	5.5333	0.69321	1.0041	396.74	0.10744	2.7917e-05	0.037585	supercritical
412.00	84.000	77.969	0.012826	259.61	367.35	5.5357	0.69345	1.0040	397.22	0.10677	2.7962e-05	0.037650	supercritical
413.00	84.000	77.764	0.012859	260.33	368.35	5.5382	0.69369	1.0039	397.69	0.10610	2.8008e-05	0.037714	supercritical
414.00	84.000	77.561	0.012893	261.05	369.35	5.5406	0.69394	1.0039	398.16	0.10544	2.8053e-05	0.037778	supercritical
415.00	84.000	77.359	0.012927	261.77	370.36	5.5430	0.69419	1.0038	398.62	0.10478	2.8098e-05	0.037843	supercritical
416.00	84.000	77.158	0.012960	262.49	371.36	5.5454	0.69443	1.0038	399.09	0.10412	2.8143e-05	0.037907	supercritical
417.00	84.000	76.958	0.012994	263.21	372.36	5.5478	0.69468	1.0037	399.56	0.10347	2.8188e-05	0.037972	supercritical
418.00	84.000	76.759	0.013028	263.94	373.37	5.5502	0.69493	1.0037	400.03	0.10282	2.8234e-05	0.038036	supercritical
419.00	84.000	76.562	0.013061	264.66	374.37	5.5526	0.69518	1.0036	400.49	0.10218	2.8279e-05	0.038100	supercritical
420.00	84.000	76.365	0.013095	265.38	375.38	5.5550	0.69543	1.0036	400.95	0.10154	2.8324e-05	0.038165	supercritical
421.00	84.000	76.170	0.013129	266.10	376.38	5.5574	0.69568	1.0035	401.42	0.10090	2.8369e-05	0.038229	supercritical
422.00	84.000	75.976	0.013162	266.82	377.38	5.5598	0.69594	1.0035	401.88	0.10026	2.8414e-05	0.038294	supercritical
423.00	84.000	75.782	0.013196	267.54	378.39	5.5622	0.69619	1.0035	402.34	0.099634	2.8459e-05	0.038358	supercritical
424.00	84.000	75.590	0.013229	268.26	379.39	5.5645	0.69645	1.0034	402.80	0.099007	2.8504e-05	0.038422	supercritical
425.00	84.000	75.399	0.013263	268.99	380.39	5.5669	0.69670	1.0034	403.26	0.098383	2.8549e-05	0.038487	supercritical
426.00	84.000	75.209	0.013296	269.71	381.40	5.5693	0.69696	1.0034	403.72	0.097763	2.8593e-05	0.038551	supercritical
427.00	84.000	75.020	0.013330	270.43	382.40	5.5716	0.69722	1.0034	404.18	0.097146	2.8638e-05	0.038615	supercritical
428.00	84.000	74.832	0.013363	271.15	383.40	5.5740	0.69748	1.0033	404.64	0.096533	2.8683e-05	0.038680	supercritical
429.00	84.000	74.645	0.013397	271.87	384.41	5.5763	0.69773	1.0033	405.09	0.095923	2.8728e-05	0.038744	supercritical
430.00	84.000	74.459	0.013430	272.60	385.41	5.5786	0.69800	1.0033	405.55	0.095316	2.8772e-05	0.038808	supercritical
431.00	84.000	74.274	0.013464	273.32	386.41	5.5810	0.69826	1.0033	406.00	0.094713	2.8817e-05	0.038872	supercritical
432.00	84.000	74.090	0.013497	274.04	387.42	5.5833	0.69852	1.0033	406.46	0.094112	2.8862e-05	0.038937	supercritical
433.00	84.000	73.907	0.013531	274.76	388.42	5.5856	0.69878	1.0033	406.91	0.093516	2.8906e-05	0.039001	supercritical
434.00	84.000	73.725	0.013564	275.49	389.42	5.5879	0.69905	1.0033	407.36	0.092922	2.8951e-05	0.039065	supercritical
435.00	84.000	73.544	0.013597	276.21	390.43	5.5902	0.69931	1.0033	407.81	0.092331	2.8995e-05	0.039129	supercritical
436.00	84.000	73.364	0.013631	276.93	391.43	5.5926	0.69958	1.0033	408.26	0.091744	2.9040e-05	0.039194	supercritical
437.00	84.000	73.184	0.013664	277.65	392.43	5.5948	0.69984	1.0034	408.71	0.091160	2.9084e-05	0.039258	supercritical
438.00	84.000	73.006	0.013697	278.38	393.44	5.5971	0.70011	1.0034	409.16	0.090579	2.9129e-05	0.039322	supercritical
439.00	84.000	72.829	0.013731	279.10	394.44	5.5994	0.70038	1.0034	409.61	0.090001	2.9173e-05	0.039386	supercritical
440.00	84.000	72.653	0.013764	279.82	395.44	5.6017	0.70065	1.0034	410.06	0.089426	2.9217e-05	0.039451	supercritical
441.00	84.000	72.477	0.013797	280.55	396.45	5.6040	0.70091	1.0034	410.50	0.088855	2.9262e-05	0.039515	supercritical
442.00	84.000	72.303	0.013831	281.27	397.45	5.6063	0.70118	1.0035	410.95	0.088286	2.9306e-05	0.039579	supercritical
443.00	84.000	72.129	0.013864	282.00	398.45	5.6085	0.70146	1.0035	411.39	0.087721	2.9350e-05	0.039643	supercritical
444.00	84.000	71.956	0.013897	282.72	399.46	5.6108	0.70173	1.0035	411.84	0.087158	2.9394e-05	0.039707	supercritical
445.00	84.000	71.784	0.013931	283.44	400.46	5.6131	0.70200	1.0036	412.28	0.086598	2.9439e-05	0.039771	supercritical
446.00	84.000	71.614	0.013964	284.17	401.46	5.6153	0.70227	1.0036	412.72	0.086042	2.9483e-05	0.039835	supercritical
447.00	84.000	71.443	0.013997	284.89	402.47	5.6176	0.70255	1.0036	413.16	0.085488	2.9527e-05	0.039900	supercritical
448.00	84.000	71.274	0.014030	285.62	403.47	5.6198	0.70282	1.0037	413.60	0.084937	2.9571e-05	0.039964	supercritical
449.00	84.000	71.106	0.014064	286.34	404.47	5.6220	0.70309	1.0037	414.04	0.084390	2.9615e-05	0.040028	supercritical
450.00	84.000	70.938	0.014097	287.07	405.48	5.6243	0.70337	1.0038	414.48	0.083845	2.9659e-05	0.040092	supercritical
451.00	84.000	70.772	0.014130	287.79	406.48	5.6265	0.70365	1.0038	414.92	0.083303	2.9703e-05	0.040156	supercritical
452.00	84.000	70.606	0.014163	288.52	407.49	5.6287	0.70392	1.0039	415.36	0.082763	2.9747e-05	0.040220	supercritical
453.00	84.000	70.441	0.014196	289.24	408.49	5.6309	0.70420	1.0039	415.80	0.082227	2.9791e-05	0.040284	supercritical
454.00	84.000	70.277	0.014229	289.97	409.49	5.6332	0.70448	1.0040	416.23	0.081694	2.9834e-05	0.040348	supercritical
455.00	84.000	70.114	0.014263	290.69	410.50	5.6354	0.70476	1.0041	416.67	0.081163	2.9878e-05	0.040412	supercritical
456.00	84.000	69.951	0.014296	291.42	411.50	5.6376	0.70503	1.0041	417.10	0.080635	2.9922e-05	0.040476	supercritical
457.00	84.000	69.789	0.014329	292.14	412.51	5.6398	0.70531	1.0042	417.54	0.080110	2.9966e-05	0.040540	supercritical
458.00	84.000	69.629	0.014362	292.87	413.51	5.6420	0.70559	1.0043	417.97	0.079587	3.0009e-05	0.040604	supercritical
459.00	84.000	69.469	0.014395	293.60	414.51	5.6441	0.70587	1.0043	418.40	0.079067	3.0053e-05	0.040668	supercritical
460.00	84.000	69.309	0.014428	294.32	415.52	5.6463	0.70616	1.0044	418.84	0.078550	3.0097e-05	0.040732	supercritical
461.00	84.000	69.151	0.014461	295.05	416.52	5.6485	0.70644	1.0045	419.27	0.078036	3.0140e-05	0.040796	supercritical
462.00	84.000	68.993	0.014494	295.78	417.53	5.6507	0.70672	1.0045	419.70	0.077524	3.0184e-05	0.040860	supercritical
463.00	84.000	68.836	0.014527	296.50	418.53	5.6529	0.70700	1.0046	420.13	0.077015	3.0227e-05	0.040923	supercritical
464.00	84.000	68.680	0.014560	297.23	419.54	5.6550	0.70729	1.0047	420.56	0.076508	3.0271e-05	0.040987	supercritical
465.00	84.000	68.524	0.014593	297.96	420.54	5.6572	0.70757	1.0048	420.99	0.076004	3.0314e-05	0.041051	supercritical
466.00	84.000	68.370	0.014626	298.69	421.55	5.6594	0.70785	1.0049	421.41	0.075503	3.0358e-05	0.041115	supercritical
467.00	84.000	68.216	0.014659	299.41	422.55	5.6615	0.70814	1.0050	421.84	0.075004	3.0401e-05	0.041179	supercritical
468.00	84.000	68.062	0.014692	300.14	423.56	5.6637	0.70842	1.0051	422.27	0.074508	3.0444e-05	0.041243	supercritical
469.00	84.000	67.910	0.014725	300.87	424.56	5.6658	0.70871	1.0051	422.69	0.074015	3.0488e-05	0.041306	supercritical
470.00	84.000	67.758	0.014758	301.60	425.57	5.6679	0.70899	1.0052	423.12	0.073524	3.0531e-05	0.041370	supercritical
471.00	84.000	67.607	0.014791	302.33	426.57	5.6701	0.70928	1.0053	423.54	0.073035	3.0574e-05	0.041434	supercritical
472.00	84.000	67.457	0.014824	303.05	427.58	5.6722	0.70957	1.0054	423.97	0.072549	3.0617e-05	0.041498	supercritical
473.00	84.000	67.307	0.014857	303.78	428.58	5.6743	0.70985	1.0055	424.39	0.072065	3.0660e-05	0.041561	supercritical
474.00	84.000	67.158	0.014890	304.51	429.59	5.6765	0.71014	1.0056	424.81	0.071584	3.0704e-05	0.041625	supercritical
475.00	84.000	67.010	0.014923	305.24	430.59	5.6786	0.71043	1.0057	425.23	0.071105	3.0747e-05	0.041689	supercritical
476.00	84.000	66.863	0.014956	305.97	431.60	5.6807	0.71072	1.0058	425.65	0.070629	3.0790e-05	0.041752	supercritical
477.00	84.000	66.716	0.014989	306.70	432.61	5.6828	0.71101	1.0059	426.07	0.070155	3.0833e-05	0.041816	supercritical
478.00	84.000	66.570	0.015022	307.43	433.61	5.6849	0.71129	1.0060	426.49	0.069684	3.0876e-05	0.041880	supercritical
479.00	84.000	66.424	0.015055	308.16	434.62	5.6870	0.71158	1.0062	426.91	0.069215	3.0919e-05	0.041943	supercritical
480.00	84.000	66.280	0.015088	308.89	435.62	5.6891	0.71187	1.0063	427.33	0.068748	3.0962e-05	0.042007	supercritical
481.00	84.000	66.136	0.015120	309.62	436.63	5.6912	0.71216	1.0064	427.75	0.068283	3.1005e-05	0.042071	supercritical
482.00	84.000	65.992	0.015153	310.35	437.64	5.6933	0.71245	1.0065	428.17	0.067821	3.1047e-05	0.042134	supercritical
483.00	84.000	65.849	0.015186	311.08	438.64	5.6954	0.71274	1.0066	428.58	0.067362	3.1090e-05	0.042198	supercritical
484.00	84.000	65.707	0.015219	311.81	439.65	5.6975	0.71304	1.0067	429.00	0.066904	3.1133e-05	0.042261	supercritical
485.00	84.000	65.566	0.015252	312.54	440.66	5.6995	0.71333	1.0068	429.42	0.066449	3.1176e-05	0.042325	supercritical
486.00	84.000	65.425	0.015285	313.27	441.66	5.7016	0.71362	1.0070	429.83	0.065996	3.1218e-05	0.042388	supercritical
487.00	84.000	65.285	0.015317	314.00	442.67	5.7037	0.71391	1.0071	430.24	0.065545	3.1261e-05	0.042452	supercritical
488.00	84.000	65.145	0.015350	314.74	443.68	5.7058	0.71420	1.0072	430.66	0.065097	3.1304e-05	0.042515	supercritical
489.00	84.000	65.007	0.015383	315.47	444.69	5.7078	0.71449	1.0073	431.07	0.064651	3.1346e-05	0.042579	supercritical
490.00	84.000	64.868	0.015416	316.20	445.69	5.7099	0.71479	1.0075	431.48	0.064207	3.1389e-05	0.042642	supercritical
491.00	84.000	64.731	0.015449	316.93	446.70	5.7119	0.71508	1.0076	431.89	0.063765	3.1432e-05	0.042706	supercritical
492.00	84.000	64.594	0.015481	317.66	447.71	5.7140	0.71537	1.0077	432.31	0.063325	3.1474e-05	0.042769	supercritical
493.00	84.000	64.457	0.015514	318.40	448.72	5.7160	0.71566	1.0078	432.72	0.062888	3.1517e-05	0.042832	supercritical
494.00	84.000	64.321	0.015547	319.13	449.72	5.7181	0.71596	1.0080	433.13	0.062453	3.1559e-05	0.042896	supercritical
495.00	84.000	64.186	0.015580	319.86	450.73	5.7201	0.71625	1.0081	433.54	0.062020	3.1601e-05	0.042959	supercritical
496.00	84.000	64.052	0.015612	320.60	451.74	5.7221	0.71655	1.0082	433.94	0.061589	3.1644e-05	0.043023	supercritical
497.00	84.000	63.918	0.015645	321.33	452.75	5.7242	0.71684	1.0084	434.35	0.061160	3.1686e-05	0.043086	supercritical
498.00	84.000	63.784	0.015678	322.06	453.76	5.7262	0.71713	1.0085	434.76	0.060733	3.1728e-05	0.043149	supercritical
499.00	84.000	63.652	0.015711	322.80	454.77	5.7282	0.71743	1.0087	435.17	0.060308	3.1771e-05	0.043212	supercritical
500.00	84.000	63.519	0.015743	323.53	455.77	5.7302	0.71772	1.0088	435.57	0.059886	3.1813e-05	0.043276	supercritical
501.00	84.000	63.388	0.015776	324.27	456.78	5.7323	0.71802	1.0089	435.98	0.059465	3.1855e-05	0.043339	supercritical
502.00	84.000	63.257	0.015809	325.00	457.79	5.7343	0.71831	1.0091	436.38	0.059047	3.1897e-05	0.043402	supercritical
503.00	84.000	63.126	0.015841	325.73	458.80	5.7363	0.71861	1.0092	436.79	0.058630	3.1940e-05	0.043465	supercritical
504.00	84.000	62.996	0.015874	326.47	459.81	5.7383	0.71890	1.0094	437.19	0.058216	3.1982e-05	0.043529	supercritical
505.00	84.000	62.867	0.015907	327.20	460.82	5.7403	0.71920	1.0095	437.60	0.057803	3.2024e-05	0.043592	supercritical
506.00	84.000	62.738	0.015939	327.94	461.83	5.7423	0.71949	1.0097	438.00	0.057393	3.2066e-05	0.043655	supercritical
507.00	84.000	62.610	0.015972	328.68	462.84	5.7443	0.71979	1.0098	438.40	0.056984	3.2108e-05	0.043718	supercritical
508.00	84.000	62.482	0.016005	329.41	463.85	5.7463	0.72008	1.0100	438.80	0.056578	3.2150e-05	0.043781	supercritical
509.00	84.000	62.355	0.016037	330.15	464.86	5.7483	0.72038	1.0101	439.21	0.056173	3.2192e-05	0.043844	supercritical
510.00	84.000	62.229	0.016070	330.88	465.87	5.7502	0.72068	1.0103	439.61	0.055771	3.2234e-05	0.043907	supercritical
511.00	84.000	62.103	0.016102	331.62	466.88	5.7522	0.72097	1.0104	440.01	0.055370	3.2276e-05	0.043970	supercritical
512.00	84.000	61.977	0.016135	332.36	467.89	5.7542	0.72127	1.0106	440.41	0.054972	3.2317e-05	0.044033	supercritical
513.00	84.000	61.852	0.016168	333.09	468.90	5.7562	0.72156	1.0107	440.81	0.054575	3.2359e-05	0.044096	supercritical
514.00	84.000	61.728	0.016200	333.83	469.91	5.7581	0.72186	1.0109	441.20	0.054180	3.2401e-05	0.044159	supercritical
515.00	84.000	61.604	0.016233	334.57	470.92	5.7601	0.72216	1.0111	441.60	0.053787	3.2443e-05	0.044222	supercritical
516.00	84.000	61.481	0.016265	335.31	471.93	5.7621	0.72245	1.0112	442.00	0.053396	3.2484e-05	0.044285	supercritical
517.00	84.000	61.358	0.016298	336.04	472.95	5.7640	0.72275	1.0114	442.40	0.053006	3.2526e-05	0.044348	supercritical
518.00	84.000	61.235	0.016330	336.78	473.96	5.7660	0.72305	1.0115	442.79	0.052619	3.2568e-05	0.044411	supercritical
519.00	84.000	61.114	0.016363	337.52	474.97	5.7679	0.72334	1.0117	443.19	0.052233	3.2609e-05	0.044474	supercritical
520.00	84.000	60.992	0.016396	338.26	475.98	5.7699	0.72364	1.0119	443.59	0.051850	3.2651e-05	0.044537	supercritical
521.00	84.000	60.871	0.016428	339.00	476.99	5.7718	0.72394	1.0120	443.98	0.051468	3.2693e-05	0.044600	supercritical
522.00	84.000	60.751	0.016461	339.74	478.00	5.7738	0.72423	1.0122	444.38	0.051088	3.2734e-05	0.044663	supercritical
523.00	84.000	60.631	0.016493	340.47	479.02	5.7757	0.72453	1.0123	444.77	0.050709	3.2776e-05	0.044726	supercritical
524.00	84.000	60.512	0.016526	341.21	480.03	5.7776	0.72483	1.0125	445.16	0.050333	3.2817e-05	0.044788	supercritical
525.00	84.000	60.393	0.016558	341.95	481.04	5.7796	0.72512	1.0127	445.56	0.049958	3.2859e-05	0.044851	supercritical
526.00	84.000	60.275	0.016591	342.69	482.05	5.7815	0.72542	1.0128	445.95	0.049585	3.2900e-05	0.044914	supercritical
527.00	84.000	60.157	0.016623	343.43	483.07	5.7834	0.72572	1.0130	446.34	0.049214	3.2941e-05	0.044977	supercritical
528.00	84.000	60.040	0.016656	344.17	484.08	5.7853	0.72601	1.0132	446.73	0.048844	3.2983e-05	0.045040	supercritical
529.00	84.000	59.923	0.016688	344.91	485.09	5.7872	0.72631	1.0134	447.12	0.048476	3.3024e-05	0.045102	supercritical
530.00	84.000	59.807	0.016721	345.65	486.11	5.7892	0.72661	1.0135	447.51	0.048110	3.3065e-05	0.045165	supercritical
531.00	84.000	59.691	0.016753	346.40	487.12	5.7911	0.72690	1.0137	447.90	0.047746	3.3107e-05	0.045228	supercritical
532.00	84.000	59.575	0.016785	347.14	488.13	5.7930	0.72720	1.0139	448.29	0.047383	3.3148e-05	0.045290	supercritical
533.00	84.000	59.460	0.016818	347.88	489.15	5.7949	0.72750	1.0141	448.68	0.047022	3.3189e-05	0.045353	supercritical
534.00	84.000	59.346	0.016850	348.62	490.16	5.7968	0.72779	1.0142	449.07	0.046663	3.3230e-05	0.045416	supercritical
535.00	84.000	59.232	0.016883	349.36	491.18	5.7987	0.72809	1.0144	449.46	0.046306	3.3271e-05	0.045478	supercritical
536.00	84.000	59.118	0.016915	350.10	492.19	5.8006	0.72839	1.0146	449.85	0.045950	3.3312e-05	0.045541	supercritical
537.00	84.000	59.005	0.016948	350.85	493.21	5.8025	0.72868	1.0148	450.23	0.045595	3.3353e-05	0.045603	supercritical
538.00	84.000	58.892	0.016980	351.59	494.22	5.8044	0.72898	1.0149	450.62	0.045243	3.3395e-05	0.045666	supercritical
539.00	84.000	58.780	0.017013	352.33	495.24	5.8062	0.72927	1.0151	451.01	0.044892	3.3436e-05	0.045728	supercritical
540.00	84.000	58.669	0.017045	353.07	496.25	5.8081	0.72957	1.0153	451.39	0.044542	3.3476e-05	0.045791	supercritical
541.00	84.000	58.557	0.017077	353.82	497.27	5.8100	0.72987	1.0155	451.78	0.044194	3.3517e-05	0.045853	supercritical
542.00	84.000	58.446	0.017110	354.56	498.28	5.8119	0.73016	1.0156	452.16	0.043848	3.3558e-05	0.045916	supercritical
543.00	84.000	58.336	0.017142	355.30	499.30	5.8137	0.73046	1.0158	452.55	0.043504	3.3599e-05	0.045978	supercritical
544.00	84.000	58.226	0.017174	356.05	500.31	5.8156	0.73076	1.0160	452.93	0.043161	3.3640e-05	0.046041	supercritical
545.00	84.000	58.116	0.017207	356.79	501.33	5.8175	0.73105	1.0162	453.31	0.042819	3.3681e-05	0.046103	supercritical
546.00	84.000	58.007	0.017239	357.54	502.35	5.8193	0.73135	1.0164	453.70	0.042479	3.3722e-05	0.046166	supercritical
547.00	84.000	57.899	0.017272	358.28	503.36	5.8212	0.73164	1.0166	454.08	0.042141	3.3762e-05	0.046228	supercritical
548.00	84.000	57.790	0.017304	359.03	504.38	5.8231	0.73194	1.0167	454.46	0.041804	3.3803e-05	0.046290	supercritical
549.00	84.000	57.683	0.017336	359.77	505.40	5.8249	0.73223	1.0169	454.84	0.041469	3.3844e-05	0.046353	supercritical
550.00	84.000	57.575	0.017369	360.52	506.41	5.8268	0.73253	1.0171	455.22	0.041135	3.3885e-05	0.046415	supercritical
551.00	84.000	57.468	0.017401	361.26	507.43	5.8286	0.73282	1.0173	455.60	0.040803	3.3925e-05	0.046477	supercritical
552.00	84.000	57.362	0.017433	362.01	508.45	5.8305	0.73312	1.0175	455.98	0.040472	3.3966e-05	0.046540	supercritical
553.00	84.000	57.255	0.017466	362.75	509.47	5.8323	0.73341	1.0177	456.36	0.040143	3.4006e-05	0.046602	supercritical
554.00	84.000	57.150	0.017498	363.50	510.48	5.8341	0.73371	1.0179	456.74	0.039815	3.4047e-05	0.046664	supercritical
555.00	84.000	57.044	0.017530	364.25	511.50	5.8360	0.73400	1.0181	457.12	0.039489	3.4087e-05	0.046726	supercritical
556.00	84.000	56.939	0.017563	364.99	512.52	5.8378	0.73430	1.0182	457.50	0.039164	3.4128e-05	0.046788	supercritical
557.00	84.000	56.835	0.017595	365.74	513.54	5.8396	0.73459	1.0184	457.88	0.038841	3.4168e-05	0.046851	supercritical
558.00	84.000	56.731	0.017627	366.49	514.56	5.8415	0.73489	1.0186	458.26	0.038519	3.4209e-05	0.046913	supercritical
559.00	84.000	56.627	0.017659	367.24	515.57	5.8433	0.73518	1.0188	458.63	0.038199	3.4249e-05	0.046975	supercritical
560.00	84.000	56.524	0.017692	367.98	516.59	5.8451	0.73547	1.0190	459.01	0.037880	3.4290e-05	0.047037	supercritical
561.00	84.000	56.421	0.017724	368.73	517.61	5.8469	0.73577	1.0192	459.39	0.037562	3.4330e-05	0.047099	supercritical
562.00	84.000	56.318	0.017756	369.48	518.63	5.8487	0.73606	1.0194	459.76	0.037246	3.4370e-05	0.047161	supercritical
563.00	84.000	56.216	0.017789	370.23	519.65	5.8506	0.73635	1.0196	460.14	0.036931	3.4411e-05	0.047223	supercritical
564.00	84.000	56.114	0.017821	370.98	520.67	5.8524	0.73665	1.0198	460.51	0.036618	3.4451e-05	0.047285	supercritical
565.00	84.000	56.013	0.017853	371.73	521.69	5.8542	0.73694	1.0200	460.89	0.036306	3.4491e-05	0.047347	supercritical
566.00	84.000	55.912	0.017885	372.47	522.71	5.8560	0.73723	1.0202	461.26	0.035996	3.4531e-05	0.047409	supercritical
567.00	84.000	55.811	0.017918	373.22	523.73	5.8578	0.73753	1.0204	461.64	0.035686	3.4571e-05	0.047471	supercritical
568.00	84.000	55.711	0.017950	373.97	524.75	5.8596	0.73782	1.0205	462.01	0.035379	3.4612e-05	0.047533	supercritical
569.00	84.000	55.611	0.017982	374.72	525.77	5.8614	0.73811	1.0207	462.38	0.035072	3.4652e-05	0.047595	supercritical
570.00	84.000	55.512	0.018014	375.47	526.79	5.8632	0.73840	1.0209	462.75	0.034767	3.4692e-05	0.047657	supercritical
571.00	84.000	55.412	0.018046	376.22	527.81	5.8650	0.73869	1.0211	463.13	0.034463	3.4732e-05	0.047719	supercritical
572.00	84.000	55.314	0.018079	376.97	528.84	5.8667	0.73899	1.0213	463.50	0.034161	3.4772e-05	0.047781	supercritical
573.00	84.000	55.215	0.018111	377.73	529.86	5.8685	0.73928	1.0215	463.87	0.033860	3.4812e-05	0.047843	supercritical
574.00	84.000	55.117	0.018143	378.48	530.88	5.8703	0.73957	1.0217	464.24	0.033560	3.4852e-05	0.047904	supercritical
575.00	84.000	55.020	0.018175	379.23	531.90	5.8721	0.73986	1.0219	464.61	0.033262	3.4892e-05	0.047966	supercritical
576.00	84.000	54.922	0.018208	379.98	532.92	5.8739	0.74015	1.0221	464.98	0.032965	3.4932e-05	0.048028	supercritical
577.00	84.000	54.825	0.018240	380.73	533.94	5.8756	0.74044	1.0223	465.35	0.032669	3.4972e-05	0.048090	supercritical
578.00	84.000	54.729	0.018272	381.48	534.97	5.8774	0.74073	1.0225	465.72	0.032375	3.5011e-05	0.048152	supercritical
579.00	84.000	54.633	0.018304	382.24	535.99	5.8792	0.74102	1.0227	466.09	0.032081	3.5051e-05	0.048213	supercritical
580.00	84.000	54.537	0.018336	382.99	537.01	5.8809	0.74131	1.0229	466.46	0.031789	3.5091e-05	0.048275	supercritical
581.00	84.000	54.441	0.018368	383.74	538.04	5.8827	0.74160	1.0231	466.83	0.031499	3.5131e-05	0.048337	supercritical
582.00	84.000	54.346	0.018401	384.49	539.06	5.8845	0.74189	1.0233	467.19	0.031209	3.5171e-05	0.048398	supercritical
583.00	84.000	54.251	0.018433	385.25	540.08	5.8862	0.74218	1.0235	467.56	0.030921	3.5210e-05	0.048460	supercritical
584.00	84.000	54.157	0.018465	386.00	541.11	5.8880	0.74247	1.0237	467.93	0.030634	3.5250e-05	0.048522	supercritical
585.00	84.000	54.063	0.018497	386.75	542.13	5.8897	0.74276	1.0239	468.29	0.030349	3.5290e-05	0.048583	supercritical
586.00	84.000	53.969	0.018529	387.51	543.15	5.8915	0.74305	1.0241	468.66	0.030064	3.5329e-05	0.048645	supercritical
587.00	84.000	53.875	0.018561	388.26	544.18	5.8932	0.74334	1.0243	469.03	0.029781	3.5369e-05	0.048707	supercritical
588.00	84.000	53.782	0.018594	389.02	545.20	5.8950	0.74362	1.0245	469.39	0.029499	3.5408e-05	0.048768	supercritical
589.00	84.000	53.689	0.018626	389.77	546.23	5.8967	0.74391	1.0247	469.76	0.029218	3.5448e-05	0.048830	supercritical
590.00	84.000	53.597	0.018658	390.53	547.25	5.8984	0.74420	1.0249	470.12	0.028939	3.5488e-05	0.048891	supercritical
591.00	84.000	53.505	0.018690	391.28	548.28	5.9002	0.74449	1.0251	470.49	0.028661	3.5527e-05	0.048953	supercritical
592.00	84.000	53.413	0.018722	392.04	549.30	5.9019	0.74477	1.0253	470.85	0.028383	3.5566e-05	0.049014	supercritical
593.00	84.000	53.322	0.018754	392.79	550.33	5.9036	0.74506	1.0255	471.21	0.028108	3.5606e-05	0.049076	supercritical
594.00	84.000	53.230	0.018786	393.55	551.35	5.9054	0.74535	1.0257	471.58	0.027833	3.5645e-05	0.049137	supercritical
595.00	84.000	53.140	0.018818	394.30	552.38	5.9071	0.74563	1.0259	471.94	0.027559	3.5685e-05	0.049199	supercritical
596.00	84.000	53.049	0.018850	395.06	553.40	5.9088	0.74592	1.0261	472.30	0.027287	3.5724e-05	0.049260	supercritical
597.00	84.000	52.959	0.018883	395.82	554.43	5.9105	0.74620	1.0263	472.66	0.027015	3.5763e-05	0.049321	supercritical
598.00	84.000	52.869	0.018915	396.57	555.46	5.9123	0.74649	1.0265	473.03	0.026745	3.5803e-05	0.049383	supercritical
599.00	84.000	52.780	0.018947	397.33	556.48	5.9140	0.74677	1.0267	473.39	0.026476	3.5842e-05	0.049444	supercritical
600.00	84.000	52.690	0.018979	398.09	557.51	5.9157	0.74706	1.0269	473.75	0.026209	3.5881e-05	0.049505	supercritical
