Temperature (K)	Pressure (bar)	Density (kg/m3)	Volume (m3/kg)	Internal Energy (kJ/kg)	Enthalpy (kJ/kg)	Entropy (J/g*K)	Cv (J/g*K)	Cp (J/g*K)	Sound Spd. (m/s)	Joule-Thomson (K/bar)	Viscosity (Pa*s)	Therm. Cond. (W/m*K)	Phase
60.000	75.000	1290.9	0.00077468	-185.35	-179.54	2.2375	1.0914	1.6577	1147.9	-0.037485	0.00061335	0.19697	liquid
61.000	75.000	1286.6	0.00077725	-183.71	-177.88	2.2649	1.0828	1.6595	1144.0	-0.037329	0.00058444	0.19562	liquid
62.000	75.000	1282.3	0.00077985	-182.07	-176.22	2.2919	1.0751	1.6611	1139.4	-0.037186	0.00055746	0.19427	liquid
63.000	75.000	1278.0	0.00078248	-180.42	-174.56	2.3185	1.0681	1.6622	1134.2	-0.037056	0.00053225	0.19293	liquid
64.000	75.000	1273.7	0.00078514	-178.78	-172.89	2.3447	1.0616	1.6631	1128.5	-0.036936	0.00050870	0.19158	liquid
65.000	75.000	1269.3	0.00078782	-177.14	-171.23	2.3705	1.0556	1.6637	1122.5	-0.036824	0.00048668	0.19023	liquid
66.000	75.000	1265.0	0.00079053	-175.49	-169.57	2.3959	1.0499	1.6640	1116.1	-0.036718	0.00046608	0.18889	liquid
67.000	75.000	1260.6	0.00079326	-173.85	-167.90	2.4209	1.0444	1.6641	1109.5	-0.036617	0.00044678	0.18754	liquid
68.000	75.000	1256.3	0.00079602	-172.21	-166.24	2.4456	1.0392	1.6641	1102.7	-0.036519	0.00042870	0.18619	liquid
69.000	75.000	1251.9	0.00079880	-170.56	-164.57	2.4699	1.0341	1.6639	1095.7	-0.036422	0.00041173	0.18485	liquid
70.000	75.000	1247.5	0.00080161	-168.92	-162.91	2.4938	1.0292	1.6636	1088.6	-0.036326	0.00039580	0.18350	liquid
71.000	75.000	1243.1	0.00080444	-167.28	-161.25	2.5174	1.0244	1.6632	1081.4	-0.036228	0.00038083	0.18216	liquid
72.000	75.000	1238.7	0.00080729	-165.64	-159.58	2.5406	1.0196	1.6628	1074.1	-0.036128	0.00036675	0.18081	liquid
73.000	75.000	1234.3	0.00081017	-164.00	-157.92	2.5636	1.0150	1.6624	1066.8	-0.036025	0.00035349	0.17947	liquid
74.000	75.000	1229.9	0.00081308	-162.36	-156.26	2.5862	1.0104	1.6619	1059.4	-0.035918	0.00034099	0.17812	liquid
75.000	75.000	1225.5	0.00081602	-160.72	-154.60	2.6085	1.0058	1.6615	1052.0	-0.035806	0.00032920	0.17678	liquid
76.000	75.000	1221.0	0.00081898	-159.08	-152.94	2.6305	1.0014	1.6612	1044.6	-0.035689	0.00031806	0.17543	liquid
77.000	75.000	1216.6	0.00082197	-157.44	-151.27	2.6522	0.99693	1.6608	1037.1	-0.035565	0.00030753	0.17408	liquid
78.000	75.000	1212.1	0.00082499	-155.80	-149.61	2.6736	0.99257	1.6606	1029.7	-0.035434	0.00029757	0.17274	liquid
79.000	75.000	1207.7	0.00082803	-154.16	-147.95	2.6948	0.98825	1.6604	1022.2	-0.035296	0.00028813	0.17139	liquid
80.000	75.000	1203.2	0.00083111	-152.53	-146.29	2.7157	0.98399	1.6603	1014.7	-0.035150	0.00027918	0.17004	liquid
81.000	75.000	1198.7	0.00083422	-150.89	-144.63	2.7363	0.97977	1.6604	1007.2	-0.034996	0.00027068	0.16869	liquid
82.000	75.000	1194.2	0.00083736	-149.25	-142.97	2.7567	0.97561	1.6605	999.70	-0.034833	0.00026261	0.16734	liquid
83.000	75.000	1189.7	0.00084054	-147.62	-141.31	2.7768	0.97149	1.6607	992.20	-0.034661	0.00025493	0.16599	liquid
84.000	75.000	1185.2	0.00084375	-145.98	-139.65	2.7967	0.96742	1.6611	984.70	-0.034479	0.00024762	0.16464	liquid
85.000	75.000	1180.6	0.00084699	-144.34	-137.99	2.8164	0.96341	1.6616	977.20	-0.034287	0.00024065	0.16329	liquid
86.000	75.000	1176.1	0.00085027	-142.70	-136.33	2.8358	0.95944	1.6622	969.69	-0.034084	0.00023401	0.16194	liquid
87.000	75.000	1171.5	0.00085359	-141.07	-134.66	2.8550	0.95552	1.6629	962.19	-0.033871	0.00022766	0.16058	liquid
88.000	75.000	1166.9	0.00085695	-139.43	-133.00	2.8740	0.95165	1.6638	954.68	-0.033647	0.00022159	0.15922	liquid
89.000	75.000	1162.3	0.00086034	-137.79	-131.34	2.8928	0.94783	1.6648	947.17	-0.033411	0.00021579	0.15787	liquid
90.000	75.000	1157.7	0.00086378	-136.15	-129.67	2.9114	0.94406	1.6660	939.66	-0.033163	0.00021023	0.15651	liquid
91.000	75.000	1153.1	0.00086726	-134.51	-128.00	2.9299	0.94033	1.6673	932.14	-0.032903	0.00020490	0.15515	liquid
92.000	75.000	1148.4	0.00087078	-132.87	-126.34	2.9481	0.93666	1.6688	924.61	-0.032631	0.00019978	0.15379	liquid
93.000	75.000	1143.7	0.00087435	-131.22	-124.67	2.9661	0.93304	1.6704	917.08	-0.032345	0.00019487	0.15242	liquid
94.000	75.000	1139.0	0.00087797	-129.58	-123.00	2.9840	0.92946	1.6722	909.54	-0.032046	0.00019015	0.15106	liquid
95.000	75.000	1134.3	0.00088163	-127.93	-121.32	3.0017	0.92593	1.6741	901.99	-0.031732	0.00018561	0.14970	liquid
96.000	75.000	1129.5	0.00088535	-126.29	-119.65	3.0193	0.92245	1.6762	894.43	-0.031405	0.00018123	0.14833	liquid
97.000	75.000	1124.7	0.00088911	-124.64	-117.97	3.0366	0.91902	1.6785	886.86	-0.031062	0.00017702	0.14696	liquid
98.000	75.000	1119.9	0.00089293	-122.99	-116.29	3.0539	0.91564	1.6809	879.27	-0.030704	0.00017295	0.14559	liquid
99.000	75.000	1115.1	0.00089680	-121.33	-114.61	3.0710	0.91230	1.6835	871.67	-0.030331	0.00016902	0.14422	liquid
100.00	75.000	1110.2	0.00090073	-119.68	-112.92	3.0879	0.90901	1.6863	864.06	-0.029940	0.00016523	0.14285	liquid
101.00	75.000	1105.3	0.00090472	-118.02	-111.24	3.1047	0.90576	1.6893	856.43	-0.029533	0.00016156	0.14148	liquid
102.00	75.000	1100.4	0.00090877	-116.36	-109.54	3.1213	0.90257	1.6924	848.78	-0.029107	0.00015801	0.14010	liquid
103.00	75.000	1095.4	0.00091288	-114.70	-107.85	3.1379	0.89941	1.6958	841.11	-0.028664	0.00015456	0.13872	liquid
104.00	75.000	1090.4	0.00091706	-113.03	-106.15	3.1543	0.89631	1.6993	833.42	-0.028201	0.00015123	0.13735	liquid
105.00	75.000	1085.4	0.00092130	-111.36	-104.45	3.1705	0.89325	1.7030	825.71	-0.027718	0.00014799	0.13597	liquid
106.00	75.000	1080.4	0.00092561	-109.69	-102.75	3.1867	0.89023	1.7070	817.98	-0.027215	0.00014485	0.13459	liquid
107.00	75.000	1075.3	0.00093000	-108.01	-101.04	3.2028	0.88726	1.7112	810.22	-0.026690	0.00014180	0.13321	liquid
108.00	75.000	1070.1	0.00093446	-106.33	-99.325	3.2187	0.88434	1.7156	802.43	-0.026142	0.00013883	0.13183	liquid
109.00	75.000	1065.0	0.00093900	-104.65	-97.607	3.2345	0.88146	1.7202	794.62	-0.025571	0.00013594	0.13046	liquid
110.00	75.000	1059.7	0.00094362	-102.96	-95.884	3.2503	0.87863	1.7251	786.77	-0.024975	0.00013313	0.12908	liquid
111.00	75.000	1054.5	0.00094833	-101.27	-94.157	3.2659	0.87584	1.7302	778.90	-0.024354	0.00013039	0.12770	liquid
112.00	75.000	1049.2	0.00095312	-99.572	-92.424	3.2814	0.87310	1.7355	771.00	-0.023706	0.00012772	0.12632	liquid
113.00	75.000	1043.8	0.00095800	-97.870	-90.685	3.2969	0.87040	1.7412	763.06	-0.023029	0.00012511	0.12495	liquid
114.00	75.000	1038.4	0.00096298	-96.164	-88.941	3.3123	0.86775	1.7471	755.08	-0.022323	0.00012257	0.12357	liquid
115.00	75.000	1033.0	0.00096805	-94.451	-87.191	3.3275	0.86515	1.7534	747.07	-0.021586	0.00012008	0.12219	liquid
116.00	75.000	1027.5	0.00097323	-92.734	-85.434	3.3427	0.86259	1.7599	739.01	-0.020816	0.00011766	0.12080	liquid
117.00	75.000	1022.0	0.00097852	-91.010	-83.671	3.3579	0.86008	1.7668	730.92	-0.020012	0.00011528	0.11942	liquid
118.00	75.000	1016.3	0.00098392	-89.280	-81.901	3.3730	0.85762	1.7740	722.78	-0.019171	0.00011296	0.11804	liquid
119.00	75.000	1010.7	0.00098943	-87.544	-80.123	3.3880	0.85521	1.7816	714.60	-0.018293	0.00011069	0.11666	liquid
120.00	75.000	1005.0	0.00099507	-85.800	-78.337	3.4029	0.85285	1.7896	706.37	-0.017373	0.00010846	0.11528	liquid
121.00	75.000	999.16	0.0010008	-84.050	-76.544	3.4178	0.85053	1.7980	698.09	-0.016412	0.00010628	0.11390	liquid
122.00	75.000	993.31	0.0010067	-82.292	-74.741	3.4326	0.84827	1.8068	689.76	-0.015405	0.00010414	0.11252	liquid
123.00	75.000	987.38	0.0010128	-80.526	-72.930	3.4474	0.84606	1.8160	681.38	-0.014350	0.00010204	0.11113	liquid
124.00	75.000	981.38	0.0010190	-78.751	-71.109	3.4621	0.84391	1.8258	672.94	-0.013244	9.9984e-05	0.10975	liquid
125.00	75.000	975.31	0.0010253	-76.968	-69.278	3.4769	0.84181	1.8361	664.44	-0.012084	9.7962e-05	0.10837	liquid
126.00	75.000	969.15	0.0010318	-75.175	-67.437	3.4915	0.83977	1.8469	655.87	-0.010866	9.5977e-05	0.10699	liquid
127.00	75.000	962.91	0.0010385	-73.373	-65.584	3.5062	0.83779	1.8584	647.24	-0.0095869	9.4025e-05	0.10561	liquid
128.00	75.000	956.59	0.0010454	-71.560	-63.720	3.5208	0.83587	1.8705	638.55	-0.0082421	9.2106e-05	0.10423	liquid
129.00	75.000	950.17	0.0010524	-69.736	-61.843	3.5354	0.83401	1.8832	629.78	-0.0068270	9.0219e-05	0.10285	liquid
130.00	75.000	943.65	0.0010597	-67.901	-59.953	3.5500	0.83221	1.8968	620.93	-0.0053367	8.8362e-05	0.10147	liquid
131.00	75.000	937.04	0.0010672	-66.053	-58.049	3.5646	0.83049	1.9111	612.01	-0.0037655	8.6533e-05	0.10009	liquid
132.00	75.000	930.31	0.0010749	-64.192	-56.131	3.5792	0.82884	1.9263	603.01	-0.0021074	8.4732e-05	0.098711	liquid
133.00	75.000	923.47	0.0010829	-62.318	-54.196	3.5938	0.82726	1.9424	593.91	-0.00035553	8.2957e-05	0.097332	liquid
134.00	75.000	916.51	0.0010911	-60.429	-52.245	3.6084	0.82576	1.9596	584.73	0.0014975	8.1206e-05	0.095954	liquid
135.00	75.000	909.42	0.0010996	-58.524	-50.277	3.6230	0.82435	1.9779	575.45	0.0034601	7.9480e-05	0.094577	liquid
136.00	75.000	902.20	0.0011084	-56.602	-48.289	3.6377	0.82302	1.9974	566.07	0.0055415	7.7776e-05	0.093199	liquid
137.00	75.000	894.83	0.0011175	-54.663	-46.281	3.6524	0.82178	2.0183	556.58	0.0077522	7.6093e-05	0.091822	liquid
138.00	75.000	887.30	0.0011270	-52.705	-44.252	3.6672	0.82065	2.0407	546.97	0.010104	7.4431e-05	0.090445	liquid
139.00	75.000	879.61	0.0011369	-50.726	-42.200	3.6820	0.81962	2.0647	537.25	0.012610	7.2787e-05	0.089068	liquid
140.00	75.000	871.74	0.0011471	-48.725	-40.122	3.6969	0.81871	2.0906	527.40	0.015284	7.1161e-05	0.087691	liquid
141.00	75.000	863.68	0.0011578	-46.701	-38.018	3.7118	0.81792	2.1185	517.42	0.018144	6.9551e-05	0.086314	liquid
142.00	75.000	855.42	0.0011690	-44.652	-35.884	3.7269	0.81726	2.1487	507.29	0.021210	6.7957e-05	0.084936	liquid
143.00	75.000	846.93	0.0011807	-42.575	-33.719	3.7421	0.81674	2.1816	497.01	0.024501	6.6376e-05	0.083557	liquid
144.00	75.000	838.20	0.0011930	-40.468	-31.520	3.7574	0.81639	2.2173	486.58	0.028045	6.4807e-05	0.082176	liquid
145.00	75.000	829.21	0.0012060	-38.328	-29.284	3.7729	0.81620	2.2563	475.97	0.031869	6.3249e-05	0.080794	liquid
146.00	75.000	819.94	0.0012196	-36.153	-27.006	3.7886	0.81621	2.2992	465.19	0.036007	6.1700e-05	0.079409	liquid
147.00	75.000	810.35	0.0012340	-33.939	-24.684	3.8044	0.81642	2.3464	454.22	0.040499	6.0158e-05	0.078021	liquid
148.00	75.000	800.41	0.0012494	-31.682	-22.312	3.8205	0.81687	2.3987	443.05	0.045388	5.8621e-05	0.076630	liquid
149.00	75.000	790.09	0.0012657	-29.377	-19.884	3.8368	0.81758	2.4569	431.67	0.050729	5.7086e-05	0.075233	liquid
150.00	75.000	779.35	0.0012831	-27.019	-17.396	3.8535	0.81858	2.5220	420.06	0.056584	5.5552e-05	0.073831	liquid
151.00	75.000	768.13	0.0013019	-24.602	-14.838	3.8705	0.81991	2.5952	408.23	0.063030	5.4015e-05	0.072422	liquid
152.00	75.000	756.37	0.0013221	-22.118	-12.202	3.8879	0.82160	2.6783	396.15	0.070155	5.2472e-05	0.071004	liquid
153.00	75.000	744.00	0.0013441	-19.558	-9.4773	3.9058	0.82372	2.7732	383.82	0.078069	5.0919e-05	0.069575	liquid
154.00	75.000	730.95	0.0013681	-16.911	-6.6508	3.9242	0.82631	2.8824	371.24	0.086905	4.9351e-05	0.068134	liquid
155.00	75.000	717.09	0.0013945	-14.165	-3.7065	3.9432	0.82944	3.0095	358.39	0.096826	4.7763e-05	0.066679	supercritical
156.00	75.000	702.31	0.0014239	-11.303	-0.62447	3.9630	0.83319	3.1586	345.27	0.10803	4.6149e-05	0.065205	supercritical
157.00	75.000	686.45	0.0014568	-8.3057	2.6200	3.9838	0.83765	3.3355	331.89	0.12077	4.4501e-05	0.063712	supercritical
158.00	75.000	669.32	0.0014941	-5.1473	6.0582	4.0056	0.84293	3.5474	318.26	0.13535	4.2809e-05	0.062193	supercritical
159.00	75.000	650.67	0.0015369	-1.7972	9.7295	4.0288	0.84915	3.8033	304.40	0.15214	4.1064e-05	0.060646	supercritical
160.00	75.000	630.21	0.0015868	1.7822	13.683	4.0536	0.85643	4.1136	290.39	0.17159	3.9253e-05	0.059063	supercritical
161.00	75.000	607.63	0.0016457	5.6352	17.978	4.0803	0.86485	4.4883	276.36	0.19419	3.7364e-05	0.057435	supercritical
162.00	75.000	582.59	0.0017165	9.8086	22.682	4.1094	0.87435	4.9307	262.55	0.22043	3.5390e-05	0.055740	supercritical
163.00	75.000	554.86	0.0018023	14.340	27.857	4.1413	0.88443	5.4248	249.43	0.25056	3.3336e-05	0.053943	supercritical
164.00	75.000	524.56	0.0019064	19.232	33.530	4.1760	0.89381	5.9106	237.65	0.28431	3.1229e-05	0.051992	supercritical
165.00	75.000	492.48	0.0020305	24.406	39.635	4.2131	0.90027	6.2631	228.03	0.32033	2.9140e-05	0.049832	supercritical
166.00	75.000	460.29	0.0021725	29.666	45.960	4.2513	0.90155	6.3322	221.14	0.35608	2.7181e-05	0.047467	supercritical
167.00	75.000	430.03	0.0023254	34.747	52.188	4.2887	0.89702	6.0754	216.97	0.38866	2.5464e-05	0.045011	supercritical
168.00	75.000	403.15	0.0024805	39.437	58.041	4.3237	0.88822	5.6091	214.93	0.41625	2.4043e-05	0.042649	supercritical
169.00	75.000	380.03	0.0026314	43.653	63.389	4.3554	0.87738	5.0865	214.29	0.43852	2.2904e-05	0.040522	supercritical
170.00	75.000	360.35	0.0027751	47.413	68.226	4.3839	0.86611	4.5984	214.50	0.45603	2.2000e-05	0.038679	supercritical
171.00	75.000	343.56	0.0029107	50.777	72.608	4.4096	0.85527	4.1762	215.21	0.46958	2.1281e-05	0.037108	supercritical
172.00	75.000	329.09	0.0030387	53.811	76.601	4.4329	0.84519	3.8212	216.23	0.47995	2.0702e-05	0.035773	supercritical
173.00	75.000	316.50	0.0031596	56.573	80.270	4.4542	0.83594	3.5249	217.42	0.48777	2.0232e-05	0.034635	supercritical
174.00	75.000	305.42	0.0032742	59.110	83.667	4.4738	0.82747	3.2768	218.72	0.49356	1.9845e-05	0.033659	supercritical
175.00	75.000	295.57	0.0033833	61.461	86.836	4.4919	0.81971	3.0676	220.10	0.49772	1.9524e-05	0.032816	supercritical
176.00	75.000	286.73	0.0034876	63.656	89.812	4.5089	0.81258	2.8896	221.51	0.50055	1.9256e-05	0.032083	supercritical
177.00	75.000	278.75	0.0035875	65.718	92.624	4.5248	0.80600	2.7368	222.94	0.50231	1.9030e-05	0.031441	supercritical
178.00	75.000	271.47	0.0036836	67.666	95.293	4.5399	0.79989	2.6045	224.38	0.50319	1.8839e-05	0.030877	supercritical
179.00	75.000	264.81	0.0037763	69.516	97.838	4.5541	0.79422	2.4890	225.83	0.50334	1.8677e-05	0.030377	supercritical
180.00	75.000	258.67	0.0038659	71.282	100.28	4.5677	0.78891	2.3873	227.27	0.50290	1.8539e-05	0.029933	supercritical
181.00	75.000	252.99	0.0039527	72.972	102.62	4.5807	0.78395	2.2973	228.71	0.50196	1.8421e-05	0.029537	supercritical
182.00	75.000	247.71	0.0040370	74.596	104.87	4.5931	0.77928	2.2170	230.13	0.50061	1.8321e-05	0.029182	supercritical
183.00	75.000	242.77	0.0041191	76.160	107.05	4.6051	0.77489	2.1449	231.54	0.49891	1.8235e-05	0.028863	supercritical
184.00	75.000	238.15	0.0041991	77.672	109.17	4.6166	0.77074	2.0800	232.94	0.49692	1.8163e-05	0.028576	supercritical
185.00	75.000	233.80	0.0042771	79.137	111.22	4.6277	0.76681	2.0212	234.32	0.49469	1.8102e-05	0.028317	supercritical
186.00	75.000	229.70	0.0043535	80.559	113.21	4.6384	0.76310	1.9676	235.69	0.49226	1.8051e-05	0.028084	supercritical
187.00	75.000	225.83	0.0044281	81.941	115.15	4.6488	0.75957	1.9187	237.04	0.48965	1.8008e-05	0.027872	supercritical
188.00	75.000	222.16	0.0045013	83.288	117.05	4.6590	0.75622	1.8738	238.37	0.48690	1.7974e-05	0.027680	supercritical
189.00	75.000	218.67	0.0045731	84.603	118.90	4.6688	0.75304	1.8324	239.69	0.48403	1.7946e-05	0.027506	supercritical
190.00	75.000	215.35	0.0046436	85.887	120.71	4.6783	0.75001	1.7943	241.00	0.48107	1.7924e-05	0.027348	supercritical
191.00	75.000	212.18	0.0047129	87.144	122.49	4.6877	0.74712	1.7589	242.28	0.47802	1.7908e-05	0.027205	supercritical
192.00	75.000	209.16	0.0047810	88.375	124.23	4.6968	0.74436	1.7261	243.56	0.47490	1.7897e-05	0.027075	supercritical
193.00	75.000	206.27	0.0048481	89.583	125.94	4.7057	0.74173	1.6956	244.81	0.47173	1.7891e-05	0.026957	supercritical
194.00	75.000	203.49	0.0049142	90.768	127.62	4.7143	0.73921	1.6670	246.06	0.46851	1.7888e-05	0.026850	supercritical
195.00	75.000	200.83	0.0049793	91.934	129.28	4.7228	0.73681	1.6404	247.29	0.46526	1.7890e-05	0.026753	supercritical
196.00	75.000	198.27	0.0050435	93.080	130.91	4.7312	0.73451	1.6154	248.50	0.46198	1.7894e-05	0.026666	supercritical
197.00	75.000	195.81	0.0051069	94.208	132.51	4.7393	0.73230	1.5919	249.70	0.45869	1.7902e-05	0.026587	supercritical
198.00	75.000	193.44	0.0051695	95.319	134.09	4.7473	0.73019	1.5698	250.89	0.45538	1.7913e-05	0.026517	supercritical
199.00	75.000	191.15	0.0052314	96.414	135.65	4.7552	0.72817	1.5490	252.06	0.45207	1.7926e-05	0.026453	supercritical
200.00	75.000	188.95	0.0052925	97.495	137.19	4.7629	0.72623	1.5293	253.22	0.44875	1.7941e-05	0.026396	supercritical
201.00	75.000	186.81	0.0053529	98.562	138.71	4.7705	0.72437	1.5107	254.37	0.44543	1.7959e-05	0.026346	supercritical
202.00	75.000	184.75	0.0054127	99.615	140.21	4.7779	0.72258	1.4931	255.51	0.44212	1.7979e-05	0.026301	supercritical
203.00	75.000	182.75	0.0054719	100.66	141.70	4.7853	0.72086	1.4764	256.63	0.43882	1.8001e-05	0.026262	supercritical
204.00	75.000	180.82	0.0055305	101.69	143.16	4.7925	0.71921	1.4606	257.74	0.43553	1.8024e-05	0.026228	supercritical
205.00	75.000	178.94	0.0055885	102.70	144.62	4.7996	0.71763	1.4455	258.84	0.43225	1.8050e-05	0.026199	supercritical
206.00	75.000	177.12	0.0056460	103.71	146.05	4.8066	0.71610	1.4312	259.93	0.42899	1.8076e-05	0.026175	supercritical
207.00	75.000	175.35	0.0057029	104.71	147.48	4.8135	0.71464	1.4175	261.01	0.42575	1.8104e-05	0.026154	supercritical
208.00	75.000	173.63	0.0057594	105.69	148.89	4.8203	0.71322	1.4045	262.08	0.42252	1.8134e-05	0.026137	supercritical
209.00	75.000	171.96	0.0058154	106.67	150.29	4.8270	0.71186	1.3921	263.14	0.41931	1.8164e-05	0.026124	supercritical
210.00	75.000	170.33	0.0058709	107.64	151.67	4.8336	0.71055	1.3802	264.19	0.41613	1.8196e-05	0.026115	supercritical
211.00	75.000	168.75	0.0059260	108.60	153.05	4.8401	0.70929	1.3688	265.23	0.41297	1.8229e-05	0.026109	supercritical
212.00	75.000	167.21	0.0059807	109.56	154.41	4.8466	0.70808	1.3579	266.26	0.40983	1.8263e-05	0.026106	supercritical
213.00	75.000	165.70	0.0060349	110.50	155.77	4.8530	0.70690	1.3475	267.28	0.40671	1.8297e-05	0.026105	supercritical
214.00	75.000	164.24	0.0060888	111.44	157.11	4.8592	0.70577	1.3375	268.29	0.40362	1.8333e-05	0.026108	supercritical
215.00	75.000	162.81	0.0061423	112.37	158.44	4.8655	0.70468	1.3279	269.29	0.40056	1.8370e-05	0.026113	supercritical
216.00	75.000	161.41	0.0061954	113.30	159.76	4.8716	0.70363	1.3187	270.28	0.39752	1.8407e-05	0.026120	supercritical
217.00	75.000	160.05	0.0062482	114.22	161.08	4.8777	0.70262	1.3098	271.27	0.39451	1.8445e-05	0.026130	supercritical
218.00	75.000	158.71	0.0063006	115.13	162.38	4.8837	0.70163	1.3013	272.25	0.39152	1.8484e-05	0.026142	supercritical
219.00	75.000	157.41	0.0063527	116.03	163.68	4.8896	0.70069	1.2931	273.22	0.38856	1.8523e-05	0.026157	supercritical
220.00	75.000	156.14	0.0064045	116.94	164.97	4.8955	0.69977	1.2852	274.18	0.38562	1.8563e-05	0.026173	supercritical
221.00	75.000	154.89	0.0064560	117.83	166.25	4.9013	0.69889	1.2776	275.13	0.38271	1.8603e-05	0.026191	supercritical
222.00	75.000	153.68	0.0065072	118.72	167.52	4.9070	0.69804	1.2702	276.08	0.37983	1.8644e-05	0.026211	supercritical
223.00	75.000	152.48	0.0065581	119.61	168.79	4.9127	0.69721	1.2631	277.02	0.37698	1.8686e-05	0.026232	supercritical
224.00	75.000	151.32	0.0066087	120.49	170.05	4.9184	0.69641	1.2563	277.95	0.37415	1.8728e-05	0.026256	supercritical
225.00	75.000	150.17	0.0066591	121.36	171.30	4.9240	0.69564	1.2497	278.88	0.37135	1.8771e-05	0.026280	supercritical
226.00	75.000	149.05	0.0067092	122.23	172.55	4.9295	0.69490	1.2433	279.79	0.36857	1.8814e-05	0.026307	supercritical
227.00	75.000	147.95	0.0067590	123.10	173.79	4.9350	0.69417	1.2371	280.70	0.36582	1.8857e-05	0.026334	supercritical
228.00	75.000	146.87	0.0068086	123.96	175.02	4.9404	0.69348	1.2311	281.61	0.36310	1.8901e-05	0.026363	supercritical
229.00	75.000	145.82	0.0068579	124.82	176.25	4.9458	0.69280	1.2253	282.51	0.36040	1.8945e-05	0.026394	supercritical
230.00	75.000	144.78	0.0069071	125.67	177.48	4.9511	0.69215	1.2197	283.40	0.35773	1.8989e-05	0.026425	supercritical
231.00	75.000	143.76	0.0069560	126.52	178.69	4.9564	0.69152	1.2143	284.29	0.35508	1.9034e-05	0.026458	supercritical
232.00	75.000	142.76	0.0070046	127.37	179.90	4.9616	0.69091	1.2091	285.17	0.35246	1.9079e-05	0.026492	supercritical
233.00	75.000	141.78	0.0070531	128.21	181.11	4.9668	0.69031	1.2040	286.04	0.34987	1.9124e-05	0.026527	supercritical
234.00	75.000	140.82	0.0071013	129.05	182.31	4.9719	0.68974	1.1990	286.91	0.34730	1.9170e-05	0.026563	supercritical
235.00	75.000	139.87	0.0071494	129.89	183.51	4.9770	0.68919	1.1942	287.77	0.34475	1.9216e-05	0.026600	supercritical
236.00	75.000	138.94	0.0071972	130.72	184.70	4.9821	0.68865	1.1896	288.63	0.34223	1.9262e-05	0.026638	supercritical
237.00	75.000	138.03	0.0072449	131.55	185.89	4.9871	0.68813	1.1851	289.48	0.33974	1.9309e-05	0.026677	supercritical
238.00	75.000	137.13	0.0072923	132.38	187.07	4.9921	0.68763	1.1807	290.33	0.33727	1.9355e-05	0.026717	supercritical
239.00	75.000	136.25	0.0073396	133.20	188.25	4.9970	0.68714	1.1764	291.17	0.33482	1.9402e-05	0.026757	supercritical
240.00	75.000	135.38	0.0073867	134.02	189.42	5.0019	0.68667	1.1723	292.01	0.33239	1.9449e-05	0.026799	supercritical
241.00	75.000	134.52	0.0074336	134.84	190.59	5.0068	0.68622	1.1682	292.84	0.32999	1.9497e-05	0.026841	supercritical
242.00	75.000	133.68	0.0074804	135.66	191.76	5.0116	0.68577	1.1643	293.66	0.32761	1.9544e-05	0.026884	supercritical
243.00	75.000	132.86	0.0075270	136.47	192.92	5.0164	0.68535	1.1605	294.48	0.32526	1.9592e-05	0.026928	supercritical
244.00	75.000	132.04	0.0075734	137.28	194.08	5.0212	0.68493	1.1568	295.30	0.32292	1.9639e-05	0.026972	supercritical
245.00	75.000	131.24	0.0076197	138.09	195.24	5.0259	0.68453	1.1532	296.11	0.32061	1.9687e-05	0.027017	supercritical
246.00	75.000	130.45	0.0076658	138.89	196.39	5.0306	0.68415	1.1496	296.92	0.31832	1.9735e-05	0.027063	supercritical
247.00	75.000	129.67	0.0077118	139.70	197.54	5.0353	0.68377	1.1462	297.72	0.31606	1.9784e-05	0.027110	supercritical
248.00	75.000	128.91	0.0077576	140.50	198.68	5.0399	0.68341	1.1429	298.52	0.31381	1.9832e-05	0.027156	supercritical
249.00	75.000	128.15	0.0078032	141.30	199.82	5.0445	0.68306	1.1396	299.31	0.31159	1.9880e-05	0.027204	supercritical
250.00	75.000	127.41	0.0078488	142.09	200.96	5.0490	0.68272	1.1365	300.10	0.30938	1.9929e-05	0.027252	supercritical
251.00	75.000	126.68	0.0078942	142.89	202.09	5.0536	0.68239	1.1334	300.88	0.30720	1.9978e-05	0.027301	supercritical
252.00	75.000	125.95	0.0079394	143.68	203.23	5.0581	0.68208	1.1303	301.66	0.30504	2.0027e-05	0.027350	supercritical
253.00	75.000	125.24	0.0079845	144.47	204.35	5.0625	0.68177	1.1274	302.44	0.30289	2.0075e-05	0.027400	supercritical
254.00	75.000	124.54	0.0080295	145.26	205.48	5.0670	0.68147	1.1245	303.21	0.30077	2.0124e-05	0.027450	supercritical
255.00	75.000	123.85	0.0080744	146.05	206.60	5.0714	0.68119	1.1217	303.98	0.29867	2.0173e-05	0.027500	supercritical
256.00	75.000	123.17	0.0081191	146.83	207.72	5.0758	0.68091	1.1190	304.75	0.29658	2.0223e-05	0.027552	supercritical
257.00	75.000	122.49	0.0081638	147.61	208.84	5.0801	0.68065	1.1163	305.51	0.29452	2.0272e-05	0.027603	supercritical
258.00	75.000	121.83	0.0082083	148.40	209.96	5.0845	0.68039	1.1137	306.26	0.29247	2.0321e-05	0.027655	supercritical
259.00	75.000	121.17	0.0082526	149.17	211.07	5.0888	0.68014	1.1112	307.02	0.29045	2.0371e-05	0.027707	supercritical
260.00	75.000	120.53	0.0082969	149.95	212.18	5.0930	0.67990	1.1087	307.76	0.28844	2.0420e-05	0.027760	supercritical
261.00	75.000	119.89	0.0083411	150.73	213.29	5.0973	0.67967	1.1063	308.51	0.28645	2.0469e-05	0.027813	supercritical
262.00	75.000	119.26	0.0083851	151.50	214.39	5.1015	0.67945	1.1039	309.25	0.28447	2.0519e-05	0.027867	supercritical
263.00	75.000	118.64	0.0084290	152.28	215.49	5.1057	0.67923	1.1016	309.99	0.28252	2.0569e-05	0.027921	supercritical
264.00	75.000	118.02	0.0084729	153.05	216.60	5.1099	0.67903	1.0993	310.72	0.28058	2.0618e-05	0.027975	supercritical
265.00	75.000	117.42	0.0085166	153.82	217.69	5.1141	0.67883	1.0971	311.46	0.27866	2.0668e-05	0.028029	supercritical
266.00	75.000	116.82	0.0085602	154.59	218.79	5.1182	0.67864	1.0950	312.18	0.27676	2.0718e-05	0.028084	supercritical
267.00	75.000	116.23	0.0086037	155.36	219.88	5.1223	0.67846	1.0928	312.91	0.27487	2.0768e-05	0.028139	supercritical
268.00	75.000	115.64	0.0086472	156.12	220.98	5.1264	0.67828	1.0908	313.63	0.27300	2.0817e-05	0.028195	supercritical
269.00	75.000	115.07	0.0086905	156.89	222.06	5.1304	0.67811	1.0887	314.35	0.27115	2.0867e-05	0.028251	supercritical
270.00	75.000	114.50	0.0087337	157.65	223.15	5.1345	0.67795	1.0868	315.06	0.26931	2.0917e-05	0.028307	supercritical
271.00	75.000	113.94	0.0087769	158.41	224.24	5.1385	0.67780	1.0848	315.77	0.26749	2.0967e-05	0.028363	supercritical
272.00	75.000	113.38	0.0088199	159.17	225.32	5.1425	0.67765	1.0829	316.48	0.26569	2.1017e-05	0.028420	supercritical
273.00	75.000	112.83	0.0088629	159.93	226.40	5.1464	0.67751	1.0811	317.18	0.26390	2.1067e-05	0.028477	supercritical
274.00	75.000	112.29	0.0089058	160.69	227.48	5.1504	0.67737	1.0793	317.89	0.26212	2.1117e-05	0.028534	supercritical
275.00	75.000	111.75	0.0089485	161.45	228.56	5.1543	0.67724	1.0775	318.59	0.26036	2.1167e-05	0.028591	supercritical
276.00	75.000	111.22	0.0089912	162.21	229.64	5.1582	0.67712	1.0757	319.28	0.25862	2.1217e-05	0.028649	supercritical
277.00	75.000	110.69	0.0090338	162.96	230.71	5.1621	0.67701	1.0740	319.97	0.25689	2.1267e-05	0.028706	supercritical
278.00	75.000	110.18	0.0090764	163.71	231.79	5.1660	0.67690	1.0724	320.66	0.25517	2.1317e-05	0.028764	supercritical
279.00	75.000	109.66	0.0091188	164.47	232.86	5.1698	0.67679	1.0707	321.35	0.25347	2.1367e-05	0.028823	supercritical
280.00	75.000	109.16	0.0091612	165.22	233.93	5.1737	0.67669	1.0691	322.04	0.25179	2.1417e-05	0.028881	supercritical
281.00	75.000	108.65	0.0092035	165.97	235.00	5.1775	0.67660	1.0676	322.72	0.25012	2.1467e-05	0.028940	supercritical
282.00	75.000	108.16	0.0092457	166.72	236.06	5.1813	0.67651	1.0660	323.40	0.24846	2.1517e-05	0.028999	supercritical
283.00	75.000	107.67	0.0092879	167.47	237.13	5.1850	0.67643	1.0645	324.07	0.24681	2.1567e-05	0.029058	supercritical
284.00	75.000	107.18	0.0093299	168.22	238.19	5.1888	0.67635	1.0631	324.74	0.24518	2.1617e-05	0.029117	supercritical
285.00	75.000	106.70	0.0093719	168.97	239.26	5.1925	0.67628	1.0616	325.42	0.24357	2.1667e-05	0.029176	supercritical
286.00	75.000	106.23	0.0094138	169.71	240.32	5.1962	0.67622	1.0602	326.08	0.24196	2.1717e-05	0.029236	supercritical
287.00	75.000	105.76	0.0094557	170.46	241.38	5.1999	0.67615	1.0588	326.75	0.24037	2.1767e-05	0.029296	supercritical
288.00	75.000	105.29	0.0094975	171.20	242.43	5.2036	0.67610	1.0574	327.41	0.23879	2.1817e-05	0.029356	supercritical
289.00	75.000	104.83	0.0095392	171.95	243.49	5.2073	0.67605	1.0561	328.07	0.23723	2.1867e-05	0.029416	supercritical
290.00	75.000	104.38	0.0095808	172.69	244.55	5.2109	0.67600	1.0548	328.73	0.23567	2.1917e-05	0.029476	supercritical
291.00	75.000	103.92	0.0096224	173.43	245.60	5.2145	0.67596	1.0535	329.38	0.23413	2.1967e-05	0.029536	supercritical
292.00	75.000	103.48	0.0096639	174.17	246.65	5.2182	0.67592	1.0523	330.04	0.23261	2.2017e-05	0.029597	supercritical
293.00	75.000	103.04	0.0097054	174.91	247.70	5.2218	0.67589	1.0510	330.69	0.23109	2.2067e-05	0.029657	supercritical
294.00	75.000	102.60	0.0097467	175.65	248.76	5.2253	0.67586	1.0498	331.33	0.22959	2.2117e-05	0.029718	supercritical
295.00	75.000	102.17	0.0097881	176.39	249.80	5.2289	0.67584	1.0487	331.98	0.22810	2.2167e-05	0.029779	supercritical
296.00	75.000	101.74	0.0098293	177.13	250.85	5.2324	0.67582	1.0475	332.62	0.22662	2.2217e-05	0.029840	supercritical
297.00	75.000	101.31	0.0098705	177.87	251.90	5.2360	0.67580	1.0464	333.26	0.22515	2.2267e-05	0.029901	supercritical
298.00	75.000	100.89	0.0099116	178.61	252.95	5.2395	0.67579	1.0453	333.90	0.22369	2.2317e-05	0.029962	supercritical
299.00	75.000	100.48	0.0099527	179.34	253.99	5.2430	0.67578	1.0442	334.54	0.22224	2.2367e-05	0.030023	supercritical
300.00	75.000	100.06	0.0099937	180.08	255.03	5.2465	0.67578	1.0431	335.17	0.22081	2.2417e-05	0.030084	supercritical
301.00	75.000	99.654	0.010035	180.82	256.08	5.2499	0.67578	1.0420	335.80	0.21939	2.2467e-05	0.030145	supercritical
302.00	75.000	99.250	0.010076	181.55	257.12	5.2534	0.67579	1.0410	336.43	0.21797	2.2517e-05	0.030207	supercritical
303.00	75.000	98.849	0.010116	182.29	258.16	5.2568	0.67580	1.0400	337.06	0.21657	2.2566e-05	0.030268	supercritical
304.00	75.000	98.452	0.010157	183.02	259.20	5.2603	0.67581	1.0390	337.68	0.21518	2.2616e-05	0.030330	supercritical
305.00	75.000	98.059	0.010198	183.75	260.24	5.2637	0.67583	1.0380	338.30	0.21380	2.2666e-05	0.030391	supercritical
306.00	75.000	97.669	0.010239	184.48	261.27	5.2671	0.67585	1.0371	338.92	0.21243	2.2716e-05	0.030452	supercritical
307.00	75.000	97.283	0.010279	185.22	262.31	5.2704	0.67587	1.0362	339.54	0.21107	2.2765e-05	0.030513	supercritical
308.00	75.000	96.900	0.010320	185.95	263.35	5.2738	0.67590	1.0352	340.16	0.20972	2.2815e-05	0.030574	supercritical
309.00	75.000	96.521	0.010360	186.68	264.38	5.2772	0.67594	1.0343	340.77	0.20838	2.2865e-05	0.030632	supercritical
310.00	75.000	96.146	0.010401	187.41	265.42	5.2805	0.67597	1.0335	341.38	0.20705	2.2914e-05	0.030693	supercritical
311.00	75.000	95.773	0.010441	188.14	266.45	5.2838	0.67601	1.0326	341.99	0.20573	2.2964e-05	0.030757	supercritical
312.00	75.000	95.404	0.010482	188.87	267.48	5.2872	0.67605	1.0317	342.60	0.20442	2.3014e-05	0.030821	supercritical
313.00	75.000	95.039	0.010522	189.60	268.51	5.2905	0.67610	1.0309	343.21	0.20312	2.3063e-05	0.030885	supercritical
314.00	75.000	94.676	0.010562	190.32	269.54	5.2937	0.67615	1.0301	343.81	0.20183	2.3113e-05	0.030949	supercritical
315.00	75.000	94.317	0.010603	191.05	270.57	5.2970	0.67620	1.0293	344.41	0.20055	2.3162e-05	0.031013	supercritical
316.00	75.000	93.961	0.010643	191.78	271.60	5.3003	0.67626	1.0285	345.01	0.19928	2.3212e-05	0.031077	supercritical
317.00	75.000	93.608	0.010683	192.51	272.63	5.3035	0.67632	1.0277	345.61	0.19802	2.3261e-05	0.031142	supercritical
318.00	75.000	93.258	0.010723	193.23	273.66	5.3068	0.67638	1.0270	346.21	0.19677	2.3311e-05	0.031206	supercritical
319.00	75.000	92.911	0.010763	193.96	274.68	5.3100	0.67644	1.0263	346.80	0.19552	2.3360e-05	0.031270	supercritical
320.00	75.000	92.566	0.010803	194.69	275.71	5.3132	0.67651	1.0255	347.39	0.19429	2.3409e-05	0.031335	supercritical
321.00	75.000	92.225	0.010843	195.41	276.73	5.3164	0.67659	1.0248	347.98	0.19306	2.3459e-05	0.031399	supercritical
322.00	75.000	91.887	0.010883	196.14	277.76	5.3196	0.67666	1.0241	348.57	0.19184	2.3508e-05	0.031464	supercritical
323.00	75.000	91.552	0.010923	196.86	278.78	5.3228	0.67674	1.0234	349.16	0.19064	2.3557e-05	0.031528	supercritical
324.00	75.000	91.219	0.010963	197.59	279.81	5.3259	0.67682	1.0228	349.74	0.18944	2.3606e-05	0.031593	supercritical
325.00	75.000	90.889	0.011002	198.31	280.83	5.3291	0.67690	1.0221	350.33	0.18824	2.3656e-05	0.031657	supercritical
326.00	75.000	90.562	0.011042	199.03	281.85	5.3322	0.67699	1.0215	350.91	0.18706	2.3705e-05	0.031722	supercritical
327.00	75.000	90.237	0.011082	199.76	282.87	5.3353	0.67708	1.0208	351.49	0.18589	2.3754e-05	0.031787	supercritical
328.00	75.000	89.915	0.011122	200.48	283.89	5.3384	0.67717	1.0202	352.07	0.18472	2.3803e-05	0.031852	supercritical
329.00	75.000	89.596	0.011161	201.20	284.91	5.3416	0.67727	1.0196	352.64	0.18356	2.3852e-05	0.031916	supercritical
330.00	75.000	89.279	0.011201	201.92	285.93	5.3446	0.67737	1.0190	353.22	0.18241	2.3901e-05	0.031981	supercritical
331.00	75.000	88.965	0.011240	202.65	286.95	5.3477	0.67747	1.0184	353.79	0.18127	2.3950e-05	0.032046	supercritical
332.00	75.000	88.653	0.011280	203.37	287.97	5.3508	0.67757	1.0179	354.36	0.18013	2.3999e-05	0.032111	supercritical
333.00	75.000	88.344	0.011319	204.09	288.98	5.3539	0.67768	1.0173	354.93	0.17901	2.4048e-05	0.032176	supercritical
334.00	75.000	88.037	0.011359	204.81	290.00	5.3569	0.67779	1.0168	355.50	0.17789	2.4097e-05	0.032241	supercritical
335.00	75.000	87.733	0.011398	205.53	291.02	5.3599	0.67790	1.0162	356.06	0.17678	2.4146e-05	0.032306	supercritical
336.00	75.000	87.431	0.011438	206.25	292.03	5.3630	0.67802	1.0157	356.63	0.17568	2.4195e-05	0.032371	supercritical
337.00	75.000	87.131	0.011477	206.97	293.05	5.3660	0.67813	1.0152	357.19	0.17458	2.4243e-05	0.032436	supercritical
338.00	75.000	86.834	0.011516	207.69	294.06	5.3690	0.67825	1.0147	357.75	0.17349	2.4292e-05	0.032501	supercritical
339.00	75.000	86.539	0.011555	208.41	295.08	5.3720	0.67838	1.0142	358.31	0.17241	2.4341e-05	0.032566	supercritical
340.00	75.000	86.246	0.011595	209.13	296.09	5.3750	0.67850	1.0137	358.87	0.17134	2.4389e-05	0.032631	supercritical
341.00	75.000	85.956	0.011634	209.85	297.11	5.3780	0.67863	1.0132	359.43	0.17027	2.4438e-05	0.032696	supercritical
342.00	75.000	85.667	0.011673	210.57	298.12	5.3809	0.67876	1.0127	359.98	0.16921	2.4487e-05	0.032762	supercritical
343.00	75.000	85.381	0.011712	211.29	299.13	5.3839	0.67889	1.0123	360.54	0.16816	2.4535e-05	0.032827	supercritical
344.00	75.000	85.097	0.011751	212.01	300.14	5.3868	0.67902	1.0118	361.09	0.16711	2.4584e-05	0.032892	supercritical
345.00	75.000	84.815	0.011790	212.73	301.16	5.3898	0.67916	1.0114	361.64	0.16607	2.4632e-05	0.032957	supercritical
346.00	75.000	84.535	0.011829	213.45	302.17	5.3927	0.67930	1.0110	362.19	0.16504	2.4681e-05	0.033023	supercritical
347.00	75.000	84.258	0.011868	214.16	303.18	5.3956	0.67944	1.0106	362.73	0.16402	2.4729e-05	0.033088	supercritical
348.00	75.000	83.982	0.011907	214.88	304.19	5.3985	0.67958	1.0102	363.28	0.16300	2.4777e-05	0.033153	supercritical
349.00	75.000	83.708	0.011946	215.60	305.20	5.4014	0.67973	1.0098	363.82	0.16199	2.4826e-05	0.033219	supercritical
350.00	75.000	83.437	0.011985	216.32	306.21	5.4043	0.67988	1.0094	364.37	0.16099	2.4874e-05	0.033284	supercritical
351.00	75.000	83.167	0.012024	217.04	307.22	5.4072	0.68003	1.0090	364.91	0.15999	2.4922e-05	0.033349	supercritical
352.00	75.000	82.899	0.012063	217.75	308.23	5.4101	0.68018	1.0086	365.45	0.15900	2.4970e-05	0.033415	supercritical
353.00	75.000	82.633	0.012102	218.47	309.23	5.4129	0.68034	1.0082	365.99	0.15801	2.5018e-05	0.033480	supercritical
354.00	75.000	82.369	0.012140	219.19	310.24	5.4158	0.68049	1.0079	366.52	0.15703	2.5067e-05	0.033546	supercritical
355.00	75.000	82.107	0.012179	219.91	311.25	5.4186	0.68065	1.0075	367.06	0.15606	2.5115e-05	0.033611	supercritical
356.00	75.000	81.847	0.012218	220.62	312.26	5.4214	0.68081	1.0072	367.59	0.15510	2.5163e-05	0.033676	supercritical
357.00	75.000	81.589	0.012257	221.34	313.26	5.4243	0.68098	1.0069	368.13	0.15414	2.5211e-05	0.033742	supercritical
358.00	75.000	81.332	0.012295	222.06	314.27	5.4271	0.68114	1.0065	368.66	0.15318	2.5259e-05	0.033807	supercritical
359.00	75.000	81.077	0.012334	222.77	315.28	5.4299	0.68131	1.0062	369.19	0.15224	2.5307e-05	0.033873	supercritical
360.00	75.000	80.824	0.012373	223.49	316.28	5.4327	0.68148	1.0059	369.72	0.15129	2.5354e-05	0.033938	supercritical
361.00	75.000	80.573	0.012411	224.21	317.29	5.4355	0.68165	1.0056	370.25	0.15036	2.5402e-05	0.034004	supercritical
362.00	75.000	80.323	0.012450	224.92	318.29	5.4383	0.68182	1.0053	370.77	0.14943	2.5450e-05	0.034069	supercritical
363.00	75.000	80.076	0.012488	225.64	319.30	5.4410	0.68200	1.0050	371.30	0.14851	2.5498e-05	0.034135	supercritical
364.00	75.000	79.830	0.012527	226.35	320.30	5.4438	0.68218	1.0047	371.82	0.14759	2.5546e-05	0.034200	supercritical
365.00	75.000	79.585	0.012565	227.07	321.31	5.4466	0.68235	1.0044	372.34	0.14668	2.5593e-05	0.034266	supercritical
366.00	75.000	79.342	0.012604	227.79	322.31	5.4493	0.68254	1.0042	372.86	0.14577	2.5641e-05	0.034331	supercritical
367.00	75.000	79.101	0.012642	228.50	323.32	5.4520	0.68272	1.0039	373.38	0.14487	2.5689e-05	0.034397	supercritical
368.00	75.000	78.862	0.012680	229.22	324.32	5.4548	0.68290	1.0037	373.90	0.14398	2.5736e-05	0.034463	supercritical
369.00	75.000	78.624	0.012719	229.93	325.32	5.4575	0.68309	1.0034	374.42	0.14309	2.5784e-05	0.034528	supercritical
370.00	75.000	78.387	0.012757	230.65	326.33	5.4602	0.68328	1.0032	374.94	0.14220	2.5831e-05	0.034594	supercritical
371.00	75.000	78.153	0.012795	231.36	327.33	5.4629	0.68347	1.0029	375.45	0.14133	2.5879e-05	0.034659	supercritical
372.00	75.000	77.919	0.012834	232.08	328.33	5.4656	0.68366	1.0027	375.96	0.14045	2.5926e-05	0.034725	supercritical
373.00	75.000	77.688	0.012872	232.80	329.34	5.4683	0.68385	1.0025	376.48	0.13959	2.5973e-05	0.034790	supercritical
374.00	75.000	77.458	0.012910	233.51	330.34	5.4710	0.68405	1.0023	376.99	0.13872	2.6021e-05	0.034856	supercritical
375.00	75.000	77.229	0.012949	234.23	331.34	5.4737	0.68424	1.0021	377.50	0.13787	2.6068e-05	0.034921	supercritical
376.00	75.000	77.002	0.012987	234.94	332.34	5.4763	0.68444	1.0019	378.01	0.13702	2.6115e-05	0.034987	supercritical
377.00	75.000	76.776	0.013025	235.66	333.34	5.4790	0.68464	1.0017	378.51	0.13617	2.6162e-05	0.035053	supercritical
378.00	75.000	76.552	0.013063	236.37	334.35	5.4817	0.68485	1.0015	379.02	0.13533	2.6209e-05	0.035118	supercritical
379.00	75.000	76.329	0.013101	237.09	335.35	5.4843	0.68505	1.0013	379.52	0.13449	2.6257e-05	0.035184	supercritical
380.00	75.000	76.108	0.013139	237.80	336.35	5.4869	0.68525	1.0011	380.03	0.13366	2.6304e-05	0.035249	supercritical
381.00	75.000	75.888	0.013177	238.52	337.35	5.4896	0.68546	1.0009	380.53	0.13284	2.6351e-05	0.035315	supercritical
382.00	75.000	75.669	0.013215	239.23	338.35	5.4922	0.68567	1.0007	381.03	0.13202	2.6398e-05	0.035380	supercritical
383.00	75.000	75.452	0.013253	239.95	339.35	5.4948	0.68588	1.0006	381.53	0.13120	2.6445e-05	0.035446	supercritical
384.00	75.000	75.236	0.013292	240.67	340.35	5.4974	0.68609	1.0004	382.03	0.13039	2.6492e-05	0.035512	supercritical
385.00	75.000	75.022	0.013330	241.38	341.35	5.5000	0.68630	1.0003	382.53	0.12959	2.6538e-05	0.035577	supercritical
386.00	75.000	74.808	0.013367	242.10	342.35	5.5026	0.68652	1.0001	383.03	0.12879	2.6585e-05	0.035643	supercritical
387.00	75.000	74.597	0.013405	242.81	343.35	5.5052	0.68673	0.99997	383.52	0.12799	2.6632e-05	0.035708	supercritical
388.00	75.000	74.386	0.013443	243.53	344.35	5.5078	0.68695	0.99983	384.02	0.12720	2.6679e-05	0.035774	supercritical
389.00	75.000	74.177	0.013481	244.24	345.35	5.5104	0.68717	0.99970	384.51	0.12641	2.6725e-05	0.035839	supercritical
390.00	75.000	73.969	0.013519	244.96	346.35	5.5129	0.68739	0.99957	385.00	0.12563	2.6772e-05	0.035905	supercritical
391.00	75.000	73.762	0.013557	245.67	347.35	5.5155	0.68761	0.99945	385.50	0.12485	2.6819e-05	0.035970	supercritical
392.00	75.000	73.557	0.013595	246.39	348.35	5.5180	0.68783	0.99933	385.99	0.12408	2.6865e-05	0.036036	supercritical
393.00	75.000	73.353	0.013633	247.10	349.35	5.5206	0.68806	0.99921	386.48	0.12331	2.6912e-05	0.036101	supercritical
394.00	75.000	73.150	0.013671	247.82	350.35	5.5231	0.68828	0.99910	386.96	0.12255	2.6958e-05	0.036167	supercritical
395.00	75.000	72.948	0.013708	248.54	351.35	5.5256	0.68851	0.99900	387.45	0.12179	2.7005e-05	0.036232	supercritical
396.00	75.000	72.748	0.013746	249.25	352.35	5.5282	0.68874	0.99890	387.94	0.12103	2.7051e-05	0.036298	supercritical
397.00	75.000	72.548	0.013784	249.97	353.35	5.5307	0.68897	0.99880	388.42	0.12028	2.7098e-05	0.036363	supercritical
398.00	75.000	72.350	0.013822	250.68	354.34	5.5332	0.68920	0.99871	388.91	0.11954	2.7144e-05	0.036429	supercritical
399.00	75.000	72.153	0.013859	251.40	355.34	5.5357	0.68943	0.99862	389.39	0.11880	2.7190e-05	0.036494	supercritical
400.00	75.000	71.958	0.013897	252.11	356.34	5.5382	0.68966	0.99854	389.87	0.11806	2.7237e-05	0.036560	supercritical
401.00	75.000	71.763	0.013935	252.83	357.34	5.5407	0.68990	0.99846	390.35	0.11733	2.7283e-05	0.036625	supercritical
402.00	75.000	71.570	0.013972	253.55	358.34	5.5432	0.69014	0.99839	390.83	0.11660	2.7329e-05	0.036691	supercritical
403.00	75.000	71.377	0.014010	254.26	359.34	5.5457	0.69037	0.99832	391.31	0.11587	2.7375e-05	0.036756	supercritical
404.00	75.000	71.186	0.014048	254.98	360.34	5.5481	0.69061	0.99825	391.79	0.11515	2.7421e-05	0.036822	supercritical
405.00	75.000	70.996	0.014085	255.69	361.33	5.5506	0.69085	0.99819	392.27	0.11444	2.7467e-05	0.036887	supercritical
406.00	75.000	70.807	0.014123	256.41	362.33	5.5531	0.69109	0.99813	392.74	0.11373	2.7513e-05	0.036953	supercritical
407.00	75.000	70.619	0.014160	257.13	363.33	5.5555	0.69133	0.99808	393.22	0.11302	2.7559e-05	0.037018	supercritical
408.00	75.000	70.433	0.014198	257.84	364.33	5.5580	0.69158	0.99803	393.69	0.11232	2.7605e-05	0.037083	supercritical
409.00	75.000	70.247	0.014236	258.56	365.33	5.5604	0.69182	0.99798	394.17	0.11162	2.7651e-05	0.037149	supercritical
410.00	75.000	70.062	0.014273	259.28	366.32	5.5629	0.69207	0.99794	394.64	0.11092	2.7697e-05	0.037214	supercritical
411.00	75.000	69.879	0.014311	259.99	367.32	5.5653	0.69231	0.99790	395.11	0.11023	2.7743e-05	0.037279	supercritical
412.00	75.000	69.696	0.014348	260.71	368.32	5.5677	0.69256	0.99786	395.58	0.10954	2.7789e-05	0.037345	supercritical
413.00	75.000	69.514	0.014386	261.43	369.32	5.5701	0.69281	0.99783	396.05	0.10886	2.7834e-05	0.037410	supercritical
414.00	75.000	69.334	0.014423	262.14	370.32	5.5725	0.69306	0.99780	396.52	0.10818	2.7880e-05	0.037475	supercritical
415.00	75.000	69.154	0.014460	262.86	371.31	5.5750	0.69331	0.99778	396.99	0.10750	2.7926e-05	0.037541	supercritical
416.00	75.000	68.976	0.014498	263.58	372.31	5.5774	0.69356	0.99776	397.45	0.10683	2.7971e-05	0.037606	supercritical
417.00	75.000	68.798	0.014535	264.29	373.31	5.5798	0.69381	0.99774	397.92	0.10616	2.8017e-05	0.037671	supercritical
418.00	75.000	68.622	0.014573	265.01	374.31	5.5821	0.69407	0.99773	398.38	0.10550	2.8062e-05	0.037737	supercritical
419.00	75.000	68.446	0.014610	265.73	375.30	5.5845	0.69432	0.99772	398.85	0.10484	2.8108e-05	0.037802	supercritical
420.00	75.000	68.272	0.014647	266.45	376.30	5.5869	0.69458	0.99771	399.31	0.10418	2.8153e-05	0.037867	supercritical
421.00	75.000	68.098	0.014685	267.16	377.30	5.5893	0.69483	0.99771	399.77	0.10352	2.8199e-05	0.037932	supercritical
422.00	75.000	67.926	0.014722	267.88	378.30	5.5916	0.69509	0.99771	400.23	0.10288	2.8244e-05	0.037998	supercritical
423.00	75.000	67.754	0.014759	268.60	379.29	5.5940	0.69535	0.99771	400.70	0.10223	2.8289e-05	0.038063	supercritical
424.00	75.000	67.583	0.014797	269.32	380.29	5.5964	0.69561	0.99772	401.15	0.10159	2.8335e-05	0.038128	supercritical
425.00	75.000	67.413	0.014834	270.04	381.29	5.5987	0.69587	0.99773	401.61	0.10095	2.8380e-05	0.038193	supercritical
426.00	75.000	67.244	0.014871	270.75	382.29	5.6011	0.69613	0.99774	402.07	0.10031	2.8425e-05	0.038258	supercritical
427.00	75.000	67.076	0.014908	271.47	383.29	5.6034	0.69639	0.99776	402.53	0.099680	2.8470e-05	0.038324	supercritical
428.00	75.000	66.909	0.014946	272.19	384.28	5.6057	0.69666	0.99777	402.98	0.099051	2.8516e-05	0.038389	supercritical
429.00	75.000	66.743	0.014983	272.91	385.28	5.6081	0.69692	0.99780	403.44	0.098426	2.8561e-05	0.038454	supercritical
430.00	75.000	66.578	0.015020	273.63	386.28	5.6104	0.69718	0.99782	403.89	0.097805	2.8606e-05	0.038519	supercritical
431.00	75.000	66.413	0.015057	274.35	387.28	5.6127	0.69745	0.99785	404.35	0.097187	2.8651e-05	0.038584	supercritical
432.00	75.000	66.250	0.015094	275.07	388.27	5.6150	0.69772	0.99788	404.80	0.096572	2.8696e-05	0.038649	supercritical
433.00	75.000	66.087	0.015132	275.79	389.27	5.6173	0.69798	0.99791	405.25	0.095960	2.8741e-05	0.038714	supercritical
434.00	75.000	65.925	0.015169	276.50	390.27	5.6196	0.69825	0.99795	405.70	0.095352	2.8786e-05	0.038779	supercritical
435.00	75.000	65.764	0.015206	277.22	391.27	5.6219	0.69852	0.99799	406.15	0.094748	2.8831e-05	0.038844	supercritical
436.00	75.000	65.604	0.015243	277.94	392.27	5.6242	0.69879	0.99803	406.60	0.094146	2.8875e-05	0.038909	supercritical
437.00	75.000	65.444	0.015280	278.66	393.26	5.6265	0.69906	0.99807	407.05	0.093548	2.8920e-05	0.038974	supercritical
438.00	75.000	65.286	0.015317	279.38	394.26	5.6288	0.69933	0.99812	407.50	0.092953	2.8965e-05	0.039039	supercritical
439.00	75.000	65.128	0.015354	280.10	395.26	5.6311	0.69960	0.99817	407.95	0.092362	2.9010e-05	0.039104	supercritical
440.00	75.000	64.971	0.015391	280.82	396.26	5.6333	0.69987	0.99822	408.39	0.091773	2.9054e-05	0.039169	supercritical
441.00	75.000	64.815	0.015428	281.54	397.26	5.6356	0.70015	0.99827	408.84	0.091188	2.9099e-05	0.039234	supercritical
442.00	75.000	64.660	0.015465	282.26	398.26	5.6379	0.70042	0.99833	409.28	0.090606	2.9144e-05	0.039299	supercritical
443.00	75.000	64.506	0.015503	282.98	399.25	5.6401	0.70070	0.99839	409.73	0.090027	2.9188e-05	0.039364	supercritical
444.00	75.000	64.352	0.015540	283.71	400.25	5.6424	0.70097	0.99845	410.17	0.089451	2.9233e-05	0.039429	supercritical
445.00	75.000	64.199	0.015577	284.43	401.25	5.6446	0.70125	0.99852	410.61	0.088878	2.9277e-05	0.039494	supercritical
446.00	75.000	64.047	0.015614	285.15	402.25	5.6468	0.70152	0.99858	411.05	0.088308	2.9322e-05	0.039559	supercritical
447.00	75.000	63.896	0.015650	285.87	403.25	5.6491	0.70180	0.99865	411.50	0.087742	2.9366e-05	0.039624	supercritical
448.00	75.000	63.745	0.015687	286.59	404.25	5.6513	0.70208	0.99872	411.94	0.087178	2.9410e-05	0.039688	supercritical
449.00	75.000	63.595	0.015724	287.31	405.25	5.6535	0.70236	0.99880	412.38	0.086618	2.9455e-05	0.039753	supercritical
450.00	75.000	63.446	0.015761	288.03	406.24	5.6558	0.70264	0.99887	412.81	0.086060	2.9499e-05	0.039818	supercritical
451.00	75.000	63.298	0.015798	288.76	407.24	5.6580	0.70291	0.99895	413.25	0.085505	2.9543e-05	0.039883	supercritical
452.00	75.000	63.150	0.015835	289.48	408.24	5.6602	0.70319	0.99903	413.69	0.084954	2.9588e-05	0.039948	supercritical
453.00	75.000	63.004	0.015872	290.20	409.24	5.6624	0.70348	0.99912	414.13	0.084405	2.9632e-05	0.040012	supercritical
454.00	75.000	62.857	0.015909	290.92	410.24	5.6646	0.70376	0.99920	414.56	0.083859	2.9676e-05	0.040077	supercritical
455.00	75.000	62.712	0.015946	291.65	411.24	5.6668	0.70404	0.99929	415.00	0.083316	2.9720e-05	0.040142	supercritical
456.00	75.000	62.567	0.015983	292.37	412.24	5.6690	0.70432	0.99938	415.43	0.082776	2.9764e-05	0.040206	supercritical
457.00	75.000	62.423	0.016020	293.09	413.24	5.6712	0.70460	0.99947	415.86	0.082238	2.9808e-05	0.040271	supercritical
458.00	75.000	62.280	0.016056	293.81	414.24	5.6734	0.70489	0.99956	416.30	0.081704	2.9852e-05	0.040336	supercritical
459.00	75.000	62.138	0.016093	294.54	415.24	5.6756	0.70517	0.99966	416.73	0.081172	2.9896e-05	0.040400	supercritical
460.00	75.000	61.996	0.016130	295.26	416.24	5.6777	0.70546	0.99975	417.16	0.080643	2.9940e-05	0.040465	supercritical
461.00	75.000	61.855	0.016167	295.98	417.24	5.6799	0.70574	0.99985	417.59	0.080117	2.9984e-05	0.040530	supercritical
462.00	75.000	61.714	0.016204	296.71	418.24	5.6821	0.70603	0.99996	418.02	0.079594	3.0028e-05	0.040594	supercritical
463.00	75.000	61.574	0.016241	297.43	419.24	5.6842	0.70631	1.0001	418.45	0.079073	3.0072e-05	0.040659	supercritical
464.00	75.000	61.435	0.016277	298.16	420.24	5.6864	0.70660	1.0002	418.88	0.078555	3.0115e-05	0.040723	supercritical
465.00	75.000	61.297	0.016314	298.88	421.24	5.6885	0.70689	1.0003	419.31	0.078040	3.0159e-05	0.040788	supercritical
466.00	75.000	61.159	0.016351	299.61	422.24	5.6907	0.70717	1.0004	419.73	0.077528	3.0203e-05	0.040852	supercritical
467.00	75.000	61.022	0.016388	300.33	423.24	5.6928	0.70746	1.0005	420.16	0.077018	3.0246e-05	0.040917	supercritical
468.00	75.000	60.885	0.016424	301.06	424.24	5.6950	0.70775	1.0006	420.59	0.076510	3.0290e-05	0.040981	supercritical
469.00	75.000	60.750	0.016461	301.78	425.24	5.6971	0.70804	1.0007	421.01	0.076006	3.0334e-05	0.041046	supercritical
470.00	75.000	60.614	0.016498	302.51	426.24	5.6992	0.70833	1.0008	421.44	0.075504	3.0377e-05	0.041110	supercritical
471.00	75.000	60.480	0.016534	303.23	427.24	5.7014	0.70861	1.0010	421.86	0.075004	3.0421e-05	0.041174	supercritical
472.00	75.000	60.346	0.016571	303.96	428.24	5.7035	0.70890	1.0011	422.28	0.074507	3.0464e-05	0.041239	supercritical
473.00	75.000	60.213	0.016608	304.68	429.24	5.7056	0.70919	1.0012	422.71	0.074013	3.0508e-05	0.041303	supercritical
474.00	75.000	60.080	0.016645	305.41	430.24	5.7077	0.70949	1.0013	423.13	0.073521	3.0551e-05	0.041367	supercritical
475.00	75.000	59.948	0.016681	306.14	431.25	5.7098	0.70978	1.0014	423.55	0.073032	3.0595e-05	0.041432	supercritical
476.00	75.000	59.816	0.016718	306.86	432.25	5.7119	0.71007	1.0016	423.97	0.072545	3.0638e-05	0.041496	supercritical
477.00	75.000	59.686	0.016754	307.59	433.25	5.7140	0.71036	1.0017	424.39	0.072061	3.0681e-05	0.041560	supercritical
478.00	75.000	59.555	0.016791	308.32	434.25	5.7161	0.71065	1.0018	424.81	0.071579	3.0724e-05	0.041625	supercritical
479.00	75.000	59.426	0.016828	309.04	435.25	5.7182	0.71094	1.0020	425.23	0.071100	3.0768e-05	0.041689	supercritical
480.00	75.000	59.297	0.016864	309.77	436.25	5.7203	0.71123	1.0021	425.65	0.070623	3.0811e-05	0.041753	supercritical
481.00	75.000	59.168	0.016901	310.50	437.26	5.7224	0.71153	1.0022	426.06	0.070148	3.0854e-05	0.041817	supercritical
482.00	75.000	59.040	0.016938	311.23	438.26	5.7245	0.71182	1.0024	426.48	0.069676	3.0897e-05	0.041882	supercritical
483.00	75.000	58.913	0.016974	311.96	439.26	5.7266	0.71211	1.0025	426.90	0.069206	3.0940e-05	0.041946	supercritical
484.00	75.000	58.787	0.017011	312.68	440.26	5.7286	0.71241	1.0026	427.31	0.068739	3.0983e-05	0.042010	supercritical
485.00	75.000	58.660	0.017047	313.41	441.27	5.7307	0.71270	1.0028	427.73	0.068274	3.1026e-05	0.042074	supercritical
486.00	75.000	58.535	0.017084	314.14	442.27	5.7328	0.71300	1.0029	428.14	0.067811	3.1069e-05	0.042138	supercritical
487.00	75.000	58.410	0.017120	314.87	443.27	5.7348	0.71329	1.0031	428.56	0.067351	3.1112e-05	0.042202	supercritical
488.00	75.000	58.286	0.017157	315.60	444.28	5.7369	0.71359	1.0032	428.97	0.066893	3.1155e-05	0.042266	supercritical
489.00	75.000	58.162	0.017193	316.33	445.28	5.7389	0.71388	1.0033	429.38	0.066437	3.1198e-05	0.042330	supercritical
490.00	75.000	58.038	0.017230	317.06	446.28	5.7410	0.71418	1.0035	429.79	0.065983	3.1241e-05	0.042394	supercritical
491.00	75.000	57.916	0.017266	317.79	447.29	5.7430	0.71447	1.0036	430.20	0.065532	3.1284e-05	0.042458	supercritical
492.00	75.000	57.794	0.017303	318.52	448.29	5.7451	0.71477	1.0038	430.61	0.065083	3.1327e-05	0.042522	supercritical
493.00	75.000	57.672	0.017339	319.25	449.29	5.7471	0.71506	1.0039	431.03	0.064637	3.1369e-05	0.042586	supercritical
494.00	75.000	57.551	0.017376	319.98	450.30	5.7492	0.71536	1.0041	431.43	0.064192	3.1412e-05	0.042650	supercritical
495.00	75.000	57.430	0.017412	320.71	451.30	5.7512	0.71565	1.0042	431.84	0.063750	3.1455e-05	0.042714	supercritical
496.00	75.000	57.310	0.017449	321.44	452.31	5.7532	0.71595	1.0044	432.25	0.063310	3.1497e-05	0.042778	supercritical
497.00	75.000	57.191	0.017485	322.17	453.31	5.7552	0.71625	1.0046	432.66	0.062872	3.1540e-05	0.042842	supercritical
498.00	75.000	57.072	0.017522	322.90	454.31	5.7573	0.71654	1.0047	433.07	0.062436	3.1582e-05	0.042906	supercritical
499.00	75.000	56.953	0.017558	323.63	455.32	5.7593	0.71684	1.0049	433.47	0.062002	3.1625e-05	0.042970	supercritical
500.00	75.000	56.835	0.017595	324.36	456.32	5.7613	0.71714	1.0050	433.88	0.061571	3.1668e-05	0.043033	supercritical
501.00	75.000	56.718	0.017631	325.10	457.33	5.7633	0.71744	1.0052	434.29	0.061142	3.1710e-05	0.043097	supercritical
502.00	75.000	56.601	0.017667	325.83	458.33	5.7653	0.71773	1.0053	434.69	0.060714	3.1752e-05	0.043161	supercritical
503.00	75.000	56.485	0.017704	326.56	459.34	5.7673	0.71803	1.0055	435.10	0.060289	3.1795e-05	0.043225	supercritical
504.00	75.000	56.369	0.017740	327.29	460.35	5.7693	0.71833	1.0057	435.50	0.059866	3.1837e-05	0.043288	supercritical
505.00	75.000	56.253	0.017777	328.03	461.35	5.7713	0.71863	1.0058	435.90	0.059445	3.1880e-05	0.043352	supercritical
506.00	75.000	56.139	0.017813	328.76	462.36	5.7733	0.71892	1.0060	436.31	0.059026	3.1922e-05	0.043416	supercritical
507.00	75.000	56.024	0.017849	329.49	463.36	5.7753	0.71922	1.0062	436.71	0.058609	3.1964e-05	0.043479	supercritical
508.00	75.000	55.910	0.017886	330.23	464.37	5.7773	0.71952	1.0063	437.11	0.058194	3.2006e-05	0.043543	supercritical
509.00	75.000	55.797	0.017922	330.96	465.38	5.7792	0.71982	1.0065	437.51	0.057781	3.2049e-05	0.043607	supercritical
510.00	75.000	55.684	0.017959	331.69	466.38	5.7812	0.72012	1.0067	437.91	0.057371	3.2091e-05	0.043670	supercritical
511.00	75.000	55.571	0.017995	332.43	467.39	5.7832	0.72041	1.0068	438.31	0.056962	3.2133e-05	0.043734	supercritical
512.00	75.000	55.459	0.018031	333.16	468.40	5.7851	0.72071	1.0070	438.71	0.056555	3.2175e-05	0.043797	supercritical
513.00	75.000	55.348	0.018068	333.90	469.40	5.7871	0.72101	1.0072	439.11	0.056150	3.2217e-05	0.043861	supercritical
514.00	75.000	55.237	0.018104	334.63	470.41	5.7891	0.72131	1.0074	439.51	0.055747	3.2259e-05	0.043925	supercritical
515.00	75.000	55.126	0.018140	335.37	471.42	5.7910	0.72161	1.0075	439.91	0.055346	3.2301e-05	0.043988	supercritical
516.00	75.000	55.016	0.018176	336.10	472.43	5.7930	0.72191	1.0077	440.30	0.054947	3.2343e-05	0.044052	supercritical
517.00	75.000	54.907	0.018213	336.84	473.43	5.7949	0.72221	1.0079	440.70	0.054550	3.2385e-05	0.044115	supercritical
518.00	75.000	54.797	0.018249	337.57	474.44	5.7969	0.72250	1.0081	441.10	0.054154	3.2427e-05	0.044178	supercritical
519.00	75.000	54.689	0.018285	338.31	475.45	5.7988	0.72280	1.0082	441.49	0.053761	3.2469e-05	0.044242	supercritical
520.00	75.000	54.580	0.018322	339.05	476.46	5.8008	0.72310	1.0084	441.89	0.053370	3.2510e-05	0.044305	supercritical
521.00	75.000	54.473	0.018358	339.78	477.47	5.8027	0.72340	1.0086	442.28	0.052980	3.2552e-05	0.044369	supercritical
522.00	75.000	54.365	0.018394	340.52	478.48	5.8046	0.72370	1.0088	442.68	0.052592	3.2594e-05	0.044432	supercritical
523.00	75.000	54.258	0.018430	341.26	479.48	5.8066	0.72400	1.0090	443.07	0.052206	3.2636e-05	0.044495	supercritical
524.00	75.000	54.152	0.018467	341.99	480.49	5.8085	0.72430	1.0091	443.46	0.051822	3.2677e-05	0.044559	supercritical
525.00	75.000	54.046	0.018503	342.73	481.50	5.8104	0.72460	1.0093	443.86	0.051440	3.2719e-05	0.044622	supercritical
526.00	75.000	53.940	0.018539	343.47	482.51	5.8123	0.72490	1.0095	444.25	0.051059	3.2761e-05	0.044685	supercritical
527.00	75.000	53.835	0.018575	344.21	483.52	5.8143	0.72519	1.0097	444.64	0.050681	3.2802e-05	0.044748	supercritical
528.00	75.000	53.730	0.018611	344.95	484.53	5.8162	0.72549	1.0099	445.03	0.050304	3.2844e-05	0.044812	supercritical
529.00	75.000	53.626	0.018648	345.68	485.54	5.8181	0.72579	1.0101	445.42	0.049929	3.2885e-05	0.044875	supercritical
530.00	75.000	53.522	0.018684	346.42	486.55	5.8200	0.72609	1.0103	445.81	0.049556	3.2927e-05	0.044938	supercritical
531.00	75.000	53.419	0.018720	347.16	487.56	5.8219	0.72639	1.0104	446.20	0.049184	3.2968e-05	0.045001	supercritical
532.00	75.000	53.315	0.018756	347.90	488.57	5.8238	0.72669	1.0106	446.59	0.048814	3.3010e-05	0.045064	supercritical
533.00	75.000	53.213	0.018792	348.64	489.58	5.8257	0.72699	1.0108	446.98	0.048446	3.3051e-05	0.045127	supercritical
534.00	75.000	53.111	0.018829	349.38	490.59	5.8276	0.72729	1.0110	447.37	0.048080	3.3093e-05	0.045190	supercritical
535.00	75.000	53.009	0.018865	350.12	491.61	5.8295	0.72758	1.0112	447.76	0.047715	3.3134e-05	0.045254	supercritical
536.00	75.000	52.907	0.018901	350.86	492.62	5.8314	0.72788	1.0114	448.15	0.047352	3.3175e-05	0.045317	supercritical
537.00	75.000	52.806	0.018937	351.60	493.63	5.8333	0.72818	1.0116	448.53	0.046991	3.3217e-05	0.045380	supercritical
538.00	75.000	52.706	0.018973	352.34	494.64	5.8351	0.72848	1.0118	448.92	0.046631	3.3258e-05	0.045443	supercritical
539.00	75.000	52.606	0.019009	353.08	495.65	5.8370	0.72878	1.0120	449.31	0.046274	3.3299e-05	0.045506	supercritical
540.00	75.000	52.506	0.019046	353.82	496.66	5.8389	0.72908	1.0122	449.69	0.045917	3.3340e-05	0.045569	supercritical
541.00	75.000	52.406	0.019082	354.56	497.68	5.8408	0.72937	1.0123	450.08	0.045563	3.3381e-05	0.045631	supercritical
542.00	75.000	52.307	0.019118	355.30	498.69	5.8426	0.72967	1.0125	450.46	0.045210	3.3423e-05	0.045694	supercritical
543.00	75.000	52.209	0.019154	356.05	499.70	5.8445	0.72997	1.0127	450.85	0.044859	3.3464e-05	0.045757	supercritical
544.00	75.000	52.110	0.019190	356.79	500.71	5.8464	0.73027	1.0129	451.23	0.044509	3.3505e-05	0.045820	supercritical
545.00	75.000	52.013	0.019226	357.53	501.73	5.8482	0.73057	1.0131	451.61	0.044161	3.3546e-05	0.045883	supercritical
546.00	75.000	51.915	0.019262	358.27	502.74	5.8501	0.73086	1.0133	452.00	0.043814	3.3587e-05	0.045946	supercritical
547.00	75.000	51.818	0.019298	359.02	503.75	5.8519	0.73116	1.0135	452.38	0.043470	3.3628e-05	0.046009	supercritical
548.00	75.000	51.721	0.019334	359.76	504.77	5.8538	0.73146	1.0137	452.76	0.043126	3.3669e-05	0.046071	supercritical
549.00	75.000	51.625	0.019370	360.50	505.78	5.8556	0.73176	1.0139	453.14	0.042785	3.3710e-05	0.046134	supercritical
550.00	75.000	51.529	0.019407	361.25	506.79	5.8575	0.73205	1.0141	453.52	0.042445	3.3750e-05	0.046197	supercritical
551.00	75.000	51.434	0.019443	361.99	507.81	5.8593	0.73235	1.0143	453.90	0.042106	3.3791e-05	0.046260	supercritical
552.00	75.000	51.338	0.019479	362.73	508.82	5.8612	0.73265	1.0145	454.28	0.041769	3.3832e-05	0.046322	supercritical
553.00	75.000	51.243	0.019515	363.48	509.84	5.8630	0.73294	1.0147	454.66	0.041433	3.3873e-05	0.046385	supercritical
554.00	75.000	51.149	0.019551	364.22	510.85	5.8648	0.73324	1.0149	455.04	0.041100	3.3914e-05	0.046448	supercritical
555.00	75.000	51.055	0.019587	364.97	511.87	5.8667	0.73354	1.0151	455.42	0.040767	3.3954e-05	0.046510	supercritical
556.00	75.000	50.961	0.019623	365.71	512.88	5.8685	0.73383	1.0153	455.80	0.040436	3.3995e-05	0.046573	supercritical
557.00	75.000	50.868	0.019659	366.46	513.90	5.8703	0.73413	1.0155	456.18	0.040107	3.4036e-05	0.046636	supercritical
558.00	75.000	50.775	0.019695	367.20	514.91	5.8721	0.73443	1.0157	456.56	0.039779	3.4076e-05	0.046698	supercritical
559.00	75.000	50.682	0.019731	367.95	515.93	5.8740	0.73472	1.0159	456.93	0.039452	3.4117e-05	0.046761	supercritical
560.00	75.000	50.590	0.019767	368.69	516.95	5.8758	0.73502	1.0161	457.31	0.039127	3.4158e-05	0.046823	supercritical
561.00	75.000	50.498	0.019803	369.44	517.96	5.8776	0.73531	1.0163	457.69	0.038804	3.4198e-05	0.046886	supercritical
562.00	75.000	50.406	0.019839	370.19	518.98	5.8794	0.73561	1.0165	458.06	0.038482	3.4239e-05	0.046948	supercritical
563.00	75.000	50.315	0.019875	370.93	520.00	5.8812	0.73590	1.0167	458.44	0.038161	3.4279e-05	0.047011	supercritical
564.00	75.000	50.224	0.019911	371.68	521.01	5.8830	0.73620	1.0169	458.81	0.037842	3.4320e-05	0.047073	supercritical
565.00	75.000	50.133	0.019947	372.43	522.03	5.8848	0.73649	1.0172	459.19	0.037524	3.4360e-05	0.047136	supercritical
566.00	75.000	50.043	0.019983	373.18	523.05	5.8866	0.73679	1.0174	459.56	0.037208	3.4400e-05	0.047198	supercritical
567.00	75.000	49.953	0.020019	373.92	524.06	5.8884	0.73708	1.0176	459.94	0.036893	3.4441e-05	0.047260	supercritical
568.00	75.000	49.863	0.020055	374.67	525.08	5.8902	0.73738	1.0178	460.31	0.036580	3.4481e-05	0.047323	supercritical
569.00	75.000	49.774	0.020091	375.42	526.10	5.8920	0.73767	1.0180	460.68	0.036268	3.4521e-05	0.047385	supercritical
570.00	75.000	49.685	0.020127	376.17	527.12	5.8938	0.73796	1.0182	461.05	0.035957	3.4562e-05	0.047447	supercritical
571.00	75.000	49.597	0.020163	376.92	528.14	5.8956	0.73826	1.0184	461.43	0.035648	3.4602e-05	0.047510	supercritical
572.00	75.000	49.508	0.020199	377.67	529.15	5.8973	0.73855	1.0186	461.80	0.035340	3.4642e-05	0.047572	supercritical
573.00	75.000	49.421	0.020235	378.41	530.17	5.8991	0.73884	1.0188	462.17	0.035033	3.4682e-05	0.047634	supercritical
574.00	75.000	49.333	0.020270	379.16	531.19	5.9009	0.73914	1.0190	462.54	0.034728	3.4722e-05	0.047696	supercritical
575.00	75.000	49.246	0.020306	379.91	532.21	5.9027	0.73943	1.0192	462.91	0.034424	3.4763e-05	0.047759	supercritical
576.00	75.000	49.159	0.020342	380.66	533.23	5.9044	0.73972	1.0194	463.28	0.034121	3.4803e-05	0.047821	supercritical
577.00	75.000	49.072	0.020378	381.41	534.25	5.9062	0.74001	1.0196	463.65	0.033820	3.4843e-05	0.047883	supercritical
578.00	75.000	48.986	0.020414	382.16	535.27	5.9080	0.74031	1.0198	464.02	0.033520	3.4883e-05	0.047945	supercritical
579.00	75.000	48.900	0.020450	382.91	536.29	5.9097	0.74060	1.0201	464.39	0.033222	3.4923e-05	0.048007	supercritical
580.00	75.000	48.814	0.020486	383.67	537.31	5.9115	0.74089	1.0203	464.76	0.032925	3.4963e-05	0.048069	supercritical
581.00	75.000	48.729	0.020522	384.42	538.33	5.9133	0.74118	1.0205	465.13	0.032629	3.5003e-05	0.048131	supercritical
582.00	75.000	48.644	0.020558	385.17	539.35	5.9150	0.74147	1.0207	465.49	0.032334	3.5043e-05	0.048193	supercritical
583.00	75.000	48.559	0.020594	385.92	540.37	5.9168	0.74176	1.0209	465.86	0.032041	3.5083e-05	0.048256	supercritical
584.00	75.000	48.474	0.020629	386.67	541.39	5.9185	0.74205	1.0211	466.23	0.031749	3.5122e-05	0.048318	supercritical
585.00	75.000	48.390	0.020665	387.42	542.41	5.9203	0.74234	1.0213	466.60	0.031458	3.5162e-05	0.048380	supercritical
586.00	75.000	48.306	0.020701	388.18	543.44	5.9220	0.74263	1.0215	466.96	0.031168	3.5202e-05	0.048441	supercritical
587.00	75.000	48.223	0.020737	388.93	544.46	5.9238	0.74292	1.0217	467.33	0.030880	3.5242e-05	0.048503	supercritical
588.00	75.000	48.139	0.020773	389.68	545.48	5.9255	0.74321	1.0220	467.69	0.030593	3.5282e-05	0.048565	supercritical
589.00	75.000	48.057	0.020809	390.43	546.50	5.9272	0.74350	1.0222	468.06	0.030307	3.5321e-05	0.048627	supercritical
590.00	75.000	47.974	0.020845	391.19	547.52	5.9290	0.74379	1.0224	468.42	0.030023	3.5361e-05	0.048689	supercritical
591.00	75.000	47.891	0.020881	391.94	548.55	5.9307	0.74408	1.0226	468.79	0.029739	3.5401e-05	0.048751	supercritical
592.00	75.000	47.809	0.020916	392.70	549.57	5.9324	0.74437	1.0228	469.15	0.029457	3.5440e-05	0.048813	supercritical
593.00	75.000	47.728	0.020952	393.45	550.59	5.9342	0.74466	1.0230	469.52	0.029177	3.5480e-05	0.048875	supercritical
594.00	75.000	47.646	0.020988	394.20	551.61	5.9359	0.74494	1.0232	469.88	0.028897	3.5520e-05	0.048937	supercritical
595.00	75.000	47.565	0.021024	394.96	552.64	5.9376	0.74523	1.0234	470.24	0.028618	3.5559e-05	0.048998	supercritical
596.00	75.000	47.484	0.021060	395.71	553.66	5.9393	0.74552	1.0237	470.60	0.028341	3.5599e-05	0.049060	supercritical
597.00	75.000	47.403	0.021096	396.47	554.68	5.9410	0.74581	1.0239	470.97	0.028065	3.5638e-05	0.049122	supercritical
598.00	75.000	47.323	0.021131	397.22	555.71	5.9427	0.74609	1.0241	471.33	0.027790	3.5678e-05	0.049184	supercritical
599.00	75.000	47.243	0.021167	397.98	556.73	5.9445	0.74638	1.0243	471.69	0.027517	3.5717e-05	0.049245	supercritical
600.00	75.000	47.163	0.021203	398.74	557.76	5.9462	0.74667	1.0245	472.05	0.027244	3.5756e-05	0.049307	supercritical
