Temperature (K)	Pressure (bar)	Density (kg/m3)	Volume (m3/kg)	Internal Energy (kJ/kg)	Enthalpy (kJ/kg)	Entropy (J/g*K)	Cv (J/g*K)	Cp (J/g*K)	Sound Spd. (m/s)	Joule-Thomson (K/bar)	Viscosity (Pa*s)	Therm. Cond. (W/m*K)	Phase
60.000	120.00	1296.0	0.00077162	-186.00	-176.74	2.2262	1.0931	1.6492	1159.8	-0.037735	0.00063482	0.19874	liquid
61.000	120.00	1291.8	0.00077413	-184.38	-175.09	2.2534	1.0855	1.6516	1155.8	-0.037575	0.00060500	0.19744	liquid
62.000	120.00	1287.6	0.00077666	-182.75	-173.43	2.2803	1.0787	1.6535	1151.2	-0.037433	0.00057716	0.19613	liquid
63.000	120.00	1283.3	0.00077921	-181.13	-171.78	2.3068	1.0724	1.6550	1146.0	-0.037305	0.00055116	0.19483	liquid
64.000	120.00	1279.1	0.00078179	-179.51	-170.12	2.3329	1.0666	1.6560	1140.4	-0.037190	0.00052687	0.19352	liquid
65.000	120.00	1274.9	0.00078440	-177.88	-168.47	2.3585	1.0610	1.6567	1134.5	-0.037085	0.00050415	0.19222	liquid
66.000	120.00	1270.6	0.00078702	-176.26	-166.81	2.3838	1.0558	1.6571	1128.2	-0.036989	0.00048289	0.19091	liquid
67.000	120.00	1266.3	0.00078967	-174.63	-165.15	2.4087	1.0507	1.6572	1121.8	-0.036898	0.00046297	0.18961	liquid
68.000	120.00	1262.1	0.00079234	-173.01	-163.50	2.4333	1.0458	1.6570	1115.1	-0.036813	0.00044431	0.18831	liquid
69.000	120.00	1257.8	0.00079503	-171.38	-161.84	2.4575	1.0410	1.6567	1108.3	-0.036730	0.00042680	0.18700	liquid
70.000	120.00	1253.5	0.00079775	-169.76	-160.18	2.4813	1.0362	1.6563	1101.5	-0.036648	0.00041036	0.18570	liquid
71.000	120.00	1249.2	0.00080049	-168.13	-158.53	2.5048	1.0316	1.6557	1094.5	-0.036567	0.00039491	0.18439	liquid
72.000	120.00	1245.0	0.00080324	-166.51	-156.87	2.5280	1.0270	1.6551	1087.4	-0.036485	0.00038038	0.18309	liquid
73.000	120.00	1240.7	0.00080602	-164.89	-155.22	2.5508	1.0225	1.6544	1080.3	-0.036401	0.00036669	0.18179	liquid
74.000	120.00	1236.4	0.00080883	-163.27	-153.56	2.5733	1.0180	1.6536	1073.2	-0.036314	0.00035379	0.18049	liquid
75.000	120.00	1232.1	0.00081166	-161.65	-151.91	2.5955	1.0135	1.6529	1066.1	-0.036223	0.00034162	0.17918	liquid
76.000	120.00	1227.7	0.00081451	-160.03	-150.26	2.6174	1.0091	1.6522	1058.9	-0.036128	0.00033013	0.17788	liquid
77.000	120.00	1223.4	0.00081738	-158.41	-148.61	2.6390	1.0048	1.6515	1051.7	-0.036028	0.00031927	0.17658	liquid
78.000	120.00	1219.1	0.00082028	-156.80	-146.95	2.6603	1.0005	1.6509	1044.5	-0.035923	0.00030899	0.17528	liquid
79.000	120.00	1214.8	0.00082321	-155.18	-145.30	2.6813	0.99621	1.6504	1037.3	-0.035811	0.00029925	0.17397	liquid
80.000	120.00	1210.4	0.00082616	-153.57	-143.65	2.7021	0.99199	1.6499	1030.1	-0.035693	0.00029002	0.17267	liquid
81.000	120.00	1206.1	0.00082914	-151.95	-142.00	2.7226	0.98781	1.6494	1022.9	-0.035568	0.00028125	0.17137	liquid
82.000	120.00	1201.7	0.00083215	-150.34	-140.36	2.7428	0.98367	1.6491	1015.7	-0.035435	0.00027293	0.17006	liquid
83.000	120.00	1197.3	0.00083518	-148.73	-138.71	2.7628	0.97958	1.6489	1008.6	-0.035295	0.00026502	0.16876	liquid
84.000	120.00	1193.0	0.00083825	-147.12	-137.06	2.7825	0.97554	1.6487	1001.4	-0.035146	0.00025748	0.16745	liquid
85.000	120.00	1188.6	0.00084135	-145.50	-135.41	2.8020	0.97154	1.6487	994.22	-0.034990	0.00025031	0.16615	liquid
86.000	120.00	1184.2	0.00084447	-143.89	-133.76	2.8213	0.96759	1.6488	987.05	-0.034824	0.00024346	0.16484	liquid
87.000	120.00	1179.8	0.00084763	-142.28	-132.11	2.8404	0.96368	1.6489	979.90	-0.034649	0.00023693	0.16353	liquid
88.000	120.00	1175.3	0.00085082	-140.67	-130.46	2.8592	0.95983	1.6492	972.74	-0.034466	0.00023068	0.16222	liquid
89.000	120.00	1170.9	0.00085405	-139.06	-128.81	2.8779	0.95602	1.6497	965.59	-0.034272	0.00022471	0.16092	liquid
90.000	120.00	1166.4	0.00085731	-137.45	-127.16	2.8963	0.95226	1.6502	958.45	-0.034069	0.00021900	0.15961	liquid
91.000	120.00	1162.0	0.00086061	-135.84	-125.51	2.9145	0.94854	1.6508	951.31	-0.033855	0.00021352	0.15830	liquid
92.000	120.00	1157.5	0.00086394	-134.23	-123.86	2.9326	0.94488	1.6516	944.17	-0.033631	0.00020827	0.15699	liquid
93.000	120.00	1153.0	0.00086732	-132.62	-122.21	2.9504	0.94126	1.6525	937.03	-0.033397	0.00020323	0.15567	liquid
94.000	120.00	1148.5	0.00087073	-131.00	-120.56	2.9681	0.93769	1.6535	929.89	-0.033151	0.00019838	0.15436	liquid
95.000	120.00	1143.9	0.00087418	-129.39	-118.90	2.9856	0.93417	1.6547	922.76	-0.032895	0.00019373	0.15305	liquid
96.000	120.00	1139.4	0.00087767	-127.78	-117.25	3.0030	0.93069	1.6560	915.62	-0.032626	0.00018924	0.15174	liquid
97.000	120.00	1134.8	0.00088121	-126.16	-115.59	3.0201	0.92726	1.6574	908.49	-0.032346	0.00018493	0.15042	liquid
98.000	120.00	1130.2	0.00088479	-124.55	-113.93	3.0371	0.92388	1.6589	901.35	-0.032054	0.00018077	0.14911	liquid
99.000	120.00	1125.6	0.00088841	-122.93	-112.27	3.0540	0.92054	1.6606	894.20	-0.031749	0.00017675	0.14779	liquid
100.00	120.00	1121.0	0.00089209	-121.32	-110.61	3.0707	0.91725	1.6624	887.06	-0.031431	0.00017287	0.14648	liquid
101.00	120.00	1116.3	0.00089581	-119.70	-108.95	3.0872	0.91401	1.6644	879.91	-0.031099	0.00016913	0.14516	liquid
102.00	120.00	1111.6	0.00089958	-118.08	-107.28	3.1036	0.91081	1.6664	872.75	-0.030754	0.00016550	0.14384	liquid
103.00	120.00	1106.9	0.00090340	-116.45	-105.61	3.1199	0.90765	1.6687	865.59	-0.030395	0.00016199	0.14252	liquid
104.00	120.00	1102.2	0.00090727	-114.83	-103.94	3.1360	0.90454	1.6710	858.42	-0.030022	0.00015860	0.14121	liquid
105.00	120.00	1097.5	0.00091120	-113.21	-102.27	3.1520	0.90147	1.6736	851.25	-0.029633	0.00015530	0.13989	liquid
106.00	120.00	1092.7	0.00091518	-111.58	-100.60	3.1679	0.89844	1.6762	844.06	-0.029229	0.00015211	0.13857	liquid
107.00	120.00	1087.9	0.00091922	-109.95	-98.919	3.1837	0.89546	1.6790	836.87	-0.028809	0.00014901	0.13725	liquid
108.00	120.00	1083.0	0.00092332	-108.32	-97.239	3.1993	0.89251	1.6820	829.67	-0.028373	0.00014600	0.13594	liquid
109.00	120.00	1078.2	0.00092748	-106.69	-95.555	3.2148	0.88961	1.6851	822.46	-0.027919	0.00014307	0.13462	liquid
110.00	120.00	1073.3	0.00093171	-105.05	-93.869	3.2302	0.88676	1.6884	815.23	-0.027448	0.00014023	0.13330	liquid
111.00	120.00	1068.4	0.00093600	-103.41	-92.179	3.2455	0.88394	1.6918	807.99	-0.026958	0.00013746	0.13198	liquid
112.00	120.00	1063.4	0.00094035	-101.77	-90.485	3.2607	0.88117	1.6954	800.74	-0.026449	0.00013476	0.13067	liquid
113.00	120.00	1058.4	0.00094478	-100.13	-88.788	3.2758	0.87843	1.6992	793.48	-0.025921	0.00013213	0.12936	liquid
114.00	120.00	1053.4	0.00094928	-98.478	-87.087	3.2908	0.87574	1.7032	786.21	-0.025372	0.00012957	0.12805	liquid
115.00	120.00	1048.4	0.00095386	-96.828	-85.381	3.3057	0.87309	1.7073	778.91	-0.024802	0.00012707	0.12674	liquid
116.00	120.00	1043.3	0.00095851	-95.174	-83.672	3.3205	0.87048	1.7116	771.61	-0.024210	0.00012463	0.12543	liquid
117.00	120.00	1038.2	0.00096324	-93.517	-81.958	3.3352	0.86791	1.7162	764.28	-0.023595	0.00012225	0.12412	liquid
118.00	120.00	1033.0	0.00096805	-91.856	-80.239	3.3498	0.86538	1.7209	756.94	-0.022956	0.00011993	0.12282	liquid
119.00	120.00	1027.8	0.00097295	-90.192	-78.516	3.3644	0.86289	1.7258	749.58	-0.022292	0.00011765	0.12151	liquid
120.00	120.00	1022.6	0.00097794	-88.523	-76.788	3.3788	0.86044	1.7310	742.21	-0.021602	0.00011543	0.12021	liquid
121.00	120.00	1017.3	0.00098302	-86.850	-75.054	3.3932	0.85804	1.7363	734.81	-0.020885	0.00011325	0.11891	liquid
122.00	120.00	1011.9	0.00098819	-85.173	-73.315	3.4075	0.85567	1.7419	727.40	-0.020140	0.00011112	0.11760	liquid
123.00	120.00	1006.6	0.00099347	-83.492	-71.570	3.4218	0.85335	1.7478	719.96	-0.019365	0.00010904	0.11630	liquid
124.00	120.00	1001.2	0.00099885	-81.806	-69.819	3.4359	0.85107	1.7539	712.51	-0.018560	0.00010700	0.11501	liquid
125.00	120.00	995.69	0.0010043	-80.114	-68.062	3.4501	0.84883	1.7602	705.03	-0.017722	0.00010500	0.11371	liquid
126.00	120.00	990.17	0.0010099	-78.418	-66.299	3.4641	0.84663	1.7668	697.53	-0.016850	0.00010304	0.11242	liquid
127.00	120.00	984.60	0.0010156	-76.716	-64.529	3.4781	0.84447	1.7737	690.00	-0.015943	0.00010111	0.11113	liquid
128.00	120.00	978.98	0.0010215	-75.009	-62.751	3.4920	0.84236	1.7809	682.46	-0.014999	9.9225e-05	0.10984	liquid
129.00	120.00	973.31	0.0010274	-73.296	-60.967	3.5059	0.84029	1.7885	674.88	-0.014016	9.7373e-05	0.10855	liquid
130.00	120.00	967.57	0.0010335	-71.576	-59.174	3.5198	0.83827	1.7963	667.29	-0.012993	9.5555e-05	0.10727	liquid
131.00	120.00	961.78	0.0010397	-69.851	-57.374	3.5336	0.83629	1.8045	659.66	-0.011926	9.3770e-05	0.10599	liquid
132.00	120.00	955.93	0.0010461	-68.118	-55.565	3.5473	0.83436	1.8130	652.01	-0.010815	9.2017e-05	0.10471	liquid
133.00	120.00	950.01	0.0010526	-66.379	-53.748	3.5610	0.83247	1.8219	644.34	-0.0096557	9.0295e-05	0.10344	liquid
134.00	120.00	944.03	0.0010593	-64.633	-51.921	3.5747	0.83063	1.8312	636.63	-0.0084469	8.8602e-05	0.10217	liquid
135.00	120.00	937.98	0.0010661	-62.879	-50.085	3.5884	0.82884	1.8409	628.90	-0.0071855	8.6938e-05	0.10090	liquid
136.00	120.00	931.86	0.0010731	-61.117	-48.239	3.6020	0.82710	1.8510	621.14	-0.0058688	8.5302e-05	0.099638	liquid
137.00	120.00	925.66	0.0010803	-59.347	-46.383	3.6156	0.82540	1.8616	613.35	-0.0044936	8.3693e-05	0.098379	liquid
138.00	120.00	919.39	0.0010877	-57.568	-44.516	3.6292	0.82376	1.8727	605.53	-0.0030568	8.2110e-05	0.097124	liquid
139.00	120.00	913.04	0.0010952	-55.780	-42.637	3.6427	0.82218	1.8843	597.67	-0.0015547	8.0552e-05	0.095873	liquid
140.00	120.00	906.60	0.0011030	-53.983	-40.747	3.6563	0.82064	1.8964	589.79	1.6236e-05	7.9019e-05	0.094626	liquid
141.00	120.00	900.08	0.0011110	-52.177	-38.844	3.6698	0.81917	1.9091	581.88	0.0016601	7.7510e-05	0.093385	liquid
142.00	120.00	893.47	0.0011192	-50.359	-36.929	3.6834	0.81774	1.9224	573.93	0.0033812	7.6024e-05	0.092148	liquid
143.00	120.00	886.76	0.0011277	-48.532	-34.999	3.6969	0.81638	1.9364	565.96	0.0051842	7.4560e-05	0.090916	liquid
144.00	120.00	879.96	0.0011364	-46.693	-33.056	3.7105	0.81508	1.9510	557.95	0.0070738	7.3119e-05	0.089689	liquid
145.00	120.00	873.06	0.0011454	-44.842	-31.097	3.7240	0.81384	1.9663	549.91	0.0090556	7.1699e-05	0.088467	liquid
146.00	120.00	866.05	0.0011547	-42.979	-29.123	3.7376	0.81267	1.9824	541.85	0.011135	7.0299e-05	0.087251	liquid
147.00	120.00	858.92	0.0011642	-41.103	-27.132	3.7512	0.81156	1.9992	533.75	0.013318	6.8920e-05	0.086041	liquid
148.00	120.00	851.69	0.0011741	-39.214	-25.124	3.7648	0.81052	2.0170	525.62	0.015612	6.7561e-05	0.084837	liquid
149.00	120.00	844.33	0.0011844	-37.310	-23.098	3.7784	0.80954	2.0356	517.47	0.018022	6.6220e-05	0.083638	liquid
150.00	120.00	836.84	0.0011950	-35.392	-21.053	3.7921	0.80865	2.0552	509.28	0.020558	6.4898e-05	0.082446	liquid
151.00	120.00	829.22	0.0012060	-33.459	-18.987	3.8058	0.80782	2.0758	501.08	0.023226	6.3594e-05	0.081260	liquid
152.00	120.00	821.46	0.0012173	-31.509	-16.901	3.8196	0.80707	2.0974	492.85	0.026036	6.2308e-05	0.080081	liquid
153.00	120.00	813.56	0.0012292	-29.542	-14.792	3.8334	0.80640	2.1202	484.61	0.028995	6.1039e-05	0.078908	liquid
154.00	120.00	805.51	0.0012415	-27.557	-12.660	3.8473	0.80581	2.1442	476.35	0.032115	5.9787e-05	0.077742	liquid
155.00	120.00	797.30	0.0012542	-25.554	-10.503	3.8613	0.80530	2.1694	468.07	0.035405	5.8550e-05	0.076583	supercritical
156.00	120.00	788.92	0.0012676	-23.531	-8.3207	3.8753	0.80487	2.1960	459.80	0.038875	5.7330e-05	0.075432	supercritical
157.00	120.00	780.37	0.0012814	-21.488	-6.1109	3.8894	0.80453	2.2239	451.52	0.042539	5.6125e-05	0.074287	supercritical
158.00	120.00	771.64	0.0012959	-19.424	-3.8724	3.9036	0.80427	2.2533	443.26	0.046406	5.4936e-05	0.073150	supercritical
159.00	120.00	762.72	0.0013111	-17.337	-1.6037	3.9180	0.80408	2.2842	435.01	0.050490	5.3761e-05	0.072020	supercritical
160.00	120.00	753.60	0.0013270	-15.227	0.69660	3.9324	0.80398	2.3167	426.78	0.054803	5.2600e-05	0.070897	supercritical
161.00	120.00	744.28	0.0013436	-13.093	3.0302	3.9469	0.80395	2.3507	418.59	0.059359	5.1454e-05	0.069782	supercritical
162.00	120.00	734.75	0.0013610	-10.933	5.3986	3.9616	0.80400	2.3864	410.45	0.064170	5.0321e-05	0.068675	supercritical
163.00	120.00	725.00	0.0013793	-8.7483	7.8034	3.9764	0.80411	2.4236	402.38	0.069248	4.9203e-05	0.067575	supercritical
164.00	120.00	715.03	0.0013985	-6.5363	10.246	3.9913	0.80428	2.4623	394.38	0.074605	4.8098e-05	0.066482	supercritical
165.00	120.00	704.83	0.0014188	-4.2970	12.728	4.0064	0.80450	2.5024	386.47	0.080251	4.7006e-05	0.065397	supercritical
166.00	120.00	694.39	0.0014401	-2.0299	15.251	4.0217	0.80476	2.5437	378.68	0.086194	4.5929e-05	0.064320	supercritical
167.00	120.00	683.72	0.0014626	0.26526	17.816	4.0371	0.80505	2.5860	371.02	0.092440	4.4865e-05	0.063250	supercritical
168.00	120.00	672.82	0.0014863	2.5883	20.424	4.0526	0.80536	2.6289	363.52	0.098990	4.3816e-05	0.062187	supercritical
169.00	120.00	661.69	0.0015113	4.9387	23.074	4.0684	0.80566	2.6719	356.20	0.10584	4.2782e-05	0.061131	supercritical
170.00	120.00	650.34	0.0015377	7.3154	25.767	4.0842	0.80596	2.7145	349.08	0.11299	4.1764e-05	0.060083	supercritical
171.00	120.00	638.78	0.0015655	9.7170	28.503	4.1003	0.80622	2.7560	342.19	0.12041	4.0762e-05	0.059042	supercritical
172.00	120.00	627.04	0.0015948	12.141	31.279	4.1165	0.80645	2.7957	335.56	0.12810	3.9779e-05	0.058010	supercritical
173.00	120.00	615.13	0.0016257	14.585	34.093	4.1328	0.80661	2.8329	329.22	0.13602	3.8815e-05	0.056985	supercritical
174.00	120.00	603.08	0.0016582	17.046	36.943	4.1492	0.80669	2.8666	323.18	0.14415	3.7872e-05	0.055968	supercritical
175.00	120.00	590.93	0.0016922	19.518	39.825	4.1657	0.80667	2.8961	317.46	0.15245	3.6952e-05	0.054961	supercritical
176.00	120.00	578.72	0.0017279	21.998	42.734	4.1823	0.80655	2.9205	312.09	0.16088	3.6057e-05	0.053965	supercritical
177.00	120.00	566.49	0.0017653	24.481	45.664	4.1989	0.80628	2.9393	307.07	0.16939	3.5189e-05	0.052979	supercritical
178.00	120.00	554.28	0.0018041	26.961	48.610	4.2155	0.80587	2.9517	302.42	0.17794	3.4349e-05	0.052007	supercritical
179.00	120.00	542.15	0.0018445	29.431	51.565	4.2321	0.80529	2.9574	298.14	0.18645	3.3539e-05	0.051049	supercritical
180.00	120.00	530.13	0.0018863	31.887	54.523	4.2485	0.80454	2.9558	294.23	0.19489	3.2761e-05	0.050108	supercritical
181.00	120.00	518.28	0.0019294	34.321	57.475	4.2649	0.80360	2.9470	290.69	0.20318	3.2016e-05	0.049185	supercritical
182.00	120.00	506.65	0.0019738	36.729	60.414	4.2811	0.80246	2.9308	287.51	0.21126	3.1306e-05	0.048282	supercritical
183.00	120.00	495.26	0.0020191	39.104	63.334	4.2971	0.80113	2.9078	284.69	0.21909	3.0632e-05	0.047403	supercritical
184.00	120.00	484.17	0.0020654	41.443	66.227	4.3129	0.79961	2.8782	282.20	0.22660	2.9993e-05	0.046548	supercritical
185.00	120.00	473.39	0.0021124	43.739	69.088	4.3284	0.79792	2.8429	280.03	0.23376	2.9390e-05	0.045720	supercritical
186.00	120.00	462.96	0.0021600	45.991	71.911	4.3436	0.79606	2.8026	278.16	0.24053	2.8823e-05	0.044921	supercritical
187.00	120.00	452.88	0.0022081	48.195	74.692	4.3585	0.79406	2.7583	276.57	0.24689	2.8292e-05	0.044153	supercritical
188.00	120.00	443.18	0.0022564	50.350	77.427	4.3731	0.79193	2.7109	275.24	0.25282	2.7794e-05	0.043416	supercritical
189.00	120.00	433.85	0.0023050	52.454	80.113	4.3873	0.78969	2.6613	274.15	0.25833	2.7330e-05	0.042711	supercritical
190.00	120.00	424.89	0.0023535	54.507	82.749	4.4012	0.78736	2.6103	273.27	0.26340	2.6897e-05	0.042038	supercritical
191.00	120.00	416.31	0.0024021	56.509	85.334	4.4148	0.78496	2.5587	272.58	0.26805	2.6495e-05	0.041398	supercritical
192.00	120.00	408.08	0.0024505	58.461	87.866	4.4280	0.78251	2.5070	272.06	0.27229	2.6121e-05	0.040791	supercritical
193.00	120.00	400.21	0.0024987	60.364	90.348	4.4409	0.78002	2.4558	271.70	0.27614	2.5775e-05	0.040215	supercritical
194.00	120.00	392.68	0.0025466	62.219	92.778	4.4535	0.77752	2.4055	271.47	0.27962	2.5453e-05	0.039669	supercritical
195.00	120.00	385.47	0.0025943	64.028	95.159	4.4657	0.77501	2.3563	271.37	0.28273	2.5155e-05	0.039154	supercritical
196.00	120.00	378.56	0.0026416	65.793	97.492	4.4777	0.77250	2.3085	271.38	0.28552	2.4879e-05	0.038666	supercritical
197.00	120.00	371.96	0.0026885	67.515	99.777	4.4893	0.77001	2.2623	271.48	0.28798	2.4623e-05	0.038207	supercritical
198.00	120.00	365.63	0.0027350	69.197	102.02	4.5006	0.76755	2.2176	271.66	0.29015	2.4386e-05	0.037773	supercritical
199.00	120.00	359.57	0.0027811	70.840	104.21	4.5117	0.76511	2.1747	271.92	0.29205	2.4167e-05	0.037364	supercritical
200.00	120.00	353.76	0.0028268	72.445	106.37	4.5225	0.76272	2.1335	272.25	0.29368	2.3965e-05	0.036978	supercritical
201.00	120.00	348.19	0.0028720	74.016	108.48	4.5330	0.76036	2.0940	272.64	0.29508	2.3777e-05	0.036615	supercritical
202.00	120.00	342.84	0.0029168	75.553	110.56	4.5433	0.75805	2.0561	273.07	0.29625	2.3604e-05	0.036272	supercritical
203.00	120.00	337.70	0.0029612	77.059	112.59	4.5534	0.75579	2.0200	273.56	0.29721	2.3444e-05	0.035949	supercritical
204.00	120.00	332.76	0.0030051	78.534	114.60	4.5632	0.75359	1.9854	274.08	0.29798	2.3295e-05	0.035645	supercritical
205.00	120.00	328.01	0.0030487	79.980	116.56	4.5729	0.75143	1.9523	274.64	0.29858	2.3159e-05	0.035359	supercritical
206.00	120.00	323.44	0.0030918	81.399	118.50	4.5823	0.74933	1.9207	275.23	0.29900	2.3032e-05	0.035089	supercritical
207.00	120.00	319.04	0.0031344	82.793	120.41	4.5915	0.74728	1.8906	275.85	0.29927	2.2915e-05	0.034835	supercritical
208.00	120.00	314.79	0.0031767	84.162	122.28	4.6005	0.74528	1.8618	276.49	0.29940	2.2808e-05	0.034596	supercritical
209.00	120.00	310.70	0.0032186	85.507	124.13	4.6094	0.74334	1.8342	277.16	0.29940	2.2709e-05	0.034370	supercritical
210.00	120.00	306.74	0.0032601	86.830	125.95	4.6181	0.74146	1.8079	277.84	0.29928	2.2617e-05	0.034158	supercritical
211.00	120.00	302.92	0.0033012	88.132	127.75	4.6266	0.73963	1.7828	278.54	0.29904	2.2533e-05	0.033958	supercritical
212.00	120.00	299.23	0.0033419	89.414	129.52	4.6350	0.73785	1.7588	279.26	0.29870	2.2456e-05	0.033769	supercritical
213.00	120.00	295.66	0.0033823	90.677	131.26	4.6432	0.73612	1.7358	279.99	0.29827	2.2385e-05	0.033592	supercritical
214.00	120.00	292.20	0.0034223	91.922	132.99	4.6513	0.73444	1.7138	280.73	0.29774	2.2320e-05	0.033425	supercritical
215.00	120.00	288.86	0.0034619	93.149	134.69	4.6592	0.73282	1.6927	281.48	0.29714	2.2261e-05	0.033268	supercritical
216.00	120.00	285.61	0.0035013	94.359	136.37	4.6671	0.73124	1.6725	282.24	0.29646	2.2207e-05	0.033119	supercritical
217.00	120.00	282.46	0.0035403	95.554	138.04	4.6747	0.72971	1.6532	283.01	0.29570	2.2158e-05	0.032980	supercritical
218.00	120.00	279.41	0.0035790	96.734	139.68	4.6823	0.72822	1.6346	283.78	0.29489	2.2114e-05	0.032849	supercritical
219.00	120.00	276.45	0.0036173	97.899	141.31	4.6897	0.72678	1.6168	284.56	0.29401	2.2074e-05	0.032726	supercritical
220.00	120.00	273.57	0.0036554	99.050	142.92	4.6971	0.72539	1.5998	285.34	0.29308	2.2038e-05	0.032610	supercritical
221.00	120.00	270.77	0.0036932	100.19	144.51	4.7043	0.72403	1.5834	286.13	0.29210	2.2005e-05	0.032502	supercritical
222.00	120.00	268.05	0.0037307	101.31	146.08	4.7114	0.72272	1.5676	286.92	0.29108	2.1977e-05	0.032400	supercritical
223.00	120.00	265.40	0.0037679	102.43	147.64	4.7184	0.72145	1.5525	287.71	0.29001	2.1952e-05	0.032304	supercritical
224.00	120.00	262.82	0.0038049	103.53	149.19	4.7253	0.72021	1.5379	288.51	0.28890	2.1930e-05	0.032215	supercritical
225.00	120.00	260.31	0.0038416	104.62	150.72	4.7321	0.71902	1.5239	289.30	0.28776	2.1911e-05	0.032131	supercritical
226.00	120.00	257.87	0.0038780	105.70	152.24	4.7389	0.71786	1.5105	290.10	0.28659	2.1895e-05	0.032052	supercritical
227.00	120.00	255.48	0.0039142	106.77	153.74	4.7455	0.71673	1.4975	290.90	0.28539	2.1881e-05	0.031979	supercritical
228.00	120.00	253.16	0.0039501	107.83	155.23	4.7521	0.71564	1.4850	291.70	0.28416	2.1871e-05	0.031911	supercritical
229.00	120.00	250.89	0.0039858	108.88	156.71	4.7585	0.71459	1.4729	292.50	0.28290	2.1862e-05	0.031847	supercritical
230.00	120.00	248.67	0.0040213	109.92	158.18	4.7649	0.71356	1.4613	293.30	0.28162	2.1856e-05	0.031788	supercritical
231.00	120.00	246.51	0.0040566	110.95	159.63	4.7712	0.71257	1.4500	294.09	0.28033	2.1852e-05	0.031733	supercritical
232.00	120.00	244.40	0.0040917	111.98	161.08	4.7775	0.71160	1.4392	294.89	0.27901	2.1850e-05	0.031682	supercritical
233.00	120.00	242.34	0.0041265	112.99	162.51	4.7836	0.71066	1.4287	295.69	0.27768	2.1851e-05	0.031635	supercritical
234.00	120.00	240.32	0.0041611	114.00	163.93	4.7897	0.70976	1.4186	296.48	0.27633	2.1853e-05	0.031592	supercritical
235.00	120.00	238.35	0.0041956	115.00	165.35	4.7958	0.70888	1.4088	297.27	0.27497	2.1856e-05	0.031552	supercritical
236.00	120.00	236.42	0.0042298	115.99	166.75	4.8017	0.70802	1.3994	298.07	0.27360	2.1862e-05	0.031516	supercritical
237.00	120.00	234.53	0.0042639	116.98	168.15	4.8076	0.70719	1.3902	298.86	0.27222	2.1869e-05	0.031483	supercritical
238.00	120.00	232.68	0.0042977	117.96	169.53	4.8135	0.70639	1.3814	299.65	0.27083	2.1878e-05	0.031453	supercritical
239.00	120.00	230.87	0.0043314	118.93	170.91	4.8192	0.70561	1.3728	300.43	0.26943	2.1888e-05	0.031426	supercritical
240.00	120.00	229.10	0.0043649	119.90	172.28	4.8249	0.70485	1.3645	301.22	0.26803	2.1899e-05	0.031402	supercritical
241.00	120.00	227.36	0.0043983	120.86	173.64	4.8306	0.70412	1.3564	302.00	0.26662	2.1912e-05	0.031380	supercritical
242.00	120.00	225.66	0.0044314	121.81	174.99	4.8362	0.70341	1.3486	302.78	0.26520	2.1926e-05	0.031362	supercritical
243.00	120.00	223.99	0.0044644	122.76	176.34	4.8418	0.70272	1.3411	303.56	0.26378	2.1941e-05	0.031345	supercritical
244.00	120.00	222.36	0.0044973	123.71	177.67	4.8472	0.70204	1.3337	304.33	0.26236	2.1958e-05	0.031332	supercritical
245.00	120.00	220.75	0.0045300	124.64	179.00	4.8527	0.70139	1.3266	305.11	0.26093	2.1975e-05	0.031320	supercritical
246.00	120.00	219.18	0.0045625	125.58	180.33	4.8581	0.70076	1.3197	305.88	0.25951	2.1994e-05	0.031311	supercritical
247.00	120.00	217.63	0.0045949	126.50	181.64	4.8634	0.70015	1.3130	306.64	0.25808	2.2013e-05	0.031303	supercritical
248.00	120.00	216.11	0.0046272	127.43	182.95	4.8687	0.69955	1.3064	307.41	0.25665	2.2034e-05	0.031298	supercritical
249.00	120.00	214.62	0.0046593	128.34	184.26	4.8740	0.69898	1.3001	308.17	0.25523	2.2055e-05	0.031295	supercritical
250.00	120.00	213.16	0.0046913	129.26	185.55	4.8791	0.69841	1.2939	308.93	0.25380	2.2078e-05	0.031294	supercritical
251.00	120.00	211.73	0.0047231	130.17	186.84	4.8843	0.69787	1.2880	309.69	0.25238	2.2101e-05	0.031294	supercritical
252.00	120.00	210.31	0.0047548	131.07	188.13	4.8894	0.69734	1.2821	310.45	0.25095	2.2125e-05	0.031297	supercritical
253.00	120.00	208.93	0.0047864	131.97	189.41	4.8945	0.69683	1.2765	311.20	0.24953	2.2150e-05	0.031301	supercritical
254.00	120.00	207.56	0.0048178	132.87	190.68	4.8995	0.69633	1.2709	311.95	0.24811	2.2175e-05	0.031306	supercritical
255.00	120.00	206.22	0.0048491	133.76	191.95	4.9045	0.69585	1.2656	312.70	0.24670	2.2202e-05	0.031313	supercritical
256.00	120.00	204.90	0.0048803	134.65	193.21	4.9094	0.69538	1.2604	313.44	0.24529	2.2228e-05	0.031322	supercritical
257.00	120.00	203.61	0.0049114	135.53	194.47	4.9143	0.69493	1.2553	314.18	0.24388	2.2256e-05	0.031332	supercritical
258.00	120.00	202.33	0.0049424	136.41	195.72	4.9192	0.69449	1.2503	314.92	0.24248	2.2284e-05	0.031344	supercritical
259.00	120.00	201.08	0.0049732	137.29	196.97	4.9240	0.69406	1.2455	315.66	0.24108	2.2313e-05	0.031357	supercritical
260.00	120.00	199.84	0.0050040	138.17	198.21	4.9288	0.69365	1.2408	316.39	0.23968	2.2342e-05	0.031371	supercritical
261.00	120.00	198.63	0.0050346	139.04	199.45	4.9336	0.69325	1.2362	317.13	0.23829	2.2372e-05	0.031387	supercritical
262.00	120.00	197.43	0.0050651	139.91	200.69	4.9383	0.69286	1.2317	317.85	0.23691	2.2403e-05	0.031403	supercritical
263.00	120.00	196.25	0.0050955	140.77	201.92	4.9430	0.69248	1.2273	318.58	0.23552	2.2434e-05	0.031421	supercritical
264.00	120.00	195.09	0.0051259	141.63	203.14	4.9476	0.69211	1.2231	319.30	0.23415	2.2465e-05	0.031440	supercritical
265.00	120.00	193.95	0.0051561	142.49	204.36	4.9522	0.69176	1.2189	320.02	0.23278	2.2497e-05	0.031461	supercritical
266.00	120.00	192.82	0.0051862	143.35	205.58	4.9568	0.69142	1.2148	320.74	0.23142	2.2530e-05	0.031482	supercritical
267.00	120.00	191.71	0.0052162	144.20	206.79	4.9614	0.69108	1.2109	321.46	0.23006	2.2563e-05	0.031504	supercritical
268.00	120.00	190.62	0.0052461	145.05	208.00	4.9659	0.69076	1.2070	322.17	0.22871	2.2596e-05	0.031527	supercritical
269.00	120.00	189.54	0.0052760	145.89	209.21	4.9704	0.69045	1.2032	322.88	0.22736	2.2630e-05	0.031552	supercritical
270.00	120.00	188.48	0.0053057	146.74	210.41	4.9748	0.69015	1.1996	323.59	0.22602	2.2664e-05	0.031577	supercritical
271.00	120.00	187.43	0.0053353	147.58	211.61	4.9793	0.68985	1.1960	324.29	0.22469	2.2698e-05	0.031603	supercritical
272.00	120.00	186.40	0.0053649	148.42	212.80	4.9837	0.68957	1.1924	324.99	0.22336	2.2733e-05	0.031630	supercritical
273.00	120.00	185.38	0.0053944	149.26	213.99	4.9880	0.68930	1.1890	325.69	0.22204	2.2768e-05	0.031658	supercritical
274.00	120.00	184.37	0.0054238	150.09	215.18	4.9924	0.68903	1.1856	326.39	0.22072	2.2804e-05	0.031687	supercritical
275.00	120.00	183.38	0.0054531	150.92	216.36	4.9967	0.68878	1.1823	327.08	0.21942	2.2840e-05	0.031716	supercritical
276.00	120.00	182.41	0.0054823	151.75	217.54	5.0010	0.68853	1.1791	327.77	0.21811	2.2876e-05	0.031746	supercritical
277.00	120.00	181.44	0.0055114	152.58	218.72	5.0052	0.68829	1.1760	328.46	0.21682	2.2912e-05	0.031777	supercritical
278.00	120.00	180.49	0.0055405	153.41	219.89	5.0095	0.68806	1.1729	329.15	0.21553	2.2949e-05	0.031809	supercritical
279.00	120.00	179.55	0.0055695	154.23	221.07	5.0137	0.68784	1.1699	329.83	0.21425	2.2986e-05	0.031841	supercritical
280.00	120.00	178.62	0.0055984	155.05	222.23	5.0179	0.68763	1.1669	330.52	0.21298	2.3024e-05	0.031874	supercritical
281.00	120.00	177.71	0.0056272	155.87	223.40	5.0220	0.68742	1.1641	331.19	0.21171	2.3061e-05	0.031908	supercritical
282.00	120.00	176.80	0.0056560	156.69	224.56	5.0261	0.68723	1.1612	331.87	0.21045	2.3099e-05	0.031943	supercritical
283.00	120.00	175.91	0.0056847	157.51	225.72	5.0302	0.68703	1.1585	332.55	0.20919	2.3137e-05	0.031978	supercritical
284.00	120.00	175.03	0.0057133	158.32	226.88	5.0343	0.68685	1.1558	333.22	0.20795	2.3176e-05	0.032013	supercritical
285.00	120.00	174.16	0.0057418	159.13	228.03	5.0384	0.68668	1.1531	333.89	0.20671	2.3214e-05	0.032049	supercritical
286.00	120.00	173.30	0.0057703	159.94	229.19	5.0424	0.68651	1.1506	334.55	0.20547	2.3253e-05	0.032086	supercritical
287.00	120.00	172.45	0.0057987	160.75	230.33	5.0464	0.68634	1.1480	335.22	0.20425	2.3292e-05	0.032123	supercritical
288.00	120.00	171.61	0.0058270	161.56	231.48	5.0504	0.68619	1.1455	335.88	0.20303	2.3331e-05	0.032161	supercritical
289.00	120.00	170.78	0.0058553	162.36	232.63	5.0544	0.68604	1.1431	336.54	0.20182	2.3370e-05	0.032200	supercritical
290.00	120.00	169.97	0.0058835	163.17	233.77	5.0583	0.68590	1.1407	337.20	0.20061	2.3410e-05	0.032238	supercritical
291.00	120.00	169.16	0.0059117	163.97	234.91	5.0623	0.68576	1.1384	337.85	0.19941	2.3450e-05	0.032278	supercritical
292.00	120.00	168.36	0.0059398	164.77	236.04	5.0662	0.68563	1.1361	338.51	0.19822	2.3490e-05	0.032317	supercritical
293.00	120.00	167.57	0.0059678	165.57	237.18	5.0700	0.68551	1.1338	339.16	0.19704	2.3530e-05	0.032358	supercritical
294.00	120.00	166.78	0.0059957	166.36	238.31	5.0739	0.68539	1.1316	339.81	0.19586	2.3570e-05	0.032398	supercritical
295.00	120.00	166.01	0.0060237	167.16	239.44	5.0777	0.68528	1.1295	340.45	0.19469	2.3610e-05	0.032439	supercritical
296.00	120.00	165.25	0.0060515	167.95	240.57	5.0815	0.68517	1.1274	341.10	0.19352	2.3651e-05	0.032481	supercritical
297.00	120.00	164.49	0.0060793	168.75	241.70	5.0853	0.68507	1.1253	341.74	0.19236	2.3692e-05	0.032522	supercritical
298.00	120.00	163.75	0.0061070	169.54	242.82	5.0891	0.68498	1.1233	342.38	0.19121	2.3733e-05	0.032564	supercritical
299.00	120.00	163.01	0.0061347	170.33	243.94	5.0929	0.68489	1.1213	343.02	0.19007	2.3774e-05	0.032607	supercritical
300.00	120.00	162.28	0.0061623	171.12	245.06	5.0966	0.68481	1.1193	343.65	0.18893	2.3815e-05	0.032649	supercritical
301.00	120.00	161.55	0.0061899	171.90	246.18	5.1003	0.68473	1.1174	344.29	0.18780	2.3856e-05	0.032692	supercritical
302.00	120.00	160.84	0.0062174	172.69	247.30	5.1041	0.68466	1.1155	344.92	0.18668	2.3897e-05	0.032735	supercritical
303.00	120.00	160.13	0.0062448	173.48	248.41	5.1077	0.68459	1.1137	345.55	0.18556	2.3939e-05	0.032779	supercritical
304.00	120.00	159.43	0.0062722	174.26	249.53	5.1114	0.68453	1.1119	346.17	0.18445	2.3981e-05	0.032822	supercritical
305.00	120.00	158.74	0.0062996	175.04	250.64	5.1151	0.68447	1.1101	346.80	0.18335	2.4022e-05	0.032865	supercritical
306.00	120.00	158.06	0.0063269	175.82	251.75	5.1187	0.68442	1.1083	347.42	0.18225	2.4064e-05	0.032908	supercritical
307.00	120.00	157.38	0.0063541	176.60	252.85	5.1223	0.68437	1.1066	348.04	0.18116	2.4106e-05	0.032951	supercritical
308.00	120.00	156.71	0.0063813	177.38	253.96	5.1259	0.68433	1.1050	348.66	0.18007	2.4148e-05	0.032993	supercritical
309.00	120.00	156.04	0.0064085	178.16	255.06	5.1295	0.68429	1.1033	349.28	0.17899	2.4190e-05	0.033029	supercritical
310.00	120.00	155.39	0.0064356	178.94	256.17	5.1330	0.68426	1.1017	349.89	0.17792	2.4233e-05	0.033071	supercritical
311.00	120.00	154.73	0.0064627	179.72	257.27	5.1366	0.68423	1.1001	350.50	0.17686	2.4275e-05	0.033122	supercritical
312.00	120.00	154.09	0.0064897	180.49	258.37	5.1401	0.68420	1.0986	351.11	0.17580	2.4317e-05	0.033172	supercritical
313.00	120.00	153.45	0.0065166	181.27	259.46	5.1436	0.68418	1.0970	351.72	0.17474	2.4360e-05	0.033223	supercritical
314.00	120.00	152.82	0.0065436	182.04	260.56	5.1471	0.68417	1.0955	352.33	0.17370	2.4402e-05	0.033274	supercritical
315.00	120.00	152.20	0.0065704	182.81	261.66	5.1506	0.68416	1.0941	352.94	0.17266	2.4445e-05	0.033325	supercritical
316.00	120.00	151.58	0.0065973	183.58	262.75	5.1541	0.68415	1.0926	353.54	0.17162	2.4488e-05	0.033377	supercritical
317.00	120.00	150.96	0.0066241	184.35	263.84	5.1575	0.68415	1.0912	354.14	0.17059	2.4530e-05	0.033429	supercritical
318.00	120.00	150.36	0.0066508	185.12	264.93	5.1609	0.68415	1.0898	354.74	0.16957	2.4573e-05	0.033480	supercritical
319.00	120.00	149.76	0.0066775	185.89	266.02	5.1644	0.68415	1.0884	355.34	0.16856	2.4616e-05	0.033533	supercritical
320.00	120.00	149.16	0.0067042	186.66	267.11	5.1678	0.68416	1.0871	355.93	0.16755	2.4659e-05	0.033585	supercritical
321.00	120.00	148.57	0.0067308	187.43	268.19	5.1712	0.68417	1.0858	356.53	0.16654	2.4702e-05	0.033638	supercritical
322.00	120.00	147.99	0.0067574	188.19	269.28	5.1745	0.68419	1.0845	357.12	0.16554	2.4745e-05	0.033690	supercritical
323.00	120.00	147.41	0.0067839	188.96	270.36	5.1779	0.68421	1.0832	357.71	0.16455	2.4788e-05	0.033743	supercritical
324.00	120.00	146.83	0.0068104	189.72	271.45	5.1812	0.68424	1.0820	358.30	0.16357	2.4832e-05	0.033796	supercritical
325.00	120.00	146.27	0.0068369	190.49	272.53	5.1846	0.68426	1.0807	358.88	0.16259	2.4875e-05	0.033850	supercritical
326.00	120.00	145.70	0.0068633	191.25	273.61	5.1879	0.68430	1.0795	359.47	0.16161	2.4918e-05	0.033903	supercritical
327.00	120.00	145.14	0.0068897	192.01	274.69	5.1912	0.68433	1.0783	360.05	0.16064	2.4961e-05	0.033957	supercritical
328.00	120.00	144.59	0.0069161	192.77	275.76	5.1945	0.68437	1.0772	360.63	0.15968	2.5005e-05	0.034011	supercritical
329.00	120.00	144.04	0.0069424	193.53	276.84	5.1978	0.68441	1.0760	361.21	0.15872	2.5048e-05	0.034065	supercritical
330.00	120.00	143.50	0.0069686	194.29	277.92	5.2010	0.68446	1.0749	361.79	0.15777	2.5092e-05	0.034119	supercritical
331.00	120.00	142.96	0.0069949	195.05	278.99	5.2043	0.68451	1.0738	362.37	0.15682	2.5135e-05	0.034173	supercritical
332.00	120.00	142.43	0.0070211	195.81	280.06	5.2075	0.68456	1.0727	362.94	0.15588	2.5179e-05	0.034228	supercritical
333.00	120.00	141.90	0.0070472	196.57	281.14	5.2107	0.68462	1.0717	363.51	0.15495	2.5222e-05	0.034282	supercritical
334.00	120.00	141.38	0.0070734	197.33	282.21	5.2140	0.68468	1.0706	364.08	0.15402	2.5266e-05	0.034337	supercritical
335.00	120.00	140.86	0.0070995	198.08	283.28	5.2172	0.68474	1.0696	364.65	0.15310	2.5310e-05	0.034392	supercritical
336.00	120.00	140.34	0.0071255	198.84	284.35	5.2203	0.68481	1.0686	365.22	0.15218	2.5353e-05	0.034447	supercritical
337.00	120.00	139.83	0.0071516	199.60	285.41	5.2235	0.68488	1.0676	365.79	0.15126	2.5397e-05	0.034503	supercritical
338.00	120.00	139.32	0.0071776	200.35	286.48	5.2267	0.68495	1.0666	366.35	0.15036	2.5441e-05	0.034558	supercritical
339.00	120.00	138.82	0.0072035	201.11	287.55	5.2298	0.68502	1.0657	366.91	0.14945	2.5484e-05	0.034614	supercritical
340.00	120.00	138.32	0.0072295	201.86	288.61	5.2330	0.68510	1.0647	367.48	0.14856	2.5528e-05	0.034669	supercritical
341.00	120.00	137.83	0.0072554	202.61	289.68	5.2361	0.68518	1.0638	368.04	0.14766	2.5572e-05	0.034725	supercritical
342.00	120.00	137.34	0.0072812	203.37	290.74	5.2392	0.68527	1.0629	368.59	0.14678	2.5616e-05	0.034781	supercritical
343.00	120.00	136.85	0.0073071	204.12	291.80	5.2423	0.68536	1.0620	369.15	0.14590	2.5660e-05	0.034837	supercritical
344.00	120.00	136.37	0.0073329	204.87	292.86	5.2454	0.68545	1.0611	369.71	0.14502	2.5703e-05	0.034893	supercritical
345.00	120.00	135.89	0.0073586	205.62	293.93	5.2485	0.68554	1.0603	370.26	0.14415	2.5747e-05	0.034949	supercritical
346.00	120.00	135.42	0.0073844	206.37	294.99	5.2515	0.68564	1.0594	370.81	0.14328	2.5791e-05	0.035006	supercritical
347.00	120.00	134.95	0.0074101	207.12	296.04	5.2546	0.68573	1.0586	371.36	0.14242	2.5835e-05	0.035062	supercritical
348.00	120.00	134.48	0.0074358	207.87	297.10	5.2576	0.68584	1.0578	371.91	0.14156	2.5879e-05	0.035119	supercritical
349.00	120.00	134.02	0.0074614	208.62	298.16	5.2607	0.68594	1.0570	372.46	0.14071	2.5923e-05	0.035176	supercritical
350.00	120.00	133.56	0.0074871	209.37	299.22	5.2637	0.68605	1.0562	373.01	0.13987	2.5967e-05	0.035232	supercritical
351.00	120.00	133.11	0.0075127	210.12	300.27	5.2667	0.68616	1.0554	373.55	0.13902	2.6011e-05	0.035289	supercritical
352.00	120.00	132.66	0.0075382	210.87	301.33	5.2697	0.68627	1.0547	374.09	0.13819	2.6055e-05	0.035346	supercritical
353.00	120.00	132.21	0.0075638	211.62	302.38	5.2727	0.68638	1.0539	374.63	0.13736	2.6099e-05	0.035403	supercritical
354.00	120.00	131.76	0.0075893	212.36	303.44	5.2757	0.68650	1.0532	375.18	0.13653	2.6143e-05	0.035461	supercritical
355.00	120.00	131.32	0.0076148	213.11	304.49	5.2787	0.68662	1.0525	375.71	0.13571	2.6187e-05	0.035518	supercritical
356.00	120.00	130.89	0.0076402	213.86	305.54	5.2816	0.68675	1.0518	376.25	0.13489	2.6231e-05	0.035575	supercritical
357.00	120.00	130.45	0.0076657	214.60	306.59	5.2846	0.68687	1.0511	376.79	0.13408	2.6275e-05	0.035633	supercritical
358.00	120.00	130.02	0.0076911	215.35	307.64	5.2875	0.68700	1.0504	377.32	0.13327	2.6319e-05	0.035691	supercritical
359.00	120.00	129.59	0.0077165	216.10	308.69	5.2904	0.68713	1.0497	377.86	0.13246	2.6363e-05	0.035748	supercritical
360.00	120.00	129.17	0.0077418	216.84	309.74	5.2934	0.68726	1.0491	378.39	0.13166	2.6407e-05	0.035806	supercritical
361.00	120.00	128.75	0.0077671	217.59	310.79	5.2963	0.68740	1.0484	378.92	0.13087	2.6451e-05	0.035864	supercritical
362.00	120.00	128.33	0.0077924	218.33	311.84	5.2992	0.68753	1.0478	379.45	0.13008	2.6495e-05	0.035922	supercritical
363.00	120.00	127.91	0.0078177	219.07	312.89	5.3021	0.68767	1.0472	379.97	0.12929	2.6539e-05	0.035980	supercritical
364.00	120.00	127.50	0.0078430	219.82	313.93	5.3049	0.68781	1.0466	380.50	0.12851	2.6583e-05	0.036038	supercritical
365.00	120.00	127.09	0.0078682	220.56	314.98	5.3078	0.68796	1.0460	381.03	0.12774	2.6627e-05	0.036096	supercritical
366.00	120.00	126.69	0.0078934	221.30	316.03	5.3107	0.68810	1.0454	381.55	0.12696	2.6671e-05	0.036154	supercritical
367.00	120.00	126.29	0.0079186	222.05	317.07	5.3135	0.68825	1.0448	382.07	0.12619	2.6715e-05	0.036213	supercritical
368.00	120.00	125.89	0.0079438	222.79	318.11	5.3164	0.68840	1.0442	382.59	0.12543	2.6759e-05	0.036271	supercritical
369.00	120.00	125.49	0.0079689	223.53	319.16	5.3192	0.68856	1.0437	383.11	0.12467	2.6803e-05	0.036330	supercritical
370.00	120.00	125.09	0.0079940	224.27	320.20	5.3220	0.68871	1.0431	383.63	0.12392	2.6847e-05	0.036388	supercritical
371.00	120.00	124.70	0.0080191	225.02	321.24	5.3248	0.68887	1.0426	384.15	0.12317	2.6891e-05	0.036447	supercritical
372.00	120.00	124.31	0.0080441	225.76	322.29	5.3276	0.68903	1.0421	384.67	0.12242	2.6935e-05	0.036505	supercritical
373.00	120.00	123.93	0.0080692	226.50	323.33	5.3304	0.68919	1.0415	385.18	0.12168	2.6979e-05	0.036564	supercritical
374.00	120.00	123.55	0.0080942	227.24	324.37	5.3332	0.68935	1.0410	385.69	0.12094	2.7023e-05	0.036623	supercritical
375.00	120.00	123.16	0.0081192	227.98	325.41	5.3360	0.68952	1.0405	386.21	0.12020	2.7067e-05	0.036682	supercritical
376.00	120.00	122.79	0.0081442	228.72	326.45	5.3388	0.68968	1.0401	386.72	0.11947	2.7110e-05	0.036741	supercritical
377.00	120.00	122.41	0.0081691	229.46	327.49	5.3415	0.68985	1.0396	387.23	0.11875	2.7154e-05	0.036800	supercritical
378.00	120.00	122.04	0.0081941	230.20	328.53	5.3443	0.69002	1.0391	387.74	0.11802	2.7198e-05	0.036859	supercritical
379.00	120.00	121.67	0.0082190	230.94	329.57	5.3470	0.69020	1.0386	388.24	0.11731	2.7242e-05	0.036918	supercritical
380.00	120.00	121.30	0.0082439	231.68	330.61	5.3498	0.69037	1.0382	388.75	0.11659	2.7286e-05	0.036977	supercritical
381.00	120.00	120.94	0.0082687	232.42	331.65	5.3525	0.69055	1.0378	389.26	0.11588	2.7330e-05	0.037036	supercritical
382.00	120.00	120.58	0.0082936	233.16	332.68	5.3552	0.69073	1.0373	389.76	0.11518	2.7374e-05	0.037095	supercritical
383.00	120.00	120.22	0.0083184	233.90	333.72	5.3579	0.69091	1.0369	390.26	0.11447	2.7418e-05	0.037155	supercritical
384.00	120.00	119.86	0.0083432	234.64	334.76	5.3606	0.69109	1.0365	390.76	0.11377	2.7462e-05	0.037214	supercritical
385.00	120.00	119.50	0.0083680	235.38	335.79	5.3633	0.69127	1.0361	391.26	0.11308	2.7505e-05	0.037273	supercritical
386.00	120.00	119.15	0.0083928	236.12	336.83	5.3660	0.69146	1.0357	391.76	0.11239	2.7549e-05	0.037333	supercritical
387.00	120.00	118.80	0.0084175	236.85	337.86	5.3687	0.69165	1.0353	392.26	0.11170	2.7593e-05	0.037392	supercritical
388.00	120.00	118.45	0.0084423	237.59	338.90	5.3714	0.69184	1.0349	392.76	0.11102	2.7637e-05	0.037452	supercritical
389.00	120.00	118.11	0.0084670	238.33	339.93	5.3740	0.69203	1.0345	393.25	0.11034	2.7681e-05	0.037512	supercritical
390.00	120.00	117.76	0.0084917	239.07	340.97	5.3767	0.69222	1.0341	393.75	0.10966	2.7725e-05	0.037571	supercritical
391.00	120.00	117.42	0.0085163	239.81	342.00	5.3793	0.69241	1.0338	394.24	0.10899	2.7768e-05	0.037631	supercritical
392.00	120.00	117.08	0.0085410	240.54	343.04	5.3820	0.69261	1.0334	394.74	0.10832	2.7812e-05	0.037691	supercritical
393.00	120.00	116.75	0.0085656	241.28	344.07	5.3846	0.69281	1.0331	395.23	0.10766	2.7856e-05	0.037750	supercritical
394.00	120.00	116.41	0.0085902	242.02	345.10	5.3872	0.69301	1.0327	395.72	0.10700	2.7899e-05	0.037810	supercritical
395.00	120.00	116.08	0.0086148	242.76	346.14	5.3898	0.69321	1.0324	396.21	0.10634	2.7943e-05	0.037870	supercritical
396.00	120.00	115.75	0.0086394	243.49	347.17	5.3925	0.69341	1.0321	396.69	0.10568	2.7987e-05	0.037930	supercritical
397.00	120.00	115.42	0.0086640	244.23	348.20	5.3951	0.69361	1.0318	397.18	0.10503	2.8031e-05	0.037990	supercritical
398.00	120.00	115.09	0.0086885	244.97	349.23	5.3976	0.69382	1.0314	397.67	0.10439	2.8074e-05	0.038050	supercritical
399.00	120.00	114.77	0.0087130	245.71	350.26	5.4002	0.69403	1.0311	398.15	0.10374	2.8118e-05	0.038110	supercritical
400.00	120.00	114.45	0.0087376	246.44	351.29	5.4028	0.69423	1.0308	398.64	0.10310	2.8161e-05	0.038170	supercritical
401.00	120.00	114.13	0.0087621	247.18	352.32	5.4054	0.69444	1.0305	399.12	0.10247	2.8205e-05	0.038230	supercritical
402.00	120.00	113.81	0.0087865	247.92	353.35	5.4080	0.69465	1.0303	399.60	0.10183	2.8249e-05	0.038290	supercritical
403.00	120.00	113.49	0.0088110	248.65	354.38	5.4105	0.69487	1.0300	400.08	0.10120	2.8292e-05	0.038350	supercritical
404.00	120.00	113.18	0.0088354	249.39	355.41	5.4131	0.69508	1.0297	400.56	0.10057	2.8336e-05	0.038410	supercritical
405.00	120.00	112.87	0.0088599	250.13	356.44	5.4156	0.69530	1.0294	401.04	0.099952	2.8379e-05	0.038471	supercritical
406.00	120.00	112.56	0.0088843	250.86	357.47	5.4182	0.69551	1.0292	401.52	0.099332	2.8423e-05	0.038531	supercritical
407.00	120.00	112.25	0.0089087	251.60	358.50	5.4207	0.69573	1.0289	402.00	0.098715	2.8466e-05	0.038591	supercritical
408.00	120.00	111.94	0.0089330	252.33	359.53	5.4232	0.69595	1.0287	402.47	0.098102	2.8510e-05	0.038651	supercritical
409.00	120.00	111.64	0.0089574	253.07	360.56	5.4257	0.69617	1.0284	402.95	0.097491	2.8553e-05	0.038712	supercritical
410.00	120.00	111.34	0.0089817	253.81	361.59	5.4282	0.69639	1.0282	403.42	0.096884	2.8596e-05	0.038772	supercritical
411.00	120.00	111.04	0.0090061	254.54	362.62	5.4307	0.69662	1.0280	403.89	0.096281	2.8640e-05	0.038832	supercritical
412.00	120.00	110.74	0.0090304	255.28	363.64	5.4332	0.69684	1.0277	404.36	0.095680	2.8683e-05	0.038893	supercritical
413.00	120.00	110.44	0.0090547	256.02	364.67	5.4357	0.69707	1.0275	404.83	0.095083	2.8727e-05	0.038953	supercritical
414.00	120.00	110.14	0.0090790	256.75	365.70	5.4382	0.69730	1.0273	405.30	0.094489	2.8770e-05	0.039014	supercritical
415.00	120.00	109.85	0.0091032	257.49	366.73	5.4407	0.69752	1.0271	405.77	0.093898	2.8813e-05	0.039074	supercritical
416.00	120.00	109.56	0.0091275	258.22	367.75	5.4432	0.69775	1.0269	406.24	0.093310	2.8856e-05	0.039135	supercritical
417.00	120.00	109.27	0.0091517	258.96	368.78	5.4456	0.69799	1.0267	406.71	0.092725	2.8900e-05	0.039195	supercritical
418.00	120.00	108.98	0.0091759	259.70	369.81	5.4481	0.69822	1.0265	407.17	0.092143	2.8943e-05	0.039256	supercritical
419.00	120.00	108.69	0.0092001	260.43	370.83	5.4505	0.69845	1.0263	407.64	0.091564	2.8986e-05	0.039316	supercritical
420.00	120.00	108.41	0.0092243	261.17	371.86	5.4530	0.69868	1.0261	408.10	0.090988	2.9029e-05	0.039377	supercritical
421.00	120.00	108.13	0.0092485	261.90	372.88	5.4554	0.69892	1.0259	408.57	0.090416	2.9073e-05	0.039437	supercritical
422.00	120.00	107.84	0.0092727	262.64	373.91	5.4579	0.69916	1.0258	409.03	0.089846	2.9116e-05	0.039498	supercritical
423.00	120.00	107.56	0.0092968	263.37	374.94	5.4603	0.69939	1.0256	409.49	0.089279	2.9159e-05	0.039559	supercritical
424.00	120.00	107.29	0.0093210	264.11	375.96	5.4627	0.69963	1.0254	409.95	0.088715	2.9202e-05	0.039619	supercritical
425.00	120.00	107.01	0.0093451	264.85	376.99	5.4651	0.69987	1.0253	410.41	0.088154	2.9245e-05	0.039680	supercritical
426.00	120.00	106.73	0.0093692	265.58	378.01	5.4675	0.70011	1.0251	410.87	0.087596	2.9288e-05	0.039741	supercritical
427.00	120.00	106.46	0.0093933	266.32	379.04	5.4699	0.70036	1.0250	411.33	0.087041	2.9331e-05	0.039801	supercritical
428.00	120.00	106.19	0.0094174	267.05	380.06	5.4723	0.70060	1.0248	411.79	0.086489	2.9374e-05	0.039862	supercritical
429.00	120.00	105.92	0.0094414	267.79	381.09	5.4747	0.70084	1.0247	412.24	0.085939	2.9417e-05	0.039923	supercritical
430.00	120.00	105.65	0.0094655	268.53	382.11	5.4771	0.70109	1.0245	412.70	0.085393	2.9460e-05	0.039984	supercritical
431.00	120.00	105.38	0.0094895	269.26	383.14	5.4795	0.70133	1.0244	413.15	0.084849	2.9503e-05	0.040044	supercritical
432.00	120.00	105.11	0.0095136	270.00	384.16	5.4819	0.70158	1.0243	413.61	0.084308	2.9546e-05	0.040105	supercritical
433.00	120.00	104.85	0.0095376	270.73	385.18	5.4842	0.70183	1.0242	414.06	0.083770	2.9589e-05	0.040166	supercritical
434.00	120.00	104.59	0.0095616	271.47	386.21	5.4866	0.70208	1.0240	414.51	0.083234	2.9632e-05	0.040227	supercritical
435.00	120.00	104.32	0.0095856	272.21	387.23	5.4890	0.70233	1.0239	414.96	0.082701	2.9675e-05	0.040288	supercritical
436.00	120.00	104.06	0.0096095	272.94	388.26	5.4913	0.70258	1.0238	415.41	0.082171	2.9717e-05	0.040349	supercritical
437.00	120.00	103.80	0.0096335	273.68	389.28	5.4937	0.70283	1.0237	415.86	0.081644	2.9760e-05	0.040409	supercritical
438.00	120.00	103.55	0.0096575	274.41	390.30	5.4960	0.70308	1.0236	416.31	0.081120	2.9803e-05	0.040470	supercritical
439.00	120.00	103.29	0.0096814	275.15	391.33	5.4983	0.70333	1.0235	416.76	0.080598	2.9846e-05	0.040531	supercritical
440.00	120.00	103.04	0.0097053	275.89	392.35	5.5007	0.70359	1.0234	417.20	0.080078	2.9888e-05	0.040592	supercritical
441.00	120.00	102.78	0.0097292	276.62	393.37	5.5030	0.70384	1.0233	417.65	0.079562	2.9931e-05	0.040653	supercritical
442.00	120.00	102.53	0.0097531	277.36	394.40	5.5053	0.70410	1.0232	418.10	0.079048	2.9974e-05	0.040714	supercritical
443.00	120.00	102.28	0.0097770	278.10	395.42	5.5076	0.70436	1.0232	418.54	0.078536	3.0016e-05	0.040775	supercritical
444.00	120.00	102.03	0.0098009	278.83	396.44	5.5099	0.70461	1.0231	418.98	0.078027	3.0059e-05	0.040836	supercritical
445.00	120.00	101.78	0.0098248	279.57	397.47	5.5122	0.70487	1.0230	419.43	0.077521	3.0102e-05	0.040897	supercritical
446.00	120.00	101.54	0.0098486	280.31	398.49	5.5145	0.70513	1.0229	419.87	0.077017	3.0144e-05	0.040957	supercritical
447.00	120.00	101.29	0.0098725	281.04	399.51	5.5168	0.70539	1.0229	420.31	0.076516	3.0187e-05	0.041018	supercritical
448.00	120.00	101.05	0.0098963	281.78	400.54	5.5191	0.70565	1.0228	420.75	0.076018	3.0229e-05	0.041079	supercritical
449.00	120.00	100.81	0.0099201	282.52	401.56	5.5214	0.70591	1.0227	421.19	0.075521	3.0272e-05	0.041140	supercritical
450.00	120.00	100.56	0.0099439	283.25	402.58	5.5236	0.70617	1.0227	421.63	0.075028	3.0314e-05	0.041201	supercritical
451.00	120.00	100.32	0.0099677	283.99	403.60	5.5259	0.70644	1.0226	422.07	0.074537	3.0357e-05	0.041262	supercritical
452.00	120.00	100.09	0.0099915	284.73	404.63	5.5282	0.70670	1.0226	422.51	0.074048	3.0399e-05	0.041323	supercritical
453.00	120.00	99.847	0.010015	285.47	405.65	5.5304	0.70696	1.0225	422.94	0.073562	3.0441e-05	0.041384	supercritical
454.00	120.00	99.611	0.010039	286.20	406.67	5.5327	0.70723	1.0225	423.38	0.073078	3.0484e-05	0.041445	supercritical
455.00	120.00	99.376	0.010063	286.94	407.69	5.5349	0.70749	1.0224	423.81	0.072596	3.0526e-05	0.041506	supercritical
456.00	120.00	99.142	0.010087	287.68	408.72	5.5372	0.70776	1.0224	424.25	0.072117	3.0568e-05	0.041567	supercritical
457.00	120.00	98.909	0.010110	288.42	409.74	5.5394	0.70803	1.0224	424.68	0.071640	3.0611e-05	0.041628	supercritical
458.00	120.00	98.678	0.010134	289.15	410.76	5.5417	0.70829	1.0223	425.11	0.071166	3.0653e-05	0.041689	supercritical
459.00	120.00	98.447	0.010158	289.89	411.78	5.5439	0.70856	1.0223	425.55	0.070694	3.0695e-05	0.041750	supercritical
460.00	120.00	98.218	0.010181	290.63	412.81	5.5461	0.70883	1.0223	425.98	0.070224	3.0737e-05	0.041811	supercritical
461.00	120.00	97.990	0.010205	291.37	413.83	5.5483	0.70910	1.0223	426.41	0.069757	3.0780e-05	0.041872	supercritical
462.00	120.00	97.763	0.010229	292.11	414.85	5.5506	0.70937	1.0222	426.84	0.069292	3.0822e-05	0.041933	supercritical
463.00	120.00	97.538	0.010252	292.84	415.87	5.5528	0.70964	1.0222	427.27	0.068829	3.0864e-05	0.041994	supercritical
464.00	120.00	97.313	0.010276	293.58	416.90	5.5550	0.70991	1.0222	427.70	0.068369	3.0906e-05	0.042055	supercritical
465.00	120.00	97.090	0.010300	294.32	417.92	5.5572	0.71018	1.0222	428.13	0.067911	3.0948e-05	0.042116	supercritical
466.00	120.00	96.868	0.010323	295.06	418.94	5.5594	0.71045	1.0222	428.55	0.067455	3.0990e-05	0.042178	supercritical
467.00	120.00	96.646	0.010347	295.80	419.96	5.5616	0.71073	1.0222	428.98	0.067001	3.1032e-05	0.042239	supercritical
468.00	120.00	96.426	0.010371	296.54	420.98	5.5637	0.71100	1.0222	429.41	0.066550	3.1074e-05	0.042300	supercritical
469.00	120.00	96.207	0.010394	297.28	422.01	5.5659	0.71127	1.0222	429.83	0.066100	3.1116e-05	0.042361	supercritical
470.00	120.00	95.989	0.010418	298.01	423.03	5.5681	0.71155	1.0222	430.26	0.065653	3.1158e-05	0.042422	supercritical
471.00	120.00	95.772	0.010441	298.75	424.05	5.5703	0.71182	1.0222	430.68	0.065208	3.1200e-05	0.042483	supercritical
472.00	120.00	95.557	0.010465	299.49	425.07	5.5724	0.71210	1.0222	431.10	0.064766	3.1242e-05	0.042544	supercritical
473.00	120.00	95.342	0.010489	300.23	426.09	5.5746	0.71237	1.0222	431.52	0.064325	3.1284e-05	0.042605	supercritical
474.00	120.00	95.128	0.010512	300.97	427.12	5.5768	0.71265	1.0222	431.95	0.063887	3.1325e-05	0.042666	supercritical
475.00	120.00	94.916	0.010536	301.71	428.14	5.5789	0.71293	1.0222	432.37	0.063450	3.1367e-05	0.042727	supercritical
476.00	120.00	94.704	0.010559	302.45	429.16	5.5811	0.71320	1.0223	432.79	0.063016	3.1409e-05	0.042788	supercritical
477.00	120.00	94.493	0.010583	303.19	430.18	5.5832	0.71348	1.0223	433.21	0.062584	3.1451e-05	0.042849	supercritical
478.00	120.00	94.284	0.010606	303.93	431.21	5.5854	0.71376	1.0223	433.63	0.062154	3.1493e-05	0.042910	supercritical
479.00	120.00	94.075	0.010630	304.67	432.23	5.5875	0.71404	1.0223	434.05	0.061726	3.1534e-05	0.042971	supercritical
480.00	120.00	93.868	0.010653	305.41	433.25	5.5896	0.71432	1.0224	434.46	0.061300	3.1576e-05	0.043032	supercritical
481.00	120.00	93.661	0.010677	306.15	434.27	5.5918	0.71459	1.0224	434.88	0.060876	3.1618e-05	0.043093	supercritical
482.00	120.00	93.456	0.010700	306.89	435.30	5.5939	0.71487	1.0224	435.30	0.060455	3.1659e-05	0.043154	supercritical
483.00	120.00	93.251	0.010724	307.63	436.32	5.5960	0.71515	1.0225	435.71	0.060035	3.1701e-05	0.043215	supercritical
484.00	120.00	93.047	0.010747	308.37	437.34	5.5981	0.71543	1.0225	436.13	0.059617	3.1742e-05	0.043276	supercritical
485.00	120.00	92.845	0.010771	309.11	438.36	5.6002	0.71571	1.0225	436.54	0.059201	3.1784e-05	0.043337	supercritical
486.00	120.00	92.643	0.010794	309.86	439.39	5.6023	0.71599	1.0226	436.96	0.058788	3.1825e-05	0.043398	supercritical
487.00	120.00	92.442	0.010818	310.60	440.41	5.6044	0.71628	1.0226	437.37	0.058376	3.1867e-05	0.043459	supercritical
488.00	120.00	92.242	0.010841	311.34	441.43	5.6065	0.71656	1.0227	437.78	0.057966	3.1908e-05	0.043520	supercritical
489.00	120.00	92.043	0.010864	312.08	442.45	5.6086	0.71684	1.0227	438.20	0.057558	3.1950e-05	0.043581	supercritical
490.00	120.00	91.845	0.010888	312.82	443.48	5.6107	0.71712	1.0228	438.61	0.057152	3.1991e-05	0.043642	supercritical
491.00	120.00	91.648	0.010911	313.56	444.50	5.6128	0.71740	1.0228	439.02	0.056748	3.2032e-05	0.043703	supercritical
492.00	120.00	91.452	0.010935	314.31	445.52	5.6149	0.71769	1.0229	439.43	0.056346	3.2074e-05	0.043764	supercritical
493.00	120.00	91.257	0.010958	315.05	446.54	5.6169	0.71797	1.0229	439.84	0.055946	3.2115e-05	0.043825	supercritical
494.00	120.00	91.063	0.010981	315.79	447.57	5.6190	0.71825	1.0230	440.25	0.055548	3.2156e-05	0.043886	supercritical
495.00	120.00	90.869	0.011005	316.53	448.59	5.6211	0.71854	1.0230	440.66	0.055151	3.2198e-05	0.043947	supercritical
496.00	120.00	90.677	0.011028	317.28	449.61	5.6232	0.71882	1.0231	441.06	0.054757	3.2239e-05	0.044008	supercritical
497.00	120.00	90.485	0.011052	318.02	450.64	5.6252	0.71911	1.0232	441.47	0.054364	3.2280e-05	0.044069	supercritical
498.00	120.00	90.294	0.011075	318.76	451.66	5.6273	0.71939	1.0232	441.88	0.053973	3.2321e-05	0.044130	supercritical
499.00	120.00	90.104	0.011098	319.50	452.68	5.6293	0.71967	1.0233	442.28	0.053584	3.2362e-05	0.044191	supercritical
500.00	120.00	89.915	0.011122	320.25	453.71	5.6314	0.71996	1.0234	442.69	0.053197	3.2403e-05	0.044252	supercritical
501.00	120.00	89.727	0.011145	320.99	454.73	5.6334	0.72024	1.0234	443.09	0.052812	3.2445e-05	0.044313	supercritical
502.00	120.00	89.540	0.011168	321.73	455.75	5.6355	0.72053	1.0235	443.50	0.052428	3.2486e-05	0.044374	supercritical
503.00	120.00	89.353	0.011192	322.48	456.78	5.6375	0.72082	1.0236	443.90	0.052046	3.2527e-05	0.044435	supercritical
504.00	120.00	89.168	0.011215	323.22	457.80	5.6395	0.72110	1.0237	444.31	0.051666	3.2568e-05	0.044496	supercritical
505.00	120.00	88.983	0.011238	323.97	458.82	5.6416	0.72139	1.0237	444.71	0.051288	3.2609e-05	0.044557	supercritical
506.00	120.00	88.799	0.011261	324.71	459.85	5.6436	0.72167	1.0238	445.11	0.050912	3.2650e-05	0.044618	supercritical
507.00	120.00	88.615	0.011285	325.46	460.87	5.6456	0.72196	1.0239	445.51	0.050537	3.2691e-05	0.044679	supercritical
508.00	120.00	88.433	0.011308	326.20	461.90	5.6476	0.72225	1.0240	445.91	0.050164	3.2732e-05	0.044739	supercritical
509.00	120.00	88.252	0.011331	326.94	462.92	5.6496	0.72253	1.0241	446.31	0.049793	3.2772e-05	0.044800	supercritical
510.00	120.00	88.071	0.011355	327.69	463.94	5.6516	0.72282	1.0241	446.71	0.049424	3.2813e-05	0.044861	supercritical
511.00	120.00	87.891	0.011378	328.43	464.97	5.6537	0.72311	1.0242	447.11	0.049056	3.2854e-05	0.044922	supercritical
512.00	120.00	87.712	0.011401	329.18	465.99	5.6557	0.72339	1.0243	447.51	0.048690	3.2895e-05	0.044983	supercritical
513.00	120.00	87.533	0.011424	329.93	467.02	5.6577	0.72368	1.0244	447.91	0.048325	3.2936e-05	0.045044	supercritical
514.00	120.00	87.355	0.011447	330.67	468.04	5.6597	0.72397	1.0245	448.31	0.047963	3.2976e-05	0.045105	supercritical
515.00	120.00	87.179	0.011471	331.42	469.07	5.6616	0.72426	1.0246	448.70	0.047602	3.3017e-05	0.045166	supercritical
516.00	120.00	87.003	0.011494	332.16	470.09	5.6636	0.72454	1.0247	449.10	0.047242	3.3058e-05	0.045226	supercritical
517.00	120.00	86.827	0.011517	332.91	471.12	5.6656	0.72483	1.0248	449.50	0.046884	3.3098e-05	0.045287	supercritical
518.00	120.00	86.653	0.011540	333.66	472.14	5.6676	0.72512	1.0249	449.89	0.046528	3.3139e-05	0.045348	supercritical
519.00	120.00	86.479	0.011564	334.40	473.16	5.6696	0.72541	1.0250	450.29	0.046174	3.3180e-05	0.045409	supercritical
520.00	120.00	86.306	0.011587	335.15	474.19	5.6715	0.72570	1.0251	450.68	0.045821	3.3220e-05	0.045470	supercritical
521.00	120.00	86.133	0.011610	335.90	475.22	5.6735	0.72598	1.0252	451.08	0.045470	3.3261e-05	0.045530	supercritical
522.00	120.00	85.962	0.011633	336.64	476.24	5.6755	0.72627	1.0253	451.47	0.045120	3.3301e-05	0.045591	supercritical
523.00	120.00	85.791	0.011656	337.39	477.27	5.6774	0.72656	1.0254	451.86	0.044772	3.3342e-05	0.045652	supercritical
524.00	120.00	85.621	0.011679	338.14	478.29	5.6794	0.72685	1.0255	452.26	0.044426	3.3382e-05	0.045713	supercritical
525.00	120.00	85.451	0.011703	338.89	479.32	5.6814	0.72714	1.0256	452.65	0.044081	3.3423e-05	0.045774	supercritical
526.00	120.00	85.283	0.011726	339.63	480.34	5.6833	0.72743	1.0257	453.04	0.043737	3.3463e-05	0.045834	supercritical
527.00	120.00	85.115	0.011749	340.38	481.37	5.6853	0.72771	1.0258	453.43	0.043396	3.3504e-05	0.045895	supercritical
528.00	120.00	84.947	0.011772	341.13	482.39	5.6872	0.72800	1.0259	453.82	0.043055	3.3544e-05	0.045956	supercritical
529.00	120.00	84.781	0.011795	341.88	483.42	5.6891	0.72829	1.0261	454.21	0.042717	3.3584e-05	0.046017	supercritical
530.00	120.00	84.615	0.011818	342.63	484.45	5.6911	0.72858	1.0262	454.60	0.042380	3.3625e-05	0.046077	supercritical
531.00	120.00	84.450	0.011841	343.38	485.47	5.6930	0.72887	1.0263	454.99	0.042044	3.3665e-05	0.046138	supercritical
532.00	120.00	84.285	0.011864	344.13	486.50	5.6949	0.72916	1.0264	455.38	0.041710	3.3705e-05	0.046199	supercritical
533.00	120.00	84.122	0.011888	344.87	487.53	5.6969	0.72945	1.0265	455.76	0.041377	3.3745e-05	0.046259	supercritical
534.00	120.00	83.958	0.011911	345.62	488.55	5.6988	0.72973	1.0266	456.15	0.041046	3.3786e-05	0.046320	supercritical
535.00	120.00	83.796	0.011934	346.37	489.58	5.7007	0.73002	1.0268	456.54	0.040717	3.3826e-05	0.046381	supercritical
536.00	120.00	83.634	0.011957	347.12	490.61	5.7026	0.73031	1.0269	456.92	0.040388	3.3866e-05	0.046441	supercritical
537.00	120.00	83.473	0.011980	347.87	491.63	5.7045	0.73060	1.0270	457.31	0.040062	3.3906e-05	0.046502	supercritical
538.00	120.00	83.313	0.012003	348.62	492.66	5.7065	0.73089	1.0271	457.70	0.039737	3.3946e-05	0.046563	supercritical
539.00	120.00	83.153	0.012026	349.37	493.69	5.7084	0.73118	1.0273	458.08	0.039413	3.3986e-05	0.046623	supercritical
540.00	120.00	82.994	0.012049	350.12	494.71	5.7103	0.73147	1.0274	458.47	0.039090	3.4026e-05	0.046684	supercritical
541.00	120.00	82.835	0.012072	350.88	495.74	5.7122	0.73175	1.0275	458.85	0.038770	3.4066e-05	0.046745	supercritical
542.00	120.00	82.677	0.012095	351.63	496.77	5.7141	0.73204	1.0276	459.23	0.038450	3.4106e-05	0.046805	supercritical
543.00	120.00	82.520	0.012118	352.38	497.80	5.7160	0.73233	1.0278	459.62	0.038132	3.4146e-05	0.046866	supercritical
544.00	120.00	82.364	0.012141	353.13	498.82	5.7179	0.73262	1.0279	460.00	0.037815	3.4186e-05	0.046926	supercritical
545.00	120.00	82.208	0.012164	353.88	499.85	5.7197	0.73291	1.0280	460.38	0.037500	3.4226e-05	0.046987	supercritical
546.00	120.00	82.052	0.012187	354.63	500.88	5.7216	0.73320	1.0282	460.76	0.037186	3.4266e-05	0.047047	supercritical
547.00	120.00	81.898	0.012210	355.38	501.91	5.7235	0.73349	1.0283	461.14	0.036874	3.4306e-05	0.047108	supercritical
548.00	120.00	81.744	0.012233	356.14	502.94	5.7254	0.73377	1.0284	461.52	0.036563	3.4346e-05	0.047169	supercritical
549.00	120.00	81.590	0.012256	356.89	503.97	5.7273	0.73406	1.0286	461.91	0.036253	3.4386e-05	0.047229	supercritical
550.00	120.00	81.437	0.012279	357.64	504.99	5.7291	0.73435	1.0287	462.29	0.035945	3.4425e-05	0.047290	supercritical
551.00	120.00	81.285	0.012302	358.39	506.02	5.7310	0.73464	1.0288	462.66	0.035638	3.4465e-05	0.047350	supercritical
552.00	120.00	81.133	0.012325	359.15	507.05	5.7329	0.73493	1.0290	463.04	0.035332	3.4505e-05	0.047411	supercritical
553.00	120.00	80.982	0.012348	359.90	508.08	5.7347	0.73521	1.0291	463.42	0.035028	3.4545e-05	0.047471	supercritical
554.00	120.00	80.832	0.012371	360.65	509.11	5.7366	0.73550	1.0292	463.80	0.034725	3.4584e-05	0.047531	supercritical
555.00	120.00	80.682	0.012394	361.41	510.14	5.7384	0.73579	1.0294	464.18	0.034423	3.4624e-05	0.047592	supercritical
556.00	120.00	80.533	0.012417	362.16	511.17	5.7403	0.73608	1.0295	464.55	0.034123	3.4663e-05	0.047652	supercritical
557.00	120.00	80.384	0.012440	362.92	512.20	5.7422	0.73636	1.0297	464.93	0.033824	3.4703e-05	0.047713	supercritical
558.00	120.00	80.236	0.012463	363.67	513.23	5.7440	0.73665	1.0298	465.31	0.033526	3.4743e-05	0.047773	supercritical
559.00	120.00	80.089	0.012486	364.42	514.26	5.7458	0.73694	1.0299	465.68	0.033229	3.4782e-05	0.047834	supercritical
560.00	120.00	79.942	0.012509	365.18	515.29	5.7477	0.73723	1.0301	466.06	0.032934	3.4822e-05	0.047894	supercritical
561.00	120.00	79.796	0.012532	365.93	516.32	5.7495	0.73751	1.0302	466.43	0.032640	3.4861e-05	0.047954	supercritical
562.00	120.00	79.650	0.012555	366.69	517.35	5.7514	0.73780	1.0304	466.81	0.032348	3.4901e-05	0.048015	supercritical
563.00	120.00	79.505	0.012578	367.44	518.38	5.7532	0.73809	1.0305	467.18	0.032057	3.4940e-05	0.048075	supercritical
564.00	120.00	79.360	0.012601	368.20	519.41	5.7550	0.73837	1.0307	467.56	0.031766	3.4980e-05	0.048135	supercritical
565.00	120.00	79.216	0.012624	368.96	520.44	5.7568	0.73866	1.0308	467.93	0.031478	3.5019e-05	0.048196	supercritical
566.00	120.00	79.072	0.012647	369.71	521.47	5.7587	0.73895	1.0310	468.30	0.031190	3.5058e-05	0.048256	supercritical
567.00	120.00	78.929	0.012670	370.47	522.50	5.7605	0.73923	1.0311	468.67	0.030904	3.5098e-05	0.048316	supercritical
568.00	120.00	78.787	0.012692	371.22	523.53	5.7623	0.73952	1.0313	469.05	0.030619	3.5137e-05	0.048377	supercritical
569.00	120.00	78.645	0.012715	371.98	524.56	5.7641	0.73980	1.0314	469.42	0.030335	3.5176e-05	0.048437	supercritical
570.00	120.00	78.504	0.012738	372.74	525.60	5.7659	0.74009	1.0316	469.79	0.030052	3.5216e-05	0.048497	supercritical
571.00	120.00	78.363	0.012761	373.49	526.63	5.7677	0.74037	1.0317	470.16	0.029771	3.5255e-05	0.048558	supercritical
572.00	120.00	78.223	0.012784	374.25	527.66	5.7695	0.74066	1.0319	470.53	0.029490	3.5294e-05	0.048618	supercritical
573.00	120.00	78.083	0.012807	375.01	528.69	5.7713	0.74095	1.0320	470.90	0.029211	3.5333e-05	0.048678	supercritical
574.00	120.00	77.944	0.012830	375.77	529.72	5.7731	0.74123	1.0322	471.27	0.028933	3.5372e-05	0.048738	supercritical
575.00	120.00	77.805	0.012853	376.52	530.76	5.7749	0.74151	1.0323	471.64	0.028657	3.5412e-05	0.048798	supercritical
576.00	120.00	77.667	0.012876	377.28	531.79	5.7767	0.74180	1.0325	472.01	0.028381	3.5451e-05	0.048859	supercritical
577.00	120.00	77.529	0.012898	378.04	532.82	5.7785	0.74208	1.0326	472.38	0.028107	3.5490e-05	0.048919	supercritical
578.00	120.00	77.392	0.012921	378.80	533.85	5.7803	0.74237	1.0328	472.74	0.027834	3.5529e-05	0.048979	supercritical
579.00	120.00	77.255	0.012944	379.56	534.89	5.7821	0.74265	1.0330	473.11	0.027562	3.5568e-05	0.049039	supercritical
580.00	120.00	77.119	0.012967	380.32	535.92	5.7839	0.74294	1.0331	473.48	0.027291	3.5607e-05	0.049099	supercritical
581.00	120.00	76.984	0.012990	381.08	536.95	5.7857	0.74322	1.0333	473.85	0.027021	3.5646e-05	0.049159	supercritical
582.00	120.00	76.849	0.013013	381.83	537.99	5.7874	0.74350	1.0334	474.21	0.026752	3.5685e-05	0.049219	supercritical
583.00	120.00	76.714	0.013035	382.59	539.02	5.7892	0.74379	1.0336	474.58	0.026485	3.5724e-05	0.049280	supercritical
584.00	120.00	76.580	0.013058	383.35	540.05	5.7910	0.74407	1.0337	474.94	0.026219	3.5763e-05	0.049340	supercritical
585.00	120.00	76.446	0.013081	384.11	541.09	5.7928	0.74435	1.0339	475.31	0.025953	3.5802e-05	0.049400	supercritical
586.00	120.00	76.313	0.013104	384.87	542.12	5.7945	0.74463	1.0341	475.67	0.025689	3.5840e-05	0.049460	supercritical
587.00	120.00	76.180	0.013127	385.63	543.16	5.7963	0.74492	1.0342	476.04	0.025426	3.5879e-05	0.049520	supercritical
588.00	120.00	76.048	0.013150	386.40	544.19	5.7980	0.74520	1.0344	476.40	0.025164	3.5918e-05	0.049580	supercritical
589.00	120.00	75.917	0.013172	387.16	545.22	5.7998	0.74548	1.0346	476.76	0.024904	3.5957e-05	0.049640	supercritical
590.00	120.00	75.786	0.013195	387.92	546.26	5.8016	0.74576	1.0347	477.13	0.024644	3.5996e-05	0.049700	supercritical
591.00	120.00	75.655	0.013218	388.68	547.29	5.8033	0.74604	1.0349	477.49	0.024385	3.6034e-05	0.049760	supercritical
592.00	120.00	75.525	0.013241	389.44	548.33	5.8051	0.74633	1.0350	477.85	0.024128	3.6073e-05	0.049820	supercritical
593.00	120.00	75.395	0.013264	390.20	549.36	5.8068	0.74661	1.0352	478.22	0.023871	3.6112e-05	0.049880	supercritical
594.00	120.00	75.266	0.013286	390.96	550.40	5.8085	0.74689	1.0354	478.58	0.023616	3.6150e-05	0.049940	supercritical
595.00	120.00	75.137	0.013309	391.73	551.43	5.8103	0.74717	1.0355	478.94	0.023361	3.6189e-05	0.050000	supercritical
596.00	120.00	75.008	0.013332	392.49	552.47	5.8120	0.74745	1.0357	479.30	0.023108	3.6228e-05	0.050060	supercritical
597.00	120.00	74.881	0.013355	393.25	553.51	5.8138	0.74773	1.0359	479.66	0.022856	3.6266e-05	0.050120	supercritical
598.00	120.00	74.753	0.013377	394.01	554.54	5.8155	0.74801	1.0360	480.02	0.022605	3.6305e-05	0.050179	supercritical
599.00	120.00	74.626	0.013400	394.78	555.58	5.8172	0.74829	1.0362	480.38	0.022354	3.6343e-05	0.050239	supercritical
600.00	120.00	74.500	0.013423	395.54	556.61	5.8190	0.74857	1.0364	480.74	0.022105	3.6382e-05	0.050299	supercritical
