Temperature (K)	Pressure (bar)	Density (kg/m3)	Volume (m3/kg)	Internal Energy (kJ/kg)	Enthalpy (kJ/kg)	Entropy (J/g*K)	Cv (J/g*K)	Cp (J/g*K)	Sound Spd. (m/s)	Joule-Thomson (K/bar)	Viscosity (Pa*s)	Therm. Cond. (W/m*K)	Phase
60.000	148.00	1299.1	0.00076977	-186.39	-174.99	2.2192	1.0942	1.6443	1167.0	-0.037879	0.00064829	0.19983	liquid
61.000	148.00	1294.9	0.00077224	-184.78	-173.35	2.2464	1.0872	1.6470	1163.0	-0.037717	0.00061790	0.19855	liquid
62.000	148.00	1290.8	0.00077472	-183.17	-171.70	2.2732	1.0808	1.6492	1158.4	-0.037574	0.00058953	0.19727	liquid
63.000	148.00	1286.6	0.00077724	-181.55	-170.05	2.2997	1.0750	1.6508	1153.3	-0.037447	0.00056302	0.19600	liquid
64.000	148.00	1282.4	0.00077977	-179.94	-168.40	2.3257	1.0695	1.6520	1147.7	-0.037334	0.00053826	0.19472	liquid
65.000	148.00	1278.2	0.00078233	-178.33	-166.75	2.3513	1.0643	1.6527	1141.8	-0.037233	0.00051510	0.19344	liquid
66.000	148.00	1274.0	0.00078491	-176.71	-165.09	2.3765	1.0593	1.6531	1135.7	-0.037141	0.00049342	0.19216	liquid
67.000	148.00	1269.8	0.00078751	-175.10	-163.44	2.4014	1.0545	1.6532	1129.3	-0.037057	0.00047312	0.19088	liquid
68.000	148.00	1265.6	0.00079013	-173.48	-161.79	2.4259	1.0497	1.6530	1122.7	-0.036977	0.00045409	0.18960	liquid
69.000	148.00	1261.4	0.00079277	-171.87	-160.13	2.4500	1.0450	1.6527	1116.1	-0.036902	0.00043624	0.18832	liquid
70.000	148.00	1257.2	0.00079543	-170.25	-158.48	2.4738	1.0404	1.6521	1109.3	-0.036829	0.00041948	0.18704	liquid
71.000	148.00	1253.0	0.00079811	-168.64	-156.83	2.4972	1.0359	1.6515	1102.4	-0.036756	0.00040373	0.18576	liquid
72.000	148.00	1248.7	0.00080082	-167.03	-155.18	2.5203	1.0314	1.6507	1095.5	-0.036684	0.00038891	0.18448	liquid
73.000	148.00	1244.5	0.00080354	-165.42	-153.53	2.5431	1.0269	1.6499	1088.6	-0.036610	0.00037495	0.18321	liquid
74.000	148.00	1240.3	0.00080628	-163.81	-151.88	2.5655	1.0225	1.6490	1081.6	-0.036534	0.00036180	0.18193	liquid
75.000	148.00	1236.0	0.00080905	-162.20	-150.23	2.5876	1.0181	1.6481	1074.6	-0.036456	0.00034939	0.18065	liquid
76.000	148.00	1231.8	0.00081183	-160.60	-148.58	2.6094	1.0138	1.6472	1067.5	-0.036373	0.00033767	0.17938	liquid
77.000	148.00	1227.5	0.00081464	-158.99	-146.94	2.6310	1.0095	1.6464	1060.5	-0.036286	0.00032659	0.17810	liquid
78.000	148.00	1223.3	0.00081748	-157.39	-145.29	2.6522	1.0052	1.6455	1053.5	-0.036194	0.00031611	0.17682	liquid
79.000	148.00	1219.0	0.00082033	-155.79	-143.65	2.6732	1.0010	1.6448	1046.5	-0.036097	0.00030618	0.17554	liquid
80.000	148.00	1214.7	0.00082322	-154.18	-142.00	2.6939	0.99675	1.6440	1039.4	-0.035994	0.00029677	0.17427	liquid
81.000	148.00	1210.5	0.00082612	-152.58	-140.36	2.7143	0.99259	1.6434	1032.4	-0.035885	0.00028784	0.17299	liquid
82.000	148.00	1206.2	0.00082905	-150.98	-138.71	2.7344	0.98848	1.6428	1025.4	-0.035769	0.00027936	0.17171	liquid
83.000	148.00	1201.9	0.00083201	-149.39	-137.07	2.7543	0.98440	1.6423	1018.4	-0.035646	0.00027130	0.17043	liquid
84.000	148.00	1197.6	0.00083499	-147.79	-135.43	2.7740	0.98037	1.6419	1011.4	-0.035516	0.00026362	0.16915	liquid
85.000	148.00	1193.3	0.00083801	-146.19	-133.79	2.7934	0.97638	1.6416	1004.4	-0.035378	0.00025631	0.16788	liquid
86.000	148.00	1189.0	0.00084105	-144.59	-132.15	2.8126	0.97244	1.6414	997.44	-0.035232	0.00024934	0.16660	liquid
87.000	148.00	1184.7	0.00084412	-143.00	-130.51	2.8316	0.96854	1.6413	990.47	-0.035078	0.00024268	0.16532	liquid
88.000	148.00	1180.3	0.00084722	-141.40	-128.86	2.8504	0.96469	1.6413	983.51	-0.034916	0.00023633	0.16404	liquid
89.000	148.00	1176.0	0.00085035	-139.81	-127.22	2.8689	0.96089	1.6414	976.56	-0.034745	0.00023025	0.16276	liquid
90.000	148.00	1171.6	0.00085351	-138.21	-125.58	2.8873	0.95713	1.6416	969.62	-0.034565	0.00022443	0.16147	liquid
91.000	148.00	1167.3	0.00085671	-136.62	-123.94	2.9054	0.95343	1.6419	962.69	-0.034376	0.00021886	0.16019	liquid
92.000	148.00	1162.9	0.00085994	-135.02	-122.30	2.9233	0.94977	1.6423	955.76	-0.034178	0.00021352	0.15891	liquid
93.000	148.00	1158.5	0.00086320	-133.43	-120.65	2.9411	0.94615	1.6428	948.84	-0.033970	0.00020839	0.15763	liquid
94.000	148.00	1154.1	0.00086650	-131.84	-119.01	2.9587	0.94259	1.6435	941.92	-0.033753	0.00020347	0.15635	liquid
95.000	148.00	1149.6	0.00086983	-130.24	-117.37	2.9761	0.93907	1.6442	935.01	-0.033525	0.00019874	0.15506	liquid
96.000	148.00	1145.2	0.00087321	-128.65	-115.72	2.9933	0.93560	1.6451	928.10	-0.033287	0.00019418	0.15378	liquid
97.000	148.00	1140.7	0.00087662	-127.05	-114.08	3.0103	0.93217	1.6461	921.20	-0.033039	0.00018980	0.15249	liquid
98.000	148.00	1136.3	0.00088007	-125.46	-112.43	3.0272	0.92879	1.6472	914.30	-0.032780	0.00018557	0.15121	liquid
99.000	148.00	1131.8	0.00088356	-123.86	-110.78	3.0440	0.92546	1.6484	907.40	-0.032511	0.00018150	0.14993	liquid
100.00	148.00	1127.3	0.00088709	-122.26	-109.13	3.0605	0.92217	1.6497	900.50	-0.032229	0.00017757	0.14864	liquid
101.00	148.00	1122.8	0.00089067	-120.67	-107.48	3.0770	0.91892	1.6512	893.61	-0.031937	0.00017377	0.14736	liquid
102.00	148.00	1118.2	0.00089429	-119.07	-105.83	3.0932	0.91572	1.6527	886.71	-0.031632	0.00017009	0.14607	liquid
103.00	148.00	1113.6	0.00089795	-117.47	-104.18	3.1094	0.91257	1.6544	879.82	-0.031316	0.00016654	0.14479	liquid
104.00	148.00	1109.1	0.00090166	-115.87	-102.52	3.1254	0.90945	1.6562	872.92	-0.030987	0.00016310	0.14350	liquid
105.00	148.00	1104.5	0.00090542	-114.27	-100.87	3.1412	0.90638	1.6581	866.02	-0.030645	0.00015977	0.14222	liquid
106.00	148.00	1099.8	0.00090923	-112.66	-99.207	3.1569	0.90335	1.6602	859.12	-0.030290	0.00015654	0.14094	liquid
107.00	148.00	1095.2	0.00091309	-111.06	-97.545	3.1725	0.90037	1.6623	852.22	-0.029921	0.00015340	0.13965	liquid
108.00	148.00	1090.5	0.00091700	-109.45	-95.882	3.1880	0.89742	1.6646	845.32	-0.029539	0.00015036	0.13837	liquid
109.00	148.00	1085.8	0.00092097	-107.85	-94.216	3.2034	0.89452	1.6671	838.41	-0.029142	0.00014741	0.13709	liquid
110.00	148.00	1081.1	0.00092499	-106.24	-92.548	3.2186	0.89165	1.6696	831.50	-0.028730	0.00014453	0.13580	liquid
111.00	148.00	1076.4	0.00092906	-104.63	-90.877	3.2337	0.88883	1.6723	824.58	-0.028303	0.00014174	0.13452	liquid
112.00	148.00	1071.6	0.00093320	-103.01	-89.203	3.2487	0.88604	1.6751	817.66	-0.027861	0.00013902	0.13324	liquid
113.00	148.00	1066.8	0.00093739	-101.40	-87.527	3.2636	0.88330	1.6780	810.74	-0.027402	0.00013637	0.13196	liquid
114.00	148.00	1062.0	0.00094165	-99.783	-85.847	3.2784	0.88059	1.6811	803.81	-0.026926	0.00013379	0.13069	liquid
115.00	148.00	1057.1	0.00094597	-98.165	-84.164	3.2931	0.87793	1.6844	796.87	-0.026434	0.00013127	0.12942	liquid
116.00	148.00	1052.2	0.00095036	-96.544	-82.478	3.3077	0.87530	1.6877	789.93	-0.025923	0.00012882	0.12814	liquid
117.00	148.00	1047.3	0.00095482	-94.920	-80.789	3.3222	0.87271	1.6912	782.98	-0.025394	0.00012643	0.12687	liquid
118.00	148.00	1042.4	0.00095934	-93.294	-79.096	3.3366	0.87016	1.6949	776.02	-0.024845	0.00012409	0.12561	liquid
119.00	148.00	1037.4	0.00096394	-91.665	-77.399	3.3510	0.86765	1.6987	769.06	-0.024277	0.00012181	0.12434	liquid
120.00	148.00	1032.4	0.00096861	-90.034	-75.698	3.3652	0.86517	1.7027	762.09	-0.023689	0.00011958	0.12308	liquid
121.00	148.00	1027.4	0.00097336	-88.399	-73.993	3.3793	0.86274	1.7068	755.11	-0.023079	0.00011739	0.12181	liquid
122.00	148.00	1022.3	0.00097819	-86.762	-72.284	3.3934	0.86034	1.7111	748.12	-0.022447	0.00011526	0.12055	liquid
123.00	148.00	1017.2	0.00098310	-85.121	-70.571	3.4074	0.85798	1.7156	741.12	-0.021792	0.00011317	0.11930	liquid
124.00	148.00	1012.0	0.00098810	-83.477	-68.853	3.4213	0.85565	1.7203	734.12	-0.021114	0.00011113	0.11804	liquid
125.00	148.00	1006.9	0.00099318	-81.830	-67.131	3.4351	0.85337	1.7251	727.10	-0.020411	0.00010913	0.11679	liquid
126.00	148.00	1001.6	0.00099836	-80.179	-65.403	3.4489	0.85112	1.7301	720.08	-0.019682	0.00010717	0.11554	liquid
127.00	148.00	996.39	0.0010036	-78.524	-63.670	3.4626	0.84891	1.7353	713.05	-0.018927	0.00010525	0.11429	liquid
128.00	148.00	991.09	0.0010090	-76.865	-61.932	3.4762	0.84673	1.7407	706.01	-0.018144	0.00010337	0.11305	liquid
129.00	148.00	985.75	0.0010145	-75.203	-60.189	3.4898	0.84460	1.7463	698.96	-0.017332	0.00010153	0.11181	liquid
130.00	148.00	980.37	0.0010200	-73.536	-58.440	3.5033	0.84250	1.7521	691.90	-0.016490	9.9718e-05	0.11057	liquid
131.00	148.00	974.94	0.0010257	-71.865	-56.684	3.5168	0.84045	1.7582	684.83	-0.015617	9.7943e-05	0.10934	liquid
132.00	148.00	969.47	0.0010315	-70.189	-54.923	3.5302	0.83843	1.7644	677.75	-0.014712	9.6201e-05	0.10811	liquid
133.00	148.00	963.95	0.0010374	-68.509	-53.155	3.5435	0.83645	1.7709	670.66	-0.013773	9.4492e-05	0.10688	liquid
134.00	148.00	958.38	0.0010434	-66.824	-51.381	3.5568	0.83451	1.7777	663.56	-0.012798	9.2814e-05	0.10566	liquid
135.00	148.00	952.76	0.0010496	-65.134	-49.600	3.5700	0.83261	1.7847	656.45	-0.011787	9.1166e-05	0.10444	liquid
136.00	148.00	947.09	0.0010559	-63.439	-47.812	3.5832	0.83075	1.7919	649.33	-0.010737	8.9547e-05	0.10323	liquid
137.00	148.00	941.37	0.0010623	-61.738	-46.016	3.5964	0.82892	1.7995	642.20	-0.0096476	8.7957e-05	0.10202	liquid
138.00	148.00	935.59	0.0010688	-60.032	-44.213	3.6095	0.82714	1.8073	635.07	-0.0085160	8.6395e-05	0.10082	liquid
139.00	148.00	929.76	0.0010755	-58.320	-42.401	3.6226	0.82541	1.8153	627.92	-0.0073407	8.4860e-05	0.099618	liquid
140.00	148.00	923.87	0.0010824	-56.601	-40.582	3.6356	0.82371	1.8237	620.77	-0.0061198	8.3351e-05	0.098425	liquid
141.00	148.00	917.92	0.0010894	-54.877	-38.754	3.6486	0.82205	1.8324	613.61	-0.0048513	8.1868e-05	0.097238	liquid
142.00	148.00	911.91	0.0010966	-53.147	-36.917	3.6616	0.82044	1.8415	606.44	-0.0035329	8.0410e-05	0.096056	liquid
143.00	148.00	905.84	0.0011039	-51.409	-35.071	3.6746	0.81887	1.8508	599.26	-0.0021624	7.8976e-05	0.094880	liquid
144.00	148.00	899.70	0.0011115	-49.665	-33.215	3.6875	0.81735	1.8605	592.08	-0.00073753	7.7566e-05	0.093710	liquid
145.00	148.00	893.50	0.0011192	-47.914	-31.350	3.7004	0.81586	1.8706	584.89	0.00074433	7.6179e-05	0.092547	liquid
146.00	148.00	887.23	0.0011271	-46.155	-29.474	3.7133	0.81443	1.8811	577.70	0.0022857	7.4815e-05	0.091391	liquid
147.00	148.00	880.88	0.0011352	-44.389	-27.587	3.7262	0.81304	1.8919	570.50	0.0038895	7.3473e-05	0.090241	liquid
148.00	148.00	874.46	0.0011436	-42.615	-25.690	3.7390	0.81169	1.9031	563.30	0.0055583	7.2153e-05	0.089098	liquid
149.00	148.00	867.97	0.0011521	-40.832	-23.781	3.7519	0.81039	1.9148	556.11	0.0072953	7.0854e-05	0.087962	liquid
150.00	148.00	861.40	0.0011609	-39.042	-21.860	3.7647	0.80914	1.9268	548.91	0.0091036	6.9576e-05	0.086834	liquid
151.00	148.00	854.75	0.0011699	-37.242	-19.927	3.7776	0.80794	1.9393	541.72	0.010986	6.8319e-05	0.085714	liquid
152.00	148.00	848.02	0.0011792	-35.434	-17.981	3.7904	0.80678	1.9523	534.53	0.012947	6.7082e-05	0.084602	liquid
153.00	148.00	841.20	0.0011888	-33.616	-16.022	3.8033	0.80568	1.9657	527.35	0.014989	6.5864e-05	0.083497	liquid
154.00	148.00	834.29	0.0011986	-31.789	-14.050	3.8161	0.80462	1.9796	520.18	0.017116	6.4666e-05	0.082401	liquid
155.00	148.00	827.30	0.0012088	-29.953	-12.063	3.8290	0.80361	1.9940	513.02	0.019331	6.3487e-05	0.081314	supercritical
156.00	148.00	820.21	0.0012192	-28.106	-10.062	3.8419	0.80265	2.0089	505.88	0.021640	6.2327e-05	0.080236	supercritical
157.00	148.00	813.03	0.0012300	-26.249	-8.0452	3.8547	0.80174	2.0242	498.75	0.024044	6.1186e-05	0.079166	supercritical
158.00	148.00	805.76	0.0012411	-24.381	-6.0131	3.8676	0.80088	2.0401	491.66	0.026549	6.0062e-05	0.078106	supercritical
159.00	148.00	798.38	0.0012525	-22.502	-3.9648	3.8806	0.80007	2.0565	484.59	0.029159	5.8957e-05	0.077055	supercritical
160.00	148.00	790.91	0.0012644	-20.613	-1.8999	3.8935	0.79931	2.0734	477.55	0.031877	5.7870e-05	0.076014	supercritical
161.00	148.00	783.33	0.0012766	-18.712	0.18211	3.9065	0.79859	2.0908	470.55	0.034707	5.6800e-05	0.074983	supercritical
162.00	148.00	775.64	0.0012893	-16.799	2.2818	3.9195	0.79791	2.1087	463.59	0.037654	5.5747e-05	0.073962	supercritical
163.00	148.00	767.85	0.0013023	-14.875	4.3996	3.9325	0.79728	2.1270	456.69	0.040721	5.4711e-05	0.072951	supercritical
164.00	148.00	759.96	0.0013159	-12.939	6.5359	3.9456	0.79669	2.1458	449.84	0.043912	5.3693e-05	0.071951	supercritical
165.00	148.00	751.95	0.0013299	-10.991	8.6913	3.9587	0.79614	2.1650	443.05	0.047230	5.2691e-05	0.070961	supercritical
166.00	148.00	743.83	0.0013444	-9.0309	10.866	3.9718	0.79563	2.1846	436.34	0.050678	5.1707e-05	0.069981	supercritical
167.00	148.00	735.61	0.0013594	-7.0589	13.061	3.9850	0.79515	2.2044	429.70	0.054258	5.0739e-05	0.069013	supercritical
168.00	148.00	727.27	0.0013750	-5.0750	15.275	3.9982	0.79469	2.2246	423.15	0.057972	4.9787e-05	0.068055	supercritical
169.00	148.00	718.83	0.0013912	-3.0793	17.510	4.0115	0.79426	2.2448	416.69	0.061821	4.8853e-05	0.067109	supercritical
170.00	148.00	710.28	0.0014079	-1.0722	19.765	4.0248	0.79386	2.2651	410.34	0.065804	4.7935e-05	0.066173	supercritical
171.00	148.00	701.63	0.0014253	0.94609	22.040	4.0381	0.79346	2.2853	404.11	0.069922	4.7034e-05	0.065249	supercritical
172.00	148.00	692.88	0.0014433	2.9750	24.335	4.0515	0.79308	2.3053	398.00	0.074170	4.6149e-05	0.064336	supercritical
173.00	148.00	684.03	0.0014619	5.0138	26.650	4.0649	0.79271	2.3249	392.03	0.078545	4.5282e-05	0.063435	supercritical
174.00	148.00	675.09	0.0014813	7.0618	28.985	4.0784	0.79233	2.3439	386.20	0.083042	4.4432e-05	0.062545	supercritical
175.00	148.00	666.07	0.0015013	9.1182	31.338	4.0919	0.79195	2.3622	380.53	0.087654	4.3599e-05	0.061666	supercritical
176.00	148.00	656.98	0.0015221	11.182	33.709	4.1054	0.79156	2.3795	375.03	0.092372	4.2784e-05	0.060800	supercritical
177.00	148.00	647.83	0.0015436	13.251	36.096	4.1189	0.79115	2.3957	369.70	0.097187	4.1987e-05	0.059945	supercritical
178.00	148.00	638.63	0.0015659	15.325	38.500	4.1325	0.79073	2.4105	364.57	0.10209	4.1208e-05	0.059102	supercritical
179.00	148.00	629.38	0.0015889	17.402	40.917	4.1460	0.79027	2.4237	359.63	0.10706	4.0448e-05	0.058271	supercritical
180.00	148.00	620.12	0.0016126	19.480	43.347	4.1595	0.78978	2.4353	354.89	0.11210	3.9707e-05	0.057453	supercritical
181.00	148.00	610.84	0.0016371	21.558	45.787	4.1731	0.78926	2.4449	350.36	0.11718	3.8985e-05	0.056647	supercritical
182.00	148.00	601.56	0.0016623	23.633	48.236	4.1866	0.78868	2.4525	346.05	0.12229	3.8283e-05	0.055854	supercritical
183.00	148.00	592.30	0.0016883	25.704	50.691	4.2000	0.78806	2.4579	341.96	0.12741	3.7600e-05	0.055075	supercritical
184.00	148.00	583.08	0.0017150	27.768	53.151	4.2134	0.78738	2.4610	338.08	0.13254	3.6939e-05	0.054308	supercritical
185.00	148.00	573.92	0.0017424	29.825	55.612	4.2268	0.78663	2.4618	334.43	0.13765	3.6297e-05	0.053556	supercritical
186.00	148.00	564.82	0.0017705	31.870	58.073	4.2400	0.78582	2.4602	331.00	0.14272	3.5677e-05	0.052818	supercritical
187.00	148.00	555.80	0.0017992	33.904	60.532	4.2532	0.78494	2.4562	327.78	0.14774	3.5077e-05	0.052094	supercritical
188.00	148.00	546.89	0.0018285	35.923	62.985	4.2663	0.78399	2.4497	324.78	0.15270	3.4498e-05	0.051386	supercritical
189.00	148.00	538.09	0.0018584	37.926	65.430	4.2793	0.78296	2.4409	322.00	0.15756	3.3941e-05	0.050693	supercritical
190.00	148.00	529.42	0.0018889	39.911	67.866	4.2921	0.78186	2.4297	319.42	0.16233	3.3404e-05	0.050016	supercritical
191.00	148.00	520.88	0.0019198	41.876	70.289	4.3048	0.78068	2.4164	317.04	0.16698	3.2889e-05	0.049355	supercritical
192.00	148.00	512.50	0.0019512	43.820	72.698	4.3174	0.77943	2.4009	314.86	0.17149	3.2394e-05	0.048712	supercritical
193.00	148.00	504.28	0.0019830	45.742	75.090	4.3298	0.77812	2.3834	312.86	0.17587	3.1921e-05	0.048085	supercritical
194.00	148.00	496.23	0.0020152	47.639	77.464	4.3421	0.77673	2.3642	311.04	0.18008	3.1467e-05	0.047476	supercritical
195.00	148.00	488.36	0.0020477	49.513	79.818	4.3542	0.77529	2.3433	309.40	0.18413	3.1034e-05	0.046885	supercritical
196.00	148.00	480.67	0.0020804	51.360	82.150	4.3661	0.77379	2.3211	307.92	0.18800	3.0620e-05	0.046311	supercritical
197.00	148.00	473.17	0.0021134	53.181	84.460	4.3779	0.77224	2.2976	306.59	0.19169	3.0226e-05	0.045756	supercritical
198.00	148.00	465.86	0.0021466	54.976	86.745	4.3895	0.77066	2.2731	305.41	0.19520	2.9851e-05	0.045219	supercritical
199.00	148.00	458.74	0.0021799	56.743	89.006	4.4009	0.76903	2.2478	304.37	0.19852	2.9494e-05	0.044700	supercritical
200.00	148.00	451.81	0.0022133	58.483	91.241	4.4121	0.76738	2.2219	303.46	0.20166	2.9154e-05	0.044200	supercritical
201.00	148.00	445.07	0.0022468	60.196	93.449	4.4231	0.76570	2.1956	302.67	0.20460	2.8832e-05	0.043718	supercritical
202.00	148.00	438.53	0.0022804	61.882	95.632	4.4339	0.76401	2.1690	301.99	0.20737	2.8526e-05	0.043254	supercritical
203.00	148.00	432.17	0.0023139	63.541	97.787	4.4445	0.76231	2.1423	301.41	0.20995	2.8236e-05	0.042807	supercritical
204.00	148.00	425.99	0.0023475	65.174	99.916	4.4550	0.76060	2.1156	300.94	0.21235	2.7961e-05	0.042378	supercritical
205.00	148.00	420.00	0.0023810	66.780	102.02	4.4653	0.75889	2.0891	300.55	0.21458	2.7701e-05	0.041966	supercritical
206.00	148.00	414.18	0.0024144	68.361	104.09	4.4754	0.75718	2.0627	300.25	0.21664	2.7455e-05	0.041570	supercritical
207.00	148.00	408.53	0.0024478	69.917	106.14	4.4853	0.75549	2.0367	300.03	0.21853	2.7222e-05	0.041191	supercritical
208.00	148.00	403.05	0.0024811	71.448	108.17	4.4951	0.75380	2.0111	299.87	0.22027	2.7002e-05	0.040827	supercritical
209.00	148.00	397.73	0.0025142	72.956	110.17	4.5047	0.75213	1.9859	299.79	0.22186	2.6793e-05	0.040479	supercritical
210.00	148.00	392.57	0.0025473	74.440	112.14	4.5141	0.75048	1.9612	299.76	0.22331	2.6597e-05	0.040146	supercritical
211.00	148.00	387.57	0.0025802	75.902	114.09	4.5233	0.74884	1.9371	299.79	0.22462	2.6411e-05	0.039826	supercritical
212.00	148.00	382.70	0.0026130	77.342	116.01	4.5324	0.74723	1.9135	299.87	0.22579	2.6235e-05	0.039521	supercritical
213.00	148.00	377.98	0.0026456	78.761	117.92	4.5414	0.74565	1.8905	300.00	0.22684	2.6070e-05	0.039229	supercritical
214.00	148.00	373.40	0.0026781	80.160	119.80	4.5502	0.74408	1.8680	300.17	0.22777	2.5914e-05	0.038950	supercritical
215.00	148.00	368.95	0.0027104	81.539	121.65	4.5588	0.74255	1.8462	300.39	0.22858	2.5766e-05	0.038683	supercritical
216.00	148.00	364.62	0.0027426	82.898	123.49	4.5674	0.74104	1.8250	300.64	0.22929	2.5628e-05	0.038429	supercritical
217.00	148.00	360.42	0.0027745	84.240	125.30	4.5757	0.73957	1.8043	300.93	0.22989	2.5497e-05	0.038185	supercritical
218.00	148.00	356.33	0.0028064	85.563	127.10	4.5840	0.73812	1.7843	301.24	0.23039	2.5374e-05	0.037953	supercritical
219.00	148.00	352.36	0.0028380	86.869	128.87	4.5921	0.73670	1.7649	301.59	0.23080	2.5258e-05	0.037731	supercritical
220.00	148.00	348.50	0.0028695	88.159	130.63	4.6001	0.73531	1.7460	301.96	0.23112	2.5149e-05	0.037519	supercritical
221.00	148.00	344.74	0.0029008	89.432	132.36	4.6080	0.73395	1.7277	302.36	0.23136	2.5046e-05	0.037317	supercritical
222.00	148.00	341.08	0.0029319	90.690	134.08	4.6158	0.73263	1.7100	302.78	0.23152	2.4950e-05	0.037124	supercritical
223.00	148.00	337.51	0.0029629	91.934	135.78	4.6234	0.73133	1.6928	303.22	0.23161	2.4859e-05	0.036940	supercritical
224.00	148.00	334.04	0.0029936	93.162	137.47	4.6309	0.73006	1.6761	303.68	0.23163	2.4774e-05	0.036764	supercritical
225.00	148.00	330.66	0.0030243	94.377	139.14	4.6384	0.72883	1.6600	304.16	0.23158	2.4694e-05	0.036597	supercritical
226.00	148.00	327.37	0.0030547	95.579	140.79	4.6457	0.72762	1.6443	304.65	0.23146	2.4620e-05	0.036437	supercritical
227.00	148.00	324.15	0.0030850	96.768	142.43	4.6529	0.72644	1.6291	305.16	0.23129	2.4550e-05	0.036285	supercritical
228.00	148.00	321.02	0.0031151	97.944	144.05	4.6600	0.72529	1.6144	305.69	0.23106	2.4485e-05	0.036140	supercritical
229.00	148.00	317.96	0.0031450	99.108	145.65	4.6671	0.72417	1.6002	306.22	0.23078	2.4424e-05	0.036003	supercritical
230.00	148.00	314.98	0.0031748	100.26	147.25	4.6740	0.72308	1.5864	306.77	0.23045	2.4367e-05	0.035871	supercritical
231.00	148.00	312.07	0.0032044	101.40	148.83	4.6809	0.72201	1.5730	307.33	0.23008	2.4314e-05	0.035746	supercritical
232.00	148.00	309.23	0.0032339	102.53	150.39	4.6876	0.72098	1.5600	307.90	0.22965	2.4265e-05	0.035627	supercritical
233.00	148.00	306.45	0.0032632	103.65	151.95	4.6943	0.71996	1.5475	308.47	0.22919	2.4220e-05	0.035514	supercritical
234.00	148.00	303.74	0.0032923	104.76	153.49	4.7009	0.71898	1.5353	309.06	0.22869	2.4178e-05	0.035407	supercritical
235.00	148.00	301.08	0.0033213	105.86	155.02	4.7074	0.71802	1.5234	309.65	0.22815	2.4139e-05	0.035305	supercritical
236.00	148.00	298.49	0.0033502	106.95	156.54	4.7139	0.71708	1.5120	310.25	0.22758	2.4103e-05	0.035208	supercritical
237.00	148.00	295.96	0.0033789	108.03	158.04	4.7203	0.71617	1.5008	310.86	0.22698	2.4070e-05	0.035116	supercritical
238.00	148.00	293.48	0.0034074	109.11	159.54	4.7266	0.71529	1.4900	311.47	0.22635	2.4041e-05	0.035029	supercritical
239.00	148.00	291.05	0.0034359	110.17	161.02	4.7328	0.71442	1.4795	312.09	0.22568	2.4013e-05	0.034946	supercritical
240.00	148.00	288.67	0.0034641	111.23	162.50	4.7389	0.71358	1.4694	312.71	0.22499	2.3989e-05	0.034868	supercritical
241.00	148.00	286.35	0.0034923	112.28	163.96	4.7450	0.71277	1.4595	313.34	0.22428	2.3966e-05	0.034794	supercritical
242.00	148.00	284.07	0.0035203	113.32	165.42	4.7511	0.71197	1.4499	313.97	0.22354	2.3947e-05	0.034724	supercritical
243.00	148.00	281.84	0.0035482	114.35	166.86	4.7570	0.71119	1.4405	314.60	0.22279	2.3929e-05	0.034658	supercritical
244.00	148.00	279.65	0.0035759	115.37	168.30	4.7629	0.71044	1.4315	315.24	0.22201	2.3914e-05	0.034595	supercritical
245.00	148.00	277.51	0.0036035	116.39	169.72	4.7687	0.70970	1.4227	315.88	0.22121	2.3900e-05	0.034537	supercritical
246.00	148.00	275.41	0.0036310	117.40	171.14	4.7745	0.70899	1.4141	316.52	0.22039	2.3889e-05	0.034482	supercritical
247.00	148.00	273.35	0.0036584	118.41	172.55	4.7802	0.70829	1.4058	317.16	0.21956	2.3879e-05	0.034430	supercritical
248.00	148.00	271.32	0.0036856	119.41	173.95	4.7859	0.70761	1.3977	317.81	0.21871	2.3872e-05	0.034381	supercritical
249.00	148.00	269.34	0.0037127	120.40	175.35	4.7915	0.70696	1.3898	318.46	0.21785	2.3866e-05	0.034335	supercritical
250.00	148.00	267.40	0.0037398	121.38	176.73	4.7971	0.70631	1.3822	319.11	0.21698	2.3862e-05	0.034293	supercritical
251.00	148.00	265.49	0.0037667	122.37	178.11	4.8026	0.70569	1.3747	319.76	0.21609	2.3859e-05	0.034253	supercritical
252.00	148.00	263.61	0.0037934	123.34	179.48	4.8080	0.70508	1.3675	320.41	0.21519	2.3858e-05	0.034216	supercritical
253.00	148.00	261.77	0.0038201	124.31	180.85	4.8134	0.70449	1.3604	321.07	0.21428	2.3858e-05	0.034182	supercritical
254.00	148.00	259.96	0.0038467	125.27	182.20	4.8188	0.70392	1.3535	321.72	0.21337	2.3860e-05	0.034150	supercritical
255.00	148.00	258.19	0.0038731	126.23	183.55	4.8241	0.70336	1.3468	322.38	0.21244	2.3863e-05	0.034121	supercritical
256.00	148.00	256.44	0.0038995	127.18	184.90	4.8293	0.70281	1.3403	323.03	0.21150	2.3868e-05	0.034094	supercritical
257.00	148.00	254.73	0.0039258	128.13	186.23	4.8346	0.70229	1.3339	323.69	0.21056	2.3874e-05	0.034070	supercritical
258.00	148.00	253.04	0.0039519	129.08	187.57	4.8397	0.70177	1.3277	324.34	0.20961	2.3881e-05	0.034048	supercritical
259.00	148.00	251.38	0.0039780	130.02	188.89	4.8448	0.70127	1.3217	325.00	0.20865	2.3889e-05	0.034028	supercritical
260.00	148.00	249.75	0.0040039	130.95	190.21	4.8499	0.70079	1.3158	325.66	0.20769	2.3898e-05	0.034010	supercritical
261.00	148.00	248.15	0.0040298	131.88	191.52	4.8550	0.70031	1.3100	326.31	0.20673	2.3908e-05	0.033994	supercritical
262.00	148.00	246.57	0.0040556	132.81	192.83	4.8600	0.69985	1.3044	326.97	0.20575	2.3920e-05	0.033980	supercritical
263.00	148.00	245.02	0.0040812	133.73	194.13	4.8649	0.69941	1.2989	327.62	0.20478	2.3932e-05	0.033968	supercritical
264.00	148.00	243.50	0.0041068	134.65	195.43	4.8698	0.69897	1.2936	328.28	0.20380	2.3945e-05	0.033958	supercritical
265.00	148.00	241.99	0.0041323	135.56	196.72	4.8747	0.69855	1.2884	328.93	0.20282	2.3960e-05	0.033949	supercritical
266.00	148.00	240.52	0.0041577	136.47	198.00	4.8796	0.69814	1.2833	329.58	0.20183	2.3975e-05	0.033942	supercritical
267.00	148.00	239.06	0.0041831	137.38	199.28	4.8844	0.69774	1.2783	330.24	0.20085	2.3991e-05	0.033937	supercritical
268.00	148.00	237.63	0.0042083	138.28	200.56	4.8891	0.69736	1.2735	330.89	0.19986	2.4008e-05	0.033934	supercritical
269.00	148.00	236.21	0.0042335	139.18	201.83	4.8939	0.69698	1.2688	331.54	0.19887	2.4026e-05	0.033932	supercritical
270.00	148.00	234.82	0.0042585	140.07	203.10	4.8986	0.69662	1.2641	332.19	0.19788	2.4044e-05	0.033931	supercritical
271.00	148.00	233.45	0.0042835	140.96	204.36	4.9032	0.69626	1.2596	332.84	0.19689	2.4063e-05	0.033932	supercritical
272.00	148.00	232.10	0.0043085	141.85	205.62	4.9079	0.69592	1.2552	333.49	0.19589	2.4083e-05	0.033935	supercritical
273.00	148.00	230.77	0.0043333	142.74	206.87	4.9125	0.69559	1.2509	334.13	0.19490	2.4104e-05	0.033939	supercritical
274.00	148.00	229.46	0.0043581	143.62	208.12	4.9170	0.69526	1.2466	334.78	0.19391	2.4125e-05	0.033944	supercritical
275.00	148.00	228.17	0.0043828	144.50	209.36	4.9216	0.69495	1.2425	335.42	0.19291	2.4147e-05	0.033950	supercritical
276.00	148.00	226.89	0.0044074	145.37	210.60	4.9261	0.69465	1.2385	336.07	0.19192	2.4170e-05	0.033958	supercritical
277.00	148.00	225.64	0.0044319	146.25	211.84	4.9305	0.69435	1.2345	336.71	0.19093	2.4193e-05	0.033966	supercritical
278.00	148.00	224.40	0.0044564	147.12	213.07	4.9350	0.69407	1.2307	337.35	0.18994	2.4217e-05	0.033976	supercritical
279.00	148.00	223.17	0.0044808	147.99	214.30	4.9394	0.69379	1.2269	337.99	0.18895	2.4241e-05	0.033988	supercritical
280.00	148.00	221.97	0.0045051	148.85	215.53	4.9438	0.69352	1.2232	338.63	0.18796	2.4266e-05	0.034000	supercritical
281.00	148.00	220.78	0.0045294	149.71	216.75	4.9481	0.69326	1.2196	339.27	0.18697	2.4291e-05	0.034013	supercritical
282.00	148.00	219.61	0.0045536	150.57	217.97	4.9525	0.69301	1.2160	339.90	0.18599	2.4317e-05	0.034027	supercritical
283.00	148.00	218.45	0.0045777	151.43	219.18	4.9568	0.69277	1.2126	340.54	0.18500	2.4344e-05	0.034043	supercritical
284.00	148.00	217.31	0.0046018	152.28	220.39	4.9610	0.69254	1.2092	341.17	0.18402	2.4371e-05	0.034059	supercritical
285.00	148.00	216.18	0.0046258	153.14	221.60	4.9653	0.69231	1.2058	341.80	0.18304	2.4398e-05	0.034076	supercritical
286.00	148.00	215.07	0.0046497	153.99	222.80	4.9695	0.69209	1.2026	342.43	0.18206	2.4426e-05	0.034094	supercritical
287.00	148.00	213.97	0.0046736	154.83	224.00	4.9737	0.69188	1.1994	343.06	0.18109	2.4454e-05	0.034113	supercritical
288.00	148.00	212.88	0.0046975	155.68	225.20	4.9779	0.69168	1.1963	343.69	0.18012	2.4483e-05	0.034133	supercritical
289.00	148.00	211.81	0.0047212	156.52	226.40	4.9820	0.69148	1.1932	344.32	0.17915	2.4512e-05	0.034153	supercritical
290.00	148.00	210.75	0.0047449	157.36	227.59	4.9861	0.69130	1.1902	344.94	0.17818	2.4542e-05	0.034175	supercritical
291.00	148.00	209.71	0.0047686	158.20	228.78	4.9902	0.69111	1.1873	345.56	0.17721	2.4572e-05	0.034197	supercritical
292.00	148.00	208.67	0.0047922	159.04	229.96	4.9943	0.69094	1.1844	346.19	0.17625	2.4602e-05	0.034220	supercritical
293.00	148.00	207.65	0.0048157	159.87	231.15	4.9983	0.69077	1.1816	346.81	0.17529	2.4632e-05	0.034243	supercritical
294.00	148.00	206.65	0.0048392	160.71	232.33	5.0023	0.69061	1.1788	347.42	0.17434	2.4663e-05	0.034268	supercritical
295.00	148.00	205.65	0.0048626	161.54	233.50	5.0063	0.69046	1.1761	348.04	0.17338	2.4695e-05	0.034293	supercritical
296.00	148.00	204.67	0.0048860	162.37	234.68	5.0103	0.69031	1.1734	348.66	0.17244	2.4726e-05	0.034318	supercritical
297.00	148.00	203.70	0.0049093	163.19	235.85	5.0143	0.69017	1.1708	349.27	0.17149	2.4758e-05	0.034344	supercritical
298.00	148.00	202.74	0.0049325	164.02	237.02	5.0182	0.69003	1.1683	349.88	0.17055	2.4791e-05	0.034371	supercritical
299.00	148.00	201.79	0.0049557	164.84	238.19	5.0221	0.68990	1.1658	350.49	0.16961	2.4823e-05	0.034398	supercritical
300.00	148.00	200.85	0.0049789	165.66	239.35	5.0260	0.68978	1.1633	351.10	0.16867	2.4856e-05	0.034426	supercritical
301.00	148.00	199.92	0.0050020	166.48	240.51	5.0299	0.68966	1.1609	351.71	0.16774	2.4889e-05	0.034454	supercritical
302.00	148.00	199.00	0.0050251	167.30	241.67	5.0337	0.68955	1.1585	352.32	0.16681	2.4923e-05	0.034482	supercritical
303.00	148.00	198.09	0.0050481	168.12	242.83	5.0375	0.68944	1.1562	352.92	0.16588	2.4956e-05	0.034511	supercritical
304.00	148.00	197.20	0.0050711	168.93	243.99	5.0413	0.68934	1.1539	353.53	0.16496	2.4990e-05	0.034540	supercritical
305.00	148.00	196.31	0.0050940	169.75	245.14	5.0451	0.68925	1.1517	354.13	0.16404	2.5024e-05	0.034569	supercritical
306.00	148.00	195.43	0.0051169	170.56	246.29	5.0489	0.68916	1.1495	354.73	0.16313	2.5059e-05	0.034598	supercritical
307.00	148.00	194.56	0.0051397	171.37	247.44	5.0526	0.68907	1.1473	355.33	0.16222	2.5093e-05	0.034625	supercritical
308.00	148.00	193.71	0.0051625	172.18	248.58	5.0564	0.68899	1.1452	355.92	0.16131	2.5128e-05	0.034652	supercritical
309.00	148.00	192.86	0.0051852	172.99	249.73	5.0601	0.68892	1.1432	356.52	0.16041	2.5163e-05	0.034670	supercritical
310.00	148.00	192.02	0.0052079	173.79	250.87	5.0638	0.68885	1.1411	357.11	0.15951	2.5199e-05	0.034698	supercritical
311.00	148.00	191.18	0.0052305	174.60	252.01	5.0674	0.68879	1.1391	357.70	0.15861	2.5234e-05	0.034738	supercritical
312.00	148.00	190.36	0.0052532	175.40	253.15	5.0711	0.68873	1.1372	358.30	0.15772	2.5270e-05	0.034777	supercritical
313.00	148.00	189.55	0.0052757	176.20	254.28	5.0747	0.68867	1.1352	358.88	0.15684	2.5306e-05	0.034818	supercritical
314.00	148.00	188.74	0.0052982	177.00	255.42	5.0783	0.68862	1.1333	359.47	0.15595	2.5342e-05	0.034858	supercritical
315.00	148.00	187.94	0.0053207	177.80	256.55	5.0819	0.68858	1.1315	360.06	0.15507	2.5378e-05	0.034900	supercritical
316.00	148.00	187.16	0.0053432	178.60	257.68	5.0855	0.68854	1.1296	360.64	0.15419	2.5414e-05	0.034941	supercritical
317.00	148.00	186.37	0.0053656	179.40	258.81	5.0891	0.68851	1.1279	361.23	0.15332	2.5451e-05	0.034983	supercritical
318.00	148.00	185.60	0.0053879	180.20	259.94	5.0926	0.68847	1.1261	361.81	0.15245	2.5488e-05	0.035025	supercritical
319.00	148.00	184.83	0.0054102	180.99	261.06	5.0962	0.68845	1.1244	362.39	0.15159	2.5525e-05	0.035068	supercritical
320.00	148.00	184.08	0.0054325	181.78	262.19	5.0997	0.68843	1.1227	362.97	0.15073	2.5562e-05	0.035110	supercritical
321.00	148.00	183.33	0.0054548	182.58	263.31	5.1032	0.68841	1.1210	363.54	0.14987	2.5599e-05	0.035154	supercritical
322.00	148.00	182.58	0.0054770	183.37	264.43	5.1067	0.68840	1.1194	364.12	0.14902	2.5636e-05	0.035197	supercritical
323.00	148.00	181.85	0.0054992	184.16	265.55	5.1101	0.68839	1.1177	364.69	0.14817	2.5674e-05	0.035241	supercritical
324.00	148.00	181.12	0.0055213	184.95	266.66	5.1136	0.68838	1.1162	365.27	0.14733	2.5712e-05	0.035285	supercritical
325.00	148.00	180.40	0.0055434	185.74	267.78	5.1170	0.68838	1.1146	365.84	0.14649	2.5750e-05	0.035330	supercritical
326.00	148.00	179.68	0.0055655	186.52	268.89	5.1205	0.68838	1.1131	366.41	0.14565	2.5787e-05	0.035375	supercritical
327.00	148.00	178.97	0.0055875	187.31	270.01	5.1239	0.68839	1.1116	366.98	0.14482	2.5826e-05	0.035420	supercritical
328.00	148.00	178.27	0.0056095	188.10	271.12	5.1273	0.68840	1.1101	367.54	0.14399	2.5864e-05	0.035465	supercritical
329.00	148.00	177.57	0.0056314	188.88	272.23	5.1306	0.68842	1.1086	368.11	0.14316	2.5902e-05	0.035511	supercritical
330.00	148.00	176.89	0.0056534	189.66	273.33	5.1340	0.68844	1.1072	368.67	0.14234	2.5940e-05	0.035557	supercritical
331.00	148.00	176.20	0.0056752	190.45	274.44	5.1373	0.68846	1.1058	369.23	0.14153	2.5979e-05	0.035603	supercritical
332.00	148.00	175.53	0.0056971	191.23	275.54	5.1407	0.68848	1.1044	369.79	0.14071	2.6018e-05	0.035649	supercritical
333.00	148.00	174.86	0.0057189	192.01	276.65	5.1440	0.68851	1.1031	370.35	0.13990	2.6056e-05	0.035696	supercritical
334.00	148.00	174.19	0.0057407	192.79	277.75	5.1473	0.68855	1.1018	370.91	0.13910	2.6095e-05	0.035743	supercritical
335.00	148.00	173.54	0.0057625	193.57	278.85	5.1506	0.68858	1.1004	371.47	0.13830	2.6134e-05	0.035790	supercritical
336.00	148.00	172.88	0.0057842	194.35	279.95	5.1539	0.68862	1.0992	372.02	0.13750	2.6173e-05	0.035838	supercritical
337.00	148.00	172.24	0.0058059	195.12	281.05	5.1571	0.68867	1.0979	372.58	0.13671	2.6212e-05	0.035885	supercritical
338.00	148.00	171.60	0.0058276	195.90	282.15	5.1604	0.68871	1.0967	373.13	0.13592	2.6252e-05	0.035933	supercritical
339.00	148.00	170.96	0.0058492	196.68	283.24	5.1636	0.68877	1.0954	373.68	0.13513	2.6291e-05	0.035982	supercritical
340.00	148.00	170.33	0.0058708	197.45	284.34	5.1669	0.68882	1.0942	374.23	0.13435	2.6330e-05	0.036030	supercritical
341.00	148.00	169.71	0.0058924	198.22	285.43	5.1701	0.68888	1.0931	374.78	0.13357	2.6370e-05	0.036078	supercritical
342.00	148.00	169.09	0.0059139	199.00	286.52	5.1733	0.68894	1.0919	375.33	0.13280	2.6409e-05	0.036127	supercritical
343.00	148.00	168.48	0.0059355	199.77	287.62	5.1764	0.68900	1.0908	375.87	0.13202	2.6449e-05	0.036176	supercritical
344.00	148.00	167.87	0.0059569	200.54	288.71	5.1796	0.68907	1.0896	376.42	0.13126	2.6489e-05	0.036226	supercritical
345.00	148.00	167.27	0.0059784	201.31	289.80	5.1828	0.68914	1.0885	376.96	0.13050	2.6529e-05	0.036275	supercritical
346.00	148.00	166.67	0.0059998	202.09	290.88	5.1859	0.68921	1.0874	377.50	0.12974	2.6569e-05	0.036325	supercritical
347.00	148.00	166.08	0.0060212	202.86	291.97	5.1891	0.68929	1.0864	378.04	0.12898	2.6608e-05	0.036374	supercritical
348.00	148.00	165.49	0.0060426	203.63	293.06	5.1922	0.68937	1.0853	378.58	0.12823	2.6648e-05	0.036424	supercritical
349.00	148.00	164.91	0.0060640	204.39	294.14	5.1953	0.68945	1.0843	379.12	0.12748	2.6689e-05	0.036475	supercritical
350.00	148.00	164.33	0.0060853	205.16	295.22	5.1984	0.68953	1.0833	379.65	0.12674	2.6729e-05	0.036525	supercritical
351.00	148.00	163.76	0.0061066	205.93	296.31	5.2015	0.68962	1.0823	380.19	0.12600	2.6769e-05	0.036576	supercritical
352.00	148.00	163.19	0.0061279	206.70	297.39	5.2046	0.68971	1.0813	380.72	0.12526	2.6809e-05	0.036626	supercritical
353.00	148.00	162.63	0.0061491	207.46	298.47	5.2076	0.68981	1.0803	381.25	0.12453	2.6849e-05	0.036677	supercritical
354.00	148.00	162.07	0.0061703	208.23	299.55	5.2107	0.68990	1.0794	381.78	0.12380	2.6890e-05	0.036728	supercritical
355.00	148.00	161.51	0.0061915	208.99	300.63	5.2137	0.69000	1.0785	382.31	0.12307	2.6930e-05	0.036780	supercritical
356.00	148.00	160.96	0.0062127	209.76	301.71	5.2168	0.69010	1.0776	382.84	0.12235	2.6971e-05	0.036831	supercritical
357.00	148.00	160.42	0.0062338	210.52	302.78	5.2198	0.69021	1.0767	383.37	0.12163	2.7011e-05	0.036882	supercritical
358.00	148.00	159.87	0.0062549	211.29	303.86	5.2228	0.69031	1.0758	383.89	0.12091	2.7052e-05	0.036934	supercritical
359.00	148.00	159.34	0.0062760	212.05	304.94	5.2258	0.69042	1.0749	384.42	0.12020	2.7092e-05	0.036986	supercritical
360.00	148.00	158.80	0.0062971	212.81	306.01	5.2288	0.69054	1.0740	384.94	0.11950	2.7133e-05	0.037038	supercritical
361.00	148.00	158.27	0.0063181	213.58	307.08	5.2318	0.69065	1.0732	385.46	0.11879	2.7174e-05	0.037090	supercritical
362.00	148.00	157.75	0.0063392	214.34	308.16	5.2347	0.69077	1.0724	385.98	0.11809	2.7214e-05	0.037142	supercritical
363.00	148.00	157.23	0.0063602	215.10	309.23	5.2377	0.69089	1.0716	386.50	0.11739	2.7255e-05	0.037195	supercritical
364.00	148.00	156.71	0.0063811	215.86	310.30	5.2406	0.69101	1.0708	387.02	0.11670	2.7296e-05	0.037247	supercritical
365.00	148.00	156.20	0.0064021	216.62	311.37	5.2436	0.69114	1.0700	387.54	0.11601	2.7337e-05	0.037300	supercritical
366.00	148.00	155.69	0.0064230	217.38	312.44	5.2465	0.69126	1.0692	388.06	0.11532	2.7378e-05	0.037353	supercritical
367.00	148.00	155.18	0.0064439	218.14	313.51	5.2494	0.69139	1.0684	388.57	0.11464	2.7419e-05	0.037406	supercritical
368.00	148.00	154.68	0.0064648	218.90	314.58	5.2523	0.69153	1.0677	389.08	0.11396	2.7459e-05	0.037459	supercritical
369.00	148.00	154.19	0.0064857	219.66	315.64	5.2552	0.69166	1.0670	389.60	0.11328	2.7500e-05	0.037512	supercritical
370.00	148.00	153.69	0.0065065	220.41	316.71	5.2581	0.69180	1.0662	390.11	0.11261	2.7541e-05	0.037566	supercritical
371.00	148.00	153.20	0.0065273	221.17	317.78	5.2610	0.69194	1.0655	390.62	0.11194	2.7582e-05	0.037619	supercritical
372.00	148.00	152.72	0.0065481	221.93	318.84	5.2639	0.69208	1.0648	391.13	0.11127	2.7623e-05	0.037673	supercritical
373.00	148.00	152.23	0.0065689	222.69	319.91	5.2667	0.69222	1.0641	391.63	0.11061	2.7665e-05	0.037726	supercritical
374.00	148.00	151.75	0.0065897	223.44	320.97	5.2696	0.69237	1.0635	392.14	0.10995	2.7706e-05	0.037780	supercritical
375.00	148.00	151.28	0.0066104	224.20	322.03	5.2724	0.69252	1.0628	392.64	0.10929	2.7747e-05	0.037834	supercritical
376.00	148.00	150.80	0.0066311	224.95	323.10	5.2752	0.69267	1.0622	393.15	0.10864	2.7788e-05	0.037888	supercritical
377.00	148.00	150.34	0.0066518	225.71	324.16	5.2780	0.69282	1.0615	393.65	0.10799	2.7829e-05	0.037942	supercritical
378.00	148.00	149.87	0.0066725	226.47	325.22	5.2809	0.69297	1.0609	394.15	0.10734	2.7870e-05	0.037997	supercritical
379.00	148.00	149.41	0.0066931	227.22	326.28	5.2837	0.69313	1.0603	394.65	0.10670	2.7912e-05	0.038051	supercritical
380.00	148.00	148.95	0.0067138	227.98	327.34	5.2865	0.69329	1.0597	395.15	0.10606	2.7953e-05	0.038105	supercritical
381.00	148.00	148.49	0.0067344	228.73	328.40	5.2892	0.69345	1.0591	395.65	0.10542	2.7994e-05	0.038160	supercritical
382.00	148.00	148.04	0.0067550	229.48	329.46	5.2920	0.69361	1.0585	396.15	0.10479	2.8035e-05	0.038215	supercritical
383.00	148.00	147.59	0.0067756	230.24	330.52	5.2948	0.69377	1.0579	396.65	0.10416	2.8077e-05	0.038269	supercritical
384.00	148.00	147.14	0.0067961	230.99	331.57	5.2975	0.69394	1.0573	397.14	0.10353	2.8118e-05	0.038324	supercritical
385.00	148.00	146.70	0.0068167	231.74	332.63	5.3003	0.69411	1.0568	397.64	0.10291	2.8159e-05	0.038379	supercritical
386.00	148.00	146.26	0.0068372	232.50	333.69	5.3030	0.69428	1.0562	398.13	0.10228	2.8201e-05	0.038434	supercritical
387.00	148.00	145.82	0.0068577	233.25	334.74	5.3058	0.69445	1.0557	398.62	0.10167	2.8242e-05	0.038489	supercritical
388.00	148.00	145.39	0.0068782	234.00	335.80	5.3085	0.69462	1.0552	399.11	0.10105	2.8283e-05	0.038545	supercritical
389.00	148.00	144.96	0.0068986	234.75	336.85	5.3112	0.69480	1.0547	399.60	0.10044	2.8325e-05	0.038600	supercritical
390.00	148.00	144.53	0.0069191	235.50	337.91	5.3139	0.69498	1.0541	400.09	0.099830	2.8366e-05	0.038655	supercritical
391.00	148.00	144.10	0.0069395	236.26	338.96	5.3166	0.69516	1.0536	400.58	0.099225	2.8407e-05	0.038711	supercritical
392.00	148.00	143.68	0.0069599	237.01	340.01	5.3193	0.69534	1.0532	401.06	0.098622	2.8449e-05	0.038766	supercritical
393.00	148.00	143.26	0.0069803	237.76	341.07	5.3220	0.69552	1.0527	401.55	0.098022	2.8490e-05	0.038822	supercritical
394.00	148.00	142.84	0.0070007	238.51	342.12	5.3247	0.69570	1.0522	402.03	0.097425	2.8532e-05	0.038877	supercritical
395.00	148.00	142.43	0.0070211	239.26	343.17	5.3273	0.69589	1.0517	402.52	0.096831	2.8573e-05	0.038933	supercritical
396.00	148.00	142.02	0.0070414	240.01	344.22	5.3300	0.69608	1.0513	403.00	0.096240	2.8614e-05	0.038989	supercritical
397.00	148.00	141.61	0.0070617	240.76	345.27	5.3326	0.69627	1.0508	403.48	0.095652	2.8656e-05	0.039045	supercritical
398.00	148.00	141.20	0.0070820	241.51	346.32	5.3353	0.69646	1.0504	403.96	0.095067	2.8697e-05	0.039101	supercritical
399.00	148.00	140.80	0.0071023	242.26	347.38	5.3379	0.69665	1.0500	404.44	0.094485	2.8739e-05	0.039157	supercritical
400.00	148.00	140.40	0.0071226	243.01	348.42	5.3405	0.69685	1.0495	404.92	0.093905	2.8780e-05	0.039213	supercritical
401.00	148.00	140.00	0.0071429	243.76	349.47	5.3432	0.69704	1.0491	405.40	0.093329	2.8822e-05	0.039269	supercritical
402.00	148.00	139.60	0.0071631	244.51	350.52	5.3458	0.69724	1.0487	405.88	0.092755	2.8863e-05	0.039326	supercritical
403.00	148.00	139.21	0.0071834	245.26	351.57	5.3484	0.69744	1.0483	406.35	0.092184	2.8904e-05	0.039382	supercritical
404.00	148.00	138.82	0.0072036	246.01	352.62	5.3510	0.69764	1.0479	406.83	0.091617	2.8946e-05	0.039438	supercritical
405.00	148.00	138.43	0.0072238	246.76	353.67	5.3536	0.69784	1.0475	407.30	0.091051	2.8987e-05	0.039495	supercritical
406.00	148.00	138.05	0.0072440	247.50	354.71	5.3561	0.69805	1.0472	407.77	0.090489	2.9029e-05	0.039551	supercritical
407.00	148.00	137.66	0.0072641	248.25	355.76	5.3587	0.69825	1.0468	408.24	0.089929	2.9070e-05	0.039608	supercritical
408.00	148.00	137.28	0.0072843	249.00	356.81	5.3613	0.69846	1.0464	408.71	0.089373	2.9112e-05	0.039664	supercritical
409.00	148.00	136.90	0.0073044	249.75	357.85	5.3638	0.69866	1.0461	409.18	0.088819	2.9153e-05	0.039721	supercritical
410.00	148.00	136.53	0.0073245	250.50	358.90	5.3664	0.69887	1.0457	409.65	0.088267	2.9195e-05	0.039778	supercritical
411.00	148.00	136.15	0.0073447	251.25	359.95	5.3690	0.69908	1.0454	410.12	0.087719	2.9236e-05	0.039835	supercritical
412.00	148.00	135.78	0.0073647	251.99	360.99	5.3715	0.69930	1.0450	410.59	0.087173	2.9277e-05	0.039892	supercritical
413.00	148.00	135.41	0.0073848	252.74	362.04	5.3740	0.69951	1.0447	411.05	0.086629	2.9319e-05	0.039949	supercritical
414.00	148.00	135.05	0.0074049	253.49	363.08	5.3765	0.69973	1.0444	411.52	0.086089	2.9360e-05	0.040005	supercritical
415.00	148.00	134.68	0.0074249	254.24	364.12	5.3791	0.69994	1.0441	411.98	0.085551	2.9402e-05	0.040063	supercritical
416.00	148.00	134.32	0.0074450	254.98	365.17	5.3816	0.70016	1.0438	412.45	0.085016	2.9443e-05	0.040120	supercritical
417.00	148.00	133.96	0.0074650	255.73	366.21	5.3841	0.70038	1.0435	412.91	0.084483	2.9484e-05	0.040177	supercritical
418.00	148.00	133.60	0.0074850	256.48	367.26	5.3866	0.70060	1.0432	413.37	0.083953	2.9526e-05	0.040234	supercritical
419.00	148.00	133.24	0.0075050	257.22	368.30	5.3891	0.70082	1.0429	413.83	0.083426	2.9567e-05	0.040291	supercritical
420.00	148.00	132.89	0.0075250	257.97	369.34	5.3916	0.70104	1.0426	414.29	0.082901	2.9609e-05	0.040348	supercritical
421.00	148.00	132.54	0.0075450	258.72	370.38	5.3940	0.70126	1.0423	414.75	0.082378	2.9650e-05	0.040406	supercritical
422.00	148.00	132.19	0.0075649	259.47	371.43	5.3965	0.70149	1.0420	415.21	0.081859	2.9691e-05	0.040463	supercritical
423.00	148.00	131.84	0.0075848	260.21	372.47	5.3990	0.70172	1.0418	415.67	0.081341	2.9733e-05	0.040520	supercritical
424.00	148.00	131.50	0.0076048	260.96	373.51	5.4014	0.70194	1.0415	416.12	0.080827	2.9774e-05	0.040578	supercritical
425.00	148.00	131.15	0.0076247	261.71	374.55	5.4039	0.70217	1.0412	416.58	0.080314	2.9815e-05	0.040635	supercritical
426.00	148.00	130.81	0.0076446	262.45	375.59	5.4063	0.70240	1.0410	417.03	0.079805	2.9857e-05	0.040693	supercritical
427.00	148.00	130.47	0.0076645	263.20	376.63	5.4088	0.70263	1.0407	417.49	0.079297	2.9898e-05	0.040750	supercritical
428.00	148.00	130.13	0.0076844	263.94	377.67	5.4112	0.70286	1.0405	417.94	0.078793	2.9939e-05	0.040808	supercritical
429.00	148.00	129.80	0.0077042	264.69	378.71	5.4136	0.70310	1.0403	418.39	0.078290	2.9981e-05	0.040866	supercritical
430.00	148.00	129.47	0.0077241	265.44	379.75	5.4161	0.70333	1.0400	418.84	0.077790	3.0022e-05	0.040923	supercritical
431.00	148.00	129.13	0.0077439	266.18	380.79	5.4185	0.70356	1.0398	419.29	0.077293	3.0063e-05	0.040981	supercritical
432.00	148.00	128.80	0.0077637	266.93	381.83	5.4209	0.70380	1.0396	419.74	0.076798	3.0105e-05	0.041039	supercritical
433.00	148.00	128.48	0.0077835	267.68	382.87	5.4233	0.70404	1.0394	420.19	0.076305	3.0146e-05	0.041097	supercritical
434.00	148.00	128.15	0.0078033	268.42	383.91	5.4257	0.70428	1.0392	420.64	0.075815	3.0187e-05	0.041155	supercritical
435.00	148.00	127.83	0.0078231	269.17	384.95	5.4281	0.70451	1.0390	421.08	0.075327	3.0228e-05	0.041212	supercritical
436.00	148.00	127.50	0.0078429	269.92	385.99	5.4305	0.70475	1.0388	421.53	0.074841	3.0270e-05	0.041270	supercritical
437.00	148.00	127.18	0.0078627	270.66	387.03	5.4328	0.70500	1.0386	421.98	0.074358	3.0311e-05	0.041328	supercritical
438.00	148.00	126.86	0.0078824	271.41	388.07	5.4352	0.70524	1.0384	422.42	0.073877	3.0352e-05	0.041386	supercritical
439.00	148.00	126.55	0.0079022	272.15	389.11	5.4376	0.70548	1.0382	422.86	0.073398	3.0393e-05	0.041444	supercritical
440.00	148.00	126.23	0.0079219	272.90	390.14	5.4400	0.70572	1.0380	423.31	0.072922	3.0434e-05	0.041502	supercritical
441.00	148.00	125.92	0.0079416	273.65	391.18	5.4423	0.70597	1.0379	423.75	0.072448	3.0476e-05	0.041560	supercritical
442.00	148.00	125.61	0.0079613	274.39	392.22	5.4447	0.70621	1.0377	424.19	0.071976	3.0517e-05	0.041619	supercritical
443.00	148.00	125.30	0.0079810	275.14	393.26	5.4470	0.70646	1.0375	424.63	0.071507	3.0558e-05	0.041677	supercritical
444.00	148.00	124.99	0.0080007	275.88	394.29	5.4493	0.70671	1.0374	425.07	0.071039	3.0599e-05	0.041735	supercritical
445.00	148.00	124.68	0.0080204	276.63	395.33	5.4517	0.70696	1.0372	425.51	0.070574	3.0640e-05	0.041793	supercritical
446.00	148.00	124.38	0.0080401	277.38	396.37	5.4540	0.70721	1.0371	425.95	0.070111	3.0681e-05	0.041851	supercritical
447.00	148.00	124.07	0.0080597	278.12	397.41	5.4563	0.70746	1.0369	426.39	0.069651	3.0722e-05	0.041909	supercritical
448.00	148.00	123.77	0.0080793	278.87	398.44	5.4586	0.70771	1.0368	426.82	0.069192	3.0763e-05	0.041968	supercritical
449.00	148.00	123.47	0.0080990	279.61	399.48	5.4610	0.70796	1.0366	427.26	0.068736	3.0805e-05	0.042026	supercritical
450.00	148.00	123.17	0.0081186	280.36	400.52	5.4633	0.70821	1.0365	427.70	0.068282	3.0846e-05	0.042084	supercritical
451.00	148.00	122.88	0.0081382	281.11	401.55	5.4656	0.70846	1.0364	428.13	0.067830	3.0887e-05	0.042143	supercritical
452.00	148.00	122.58	0.0081578	281.85	402.59	5.4679	0.70872	1.0362	428.56	0.067380	3.0928e-05	0.042201	supercritical
453.00	148.00	122.29	0.0081774	282.60	403.63	5.4701	0.70897	1.0361	429.00	0.066933	3.0969e-05	0.042259	supercritical
454.00	148.00	122.00	0.0081970	283.35	404.66	5.4724	0.70923	1.0360	429.43	0.066487	3.1010e-05	0.042318	supercritical
455.00	148.00	121.71	0.0082165	284.09	405.70	5.4747	0.70948	1.0359	429.86	0.066044	3.1051e-05	0.042376	supercritical
456.00	148.00	121.42	0.0082361	284.84	406.73	5.4770	0.70974	1.0358	430.29	0.065603	3.1091e-05	0.042435	supercritical
457.00	148.00	121.13	0.0082556	285.59	407.77	5.4793	0.71000	1.0357	430.72	0.065163	3.1132e-05	0.042493	supercritical
458.00	148.00	120.84	0.0082752	286.33	408.80	5.4815	0.71026	1.0356	431.15	0.064726	3.1173e-05	0.042552	supercritical
459.00	148.00	120.56	0.0082947	287.08	409.84	5.4838	0.71052	1.0355	431.58	0.064291	3.1214e-05	0.042610	supercritical
460.00	148.00	120.28	0.0083142	287.82	410.88	5.4860	0.71078	1.0354	432.01	0.063858	3.1255e-05	0.042669	supercritical
461.00	148.00	119.99	0.0083337	288.57	411.91	5.4883	0.71104	1.0353	432.44	0.063427	3.1296e-05	0.042727	supercritical
462.00	148.00	119.71	0.0083532	289.32	412.95	5.4905	0.71130	1.0352	432.86	0.062998	3.1337e-05	0.042786	supercritical
463.00	148.00	119.44	0.0083727	290.06	413.98	5.4928	0.71156	1.0351	433.29	0.062571	3.1378e-05	0.042845	supercritical
464.00	148.00	119.16	0.0083922	290.81	415.02	5.4950	0.71182	1.0350	433.72	0.062146	3.1418e-05	0.042903	supercritical
465.00	148.00	118.88	0.0084117	291.56	416.05	5.4972	0.71208	1.0349	434.14	0.061723	3.1459e-05	0.042962	supercritical
466.00	148.00	118.61	0.0084311	292.31	417.09	5.4994	0.71235	1.0349	434.56	0.061302	3.1500e-05	0.043020	supercritical
467.00	148.00	118.34	0.0084506	293.05	418.12	5.5017	0.71261	1.0348	434.99	0.060883	3.1541e-05	0.043079	supercritical
468.00	148.00	118.06	0.0084700	293.80	419.16	5.5039	0.71288	1.0347	435.41	0.060466	3.1582e-05	0.043138	supercritical
469.00	148.00	117.79	0.0084894	294.55	420.19	5.5061	0.71314	1.0347	435.83	0.060051	3.1622e-05	0.043196	supercritical
470.00	148.00	117.52	0.0085089	295.29	421.22	5.5083	0.71341	1.0346	436.25	0.059638	3.1663e-05	0.043255	supercritical
471.00	148.00	117.26	0.0085283	296.04	422.26	5.5105	0.71367	1.0345	436.67	0.059226	3.1704e-05	0.043314	supercritical
472.00	148.00	116.99	0.0085477	296.79	423.29	5.5127	0.71394	1.0345	437.09	0.058817	3.1744e-05	0.043373	supercritical
473.00	148.00	116.73	0.0085671	297.54	424.33	5.5149	0.71421	1.0344	437.51	0.058410	3.1785e-05	0.043431	supercritical
474.00	148.00	116.46	0.0085864	298.28	425.36	5.5171	0.71447	1.0344	437.93	0.058004	3.1826e-05	0.043490	supercritical
475.00	148.00	116.20	0.0086058	299.03	426.40	5.5192	0.71474	1.0343	438.35	0.057600	3.1866e-05	0.043549	supercritical
476.00	148.00	115.94	0.0086252	299.78	427.43	5.5214	0.71501	1.0343	438.77	0.057199	3.1907e-05	0.043608	supercritical
477.00	148.00	115.68	0.0086445	300.53	428.47	5.5236	0.71528	1.0342	439.18	0.056799	3.1947e-05	0.043667	supercritical
478.00	148.00	115.42	0.0086639	301.27	429.50	5.5257	0.71555	1.0342	439.60	0.056401	3.1988e-05	0.043725	supercritical
479.00	148.00	115.16	0.0086832	302.02	430.53	5.5279	0.71582	1.0342	440.01	0.056004	3.2028e-05	0.043784	supercritical
480.00	148.00	114.91	0.0087026	302.77	431.57	5.5301	0.71609	1.0341	440.43	0.055610	3.2069e-05	0.043843	supercritical
481.00	148.00	114.65	0.0087219	303.52	432.60	5.5322	0.71636	1.0341	440.84	0.055217	3.2109e-05	0.043902	supercritical
482.00	148.00	114.40	0.0087412	304.27	433.64	5.5344	0.71664	1.0341	441.26	0.054826	3.2150e-05	0.043961	supercritical
483.00	148.00	114.15	0.0087605	305.01	434.67	5.5365	0.71691	1.0341	441.67	0.054437	3.2190e-05	0.044020	supercritical
484.00	148.00	113.90	0.0087798	305.76	435.70	5.5386	0.71718	1.0340	442.08	0.054050	3.2231e-05	0.044079	supercritical
485.00	148.00	113.65	0.0087991	306.51	436.74	5.5408	0.71745	1.0340	442.49	0.053665	3.2271e-05	0.044138	supercritical
486.00	148.00	113.40	0.0088184	307.26	437.77	5.5429	0.71773	1.0340	442.90	0.053281	3.2312e-05	0.044197	supercritical
487.00	148.00	113.15	0.0088377	308.01	438.81	5.5450	0.71800	1.0340	443.31	0.052899	3.2352e-05	0.044255	supercritical
488.00	148.00	112.91	0.0088569	308.76	439.84	5.5472	0.71827	1.0340	443.72	0.052519	3.2392e-05	0.044314	supercritical
489.00	148.00	112.66	0.0088762	309.51	440.87	5.5493	0.71855	1.0340	444.13	0.052140	3.2433e-05	0.044373	supercritical
490.00	148.00	112.42	0.0088954	310.26	441.91	5.5514	0.71882	1.0340	444.54	0.051764	3.2473e-05	0.044432	supercritical
491.00	148.00	112.17	0.0089147	311.00	442.94	5.5535	0.71910	1.0340	444.95	0.051389	3.2513e-05	0.044491	supercritical
492.00	148.00	111.93	0.0089339	311.75	443.98	5.5556	0.71937	1.0340	445.36	0.051015	3.2554e-05	0.044550	supercritical
493.00	148.00	111.69	0.0089531	312.50	445.01	5.5577	0.71965	1.0340	445.76	0.050644	3.2594e-05	0.044609	supercritical
494.00	148.00	111.45	0.0089724	313.25	446.04	5.5598	0.71993	1.0340	446.17	0.050274	3.2634e-05	0.044668	supercritical
495.00	148.00	111.22	0.0089916	314.00	447.08	5.5619	0.72020	1.0340	446.58	0.049906	3.2674e-05	0.044727	supercritical
496.00	148.00	110.98	0.0090108	314.75	448.11	5.5640	0.72048	1.0340	446.98	0.049539	3.2714e-05	0.044786	supercritical
497.00	148.00	110.74	0.0090300	315.50	449.15	5.5661	0.72076	1.0340	447.39	0.049174	3.2755e-05	0.044845	supercritical
498.00	148.00	110.51	0.0090492	316.25	450.18	5.5681	0.72103	1.0340	447.79	0.048811	3.2795e-05	0.044904	supercritical
499.00	148.00	110.27	0.0090683	317.00	451.21	5.5702	0.72131	1.0340	448.19	0.048449	3.2835e-05	0.044963	supercritical
500.00	148.00	110.04	0.0090875	317.75	452.25	5.5723	0.72159	1.0340	448.59	0.048089	3.2875e-05	0.045022	supercritical
501.00	148.00	109.81	0.0091067	318.50	453.28	5.5743	0.72187	1.0341	449.00	0.047731	3.2915e-05	0.045081	supercritical
502.00	148.00	109.58	0.0091258	319.25	454.32	5.5764	0.72215	1.0341	449.40	0.047374	3.2955e-05	0.045140	supercritical
503.00	148.00	109.35	0.0091450	320.00	455.35	5.5785	0.72243	1.0341	449.80	0.047019	3.2995e-05	0.045199	supercritical
504.00	148.00	109.12	0.0091641	320.76	456.38	5.5805	0.72270	1.0341	450.20	0.046665	3.3035e-05	0.045258	supercritical
505.00	148.00	108.89	0.0091833	321.51	457.42	5.5826	0.72298	1.0342	450.60	0.046313	3.3075e-05	0.045317	supercritical
506.00	148.00	108.67	0.0092024	322.26	458.45	5.5846	0.72326	1.0342	451.00	0.045963	3.3115e-05	0.045376	supercritical
507.00	148.00	108.44	0.0092215	323.01	459.49	5.5867	0.72354	1.0342	451.40	0.045614	3.3155e-05	0.045435	supercritical
508.00	148.00	108.22	0.0092406	323.76	460.52	5.5887	0.72382	1.0342	451.80	0.045267	3.3195e-05	0.045495	supercritical
509.00	148.00	107.99	0.0092597	324.51	461.56	5.5907	0.72410	1.0343	452.19	0.044921	3.3235e-05	0.045554	supercritical
510.00	148.00	107.77	0.0092789	325.26	462.59	5.5928	0.72438	1.0343	452.59	0.044577	3.3275e-05	0.045613	supercritical
511.00	148.00	107.55	0.0092979	326.01	463.62	5.5948	0.72466	1.0344	452.99	0.044234	3.3315e-05	0.045672	supercritical
512.00	148.00	107.33	0.0093170	326.77	464.66	5.5968	0.72494	1.0344	453.38	0.043893	3.3355e-05	0.045731	supercritical
513.00	148.00	107.11	0.0093361	327.52	465.69	5.5988	0.72522	1.0344	453.78	0.043554	3.3394e-05	0.045790	supercritical
514.00	148.00	106.89	0.0093552	328.27	466.73	5.6008	0.72551	1.0345	454.17	0.043216	3.3434e-05	0.045849	supercritical
515.00	148.00	106.68	0.0093743	329.02	467.76	5.6028	0.72579	1.0345	454.57	0.042879	3.3474e-05	0.045908	supercritical
516.00	148.00	106.46	0.0093933	329.78	468.80	5.6049	0.72607	1.0346	454.96	0.042544	3.3514e-05	0.045967	supercritical
517.00	148.00	106.24	0.0094124	330.53	469.83	5.6069	0.72635	1.0346	455.36	0.042210	3.3554e-05	0.046026	supercritical
518.00	148.00	106.03	0.0094314	331.28	470.87	5.6089	0.72663	1.0347	455.75	0.041878	3.3593e-05	0.046085	supercritical
519.00	148.00	105.82	0.0094505	332.03	471.90	5.6108	0.72691	1.0347	456.14	0.041548	3.3633e-05	0.046144	supercritical
520.00	148.00	105.60	0.0094695	332.79	472.94	5.6128	0.72720	1.0348	456.53	0.041218	3.3673e-05	0.046203	supercritical
521.00	148.00	105.39	0.0094885	333.54	473.97	5.6148	0.72748	1.0349	456.92	0.040891	3.3712e-05	0.046262	supercritical
522.00	148.00	105.18	0.0095075	334.29	475.00	5.6168	0.72776	1.0349	457.31	0.040564	3.3752e-05	0.046322	supercritical
523.00	148.00	104.97	0.0095266	335.05	476.04	5.6188	0.72804	1.0350	457.71	0.040240	3.3792e-05	0.046381	supercritical
524.00	148.00	104.76	0.0095456	335.80	477.07	5.6208	0.72832	1.0350	458.09	0.039916	3.3831e-05	0.046440	supercritical
525.00	148.00	104.55	0.0095646	336.55	478.11	5.6227	0.72861	1.0351	458.48	0.039594	3.3871e-05	0.046499	supercritical
526.00	148.00	104.35	0.0095836	337.31	479.15	5.6247	0.72889	1.0352	458.87	0.039273	3.3910e-05	0.046558	supercritical
527.00	148.00	104.14	0.0096025	338.06	480.18	5.6267	0.72917	1.0352	459.26	0.038954	3.3950e-05	0.046617	supercritical
528.00	148.00	103.93	0.0096215	338.82	481.22	5.6286	0.72945	1.0353	459.65	0.038636	3.3989e-05	0.046676	supercritical
529.00	148.00	103.73	0.0096405	339.57	482.25	5.6306	0.72974	1.0354	460.04	0.038320	3.4029e-05	0.046735	supercritical
530.00	148.00	103.53	0.0096595	340.33	483.29	5.6326	0.73002	1.0355	460.42	0.038005	3.4068e-05	0.046794	supercritical
531.00	148.00	103.32	0.0096784	341.08	484.32	5.6345	0.73030	1.0355	460.81	0.037691	3.4108e-05	0.046853	supercritical
532.00	148.00	103.12	0.0096974	341.84	485.36	5.6365	0.73059	1.0356	461.20	0.037379	3.4147e-05	0.046912	supercritical
533.00	148.00	102.92	0.0097164	342.59	486.39	5.6384	0.73087	1.0357	461.58	0.037068	3.4186e-05	0.046971	supercritical
534.00	148.00	102.72	0.0097353	343.35	487.43	5.6403	0.73115	1.0358	461.97	0.036758	3.4226e-05	0.047031	supercritical
535.00	148.00	102.52	0.0097542	344.10	488.46	5.6423	0.73143	1.0358	462.35	0.036450	3.4265e-05	0.047090	supercritical
536.00	148.00	102.32	0.0097732	344.86	489.50	5.6442	0.73172	1.0359	462.73	0.036143	3.4304e-05	0.047149	supercritical
537.00	148.00	102.12	0.0097921	345.61	490.54	5.6461	0.73200	1.0360	463.12	0.035838	3.4344e-05	0.047208	supercritical
538.00	148.00	101.93	0.0098110	346.37	491.57	5.6481	0.73228	1.0361	463.50	0.035533	3.4383e-05	0.047267	supercritical
539.00	148.00	101.73	0.0098299	347.13	492.61	5.6500	0.73257	1.0362	463.88	0.035230	3.4422e-05	0.047326	supercritical
540.00	148.00	101.53	0.0098489	347.88	493.64	5.6519	0.73285	1.0363	464.26	0.034929	3.4461e-05	0.047385	supercritical
541.00	148.00	101.34	0.0098678	348.64	494.68	5.6538	0.73313	1.0363	464.65	0.034628	3.4501e-05	0.047444	supercritical
542.00	148.00	101.15	0.0098867	349.39	495.72	5.6558	0.73342	1.0364	465.03	0.034329	3.4540e-05	0.047503	supercritical
543.00	148.00	100.95	0.0099056	350.15	496.75	5.6577	0.73370	1.0365	465.41	0.034032	3.4579e-05	0.047562	supercritical
544.00	148.00	100.76	0.0099245	350.91	497.79	5.6596	0.73398	1.0366	465.79	0.033735	3.4618e-05	0.047621	supercritical
545.00	148.00	100.57	0.0099433	351.67	498.83	5.6615	0.73427	1.0367	466.17	0.033440	3.4657e-05	0.047680	supercritical
546.00	148.00	100.38	0.0099622	352.42	499.86	5.6634	0.73455	1.0368	466.55	0.033146	3.4696e-05	0.047739	supercritical
547.00	148.00	100.19	0.0099811	353.18	500.90	5.6653	0.73483	1.0369	466.92	0.032853	3.4735e-05	0.047798	supercritical
548.00	148.00	100.00	0.010000	353.94	501.94	5.6672	0.73511	1.0370	467.30	0.032562	3.4775e-05	0.047857	supercritical
549.00	148.00	99.812	0.010019	354.70	502.97	5.6691	0.73540	1.0371	467.68	0.032271	3.4814e-05	0.047916	supercritical
550.00	148.00	99.625	0.010038	355.45	504.01	5.6709	0.73568	1.0372	468.06	0.031982	3.4853e-05	0.047975	supercritical
551.00	148.00	99.438	0.010057	356.21	505.05	5.6728	0.73596	1.0373	468.44	0.031695	3.4892e-05	0.048034	supercritical
552.00	148.00	99.252	0.010075	356.97	506.09	5.6747	0.73625	1.0374	468.81	0.031408	3.4931e-05	0.048093	supercritical
553.00	148.00	99.067	0.010094	357.73	507.12	5.6766	0.73653	1.0375	469.19	0.031123	3.4969e-05	0.048152	supercritical
554.00	148.00	98.882	0.010113	358.49	508.16	5.6785	0.73681	1.0376	469.56	0.030839	3.5008e-05	0.048211	supercritical
555.00	148.00	98.698	0.010132	359.25	509.20	5.6803	0.73709	1.0377	469.94	0.030556	3.5047e-05	0.048270	supercritical
556.00	148.00	98.515	0.010151	360.01	510.24	5.6822	0.73738	1.0378	470.31	0.030274	3.5086e-05	0.048329	supercritical
557.00	148.00	98.333	0.010170	360.77	511.27	5.6841	0.73766	1.0379	470.69	0.029994	3.5125e-05	0.048388	supercritical
558.00	148.00	98.152	0.010188	361.53	512.31	5.6859	0.73794	1.0380	471.06	0.029714	3.5164e-05	0.048447	supercritical
559.00	148.00	97.971	0.010207	362.29	513.35	5.6878	0.73822	1.0381	471.43	0.029436	3.5203e-05	0.048506	supercritical
560.00	148.00	97.791	0.010226	363.05	514.39	5.6896	0.73851	1.0382	471.81	0.029159	3.5241e-05	0.048565	supercritical
561.00	148.00	97.611	0.010245	363.81	515.43	5.6915	0.73879	1.0384	472.18	0.028883	3.5280e-05	0.048624	supercritical
562.00	148.00	97.432	0.010264	364.57	516.47	5.6933	0.73907	1.0385	472.55	0.028609	3.5319e-05	0.048683	supercritical
563.00	148.00	97.254	0.010282	365.33	517.50	5.6952	0.73935	1.0386	472.92	0.028335	3.5358e-05	0.048742	supercritical
564.00	148.00	97.077	0.010301	366.09	518.54	5.6970	0.73963	1.0387	473.30	0.028063	3.5396e-05	0.048801	supercritical
565.00	148.00	96.900	0.010320	366.85	519.58	5.6989	0.73992	1.0388	473.67	0.027792	3.5435e-05	0.048860	supercritical
566.00	148.00	96.724	0.010339	367.61	520.62	5.7007	0.74020	1.0389	474.04	0.027522	3.5474e-05	0.048919	supercritical
567.00	148.00	96.549	0.010357	368.37	521.66	5.7025	0.74048	1.0390	474.41	0.027253	3.5512e-05	0.048978	supercritical
568.00	148.00	96.374	0.010376	369.13	522.70	5.7044	0.74076	1.0392	474.78	0.026985	3.5551e-05	0.049037	supercritical
569.00	148.00	96.201	0.010395	369.89	523.74	5.7062	0.74104	1.0393	475.15	0.026718	3.5590e-05	0.049096	supercritical
570.00	148.00	96.027	0.010414	370.65	524.78	5.7080	0.74132	1.0394	475.51	0.026452	3.5628e-05	0.049155	supercritical
571.00	148.00	95.855	0.010432	371.42	525.82	5.7098	0.74160	1.0395	475.88	0.026188	3.5667e-05	0.049214	supercritical
572.00	148.00	95.683	0.010451	372.18	526.86	5.7117	0.74188	1.0396	476.25	0.025924	3.5705e-05	0.049273	supercritical
573.00	148.00	95.512	0.010470	372.94	527.90	5.7135	0.74216	1.0398	476.62	0.025662	3.5744e-05	0.049332	supercritical
574.00	148.00	95.341	0.010489	373.70	528.94	5.7153	0.74244	1.0399	476.99	0.025401	3.5782e-05	0.049390	supercritical
575.00	148.00	95.171	0.010507	374.47	529.98	5.7171	0.74272	1.0400	477.35	0.025141	3.5821e-05	0.049449	supercritical
576.00	148.00	95.002	0.010526	375.23	531.02	5.7189	0.74300	1.0401	477.72	0.024882	3.5859e-05	0.049508	supercritical
577.00	148.00	94.833	0.010545	375.99	532.06	5.7207	0.74328	1.0402	478.08	0.024624	3.5897e-05	0.049567	supercritical
578.00	148.00	94.665	0.010564	376.76	533.10	5.7225	0.74356	1.0404	478.45	0.024367	3.5936e-05	0.049626	supercritical
579.00	148.00	94.498	0.010582	377.52	534.14	5.7243	0.74384	1.0405	478.81	0.024111	3.5974e-05	0.049685	supercritical
580.00	148.00	94.331	0.010601	378.28	535.18	5.7261	0.74412	1.0406	479.18	0.023856	3.6013e-05	0.049744	supercritical
581.00	148.00	94.165	0.010620	379.05	536.22	5.7279	0.74440	1.0408	479.54	0.023602	3.6051e-05	0.049802	supercritical
582.00	148.00	93.999	0.010638	379.81	537.26	5.7297	0.74468	1.0409	479.91	0.023350	3.6089e-05	0.049861	supercritical
583.00	148.00	93.834	0.010657	380.57	538.30	5.7315	0.74496	1.0410	480.27	0.023098	3.6127e-05	0.049920	supercritical
584.00	148.00	93.670	0.010676	381.34	539.34	5.7333	0.74524	1.0411	480.63	0.022847	3.6166e-05	0.049979	supercritical
585.00	148.00	93.506	0.010694	382.10	540.38	5.7350	0.74552	1.0413	481.00	0.022597	3.6204e-05	0.050038	supercritical
586.00	148.00	93.343	0.010713	382.87	541.42	5.7368	0.74580	1.0414	481.36	0.022349	3.6242e-05	0.050097	supercritical
587.00	148.00	93.181	0.010732	383.63	542.46	5.7386	0.74607	1.0415	481.72	0.022101	3.6280e-05	0.050155	supercritical
588.00	148.00	93.019	0.010750	384.40	543.51	5.7404	0.74635	1.0417	482.08	0.021855	3.6318e-05	0.050214	supercritical
589.00	148.00	92.858	0.010769	385.16	544.55	5.7421	0.74663	1.0418	482.45	0.021609	3.6357e-05	0.050273	supercritical
590.00	148.00	92.697	0.010788	385.93	545.59	5.7439	0.74691	1.0419	482.81	0.021364	3.6395e-05	0.050332	supercritical
591.00	148.00	92.537	0.010806	386.70	546.63	5.7457	0.74718	1.0421	483.17	0.021121	3.6433e-05	0.050390	supercritical
592.00	148.00	92.378	0.010825	387.46	547.67	5.7474	0.74746	1.0422	483.53	0.020878	3.6471e-05	0.050449	supercritical
593.00	148.00	92.219	0.010844	388.23	548.72	5.7492	0.74774	1.0423	483.89	0.020636	3.6509e-05	0.050508	supercritical
594.00	148.00	92.060	0.010862	388.99	549.76	5.7510	0.74801	1.0425	484.25	0.020396	3.6547e-05	0.050567	supercritical
595.00	148.00	91.903	0.010881	389.76	550.80	5.7527	0.74829	1.0426	484.61	0.020156	3.6585e-05	0.050625	supercritical
596.00	148.00	91.745	0.010900	390.53	551.84	5.7545	0.74857	1.0427	484.96	0.019917	3.6623e-05	0.050684	supercritical
597.00	148.00	91.589	0.010918	391.30	552.89	5.7562	0.74884	1.0429	485.32	0.019679	3.6661e-05	0.050743	supercritical
598.00	148.00	91.433	0.010937	392.06	553.93	5.7580	0.74912	1.0430	485.68	0.019443	3.6699e-05	0.050802	supercritical
599.00	148.00	91.277	0.010956	392.83	554.97	5.7597	0.74939	1.0432	486.04	0.019207	3.6737e-05	0.050860	supercritical
600.00	148.00	91.123	0.010974	393.60	556.02	5.7614	0.74967	1.0433	486.39	0.018972	3.6775e-05	0.050919	supercritical
