Temperature (K)	Pressure (bar)	Density (kg/m3)	Volume (m3/kg)	Internal Energy (kJ/kg)	Enthalpy (kJ/kg)	Entropy (J/g*K)	Cv (J/g*K)	Cp (J/g*K)	Sound Spd. (m/s)	Joule-Thomson (K/bar)	Viscosity (Pa*s)	Therm. Cond. (W/m*K)	Phase
60.000	153.00	1299.6	0.00076945	-186.46	-174.68	2.2180	1.0943	1.6435	1168.3	-0.037904	0.00065071	0.20002	liquid
61.000	153.00	1295.5	0.00077190	-184.85	-173.04	2.2452	1.0875	1.6462	1164.3	-0.037741	0.00062021	0.19875	liquid
62.000	153.00	1291.4	0.00077438	-183.24	-171.39	2.2720	1.0812	1.6484	1159.7	-0.037598	0.00059174	0.19748	liquid
63.000	153.00	1287.2	0.00077689	-181.63	-169.74	2.2984	1.0755	1.6501	1154.6	-0.037471	0.00056515	0.19620	liquid
64.000	153.00	1283.0	0.00077942	-180.02	-168.09	2.3244	1.0700	1.6513	1149.0	-0.037359	0.00054030	0.19493	liquid
65.000	153.00	1278.8	0.00078197	-178.40	-166.44	2.3500	1.0649	1.6520	1143.1	-0.037258	0.00051706	0.19365	liquid
66.000	153.00	1274.6	0.00078454	-176.79	-164.79	2.3752	1.0599	1.6524	1137.0	-0.037167	0.00049531	0.19238	liquid
67.000	153.00	1270.4	0.00078713	-175.18	-163.13	2.4001	1.0551	1.6525	1130.6	-0.037084	0.00047494	0.19110	liquid
68.000	153.00	1266.2	0.00078974	-173.56	-161.48	2.4246	1.0504	1.6523	1124.1	-0.037006	0.00045584	0.18983	liquid
69.000	153.00	1262.0	0.00079237	-171.95	-159.83	2.4487	1.0458	1.6520	1117.4	-0.036931	0.00043793	0.18855	liquid
70.000	153.00	1257.8	0.00079503	-170.34	-158.18	2.4724	1.0412	1.6514	1110.7	-0.036860	0.00042111	0.18728	liquid
71.000	153.00	1253.6	0.00079770	-168.73	-156.53	2.4959	1.0367	1.6507	1103.8	-0.036789	0.00040530	0.18600	liquid
72.000	153.00	1249.4	0.00080039	-167.12	-154.88	2.5189	1.0322	1.6499	1096.9	-0.036718	0.00039043	0.18473	liquid
73.000	153.00	1245.2	0.00080310	-165.51	-153.23	2.5417	1.0277	1.6491	1090.0	-0.036646	0.00037643	0.18346	liquid
74.000	153.00	1240.9	0.00080584	-163.91	-151.58	2.5641	1.0233	1.6482	1083.0	-0.036572	0.00036323	0.18218	liquid
75.000	153.00	1236.7	0.00080859	-162.30	-149.93	2.5862	1.0189	1.6473	1076.1	-0.036495	0.00035078	0.18091	liquid
76.000	153.00	1232.5	0.00081137	-160.70	-148.28	2.6081	1.0146	1.6464	1069.1	-0.036415	0.00033902	0.17964	liquid
77.000	153.00	1228.3	0.00081416	-159.09	-146.64	2.6296	1.0103	1.6455	1062.1	-0.036330	0.00032790	0.17837	liquid
78.000	153.00	1224.0	0.00081699	-157.49	-144.99	2.6508	1.0060	1.6446	1055.1	-0.036241	0.00031739	0.17709	liquid
79.000	153.00	1219.8	0.00081983	-155.89	-143.35	2.6717	1.0018	1.6438	1048.1	-0.036146	0.00030742	0.17582	liquid
80.000	153.00	1215.5	0.00082270	-154.29	-141.71	2.6924	0.99759	1.6430	1041.1	-0.036045	0.00029798	0.17455	liquid
81.000	153.00	1211.3	0.00082559	-152.69	-140.06	2.7128	0.99343	1.6424	1034.1	-0.035939	0.00028902	0.17328	liquid
82.000	153.00	1207.0	0.00082851	-151.10	-138.42	2.7330	0.98932	1.6417	1027.1	-0.035826	0.00028051	0.17200	liquid
83.000	153.00	1202.7	0.00083145	-149.50	-136.78	2.7529	0.98524	1.6412	1020.1	-0.035705	0.00027242	0.17073	liquid
84.000	153.00	1198.4	0.00083443	-147.90	-135.14	2.7725	0.98121	1.6408	1013.2	-0.035578	0.00026472	0.16946	liquid
85.000	153.00	1194.1	0.00083742	-146.31	-133.50	2.7919	0.97723	1.6404	1006.2	-0.035443	0.00025738	0.16818	liquid
86.000	153.00	1189.8	0.00084045	-144.72	-131.86	2.8111	0.97328	1.6401	999.26	-0.035301	0.00025038	0.16691	liquid
87.000	153.00	1185.5	0.00084350	-143.12	-130.22	2.8301	0.96939	1.6400	992.33	-0.035150	0.00024371	0.16563	liquid
88.000	153.00	1181.2	0.00084659	-141.53	-128.58	2.8488	0.96554	1.6399	985.40	-0.034992	0.00023733	0.16436	liquid
89.000	153.00	1176.9	0.00084970	-139.94	-126.94	2.8673	0.96174	1.6400	978.49	-0.034825	0.00023124	0.16308	liquid
90.000	153.00	1172.5	0.00085285	-138.35	-125.30	2.8857	0.95799	1.6401	971.58	-0.034649	0.00022540	0.16180	liquid
91.000	153.00	1168.2	0.00085603	-136.75	-123.66	2.9038	0.95428	1.6404	964.68	-0.034464	0.00021981	0.16053	liquid
92.000	153.00	1163.8	0.00085924	-135.16	-122.02	2.9217	0.95062	1.6407	957.79	-0.034270	0.00021445	0.15925	liquid
93.000	153.00	1159.4	0.00086248	-133.57	-120.38	2.9395	0.94701	1.6412	950.90	-0.034067	0.00020931	0.15797	liquid
94.000	153.00	1155.0	0.00086576	-131.98	-118.73	2.9570	0.94344	1.6418	944.02	-0.033854	0.00020437	0.15669	liquid
95.000	153.00	1150.6	0.00086908	-130.39	-117.09	2.9744	0.93993	1.6425	937.15	-0.033631	0.00019963	0.15542	liquid
96.000	153.00	1146.2	0.00087243	-128.80	-115.45	2.9916	0.93645	1.6433	930.28	-0.033399	0.00019506	0.15414	liquid
97.000	153.00	1141.8	0.00087582	-127.21	-113.81	3.0086	0.93303	1.6442	923.42	-0.033156	0.00019066	0.15286	liquid
98.000	153.00	1137.3	0.00087925	-125.61	-112.16	3.0255	0.92965	1.6452	916.55	-0.032902	0.00018643	0.15158	liquid
99.000	153.00	1132.9	0.00088272	-124.02	-110.51	3.0422	0.92632	1.6463	909.70	-0.032638	0.00018234	0.15030	liquid
100.00	153.00	1128.4	0.00088623	-122.43	-108.87	3.0588	0.92303	1.6476	902.84	-0.032363	0.00017840	0.14902	liquid
101.00	153.00	1123.9	0.00088978	-120.83	-107.22	3.0752	0.91978	1.6490	895.99	-0.032077	0.00017459	0.14774	liquid
102.00	153.00	1119.4	0.00089337	-119.24	-105.57	3.0914	0.91658	1.6504	889.14	-0.031779	0.00017091	0.14646	liquid
103.00	153.00	1114.8	0.00089701	-117.64	-103.92	3.1075	0.91343	1.6520	882.29	-0.031469	0.00016735	0.14518	liquid
104.00	153.00	1110.3	0.00090070	-116.05	-102.27	3.1235	0.91031	1.6537	875.43	-0.031147	0.00016390	0.14391	liquid
105.00	153.00	1105.7	0.00090443	-114.45	-100.61	3.1393	0.90724	1.6556	868.58	-0.030813	0.00016056	0.14263	liquid
106.00	153.00	1101.1	0.00090821	-112.85	-98.955	3.1550	0.90421	1.6575	861.73	-0.030466	0.00015732	0.14135	liquid
107.00	153.00	1096.4	0.00091204	-111.25	-97.296	3.1706	0.90123	1.6596	854.88	-0.030106	0.00015418	0.14007	liquid
108.00	153.00	1091.8	0.00091592	-109.65	-95.635	3.1861	0.89828	1.6618	848.02	-0.029732	0.00015113	0.13879	liquid
109.00	153.00	1087.1	0.00091985	-108.05	-93.973	3.2014	0.89538	1.6641	841.17	-0.029344	0.00014817	0.13752	liquid
110.00	153.00	1082.4	0.00092384	-106.44	-92.307	3.2166	0.89251	1.6665	834.31	-0.028942	0.00014529	0.13624	liquid
111.00	153.00	1077.7	0.00092788	-104.84	-90.639	3.2317	0.88969	1.6691	827.44	-0.028525	0.00014249	0.13496	liquid
112.00	153.00	1073.0	0.00093198	-103.23	-88.969	3.2467	0.88690	1.6718	820.58	-0.028093	0.00013977	0.13369	liquid
113.00	153.00	1068.2	0.00093613	-101.62	-87.296	3.2615	0.88416	1.6746	813.71	-0.027645	0.00013712	0.13242	liquid
114.00	153.00	1063.4	0.00094035	-100.01	-85.620	3.2763	0.88145	1.6775	806.83	-0.027182	0.00013453	0.13115	liquid
115.00	153.00	1058.6	0.00094463	-98.394	-83.941	3.2910	0.87878	1.6806	799.95	-0.026701	0.00013201	0.12988	liquid
116.00	153.00	1053.8	0.00094898	-96.778	-82.259	3.3055	0.87615	1.6838	793.07	-0.026203	0.00012956	0.12862	liquid
117.00	153.00	1048.9	0.00095339	-95.160	-80.573	3.3200	0.87356	1.6872	786.18	-0.025688	0.00012716	0.12735	liquid
118.00	153.00	1044.0	0.00095787	-93.539	-78.884	3.3344	0.87101	1.6907	779.28	-0.025153	0.00012482	0.12609	liquid
119.00	153.00	1039.1	0.00096241	-91.917	-77.192	3.3487	0.86849	1.6943	772.38	-0.024600	0.00012254	0.12483	liquid
120.00	153.00	1034.1	0.00096704	-90.291	-75.495	3.3629	0.86601	1.6981	765.48	-0.024028	0.00012030	0.12358	liquid
121.00	153.00	1029.1	0.00097173	-88.663	-73.795	3.3770	0.86357	1.7021	758.56	-0.023434	0.00011812	0.12232	liquid
122.00	153.00	1024.1	0.00097651	-87.032	-72.091	3.3910	0.86117	1.7062	751.64	-0.022820	0.00011599	0.12107	liquid
123.00	153.00	1019.0	0.00098136	-85.398	-70.383	3.4049	0.85880	1.7105	744.72	-0.022184	0.00011390	0.11982	liquid
124.00	153.00	1013.9	0.00098629	-83.760	-68.670	3.4188	0.85647	1.7149	737.79	-0.021525	0.00011186	0.11857	liquid
125.00	153.00	1008.8	0.00099131	-82.120	-66.953	3.4326	0.85418	1.7195	730.85	-0.020842	0.00010985	0.11732	liquid
126.00	153.00	1003.6	0.00099642	-80.476	-65.231	3.4463	0.85192	1.7243	723.90	-0.020135	0.00010790	0.11608	liquid
127.00	153.00	998.38	0.0010016	-78.829	-63.504	3.4600	0.84971	1.7292	716.94	-0.019403	0.00010598	0.11484	liquid
128.00	153.00	993.14	0.0010069	-77.178	-61.772	3.4735	0.84753	1.7344	709.98	-0.018644	0.00010409	0.11360	liquid
129.00	153.00	987.85	0.0010123	-75.524	-60.035	3.4871	0.84538	1.7397	703.01	-0.017858	0.00010225	0.11237	liquid
130.00	153.00	982.52	0.0010178	-73.865	-58.293	3.5005	0.84328	1.7453	696.03	-0.017043	0.00010044	0.11114	liquid
131.00	153.00	977.15	0.0010234	-72.203	-56.545	3.5139	0.84121	1.7510	689.05	-0.016199	9.8667e-05	0.10991	liquid
132.00	153.00	971.74	0.0010291	-70.536	-54.791	3.5273	0.83918	1.7569	682.06	-0.015324	9.6927e-05	0.10869	liquid
133.00	153.00	966.28	0.0010349	-68.865	-53.031	3.5405	0.83719	1.7631	675.06	-0.014417	9.5219e-05	0.10747	liquid
134.00	153.00	960.77	0.0010408	-67.189	-51.265	3.5538	0.83523	1.7695	668.05	-0.013476	9.3542e-05	0.10626	liquid
135.00	153.00	955.22	0.0010469	-65.509	-49.492	3.5669	0.83332	1.7761	661.04	-0.012501	9.1896e-05	0.10505	liquid
136.00	153.00	949.62	0.0010530	-63.824	-47.712	3.5801	0.83144	1.7830	654.02	-0.011490	9.0280e-05	0.10384	liquid
137.00	153.00	943.97	0.0010594	-62.134	-45.926	3.5932	0.82960	1.7901	646.99	-0.010441	8.8692e-05	0.10264	liquid
138.00	153.00	938.27	0.0010658	-60.439	-44.132	3.6062	0.82780	1.7974	639.95	-0.0093529	8.7132e-05	0.10145	liquid
139.00	153.00	932.52	0.0010724	-58.738	-42.331	3.6192	0.82604	1.8050	632.91	-0.0082236	8.5600e-05	0.10026	liquid
140.00	153.00	926.71	0.0010791	-57.032	-40.522	3.6322	0.82433	1.8129	625.87	-0.0070517	8.4094e-05	0.099073	liquid
141.00	153.00	920.85	0.0010860	-55.320	-38.705	3.6451	0.82265	1.8211	618.82	-0.0058353	8.2613e-05	0.097893	liquid
142.00	153.00	914.93	0.0010930	-53.602	-36.880	3.6580	0.82101	1.8296	611.76	-0.0045724	8.1158e-05	0.096720	liquid
143.00	153.00	908.95	0.0011002	-51.878	-35.046	3.6709	0.81942	1.8384	604.70	-0.0032610	7.9728e-05	0.095553	liquid
144.00	153.00	902.91	0.0011075	-50.148	-33.203	3.6837	0.81786	1.8474	597.64	-0.0018990	7.8322e-05	0.094392	liquid
145.00	153.00	896.80	0.0011151	-48.411	-31.351	3.6965	0.81635	1.8569	590.57	-0.00048415	7.6939e-05	0.093237	liquid
146.00	153.00	890.64	0.0011228	-46.668	-29.489	3.7093	0.81488	1.8666	583.50	0.00098575	7.5579e-05	0.092090	liquid
147.00	153.00	884.40	0.0011307	-44.917	-27.617	3.7221	0.81346	1.8767	576.44	0.0025132	7.4242e-05	0.090949	liquid
148.00	153.00	878.10	0.0011388	-43.160	-25.736	3.7349	0.81208	1.8871	569.37	0.0041006	7.2926e-05	0.089815	liquid
149.00	153.00	871.73	0.0011471	-41.394	-23.843	3.7476	0.81074	1.8979	562.31	0.0057507	7.1632e-05	0.088688	liquid
150.00	153.00	865.29	0.0011557	-39.622	-21.940	3.7604	0.80945	1.9091	555.25	0.0074662	7.0360e-05	0.087570	liquid
151.00	153.00	858.77	0.0011645	-37.841	-20.025	3.7731	0.80820	1.9207	548.20	0.0092498	6.9108e-05	0.086459	liquid
152.00	153.00	852.18	0.0011735	-36.052	-18.098	3.7858	0.80700	1.9326	541.15	0.011105	6.7876e-05	0.085356	liquid
153.00	153.00	845.51	0.0011827	-34.255	-16.159	3.7985	0.80584	1.9450	534.12	0.013033	6.6665e-05	0.084261	liquid
154.00	153.00	838.75	0.0011922	-32.449	-14.208	3.8112	0.80473	1.9578	527.09	0.015039	6.5473e-05	0.083175	liquid
155.00	153.00	831.92	0.0012020	-30.635	-12.244	3.8239	0.80366	1.9710	520.09	0.017126	6.4300e-05	0.082097	supercritical
156.00	153.00	825.01	0.0012121	-28.811	-10.266	3.8367	0.80264	1.9846	513.10	0.019296	6.3147e-05	0.081028	supercritical
157.00	153.00	818.00	0.0012225	-26.978	-8.2744	3.8494	0.80167	1.9986	506.13	0.021553	6.2012e-05	0.079969	supercritical
158.00	153.00	810.91	0.0012332	-25.136	-6.2685	3.8621	0.80074	2.0131	499.19	0.023900	6.0896e-05	0.078919	supercritical
159.00	153.00	803.73	0.0012442	-23.284	-4.2480	3.8749	0.79986	2.0280	492.28	0.026342	5.9798e-05	0.077878	supercritical
160.00	153.00	796.46	0.0012556	-21.422	-2.2124	3.8876	0.79902	2.0433	485.40	0.028880	5.8719e-05	0.076848	supercritical
161.00	153.00	789.10	0.0012673	-19.550	-0.16120	3.9004	0.79823	2.0591	478.56	0.031519	5.7657e-05	0.075827	supercritical
162.00	153.00	781.64	0.0012794	-17.668	1.9059	3.9132	0.79748	2.0752	471.76	0.034261	5.6612e-05	0.074816	supercritical
163.00	153.00	774.08	0.0012918	-15.776	3.9894	3.9260	0.79677	2.0918	465.01	0.037111	5.5585e-05	0.073816	supercritical
164.00	153.00	766.43	0.0013047	-13.873	6.0896	3.9389	0.79609	2.1087	458.31	0.040070	5.4576e-05	0.072826	supercritical
165.00	153.00	758.68	0.0013181	-11.960	8.2069	3.9517	0.79546	2.1260	451.68	0.043142	5.3583e-05	0.071847	supercritical
166.00	153.00	750.84	0.0013318	-10.036	10.342	3.9646	0.79486	2.1435	445.11	0.046329	5.2608e-05	0.070879	supercritical
167.00	153.00	742.89	0.0013461	-8.1011	12.494	3.9776	0.79429	2.1613	438.62	0.049633	5.1649e-05	0.069922	supercritical
168.00	153.00	734.85	0.0013608	-6.1562	14.664	3.9905	0.79375	2.1793	432.21	0.053056	5.0707e-05	0.068976	supercritical
169.00	153.00	726.71	0.0013761	-4.2010	16.853	4.0035	0.79323	2.1974	425.88	0.056598	4.9783e-05	0.068041	supercritical
170.00	153.00	718.48	0.0013918	-2.2358	19.059	4.0165	0.79274	2.2156	419.66	0.060259	4.8874e-05	0.067118	supercritical
171.00	153.00	710.15	0.0014081	-0.26087	21.284	4.0296	0.79226	2.2337	413.54	0.064039	4.7983e-05	0.066206	supercritical
172.00	153.00	701.74	0.0014250	1.7234	23.526	4.0427	0.79180	2.2516	407.53	0.067936	4.7109e-05	0.065305	supercritical
173.00	153.00	693.23	0.0014425	3.7164	25.787	4.0558	0.79134	2.2692	401.65	0.071947	4.6251e-05	0.064417	supercritical
174.00	153.00	684.65	0.0014606	5.7176	28.065	4.0689	0.79090	2.2864	395.90	0.076067	4.5410e-05	0.063539	supercritical
175.00	153.00	676.00	0.0014793	7.7262	30.359	4.0820	0.79045	2.3029	390.29	0.080292	4.4587e-05	0.062674	supercritical
176.00	153.00	667.27	0.0014986	9.7412	32.670	4.0952	0.79000	2.3188	384.84	0.084615	4.3781e-05	0.061820	supercritical
177.00	153.00	658.49	0.0015186	11.762	34.997	4.1084	0.78954	2.3337	379.55	0.089029	4.2992e-05	0.060979	supercritical
178.00	153.00	649.66	0.0015393	13.786	37.337	4.1216	0.78906	2.3475	374.42	0.093523	4.2221e-05	0.060149	supercritical
179.00	153.00	640.78	0.0015606	15.814	39.691	4.1348	0.78857	2.3601	369.47	0.098090	4.1469e-05	0.059332	supercritical
180.00	153.00	631.88	0.0015826	17.844	42.057	4.1479	0.78805	2.3713	364.71	0.10272	4.0734e-05	0.058527	supercritical
181.00	153.00	622.96	0.0016052	19.873	44.433	4.1611	0.78751	2.3809	360.14	0.10739	4.0018e-05	0.057734	supercritical
182.00	153.00	614.04	0.0016286	21.901	46.818	4.1742	0.78693	2.3889	355.76	0.11211	3.9320e-05	0.056954	supercritical
183.00	153.00	605.12	0.0016526	23.926	49.211	4.1874	0.78631	2.3951	351.58	0.11684	3.8642e-05	0.056187	supercritical
184.00	153.00	596.23	0.0016772	25.947	51.608	4.2004	0.78565	2.3994	347.61	0.12159	3.7982e-05	0.055433	supercritical
185.00	153.00	587.37	0.0017025	27.960	54.009	4.2134	0.78494	2.4017	343.84	0.12634	3.7342e-05	0.054692	supercritical
186.00	153.00	578.57	0.0017284	29.966	56.411	4.2264	0.78418	2.4020	340.28	0.13106	3.6721e-05	0.053965	supercritical
187.00	153.00	569.82	0.0017549	31.962	58.812	4.2393	0.78336	2.4003	336.92	0.13576	3.6120e-05	0.053252	supercritical
188.00	153.00	561.16	0.0017820	33.946	61.211	4.2520	0.78248	2.3965	333.77	0.14041	3.5539e-05	0.052553	supercritical
189.00	153.00	552.59	0.0018097	35.916	63.604	4.2647	0.78153	2.3906	330.81	0.14501	3.4978e-05	0.051868	supercritical
190.00	153.00	544.11	0.0018378	37.872	65.991	4.2773	0.78052	2.3827	328.05	0.14952	3.4436e-05	0.051198	supercritical
191.00	153.00	535.76	0.0018665	39.811	68.369	4.2898	0.77945	2.3728	325.49	0.15395	3.3914e-05	0.050543	supercritical
192.00	153.00	527.53	0.0018956	41.733	70.736	4.3022	0.77832	2.3609	323.11	0.15828	3.3411e-05	0.049904	supercritical
193.00	153.00	519.43	0.0019252	43.635	73.090	4.3144	0.77712	2.3473	320.91	0.16250	3.2928e-05	0.049281	supercritical
194.00	153.00	511.48	0.0019551	45.517	75.430	4.3265	0.77586	2.3319	318.89	0.16659	3.2464e-05	0.048673	supercritical
195.00	153.00	503.69	0.0019854	47.377	77.753	4.3385	0.77455	2.3149	317.03	0.17055	3.2020e-05	0.048082	supercritical
196.00	153.00	496.05	0.0020159	49.215	80.059	4.3502	0.77318	2.2966	315.34	0.17437	3.1594e-05	0.047507	supercritical
197.00	153.00	488.57	0.0020468	51.030	82.346	4.3619	0.77176	2.2769	313.81	0.17803	3.1186e-05	0.046949	supercritical
198.00	153.00	481.26	0.0020779	52.821	84.613	4.3734	0.77030	2.2561	312.42	0.18154	3.0796e-05	0.046408	supercritical
199.00	153.00	474.13	0.0021091	54.588	86.858	4.3847	0.76880	2.2343	311.17	0.18488	3.0424e-05	0.045883	supercritical
200.00	153.00	467.17	0.0021406	56.330	89.081	4.3958	0.76728	2.2117	310.06	0.18806	3.0070e-05	0.045376	supercritical
201.00	153.00	460.38	0.0021721	58.048	91.281	4.4068	0.76572	2.1886	309.07	0.19108	2.9731e-05	0.044885	supercritical
202.00	153.00	453.77	0.0022038	59.740	93.458	4.4176	0.76414	2.1649	308.20	0.19393	2.9409e-05	0.044411	supercritical
203.00	153.00	447.33	0.0022355	61.408	95.611	4.4282	0.76254	2.1409	307.43	0.19662	2.9103e-05	0.043954	supercritical
204.00	153.00	441.06	0.0022673	63.051	97.740	4.4387	0.76094	2.1166	306.77	0.19914	2.8811e-05	0.043513	supercritical
205.00	153.00	434.96	0.0022990	64.669	99.844	4.4490	0.75933	2.0923	306.21	0.20150	2.8534e-05	0.043089	supercritical
206.00	153.00	429.03	0.0023308	66.263	101.92	4.4591	0.75771	2.0680	305.74	0.20370	2.8271e-05	0.042680	supercritical
207.00	153.00	423.27	0.0023626	67.833	103.98	4.4691	0.75610	2.0438	305.35	0.20575	2.8022e-05	0.042287	supercritical
208.00	153.00	417.66	0.0023943	69.380	106.01	4.4788	0.75449	2.0198	305.04	0.20765	2.7785e-05	0.041910	supercritical
209.00	153.00	412.22	0.0024259	70.904	108.02	4.4885	0.75289	1.9961	304.80	0.20941	2.7560e-05	0.041547	supercritical
210.00	153.00	406.92	0.0024575	72.405	110.00	4.4979	0.75130	1.9727	304.63	0.21102	2.7347e-05	0.041198	supercritical
211.00	153.00	401.77	0.0024890	73.885	111.97	4.5073	0.74973	1.9497	304.52	0.21251	2.7145e-05	0.040864	supercritical
212.00	153.00	396.77	0.0025203	75.343	113.90	4.5164	0.74818	1.9271	304.47	0.21386	2.6954e-05	0.040544	supercritical
213.00	153.00	391.91	0.0025516	76.780	115.82	4.5254	0.74664	1.9049	304.47	0.21508	2.6773e-05	0.040236	supercritical
214.00	153.00	387.18	0.0025828	78.198	117.71	4.5343	0.74513	1.8832	304.52	0.21619	2.6602e-05	0.039942	supercritical
215.00	153.00	382.59	0.0026138	79.595	119.59	4.5430	0.74364	1.8620	304.62	0.21719	2.6440e-05	0.039659	supercritical
216.00	153.00	378.12	0.0026447	80.974	121.44	4.5516	0.74217	1.8413	304.76	0.21807	2.6287e-05	0.039389	supercritical
217.00	153.00	373.77	0.0026755	82.335	123.27	4.5601	0.74072	1.8211	304.94	0.21885	2.6142e-05	0.039130	supercritical
218.00	153.00	369.54	0.0027061	83.677	125.08	4.5684	0.73931	1.8014	305.16	0.21954	2.6005e-05	0.038882	supercritical
219.00	153.00	365.42	0.0027366	85.003	126.87	4.5766	0.73791	1.7823	305.41	0.22013	2.5876e-05	0.038645	supercritical
220.00	153.00	361.41	0.0027669	86.311	128.65	4.5847	0.73655	1.7636	305.69	0.22062	2.5754e-05	0.038418	supercritical
221.00	153.00	357.51	0.0027971	87.604	130.40	4.5927	0.73521	1.7455	306.00	0.22104	2.5639e-05	0.038202	supercritical
222.00	153.00	353.71	0.0028271	88.881	132.14	4.6005	0.73390	1.7279	306.33	0.22137	2.5530e-05	0.037994	supercritical
223.00	153.00	350.01	0.0028570	90.143	133.86	4.6082	0.73262	1.7108	306.69	0.22162	2.5427e-05	0.037796	supercritical
224.00	153.00	346.41	0.0028868	91.391	135.56	4.6158	0.73137	1.6941	307.08	0.22181	2.5331e-05	0.037606	supercritical
225.00	153.00	342.89	0.0029164	92.624	137.24	4.6234	0.73014	1.6780	307.48	0.22192	2.5240e-05	0.037425	supercritical
226.00	153.00	339.47	0.0029458	93.844	138.91	4.6308	0.72894	1.6623	307.90	0.22197	2.5155e-05	0.037252	supercritical
227.00	153.00	336.13	0.0029751	95.050	140.57	4.6381	0.72777	1.6471	308.35	0.22195	2.5074e-05	0.037087	supercritical
228.00	153.00	332.87	0.0030042	96.244	142.21	4.6453	0.72663	1.6323	308.80	0.22188	2.4999e-05	0.036929	supercritical
229.00	153.00	329.69	0.0030332	97.426	143.83	4.6524	0.72551	1.6180	309.28	0.22175	2.4928e-05	0.036778	supercritical
230.00	153.00	326.58	0.0030620	98.596	145.44	4.6594	0.72442	1.6041	309.77	0.22157	2.4862e-05	0.036635	supercritical
231.00	153.00	323.55	0.0030907	99.754	147.04	4.6663	0.72336	1.5905	310.27	0.22134	2.4799e-05	0.036498	supercritical
232.00	153.00	320.59	0.0031193	100.90	148.63	4.6732	0.72232	1.5774	310.78	0.22106	2.4741e-05	0.036367	supercritical
233.00	153.00	317.69	0.0031477	102.04	150.20	4.6799	0.72131	1.5647	311.31	0.22074	2.4687e-05	0.036242	supercritical
234.00	153.00	314.87	0.0031759	103.16	151.76	4.6866	0.72032	1.5523	311.84	0.22037	2.4636e-05	0.036123	supercritical
235.00	153.00	312.10	0.0032041	104.28	153.30	4.6932	0.71936	1.5403	312.39	0.21997	2.4589e-05	0.036010	supercritical
236.00	153.00	309.40	0.0032320	105.39	154.84	4.6997	0.71842	1.5287	312.94	0.21953	2.4546e-05	0.035902	supercritical
237.00	153.00	306.76	0.0032599	106.48	156.36	4.7062	0.71751	1.5173	313.50	0.21905	2.4505e-05	0.035800	supercritical
238.00	153.00	304.17	0.0032876	107.57	157.87	4.7125	0.71662	1.5064	314.07	0.21854	2.4467e-05	0.035702	supercritical
239.00	153.00	301.64	0.0033152	108.65	159.37	4.7188	0.71575	1.4957	314.65	0.21800	2.4433e-05	0.035610	supercritical
240.00	153.00	299.17	0.0033426	109.72	160.86	4.7250	0.71490	1.4853	315.23	0.21743	2.4401e-05	0.035521	supercritical
241.00	153.00	296.74	0.0033700	110.78	162.34	4.7312	0.71407	1.4752	315.82	0.21684	2.4372e-05	0.035438	supercritical
242.00	153.00	294.36	0.0033971	111.84	163.81	4.7373	0.71327	1.4654	316.41	0.21621	2.4345e-05	0.035358	supercritical
243.00	153.00	292.04	0.0034242	112.88	165.27	4.7433	0.71249	1.4559	317.01	0.21557	2.4321e-05	0.035283	supercritical
244.00	153.00	289.76	0.0034512	113.92	166.72	4.7493	0.71173	1.4466	317.61	0.21490	2.4300e-05	0.035212	supercritical
245.00	153.00	287.52	0.0034780	114.95	168.17	4.7552	0.71098	1.4376	318.22	0.21421	2.4280e-05	0.035144	supercritical
246.00	153.00	285.33	0.0035047	115.98	169.60	4.7610	0.71026	1.4289	318.83	0.21349	2.4263e-05	0.035081	supercritical
247.00	153.00	283.18	0.0035313	117.00	171.02	4.7668	0.70956	1.4203	319.45	0.21276	2.4247e-05	0.035020	supercritical
248.00	153.00	281.08	0.0035578	118.01	172.44	4.7725	0.70887	1.4121	320.07	0.21202	2.4234e-05	0.034964	supercritical
249.00	153.00	279.01	0.0035841	119.01	173.85	4.7782	0.70820	1.4040	320.69	0.21125	2.4223e-05	0.034910	supercritical
250.00	153.00	276.98	0.0036104	120.01	175.25	4.7838	0.70755	1.3961	321.31	0.21047	2.4213e-05	0.034860	supercritical
251.00	153.00	274.99	0.0036365	121.00	176.64	4.7893	0.70692	1.3885	321.93	0.20968	2.4205e-05	0.034812	supercritical
252.00	153.00	273.03	0.0036625	121.99	178.03	4.7948	0.70630	1.3810	322.56	0.20887	2.4199e-05	0.034768	supercritical
253.00	153.00	271.12	0.0036885	122.97	179.40	4.8003	0.70570	1.3738	323.19	0.20805	2.4195e-05	0.034727	supercritical
254.00	153.00	269.23	0.0037143	123.94	180.77	4.8057	0.70512	1.3667	323.82	0.20722	2.4192e-05	0.034688	supercritical
255.00	153.00	267.38	0.0037400	124.91	182.14	4.8111	0.70455	1.3598	324.45	0.20637	2.4190e-05	0.034652	supercritical
256.00	153.00	265.56	0.0037656	125.88	183.49	4.8164	0.70400	1.3531	325.08	0.20552	2.4190e-05	0.034618	supercritical
257.00	153.00	263.77	0.0037912	126.84	184.84	4.8216	0.70346	1.3466	325.72	0.20466	2.4191e-05	0.034587	supercritical
258.00	153.00	262.01	0.0038166	127.79	186.19	4.8269	0.70294	1.3402	326.35	0.20379	2.4194e-05	0.034559	supercritical
259.00	153.00	260.29	0.0038419	128.74	187.52	4.8320	0.70243	1.3340	326.99	0.20291	2.4198e-05	0.034532	supercritical
260.00	153.00	258.59	0.0038672	129.69	188.85	4.8372	0.70193	1.3279	327.63	0.20202	2.4203e-05	0.034508	supercritical
261.00	153.00	256.92	0.0038923	130.63	190.18	4.8422	0.70145	1.3220	328.26	0.20113	2.4210e-05	0.034486	supercritical
262.00	153.00	255.27	0.0039174	131.56	191.50	4.8473	0.70098	1.3163	328.90	0.20023	2.4217e-05	0.034467	supercritical
263.00	153.00	253.66	0.0039423	132.49	192.81	4.8523	0.70053	1.3106	329.54	0.19933	2.4226e-05	0.034449	supercritical
264.00	153.00	252.07	0.0039672	133.42	194.12	4.8573	0.70008	1.3051	330.17	0.19842	2.4235e-05	0.034433	supercritical
265.00	153.00	250.50	0.0039920	134.34	195.42	4.8622	0.69965	1.2998	330.81	0.19751	2.4246e-05	0.034419	supercritical
266.00	153.00	248.96	0.0040167	135.26	196.72	4.8671	0.69923	1.2945	331.45	0.19659	2.4258e-05	0.034407	supercritical
267.00	153.00	247.44	0.0040413	136.18	198.01	4.8719	0.69883	1.2894	332.08	0.19567	2.4270e-05	0.034396	supercritical
268.00	153.00	245.95	0.0040659	137.09	199.30	4.8767	0.69843	1.2844	332.72	0.19474	2.4284e-05	0.034388	supercritical
269.00	153.00	244.48	0.0040903	138.00	200.58	4.8815	0.69805	1.2795	333.36	0.19382	2.4298e-05	0.034381	supercritical
270.00	153.00	243.03	0.0041147	138.90	201.86	4.8862	0.69767	1.2748	333.99	0.19289	2.4314e-05	0.034375	supercritical
271.00	153.00	241.60	0.0041390	139.80	203.13	4.8909	0.69731	1.2701	334.63	0.19195	2.4330e-05	0.034371	supercritical
272.00	153.00	240.20	0.0041633	140.70	204.40	4.8956	0.69696	1.2656	335.26	0.19102	2.4347e-05	0.034369	supercritical
273.00	153.00	238.81	0.0041874	141.59	205.66	4.9002	0.69662	1.2611	335.89	0.19009	2.4364e-05	0.034368	supercritical
274.00	153.00	237.44	0.0042115	142.48	206.92	4.9048	0.69629	1.2567	336.53	0.18915	2.4383e-05	0.034369	supercritical
275.00	153.00	236.10	0.0042355	143.37	208.17	4.9094	0.69596	1.2525	337.16	0.18821	2.4402e-05	0.034371	supercritical
276.00	153.00	234.77	0.0042595	144.26	209.43	4.9140	0.69565	1.2483	337.79	0.18727	2.4422e-05	0.034374	supercritical
277.00	153.00	233.46	0.0042833	145.14	210.67	4.9185	0.69535	1.2443	338.42	0.18634	2.4442e-05	0.034378	supercritical
278.00	153.00	232.17	0.0043071	146.01	211.91	4.9229	0.69506	1.2403	339.05	0.18540	2.4463e-05	0.034384	supercritical
279.00	153.00	230.90	0.0043309	146.89	213.15	4.9274	0.69477	1.2364	339.68	0.18446	2.4485e-05	0.034391	supercritical
280.00	153.00	229.65	0.0043545	147.76	214.39	4.9318	0.69450	1.2326	340.31	0.18352	2.4507e-05	0.034399	supercritical
281.00	153.00	228.41	0.0043781	148.63	215.62	4.9362	0.69423	1.2288	340.93	0.18258	2.4530e-05	0.034409	supercritical
282.00	153.00	227.19	0.0044017	149.50	216.84	4.9405	0.69397	1.2252	341.56	0.18165	2.4554e-05	0.034419	supercritical
283.00	153.00	225.98	0.0044251	150.36	218.07	4.9449	0.69372	1.2216	342.18	0.18071	2.4578e-05	0.034430	supercritical
284.00	153.00	224.79	0.0044485	151.22	219.29	4.9492	0.69348	1.2181	342.81	0.17978	2.4602e-05	0.034443	supercritical
285.00	153.00	223.62	0.0044719	152.08	220.50	4.9535	0.69325	1.2146	343.43	0.17884	2.4628e-05	0.034456	supercritical
286.00	153.00	222.46	0.0044952	152.94	221.72	4.9577	0.69302	1.2113	344.05	0.17791	2.4653e-05	0.034471	supercritical
287.00	153.00	221.32	0.0045184	153.80	222.93	4.9619	0.69280	1.2080	344.67	0.17698	2.4679e-05	0.034486	supercritical
288.00	153.00	220.19	0.0045415	154.65	224.13	4.9661	0.69259	1.2048	345.29	0.17605	2.4706e-05	0.034503	supercritical
289.00	153.00	219.08	0.0045646	155.50	225.34	4.9703	0.69239	1.2016	345.90	0.17513	2.4733e-05	0.034520	supercritical
290.00	153.00	217.97	0.0045877	156.34	226.54	4.9744	0.69219	1.1985	346.52	0.17420	2.4760e-05	0.034538	supercritical
291.00	153.00	216.89	0.0046107	157.19	227.73	4.9786	0.69201	1.1955	347.14	0.17328	2.4788e-05	0.034557	supercritical
292.00	153.00	215.81	0.0046336	158.03	228.93	4.9827	0.69182	1.1925	347.75	0.17236	2.4816e-05	0.034576	supercritical
293.00	153.00	214.75	0.0046565	158.87	230.12	4.9867	0.69165	1.1896	348.36	0.17144	2.4845e-05	0.034597	supercritical
294.00	153.00	213.71	0.0046793	159.71	231.31	4.9908	0.69148	1.1867	348.97	0.17052	2.4874e-05	0.034618	supercritical
295.00	153.00	212.67	0.0047021	160.55	232.49	4.9948	0.69132	1.1839	349.58	0.16961	2.4904e-05	0.034639	supercritical
296.00	153.00	211.65	0.0047248	161.38	233.67	4.9988	0.69117	1.1812	350.19	0.16870	2.4933e-05	0.034662	supercritical
297.00	153.00	210.64	0.0047475	162.22	234.85	5.0028	0.69102	1.1785	350.80	0.16779	2.4964e-05	0.034685	supercritical
298.00	153.00	209.64	0.0047701	163.05	236.03	5.0067	0.69088	1.1759	351.40	0.16688	2.4994e-05	0.034709	supercritical
299.00	153.00	208.65	0.0047927	163.88	237.21	5.0107	0.69074	1.1733	352.01	0.16598	2.5025e-05	0.034733	supercritical
300.00	153.00	207.68	0.0048152	164.71	238.38	5.0146	0.69061	1.1707	352.61	0.16508	2.5056e-05	0.034758	supercritical
301.00	153.00	206.71	0.0048377	165.53	239.55	5.0185	0.69049	1.1682	353.21	0.16418	2.5088e-05	0.034783	supercritical
302.00	153.00	205.76	0.0048601	166.35	240.71	5.0224	0.69037	1.1658	353.81	0.16329	2.5119e-05	0.034808	supercritical
303.00	153.00	204.82	0.0048824	167.18	241.88	5.0262	0.69026	1.1634	354.41	0.16240	2.5151e-05	0.034834	supercritical
304.00	153.00	203.88	0.0049048	168.00	243.04	5.0300	0.69015	1.1610	355.00	0.16151	2.5184e-05	0.034860	supercritical
305.00	153.00	202.96	0.0049271	168.82	244.20	5.0338	0.69005	1.1587	355.60	0.16063	2.5216e-05	0.034886	supercritical
306.00	153.00	202.05	0.0049493	169.63	245.36	5.0376	0.68995	1.1564	356.19	0.15974	2.5249e-05	0.034912	supercritical
307.00	153.00	201.15	0.0049715	170.45	246.51	5.0414	0.68986	1.1542	356.79	0.15887	2.5282e-05	0.034937	supercritical
308.00	153.00	200.26	0.0049936	171.26	247.67	5.0451	0.68978	1.1520	357.38	0.15799	2.5316e-05	0.034961	supercritical
309.00	153.00	199.37	0.0050157	172.08	248.82	5.0489	0.68970	1.1499	357.97	0.15712	2.5349e-05	0.034976	supercritical
310.00	153.00	198.50	0.0050378	172.89	249.97	5.0526	0.68962	1.1478	358.56	0.15625	2.5383e-05	0.035001	supercritical
311.00	153.00	197.64	0.0050598	173.70	251.11	5.0563	0.68956	1.1457	359.14	0.15538	2.5417e-05	0.035038	supercritical
312.00	153.00	196.78	0.0050818	174.51	252.26	5.0600	0.68949	1.1437	359.73	0.15452	2.5452e-05	0.035076	supercritical
313.00	153.00	195.94	0.0051037	175.31	253.40	5.0636	0.68943	1.1417	360.31	0.15366	2.5486e-05	0.035114	supercritical
314.00	153.00	195.10	0.0051256	176.12	254.54	5.0673	0.68938	1.1397	360.89	0.15281	2.5521e-05	0.035153	supercritical
315.00	153.00	194.27	0.0051474	176.92	255.68	5.0709	0.68933	1.1378	361.48	0.15196	2.5556e-05	0.035192	supercritical
316.00	153.00	193.45	0.0051692	177.73	256.82	5.0745	0.68928	1.1359	362.06	0.15111	2.5591e-05	0.035232	supercritical
317.00	153.00	192.64	0.0051910	178.53	257.95	5.0781	0.68924	1.1341	362.63	0.15027	2.5626e-05	0.035271	supercritical
318.00	153.00	191.84	0.0052128	179.33	259.09	5.0816	0.68921	1.1322	363.21	0.14942	2.5662e-05	0.035312	supercritical
319.00	153.00	191.04	0.0052344	180.13	260.22	5.0852	0.68917	1.1305	363.79	0.14859	2.5698e-05	0.035352	supercritical
320.00	153.00	190.26	0.0052561	180.93	261.35	5.0887	0.68915	1.1287	364.36	0.14775	2.5734e-05	0.035393	supercritical
321.00	153.00	189.48	0.0052777	181.72	262.47	5.0922	0.68913	1.1270	364.93	0.14692	2.5770e-05	0.035435	supercritical
322.00	153.00	188.70	0.0052993	182.52	263.60	5.0957	0.68911	1.1253	365.50	0.14610	2.5806e-05	0.035477	supercritical
323.00	153.00	187.94	0.0053208	183.32	264.72	5.0992	0.68909	1.1236	366.07	0.14527	2.5842e-05	0.035519	supercritical
324.00	153.00	187.18	0.0053424	184.11	265.85	5.1027	0.68908	1.1220	366.64	0.14445	2.5879e-05	0.035561	supercritical
325.00	153.00	186.43	0.0053638	184.90	266.97	5.1062	0.68908	1.1204	367.21	0.14364	2.5915e-05	0.035604	supercritical
326.00	153.00	185.69	0.0053853	185.69	268.09	5.1096	0.68908	1.1188	367.77	0.14283	2.5952e-05	0.035647	supercritical
327.00	153.00	184.96	0.0054067	186.48	269.21	5.1130	0.68908	1.1172	368.34	0.14202	2.5989e-05	0.035690	supercritical
328.00	153.00	184.23	0.0054280	187.27	270.32	5.1164	0.68909	1.1157	368.90	0.14121	2.6026e-05	0.035734	supercritical
329.00	153.00	183.51	0.0054494	188.06	271.44	5.1198	0.68910	1.1142	369.46	0.14041	2.6064e-05	0.035778	supercritical
330.00	153.00	182.79	0.0054707	188.85	272.55	5.1232	0.68911	1.1127	370.02	0.13961	2.6101e-05	0.035823	supercritical
331.00	153.00	182.08	0.0054919	189.64	273.66	5.1266	0.68913	1.1113	370.58	0.13882	2.6139e-05	0.035867	supercritical
332.00	153.00	181.38	0.0055132	190.42	274.77	5.1299	0.68915	1.1098	371.14	0.13803	2.6176e-05	0.035912	supercritical
333.00	153.00	180.69	0.0055344	191.21	275.88	5.1333	0.68917	1.1084	371.69	0.13724	2.6214e-05	0.035957	supercritical
334.00	153.00	180.00	0.0055556	191.99	276.99	5.1366	0.68920	1.1071	372.25	0.13646	2.6252e-05	0.036003	supercritical
335.00	153.00	179.32	0.0055767	192.77	278.10	5.1399	0.68924	1.1057	372.80	0.13568	2.6290e-05	0.036048	supercritical
336.00	153.00	178.64	0.0055978	193.56	279.20	5.1432	0.68927	1.1044	373.35	0.13490	2.6328e-05	0.036094	supercritical
337.00	153.00	177.97	0.0056189	194.34	280.31	5.1465	0.68931	1.1031	373.90	0.13413	2.6366e-05	0.036141	supercritical
338.00	153.00	177.31	0.0056399	195.12	281.41	5.1497	0.68936	1.1018	374.45	0.13336	2.6405e-05	0.036187	supercritical
339.00	153.00	176.65	0.0056610	195.90	282.51	5.1530	0.68940	1.1005	375.00	0.13260	2.6443e-05	0.036234	supercritical
340.00	153.00	176.00	0.0056819	196.68	283.61	5.1562	0.68945	1.0993	375.55	0.13184	2.6482e-05	0.036281	supercritical
341.00	153.00	175.35	0.0057029	197.45	284.71	5.1594	0.68950	1.0980	376.09	0.13108	2.6520e-05	0.036328	supercritical
342.00	153.00	174.71	0.0057238	198.23	285.80	5.1627	0.68956	1.0968	376.64	0.13032	2.6559e-05	0.036375	supercritical
343.00	153.00	174.07	0.0057447	199.01	286.90	5.1659	0.68962	1.0957	377.18	0.12957	2.6598e-05	0.036423	supercritical
344.00	153.00	173.44	0.0057656	199.78	288.00	5.1690	0.68968	1.0945	377.72	0.12883	2.6637e-05	0.036471	supercritical
345.00	153.00	172.82	0.0057865	200.56	289.09	5.1722	0.68975	1.0933	378.26	0.12808	2.6676e-05	0.036519	supercritical
346.00	153.00	172.20	0.0058073	201.33	290.18	5.1754	0.68982	1.0922	378.80	0.12734	2.6715e-05	0.036567	supercritical
347.00	153.00	171.58	0.0058281	202.11	291.27	5.1785	0.68989	1.0911	379.34	0.12661	2.6754e-05	0.036616	supercritical
348.00	153.00	170.97	0.0058488	202.88	292.37	5.1817	0.68997	1.0900	379.87	0.12587	2.6793e-05	0.036665	supercritical
349.00	153.00	170.37	0.0058696	203.65	293.45	5.1848	0.69005	1.0890	380.41	0.12514	2.6832e-05	0.036714	supercritical
350.00	153.00	169.77	0.0058903	204.42	294.54	5.1879	0.69013	1.0879	380.94	0.12442	2.6872e-05	0.036763	supercritical
351.00	153.00	169.18	0.0059110	205.19	295.63	5.1910	0.69021	1.0869	381.47	0.12369	2.6911e-05	0.036812	supercritical
352.00	153.00	168.59	0.0059316	205.96	296.72	5.1941	0.69030	1.0859	382.00	0.12297	2.6951e-05	0.036862	supercritical
353.00	153.00	168.00	0.0059522	206.73	297.80	5.1972	0.69039	1.0849	382.53	0.12226	2.6990e-05	0.036911	supercritical
354.00	153.00	167.42	0.0059728	207.50	298.89	5.2002	0.69048	1.0839	383.06	0.12155	2.7030e-05	0.036961	supercritical
355.00	153.00	166.85	0.0059934	208.27	299.97	5.2033	0.69058	1.0829	383.59	0.12084	2.7069e-05	0.037011	supercritical
356.00	153.00	166.28	0.0060140	209.04	301.05	5.2063	0.69068	1.0820	384.11	0.12013	2.7109e-05	0.037062	supercritical
357.00	153.00	165.71	0.0060345	209.81	302.13	5.2094	0.69078	1.0810	384.64	0.11943	2.7149e-05	0.037112	supercritical
358.00	153.00	165.15	0.0060550	210.57	303.21	5.2124	0.69088	1.0801	385.16	0.11873	2.7189e-05	0.037162	supercritical
359.00	153.00	164.60	0.0060755	211.34	304.29	5.2154	0.69099	1.0792	385.68	0.11804	2.7229e-05	0.037213	supercritical
360.00	153.00	164.04	0.0060960	212.10	305.37	5.2184	0.69110	1.0783	386.20	0.11735	2.7269e-05	0.037264	supercritical
361.00	153.00	163.49	0.0061164	212.87	306.45	5.2214	0.69121	1.0774	386.72	0.11666	2.7309e-05	0.037315	supercritical
362.00	153.00	162.95	0.0061368	213.63	307.53	5.2244	0.69132	1.0766	387.24	0.11597	2.7349e-05	0.037366	supercritical
363.00	153.00	162.41	0.0061572	214.40	308.60	5.2274	0.69144	1.0757	387.76	0.11529	2.7389e-05	0.037418	supercritical
364.00	153.00	161.88	0.0061776	215.16	309.68	5.2303	0.69156	1.0749	388.27	0.11461	2.7429e-05	0.037469	supercritical
365.00	153.00	161.34	0.0061979	215.93	310.75	5.2333	0.69168	1.0741	388.79	0.11394	2.7469e-05	0.037521	supercritical
366.00	153.00	160.82	0.0062182	216.69	311.83	5.2362	0.69180	1.0733	389.30	0.11327	2.7510e-05	0.037573	supercritical
367.00	153.00	160.29	0.0062385	217.45	312.90	5.2391	0.69193	1.0725	389.82	0.11260	2.7550e-05	0.037625	supercritical
368.00	153.00	159.77	0.0062588	218.21	313.97	5.2420	0.69206	1.0717	390.33	0.11193	2.7590e-05	0.037677	supercritical
369.00	153.00	159.26	0.0062791	218.97	315.04	5.2450	0.69219	1.0709	390.84	0.11127	2.7631e-05	0.037729	supercritical
370.00	153.00	158.75	0.0062993	219.73	316.11	5.2478	0.69233	1.0702	391.35	0.11061	2.7671e-05	0.037781	supercritical
371.00	153.00	158.24	0.0063195	220.50	317.18	5.2507	0.69246	1.0695	391.85	0.10996	2.7711e-05	0.037834	supercritical
372.00	153.00	157.74	0.0063397	221.26	318.25	5.2536	0.69260	1.0687	392.36	0.10930	2.7752e-05	0.037886	supercritical
373.00	153.00	157.24	0.0063599	222.02	319.32	5.2565	0.69274	1.0680	392.87	0.10866	2.7792e-05	0.037939	supercritical
374.00	153.00	156.74	0.0063800	222.77	320.39	5.2593	0.69288	1.0673	393.37	0.10801	2.7833e-05	0.037992	supercritical
375.00	153.00	156.25	0.0064002	223.53	321.46	5.2622	0.69303	1.0666	393.87	0.10737	2.7873e-05	0.038045	supercritical
376.00	153.00	155.76	0.0064203	224.29	322.52	5.2650	0.69318	1.0659	394.38	0.10673	2.7914e-05	0.038098	supercritical
377.00	153.00	155.27	0.0064404	225.05	323.59	5.2679	0.69333	1.0653	394.88	0.10609	2.7955e-05	0.038151	supercritical
378.00	153.00	154.79	0.0064604	225.81	324.65	5.2707	0.69348	1.0646	395.38	0.10546	2.7995e-05	0.038205	supercritical
379.00	153.00	154.31	0.0064805	226.57	325.72	5.2735	0.69363	1.0640	395.88	0.10483	2.8036e-05	0.038258	supercritical
380.00	153.00	153.83	0.0065005	227.32	326.78	5.2763	0.69379	1.0633	396.37	0.10420	2.8077e-05	0.038312	supercritical
381.00	153.00	153.36	0.0065205	228.08	327.84	5.2791	0.69394	1.0627	396.87	0.10358	2.8117e-05	0.038365	supercritical
382.00	153.00	152.89	0.0065405	228.84	328.91	5.2819	0.69410	1.0621	397.37	0.10296	2.8158e-05	0.038419	supercritical
383.00	153.00	152.43	0.0065605	229.59	329.97	5.2846	0.69426	1.0615	397.86	0.10234	2.8199e-05	0.038473	supercritical
384.00	153.00	151.96	0.0065805	230.35	331.03	5.2874	0.69443	1.0609	398.35	0.10172	2.8240e-05	0.038527	supercritical
385.00	153.00	151.51	0.0066004	231.10	332.09	5.2902	0.69459	1.0603	398.85	0.10111	2.8281e-05	0.038581	supercritical
386.00	153.00	151.05	0.0066203	231.86	333.15	5.2929	0.69476	1.0598	399.34	0.10050	2.8321e-05	0.038635	supercritical
387.00	153.00	150.60	0.0066402	232.61	334.21	5.2957	0.69493	1.0592	399.83	0.099896	2.8362e-05	0.038690	supercritical
388.00	153.00	150.15	0.0066601	233.37	335.27	5.2984	0.69510	1.0587	400.32	0.099293	2.8403e-05	0.038744	supercritical
389.00	153.00	149.70	0.0066800	234.12	336.33	5.3011	0.69527	1.0581	400.81	0.098693	2.8444e-05	0.038798	supercritical
390.00	153.00	149.26	0.0066998	234.88	337.38	5.3038	0.69545	1.0576	401.29	0.098096	2.8485e-05	0.038853	supercritical
391.00	153.00	148.82	0.0067197	235.63	338.44	5.3065	0.69563	1.0571	401.78	0.097501	2.8526e-05	0.038908	supercritical
392.00	153.00	148.38	0.0067395	236.38	339.50	5.3092	0.69581	1.0565	402.26	0.096910	2.8567e-05	0.038962	supercritical
393.00	153.00	147.95	0.0067593	237.14	340.56	5.3119	0.69599	1.0560	402.75	0.096322	2.8608e-05	0.039017	supercritical
394.00	153.00	147.51	0.0067790	237.89	341.61	5.3146	0.69617	1.0555	403.23	0.095736	2.8649e-05	0.039072	supercritical
395.00	153.00	147.08	0.0067988	238.64	342.67	5.3173	0.69635	1.0551	403.71	0.095154	2.8689e-05	0.039127	supercritical
396.00	153.00	146.66	0.0068186	239.40	343.72	5.3200	0.69654	1.0546	404.19	0.094574	2.8730e-05	0.039182	supercritical
397.00	153.00	146.24	0.0068383	240.15	344.78	5.3226	0.69672	1.0541	404.67	0.093997	2.8771e-05	0.039237	supercritical
398.00	153.00	145.82	0.0068580	240.90	345.83	5.3253	0.69691	1.0536	405.15	0.093423	2.8812e-05	0.039292	supercritical
399.00	153.00	145.40	0.0068777	241.65	346.88	5.3279	0.69710	1.0532	405.63	0.092852	2.8853e-05	0.039348	supercritical
400.00	153.00	144.98	0.0068974	242.41	347.94	5.3306	0.69730	1.0527	406.11	0.092283	2.8894e-05	0.039403	supercritical
401.00	153.00	144.57	0.0069170	243.16	348.99	5.3332	0.69749	1.0523	406.58	0.091717	2.8935e-05	0.039459	supercritical
402.00	153.00	144.16	0.0069367	243.91	350.04	5.3358	0.69768	1.0519	407.06	0.091154	2.8976e-05	0.039514	supercritical
403.00	153.00	143.75	0.0069563	244.66	351.09	5.3384	0.69788	1.0515	407.53	0.090594	2.9017e-05	0.039570	supercritical
404.00	153.00	143.35	0.0069759	245.41	352.14	5.3410	0.69808	1.0510	408.01	0.090036	2.9058e-05	0.039625	supercritical
405.00	153.00	142.95	0.0069955	246.16	353.19	5.3436	0.69828	1.0506	408.48	0.089481	2.9100e-05	0.039681	supercritical
406.00	153.00	142.55	0.0070151	246.91	354.24	5.3462	0.69848	1.0502	408.95	0.088929	2.9141e-05	0.039737	supercritical
407.00	153.00	142.15	0.0070347	247.66	355.29	5.3488	0.69868	1.0498	409.42	0.088380	2.9182e-05	0.039793	supercritical
408.00	153.00	141.76	0.0070542	248.41	356.34	5.3514	0.69889	1.0495	409.89	0.087833	2.9223e-05	0.039849	supercritical
409.00	153.00	141.37	0.0070738	249.16	357.39	5.3539	0.69909	1.0491	410.36	0.087289	2.9264e-05	0.039905	supercritical
410.00	153.00	140.98	0.0070933	249.91	358.44	5.3565	0.69930	1.0487	410.83	0.086747	2.9305e-05	0.039961	supercritical
411.00	153.00	140.59	0.0071128	250.66	359.49	5.3591	0.69951	1.0484	411.29	0.086209	2.9346e-05	0.040017	supercritical
412.00	153.00	140.21	0.0071323	251.41	360.54	5.3616	0.69972	1.0480	411.76	0.085672	2.9387e-05	0.040073	supercritical
413.00	153.00	139.82	0.0071518	252.16	361.59	5.3641	0.69993	1.0477	412.22	0.085139	2.9428e-05	0.040129	supercritical
414.00	153.00	139.45	0.0071713	252.91	362.63	5.3667	0.70014	1.0473	412.69	0.084608	2.9469e-05	0.040186	supercritical
415.00	153.00	139.07	0.0071907	253.66	363.68	5.3692	0.70036	1.0470	413.15	0.084079	2.9510e-05	0.040242	supercritical
416.00	153.00	138.69	0.0072102	254.41	364.73	5.3717	0.70057	1.0467	413.61	0.083553	2.9551e-05	0.040299	supercritical
417.00	153.00	138.32	0.0072296	255.16	365.77	5.3742	0.70079	1.0463	414.07	0.083030	2.9592e-05	0.040355	supercritical
418.00	153.00	137.95	0.0072490	255.91	366.82	5.3767	0.70101	1.0460	414.53	0.082509	2.9633e-05	0.040412	supercritical
419.00	153.00	137.58	0.0072684	256.66	367.87	5.3792	0.70123	1.0457	414.99	0.081990	2.9674e-05	0.040468	supercritical
420.00	153.00	137.22	0.0072878	257.41	368.91	5.3817	0.70145	1.0454	415.45	0.081474	2.9715e-05	0.040525	supercritical
421.00	153.00	136.85	0.0073072	258.16	369.96	5.3842	0.70167	1.0451	415.91	0.080961	2.9756e-05	0.040582	supercritical
422.00	153.00	136.49	0.0073265	258.91	371.00	5.3867	0.70189	1.0448	416.37	0.080450	2.9797e-05	0.040638	supercritical
423.00	153.00	136.13	0.0073459	259.66	372.05	5.3892	0.70211	1.0445	416.82	0.079942	2.9838e-05	0.040695	supercritical
424.00	153.00	135.77	0.0073652	260.40	373.09	5.3916	0.70234	1.0443	417.28	0.079435	2.9879e-05	0.040752	supercritical
425.00	153.00	135.42	0.0073845	261.15	374.14	5.3941	0.70257	1.0440	417.73	0.078932	2.9920e-05	0.040809	supercritical
426.00	153.00	135.06	0.0074038	261.90	375.18	5.3965	0.70279	1.0437	418.19	0.078431	2.9961e-05	0.040866	supercritical
427.00	153.00	134.71	0.0074231	262.65	376.22	5.3990	0.70302	1.0435	418.64	0.077932	3.0002e-05	0.040923	supercritical
428.00	153.00	134.36	0.0074424	263.40	377.27	5.4014	0.70325	1.0432	419.09	0.077435	3.0043e-05	0.040980	supercritical
429.00	153.00	134.02	0.0074617	264.15	378.31	5.4039	0.70348	1.0430	419.54	0.076941	3.0084e-05	0.041037	supercritical
430.00	153.00	133.67	0.0074810	264.89	379.35	5.4063	0.70372	1.0427	419.99	0.076450	3.0125e-05	0.041094	supercritical
431.00	153.00	133.33	0.0075002	265.64	380.39	5.4087	0.70395	1.0425	420.44	0.075960	3.0166e-05	0.041151	supercritical
432.00	153.00	132.99	0.0075194	266.39	381.44	5.4111	0.70418	1.0422	420.89	0.075473	3.0207e-05	0.041208	supercritical
433.00	153.00	132.65	0.0075387	267.14	382.48	5.4135	0.70442	1.0420	421.34	0.074989	3.0248e-05	0.041266	supercritical
434.00	153.00	132.31	0.0075579	267.89	383.52	5.4159	0.70465	1.0418	421.78	0.074506	3.0289e-05	0.041323	supercritical
435.00	153.00	131.98	0.0075771	268.63	384.56	5.4183	0.70489	1.0416	422.23	0.074026	3.0330e-05	0.041380	supercritical
436.00	153.00	131.64	0.0075962	269.38	385.60	5.4207	0.70513	1.0414	422.67	0.073549	3.0371e-05	0.041437	supercritical
437.00	153.00	131.31	0.0076154	270.13	386.65	5.4231	0.70537	1.0411	423.12	0.073073	3.0412e-05	0.041495	supercritical
438.00	153.00	130.98	0.0076346	270.88	387.69	5.4255	0.70561	1.0409	423.56	0.072600	3.0453e-05	0.041552	supercritical
439.00	153.00	130.66	0.0076537	271.63	388.73	5.4279	0.70585	1.0407	424.00	0.072129	3.0494e-05	0.041610	supercritical
440.00	153.00	130.33	0.0076729	272.37	389.77	5.4302	0.70609	1.0406	424.45	0.071660	3.0534e-05	0.041667	supercritical
441.00	153.00	130.01	0.0076920	273.12	390.81	5.4326	0.70633	1.0404	424.89	0.071194	3.0575e-05	0.041725	supercritical
442.00	153.00	129.68	0.0077111	273.87	391.85	5.4350	0.70658	1.0402	425.33	0.070729	3.0616e-05	0.041782	supercritical
443.00	153.00	129.36	0.0077302	274.62	392.89	5.4373	0.70682	1.0400	425.77	0.070267	3.0657e-05	0.041840	supercritical
444.00	153.00	129.04	0.0077493	275.36	393.93	5.4397	0.70707	1.0398	426.21	0.069807	3.0698e-05	0.041898	supercritical
445.00	153.00	128.73	0.0077684	276.11	394.97	5.4420	0.70732	1.0397	426.65	0.069350	3.0739e-05	0.041955	supercritical
446.00	153.00	128.41	0.0077875	276.86	396.01	5.4443	0.70756	1.0395	427.08	0.068894	3.0779e-05	0.042013	supercritical
447.00	153.00	128.10	0.0078065	277.61	397.05	5.4467	0.70781	1.0393	427.52	0.068440	3.0820e-05	0.042071	supercritical
448.00	153.00	127.79	0.0078256	278.36	398.09	5.4490	0.70806	1.0392	427.96	0.067989	3.0861e-05	0.042128	supercritical
449.00	153.00	127.48	0.0078446	279.10	399.13	5.4513	0.70831	1.0390	428.39	0.067540	3.0902e-05	0.042186	supercritical
450.00	153.00	127.17	0.0078636	279.85	400.17	5.4536	0.70856	1.0389	428.82	0.067093	3.0943e-05	0.042244	supercritical
451.00	153.00	126.86	0.0078827	280.60	401.20	5.4559	0.70881	1.0387	429.26	0.066648	3.0983e-05	0.042302	supercritical
452.00	153.00	126.56	0.0079017	281.35	402.24	5.4582	0.70907	1.0386	429.69	0.066205	3.1024e-05	0.042360	supercritical
453.00	153.00	126.25	0.0079207	282.09	403.28	5.4605	0.70932	1.0385	430.12	0.065764	3.1065e-05	0.042418	supercritical
454.00	153.00	125.95	0.0079397	282.84	404.32	5.4628	0.70957	1.0383	430.56	0.065325	3.1106e-05	0.042476	supercritical
455.00	153.00	125.65	0.0079586	283.59	405.36	5.4651	0.70983	1.0382	430.99	0.064889	3.1146e-05	0.042534	supercritical
456.00	153.00	125.35	0.0079776	284.34	406.40	5.4674	0.71008	1.0381	431.42	0.064454	3.1187e-05	0.042592	supercritical
457.00	153.00	125.05	0.0079966	285.09	407.43	5.4696	0.71034	1.0380	431.85	0.064021	3.1228e-05	0.042650	supercritical
458.00	153.00	124.76	0.0080155	285.83	408.47	5.4719	0.71060	1.0378	432.27	0.063591	3.1268e-05	0.042708	supercritical
459.00	153.00	124.46	0.0080344	286.58	409.51	5.4742	0.71085	1.0377	432.70	0.063162	3.1309e-05	0.042766	supercritical
460.00	153.00	124.17	0.0080534	287.33	410.55	5.4764	0.71111	1.0376	433.13	0.062736	3.1350e-05	0.042824	supercritical
461.00	153.00	123.88	0.0080723	288.08	411.58	5.4787	0.71137	1.0375	433.56	0.062311	3.1390e-05	0.042882	supercritical
462.00	153.00	123.59	0.0080912	288.83	412.62	5.4809	0.71163	1.0374	433.98	0.061888	3.1431e-05	0.042940	supercritical
463.00	153.00	123.30	0.0081101	289.58	413.66	5.4832	0.71189	1.0373	434.41	0.061468	3.1471e-05	0.042998	supercritical
464.00	153.00	123.02	0.0081290	290.32	414.70	5.4854	0.71215	1.0372	434.83	0.061049	3.1512e-05	0.043056	supercritical
465.00	153.00	122.73	0.0081479	291.07	415.73	5.4876	0.71241	1.0371	435.25	0.060632	3.1552e-05	0.043115	supercritical
466.00	153.00	122.45	0.0081667	291.82	416.77	5.4899	0.71267	1.0370	435.68	0.060218	3.1593e-05	0.043173	supercritical
467.00	153.00	122.17	0.0081856	292.57	417.81	5.4921	0.71294	1.0370	436.10	0.059805	3.1633e-05	0.043231	supercritical
468.00	153.00	121.89	0.0082044	293.32	418.85	5.4943	0.71320	1.0369	436.52	0.059394	3.1674e-05	0.043289	supercritical
469.00	153.00	121.61	0.0082233	294.07	419.88	5.4965	0.71346	1.0368	436.94	0.058984	3.1714e-05	0.043347	supercritical
470.00	153.00	121.33	0.0082421	294.81	420.92	5.4987	0.71373	1.0367	437.36	0.058577	3.1755e-05	0.043406	supercritical
471.00	153.00	121.05	0.0082609	295.56	421.96	5.5009	0.71399	1.0367	437.78	0.058172	3.1795e-05	0.043464	supercritical
472.00	153.00	120.78	0.0082798	296.31	422.99	5.5031	0.71426	1.0366	438.20	0.057768	3.1836e-05	0.043522	supercritical
473.00	153.00	120.50	0.0082986	297.06	424.03	5.5053	0.71452	1.0365	438.62	0.057367	3.1876e-05	0.043581	supercritical
474.00	153.00	120.23	0.0083174	297.81	425.07	5.5075	0.71479	1.0365	439.04	0.056967	3.1917e-05	0.043639	supercritical
475.00	153.00	119.96	0.0083361	298.56	426.10	5.5097	0.71506	1.0364	439.46	0.056569	3.1957e-05	0.043697	supercritical
476.00	153.00	119.69	0.0083549	299.31	427.14	5.5119	0.71532	1.0364	439.87	0.056173	3.1997e-05	0.043756	supercritical
477.00	153.00	119.42	0.0083737	300.06	428.17	5.5141	0.71559	1.0363	440.29	0.055779	3.2038e-05	0.043814	supercritical
478.00	153.00	119.15	0.0083925	300.81	429.21	5.5162	0.71586	1.0363	440.70	0.055386	3.2078e-05	0.043873	supercritical
479.00	153.00	118.89	0.0084112	301.56	430.25	5.5184	0.71613	1.0362	441.12	0.054996	3.2118e-05	0.043931	supercritical
480.00	153.00	118.62	0.0084300	302.30	431.28	5.5205	0.71640	1.0362	441.53	0.054607	3.2159e-05	0.043990	supercritical
481.00	153.00	118.36	0.0084487	303.05	432.32	5.5227	0.71667	1.0361	441.94	0.054220	3.2199e-05	0.044048	supercritical
482.00	153.00	118.10	0.0084674	303.80	433.36	5.5249	0.71694	1.0361	442.36	0.053834	3.2239e-05	0.044106	supercritical
483.00	153.00	117.84	0.0084861	304.55	434.39	5.5270	0.71721	1.0361	442.77	0.053451	3.2279e-05	0.044165	supercritical
484.00	153.00	117.58	0.0085049	305.30	435.43	5.5291	0.71748	1.0360	443.18	0.053069	3.2320e-05	0.044223	supercritical
485.00	153.00	117.32	0.0085236	306.05	436.46	5.5313	0.71775	1.0360	443.59	0.052689	3.2360e-05	0.044282	supercritical
486.00	153.00	117.07	0.0085423	306.80	437.50	5.5334	0.71802	1.0360	444.00	0.052310	3.2400e-05	0.044340	supercritical
487.00	153.00	116.81	0.0085609	307.55	438.54	5.5355	0.71830	1.0359	444.41	0.051933	3.2440e-05	0.044399	supercritical
488.00	153.00	116.56	0.0085796	308.30	439.57	5.5377	0.71857	1.0359	444.82	0.051559	3.2480e-05	0.044458	supercritical
489.00	153.00	116.30	0.0085983	309.05	440.61	5.5398	0.71884	1.0359	445.23	0.051185	3.2520e-05	0.044516	supercritical
490.00	153.00	116.05	0.0086170	309.80	441.64	5.5419	0.71912	1.0359	445.64	0.050814	3.2560e-05	0.044575	supercritical
491.00	153.00	115.80	0.0086356	310.55	442.68	5.5440	0.71939	1.0359	446.04	0.050444	3.2601e-05	0.044633	supercritical
492.00	153.00	115.55	0.0086543	311.30	443.71	5.5461	0.71966	1.0359	446.45	0.050076	3.2641e-05	0.044692	supercritical
493.00	153.00	115.30	0.0086729	312.06	444.75	5.5482	0.71994	1.0359	446.86	0.049709	3.2681e-05	0.044750	supercritical
494.00	153.00	115.05	0.0086915	312.81	445.79	5.5503	0.72021	1.0359	447.26	0.049344	3.2721e-05	0.044809	supercritical
495.00	153.00	114.81	0.0087102	313.56	446.82	5.5524	0.72049	1.0359	447.67	0.048981	3.2761e-05	0.044868	supercritical
496.00	153.00	114.56	0.0087288	314.31	447.86	5.5545	0.72077	1.0359	448.07	0.048619	3.2801e-05	0.044926	supercritical
497.00	153.00	114.32	0.0087474	315.06	448.89	5.5566	0.72104	1.0359	448.48	0.048259	3.2841e-05	0.044985	supercritical
498.00	153.00	114.08	0.0087660	315.81	449.93	5.5587	0.72132	1.0359	448.88	0.047901	3.2881e-05	0.045044	supercritical
499.00	153.00	113.84	0.0087846	316.56	450.97	5.5608	0.72159	1.0359	449.28	0.047544	3.2921e-05	0.045102	supercritical
500.00	153.00	113.60	0.0088032	317.31	452.00	5.5628	0.72187	1.0359	449.68	0.047189	3.2960e-05	0.045161	supercritical
501.00	153.00	113.36	0.0088218	318.06	453.04	5.5649	0.72215	1.0359	450.08	0.046835	3.3000e-05	0.045220	supercritical
502.00	153.00	113.12	0.0088403	318.82	454.07	5.5670	0.72243	1.0359	450.49	0.046483	3.3040e-05	0.045278	supercritical
503.00	153.00	112.88	0.0088589	319.57	455.11	5.5690	0.72270	1.0359	450.89	0.046133	3.3080e-05	0.045337	supercritical
504.00	153.00	112.64	0.0088775	320.32	456.15	5.5711	0.72298	1.0359	451.29	0.045784	3.3120e-05	0.045396	supercritical
505.00	153.00	112.41	0.0088960	321.07	457.18	5.5731	0.72326	1.0360	451.68	0.045436	3.3160e-05	0.045454	supercritical
506.00	153.00	112.18	0.0089145	321.82	458.22	5.5752	0.72354	1.0360	452.08	0.045091	3.3200e-05	0.045513	supercritical
507.00	153.00	111.94	0.0089331	322.58	459.25	5.5772	0.72382	1.0360	452.48	0.044746	3.3239e-05	0.045572	supercritical
508.00	153.00	111.71	0.0089516	323.33	460.29	5.5793	0.72409	1.0360	452.88	0.044404	3.3279e-05	0.045630	supercritical
509.00	153.00	111.48	0.0089701	324.08	461.33	5.5813	0.72437	1.0361	453.28	0.044062	3.3319e-05	0.045689	supercritical
510.00	153.00	111.25	0.0089887	324.83	462.36	5.5834	0.72465	1.0361	453.67	0.043723	3.3358e-05	0.045748	supercritical
511.00	153.00	111.02	0.0090072	325.59	463.40	5.5854	0.72493	1.0361	454.07	0.043384	3.3398e-05	0.045807	supercritical
512.00	153.00	110.80	0.0090257	326.34	464.43	5.5874	0.72521	1.0361	454.46	0.043048	3.3438e-05	0.045865	supercritical
513.00	153.00	110.57	0.0090442	327.09	465.47	5.5894	0.72549	1.0362	454.86	0.042713	3.3477e-05	0.045924	supercritical
514.00	153.00	110.34	0.0090627	327.85	466.51	5.5914	0.72577	1.0362	455.25	0.042379	3.3517e-05	0.045983	supercritical
515.00	153.00	110.12	0.0090811	328.60	467.54	5.5935	0.72605	1.0363	455.65	0.042047	3.3557e-05	0.046042	supercritical
516.00	153.00	109.89	0.0090996	329.35	468.58	5.5955	0.72633	1.0363	456.04	0.041716	3.3596e-05	0.046100	supercritical
517.00	153.00	109.67	0.0091181	330.11	469.61	5.5975	0.72661	1.0363	456.43	0.041386	3.3636e-05	0.046159	supercritical
518.00	153.00	109.45	0.0091365	330.86	470.65	5.5995	0.72689	1.0364	456.82	0.041058	3.3675e-05	0.046218	supercritical
519.00	153.00	109.23	0.0091550	331.62	471.69	5.6015	0.72717	1.0364	457.22	0.040732	3.3715e-05	0.046277	supercritical
520.00	153.00	109.01	0.0091735	332.37	472.72	5.6035	0.72745	1.0365	457.61	0.040407	3.3754e-05	0.046335	supercritical
521.00	153.00	108.79	0.0091919	333.12	473.76	5.6055	0.72774	1.0365	458.00	0.040083	3.3794e-05	0.046394	supercritical
522.00	153.00	108.57	0.0092103	333.88	474.80	5.6075	0.72802	1.0366	458.39	0.039761	3.3833e-05	0.046453	supercritical
523.00	153.00	108.36	0.0092288	334.63	475.83	5.6094	0.72830	1.0366	458.78	0.039440	3.3873e-05	0.046512	supercritical
524.00	153.00	108.14	0.0092472	335.39	476.87	5.6114	0.72858	1.0367	459.17	0.039121	3.3912e-05	0.046570	supercritical
525.00	153.00	107.93	0.0092656	336.14	477.91	5.6134	0.72886	1.0368	459.56	0.038803	3.3952e-05	0.046629	supercritical
526.00	153.00	107.71	0.0092840	336.90	478.94	5.6154	0.72914	1.0368	459.94	0.038486	3.3991e-05	0.046688	supercritical
527.00	153.00	107.50	0.0093024	337.65	479.98	5.6173	0.72942	1.0369	460.33	0.038171	3.4030e-05	0.046747	supercritical
528.00	153.00	107.29	0.0093208	338.41	481.02	5.6193	0.72970	1.0369	460.72	0.037857	3.4070e-05	0.046806	supercritical
529.00	153.00	107.08	0.0093392	339.16	482.05	5.6213	0.72999	1.0370	461.10	0.037545	3.4109e-05	0.046864	supercritical
530.00	153.00	106.86	0.0093576	339.92	483.09	5.6232	0.73027	1.0371	461.49	0.037234	3.4148e-05	0.046923	supercritical
531.00	153.00	106.66	0.0093760	340.68	484.13	5.6252	0.73055	1.0371	461.88	0.036924	3.4188e-05	0.046982	supercritical
532.00	153.00	106.45	0.0093944	341.43	485.17	5.6271	0.73083	1.0372	462.26	0.036615	3.4227e-05	0.047041	supercritical
533.00	153.00	106.24	0.0094127	342.19	486.20	5.6291	0.73111	1.0373	462.65	0.036308	3.4266e-05	0.047099	supercritical
534.00	153.00	106.03	0.0094311	342.94	487.24	5.6310	0.73140	1.0373	463.03	0.036002	3.4305e-05	0.047158	supercritical
535.00	153.00	105.83	0.0094495	343.70	488.28	5.6330	0.73168	1.0374	463.41	0.035698	3.4344e-05	0.047217	supercritical
536.00	153.00	105.62	0.0094678	344.46	489.32	5.6349	0.73196	1.0375	463.80	0.035395	3.4384e-05	0.047276	supercritical
537.00	153.00	105.42	0.0094861	345.21	490.35	5.6368	0.73224	1.0376	464.18	0.035093	3.4423e-05	0.047335	supercritical
538.00	153.00	105.21	0.0095045	345.97	491.39	5.6388	0.73252	1.0376	464.56	0.034792	3.4462e-05	0.047393	supercritical
539.00	153.00	105.01	0.0095228	346.73	492.43	5.6407	0.73281	1.0377	464.94	0.034493	3.4501e-05	0.047452	supercritical
540.00	153.00	104.81	0.0095412	347.49	493.47	5.6426	0.73309	1.0378	465.33	0.034195	3.4540e-05	0.047511	supercritical
541.00	153.00	104.61	0.0095595	348.24	494.50	5.6445	0.73337	1.0379	465.71	0.033898	3.4579e-05	0.047570	supercritical
542.00	153.00	104.41	0.0095778	349.00	495.54	5.6464	0.73365	1.0380	466.09	0.033603	3.4618e-05	0.047628	supercritical
543.00	153.00	104.21	0.0095961	349.76	496.58	5.6484	0.73394	1.0380	466.47	0.033308	3.4657e-05	0.047687	supercritical
544.00	153.00	104.01	0.0096144	350.52	497.62	5.6503	0.73422	1.0381	466.85	0.033015	3.4696e-05	0.047746	supercritical
545.00	153.00	103.81	0.0096327	351.28	498.66	5.6522	0.73450	1.0382	467.23	0.032724	3.4735e-05	0.047805	supercritical
546.00	153.00	103.62	0.0096510	352.03	499.69	5.6541	0.73478	1.0383	467.60	0.032433	3.4774e-05	0.047863	supercritical
547.00	153.00	103.42	0.0096693	352.79	500.73	5.6560	0.73506	1.0384	467.98	0.032144	3.4813e-05	0.047922	supercritical
548.00	153.00	103.22	0.0096876	353.55	501.77	5.6579	0.73535	1.0385	468.36	0.031856	3.4852e-05	0.047981	supercritical
549.00	153.00	103.03	0.0097059	354.31	502.81	5.6598	0.73563	1.0386	468.74	0.031569	3.4891e-05	0.048040	supercritical
550.00	153.00	102.84	0.0097241	355.07	503.85	5.6617	0.73591	1.0387	469.11	0.031284	3.4930e-05	0.048098	supercritical
551.00	153.00	102.64	0.0097424	355.83	504.89	5.6636	0.73619	1.0388	469.49	0.030999	3.4968e-05	0.048157	supercritical
552.00	153.00	102.45	0.0097607	356.59	505.93	5.6654	0.73647	1.0389	469.87	0.030716	3.5007e-05	0.048216	supercritical
553.00	153.00	102.26	0.0097789	357.35	506.96	5.6673	0.73676	1.0390	470.24	0.030434	3.5046e-05	0.048275	supercritical
554.00	153.00	102.07	0.0097972	358.11	508.00	5.6692	0.73704	1.0390	470.62	0.030153	3.5085e-05	0.048333	supercritical
555.00	153.00	101.88	0.0098154	358.87	509.04	5.6711	0.73732	1.0391	470.99	0.029874	3.5124e-05	0.048392	supercritical
556.00	153.00	101.69	0.0098337	359.63	510.08	5.6729	0.73760	1.0392	471.37	0.029595	3.5162e-05	0.048451	supercritical
557.00	153.00	101.50	0.0098519	360.39	511.12	5.6748	0.73788	1.0393	471.74	0.029318	3.5201e-05	0.048510	supercritical
558.00	153.00	101.32	0.0098701	361.15	512.16	5.6767	0.73816	1.0394	472.11	0.029042	3.5240e-05	0.048568	supercritical
559.00	153.00	101.13	0.0098884	361.91	513.20	5.6785	0.73845	1.0396	472.49	0.028767	3.5278e-05	0.048627	supercritical
560.00	153.00	100.94	0.0099066	362.67	514.24	5.6804	0.73873	1.0397	472.86	0.028493	3.5317e-05	0.048686	supercritical
561.00	153.00	100.76	0.0099248	363.43	515.28	5.6822	0.73901	1.0398	473.23	0.028221	3.5356e-05	0.048745	supercritical
562.00	153.00	100.57	0.0099430	364.19	516.32	5.6841	0.73929	1.0399	473.60	0.027949	3.5394e-05	0.048803	supercritical
563.00	153.00	100.39	0.0099612	364.95	517.36	5.6859	0.73957	1.0400	473.97	0.027679	3.5433e-05	0.048862	supercritical
564.00	153.00	100.21	0.0099794	365.71	518.40	5.6878	0.73985	1.0401	474.34	0.027409	3.5471e-05	0.048921	supercritical
565.00	153.00	100.02	0.0099976	366.48	519.44	5.6896	0.74013	1.0402	474.71	0.027141	3.5510e-05	0.048979	supercritical
566.00	153.00	99.842	0.010016	367.24	520.48	5.6915	0.74041	1.0403	475.08	0.026874	3.5549e-05	0.049038	supercritical
567.00	153.00	99.661	0.010034	368.00	521.52	5.6933	0.74069	1.0404	475.45	0.026608	3.5587e-05	0.049097	supercritical
568.00	153.00	99.481	0.010052	368.76	522.56	5.6951	0.74097	1.0405	475.82	0.026344	3.5625e-05	0.049155	supercritical
569.00	153.00	99.301	0.010070	369.52	523.60	5.6970	0.74125	1.0406	476.19	0.026080	3.5664e-05	0.049214	supercritical
570.00	153.00	99.122	0.010089	370.29	524.64	5.6988	0.74153	1.0407	476.56	0.025817	3.5702e-05	0.049273	supercritical
571.00	153.00	98.944	0.010107	371.05	525.68	5.7006	0.74181	1.0409	476.93	0.025556	3.5741e-05	0.049331	supercritical
572.00	153.00	98.767	0.010125	371.81	526.72	5.7024	0.74209	1.0410	477.29	0.025295	3.5779e-05	0.049390	supercritical
573.00	153.00	98.590	0.010143	372.58	527.76	5.7043	0.74237	1.0411	477.66	0.025036	3.5818e-05	0.049449	supercritical
574.00	153.00	98.414	0.010161	373.34	528.81	5.7061	0.74265	1.0412	478.03	0.024778	3.5856e-05	0.049507	supercritical
575.00	153.00	98.238	0.010179	374.10	529.85	5.7079	0.74293	1.0413	478.39	0.024520	3.5894e-05	0.049566	supercritical
576.00	153.00	98.064	0.010197	374.87	530.89	5.7097	0.74321	1.0414	478.76	0.024264	3.5932e-05	0.049625	supercritical
577.00	153.00	97.889	0.010216	375.63	531.93	5.7115	0.74349	1.0416	479.13	0.024009	3.5971e-05	0.049683	supercritical
578.00	153.00	97.716	0.010234	376.39	532.97	5.7133	0.74377	1.0417	479.49	0.023755	3.6009e-05	0.049742	supercritical
579.00	153.00	97.543	0.010252	377.16	534.01	5.7151	0.74405	1.0418	479.86	0.023502	3.6047e-05	0.049801	supercritical
580.00	153.00	97.371	0.010270	377.92	535.05	5.7169	0.74433	1.0419	480.22	0.023250	3.6085e-05	0.049859	supercritical
581.00	153.00	97.199	0.010288	378.69	536.10	5.7187	0.74461	1.0420	480.58	0.022999	3.6124e-05	0.049918	supercritical
582.00	153.00	97.029	0.010306	379.45	537.14	5.7205	0.74488	1.0422	480.95	0.022749	3.6162e-05	0.049976	supercritical
583.00	153.00	96.858	0.010324	380.22	538.18	5.7223	0.74516	1.0423	481.31	0.022500	3.6200e-05	0.050035	supercritical
584.00	153.00	96.689	0.010342	380.98	539.22	5.7241	0.74544	1.0424	481.67	0.022252	3.6238e-05	0.050094	supercritical
585.00	153.00	96.520	0.010361	381.75	540.27	5.7259	0.74572	1.0425	482.03	0.022005	3.6276e-05	0.050152	supercritical
586.00	153.00	96.351	0.010379	382.51	541.31	5.7276	0.74600	1.0427	482.40	0.021759	3.6314e-05	0.050211	supercritical
587.00	153.00	96.184	0.010397	383.28	542.35	5.7294	0.74627	1.0428	482.76	0.021514	3.6352e-05	0.050269	supercritical
588.00	153.00	96.017	0.010415	384.05	543.39	5.7312	0.74655	1.0429	483.12	0.021271	3.6390e-05	0.050328	supercritical
589.00	153.00	95.850	0.010433	384.81	544.44	5.7330	0.74683	1.0431	483.48	0.021028	3.6428e-05	0.050386	supercritical
590.00	153.00	95.684	0.010451	385.58	545.48	5.7347	0.74710	1.0432	483.84	0.020786	3.6466e-05	0.050445	supercritical
591.00	153.00	95.519	0.010469	386.35	546.52	5.7365	0.74738	1.0433	484.20	0.020545	3.6504e-05	0.050504	supercritical
592.00	153.00	95.354	0.010487	387.11	547.57	5.7383	0.74766	1.0434	484.56	0.020305	3.6542e-05	0.050562	supercritical
593.00	153.00	95.190	0.010505	387.88	548.61	5.7400	0.74793	1.0436	484.92	0.020066	3.6580e-05	0.050621	supercritical
594.00	153.00	95.027	0.010523	388.65	549.65	5.7418	0.74821	1.0437	485.28	0.019827	3.6618e-05	0.050679	supercritical
595.00	153.00	94.864	0.010541	389.41	550.70	5.7435	0.74848	1.0438	485.64	0.019590	3.6656e-05	0.050738	supercritical
596.00	153.00	94.702	0.010559	390.18	551.74	5.7453	0.74876	1.0440	486.00	0.019354	3.6694e-05	0.050796	supercritical
597.00	153.00	94.540	0.010577	390.95	552.79	5.7470	0.74904	1.0441	486.35	0.019119	3.6732e-05	0.050855	supercritical
598.00	153.00	94.379	0.010596	391.72	553.83	5.7488	0.74931	1.0442	486.71	0.018885	3.6770e-05	0.050913	supercritical
599.00	153.00	94.219	0.010614	392.49	554.87	5.7505	0.74959	1.0444	487.07	0.018651	3.6807e-05	0.050972	supercritical
600.00	153.00	94.059	0.010632	393.25	555.92	5.7523	0.74986	1.0445	487.42	0.018419	3.6845e-05	0.051030	supercritical
