Temperature (K)	Pressure (bar)	Density (kg/m3)	Volume (m3/kg)	Internal Energy (kJ/kg)	Enthalpy (kJ/kg)	Entropy (J/g*K)	Cv (J/g*K)	Cp (J/g*K)	Sound Spd. (m/s)	Joule-Thomson (K/bar)	Viscosity (Pa*s)	Therm. Cond. (W/m*K)	Phase
60.000	119.00	1295.9	0.00077169	-185.98	-176.80	2.2264	1.0931	1.6494	1159.5	-0.037730	0.00063434	0.19870	liquid
61.000	119.00	1291.7	0.00077419	-184.36	-175.15	2.2537	1.0855	1.6518	1155.6	-0.037570	0.00060454	0.19740	liquid
62.000	119.00	1287.5	0.00077673	-182.74	-173.50	2.2806	1.0786	1.6537	1150.9	-0.037428	0.00057672	0.19609	liquid
63.000	119.00	1283.2	0.00077928	-181.12	-171.84	2.3070	1.0723	1.6551	1145.8	-0.037300	0.00055074	0.19479	liquid
64.000	119.00	1279.0	0.00078187	-179.49	-170.19	2.3331	1.0664	1.6562	1140.2	-0.037185	0.00052646	0.19348	liquid
65.000	119.00	1274.7	0.00078447	-177.86	-168.53	2.3588	1.0609	1.6569	1134.2	-0.037080	0.00050376	0.19217	liquid
66.000	119.00	1270.5	0.00078710	-176.24	-166.87	2.3841	1.0557	1.6572	1128.0	-0.036983	0.00048251	0.19087	liquid
67.000	119.00	1266.2	0.00078975	-174.61	-165.22	2.4090	1.0506	1.6573	1121.5	-0.036893	0.00046261	0.18956	liquid
68.000	119.00	1262.0	0.00079242	-172.99	-163.56	2.4336	1.0456	1.6572	1114.9	-0.036806	0.00044396	0.18826	liquid
69.000	119.00	1257.7	0.00079512	-171.36	-161.90	2.4578	1.0408	1.6569	1108.1	-0.036723	0.00042647	0.18695	liquid
70.000	119.00	1253.4	0.00079783	-169.74	-160.24	2.4816	1.0361	1.6564	1101.2	-0.036641	0.00041004	0.18565	liquid
71.000	119.00	1249.1	0.00080057	-168.12	-158.59	2.5051	1.0314	1.6559	1094.2	-0.036560	0.00039460	0.18435	liquid
72.000	119.00	1244.8	0.00080333	-166.49	-156.93	2.5282	1.0268	1.6552	1087.1	-0.036477	0.00038008	0.18304	liquid
73.000	119.00	1240.5	0.00080611	-164.87	-155.28	2.5511	1.0223	1.6545	1080.0	-0.036393	0.00036640	0.18174	liquid
74.000	119.00	1236.2	0.00080892	-163.25	-153.62	2.5736	1.0178	1.6538	1072.9	-0.036305	0.00035351	0.18044	liquid
75.000	119.00	1231.9	0.00081175	-161.63	-151.97	2.5958	1.0134	1.6531	1065.7	-0.036214	0.00034135	0.17913	liquid
76.000	119.00	1227.6	0.00081460	-160.01	-150.32	2.6177	1.0090	1.6524	1058.6	-0.036119	0.00032986	0.17783	liquid
77.000	119.00	1223.3	0.00081748	-158.39	-148.67	2.6393	1.0046	1.6517	1051.4	-0.036019	0.00031901	0.17652	liquid
78.000	119.00	1218.9	0.00082038	-156.78	-147.01	2.6606	1.0003	1.6511	1044.2	-0.035913	0.00030873	0.17522	liquid
79.000	119.00	1214.6	0.00082331	-155.16	-145.36	2.6816	0.99604	1.6506	1037.0	-0.035800	0.00029900	0.17392	liquid
80.000	119.00	1210.3	0.00082627	-153.55	-143.71	2.7024	0.99182	1.6501	1029.8	-0.035682	0.00028978	0.17261	liquid
81.000	119.00	1205.9	0.00082925	-151.93	-142.06	2.7228	0.98763	1.6497	1022.6	-0.035556	0.00028102	0.17131	liquid
82.000	119.00	1201.5	0.00083226	-150.32	-140.41	2.7431	0.98350	1.6493	1015.4	-0.035423	0.00027270	0.17000	liquid
83.000	119.00	1197.2	0.00083530	-148.70	-138.76	2.7631	0.97941	1.6491	1008.2	-0.035282	0.00026479	0.16870	liquid
84.000	119.00	1192.8	0.00083837	-147.09	-137.12	2.7828	0.97536	1.6490	1001.0	-0.035133	0.00025726	0.16739	liquid
85.000	119.00	1188.4	0.00084147	-145.48	-135.47	2.8023	0.97136	1.6490	993.85	-0.034975	0.00025009	0.16608	liquid
86.000	119.00	1184.0	0.00084460	-143.87	-133.82	2.8216	0.96741	1.6490	986.68	-0.034809	0.00024325	0.16478	liquid
87.000	119.00	1179.6	0.00084776	-142.26	-132.17	2.8407	0.96351	1.6492	979.51	-0.034633	0.00023672	0.16347	liquid
88.000	119.00	1175.1	0.00085096	-140.65	-130.52	2.8595	0.95965	1.6495	972.35	-0.034449	0.00023048	0.16216	liquid
89.000	119.00	1170.7	0.00085419	-139.03	-128.87	2.8782	0.95584	1.6500	965.19	-0.034254	0.00022451	0.16085	liquid
90.000	119.00	1166.2	0.00085745	-137.42	-127.22	2.8966	0.95208	1.6505	958.04	-0.034050	0.00021880	0.15954	liquid
91.000	119.00	1161.8	0.00086075	-135.81	-125.57	2.9149	0.94837	1.6512	950.89	-0.033836	0.00021333	0.15823	liquid
92.000	119.00	1157.3	0.00086409	-134.20	-123.92	2.9329	0.94470	1.6520	943.75	-0.033611	0.00020808	0.15692	liquid
93.000	119.00	1152.8	0.00086747	-132.59	-122.26	2.9508	0.94108	1.6529	936.60	-0.033375	0.00020304	0.15560	liquid
94.000	119.00	1148.3	0.00087088	-130.97	-120.61	2.9685	0.93751	1.6539	929.46	-0.033129	0.00019820	0.15429	liquid
95.000	119.00	1143.7	0.00087434	-129.36	-118.96	2.9860	0.93399	1.6551	922.31	-0.032871	0.00019355	0.15298	liquid
96.000	119.00	1139.2	0.00087784	-127.75	-117.30	3.0033	0.93051	1.6564	915.17	-0.032601	0.00018907	0.15166	liquid
97.000	119.00	1134.6	0.00088138	-126.13	-115.64	3.0205	0.92709	1.6578	908.02	-0.032320	0.00018475	0.15035	liquid
98.000	119.00	1130.0	0.00088496	-124.52	-113.98	3.0375	0.92370	1.6594	900.87	-0.032026	0.00018059	0.14903	liquid
99.000	119.00	1125.4	0.00088859	-122.90	-112.32	3.0543	0.92037	1.6611	893.72	-0.031720	0.00017658	0.14771	liquid
100.00	119.00	1120.7	0.00089227	-121.28	-110.66	3.0711	0.91707	1.6629	886.57	-0.031400	0.00017270	0.14640	liquid
101.00	119.00	1116.1	0.00089599	-119.66	-109.00	3.0876	0.91383	1.6649	879.41	-0.031068	0.00016896	0.14508	liquid
102.00	119.00	1111.4	0.00089977	-118.04	-107.33	3.1040	0.91063	1.6670	872.24	-0.030721	0.00016534	0.14376	liquid
103.00	119.00	1106.7	0.00090360	-116.42	-105.66	3.1203	0.90747	1.6692	865.07	-0.030361	0.00016183	0.14244	liquid
104.00	119.00	1102.0	0.00090748	-114.79	-103.99	3.1364	0.90436	1.6716	857.89	-0.029985	0.00015844	0.14112	liquid
105.00	119.00	1097.2	0.00091141	-113.17	-102.32	3.1524	0.90129	1.6741	850.71	-0.029595	0.00015514	0.13980	liquid
106.00	119.00	1092.4	0.00091540	-111.54	-100.65	3.1683	0.89826	1.6768	843.51	-0.029189	0.00015195	0.13849	liquid
107.00	119.00	1087.6	0.00091945	-109.91	-98.968	3.1841	0.89528	1.6797	836.31	-0.028767	0.00014885	0.13717	liquid
108.00	119.00	1082.8	0.00092355	-108.28	-97.287	3.1997	0.89234	1.6826	829.09	-0.028328	0.00014584	0.13585	liquid
109.00	119.00	1077.9	0.00092772	-106.64	-95.602	3.2152	0.88944	1.6858	821.87	-0.027872	0.00014292	0.13453	liquid
110.00	119.00	1073.0	0.00093196	-105.01	-93.915	3.2307	0.88658	1.6891	814.63	-0.027399	0.00014007	0.13321	liquid
111.00	119.00	1068.1	0.00093625	-103.37	-92.224	3.2460	0.88376	1.6926	807.38	-0.026907	0.00013730	0.13189	liquid
112.00	119.00	1063.1	0.00094062	-101.72	-90.530	3.2612	0.88099	1.6962	800.12	-0.026395	0.00013461	0.13058	liquid
113.00	119.00	1058.1	0.00094506	-100.08	-88.832	3.2762	0.87826	1.7000	792.84	-0.025864	0.00013198	0.12927	liquid
114.00	119.00	1053.1	0.00094957	-98.430	-87.130	3.2912	0.87557	1.7040	785.55	-0.025312	0.00012942	0.12795	liquid
115.00	119.00	1048.1	0.00095415	-96.778	-85.424	3.3061	0.87292	1.7082	778.25	-0.024739	0.00012692	0.12664	liquid
116.00	119.00	1043.0	0.00095881	-95.123	-83.713	3.3210	0.87031	1.7126	770.93	-0.024144	0.00012448	0.12533	liquid
117.00	119.00	1037.8	0.00096355	-93.465	-81.998	3.3357	0.86774	1.7171	763.59	-0.023525	0.00012210	0.12402	liquid
118.00	119.00	1032.7	0.00096838	-91.803	-80.279	3.3503	0.86521	1.7219	756.23	-0.022883	0.00011978	0.12272	liquid
119.00	119.00	1027.4	0.00097329	-90.137	-78.555	3.3649	0.86272	1.7269	748.86	-0.022215	0.00011750	0.12141	liquid
120.00	119.00	1022.2	0.00097829	-88.467	-76.825	3.3793	0.86027	1.7321	741.47	-0.021521	0.00011528	0.12010	liquid
121.00	119.00	1016.9	0.00098338	-86.793	-75.090	3.3937	0.85787	1.7375	734.06	-0.020800	0.00011310	0.11880	liquid
122.00	119.00	1011.6	0.00098857	-85.114	-73.350	3.4080	0.85551	1.7431	726.62	-0.020050	0.00011097	0.11750	liquid
123.00	119.00	1006.2	0.00099386	-83.431	-71.604	3.4223	0.85318	1.7490	719.17	-0.019270	0.00010889	0.11620	liquid
124.00	119.00	1000.7	0.00099925	-81.743	-69.852	3.4365	0.85090	1.7552	711.70	-0.018459	0.00010685	0.11490	liquid
125.00	119.00	995.27	0.0010048	-80.050	-68.093	3.4506	0.84866	1.7616	704.20	-0.017616	0.00010485	0.11360	liquid
126.00	119.00	989.74	0.0010104	-78.352	-66.329	3.4647	0.84647	1.7683	696.68	-0.016739	0.00010288	0.11230	liquid
127.00	119.00	984.16	0.0010161	-76.648	-64.557	3.4787	0.84432	1.7753	689.14	-0.015825	0.00010096	0.11101	liquid
128.00	119.00	978.53	0.0010219	-74.939	-62.778	3.4926	0.84221	1.7826	681.57	-0.014875	9.9073e-05	0.10972	liquid
129.00	119.00	972.84	0.0010279	-73.224	-60.992	3.5065	0.84014	1.7901	673.98	-0.013885	9.7221e-05	0.10843	liquid
130.00	119.00	967.09	0.0010340	-71.502	-59.197	3.5204	0.83812	1.7981	666.36	-0.012853	9.5403e-05	0.10715	liquid
131.00	119.00	961.28	0.0010403	-69.775	-57.395	3.5342	0.83614	1.8063	658.71	-0.011779	9.3617e-05	0.10587	liquid
132.00	119.00	955.42	0.0010467	-68.040	-55.585	3.5480	0.83422	1.8150	651.04	-0.010658	9.1864e-05	0.10459	liquid
133.00	119.00	949.48	0.0010532	-66.298	-53.765	3.5617	0.83233	1.8240	643.34	-0.0094900	9.0141e-05	0.10331	liquid
134.00	119.00	943.48	0.0010599	-64.549	-51.937	3.5754	0.83050	1.8334	635.61	-0.0082712	8.8447e-05	0.10204	liquid
135.00	119.00	937.42	0.0010668	-62.793	-50.098	3.5891	0.82871	1.8432	627.85	-0.0069991	8.6782e-05	0.10077	liquid
136.00	119.00	931.27	0.0010738	-61.028	-48.250	3.6027	0.82697	1.8535	620.06	-0.0056708	8.5145e-05	0.099505	liquid
137.00	119.00	925.06	0.0010810	-59.255	-46.391	3.6163	0.82529	1.8642	612.24	-0.0042832	8.3535e-05	0.098244	liquid
138.00	119.00	918.77	0.0010884	-57.474	-44.521	3.6299	0.82366	1.8754	604.39	-0.0028329	8.1951e-05	0.096986	liquid
139.00	119.00	912.39	0.0010960	-55.683	-42.640	3.6435	0.82208	1.8872	596.51	-0.0013165	8.0392e-05	0.095733	liquid
140.00	119.00	905.94	0.0011038	-53.882	-40.747	3.6571	0.82055	1.8995	588.60	0.00027003	7.8858e-05	0.094485	liquid
141.00	119.00	899.39	0.0011119	-52.072	-38.841	3.6706	0.81908	1.9124	580.65	0.0019307	7.7347e-05	0.093241	liquid
142.00	119.00	892.75	0.0011201	-50.251	-36.922	3.6842	0.81767	1.9259	572.68	0.0036700	7.5860e-05	0.092001	liquid
143.00	119.00	886.02	0.0011286	-48.420	-34.989	3.6978	0.81632	1.9400	564.67	0.0054925	7.4395e-05	0.090767	liquid
144.00	119.00	879.19	0.0011374	-46.577	-33.042	3.7113	0.81503	1.9549	556.62	0.0074035	7.2952e-05	0.089538	liquid
145.00	119.00	872.26	0.0011465	-44.722	-31.079	3.7249	0.81380	1.9705	548.55	0.0094083	7.1531e-05	0.088314	liquid
146.00	119.00	865.21	0.0011558	-42.854	-29.100	3.7385	0.81264	1.9868	540.44	0.011513	7.0129e-05	0.087095	liquid
147.00	119.00	858.06	0.0011654	-40.974	-27.105	3.7521	0.81154	2.0040	532.30	0.013723	6.8748e-05	0.085882	liquid
148.00	119.00	850.78	0.0011754	-39.079	-25.092	3.7658	0.81051	2.0220	524.14	0.016046	6.7387e-05	0.084675	liquid
149.00	119.00	843.38	0.0011857	-37.171	-23.061	3.7795	0.80956	2.0410	515.94	0.018489	6.6044e-05	0.083474	liquid
150.00	119.00	835.86	0.0011964	-35.247	-21.010	3.7932	0.80868	2.0610	507.71	0.021060	6.4720e-05	0.082279	liquid
151.00	119.00	828.19	0.0012074	-33.307	-18.938	3.8069	0.80787	2.0820	499.46	0.023766	6.3414e-05	0.081090	liquid
152.00	119.00	820.39	0.0012189	-31.351	-16.845	3.8208	0.80715	2.1041	491.19	0.026618	6.2125e-05	0.079908	liquid
153.00	119.00	812.44	0.0012309	-29.377	-14.730	3.8346	0.80650	2.1274	482.89	0.029623	6.0853e-05	0.078732	liquid
154.00	119.00	804.33	0.0012433	-27.385	-12.590	3.8486	0.80593	2.1519	474.58	0.032793	5.9598e-05	0.077563	liquid
155.00	119.00	796.06	0.0012562	-25.374	-10.426	3.8626	0.80545	2.1778	466.26	0.036137	5.8359e-05	0.076401	supercritical
156.00	119.00	787.62	0.0012696	-23.343	-8.2343	3.8767	0.80505	2.2050	457.93	0.039668	5.7135e-05	0.075246	supercritical
157.00	119.00	779.00	0.0012837	-21.291	-6.0151	3.8909	0.80473	2.2336	449.60	0.043397	5.5927e-05	0.074098	supercritical
158.00	119.00	770.20	0.0012984	-19.217	-3.7665	3.9051	0.80450	2.2638	441.28	0.047336	5.4734e-05	0.072957	supercritical
159.00	119.00	761.20	0.0013137	-17.120	-1.4870	3.9195	0.80436	2.2956	432.98	0.051499	5.3555e-05	0.071823	supercritical
160.00	119.00	752.01	0.0013298	-14.999	0.82517	3.9340	0.80429	2.3290	424.69	0.055898	5.2391e-05	0.070696	supercritical
161.00	119.00	742.60	0.0013466	-12.853	3.1715	3.9486	0.80430	2.3640	416.45	0.060548	5.1240e-05	0.069577	supercritical
162.00	119.00	732.97	0.0013643	-10.682	5.5537	3.9634	0.80439	2.4007	408.26	0.065462	5.0103e-05	0.068465	supercritical
163.00	119.00	723.12	0.0013829	-8.4829	7.9735	3.9783	0.80454	2.4391	400.12	0.070653	4.8980e-05	0.067361	supercritical
164.00	119.00	713.04	0.0014024	-6.2566	10.432	3.9933	0.80475	2.4791	392.07	0.076132	4.7870e-05	0.066263	supercritical
165.00	119.00	702.72	0.0014230	-4.0020	12.932	4.0085	0.80501	2.5205	384.12	0.081911	4.6773e-05	0.065173	supercritical
166.00	119.00	692.17	0.0014447	-1.7186	15.474	4.0239	0.80532	2.5632	376.28	0.087999	4.5690e-05	0.064091	supercritical
167.00	119.00	681.36	0.0014676	0.59383	18.059	4.0394	0.80565	2.6069	368.57	0.094399	4.4621e-05	0.063015	supercritical
168.00	119.00	670.32	0.0014918	2.9352	20.688	4.0551	0.80599	2.6512	361.03	0.10111	4.3566e-05	0.061946	supercritical
169.00	119.00	659.05	0.0015173	5.3048	23.361	4.0710	0.80633	2.6956	353.68	0.10814	4.2526e-05	0.060885	supercritical
170.00	119.00	647.54	0.0015443	7.7017	26.079	4.0870	0.80666	2.7395	346.53	0.11547	4.1502e-05	0.059830	supercritical
171.00	119.00	635.83	0.0015727	10.124	28.840	4.1032	0.80696	2.7823	339.63	0.12309	4.0495e-05	0.058783	supercritical
172.00	119.00	623.92	0.0016028	12.570	31.643	4.1195	0.80721	2.8230	332.99	0.13098	3.9506e-05	0.057743	supercritical
173.00	119.00	611.85	0.0016344	15.036	34.485	4.1360	0.80739	2.8610	326.64	0.13910	3.8537e-05	0.056711	supercritical
174.00	119.00	599.64	0.0016677	17.518	37.363	4.1526	0.80748	2.8952	320.61	0.14744	3.7589e-05	0.055687	supercritical
175.00	119.00	587.33	0.0017026	20.012	40.274	4.1693	0.80747	2.9249	314.91	0.15595	3.6665e-05	0.054672	supercritical
176.00	119.00	574.96	0.0017393	22.514	43.211	4.1860	0.80734	2.9492	309.57	0.16458	3.5766e-05	0.053668	supercritical
177.00	119.00	562.57	0.0017775	25.017	46.170	4.2028	0.80706	2.9674	304.59	0.17328	3.4894e-05	0.052676	supercritical
178.00	119.00	550.23	0.0018174	27.516	49.144	4.2195	0.80663	2.9788	299.99	0.18201	3.4052e-05	0.051696	supercritical
179.00	119.00	537.97	0.0018589	30.005	52.125	4.2362	0.80602	2.9830	295.77	0.19070	3.3241e-05	0.050731	supercritical
180.00	119.00	525.84	0.0019017	32.477	55.107	4.2528	0.80522	2.9796	291.93	0.19928	3.2463e-05	0.049784	supercritical
181.00	119.00	513.90	0.0019459	34.926	58.082	4.2693	0.80422	2.9686	288.47	0.20770	3.1720e-05	0.048855	supercritical
182.00	119.00	502.18	0.0019913	37.345	61.042	4.2856	0.80302	2.9499	285.38	0.21589	3.1012e-05	0.047948	supercritical
183.00	119.00	490.74	0.0020377	39.731	63.980	4.3017	0.80163	2.9241	282.64	0.22380	3.0340e-05	0.047065	supercritical
184.00	119.00	479.61	0.0020850	42.076	66.888	4.3176	0.80004	2.8916	280.24	0.23136	2.9706e-05	0.046208	supercritical
185.00	119.00	468.81	0.0021331	44.378	69.761	4.3331	0.79827	2.8534	278.16	0.23854	2.9108e-05	0.045379	supercritical
186.00	119.00	458.37	0.0021816	46.632	72.593	4.3484	0.79633	2.8104	276.38	0.24532	2.8547e-05	0.044579	supercritical
187.00	119.00	448.31	0.0022306	48.836	75.380	4.3634	0.79425	2.7634	274.89	0.25166	2.8022e-05	0.043812	supercritical
188.00	119.00	438.63	0.0022798	50.989	78.119	4.3780	0.79205	2.7136	273.65	0.25755	2.7531e-05	0.043077	supercritical
189.00	119.00	429.34	0.0023292	53.090	80.807	4.3922	0.78973	2.6619	272.63	0.26300	2.7074e-05	0.042375	supercritical
190.00	119.00	420.43	0.0023785	55.138	83.442	4.4061	0.78734	2.6090	271.83	0.26800	2.6649e-05	0.041707	supercritical
191.00	119.00	411.90	0.0024278	57.134	86.025	4.4197	0.78488	2.5558	271.22	0.27257	2.6255e-05	0.041072	supercritical
192.00	119.00	403.74	0.0024769	59.080	88.554	4.4329	0.78237	2.5027	270.78	0.27673	2.5889e-05	0.040469	supercritical
193.00	119.00	395.93	0.0025257	60.975	91.031	4.4458	0.77984	2.4504	270.48	0.28049	2.5549e-05	0.039899	supercritical
194.00	119.00	388.46	0.0025742	62.822	93.455	4.4583	0.77729	2.3991	270.32	0.28387	2.5235e-05	0.039360	supercritical
195.00	119.00	381.33	0.0026224	64.622	95.829	4.4705	0.77474	2.3492	270.27	0.28689	2.4944e-05	0.038851	supercritical
196.00	119.00	374.50	0.0026702	66.378	98.154	4.4824	0.77220	2.3008	270.33	0.28957	2.4675e-05	0.038371	supercritical
197.00	119.00	367.96	0.0027177	68.091	100.43	4.4940	0.76968	2.2541	270.48	0.29194	2.4427e-05	0.037918	supercritical
198.00	119.00	361.71	0.0027646	69.764	102.66	4.5053	0.76718	2.2092	270.72	0.29401	2.4197e-05	0.037491	supercritical
199.00	119.00	355.72	0.0028112	71.397	104.85	4.5163	0.76473	2.1660	271.02	0.29581	2.3984e-05	0.037088	supercritical
200.00	119.00	349.98	0.0028573	72.994	107.00	4.5271	0.76231	2.1246	271.39	0.29735	2.3788e-05	0.036710	supercritical
201.00	119.00	344.48	0.0029029	74.555	109.10	4.5375	0.75994	2.0851	271.81	0.29865	2.3606e-05	0.036353	supercritical
202.00	119.00	339.20	0.0029481	76.084	111.17	4.5478	0.75762	2.0472	272.28	0.29973	2.3438e-05	0.036017	supercritical
203.00	119.00	334.13	0.0029929	77.580	113.20	4.5578	0.75534	2.0110	272.80	0.30060	2.3283e-05	0.035701	supercritical
204.00	119.00	329.25	0.0030372	79.047	115.19	4.5676	0.75313	1.9765	273.35	0.30129	2.3140e-05	0.035403	supercritical
205.00	119.00	324.57	0.0030810	80.485	117.15	4.5772	0.75096	1.9435	273.94	0.30179	2.3008e-05	0.035123	supercritical
206.00	119.00	320.05	0.0031245	81.895	119.08	4.5866	0.74885	1.9121	274.55	0.30214	2.2886e-05	0.034859	supercritical
207.00	119.00	315.71	0.0031675	83.281	120.97	4.5958	0.74680	1.8820	275.20	0.30233	2.2774e-05	0.034610	supercritical
208.00	119.00	311.52	0.0032100	84.642	122.84	4.6048	0.74481	1.8534	275.86	0.30239	2.2671e-05	0.034376	supercritical
209.00	119.00	307.48	0.0032522	85.979	124.68	4.6136	0.74286	1.8260	276.55	0.30231	2.2576e-05	0.034156	supercritical
210.00	119.00	303.58	0.0032940	87.295	126.49	4.6222	0.74098	1.7998	277.25	0.30211	2.2488e-05	0.033949	supercritical
211.00	119.00	299.82	0.0033354	88.590	128.28	4.6307	0.73915	1.7749	277.97	0.30181	2.2408e-05	0.033754	supercritical
212.00	119.00	296.17	0.0033764	89.865	130.04	4.6391	0.73737	1.7510	278.70	0.30140	2.2334e-05	0.033570	supercritical
213.00	119.00	292.65	0.0034170	91.120	131.78	4.6473	0.73564	1.7282	279.45	0.30090	2.2266e-05	0.033397	supercritical
214.00	119.00	289.24	0.0034573	92.358	133.50	4.6553	0.73397	1.7063	280.21	0.30032	2.2205e-05	0.033235	supercritical
215.00	119.00	285.94	0.0034972	93.579	135.20	4.6632	0.73234	1.6854	280.97	0.29965	2.2149e-05	0.033082	supercritical
216.00	119.00	282.74	0.0035368	94.783	136.87	4.6710	0.73077	1.6654	281.74	0.29891	2.2097e-05	0.032938	supercritical
217.00	119.00	279.64	0.0035761	95.972	138.53	4.6786	0.72924	1.6462	282.52	0.29810	2.2051e-05	0.032803	supercritical
218.00	119.00	276.62	0.0036150	97.145	140.16	4.6862	0.72776	1.6279	283.31	0.29723	2.2009e-05	0.032675	supercritical
219.00	119.00	273.70	0.0036536	98.305	141.78	4.6936	0.72633	1.6102	284.10	0.29631	2.1972e-05	0.032556	supercritical
220.00	119.00	270.86	0.0036920	99.451	143.38	4.7009	0.72493	1.5933	284.89	0.29533	2.1938e-05	0.032444	supercritical
221.00	119.00	268.10	0.0037300	100.58	144.97	4.7081	0.72359	1.5771	285.69	0.29430	2.1908e-05	0.032339	supercritical
222.00	119.00	265.41	0.0037677	101.70	146.54	4.7151	0.72228	1.5615	286.49	0.29323	2.1882e-05	0.032240	supercritical
223.00	119.00	262.80	0.0038052	102.81	148.09	4.7221	0.72101	1.5465	287.29	0.29211	2.1859e-05	0.032148	supercritical
224.00	119.00	260.26	0.0038424	103.91	149.63	4.7290	0.71978	1.5321	288.09	0.29096	2.1839e-05	0.032061	supercritical
225.00	119.00	257.78	0.0038793	104.99	151.16	4.7358	0.71859	1.5182	288.90	0.28978	2.1822e-05	0.031980	supercritical
226.00	119.00	255.37	0.0039160	106.07	152.67	4.7425	0.71744	1.5048	289.70	0.28857	2.1808e-05	0.031905	supercritical
227.00	119.00	253.01	0.0039524	107.13	154.17	4.7491	0.71632	1.4920	290.51	0.28732	2.1796e-05	0.031834	supercritical
228.00	119.00	250.72	0.0039885	108.19	155.65	4.7556	0.71523	1.4796	291.31	0.28606	2.1787e-05	0.031768	supercritical
229.00	119.00	248.48	0.0040245	109.24	157.13	4.7621	0.71418	1.4677	292.12	0.28476	2.1781e-05	0.031707	supercritical
230.00	119.00	246.29	0.0040602	110.27	158.59	4.7685	0.71316	1.4561	292.92	0.28345	2.1776e-05	0.031651	supercritical
231.00	119.00	244.16	0.0040957	111.30	160.04	4.7748	0.71217	1.4450	293.72	0.28212	2.1774e-05	0.031598	supercritical
232.00	119.00	242.07	0.0041310	112.32	161.48	4.7810	0.71121	1.4343	294.53	0.28077	2.1773e-05	0.031550	supercritical
233.00	119.00	240.04	0.0041660	113.33	162.91	4.7871	0.71028	1.4239	295.33	0.27941	2.1775e-05	0.031505	supercritical
234.00	119.00	238.05	0.0042009	114.34	164.33	4.7932	0.70938	1.4139	296.13	0.27803	2.1778e-05	0.031464	supercritical
235.00	119.00	236.10	0.0042355	115.33	165.74	4.7992	0.70850	1.4042	296.93	0.27664	2.1784e-05	0.031426	supercritical
236.00	119.00	234.19	0.0042700	116.32	167.14	4.8052	0.70765	1.3949	297.72	0.27524	2.1790e-05	0.031392	supercritical
237.00	119.00	232.33	0.0043042	117.31	168.53	4.8110	0.70683	1.3858	298.52	0.27383	2.1799e-05	0.031361	supercritical
238.00	119.00	230.50	0.0043383	118.28	169.91	4.8168	0.70603	1.3771	299.31	0.27241	2.1809e-05	0.031333	supercritical
239.00	119.00	228.72	0.0043722	119.25	171.28	4.8226	0.70525	1.3686	300.10	0.27099	2.1820e-05	0.031308	supercritical
240.00	119.00	226.97	0.0044060	120.21	172.64	4.8283	0.70450	1.3604	300.89	0.26956	2.1832e-05	0.031286	supercritical
241.00	119.00	225.25	0.0044395	121.17	174.00	4.8339	0.70377	1.3524	301.68	0.26812	2.1846e-05	0.031266	supercritical
242.00	119.00	223.57	0.0044729	122.12	175.35	4.8395	0.70306	1.3447	302.46	0.26668	2.1861e-05	0.031249	supercritical
243.00	119.00	221.92	0.0045061	123.07	176.69	4.8451	0.70238	1.3372	303.24	0.26524	2.1878e-05	0.031234	supercritical
244.00	119.00	220.30	0.0045392	124.01	178.02	4.8505	0.70171	1.3299	304.02	0.26379	2.1895e-05	0.031222	supercritical
245.00	119.00	218.72	0.0045721	124.94	179.35	4.8560	0.70106	1.3229	304.80	0.26235	2.1914e-05	0.031212	supercritical
246.00	119.00	217.16	0.0046048	125.87	180.67	4.8613	0.70043	1.3160	305.57	0.26090	2.1933e-05	0.031204	supercritical
247.00	119.00	215.64	0.0046374	126.80	181.98	4.8667	0.69982	1.3094	306.34	0.25945	2.1953e-05	0.031198	supercritical
248.00	119.00	214.14	0.0046699	127.72	183.29	4.8719	0.69923	1.3029	307.11	0.25800	2.1975e-05	0.031195	supercritical
249.00	119.00	212.67	0.0047022	128.63	184.59	4.8772	0.69866	1.2967	307.88	0.25655	2.1997e-05	0.031193	supercritical
250.00	119.00	211.22	0.0047344	129.54	185.88	4.8823	0.69810	1.2906	308.64	0.25511	2.2020e-05	0.031193	supercritical
251.00	119.00	209.80	0.0047664	130.45	187.17	4.8875	0.69756	1.2846	309.40	0.25367	2.2044e-05	0.031195	supercritical
252.00	119.00	208.41	0.0047983	131.35	188.45	4.8926	0.69704	1.2789	310.16	0.25222	2.2069e-05	0.031198	supercritical
253.00	119.00	207.04	0.0048301	132.25	189.73	4.8976	0.69653	1.2733	310.91	0.25078	2.2095e-05	0.031204	supercritical
254.00	119.00	205.69	0.0048617	133.14	191.00	4.9027	0.69604	1.2678	311.66	0.24935	2.2121e-05	0.031211	supercritical
255.00	119.00	204.36	0.0048933	134.03	192.26	4.9076	0.69556	1.2625	312.41	0.24792	2.2148e-05	0.031219	supercritical
256.00	119.00	203.06	0.0049247	134.92	193.52	4.9126	0.69509	1.2573	313.16	0.24649	2.2175e-05	0.031229	supercritical
257.00	119.00	201.78	0.0049560	135.80	194.78	4.9174	0.69464	1.2523	313.90	0.24506	2.2204e-05	0.031240	supercritical
258.00	119.00	200.52	0.0049871	136.68	196.03	4.9223	0.69421	1.2474	314.65	0.24364	2.2233e-05	0.031253	supercritical
259.00	119.00	199.28	0.0050182	137.56	197.27	4.9271	0.69378	1.2426	315.38	0.24223	2.2262e-05	0.031267	supercritical
260.00	119.00	198.05	0.0050491	138.43	198.51	4.9319	0.69337	1.2379	316.12	0.24082	2.2292e-05	0.031282	supercritical
261.00	119.00	196.85	0.0050799	139.30	199.75	4.9366	0.69297	1.2334	316.85	0.23941	2.2323e-05	0.031299	supercritical
262.00	119.00	195.67	0.0051107	140.16	200.98	4.9413	0.69259	1.2289	317.58	0.23801	2.2354e-05	0.031316	supercritical
263.00	119.00	194.50	0.0051413	141.02	202.21	4.9460	0.69221	1.2246	318.31	0.23662	2.2385e-05	0.031335	supercritical
264.00	119.00	193.36	0.0051718	141.88	203.43	4.9507	0.69185	1.2204	319.03	0.23523	2.2417e-05	0.031355	supercritical
265.00	119.00	192.23	0.0052022	142.74	204.65	4.9553	0.69150	1.2163	319.76	0.23385	2.2450e-05	0.031377	supercritical
266.00	119.00	191.11	0.0052325	143.59	205.86	4.9598	0.69116	1.2123	320.48	0.23247	2.2483e-05	0.031399	supercritical
267.00	119.00	190.01	0.0052627	144.44	207.07	4.9644	0.69083	1.2083	321.19	0.23110	2.2516e-05	0.031422	supercritical
268.00	119.00	188.93	0.0052929	145.29	208.28	4.9689	0.69051	1.2045	321.91	0.22973	2.2550e-05	0.031446	supercritical
269.00	119.00	187.87	0.0053229	146.14	209.48	4.9734	0.69020	1.2008	322.62	0.22837	2.2584e-05	0.031471	supercritical
270.00	119.00	186.82	0.0053528	146.98	210.68	4.9778	0.68990	1.1971	323.33	0.22702	2.2619e-05	0.031497	supercritical
271.00	119.00	185.78	0.0053827	147.82	211.87	4.9822	0.68961	1.1936	324.03	0.22568	2.2654e-05	0.031524	supercritical
272.00	119.00	184.76	0.0054124	148.66	213.07	4.9866	0.68933	1.1901	324.73	0.22434	2.2689e-05	0.031552	supercritical
273.00	119.00	183.75	0.0054421	149.49	214.25	4.9910	0.68906	1.1867	325.44	0.22300	2.2725e-05	0.031581	supercritical
274.00	119.00	182.76	0.0054717	150.33	215.44	4.9953	0.68880	1.1833	326.13	0.22168	2.2761e-05	0.031610	supercritical
275.00	119.00	181.78	0.0055012	151.16	216.62	4.9996	0.68854	1.1801	326.83	0.22036	2.2797e-05	0.031640	supercritical
276.00	119.00	180.81	0.0055306	151.99	217.80	5.0039	0.68830	1.1769	327.52	0.21905	2.2834e-05	0.031671	supercritical
277.00	119.00	179.86	0.0055600	152.81	218.98	5.0082	0.68806	1.1738	328.21	0.21774	2.2870e-05	0.031703	supercritical
278.00	119.00	178.92	0.0055892	153.64	220.15	5.0124	0.68784	1.1707	328.90	0.21644	2.2908e-05	0.031735	supercritical
279.00	119.00	177.99	0.0056184	154.46	221.32	5.0166	0.68762	1.1678	329.58	0.21515	2.2945e-05	0.031768	supercritical
280.00	119.00	177.07	0.0056475	155.28	222.48	5.0207	0.68741	1.1648	330.27	0.21387	2.2983e-05	0.031802	supercritical
281.00	119.00	176.16	0.0056765	156.10	223.65	5.0249	0.68720	1.1620	330.95	0.21259	2.3021e-05	0.031837	supercritical
282.00	119.00	175.27	0.0057055	156.91	224.81	5.0290	0.68701	1.1592	331.62	0.21132	2.3059e-05	0.031872	supercritical
283.00	119.00	174.39	0.0057344	157.73	225.96	5.0331	0.68682	1.1565	332.30	0.21006	2.3097e-05	0.031907	supercritical
284.00	119.00	173.52	0.0057632	158.54	227.12	5.0372	0.68664	1.1538	332.97	0.20880	2.3136e-05	0.031944	supercritical
285.00	119.00	172.65	0.0057919	159.35	228.27	5.0412	0.68646	1.1512	333.64	0.20755	2.3175e-05	0.031980	supercritical
286.00	119.00	171.80	0.0058206	160.16	229.42	5.0453	0.68629	1.1486	334.31	0.20631	2.3214e-05	0.032018	supercritical
287.00	119.00	170.96	0.0058492	160.96	230.57	5.0493	0.68613	1.1461	334.98	0.20507	2.3253e-05	0.032056	supercritical
288.00	119.00	170.13	0.0058777	161.77	231.71	5.0533	0.68598	1.1436	335.64	0.20385	2.3293e-05	0.032094	supercritical
289.00	119.00	169.31	0.0059062	162.57	232.86	5.0572	0.68583	1.1412	336.30	0.20263	2.3333e-05	0.032133	supercritical
290.00	119.00	168.50	0.0059346	163.38	234.00	5.0612	0.68569	1.1389	336.96	0.20141	2.3373e-05	0.032172	supercritical
291.00	119.00	167.70	0.0059629	164.18	235.13	5.0651	0.68556	1.1365	337.61	0.20021	2.3413e-05	0.032212	supercritical
292.00	119.00	166.91	0.0059912	164.97	236.27	5.0690	0.68543	1.1343	338.27	0.19901	2.3453e-05	0.032253	supercritical
293.00	119.00	166.13	0.0060194	165.77	237.40	5.0728	0.68531	1.1321	338.92	0.19781	2.3493e-05	0.032293	supercritical
294.00	119.00	165.35	0.0060476	166.57	238.53	5.0767	0.68519	1.1299	339.57	0.19663	2.3534e-05	0.032334	supercritical
295.00	119.00	164.59	0.0060757	167.36	239.66	5.0805	0.68508	1.1277	340.22	0.19545	2.3574e-05	0.032376	supercritical
296.00	119.00	163.83	0.0061037	168.16	240.79	5.0843	0.68498	1.1257	340.86	0.19428	2.3615e-05	0.032418	supercritical
297.00	119.00	163.09	0.0061317	168.95	241.91	5.0881	0.68488	1.1236	341.50	0.19311	2.3656e-05	0.032460	supercritical
298.00	119.00	162.35	0.0061596	169.74	243.04	5.0919	0.68479	1.1216	342.14	0.19195	2.3697e-05	0.032503	supercritical
299.00	119.00	161.62	0.0061875	170.53	244.16	5.0957	0.68470	1.1196	342.78	0.19080	2.3739e-05	0.032545	supercritical
300.00	119.00	160.89	0.0062153	171.31	245.28	5.0994	0.68462	1.1177	343.42	0.18966	2.3780e-05	0.032588	supercritical
301.00	119.00	160.18	0.0062431	172.10	246.39	5.1031	0.68455	1.1158	344.05	0.18852	2.3822e-05	0.032632	supercritical
302.00	119.00	159.47	0.0062708	172.89	247.51	5.1068	0.68447	1.1139	344.68	0.18739	2.3863e-05	0.032675	supercritical
303.00	119.00	158.77	0.0062984	173.67	248.62	5.1105	0.68441	1.1121	345.31	0.18626	2.3905e-05	0.032719	supercritical
304.00	119.00	158.08	0.0063260	174.45	249.73	5.1142	0.68435	1.1103	345.94	0.18515	2.3947e-05	0.032763	supercritical
305.00	119.00	157.39	0.0063536	175.23	250.84	5.1178	0.68429	1.1085	346.56	0.18404	2.3989e-05	0.032807	supercritical
306.00	119.00	156.71	0.0063811	176.01	251.95	5.1214	0.68424	1.1068	347.19	0.18293	2.4031e-05	0.032850	supercritical
307.00	119.00	156.04	0.0064085	176.79	253.06	5.1250	0.68419	1.1051	347.81	0.18183	2.4073e-05	0.032894	supercritical
308.00	119.00	155.38	0.0064359	177.57	254.16	5.1286	0.68415	1.1035	348.43	0.18074	2.4115e-05	0.032936	supercritical
309.00	119.00	154.72	0.0064633	178.35	255.26	5.1322	0.68412	1.1018	349.05	0.17966	2.4158e-05	0.032973	supercritical
310.00	119.00	154.07	0.0064905	179.13	256.36	5.1358	0.68408	1.1002	349.66	0.17858	2.4200e-05	0.033015	supercritical
311.00	119.00	153.43	0.0065178	179.90	257.46	5.1393	0.68406	1.0987	350.27	0.17751	2.4243e-05	0.033066	supercritical
312.00	119.00	152.79	0.0065450	180.67	258.56	5.1428	0.68403	1.0971	350.88	0.17644	2.4285e-05	0.033117	supercritical
313.00	119.00	152.16	0.0065722	181.45	259.66	5.1463	0.68401	1.0956	351.49	0.17538	2.4328e-05	0.033168	supercritical
314.00	119.00	151.53	0.0065993	182.22	260.75	5.1498	0.68400	1.0941	352.10	0.17433	2.4371e-05	0.033219	supercritical
315.00	119.00	150.91	0.0066263	182.99	261.85	5.1533	0.68399	1.0927	352.71	0.17329	2.4414e-05	0.033271	supercritical
316.00	119.00	150.30	0.0066534	183.76	262.94	5.1568	0.68398	1.0912	353.31	0.17225	2.4456e-05	0.033323	supercritical
317.00	119.00	149.69	0.0066804	184.53	264.03	5.1602	0.68398	1.0898	353.91	0.17121	2.4499e-05	0.033375	supercritical
318.00	119.00	149.09	0.0067073	185.30	265.12	5.1636	0.68398	1.0885	354.51	0.17018	2.4542e-05	0.033427	supercritical
319.00	119.00	148.50	0.0067342	186.07	266.20	5.1670	0.68399	1.0871	355.11	0.16916	2.4586e-05	0.033480	supercritical
320.00	119.00	147.91	0.0067610	186.83	267.29	5.1704	0.68400	1.0858	355.70	0.16815	2.4629e-05	0.033532	supercritical
321.00	119.00	147.32	0.0067879	187.60	268.38	5.1738	0.68402	1.0845	356.30	0.16714	2.4672e-05	0.033585	supercritical
322.00	119.00	146.74	0.0068146	188.37	269.46	5.1772	0.68403	1.0832	356.89	0.16614	2.4715e-05	0.033638	supercritical
323.00	119.00	146.17	0.0068414	189.13	270.54	5.1806	0.68406	1.0819	357.48	0.16514	2.4758e-05	0.033692	supercritical
324.00	119.00	145.60	0.0068681	189.89	271.62	5.1839	0.68408	1.0807	358.07	0.16415	2.4802e-05	0.033745	supercritical
325.00	119.00	145.04	0.0068947	190.66	272.70	5.1872	0.68411	1.0795	358.66	0.16316	2.4845e-05	0.033799	supercritical
326.00	119.00	144.48	0.0069213	191.42	273.78	5.1905	0.68414	1.0783	359.24	0.16218	2.4889e-05	0.033852	supercritical
327.00	119.00	143.93	0.0069479	192.18	274.86	5.1938	0.68418	1.0771	359.83	0.16121	2.4932e-05	0.033906	supercritical
328.00	119.00	143.38	0.0069744	192.94	275.94	5.1971	0.68422	1.0760	360.41	0.16024	2.4976e-05	0.033960	supercritical
329.00	119.00	142.84	0.0070009	193.70	277.01	5.2004	0.68426	1.0748	360.99	0.15928	2.5019e-05	0.034015	supercritical
330.00	119.00	142.30	0.0070274	194.46	278.09	5.2037	0.68431	1.0737	361.56	0.15832	2.5063e-05	0.034069	supercritical
331.00	119.00	141.77	0.0070538	195.22	279.16	5.2069	0.68436	1.0726	362.14	0.15737	2.5107e-05	0.034124	supercritical
332.00	119.00	141.24	0.0070802	195.98	280.23	5.2101	0.68442	1.0716	362.72	0.15643	2.5150e-05	0.034179	supercritical
333.00	119.00	140.71	0.0071066	196.73	281.30	5.2134	0.68447	1.0705	363.29	0.15549	2.5194e-05	0.034234	supercritical
334.00	119.00	140.20	0.0071329	197.49	282.37	5.2166	0.68453	1.0695	363.86	0.15455	2.5238e-05	0.034289	supercritical
335.00	119.00	139.68	0.0071592	198.25	283.44	5.2198	0.68460	1.0684	364.43	0.15363	2.5282e-05	0.034344	supercritical
336.00	119.00	139.17	0.0071854	199.00	284.51	5.2230	0.68466	1.0675	365.00	0.15270	2.5325e-05	0.034399	supercritical
337.00	119.00	138.66	0.0072117	199.76	285.58	5.2261	0.68473	1.0665	365.56	0.15179	2.5369e-05	0.034455	supercritical
338.00	119.00	138.16	0.0072379	200.51	286.64	5.2293	0.68481	1.0655	366.13	0.15087	2.5413e-05	0.034510	supercritical
339.00	119.00	137.67	0.0072640	201.27	287.71	5.2324	0.68488	1.0646	366.69	0.14997	2.5457e-05	0.034566	supercritical
340.00	119.00	137.17	0.0072901	202.02	288.77	5.2356	0.68496	1.0636	367.25	0.14907	2.5501e-05	0.034622	supercritical
341.00	119.00	136.68	0.0073162	202.77	289.83	5.2387	0.68505	1.0627	367.81	0.14817	2.5545e-05	0.034678	supercritical
342.00	119.00	136.20	0.0073423	203.52	290.90	5.2418	0.68513	1.0618	368.37	0.14728	2.5589e-05	0.034734	supercritical
343.00	119.00	135.72	0.0073683	204.28	291.96	5.2449	0.68522	1.0609	368.93	0.14639	2.5633e-05	0.034790	supercritical
344.00	119.00	135.24	0.0073943	205.03	293.02	5.2480	0.68531	1.0601	369.49	0.14551	2.5677e-05	0.034847	supercritical
345.00	119.00	134.77	0.0074203	205.78	294.08	5.2511	0.68541	1.0592	370.04	0.14464	2.5721e-05	0.034903	supercritical
346.00	119.00	134.30	0.0074462	206.53	295.14	5.2541	0.68550	1.0584	370.59	0.14377	2.5765e-05	0.034960	supercritical
347.00	119.00	133.83	0.0074721	207.28	296.20	5.2572	0.68560	1.0576	371.14	0.14290	2.5809e-05	0.035017	supercritical
348.00	119.00	133.37	0.0074980	208.03	297.25	5.2602	0.68570	1.0568	371.69	0.14204	2.5853e-05	0.035073	supercritical
349.00	119.00	132.91	0.0075238	208.78	298.31	5.2633	0.68581	1.0560	372.24	0.14119	2.5897e-05	0.035130	supercritical
350.00	119.00	132.46	0.0075496	209.52	299.36	5.2663	0.68592	1.0552	372.79	0.14034	2.5941e-05	0.035187	supercritical
351.00	119.00	132.01	0.0075754	210.27	300.42	5.2693	0.68603	1.0544	373.33	0.13949	2.5985e-05	0.035245	supercritical
352.00	119.00	131.56	0.0076012	211.02	301.47	5.2723	0.68614	1.0537	373.87	0.13865	2.6029e-05	0.035302	supercritical
353.00	119.00	131.11	0.0076269	211.77	302.53	5.2753	0.68626	1.0529	374.42	0.13782	2.6073e-05	0.035359	supercritical
354.00	119.00	130.67	0.0076526	212.51	303.58	5.2782	0.68638	1.0522	374.96	0.13699	2.6117e-05	0.035417	supercritical
355.00	119.00	130.24	0.0076783	213.26	304.63	5.2812	0.68650	1.0515	375.50	0.13616	2.6161e-05	0.035474	supercritical
356.00	119.00	129.80	0.0077039	214.01	305.68	5.2842	0.68662	1.0508	376.03	0.13534	2.6205e-05	0.035532	supercritical
357.00	119.00	129.37	0.0077296	214.75	306.73	5.2871	0.68675	1.0501	376.57	0.13452	2.6250e-05	0.035589	supercritical
358.00	119.00	128.95	0.0077551	215.50	307.78	5.2901	0.68687	1.0495	377.10	0.13371	2.6294e-05	0.035647	supercritical
359.00	119.00	128.52	0.0077807	216.24	308.83	5.2930	0.68701	1.0488	377.64	0.13290	2.6338e-05	0.035705	supercritical
360.00	119.00	128.10	0.0078063	216.99	309.88	5.2959	0.68714	1.0481	378.17	0.13210	2.6382e-05	0.035763	supercritical
361.00	119.00	127.68	0.0078318	217.73	310.93	5.2988	0.68727	1.0475	378.70	0.13130	2.6426e-05	0.035821	supercritical
362.00	119.00	127.27	0.0078573	218.47	311.98	5.3017	0.68741	1.0469	379.23	0.13051	2.6470e-05	0.035879	supercritical
363.00	119.00	126.86	0.0078827	219.22	313.02	5.3046	0.68755	1.0463	379.76	0.12972	2.6514e-05	0.035937	supercritical
364.00	119.00	126.45	0.0079082	219.96	314.07	5.3075	0.68769	1.0457	380.28	0.12894	2.6558e-05	0.035996	supercritical
365.00	119.00	126.05	0.0079336	220.70	315.11	5.3103	0.68784	1.0451	380.81	0.12816	2.6602e-05	0.036054	supercritical
366.00	119.00	125.64	0.0079590	221.45	316.16	5.3132	0.68799	1.0445	381.33	0.12738	2.6646e-05	0.036112	supercritical
367.00	119.00	125.24	0.0079844	222.19	317.20	5.3160	0.68814	1.0439	381.86	0.12661	2.6691e-05	0.036171	supercritical
368.00	119.00	124.85	0.0080097	222.93	318.25	5.3189	0.68829	1.0434	382.38	0.12584	2.6735e-05	0.036230	supercritical
369.00	119.00	124.46	0.0080350	223.67	319.29	5.3217	0.68844	1.0428	382.90	0.12508	2.6779e-05	0.036288	supercritical
370.00	119.00	124.06	0.0080603	224.41	320.33	5.3245	0.68860	1.0423	383.42	0.12432	2.6823e-05	0.036347	supercritical
371.00	119.00	123.68	0.0080856	225.15	321.37	5.3273	0.68875	1.0417	383.93	0.12357	2.6867e-05	0.036406	supercritical
372.00	119.00	123.29	0.0081109	225.90	322.42	5.3301	0.68891	1.0412	384.45	0.12282	2.6911e-05	0.036465	supercritical
373.00	119.00	122.91	0.0081361	226.64	323.46	5.3329	0.68908	1.0407	384.97	0.12207	2.6955e-05	0.036523	supercritical
374.00	119.00	122.53	0.0081613	227.38	324.50	5.3357	0.68924	1.0402	385.48	0.12133	2.6999e-05	0.036582	supercritical
375.00	119.00	122.15	0.0081865	228.12	325.54	5.3385	0.68941	1.0397	385.99	0.12060	2.7043e-05	0.036641	supercritical
376.00	119.00	121.78	0.0082116	228.86	326.58	5.3413	0.68957	1.0392	386.50	0.11986	2.7087e-05	0.036701	supercritical
377.00	119.00	121.41	0.0082368	229.60	327.61	5.3440	0.68974	1.0388	387.01	0.11913	2.7131e-05	0.036760	supercritical
378.00	119.00	121.04	0.0082619	230.34	328.65	5.3468	0.68991	1.0383	387.52	0.11841	2.7175e-05	0.036819	supercritical
379.00	119.00	120.67	0.0082870	231.08	329.69	5.3495	0.69009	1.0378	388.03	0.11769	2.7219e-05	0.036878	supercritical
380.00	119.00	120.31	0.0083121	231.82	330.73	5.3523	0.69026	1.0374	388.54	0.11697	2.7263e-05	0.036937	supercritical
381.00	119.00	119.95	0.0083371	232.55	331.77	5.3550	0.69044	1.0370	389.04	0.11626	2.7307e-05	0.036997	supercritical
382.00	119.00	119.59	0.0083622	233.29	332.80	5.3577	0.69062	1.0365	389.54	0.11555	2.7351e-05	0.037056	supercritical
383.00	119.00	119.23	0.0083872	234.03	333.84	5.3604	0.69080	1.0361	390.05	0.11484	2.7395e-05	0.037116	supercritical
384.00	119.00	118.88	0.0084122	234.77	334.88	5.3631	0.69098	1.0357	390.55	0.11414	2.7439e-05	0.037175	supercritical
385.00	119.00	118.52	0.0084372	235.51	335.91	5.3658	0.69117	1.0353	391.05	0.11345	2.7483e-05	0.037235	supercritical
386.00	119.00	118.17	0.0084621	236.25	336.95	5.3685	0.69136	1.0349	391.55	0.11275	2.7527e-05	0.037294	supercritical
387.00	119.00	117.83	0.0084870	236.98	337.98	5.3712	0.69154	1.0345	392.05	0.11206	2.7571e-05	0.037354	supercritical
388.00	119.00	117.48	0.0085120	237.72	339.01	5.3738	0.69173	1.0341	392.54	0.11138	2.7615e-05	0.037414	supercritical
389.00	119.00	117.14	0.0085369	238.46	340.05	5.3765	0.69192	1.0338	393.04	0.11070	2.7658e-05	0.037473	supercritical
390.00	119.00	116.80	0.0085617	239.20	341.08	5.3792	0.69212	1.0334	393.54	0.11002	2.7702e-05	0.037533	supercritical
391.00	119.00	116.46	0.0085866	239.94	342.12	5.3818	0.69231	1.0330	394.03	0.10934	2.7746e-05	0.037593	supercritical
392.00	119.00	116.12	0.0086114	240.67	343.15	5.3844	0.69251	1.0327	394.52	0.10867	2.7790e-05	0.037653	supercritical
393.00	119.00	115.79	0.0086363	241.41	344.18	5.3871	0.69271	1.0323	395.01	0.10800	2.7834e-05	0.037713	supercritical
394.00	119.00	115.46	0.0086611	242.15	345.21	5.3897	0.69291	1.0320	395.50	0.10734	2.7878e-05	0.037773	supercritical
395.00	119.00	115.13	0.0086858	242.88	346.25	5.3923	0.69311	1.0317	395.99	0.10668	2.7921e-05	0.037833	supercritical
396.00	119.00	114.80	0.0087106	243.62	347.28	5.3949	0.69331	1.0314	396.48	0.10602	2.7965e-05	0.037893	supercritical
397.00	119.00	114.48	0.0087354	244.36	348.31	5.3975	0.69352	1.0310	396.97	0.10537	2.8009e-05	0.037953	supercritical
398.00	119.00	114.15	0.0087601	245.09	349.34	5.4001	0.69372	1.0307	397.45	0.10472	2.8053e-05	0.038013	supercritical
399.00	119.00	113.83	0.0087848	245.83	350.37	5.4027	0.69393	1.0304	397.94	0.10408	2.8096e-05	0.038073	supercritical
400.00	119.00	113.51	0.0088095	246.57	351.40	5.4053	0.69414	1.0301	398.42	0.10343	2.8140e-05	0.038133	supercritical
401.00	119.00	113.20	0.0088342	247.30	352.43	5.4078	0.69435	1.0299	398.91	0.10279	2.8184e-05	0.038194	supercritical
402.00	119.00	112.88	0.0088588	248.04	353.46	5.4104	0.69456	1.0296	399.39	0.10216	2.8227e-05	0.038254	supercritical
403.00	119.00	112.57	0.0088835	248.78	354.49	5.4130	0.69477	1.0293	399.87	0.10153	2.8271e-05	0.038314	supercritical
404.00	119.00	112.26	0.0089081	249.51	355.52	5.4155	0.69499	1.0290	400.35	0.10090	2.8314e-05	0.038374	supercritical
405.00	119.00	111.95	0.0089327	250.25	356.55	5.4181	0.69520	1.0288	400.83	0.10027	2.8358e-05	0.038435	supercritical
406.00	119.00	111.64	0.0089573	250.98	357.58	5.4206	0.69542	1.0285	401.31	0.099650	2.8402e-05	0.038495	supercritical
407.00	119.00	111.34	0.0089819	251.72	358.60	5.4231	0.69564	1.0283	401.78	0.099031	2.8445e-05	0.038555	supercritical
408.00	119.00	111.03	0.0090065	252.46	359.63	5.4257	0.69586	1.0280	402.26	0.098416	2.8489e-05	0.038616	supercritical
409.00	119.00	110.73	0.0090310	253.19	360.66	5.4282	0.69608	1.0278	402.73	0.097804	2.8532e-05	0.038676	supercritical
410.00	119.00	110.43	0.0090555	253.93	361.69	5.4307	0.69630	1.0275	403.21	0.097195	2.8576e-05	0.038737	supercritical
411.00	119.00	110.13	0.0090801	254.66	362.71	5.4332	0.69653	1.0273	403.68	0.096589	2.8619e-05	0.038797	supercritical
412.00	119.00	109.84	0.0091046	255.40	363.74	5.4357	0.69675	1.0271	404.15	0.095987	2.8663e-05	0.038858	supercritical
413.00	119.00	109.54	0.0091290	256.13	364.77	5.4382	0.69698	1.0269	404.62	0.095387	2.8706e-05	0.038918	supercritical
414.00	119.00	109.25	0.0091535	256.87	365.80	5.4407	0.69721	1.0267	405.09	0.094791	2.8749e-05	0.038979	supercritical
415.00	119.00	108.96	0.0091780	257.60	366.82	5.4431	0.69744	1.0265	405.56	0.094198	2.8793e-05	0.039039	supercritical
416.00	119.00	108.67	0.0092024	258.34	367.85	5.4456	0.69767	1.0263	406.03	0.093608	2.8836e-05	0.039100	supercritical
417.00	119.00	108.38	0.0092268	259.08	368.88	5.4481	0.69790	1.0261	406.50	0.093022	2.8879e-05	0.039161	supercritical
418.00	119.00	108.09	0.0092512	259.81	369.90	5.4505	0.69813	1.0259	406.96	0.092438	2.8923e-05	0.039221	supercritical
419.00	119.00	107.81	0.0092756	260.55	370.93	5.4530	0.69836	1.0257	407.43	0.091857	2.8966e-05	0.039282	supercritical
420.00	119.00	107.53	0.0093000	261.28	371.95	5.4554	0.69860	1.0255	407.89	0.091280	2.9009e-05	0.039343	supercritical
421.00	119.00	107.25	0.0093244	262.02	372.98	5.4579	0.69883	1.0253	408.36	0.090705	2.9052e-05	0.039403	supercritical
422.00	119.00	106.97	0.0093487	262.75	374.00	5.4603	0.69907	1.0252	408.82	0.090134	2.9096e-05	0.039464	supercritical
423.00	119.00	106.69	0.0093731	263.49	375.03	5.4627	0.69931	1.0250	409.28	0.089565	2.9139e-05	0.039525	supercritical
424.00	119.00	106.41	0.0093974	264.22	376.05	5.4651	0.69955	1.0248	409.74	0.088999	2.9182e-05	0.039586	supercritical
425.00	119.00	106.14	0.0094217	264.96	377.08	5.4675	0.69979	1.0247	410.20	0.088437	2.9225e-05	0.039646	supercritical
426.00	119.00	105.87	0.0094460	265.70	378.10	5.4700	0.70003	1.0245	410.66	0.087877	2.9268e-05	0.039707	supercritical
427.00	119.00	105.59	0.0094703	266.43	379.13	5.4724	0.70027	1.0244	411.12	0.087320	2.9311e-05	0.039768	supercritical
428.00	119.00	105.32	0.0094945	267.17	380.15	5.4748	0.70052	1.0242	411.58	0.086766	2.9354e-05	0.039829	supercritical
429.00	119.00	105.06	0.0095188	267.90	381.18	5.4771	0.70076	1.0241	412.03	0.086215	2.9398e-05	0.039890	supercritical
430.00	119.00	104.79	0.0095430	268.64	382.20	5.4795	0.70101	1.0240	412.49	0.085667	2.9441e-05	0.039951	supercritical
431.00	119.00	104.52	0.0095672	269.37	383.22	5.4819	0.70125	1.0239	412.94	0.085121	2.9484e-05	0.040011	supercritical
432.00	119.00	104.26	0.0095915	270.11	384.25	5.4843	0.70150	1.0237	413.40	0.084579	2.9527e-05	0.040072	supercritical
433.00	119.00	104.00	0.0096157	270.84	385.27	5.4866	0.70175	1.0236	413.85	0.084039	2.9569e-05	0.040133	supercritical
434.00	119.00	103.74	0.0096398	271.58	386.29	5.4890	0.70200	1.0235	414.30	0.083502	2.9612e-05	0.040194	supercritical
435.00	119.00	103.48	0.0096640	272.32	387.32	5.4914	0.70225	1.0234	414.75	0.082967	2.9655e-05	0.040255	supercritical
436.00	119.00	103.22	0.0096882	273.05	388.34	5.4937	0.70250	1.0233	415.20	0.082436	2.9698e-05	0.040316	supercritical
437.00	119.00	102.96	0.0097123	273.79	389.36	5.4961	0.70275	1.0232	415.65	0.081907	2.9741e-05	0.040377	supercritical
438.00	119.00	102.71	0.0097365	274.52	390.39	5.4984	0.70300	1.0231	416.10	0.081381	2.9784e-05	0.040438	supercritical
439.00	119.00	102.45	0.0097606	275.26	391.41	5.5007	0.70326	1.0230	416.55	0.080857	2.9827e-05	0.040499	supercritical
440.00	119.00	102.20	0.0097847	276.00	392.43	5.5031	0.70351	1.0229	417.00	0.080336	2.9869e-05	0.040560	supercritical
441.00	119.00	101.95	0.0098088	276.73	393.46	5.5054	0.70377	1.0228	417.44	0.079818	2.9912e-05	0.040621	supercritical
442.00	119.00	101.70	0.0098329	277.47	394.48	5.5077	0.70402	1.0227	417.89	0.079303	2.9955e-05	0.040682	supercritical
443.00	119.00	101.45	0.0098570	278.20	395.50	5.5100	0.70428	1.0226	418.33	0.078790	2.9998e-05	0.040743	supercritical
444.00	119.00	101.20	0.0098810	278.94	396.52	5.5123	0.70454	1.0226	418.78	0.078279	3.0040e-05	0.040804	supercritical
445.00	119.00	100.96	0.0099051	279.68	397.55	5.5146	0.70479	1.0225	419.22	0.077772	3.0083e-05	0.040865	supercritical
446.00	119.00	100.71	0.0099291	280.41	398.57	5.5169	0.70505	1.0224	419.66	0.077266	3.0125e-05	0.040926	supercritical
447.00	119.00	100.47	0.0099531	281.15	399.59	5.5192	0.70531	1.0223	420.10	0.076764	3.0168e-05	0.040987	supercritical
448.00	119.00	100.23	0.0099772	281.89	400.61	5.5215	0.70558	1.0223	420.54	0.076264	3.0211e-05	0.041048	supercritical
449.00	119.00	99.988	0.010001	282.62	401.64	5.5238	0.70584	1.0222	420.98	0.075766	3.0253e-05	0.041109	supercritical
450.00	119.00	99.749	0.010025	283.36	402.66	5.5260	0.70610	1.0222	421.42	0.075271	3.0296e-05	0.041170	supercritical
451.00	119.00	99.511	0.010049	284.10	403.68	5.5283	0.70636	1.0221	421.86	0.074778	3.0338e-05	0.041231	supercritical
452.00	119.00	99.274	0.010073	284.83	404.70	5.5306	0.70663	1.0221	422.30	0.074288	3.0381e-05	0.041292	supercritical
453.00	119.00	99.039	0.010097	285.57	405.72	5.5328	0.70689	1.0220	422.73	0.073801	3.0423e-05	0.041353	supercritical
454.00	119.00	98.804	0.010121	286.31	406.75	5.5351	0.70716	1.0220	423.17	0.073315	3.0465e-05	0.041414	supercritical
455.00	119.00	98.571	0.010145	287.04	407.77	5.5373	0.70742	1.0219	423.61	0.072832	3.0508e-05	0.041476	supercritical
456.00	119.00	98.339	0.010169	287.78	408.79	5.5396	0.70769	1.0219	424.04	0.072352	3.0550e-05	0.041537	supercritical
457.00	119.00	98.108	0.010193	288.52	409.81	5.5418	0.70795	1.0219	424.47	0.071874	3.0592e-05	0.041598	supercritical
458.00	119.00	97.879	0.010217	289.26	410.83	5.5440	0.70822	1.0219	424.91	0.071398	3.0635e-05	0.041659	supercritical
459.00	119.00	97.651	0.010241	289.99	411.86	5.5463	0.70849	1.0218	425.34	0.070925	3.0677e-05	0.041720	supercritical
460.00	119.00	97.423	0.010264	290.73	412.88	5.5485	0.70876	1.0218	425.77	0.070454	3.0719e-05	0.041781	supercritical
461.00	119.00	97.197	0.010288	291.47	413.90	5.5507	0.70903	1.0218	426.20	0.069985	3.0762e-05	0.041842	supercritical
462.00	119.00	96.972	0.010312	292.21	414.92	5.5529	0.70930	1.0218	426.63	0.069519	3.0804e-05	0.041903	supercritical
463.00	119.00	96.749	0.010336	292.94	415.94	5.5551	0.70957	1.0218	427.06	0.069055	3.0846e-05	0.041964	supercritical
464.00	119.00	96.526	0.010360	293.68	416.97	5.5573	0.70984	1.0217	427.49	0.068593	3.0888e-05	0.042025	supercritical
465.00	119.00	96.304	0.010384	294.42	417.99	5.5595	0.71011	1.0217	427.92	0.068134	3.0930e-05	0.042087	supercritical
466.00	119.00	96.084	0.010408	295.16	419.01	5.5617	0.71039	1.0217	428.35	0.067677	3.0972e-05	0.042148	supercritical
467.00	119.00	95.865	0.010431	295.90	420.03	5.5639	0.71066	1.0217	428.77	0.067222	3.1014e-05	0.042209	supercritical
468.00	119.00	95.646	0.010455	296.64	421.05	5.5661	0.71093	1.0217	429.20	0.066769	3.1056e-05	0.042270	supercritical
469.00	119.00	95.429	0.010479	297.37	422.07	5.5683	0.71121	1.0217	429.62	0.066319	3.1098e-05	0.042331	supercritical
470.00	119.00	95.213	0.010503	298.11	423.10	5.5705	0.71148	1.0217	430.05	0.065870	3.1140e-05	0.042392	supercritical
471.00	119.00	94.998	0.010527	298.85	424.12	5.5726	0.71175	1.0217	430.47	0.065424	3.1182e-05	0.042453	supercritical
472.00	119.00	94.784	0.010550	299.59	425.14	5.5748	0.71203	1.0217	430.90	0.064980	3.1224e-05	0.042514	supercritical
473.00	119.00	94.571	0.010574	300.33	426.16	5.5770	0.71231	1.0218	431.32	0.064538	3.1266e-05	0.042576	supercritical
474.00	119.00	94.359	0.010598	301.07	427.18	5.5791	0.71258	1.0218	431.74	0.064099	3.1308e-05	0.042637	supercritical
475.00	119.00	94.148	0.010622	301.81	428.20	5.5813	0.71286	1.0218	432.16	0.063661	3.1350e-05	0.042698	supercritical
476.00	119.00	93.938	0.010645	302.55	429.23	5.5834	0.71314	1.0218	432.58	0.063226	3.1392e-05	0.042759	supercritical
477.00	119.00	93.730	0.010669	303.29	430.25	5.5856	0.71341	1.0218	433.00	0.062793	3.1433e-05	0.042820	supercritical
478.00	119.00	93.522	0.010693	304.03	431.27	5.5877	0.71369	1.0219	433.42	0.062362	3.1475e-05	0.042881	supercritical
479.00	119.00	93.315	0.010716	304.77	432.29	5.5899	0.71397	1.0219	433.84	0.061933	3.1517e-05	0.042942	supercritical
480.00	119.00	93.109	0.010740	305.51	433.31	5.5920	0.71425	1.0219	434.26	0.061505	3.1559e-05	0.043003	supercritical
481.00	119.00	92.904	0.010764	306.25	434.34	5.5941	0.71453	1.0220	434.67	0.061081	3.1600e-05	0.043064	supercritical
482.00	119.00	92.701	0.010787	306.99	435.36	5.5962	0.71481	1.0220	435.09	0.060658	3.1642e-05	0.043126	supercritical
483.00	119.00	92.498	0.010811	307.73	436.38	5.5983	0.71509	1.0220	435.51	0.060237	3.1683e-05	0.043187	supercritical
484.00	119.00	92.296	0.010835	308.47	437.40	5.6005	0.71537	1.0221	435.92	0.059818	3.1725e-05	0.043248	supercritical
485.00	119.00	92.095	0.010858	309.21	438.42	5.6026	0.71565	1.0221	436.34	0.059401	3.1767e-05	0.043309	supercritical
486.00	119.00	91.895	0.010882	309.95	439.45	5.6047	0.71593	1.0221	436.75	0.058986	3.1808e-05	0.043370	supercritical
487.00	119.00	91.696	0.010906	310.69	440.47	5.6068	0.71621	1.0222	437.16	0.058573	3.1850e-05	0.043431	supercritical
488.00	119.00	91.497	0.010929	311.43	441.49	5.6089	0.71649	1.0222	437.58	0.058163	3.1891e-05	0.043492	supercritical
489.00	119.00	91.300	0.010953	312.17	442.51	5.6110	0.71678	1.0223	437.99	0.057754	3.1933e-05	0.043553	supercritical
490.00	119.00	91.104	0.010976	312.91	443.53	5.6131	0.71706	1.0223	438.40	0.057347	3.1974e-05	0.043614	supercritical
491.00	119.00	90.908	0.011000	313.66	444.56	5.6151	0.71734	1.0224	438.81	0.056942	3.2015e-05	0.043675	supercritical
492.00	119.00	90.714	0.011024	314.40	445.58	5.6172	0.71763	1.0225	439.22	0.056538	3.2057e-05	0.043736	supercritical
493.00	119.00	90.520	0.011047	315.14	446.60	5.6193	0.71791	1.0225	439.63	0.056137	3.2098e-05	0.043797	supercritical
494.00	119.00	90.328	0.011071	315.88	447.62	5.6214	0.71819	1.0226	440.04	0.055738	3.2140e-05	0.043858	supercritical
495.00	119.00	90.136	0.011094	316.62	448.65	5.6234	0.71848	1.0226	440.45	0.055340	3.2181e-05	0.043920	supercritical
496.00	119.00	89.945	0.011118	317.37	449.67	5.6255	0.71876	1.0227	440.86	0.054945	3.2222e-05	0.043981	supercritical
497.00	119.00	89.755	0.011141	318.11	450.69	5.6276	0.71904	1.0228	441.27	0.054551	3.2263e-05	0.044042	supercritical
498.00	119.00	89.566	0.011165	318.85	451.72	5.6296	0.71933	1.0228	441.67	0.054159	3.2305e-05	0.044103	supercritical
499.00	119.00	89.377	0.011189	319.59	452.74	5.6317	0.71961	1.0229	442.08	0.053769	3.2346e-05	0.044164	supercritical
500.00	119.00	89.190	0.011212	320.34	453.76	5.6337	0.71990	1.0230	442.48	0.053381	3.2387e-05	0.044225	supercritical
501.00	119.00	89.003	0.011236	321.08	454.78	5.6358	0.72018	1.0230	442.89	0.052995	3.2428e-05	0.044286	supercritical
502.00	119.00	88.817	0.011259	321.82	455.81	5.6378	0.72047	1.0231	443.29	0.052610	3.2469e-05	0.044347	supercritical
503.00	119.00	88.632	0.011283	322.57	456.83	5.6398	0.72076	1.0232	443.70	0.052228	3.2510e-05	0.044408	supercritical
504.00	119.00	88.448	0.011306	323.31	457.85	5.6419	0.72104	1.0233	444.10	0.051847	3.2551e-05	0.044469	supercritical
505.00	119.00	88.265	0.011330	324.06	458.88	5.6439	0.72133	1.0233	444.50	0.051468	3.2592e-05	0.044530	supercritical
506.00	119.00	88.082	0.011353	324.80	459.90	5.6459	0.72161	1.0234	444.91	0.051090	3.2633e-05	0.044591	supercritical
507.00	119.00	87.901	0.011376	325.54	460.92	5.6479	0.72190	1.0235	445.31	0.050715	3.2674e-05	0.044652	supercritical
508.00	119.00	87.720	0.011400	326.29	461.95	5.6500	0.72219	1.0236	445.71	0.050341	3.2715e-05	0.044713	supercritical
509.00	119.00	87.540	0.011423	327.03	462.97	5.6520	0.72248	1.0237	446.11	0.049969	3.2756e-05	0.044774	supercritical
510.00	119.00	87.360	0.011447	327.78	463.99	5.6540	0.72276	1.0238	446.51	0.049598	3.2797e-05	0.044835	supercritical
511.00	119.00	87.182	0.011470	328.52	465.02	5.6560	0.72305	1.0239	446.91	0.049230	3.2838e-05	0.044896	supercritical
512.00	119.00	87.004	0.011494	329.27	466.04	5.6580	0.72334	1.0240	447.31	0.048863	3.2879e-05	0.044956	supercritical
513.00	119.00	86.827	0.011517	330.01	467.07	5.6600	0.72362	1.0240	447.71	0.048497	3.2919e-05	0.045017	supercritical
514.00	119.00	86.651	0.011541	330.76	468.09	5.6620	0.72391	1.0241	448.10	0.048134	3.2960e-05	0.045078	supercritical
515.00	119.00	86.476	0.011564	331.50	469.11	5.6640	0.72420	1.0242	448.50	0.047772	3.3001e-05	0.045139	supercritical
516.00	119.00	86.301	0.011587	332.25	470.14	5.6660	0.72449	1.0243	448.90	0.047412	3.3042e-05	0.045200	supercritical
517.00	119.00	86.127	0.011611	333.00	471.16	5.6679	0.72478	1.0244	449.29	0.047053	3.3082e-05	0.045261	supercritical
518.00	119.00	85.954	0.011634	333.74	472.19	5.6699	0.72506	1.0245	449.69	0.046696	3.3123e-05	0.045322	supercritical
519.00	119.00	85.782	0.011657	334.49	473.21	5.6719	0.72535	1.0246	450.08	0.046341	3.3164e-05	0.045383	supercritical
520.00	119.00	85.610	0.011681	335.23	474.24	5.6739	0.72564	1.0247	450.48	0.045987	3.3204e-05	0.045444	supercritical
521.00	119.00	85.439	0.011704	335.98	475.26	5.6758	0.72593	1.0248	450.87	0.045635	3.3245e-05	0.045505	supercritical
522.00	119.00	85.269	0.011728	336.73	476.29	5.6778	0.72622	1.0249	451.27	0.045284	3.3285e-05	0.045565	supercritical
523.00	119.00	85.100	0.011751	337.48	477.31	5.6798	0.72651	1.0251	451.66	0.044936	3.3326e-05	0.045626	supercritical
524.00	119.00	84.931	0.011774	338.22	478.34	5.6817	0.72679	1.0252	452.05	0.044588	3.3366e-05	0.045687	supercritical
525.00	119.00	84.763	0.011798	338.97	479.36	5.6837	0.72708	1.0253	452.44	0.044243	3.3407e-05	0.045748	supercritical
526.00	119.00	84.595	0.011821	339.72	480.39	5.6856	0.72737	1.0254	452.84	0.043898	3.3447e-05	0.045809	supercritical
527.00	119.00	84.429	0.011844	340.47	481.41	5.6876	0.72766	1.0255	453.23	0.043556	3.3488e-05	0.045869	supercritical
528.00	119.00	84.263	0.011868	341.21	482.44	5.6895	0.72795	1.0256	453.62	0.043215	3.3528e-05	0.045930	supercritical
529.00	119.00	84.098	0.011891	341.96	483.46	5.6915	0.72824	1.0257	454.01	0.042875	3.3569e-05	0.045991	supercritical
530.00	119.00	83.933	0.011914	342.71	484.49	5.6934	0.72853	1.0258	454.40	0.042537	3.3609e-05	0.046052	supercritical
531.00	119.00	83.769	0.011938	343.46	485.52	5.6953	0.72882	1.0260	454.79	0.042201	3.3649e-05	0.046113	supercritical
532.00	119.00	83.606	0.011961	344.21	486.54	5.6973	0.72910	1.0261	455.17	0.041866	3.3690e-05	0.046173	supercritical
533.00	119.00	83.444	0.011984	344.96	487.57	5.6992	0.72939	1.0262	455.56	0.041533	3.3730e-05	0.046234	supercritical
534.00	119.00	83.282	0.012007	345.71	488.59	5.7011	0.72968	1.0263	455.95	0.041201	3.3770e-05	0.046295	supercritical
535.00	119.00	83.121	0.012031	346.46	489.62	5.7030	0.72997	1.0264	456.34	0.040870	3.3810e-05	0.046356	supercritical
536.00	119.00	82.960	0.012054	347.21	490.65	5.7050	0.73026	1.0266	456.72	0.040542	3.3850e-05	0.046416	supercritical
537.00	119.00	82.801	0.012077	347.95	491.67	5.7069	0.73055	1.0267	457.11	0.040214	3.3891e-05	0.046477	supercritical
538.00	119.00	82.642	0.012100	348.70	492.70	5.7088	0.73084	1.0268	457.49	0.039888	3.3931e-05	0.046538	supercritical
539.00	119.00	82.483	0.012124	349.46	493.73	5.7107	0.73113	1.0269	457.88	0.039564	3.3971e-05	0.046598	supercritical
540.00	119.00	82.325	0.012147	350.21	494.75	5.7126	0.73142	1.0271	458.26	0.039240	3.4011e-05	0.046659	supercritical
541.00	119.00	82.168	0.012170	350.96	495.78	5.7145	0.73170	1.0272	458.65	0.038919	3.4051e-05	0.046720	supercritical
542.00	119.00	82.011	0.012193	351.71	496.81	5.7164	0.73199	1.0273	459.03	0.038599	3.4091e-05	0.046780	supercritical
543.00	119.00	81.856	0.012217	352.46	497.84	5.7183	0.73228	1.0274	459.41	0.038280	3.4131e-05	0.046841	supercritical
544.00	119.00	81.700	0.012240	353.21	498.86	5.7202	0.73257	1.0276	459.80	0.037962	3.4171e-05	0.046902	supercritical
545.00	119.00	81.546	0.012263	353.96	499.89	5.7221	0.73286	1.0277	460.18	0.037647	3.4211e-05	0.046962	supercritical
546.00	119.00	81.392	0.012286	354.71	500.92	5.7239	0.73315	1.0278	460.56	0.037332	3.4251e-05	0.047023	supercritical
547.00	119.00	81.238	0.012309	355.46	501.95	5.7258	0.73344	1.0280	460.94	0.037019	3.4291e-05	0.047083	supercritical
548.00	119.00	81.085	0.012333	356.22	502.97	5.7277	0.73372	1.0281	461.32	0.036707	3.4331e-05	0.047144	supercritical
549.00	119.00	80.933	0.012356	356.97	504.00	5.7296	0.73401	1.0282	461.70	0.036397	3.4370e-05	0.047205	supercritical
550.00	119.00	80.782	0.012379	357.72	505.03	5.7314	0.73430	1.0284	462.08	0.036088	3.4410e-05	0.047265	supercritical
551.00	119.00	80.631	0.012402	358.47	506.06	5.7333	0.73459	1.0285	462.46	0.035780	3.4450e-05	0.047326	supercritical
552.00	119.00	80.480	0.012425	359.23	507.09	5.7352	0.73488	1.0287	462.84	0.035473	3.4490e-05	0.047386	supercritical
553.00	119.00	80.330	0.012449	359.98	508.12	5.7370	0.73517	1.0288	463.22	0.035168	3.4529e-05	0.047447	supercritical
554.00	119.00	80.181	0.012472	360.73	509.15	5.7389	0.73545	1.0289	463.60	0.034865	3.4569e-05	0.047507	supercritical
555.00	119.00	80.033	0.012495	361.49	510.17	5.7408	0.73574	1.0291	463.98	0.034562	3.4609e-05	0.047568	supercritical
556.00	119.00	79.885	0.012518	362.24	511.20	5.7426	0.73603	1.0292	464.35	0.034261	3.4648e-05	0.047628	supercritical
557.00	119.00	79.737	0.012541	362.99	512.23	5.7445	0.73632	1.0294	464.73	0.033962	3.4688e-05	0.047689	supercritical
558.00	119.00	79.590	0.012564	363.75	513.26	5.7463	0.73660	1.0295	465.11	0.033663	3.4728e-05	0.047749	supercritical
559.00	119.00	79.444	0.012587	364.50	514.29	5.7481	0.73689	1.0296	465.48	0.033366	3.4767e-05	0.047810	supercritical
560.00	119.00	79.298	0.012611	365.26	515.32	5.7500	0.73718	1.0298	465.86	0.033070	3.4807e-05	0.047870	supercritical
561.00	119.00	79.153	0.012634	366.01	516.35	5.7518	0.73747	1.0299	466.23	0.032776	3.4846e-05	0.047931	supercritical
562.00	119.00	79.009	0.012657	366.77	517.38	5.7537	0.73775	1.0301	466.61	0.032483	3.4886e-05	0.047991	supercritical
563.00	119.00	78.865	0.012680	367.52	518.41	5.7555	0.73804	1.0302	466.98	0.032191	3.4925e-05	0.048051	supercritical
564.00	119.00	78.721	0.012703	368.28	519.44	5.7573	0.73833	1.0304	467.36	0.031900	3.4965e-05	0.048112	supercritical
565.00	119.00	78.578	0.012726	369.03	520.47	5.7591	0.73861	1.0305	467.73	0.031611	3.5004e-05	0.048172	supercritical
566.00	119.00	78.436	0.012749	369.79	521.50	5.7610	0.73890	1.0307	468.10	0.031322	3.5044e-05	0.048233	supercritical
567.00	119.00	78.294	0.012772	370.54	522.53	5.7628	0.73919	1.0308	468.47	0.031035	3.5083e-05	0.048293	supercritical
568.00	119.00	78.153	0.012795	371.30	523.56	5.7646	0.73947	1.0310	468.85	0.030750	3.5122e-05	0.048353	supercritical
569.00	119.00	78.012	0.012819	372.06	524.60	5.7664	0.73976	1.0311	469.22	0.030465	3.5162e-05	0.048414	supercritical
570.00	119.00	77.872	0.012842	372.81	525.63	5.7682	0.74004	1.0313	469.59	0.030182	3.5201e-05	0.048474	supercritical
571.00	119.00	77.732	0.012865	373.57	526.66	5.7700	0.74033	1.0314	469.96	0.029900	3.5240e-05	0.048534	supercritical
572.00	119.00	77.593	0.012888	374.33	527.69	5.7718	0.74061	1.0316	470.33	0.029619	3.5279e-05	0.048594	supercritical
573.00	119.00	77.454	0.012911	375.08	528.72	5.7736	0.74090	1.0317	470.70	0.029339	3.5319e-05	0.048655	supercritical
574.00	119.00	77.316	0.012934	375.84	529.75	5.7754	0.74119	1.0319	471.07	0.029061	3.5358e-05	0.048715	supercritical
575.00	119.00	77.179	0.012957	376.60	530.79	5.7772	0.74147	1.0320	471.44	0.028783	3.5397e-05	0.048775	supercritical
576.00	119.00	77.042	0.012980	377.36	531.82	5.7790	0.74176	1.0322	471.81	0.028507	3.5436e-05	0.048835	supercritical
577.00	119.00	76.905	0.013003	378.11	532.85	5.7808	0.74204	1.0324	472.18	0.028232	3.5475e-05	0.048896	supercritical
578.00	119.00	76.769	0.013026	378.87	533.88	5.7826	0.74232	1.0325	472.54	0.027959	3.5514e-05	0.048956	supercritical
579.00	119.00	76.634	0.013049	379.63	534.91	5.7844	0.74261	1.0327	472.91	0.027686	3.5553e-05	0.049016	supercritical
580.00	119.00	76.499	0.013072	380.39	535.95	5.7862	0.74289	1.0328	473.28	0.027415	3.5592e-05	0.049076	supercritical
581.00	119.00	76.364	0.013095	381.15	536.98	5.7880	0.74318	1.0330	473.65	0.027144	3.5631e-05	0.049136	supercritical
582.00	119.00	76.230	0.013118	381.91	538.01	5.7897	0.74346	1.0332	474.01	0.026875	3.5670e-05	0.049197	supercritical
583.00	119.00	76.097	0.013141	382.67	539.05	5.7915	0.74374	1.0333	474.38	0.026607	3.5709e-05	0.049257	supercritical
584.00	119.00	75.964	0.013164	383.43	540.08	5.7933	0.74403	1.0335	474.74	0.026340	3.5748e-05	0.049317	supercritical
585.00	119.00	75.831	0.013187	384.19	541.11	5.7950	0.74431	1.0336	475.11	0.026074	3.5787e-05	0.049377	supercritical
586.00	119.00	75.699	0.013210	384.95	542.15	5.7968	0.74459	1.0338	475.47	0.025810	3.5826e-05	0.049437	supercritical
587.00	119.00	75.568	0.013233	385.71	543.18	5.7986	0.74487	1.0340	475.84	0.025546	3.5865e-05	0.049497	supercritical
588.00	119.00	75.437	0.013256	386.47	544.22	5.8003	0.74516	1.0341	476.20	0.025284	3.5904e-05	0.049557	supercritical
589.00	119.00	75.306	0.013279	387.23	545.25	5.8021	0.74544	1.0343	476.57	0.025022	3.5943e-05	0.049617	supercritical
590.00	119.00	75.176	0.013302	387.99	546.28	5.8038	0.74572	1.0344	476.93	0.024762	3.5981e-05	0.049677	supercritical
591.00	119.00	75.046	0.013325	388.75	547.32	5.8056	0.74600	1.0346	477.29	0.024503	3.6020e-05	0.049737	supercritical
592.00	119.00	74.917	0.013348	389.51	548.35	5.8073	0.74628	1.0348	477.65	0.024245	3.6059e-05	0.049797	supercritical
593.00	119.00	74.788	0.013371	390.27	549.39	5.8091	0.74656	1.0349	478.02	0.023988	3.6098e-05	0.049857	supercritical
594.00	119.00	74.660	0.013394	391.03	550.42	5.8108	0.74685	1.0351	478.38	0.023732	3.6136e-05	0.049917	supercritical
595.00	119.00	74.532	0.013417	391.80	551.46	5.8126	0.74713	1.0353	478.74	0.023477	3.6175e-05	0.049977	supercritical
596.00	119.00	74.405	0.013440	392.56	552.49	5.8143	0.74741	1.0354	479.10	0.023223	3.6214e-05	0.050037	supercritical
597.00	119.00	74.278	0.013463	393.32	553.53	5.8161	0.74769	1.0356	479.46	0.022970	3.6252e-05	0.050097	supercritical
598.00	119.00	74.152	0.013486	394.08	554.56	5.8178	0.74797	1.0358	479.82	0.022719	3.6291e-05	0.050157	supercritical
599.00	119.00	74.026	0.013509	394.85	555.60	5.8195	0.74825	1.0359	480.18	0.022468	3.6329e-05	0.050217	supercritical
600.00	119.00	73.900	0.013532	395.61	556.64	5.8212	0.74853	1.0361	480.54	0.022218	3.6368e-05	0.050277	supercritical
