Temperature (K)	Pressure (bar)	Density (kg/m3)	Volume (m3/kg)	Internal Energy (kJ/kg)	Enthalpy (kJ/kg)	Entropy (J/g*K)	Cv (J/g*K)	Cp (J/g*K)	Sound Spd. (m/s)	Joule-Thomson (K/bar)	Viscosity (Pa*s)	Therm. Cond. (W/m*K)	Phase
60.000	155.00	1299.9	0.00076932	-186.48	-174.56	2.2175	1.0944	1.6431	1168.8	-0.037914	0.00065168	0.20010	liquid
61.000	155.00	1295.7	0.00077177	-184.88	-172.91	2.2447	1.0876	1.6459	1164.8	-0.037751	0.00062114	0.19883	liquid
62.000	155.00	1291.6	0.00077425	-183.27	-171.27	2.2715	1.0814	1.6481	1160.2	-0.037607	0.00059263	0.19756	liquid
63.000	155.00	1287.4	0.00077675	-181.66	-169.62	2.2979	1.0756	1.6498	1155.1	-0.037481	0.00056600	0.19629	liquid
64.000	155.00	1283.2	0.00077928	-180.05	-167.97	2.3239	1.0703	1.6510	1149.5	-0.037369	0.00054112	0.19501	liquid
65.000	155.00	1279.1	0.00078182	-178.43	-166.32	2.3495	1.0651	1.6518	1143.6	-0.037268	0.00051784	0.19374	liquid
66.000	155.00	1274.9	0.00078439	-176.82	-164.66	2.3747	1.0602	1.6522	1137.5	-0.037178	0.00049606	0.19246	liquid
67.000	155.00	1270.7	0.00078698	-175.21	-163.01	2.3995	1.0554	1.6522	1131.1	-0.037094	0.00047567	0.19119	liquid
68.000	155.00	1266.5	0.00078959	-173.60	-161.36	2.4240	1.0507	1.6521	1124.6	-0.037017	0.00045655	0.18992	liquid
69.000	155.00	1262.3	0.00079221	-171.99	-159.71	2.4481	1.0460	1.6517	1118.0	-0.036943	0.00043861	0.18864	liquid
70.000	155.00	1258.1	0.00079486	-170.38	-158.06	2.4719	1.0415	1.6511	1111.2	-0.036872	0.00042177	0.18737	liquid
71.000	155.00	1253.9	0.00079753	-168.77	-156.41	2.4953	1.0370	1.6504	1104.4	-0.036802	0.00040593	0.18610	liquid
72.000	155.00	1249.7	0.00080022	-167.16	-154.76	2.5184	1.0325	1.6497	1097.5	-0.036731	0.00039104	0.18483	liquid
73.000	155.00	1245.4	0.00080293	-165.55	-153.11	2.5411	1.0280	1.6488	1090.6	-0.036660	0.00037702	0.18356	liquid
74.000	155.00	1241.2	0.00080566	-163.95	-151.46	2.5636	1.0236	1.6479	1083.6	-0.036587	0.00036380	0.18229	liquid
75.000	155.00	1237.0	0.00080841	-162.34	-149.81	2.5857	1.0193	1.6470	1076.7	-0.036511	0.00035133	0.18102	liquid
76.000	155.00	1232.8	0.00081118	-160.74	-148.16	2.6075	1.0149	1.6460	1069.7	-0.036431	0.00033956	0.17974	liquid
77.000	155.00	1228.5	0.00081397	-159.13	-146.52	2.6290	1.0106	1.6451	1062.7	-0.036347	0.00032843	0.17847	liquid
78.000	155.00	1224.3	0.00081679	-157.53	-144.87	2.6502	1.0064	1.6443	1055.7	-0.036259	0.00031790	0.17720	liquid
79.000	155.00	1220.1	0.00081963	-155.93	-143.23	2.6712	1.0021	1.6434	1048.7	-0.036165	0.00030792	0.17593	liquid
80.000	155.00	1215.8	0.00082249	-154.34	-141.59	2.6918	0.99792	1.6427	1041.7	-0.036066	0.00029847	0.17466	liquid
81.000	155.00	1211.6	0.00082538	-152.74	-139.94	2.7122	0.99377	1.6419	1034.7	-0.035960	0.00028949	0.17339	liquid
82.000	155.00	1207.3	0.00082830	-151.14	-138.30	2.7324	0.98965	1.6413	1027.8	-0.035848	0.00028097	0.17212	liquid
83.000	155.00	1203.0	0.00083123	-149.55	-136.66	2.7523	0.98558	1.6408	1020.8	-0.035729	0.00027287	0.17085	liquid
84.000	155.00	1198.8	0.00083420	-147.95	-135.02	2.7719	0.98155	1.6403	1013.9	-0.035603	0.00026515	0.16958	liquid
85.000	155.00	1194.5	0.00083719	-146.36	-133.38	2.7913	0.97756	1.6399	1006.9	-0.035469	0.00025781	0.16830	liquid
86.000	155.00	1190.2	0.00084021	-144.76	-131.74	2.8105	0.97362	1.6396	999.99	-0.035328	0.00025080	0.16703	liquid
87.000	155.00	1185.9	0.00084326	-143.17	-130.10	2.8295	0.96973	1.6395	993.07	-0.035179	0.00024412	0.16576	liquid
88.000	155.00	1181.6	0.00084634	-141.58	-128.46	2.8482	0.96588	1.6394	986.15	-0.035022	0.00023774	0.16448	liquid
89.000	155.00	1177.2	0.00084945	-139.99	-126.82	2.8667	0.96208	1.6394	979.25	-0.034856	0.00023163	0.16321	liquid
90.000	155.00	1172.9	0.00085259	-138.40	-125.18	2.8850	0.95833	1.6395	972.36	-0.034682	0.00022579	0.16193	liquid
91.000	155.00	1168.6	0.00085576	-136.81	-123.54	2.9032	0.95462	1.6398	965.47	-0.034499	0.00022019	0.16066	liquid
92.000	155.00	1164.2	0.00085896	-135.22	-121.90	2.9211	0.95096	1.6401	958.59	-0.034306	0.00021483	0.15939	liquid
93.000	155.00	1159.8	0.00086220	-133.63	-120.26	2.9388	0.94735	1.6405	951.72	-0.034105	0.00020968	0.15811	liquid
94.000	155.00	1155.4	0.00086547	-132.04	-118.62	2.9564	0.94379	1.6411	944.86	-0.033894	0.00020474	0.15683	liquid
95.000	155.00	1151.0	0.00086878	-130.45	-116.98	2.9737	0.94027	1.6418	938.00	-0.033673	0.00019998	0.15556	liquid
96.000	155.00	1146.6	0.00087212	-128.86	-115.34	2.9909	0.93680	1.6425	931.15	-0.033443	0.00019541	0.15428	liquid
97.000	155.00	1142.2	0.00087550	-127.27	-113.70	3.0080	0.93337	1.6434	924.30	-0.033202	0.00019101	0.15300	liquid
98.000	155.00	1137.8	0.00087892	-125.68	-112.05	3.0248	0.92999	1.6444	917.45	-0.032951	0.00018677	0.15173	liquid
99.000	155.00	1133.3	0.00088238	-124.08	-110.41	3.0415	0.92666	1.6455	910.61	-0.032689	0.00018268	0.15045	liquid
100.00	155.00	1128.8	0.00088588	-122.49	-108.76	3.0581	0.92337	1.6468	903.77	-0.032416	0.00017873	0.14917	liquid
101.00	155.00	1124.3	0.00088943	-120.90	-107.11	3.0745	0.92013	1.6481	896.94	-0.032132	0.00017492	0.14790	liquid
102.00	155.00	1119.8	0.00089301	-119.31	-105.47	3.0907	0.91693	1.6495	890.10	-0.031837	0.00017123	0.14662	liquid
103.00	155.00	1115.3	0.00089664	-117.71	-103.81	3.1068	0.91377	1.6511	883.27	-0.031530	0.00016767	0.14534	liquid
104.00	155.00	1110.7	0.00090031	-116.12	-102.16	3.1228	0.91066	1.6528	876.43	-0.031211	0.00016422	0.14407	liquid
105.00	155.00	1106.2	0.00090403	-114.52	-100.51	3.1386	0.90758	1.6546	869.60	-0.030880	0.00016088	0.14279	liquid
106.00	155.00	1101.6	0.00090780	-112.92	-98.854	3.1543	0.90456	1.6565	862.77	-0.030535	0.00015764	0.14151	liquid
107.00	155.00	1097.0	0.00091162	-111.33	-97.196	3.1698	0.90157	1.6585	855.93	-0.030178	0.00015449	0.14024	liquid
108.00	155.00	1092.3	0.00091549	-109.73	-95.537	3.1853	0.89862	1.6607	849.10	-0.029808	0.00015144	0.13896	liquid
109.00	155.00	1087.7	0.00091941	-108.13	-93.875	3.2006	0.89572	1.6629	842.26	-0.029424	0.00014848	0.13769	liquid
110.00	155.00	1083.0	0.00092338	-106.52	-92.211	3.2158	0.89285	1.6653	835.42	-0.029025	0.00014560	0.13641	liquid
111.00	155.00	1078.3	0.00092741	-104.92	-90.544	3.2309	0.89003	1.6678	828.58	-0.028613	0.00014280	0.13514	liquid
112.00	155.00	1073.5	0.00093149	-103.31	-88.875	3.2458	0.88724	1.6705	821.73	-0.028185	0.00014007	0.13387	liquid
113.00	155.00	1068.8	0.00093563	-101.71	-87.203	3.2607	0.88450	1.6732	814.88	-0.027741	0.00013742	0.13260	liquid
114.00	155.00	1064.0	0.00093984	-100.10	-85.528	3.2755	0.88179	1.6761	808.03	-0.027282	0.00013483	0.13133	liquid
115.00	155.00	1059.2	0.00094410	-98.484	-83.851	3.2901	0.87912	1.6792	801.18	-0.026806	0.00013231	0.13007	liquid
116.00	155.00	1054.4	0.00094843	-96.871	-82.170	3.3047	0.87649	1.6823	794.31	-0.026313	0.00012985	0.12880	liquid
117.00	155.00	1049.5	0.00095282	-95.255	-80.486	3.3191	0.87390	1.6856	787.45	-0.025803	0.00012745	0.12754	liquid
118.00	155.00	1044.6	0.00095728	-93.637	-78.799	3.3335	0.87134	1.6891	780.58	-0.025274	0.00012511	0.12629	liquid
119.00	155.00	1039.7	0.00096181	-92.016	-77.108	3.3477	0.86883	1.6926	773.70	-0.024727	0.00012283	0.12503	liquid
120.00	155.00	1034.8	0.00096641	-90.393	-75.414	3.3619	0.86635	1.6964	766.82	-0.024160	0.00012059	0.12377	liquid
121.00	155.00	1029.8	0.00097109	-88.767	-73.715	3.3760	0.86390	1.7002	759.93	-0.023574	0.00011841	0.12252	liquid
122.00	155.00	1024.8	0.00097584	-87.139	-72.013	3.3900	0.86150	1.7043	753.04	-0.022966	0.00011628	0.12127	liquid
123.00	155.00	1019.7	0.00098067	-85.507	-70.307	3.4040	0.85913	1.7085	746.14	-0.022337	0.00011419	0.12002	liquid
124.00	155.00	1014.6	0.00098558	-83.873	-68.596	3.4178	0.85680	1.7128	739.24	-0.021685	0.00011214	0.11878	liquid
125.00	155.00	1009.5	0.00099058	-82.235	-66.881	3.4316	0.85450	1.7173	732.33	-0.021011	0.00011014	0.11753	liquid
126.00	155.00	1004.4	0.00099566	-80.594	-65.161	3.4453	0.85225	1.7220	725.41	-0.020312	0.00010818	0.11629	liquid
127.00	155.00	999.17	0.0010008	-78.950	-63.437	3.4589	0.85003	1.7269	718.48	-0.019589	0.00010626	0.11506	liquid
128.00	155.00	993.94	0.0010061	-77.302	-61.708	3.4725	0.84784	1.7319	711.55	-0.018839	0.00010438	0.11382	liquid
129.00	155.00	988.68	0.0010115	-75.651	-59.973	3.4860	0.84570	1.7371	704.61	-0.018063	0.00010254	0.11259	liquid
130.00	155.00	983.37	0.0010169	-73.995	-58.233	3.4994	0.84359	1.7426	697.67	-0.017259	0.00010073	0.11136	liquid
131.00	155.00	978.02	0.0010225	-72.336	-56.488	3.5128	0.84151	1.7482	690.72	-0.016426	9.8956e-05	0.11014	liquid
132.00	155.00	972.63	0.0010281	-70.673	-54.737	3.5261	0.83948	1.7540	683.76	-0.015562	9.7216e-05	0.10892	liquid
133.00	155.00	967.20	0.0010339	-69.005	-52.980	3.5394	0.83748	1.7600	676.80	-0.014668	9.5508e-05	0.10771	liquid
134.00	155.00	961.72	0.0010398	-67.334	-51.217	3.5526	0.83552	1.7663	669.82	-0.013741	9.3832e-05	0.10650	liquid
135.00	155.00	956.19	0.0010458	-65.657	-49.447	3.5657	0.83360	1.7728	662.85	-0.012779	9.2186e-05	0.10529	liquid
136.00	155.00	950.62	0.0010519	-63.976	-47.671	3.5788	0.83172	1.7795	655.86	-0.011783	9.0571e-05	0.10409	liquid
137.00	155.00	945.00	0.0010582	-62.290	-45.888	3.5919	0.82988	1.7864	648.87	-0.010749	8.8984e-05	0.10289	liquid
138.00	155.00	939.33	0.0010646	-60.599	-44.098	3.6049	0.82807	1.7936	641.88	-0.0096778	8.7425e-05	0.10170	liquid
139.00	155.00	933.61	0.0010711	-58.903	-42.301	3.6179	0.82630	1.8011	634.88	-0.0085662	8.5893e-05	0.10051	liquid
140.00	155.00	927.83	0.0010778	-57.201	-40.496	3.6308	0.82458	1.8088	627.87	-0.0074130	8.4388e-05	0.099329	liquid
141.00	155.00	922.00	0.0010846	-55.494	-38.683	3.6437	0.82289	1.8167	620.87	-0.0062164	8.2909e-05	0.098153	liquid
142.00	155.00	916.11	0.0010916	-53.782	-36.862	3.6566	0.82125	1.8250	613.85	-0.0049746	8.1455e-05	0.096983	liquid
143.00	155.00	910.17	0.0010987	-52.063	-35.033	3.6694	0.81964	1.8336	606.84	-0.0036856	8.0026e-05	0.095820	liquid
144.00	155.00	904.17	0.0011060	-50.338	-33.195	3.6822	0.81808	1.8424	599.82	-0.0023475	7.8621e-05	0.094662	liquid
145.00	155.00	898.10	0.0011135	-48.607	-31.348	3.6950	0.81655	1.8516	592.80	-0.00095811	7.7240e-05	0.093511	liquid
146.00	155.00	891.98	0.0011211	-46.869	-29.492	3.7078	0.81507	1.8611	585.78	0.00048473	7.5882e-05	0.092366	liquid
147.00	155.00	885.78	0.0011289	-45.124	-27.626	3.7205	0.81364	1.8709	578.77	0.0019833	7.4546e-05	0.091229	liquid
148.00	155.00	879.53	0.0011370	-43.373	-25.750	3.7332	0.81224	1.8810	571.75	0.0035401	7.3232e-05	0.090099	liquid
149.00	155.00	873.20	0.0011452	-41.615	-23.864	3.7459	0.81089	1.8915	564.74	0.0051574	7.1940e-05	0.088976	liquid
150.00	155.00	866.81	0.0011537	-39.849	-21.967	3.7586	0.80958	1.9024	557.73	0.0068380	7.0669e-05	0.087860	liquid
151.00	155.00	860.34	0.0011623	-38.075	-20.059	3.7713	0.80832	1.9136	550.73	0.0085844	6.9419e-05	0.086753	liquid
152.00	155.00	853.80	0.0011712	-36.294	-18.140	3.7840	0.80710	1.9252	543.74	0.010399	6.8190e-05	0.085653	liquid
153.00	155.00	847.19	0.0011804	-34.504	-16.208	3.7966	0.80592	1.9371	536.76	0.012286	6.6981e-05	0.084562	liquid
154.00	155.00	840.49	0.0011898	-32.707	-14.265	3.8093	0.80479	1.9495	529.80	0.014247	6.5791e-05	0.083480	liquid
155.00	155.00	833.72	0.0011994	-30.901	-12.309	3.8220	0.80370	1.9623	522.85	0.016285	6.4621e-05	0.082406	supercritical
156.00	155.00	826.87	0.0012094	-29.086	-10.341	3.8346	0.80266	1.9754	515.92	0.018404	6.3470e-05	0.081341	supercritical
157.00	155.00	819.93	0.0012196	-27.262	-8.3584	3.8473	0.80167	1.9890	509.01	0.020606	6.2338e-05	0.080285	supercritical
158.00	155.00	812.91	0.0012301	-25.430	-6.3625	3.8600	0.80072	2.0029	502.13	0.022895	6.1224e-05	0.079239	supercritical
159.00	155.00	805.81	0.0012410	-23.588	-4.3524	3.8726	0.79981	2.0173	495.27	0.025274	6.0129e-05	0.078202	supercritical
160.00	155.00	798.61	0.0012522	-21.736	-2.3277	3.8853	0.79894	2.0321	488.45	0.027746	5.9052e-05	0.077175	supercritical
161.00	155.00	791.33	0.0012637	-19.875	-0.28814	3.8980	0.79812	2.0472	481.67	0.030315	5.7993e-05	0.076159	supercritical
162.00	155.00	783.95	0.0012756	-18.005	1.7668	3.9108	0.79734	2.0628	474.93	0.032982	5.6952e-05	0.075152	supercritical
163.00	155.00	776.49	0.0012879	-16.124	3.8375	3.9235	0.79660	2.0787	468.25	0.035752	5.5928e-05	0.074156	supercritical
164.00	155.00	768.93	0.0013005	-14.234	5.9242	3.9363	0.79590	2.0949	461.61	0.038626	5.4922e-05	0.073170	supercritical
165.00	155.00	761.28	0.0013136	-12.333	8.0274	3.9491	0.79523	2.1115	455.03	0.041609	5.3932e-05	0.072195	supercritical
166.00	155.00	753.53	0.0013271	-10.423	10.147	3.9619	0.79460	2.1283	448.52	0.044701	5.2960e-05	0.071231	supercritical
167.00	155.00	745.69	0.0013410	-8.5021	12.284	3.9747	0.79399	2.1453	442.08	0.047904	5.2005e-05	0.070279	supercritical
168.00	155.00	737.76	0.0013555	-6.5717	14.438	3.9876	0.79342	2.1626	435.72	0.051221	5.1067e-05	0.069337	supercritical
169.00	155.00	729.73	0.0013704	-4.6315	16.609	4.0004	0.79287	2.1799	429.45	0.054651	5.0145e-05	0.068406	supercritical
170.00	155.00	721.61	0.0013858	-2.6818	18.798	4.0134	0.79235	2.1973	423.27	0.058196	4.9241e-05	0.067487	supercritical
171.00	155.00	713.41	0.0014017	-0.72288	21.004	4.0263	0.79184	2.2146	417.20	0.061854	4.8353e-05	0.066580	supercritical
172.00	155.00	705.12	0.0014182	1.2449	23.227	4.0393	0.79135	2.2318	411.23	0.065623	4.7482e-05	0.065684	supercritical
173.00	155.00	696.74	0.0014353	3.2210	25.467	4.0522	0.79087	2.2487	405.39	0.069501	4.6628e-05	0.064799	supercritical
174.00	155.00	688.29	0.0014529	5.2049	27.724	4.0653	0.79039	2.2652	399.67	0.073485	4.5791e-05	0.063927	supercritical
175.00	155.00	679.77	0.0014711	7.1957	29.998	4.0783	0.78992	2.2812	394.09	0.077570	4.4971e-05	0.063066	supercritical
176.00	155.00	671.18	0.0014899	9.1928	32.286	4.0913	0.78944	2.2964	388.66	0.081749	4.4168e-05	0.062217	supercritical
177.00	155.00	662.53	0.0015094	11.195	34.590	4.1044	0.78896	2.3109	383.38	0.086016	4.3382e-05	0.061380	supercritical
178.00	155.00	653.84	0.0015294	13.202	36.908	4.1174	0.78847	2.3243	378.26	0.090362	4.2614e-05	0.060556	supercritical
179.00	155.00	645.10	0.0015501	15.211	39.238	4.1305	0.78796	2.3366	373.31	0.094779	4.1864e-05	0.059743	supercritical
180.00	155.00	636.34	0.0015715	17.222	41.581	4.1435	0.78743	2.3476	368.55	0.099257	4.1132e-05	0.058943	supercritical
181.00	155.00	627.55	0.0015935	19.234	43.933	4.1566	0.78687	2.3572	363.96	0.10378	4.0418e-05	0.058155	supercritical
182.00	155.00	618.76	0.0016161	21.244	46.294	4.1696	0.78629	2.3652	359.57	0.10835	3.9722e-05	0.057380	supercritical
183.00	155.00	609.97	0.0016394	23.252	48.663	4.1826	0.78567	2.3716	355.37	0.11294	3.9045e-05	0.056617	supercritical
184.00	155.00	601.21	0.0016633	25.255	51.037	4.1955	0.78501	2.3762	351.36	0.11755	3.8386e-05	0.055867	supercritical
185.00	155.00	592.47	0.0016878	27.253	53.415	4.2084	0.78431	2.3790	347.55	0.12216	3.7747e-05	0.055131	supercritical
186.00	155.00	583.78	0.0017130	29.243	55.794	4.2212	0.78356	2.3799	343.95	0.12675	3.7126e-05	0.054408	supercritical
187.00	155.00	575.14	0.0017387	31.224	58.174	4.2340	0.78276	2.3789	340.54	0.13133	3.6525e-05	0.053698	supercritical
188.00	155.00	566.58	0.0017650	33.194	60.551	4.2467	0.78190	2.3759	337.33	0.13586	3.5943e-05	0.053003	supercritical
189.00	155.00	558.10	0.0017918	35.152	62.925	4.2592	0.78098	2.3710	334.31	0.14034	3.5380e-05	0.052321	supercritical
190.00	155.00	549.71	0.0018191	37.096	65.293	4.2717	0.78000	2.3641	331.49	0.14476	3.4837e-05	0.051654	supercritical
191.00	155.00	541.43	0.0018470	39.025	67.653	4.2841	0.77897	2.3554	328.86	0.14910	3.4313e-05	0.051002	supercritical
192.00	155.00	533.26	0.0018752	40.936	70.003	4.2964	0.77787	2.3448	326.41	0.15335	3.3808e-05	0.050365	supercritical
193.00	155.00	525.22	0.0019039	42.830	72.341	4.3086	0.77671	2.3324	324.14	0.15750	3.3321e-05	0.049743	supercritical
194.00	155.00	517.32	0.0019330	44.705	74.667	4.3206	0.77550	2.3184	322.04	0.16153	3.2854e-05	0.049136	supercritical
195.00	155.00	509.56	0.0019625	46.559	76.978	4.3324	0.77423	2.3028	320.11	0.16545	3.2406e-05	0.048545	supercritical
196.00	155.00	501.95	0.0019922	48.393	79.272	4.3442	0.77291	2.2858	318.35	0.16923	3.1975e-05	0.047971	supercritical
197.00	155.00	494.50	0.0020223	50.204	81.549	4.3558	0.77154	2.2675	316.73	0.17287	3.1563e-05	0.047412	supercritical
198.00	155.00	487.20	0.0020525	51.992	83.807	4.3672	0.77013	2.2480	315.27	0.17636	3.1169e-05	0.046870	supercritical
199.00	155.00	480.07	0.0020830	53.758	86.045	4.3785	0.76867	2.2276	313.94	0.17970	3.0791e-05	0.046344	supercritical
200.00	155.00	473.11	0.0021137	55.499	88.262	4.3896	0.76719	2.2063	312.75	0.18289	3.0431e-05	0.045834	supercritical
201.00	155.00	466.31	0.0021445	57.217	90.457	4.4005	0.76568	2.1843	311.68	0.18592	3.0087e-05	0.045341	supercritical
202.00	155.00	459.68	0.0021754	58.911	92.630	4.4113	0.76414	2.1618	310.74	0.18879	2.9759e-05	0.044864	supercritical
203.00	155.00	453.22	0.0022064	60.581	94.780	4.4219	0.76259	2.1388	309.90	0.19151	2.9447e-05	0.044403	supercritical
204.00	155.00	446.92	0.0022375	62.226	96.908	4.4324	0.76102	2.1156	309.17	0.19406	2.9149e-05	0.043959	supercritical
205.00	155.00	440.80	0.0022686	63.848	99.012	4.4427	0.75945	2.0922	308.54	0.19646	2.8866e-05	0.043530	supercritical
206.00	155.00	434.83	0.0022997	65.446	101.09	4.4528	0.75787	2.0687	308.00	0.19871	2.8597e-05	0.043117	supercritical
207.00	155.00	429.03	0.0023309	67.021	103.15	4.4628	0.75629	2.0453	307.54	0.20081	2.8341e-05	0.042719	supercritical
208.00	155.00	423.38	0.0023619	68.573	105.18	4.4726	0.75471	2.0220	307.17	0.20277	2.8098e-05	0.042337	supercritical
209.00	155.00	417.89	0.0023930	70.102	107.19	4.4822	0.75314	1.9989	306.87	0.20458	2.7867e-05	0.041969	supercritical
210.00	155.00	412.55	0.0024240	71.609	109.18	4.4917	0.75158	1.9761	306.64	0.20625	2.7648e-05	0.041615	supercritical
211.00	155.00	407.35	0.0024549	73.095	111.15	4.5010	0.75004	1.9535	306.48	0.20780	2.7440e-05	0.041275	supercritical
212.00	155.00	402.30	0.0024857	74.559	113.09	4.5102	0.74851	1.9314	306.37	0.20921	2.7243e-05	0.040949	supercritical
213.00	155.00	397.39	0.0025164	76.003	115.01	4.5193	0.74699	1.9096	306.32	0.21050	2.7056e-05	0.040636	supercritical
214.00	155.00	392.61	0.0025471	77.427	116.91	4.5281	0.74550	1.8882	306.33	0.21168	2.6879e-05	0.040336	supercritical
215.00	155.00	387.96	0.0025776	78.832	118.78	4.5369	0.74402	1.8673	306.38	0.21273	2.6711e-05	0.040048	supercritical
216.00	155.00	383.43	0.0026080	80.218	120.64	4.5455	0.74257	1.8469	306.47	0.21369	2.6552e-05	0.039771	supercritical
217.00	155.00	379.03	0.0026383	81.585	122.48	4.5540	0.74114	1.8269	306.61	0.21453	2.6402e-05	0.039507	supercritical
218.00	155.00	374.75	0.0026684	82.935	124.30	4.5624	0.73974	1.8074	306.78	0.21528	2.6260e-05	0.039253	supercritical
219.00	155.00	370.58	0.0026985	84.267	126.09	4.5706	0.73836	1.7884	306.99	0.21594	2.6125e-05	0.039011	supercritical
220.00	155.00	366.52	0.0027284	85.583	127.87	4.5787	0.73700	1.7699	307.23	0.21650	2.5998e-05	0.038778	supercritical
221.00	155.00	362.57	0.0027581	86.883	129.63	4.5867	0.73568	1.7519	307.51	0.21698	2.5878e-05	0.038555	supercritical
222.00	155.00	358.72	0.0027877	88.167	131.38	4.5945	0.73438	1.7344	307.81	0.21737	2.5765e-05	0.038342	supercritical
223.00	155.00	354.96	0.0028172	89.436	133.10	4.6023	0.73310	1.7173	308.14	0.21769	2.5658e-05	0.038139	supercritical
224.00	155.00	351.31	0.0028465	90.691	134.81	4.6100	0.73185	1.7007	308.49	0.21794	2.5557e-05	0.037944	supercritical
225.00	155.00	347.74	0.0028757	91.931	136.50	4.6175	0.73063	1.6846	308.86	0.21811	2.5461e-05	0.037757	supercritical
226.00	155.00	344.27	0.0029047	93.158	138.18	4.6249	0.72944	1.6690	309.25	0.21822	2.5372e-05	0.037579	supercritical
227.00	155.00	340.87	0.0029336	94.371	139.84	4.6323	0.72827	1.6537	309.67	0.21827	2.5287e-05	0.037409	supercritical
228.00	155.00	337.57	0.0029624	95.572	141.49	4.6395	0.72713	1.6390	310.10	0.21825	2.5207e-05	0.037246	supercritical
229.00	155.00	334.34	0.0029910	96.760	143.12	4.6466	0.72602	1.6246	310.55	0.21818	2.5133e-05	0.037090	supercritical
230.00	155.00	331.18	0.0030195	97.936	144.74	4.6537	0.72493	1.6107	311.01	0.21806	2.5062e-05	0.036942	supercritical
231.00	155.00	328.11	0.0030478	99.101	146.34	4.6606	0.72387	1.5971	311.49	0.21788	2.4996e-05	0.036800	supercritical
232.00	155.00	325.10	0.0030760	100.25	147.93	4.6675	0.72283	1.5840	311.98	0.21766	2.4935e-05	0.036664	supercritical
233.00	155.00	322.16	0.0031040	101.40	149.51	4.6743	0.72182	1.5712	312.48	0.21739	2.4877e-05	0.036535	supercritical
234.00	155.00	319.29	0.0031319	102.53	151.07	4.6810	0.72083	1.5588	313.00	0.21708	2.4823e-05	0.036412	supercritical
235.00	155.00	316.48	0.0031597	103.65	152.63	4.6876	0.71987	1.5467	313.52	0.21673	2.4772e-05	0.036294	supercritical
236.00	155.00	313.74	0.0031874	104.76	154.17	4.6942	0.71893	1.5350	314.06	0.21634	2.4725e-05	0.036182	supercritical
237.00	155.00	311.05	0.0032149	105.87	155.70	4.7006	0.71802	1.5236	314.60	0.21591	2.4682e-05	0.036075	supercritical
238.00	155.00	308.43	0.0032423	106.96	157.22	4.7070	0.71712	1.5126	315.15	0.21545	2.4641e-05	0.035974	supercritical
239.00	155.00	305.86	0.0032695	108.05	158.72	4.7133	0.71625	1.5018	315.71	0.21496	2.4604e-05	0.035877	supercritical
240.00	155.00	303.34	0.0032966	109.12	160.22	4.7196	0.71541	1.4914	316.28	0.21443	2.4569e-05	0.035785	supercritical
241.00	155.00	300.88	0.0033236	110.19	161.71	4.7258	0.71458	1.4813	316.85	0.21388	2.4537e-05	0.035697	supercritical
242.00	155.00	298.46	0.0033505	111.25	163.18	4.7319	0.71377	1.4714	317.43	0.21330	2.4508e-05	0.035614	supercritical
243.00	155.00	296.10	0.0033773	112.30	164.65	4.7379	0.71299	1.4618	318.01	0.21270	2.4481e-05	0.035535	supercritical
244.00	155.00	293.78	0.0034039	113.35	166.11	4.7439	0.71222	1.4525	318.60	0.21207	2.4457e-05	0.035461	supercritical
245.00	155.00	291.51	0.0034304	114.38	167.55	4.7498	0.71148	1.4434	319.19	0.21142	2.4435e-05	0.035390	supercritical
246.00	155.00	289.28	0.0034568	115.41	168.99	4.7557	0.71075	1.4346	319.79	0.21075	2.4415e-05	0.035322	supercritical
247.00	155.00	287.10	0.0034831	116.44	170.42	4.7615	0.71004	1.4260	320.39	0.21006	2.4397e-05	0.035259	supercritical
248.00	155.00	284.96	0.0035093	117.45	171.84	4.7673	0.70936	1.4176	321.00	0.20935	2.4382e-05	0.035199	supercritical
249.00	155.00	282.86	0.0035353	118.46	173.26	4.7729	0.70869	1.4095	321.61	0.20863	2.4368e-05	0.035142	supercritical
250.00	155.00	280.80	0.0035613	119.46	174.66	4.7786	0.70803	1.4015	322.22	0.20788	2.4356e-05	0.035089	supercritical
251.00	155.00	278.77	0.0035871	120.46	176.06	4.7842	0.70740	1.3938	322.83	0.20712	2.4346e-05	0.035038	supercritical
252.00	155.00	276.79	0.0036129	121.45	177.45	4.7897	0.70678	1.3863	323.45	0.20635	2.4338e-05	0.034991	supercritical
253.00	155.00	274.84	0.0036385	122.44	178.83	4.7952	0.70617	1.3790	324.07	0.20557	2.4332e-05	0.034947	supercritical
254.00	155.00	272.92	0.0036640	123.42	180.21	4.8006	0.70559	1.3719	324.69	0.20477	2.4327e-05	0.034905	supercritical
255.00	155.00	271.04	0.0036895	124.39	181.58	4.8060	0.70502	1.3649	325.31	0.20396	2.4323e-05	0.034866	supercritical
256.00	155.00	269.19	0.0037148	125.36	182.94	4.8113	0.70446	1.3581	325.93	0.20314	2.4321e-05	0.034830	supercritical
257.00	155.00	267.38	0.0037401	126.32	184.29	4.8166	0.70392	1.3515	326.56	0.20231	2.4321e-05	0.034796	supercritical
258.00	155.00	265.59	0.0037652	127.28	185.64	4.8218	0.70339	1.3451	327.18	0.20147	2.4322e-05	0.034765	supercritical
259.00	155.00	263.84	0.0037902	128.24	186.98	4.8270	0.70288	1.3388	327.81	0.20062	2.4324e-05	0.034736	supercritical
260.00	155.00	262.11	0.0038152	129.18	188.32	4.8321	0.70238	1.3327	328.44	0.19977	2.4328e-05	0.034710	supercritical
261.00	155.00	260.41	0.0038401	130.13	189.65	4.8372	0.70189	1.3267	329.07	0.19890	2.4332e-05	0.034685	supercritical
262.00	155.00	258.74	0.0038649	131.07	190.97	4.8423	0.70142	1.3209	329.70	0.19803	2.4338e-05	0.034663	supercritical
263.00	155.00	257.10	0.0038895	132.00	192.29	4.8473	0.70096	1.3152	330.33	0.19716	2.4345e-05	0.034643	supercritical
264.00	155.00	255.48	0.0039142	132.93	193.60	4.8523	0.70052	1.3096	330.96	0.19628	2.4353e-05	0.034625	supercritical
265.00	155.00	253.89	0.0039387	133.86	194.91	4.8573	0.70008	1.3042	331.59	0.19539	2.4363e-05	0.034609	supercritical
266.00	155.00	252.33	0.0039631	134.78	196.21	4.8622	0.69966	1.2989	332.22	0.19450	2.4373e-05	0.034594	supercritical
267.00	155.00	250.79	0.0039875	135.70	197.51	4.8670	0.69925	1.2937	332.85	0.19360	2.4384e-05	0.034582	supercritical
268.00	155.00	249.27	0.0040117	136.62	198.80	4.8718	0.69885	1.2887	333.48	0.19271	2.4396e-05	0.034571	supercritical
269.00	155.00	247.77	0.0040359	137.53	200.09	4.8766	0.69846	1.2838	334.10	0.19180	2.4409e-05	0.034562	supercritical
270.00	155.00	246.30	0.0040601	138.44	201.37	4.8814	0.69809	1.2789	334.73	0.19090	2.4423e-05	0.034555	supercritical
271.00	155.00	244.85	0.0040841	139.34	202.64	4.8861	0.69772	1.2742	335.36	0.18999	2.4438e-05	0.034549	supercritical
272.00	155.00	243.42	0.0041081	140.24	203.92	4.8908	0.69737	1.2696	335.99	0.18908	2.4454e-05	0.034545	supercritical
273.00	155.00	242.02	0.0041320	141.14	205.18	4.8954	0.69702	1.2651	336.62	0.18817	2.4470e-05	0.034542	supercritical
274.00	155.00	240.63	0.0041558	142.03	206.45	4.9001	0.69669	1.2607	337.25	0.18725	2.4487e-05	0.034541	supercritical
275.00	155.00	239.26	0.0041795	142.92	207.71	4.9046	0.69636	1.2564	337.87	0.18634	2.4505e-05	0.034541	supercritical
276.00	155.00	237.91	0.0042032	143.81	208.96	4.9092	0.69605	1.2522	338.50	0.18542	2.4524e-05	0.034542	supercritical
277.00	155.00	236.59	0.0042268	144.69	210.21	4.9137	0.69574	1.2481	339.13	0.18451	2.4543e-05	0.034545	supercritical
278.00	155.00	235.28	0.0042503	145.58	211.46	4.9182	0.69545	1.2440	339.75	0.18359	2.4563e-05	0.034549	supercritical
279.00	155.00	233.98	0.0042738	146.45	212.70	4.9227	0.69516	1.2401	340.37	0.18267	2.4584e-05	0.034554	supercritical
280.00	155.00	232.71	0.0042972	147.33	213.94	4.9271	0.69488	1.2362	341.00	0.18175	2.4605e-05	0.034561	supercritical
281.00	155.00	231.45	0.0043206	148.20	215.17	4.9315	0.69461	1.2325	341.62	0.18084	2.4627e-05	0.034568	supercritical
282.00	155.00	230.21	0.0043438	149.07	216.40	4.9359	0.69435	1.2288	342.24	0.17992	2.4650e-05	0.034577	supercritical
283.00	155.00	228.99	0.0043670	149.94	217.63	4.9402	0.69410	1.2251	342.86	0.17900	2.4673e-05	0.034587	supercritical
284.00	155.00	227.78	0.0043902	150.80	218.85	4.9445	0.69385	1.2216	343.48	0.17809	2.4697e-05	0.034598	supercritical
285.00	155.00	226.59	0.0044133	151.66	220.07	4.9488	0.69362	1.2181	344.10	0.17717	2.4721e-05	0.034610	supercritical
286.00	155.00	225.41	0.0044363	152.52	221.29	4.9531	0.69339	1.2147	344.71	0.17626	2.4745e-05	0.034623	supercritical
287.00	155.00	224.25	0.0044593	153.38	222.50	4.9573	0.69317	1.2114	345.33	0.17534	2.4771e-05	0.034637	supercritical
288.00	155.00	223.11	0.0044822	154.24	223.71	4.9615	0.69295	1.2081	345.94	0.17443	2.4796e-05	0.034652	supercritical
289.00	155.00	221.97	0.0045050	155.09	224.92	4.9657	0.69275	1.2049	346.56	0.17352	2.4823e-05	0.034668	supercritical
290.00	155.00	220.86	0.0045278	155.94	226.12	4.9699	0.69255	1.2018	347.17	0.17261	2.4849e-05	0.034684	supercritical
291.00	155.00	219.75	0.0045506	156.79	227.32	4.9740	0.69236	1.1987	347.78	0.17171	2.4876e-05	0.034702	supercritical
292.00	155.00	218.66	0.0045733	157.63	228.52	4.9781	0.69217	1.1957	348.39	0.17080	2.4904e-05	0.034720	supercritical
293.00	155.00	217.59	0.0045959	158.48	229.71	4.9822	0.69200	1.1928	349.00	0.16990	2.4932e-05	0.034739	supercritical
294.00	155.00	216.52	0.0046185	159.32	230.90	4.9862	0.69183	1.1899	349.61	0.16900	2.4960e-05	0.034759	supercritical
295.00	155.00	215.47	0.0046410	160.16	232.09	4.9903	0.69166	1.1870	350.21	0.16810	2.4988e-05	0.034779	supercritical
296.00	155.00	214.43	0.0046635	160.99	233.28	4.9943	0.69150	1.1842	350.82	0.16721	2.5018e-05	0.034801	supercritical
297.00	155.00	213.41	0.0046859	161.83	234.46	4.9983	0.69135	1.1815	351.42	0.16631	2.5047e-05	0.034823	supercritical
298.00	155.00	212.39	0.0047082	162.66	235.64	5.0022	0.69121	1.1788	352.02	0.16542	2.5077e-05	0.034845	supercritical
299.00	155.00	211.39	0.0047306	163.49	236.82	5.0062	0.69107	1.1762	352.62	0.16453	2.5107e-05	0.034868	supercritical
300.00	155.00	210.40	0.0047528	164.32	237.99	5.0101	0.69094	1.1736	353.22	0.16365	2.5137e-05	0.034892	supercritical
301.00	155.00	209.42	0.0047750	165.15	239.16	5.0140	0.69081	1.1711	353.82	0.16277	2.5168e-05	0.034916	supercritical
302.00	155.00	208.45	0.0047972	165.98	240.33	5.0179	0.69069	1.1686	354.42	0.16189	2.5199e-05	0.034940	supercritical
303.00	155.00	207.50	0.0048193	166.80	241.50	5.0218	0.69058	1.1662	355.01	0.16101	2.5231e-05	0.034965	supercritical
304.00	155.00	206.55	0.0048414	167.62	242.67	5.0256	0.69047	1.1638	355.61	0.16013	2.5262e-05	0.034990	supercritical
305.00	155.00	205.61	0.0048635	168.45	243.83	5.0294	0.69037	1.1615	356.20	0.15926	2.5294e-05	0.035015	supercritical
306.00	155.00	204.69	0.0048854	169.27	244.99	5.0332	0.69027	1.1592	356.79	0.15839	2.5326e-05	0.035039	supercritical
307.00	155.00	203.77	0.0049074	170.08	246.15	5.0370	0.69018	1.1569	357.38	0.15753	2.5359e-05	0.035063	supercritical
308.00	155.00	202.87	0.0049293	170.90	247.30	5.0407	0.69009	1.1547	357.97	0.15667	2.5392e-05	0.035085	supercritical
309.00	155.00	201.97	0.0049511	171.71	248.46	5.0445	0.69001	1.1525	358.56	0.15581	2.5425e-05	0.035099	supercritical
310.00	155.00	201.09	0.0049730	172.53	249.61	5.0482	0.68993	1.1504	359.14	0.15495	2.5458e-05	0.035123	supercritical
311.00	155.00	200.21	0.0049947	173.34	250.76	5.0519	0.68986	1.1483	359.73	0.15410	2.5492e-05	0.035159	supercritical
312.00	155.00	199.34	0.0050165	174.15	251.91	5.0556	0.68979	1.1463	360.31	0.15325	2.5525e-05	0.035196	supercritical
313.00	155.00	198.49	0.0050381	174.96	253.05	5.0593	0.68973	1.1442	360.89	0.15240	2.5559e-05	0.035234	supercritical
314.00	155.00	197.64	0.0050598	175.77	254.19	5.0629	0.68967	1.1423	361.47	0.15156	2.5594e-05	0.035272	supercritical
315.00	155.00	196.80	0.0050814	176.57	255.34	5.0665	0.68962	1.1403	362.05	0.15072	2.5628e-05	0.035310	supercritical
316.00	155.00	195.96	0.0051030	177.38	256.47	5.0701	0.68958	1.1384	362.63	0.14988	2.5663e-05	0.035349	supercritical
317.00	155.00	195.14	0.0051245	178.18	257.61	5.0737	0.68953	1.1365	363.21	0.14905	2.5697e-05	0.035388	supercritical
318.00	155.00	194.33	0.0051460	178.99	258.75	5.0773	0.68950	1.1347	363.78	0.14822	2.5732e-05	0.035427	supercritical
319.00	155.00	193.52	0.0051674	179.79	259.88	5.0809	0.68946	1.1329	364.36	0.14739	2.5768e-05	0.035467	supercritical
320.00	155.00	192.72	0.0051889	180.59	261.01	5.0844	0.68943	1.1311	364.93	0.14657	2.5803e-05	0.035508	supercritical
321.00	155.00	191.93	0.0052102	181.39	262.14	5.0879	0.68941	1.1293	365.50	0.14575	2.5839e-05	0.035548	supercritical
322.00	155.00	191.15	0.0052316	182.18	263.27	5.0915	0.68939	1.1276	366.07	0.14493	2.5874e-05	0.035589	supercritical
323.00	155.00	190.37	0.0052529	182.98	264.40	5.0949	0.68937	1.1259	366.64	0.14412	2.5910e-05	0.035631	supercritical
324.00	155.00	189.60	0.0052741	183.77	265.52	5.0984	0.68936	1.1243	367.20	0.14331	2.5946e-05	0.035672	supercritical
325.00	155.00	188.84	0.0052954	184.57	266.65	5.1019	0.68935	1.1226	367.77	0.14250	2.5983e-05	0.035714	supercritical
326.00	155.00	188.09	0.0053166	185.36	267.77	5.1053	0.68935	1.1210	368.33	0.14170	2.6019e-05	0.035757	supercritical
327.00	155.00	187.35	0.0053377	186.15	268.89	5.1088	0.68935	1.1195	368.89	0.14090	2.6056e-05	0.035800	supercritical
328.00	155.00	186.61	0.0053589	186.95	270.01	5.1122	0.68936	1.1179	369.46	0.14011	2.6092e-05	0.035843	supercritical
329.00	155.00	185.87	0.0053800	187.74	271.13	5.1156	0.68936	1.1164	370.02	0.13931	2.6129e-05	0.035886	supercritical
330.00	155.00	185.15	0.0054010	188.53	272.24	5.1190	0.68938	1.1149	370.57	0.13853	2.6166e-05	0.035930	supercritical
331.00	155.00	184.43	0.0054221	189.31	273.36	5.1223	0.68939	1.1134	371.13	0.13774	2.6203e-05	0.035974	supercritical
332.00	155.00	183.72	0.0054431	190.10	274.47	5.1257	0.68941	1.1120	371.69	0.13696	2.6241e-05	0.036018	supercritical
333.00	155.00	183.02	0.0054640	190.89	275.58	5.1290	0.68944	1.1105	372.24	0.13618	2.6278e-05	0.036062	supercritical
334.00	155.00	182.32	0.0054850	191.67	276.69	5.1324	0.68946	1.1091	372.79	0.13541	2.6315e-05	0.036107	supercritical
335.00	155.00	181.62	0.0055059	192.46	277.80	5.1357	0.68949	1.1078	373.35	0.13464	2.6353e-05	0.036152	supercritical
336.00	155.00	180.94	0.0055267	193.24	278.90	5.1390	0.68953	1.1064	373.90	0.13387	2.6391e-05	0.036198	supercritical
337.00	155.00	180.26	0.0055476	194.02	280.01	5.1423	0.68957	1.1051	374.44	0.13311	2.6429e-05	0.036243	supercritical
338.00	155.00	179.59	0.0055684	194.80	281.11	5.1455	0.68961	1.1038	374.99	0.13234	2.6467e-05	0.036289	supercritical
339.00	155.00	178.92	0.0055892	195.59	282.22	5.1488	0.68965	1.1025	375.54	0.13159	2.6505e-05	0.036335	supercritical
340.00	155.00	178.26	0.0056099	196.37	283.32	5.1520	0.68970	1.1012	376.08	0.13083	2.6543e-05	0.036382	supercritical
341.00	155.00	177.60	0.0056306	197.15	284.42	5.1553	0.68975	1.1000	376.63	0.13008	2.6581e-05	0.036429	supercritical
342.00	155.00	176.95	0.0056513	197.92	285.52	5.1585	0.68981	1.0988	377.17	0.12934	2.6619e-05	0.036475	supercritical
343.00	155.00	176.30	0.0056720	198.70	286.62	5.1617	0.68987	1.0976	377.71	0.12860	2.6658e-05	0.036523	supercritical
344.00	155.00	175.67	0.0056926	199.48	287.71	5.1649	0.68993	1.0964	378.25	0.12786	2.6696e-05	0.036570	supercritical
345.00	155.00	175.03	0.0057133	200.26	288.81	5.1681	0.68999	1.0953	378.79	0.12712	2.6735e-05	0.036617	supercritical
346.00	155.00	174.40	0.0057338	201.03	289.91	5.1712	0.69006	1.0941	379.33	0.12639	2.6774e-05	0.036665	supercritical
347.00	155.00	173.78	0.0057544	201.81	291.00	5.1744	0.69013	1.0930	379.86	0.12566	2.6813e-05	0.036713	supercritical
348.00	155.00	173.16	0.0057749	202.58	292.09	5.1775	0.69021	1.0919	380.40	0.12493	2.6851e-05	0.036761	supercritical
349.00	155.00	172.55	0.0057954	203.35	293.18	5.1807	0.69028	1.0908	380.93	0.12421	2.6890e-05	0.036810	supercritical
350.00	155.00	171.94	0.0058159	204.13	294.27	5.1838	0.69036	1.0897	381.46	0.12349	2.6929e-05	0.036859	supercritical
351.00	155.00	171.34	0.0058363	204.90	295.36	5.1869	0.69045	1.0887	381.99	0.12278	2.6969e-05	0.036907	supercritical
352.00	155.00	170.74	0.0058568	205.67	296.45	5.1900	0.69053	1.0877	382.52	0.12206	2.7008e-05	0.036956	supercritical
353.00	155.00	170.15	0.0058772	206.44	297.54	5.1931	0.69062	1.0866	383.05	0.12136	2.7047e-05	0.037006	supercritical
354.00	155.00	169.56	0.0058975	207.21	298.62	5.1962	0.69071	1.0856	383.58	0.12065	2.7086e-05	0.037055	supercritical
355.00	155.00	168.98	0.0059179	207.98	299.71	5.1992	0.69081	1.0847	384.10	0.11995	2.7126e-05	0.037105	supercritical
356.00	155.00	168.40	0.0059382	208.75	300.79	5.2023	0.69090	1.0837	384.63	0.11925	2.7165e-05	0.037154	supercritical
357.00	155.00	167.83	0.0059585	209.52	301.88	5.2053	0.69100	1.0828	385.15	0.11855	2.7205e-05	0.037204	supercritical
358.00	155.00	167.26	0.0059788	210.29	302.96	5.2083	0.69111	1.0818	385.67	0.11786	2.7244e-05	0.037254	supercritical
359.00	155.00	166.69	0.0059990	211.06	304.04	5.2113	0.69121	1.0809	386.20	0.11717	2.7284e-05	0.037305	supercritical
360.00	155.00	166.13	0.0060193	211.82	305.12	5.2144	0.69132	1.0800	386.72	0.11649	2.7324e-05	0.037355	supercritical
361.00	155.00	165.58	0.0060395	212.59	306.20	5.2173	0.69143	1.0791	387.23	0.11581	2.7363e-05	0.037406	supercritical
362.00	155.00	165.03	0.0060596	213.35	307.28	5.2203	0.69154	1.0782	387.75	0.11513	2.7403e-05	0.037456	supercritical
363.00	155.00	164.48	0.0060798	214.12	308.36	5.2233	0.69166	1.0774	388.27	0.11445	2.7443e-05	0.037507	supercritical
364.00	155.00	163.94	0.0060999	214.88	309.43	5.2263	0.69178	1.0765	388.78	0.11378	2.7483e-05	0.037559	supercritical
365.00	155.00	163.40	0.0061200	215.65	310.51	5.2292	0.69190	1.0757	389.30	0.11311	2.7523e-05	0.037610	supercritical
366.00	155.00	162.86	0.0061401	216.41	311.58	5.2322	0.69202	1.0749	389.81	0.11245	2.7563e-05	0.037661	supercritical
367.00	155.00	162.33	0.0061602	217.18	312.66	5.2351	0.69214	1.0741	390.32	0.11178	2.7603e-05	0.037713	supercritical
368.00	155.00	161.81	0.0061802	217.94	313.73	5.2380	0.69227	1.0733	390.83	0.11112	2.7643e-05	0.037764	supercritical
369.00	155.00	161.28	0.0062003	218.70	314.81	5.2409	0.69240	1.0725	391.34	0.11047	2.7683e-05	0.037816	supercritical
370.00	155.00	160.76	0.0062203	219.46	315.88	5.2438	0.69254	1.0718	391.85	0.10982	2.7723e-05	0.037868	supercritical
371.00	155.00	160.25	0.0062403	220.23	316.95	5.2467	0.69267	1.0710	392.36	0.10917	2.7763e-05	0.037920	supercritical
372.00	155.00	159.74	0.0062602	220.99	318.02	5.2496	0.69281	1.0703	392.86	0.10852	2.7804e-05	0.037972	supercritical
373.00	155.00	159.23	0.0062802	221.75	319.09	5.2525	0.69295	1.0695	393.37	0.10788	2.7844e-05	0.038025	supercritical
374.00	155.00	158.73	0.0063001	222.51	320.16	5.2553	0.69309	1.0688	393.87	0.10724	2.7884e-05	0.038077	supercritical
375.00	155.00	158.23	0.0063200	223.27	321.23	5.2582	0.69323	1.0681	394.37	0.10660	2.7925e-05	0.038130	supercritical
376.00	155.00	157.73	0.0063399	224.03	322.30	5.2610	0.69338	1.0674	394.87	0.10596	2.7965e-05	0.038183	supercritical
377.00	155.00	157.24	0.0063597	224.79	323.36	5.2639	0.69353	1.0668	395.37	0.10533	2.8005e-05	0.038235	supercritical
378.00	155.00	156.75	0.0063796	225.55	324.43	5.2667	0.69368	1.0661	395.87	0.10471	2.8046e-05	0.038288	supercritical
379.00	155.00	156.27	0.0063994	226.30	325.49	5.2695	0.69383	1.0654	396.37	0.10408	2.8086e-05	0.038341	supercritical
380.00	155.00	155.78	0.0064192	227.06	326.56	5.2723	0.69398	1.0648	396.87	0.10346	2.8127e-05	0.038395	supercritical
381.00	155.00	155.30	0.0064390	227.82	327.62	5.2751	0.69414	1.0642	397.36	0.10284	2.8167e-05	0.038448	supercritical
382.00	155.00	154.83	0.0064587	228.58	328.69	5.2779	0.69430	1.0635	397.86	0.10222	2.8208e-05	0.038501	supercritical
383.00	155.00	154.36	0.0064785	229.34	329.75	5.2807	0.69446	1.0629	398.35	0.10161	2.8248e-05	0.038555	supercritical
384.00	155.00	153.89	0.0064982	230.09	330.81	5.2835	0.69462	1.0623	398.85	0.10100	2.8289e-05	0.038608	supercritical
385.00	155.00	153.42	0.0065179	230.85	331.88	5.2862	0.69479	1.0617	399.34	0.10039	2.8329e-05	0.038662	supercritical
386.00	155.00	152.96	0.0065376	231.61	332.94	5.2890	0.69495	1.0612	399.83	0.099791	2.8370e-05	0.038716	supercritical
387.00	155.00	152.50	0.0065573	232.36	334.00	5.2917	0.69512	1.0606	400.32	0.099189	2.8411e-05	0.038770	supercritical
388.00	155.00	152.05	0.0065769	233.12	335.06	5.2944	0.69529	1.0600	400.81	0.098591	2.8451e-05	0.038824	supercritical
389.00	155.00	151.59	0.0065965	233.87	336.12	5.2972	0.69546	1.0595	401.29	0.097996	2.8492e-05	0.038878	supercritical
390.00	155.00	151.14	0.0066162	234.63	337.18	5.2999	0.69564	1.0589	401.78	0.097404	2.8533e-05	0.038932	supercritical
391.00	155.00	150.70	0.0066358	235.38	338.24	5.3026	0.69581	1.0584	402.27	0.096814	2.8573e-05	0.038987	supercritical
392.00	155.00	150.26	0.0066553	236.14	339.29	5.3053	0.69599	1.0579	402.75	0.096228	2.8614e-05	0.039041	supercritical
393.00	155.00	149.81	0.0066749	236.89	340.35	5.3080	0.69617	1.0574	403.23	0.095644	2.8655e-05	0.039096	supercritical
394.00	155.00	149.38	0.0066945	237.65	341.41	5.3107	0.69635	1.0569	403.72	0.095063	2.8696e-05	0.039150	supercritical
395.00	155.00	148.94	0.0067140	238.40	342.47	5.3134	0.69653	1.0564	404.20	0.094485	2.8736e-05	0.039205	supercritical
396.00	155.00	148.51	0.0067335	239.15	343.52	5.3160	0.69672	1.0559	404.68	0.093910	2.8777e-05	0.039260	supercritical
397.00	155.00	148.08	0.0067530	239.91	344.58	5.3187	0.69690	1.0554	405.16	0.093337	2.8818e-05	0.039314	supercritical
398.00	155.00	147.66	0.0067725	240.66	345.63	5.3214	0.69709	1.0549	405.63	0.092767	2.8859e-05	0.039369	supercritical
399.00	155.00	147.23	0.0067920	241.41	346.69	5.3240	0.69728	1.0545	406.11	0.092200	2.8900e-05	0.039424	supercritical
400.00	155.00	146.81	0.0068114	242.16	347.74	5.3266	0.69747	1.0540	406.59	0.091636	2.8940e-05	0.039479	supercritical
401.00	155.00	146.39	0.0068309	242.92	348.80	5.3293	0.69767	1.0536	407.06	0.091075	2.8981e-05	0.039535	supercritical
402.00	155.00	145.98	0.0068503	243.67	349.85	5.3319	0.69786	1.0531	407.54	0.090516	2.9022e-05	0.039590	supercritical
403.00	155.00	145.57	0.0068697	244.42	350.90	5.3345	0.69806	1.0527	408.01	0.089960	2.9063e-05	0.039645	supercritical
404.00	155.00	145.16	0.0068891	245.17	351.95	5.3371	0.69825	1.0523	408.48	0.089406	2.9104e-05	0.039701	supercritical
405.00	155.00	144.75	0.0069084	245.93	353.01	5.3397	0.69845	1.0519	408.96	0.088856	2.9145e-05	0.039756	supercritical
406.00	155.00	144.35	0.0069278	246.68	354.06	5.3423	0.69865	1.0515	409.43	0.088307	2.9186e-05	0.039812	supercritical
407.00	155.00	143.94	0.0069471	247.43	355.11	5.3449	0.69885	1.0511	409.90	0.087762	2.9226e-05	0.039867	supercritical
408.00	155.00	143.54	0.0069665	248.18	356.16	5.3475	0.69906	1.0507	410.37	0.087219	2.9267e-05	0.039923	supercritical
409.00	155.00	143.15	0.0069858	248.93	357.21	5.3501	0.69926	1.0503	410.83	0.086679	2.9308e-05	0.039979	supercritical
410.00	155.00	142.75	0.0070051	249.68	358.26	5.3526	0.69947	1.0499	411.30	0.086141	2.9349e-05	0.040034	supercritical
411.00	155.00	142.36	0.0070244	250.43	359.31	5.3552	0.69968	1.0495	411.77	0.085606	2.9390e-05	0.040090	supercritical
412.00	155.00	141.97	0.0070436	251.18	360.36	5.3577	0.69989	1.0492	412.23	0.085074	2.9431e-05	0.040146	supercritical
413.00	155.00	141.59	0.0070629	251.93	361.41	5.3603	0.70010	1.0488	412.70	0.084544	2.9472e-05	0.040202	supercritical
414.00	155.00	141.20	0.0070821	252.68	362.46	5.3628	0.70031	1.0485	413.16	0.084017	2.9513e-05	0.040258	supercritical
415.00	155.00	140.82	0.0071014	253.43	363.51	5.3653	0.70052	1.0481	413.62	0.083492	2.9554e-05	0.040314	supercritical
416.00	155.00	140.44	0.0071206	254.19	364.55	5.3679	0.70074	1.0478	414.08	0.082970	2.9594e-05	0.040370	supercritical
417.00	155.00	140.06	0.0071398	254.94	365.60	5.3704	0.70095	1.0475	414.54	0.082450	2.9635e-05	0.040427	supercritical
418.00	155.00	139.69	0.0071590	255.68	366.65	5.3729	0.70117	1.0472	415.00	0.081933	2.9676e-05	0.040483	supercritical
419.00	155.00	139.31	0.0071781	256.43	367.70	5.3754	0.70139	1.0468	415.46	0.081418	2.9717e-05	0.040539	supercritical
420.00	155.00	138.94	0.0071973	257.18	368.74	5.3779	0.70161	1.0465	415.92	0.080906	2.9758e-05	0.040596	supercritical
421.00	155.00	138.57	0.0072164	257.93	369.79	5.3804	0.70183	1.0462	416.38	0.080396	2.9799e-05	0.040652	supercritical
422.00	155.00	138.21	0.0072356	258.68	370.83	5.3828	0.70205	1.0459	416.83	0.079888	2.9840e-05	0.040709	supercritical
423.00	155.00	137.84	0.0072547	259.43	371.88	5.3853	0.70227	1.0456	417.29	0.079383	2.9881e-05	0.040765	supercritical
424.00	155.00	137.48	0.0072738	260.18	372.93	5.3878	0.70250	1.0454	417.74	0.078881	2.9921e-05	0.040822	supercritical
425.00	155.00	137.12	0.0072929	260.93	373.97	5.3902	0.70272	1.0451	418.20	0.078381	2.9962e-05	0.040878	supercritical
426.00	155.00	136.76	0.0073120	261.68	375.02	5.3927	0.70295	1.0448	418.65	0.077883	3.0003e-05	0.040935	supercritical
427.00	155.00	136.41	0.0073310	262.43	376.06	5.3952	0.70318	1.0445	419.10	0.077387	3.0044e-05	0.040992	supercritical
428.00	155.00	136.05	0.0073501	263.18	377.11	5.3976	0.70341	1.0443	419.55	0.076894	3.0085e-05	0.041049	supercritical
429.00	155.00	135.70	0.0073691	263.93	378.15	5.4000	0.70364	1.0440	420.00	0.076404	3.0126e-05	0.041105	supercritical
430.00	155.00	135.35	0.0073882	264.68	379.19	5.4025	0.70387	1.0438	420.45	0.075915	3.0167e-05	0.041162	supercritical
431.00	155.00	135.00	0.0074072	265.43	380.24	5.4049	0.70410	1.0435	420.90	0.075429	3.0207e-05	0.041219	supercritical
432.00	155.00	134.66	0.0074262	266.17	381.28	5.4073	0.70433	1.0433	421.35	0.074945	3.0248e-05	0.041276	supercritical
433.00	155.00	134.32	0.0074452	266.92	382.32	5.4097	0.70457	1.0430	421.80	0.074464	3.0289e-05	0.041333	supercritical
434.00	155.00	133.97	0.0074642	267.67	383.37	5.4121	0.70480	1.0428	422.24	0.073985	3.0330e-05	0.041390	supercritical
435.00	155.00	133.63	0.0074831	268.42	384.41	5.4145	0.70504	1.0426	422.69	0.073508	3.0371e-05	0.041447	supercritical
436.00	155.00	133.30	0.0075021	269.17	385.45	5.4169	0.70528	1.0424	423.13	0.073033	3.0412e-05	0.041505	supercritical
437.00	155.00	132.96	0.0075210	269.92	386.49	5.4193	0.70552	1.0422	423.58	0.072561	3.0452e-05	0.041562	supercritical
438.00	155.00	132.63	0.0075400	270.67	387.54	5.4217	0.70576	1.0420	424.02	0.072091	3.0493e-05	0.041619	supercritical
439.00	155.00	132.29	0.0075589	271.42	388.58	5.4241	0.70600	1.0418	424.46	0.071623	3.0534e-05	0.041676	supercritical
440.00	155.00	131.96	0.0075778	272.16	389.62	5.4264	0.70624	1.0416	424.91	0.071157	3.0575e-05	0.041733	supercritical
441.00	155.00	131.64	0.0075967	272.91	390.66	5.4288	0.70648	1.0414	425.35	0.070694	3.0615e-05	0.041791	supercritical
442.00	155.00	131.31	0.0076156	273.66	391.70	5.4312	0.70672	1.0412	425.79	0.070232	3.0656e-05	0.041848	supercritical
443.00	155.00	130.98	0.0076345	274.41	392.74	5.4335	0.70697	1.0410	426.23	0.069773	3.0697e-05	0.041906	supercritical
444.00	155.00	130.66	0.0076533	275.16	393.78	5.4359	0.70721	1.0408	426.66	0.069316	3.0738e-05	0.041963	supercritical
445.00	155.00	130.34	0.0076722	275.91	394.83	5.4382	0.70746	1.0406	427.10	0.068861	3.0778e-05	0.042020	supercritical
446.00	155.00	130.02	0.0076910	276.65	395.87	5.4405	0.70771	1.0405	427.54	0.068408	3.0819e-05	0.042078	supercritical
447.00	155.00	129.70	0.0077099	277.40	396.91	5.4429	0.70795	1.0403	427.98	0.067958	3.0860e-05	0.042135	supercritical
448.00	155.00	129.39	0.0077287	278.15	397.95	5.4452	0.70820	1.0401	428.41	0.067509	3.0900e-05	0.042193	supercritical
449.00	155.00	129.07	0.0077475	278.90	398.99	5.4475	0.70845	1.0400	428.85	0.067063	3.0941e-05	0.042251	supercritical
450.00	155.00	128.76	0.0077663	279.65	400.03	5.4498	0.70870	1.0398	429.28	0.066619	3.0982e-05	0.042308	supercritical
451.00	155.00	128.45	0.0077851	280.40	401.07	5.4521	0.70895	1.0397	429.71	0.066176	3.1022e-05	0.042366	supercritical
452.00	155.00	128.14	0.0078039	281.14	402.11	5.4544	0.70920	1.0395	430.15	0.065736	3.1063e-05	0.042424	supercritical
453.00	155.00	127.83	0.0078227	281.89	403.14	5.4567	0.70946	1.0394	430.58	0.065298	3.1104e-05	0.042481	supercritical
454.00	155.00	127.53	0.0078414	282.64	404.18	5.4590	0.70971	1.0392	431.01	0.064862	3.1144e-05	0.042539	supercritical
455.00	155.00	127.22	0.0078602	283.39	405.22	5.4613	0.70996	1.0391	431.44	0.064428	3.1185e-05	0.042597	supercritical
456.00	155.00	126.92	0.0078789	284.14	406.26	5.4636	0.71022	1.0390	431.87	0.063996	3.1225e-05	0.042655	supercritical
457.00	155.00	126.62	0.0078977	284.89	407.30	5.4659	0.71047	1.0389	432.30	0.063566	3.1266e-05	0.042712	supercritical
458.00	155.00	126.32	0.0079164	285.64	408.34	5.4681	0.71073	1.0387	432.73	0.063138	3.1306e-05	0.042770	supercritical
459.00	155.00	126.02	0.0079351	286.38	409.38	5.4704	0.71099	1.0386	433.15	0.062712	3.1347e-05	0.042828	supercritical
460.00	155.00	125.73	0.0079538	287.13	410.42	5.4727	0.71124	1.0385	433.58	0.062288	3.1387e-05	0.042886	supercritical
461.00	155.00	125.43	0.0079725	287.88	411.46	5.4749	0.71150	1.0384	434.01	0.061866	3.1428e-05	0.042944	supercritical
462.00	155.00	125.14	0.0079912	288.63	412.49	5.4772	0.71176	1.0383	434.43	0.061446	3.1468e-05	0.043002	supercritical
463.00	155.00	124.85	0.0080098	289.38	413.53	5.4794	0.71202	1.0382	434.86	0.061028	3.1509e-05	0.043060	supercritical
464.00	155.00	124.56	0.0080285	290.13	414.57	5.4816	0.71228	1.0381	435.28	0.060612	3.1549e-05	0.043118	supercritical
465.00	155.00	124.27	0.0080472	290.88	415.61	5.4839	0.71254	1.0380	435.70	0.060197	3.1590e-05	0.043176	supercritical
466.00	155.00	123.98	0.0080658	291.63	416.65	5.4861	0.71280	1.0379	436.13	0.059785	3.1630e-05	0.043234	supercritical
467.00	155.00	123.69	0.0080844	292.38	417.68	5.4883	0.71306	1.0378	436.55	0.059375	3.1671e-05	0.043292	supercritical
468.00	155.00	123.41	0.0081031	293.12	418.72	5.4906	0.71333	1.0377	436.97	0.058966	3.1711e-05	0.043350	supercritical
469.00	155.00	123.13	0.0081217	293.87	419.76	5.4928	0.71359	1.0377	437.39	0.058559	3.1751e-05	0.043408	supercritical
470.00	155.00	122.85	0.0081403	294.62	420.80	5.4950	0.71385	1.0376	437.81	0.058154	3.1792e-05	0.043466	supercritical
471.00	155.00	122.57	0.0081589	295.37	421.84	5.4972	0.71412	1.0375	438.23	0.057751	3.1832e-05	0.043524	supercritical
472.00	155.00	122.29	0.0081775	296.12	422.87	5.4994	0.71438	1.0374	438.65	0.057350	3.1873e-05	0.043582	supercritical
473.00	155.00	122.01	0.0081961	296.87	423.91	5.5016	0.71465	1.0374	439.07	0.056951	3.1913e-05	0.043641	supercritical
474.00	155.00	121.73	0.0082146	297.62	424.95	5.5038	0.71491	1.0373	439.48	0.056554	3.1953e-05	0.043699	supercritical
475.00	155.00	121.46	0.0082332	298.37	425.98	5.5060	0.71518	1.0372	439.90	0.056158	3.1993e-05	0.043757	supercritical
476.00	155.00	121.19	0.0082518	299.12	427.02	5.5081	0.71545	1.0372	440.32	0.055764	3.2034e-05	0.043815	supercritical
477.00	155.00	120.91	0.0082703	299.87	428.06	5.5103	0.71572	1.0371	440.73	0.055372	3.2074e-05	0.043873	supercritical
478.00	155.00	120.64	0.0082888	300.62	429.10	5.5125	0.71598	1.0371	441.15	0.054982	3.2114e-05	0.043932	supercritical
479.00	155.00	120.38	0.0083074	301.37	430.13	5.5147	0.71625	1.0370	441.56	0.054593	3.2154e-05	0.043990	supercritical
480.00	155.00	120.11	0.0083259	302.12	431.17	5.5168	0.71652	1.0370	441.98	0.054207	3.2195e-05	0.044048	supercritical
481.00	155.00	119.84	0.0083444	302.87	432.21	5.5190	0.71679	1.0369	442.39	0.053822	3.2235e-05	0.044107	supercritical
482.00	155.00	119.58	0.0083629	303.62	433.24	5.5211	0.71706	1.0369	442.80	0.053438	3.2275e-05	0.044165	supercritical
483.00	155.00	119.31	0.0083814	304.37	434.28	5.5233	0.71733	1.0369	443.21	0.053057	3.2315e-05	0.044223	supercritical
484.00	155.00	119.05	0.0083999	305.12	435.32	5.5254	0.71760	1.0368	443.62	0.052677	3.2355e-05	0.044281	supercritical
485.00	155.00	118.79	0.0084184	305.87	436.35	5.5276	0.71787	1.0368	444.03	0.052299	3.2395e-05	0.044340	supercritical
486.00	155.00	118.53	0.0084368	306.62	437.39	5.5297	0.71814	1.0368	444.44	0.051923	3.2435e-05	0.044398	supercritical
487.00	155.00	118.27	0.0084553	307.37	438.43	5.5318	0.71842	1.0367	444.85	0.051548	3.2476e-05	0.044457	supercritical
488.00	155.00	118.01	0.0084738	308.12	439.46	5.5340	0.71869	1.0367	445.26	0.051176	3.2516e-05	0.044515	supercritical
489.00	155.00	117.76	0.0084922	308.87	440.50	5.5361	0.71896	1.0367	445.67	0.050804	3.2556e-05	0.044573	supercritical
490.00	155.00	117.50	0.0085106	309.62	441.54	5.5382	0.71923	1.0367	446.08	0.050435	3.2596e-05	0.044632	supercritical
491.00	155.00	117.25	0.0085291	310.37	442.57	5.5403	0.71951	1.0366	446.48	0.050067	3.2636e-05	0.044690	supercritical
492.00	155.00	116.99	0.0085475	311.13	443.61	5.5424	0.71978	1.0366	446.89	0.049701	3.2676e-05	0.044749	supercritical
493.00	155.00	116.74	0.0085659	311.88	444.65	5.5445	0.72005	1.0366	447.30	0.049336	3.2716e-05	0.044807	supercritical
494.00	155.00	116.49	0.0085843	312.63	445.68	5.5466	0.72033	1.0366	447.70	0.048973	3.2756e-05	0.044866	supercritical
495.00	155.00	116.24	0.0086027	313.38	446.72	5.5487	0.72060	1.0366	448.11	0.048612	3.2795e-05	0.044924	supercritical
496.00	155.00	115.99	0.0086211	314.13	447.76	5.5508	0.72088	1.0366	448.51	0.048252	3.2835e-05	0.044983	supercritical
497.00	155.00	115.75	0.0086395	314.88	448.79	5.5529	0.72115	1.0366	448.91	0.047894	3.2875e-05	0.045041	supercritical
498.00	155.00	115.50	0.0086579	315.63	449.83	5.5550	0.72143	1.0366	449.32	0.047538	3.2915e-05	0.045100	supercritical
499.00	155.00	115.26	0.0086763	316.39	450.87	5.5571	0.72171	1.0366	449.72	0.047183	3.2955e-05	0.045158	supercritical
500.00	155.00	115.01	0.0086946	317.14	451.90	5.5591	0.72198	1.0366	450.12	0.046830	3.2995e-05	0.045217	supercritical
501.00	155.00	114.77	0.0087130	317.89	452.94	5.5612	0.72226	1.0366	450.52	0.046478	3.3035e-05	0.045275	supercritical
502.00	155.00	114.53	0.0087313	318.64	453.98	5.5633	0.72254	1.0366	450.92	0.046128	3.3074e-05	0.045334	supercritical
503.00	155.00	114.29	0.0087497	319.39	455.01	5.5653	0.72281	1.0366	451.32	0.045779	3.3114e-05	0.045392	supercritical
504.00	155.00	114.05	0.0087680	320.15	456.05	5.5674	0.72309	1.0366	451.72	0.045432	3.3154e-05	0.045451	supercritical
505.00	155.00	113.81	0.0087863	320.90	457.09	5.5695	0.72337	1.0367	452.12	0.045087	3.3194e-05	0.045509	supercritical
506.00	155.00	113.58	0.0088047	321.65	458.12	5.5715	0.72365	1.0367	452.52	0.044743	3.3233e-05	0.045568	supercritical
507.00	155.00	113.34	0.0088230	322.40	459.16	5.5736	0.72392	1.0367	452.92	0.044400	3.3273e-05	0.045626	supercritical
508.00	155.00	113.11	0.0088413	323.16	460.20	5.5756	0.72420	1.0367	453.31	0.044059	3.3313e-05	0.045685	supercritical
509.00	155.00	112.87	0.0088596	323.91	461.23	5.5776	0.72448	1.0368	453.71	0.043720	3.3352e-05	0.045744	supercritical
510.00	155.00	112.64	0.0088779	324.66	462.27	5.5797	0.72476	1.0368	454.11	0.043382	3.3392e-05	0.045802	supercritical
511.00	155.00	112.41	0.0088961	325.42	463.31	5.5817	0.72504	1.0368	454.50	0.043045	3.3432e-05	0.045861	supercritical
512.00	155.00	112.18	0.0089144	326.17	464.34	5.5837	0.72532	1.0368	454.90	0.042710	3.3471e-05	0.045919	supercritical
513.00	155.00	111.95	0.0089327	326.92	465.38	5.5858	0.72560	1.0369	455.29	0.042377	3.3511e-05	0.045978	supercritical
514.00	155.00	111.72	0.0089510	327.68	466.42	5.5878	0.72588	1.0369	455.69	0.042045	3.3550e-05	0.046037	supercritical
515.00	155.00	111.49	0.0089692	328.43	467.46	5.5898	0.72616	1.0369	456.08	0.041714	3.3590e-05	0.046095	supercritical
516.00	155.00	111.27	0.0089875	329.19	468.49	5.5918	0.72644	1.0370	456.47	0.041385	3.3629e-05	0.046154	supercritical
517.00	155.00	111.04	0.0090057	329.94	469.53	5.5938	0.72672	1.0370	456.87	0.041058	3.3669e-05	0.046212	supercritical
518.00	155.00	110.82	0.0090240	330.69	470.57	5.5958	0.72700	1.0371	457.26	0.040731	3.3708e-05	0.046271	supercritical
519.00	155.00	110.59	0.0090422	331.45	471.60	5.5978	0.72728	1.0371	457.65	0.040407	3.3748e-05	0.046330	supercritical
520.00	155.00	110.37	0.0090604	332.20	472.64	5.5998	0.72756	1.0372	458.04	0.040083	3.3787e-05	0.046388	supercritical
521.00	155.00	110.15	0.0090786	332.96	473.68	5.6018	0.72784	1.0372	458.43	0.039761	3.3827e-05	0.046447	supercritical
522.00	155.00	109.93	0.0090969	333.71	474.71	5.6038	0.72812	1.0372	458.82	0.039441	3.3866e-05	0.046506	supercritical
523.00	155.00	109.71	0.0091151	334.47	475.75	5.6058	0.72840	1.0373	459.21	0.039122	3.3905e-05	0.046564	supercritical
524.00	155.00	109.49	0.0091333	335.22	476.79	5.6078	0.72868	1.0374	459.60	0.038804	3.3945e-05	0.046623	supercritical
525.00	155.00	109.27	0.0091515	335.98	477.83	5.6097	0.72896	1.0374	459.99	0.038487	3.3984e-05	0.046681	supercritical
526.00	155.00	109.06	0.0091697	336.73	478.86	5.6117	0.72924	1.0375	460.37	0.038172	3.4023e-05	0.046740	supercritical
527.00	155.00	108.84	0.0091878	337.49	479.90	5.6137	0.72952	1.0375	460.76	0.037859	3.4063e-05	0.046799	supercritical
528.00	155.00	108.62	0.0092060	338.25	480.94	5.6156	0.72980	1.0376	461.15	0.037546	3.4102e-05	0.046857	supercritical
529.00	155.00	108.41	0.0092242	339.00	481.98	5.6176	0.73009	1.0376	461.53	0.037235	3.4141e-05	0.046916	supercritical
530.00	155.00	108.20	0.0092423	339.76	483.01	5.6196	0.73037	1.0377	461.92	0.036926	3.4180e-05	0.046975	supercritical
531.00	155.00	107.99	0.0092605	340.51	484.05	5.6215	0.73065	1.0378	462.31	0.036618	3.4220e-05	0.047033	supercritical
532.00	155.00	107.77	0.0092787	341.27	485.09	5.6235	0.73093	1.0378	462.69	0.036311	3.4259e-05	0.047092	supercritical
533.00	155.00	107.56	0.0092968	342.03	486.13	5.6254	0.73121	1.0379	463.08	0.036005	3.4298e-05	0.047151	supercritical
534.00	155.00	107.35	0.0093149	342.78	487.17	5.6274	0.73149	1.0380	463.46	0.035701	3.4337e-05	0.047209	supercritical
535.00	155.00	107.15	0.0093331	343.54	488.20	5.6293	0.73178	1.0380	463.84	0.035398	3.4376e-05	0.047268	supercritical
536.00	155.00	106.94	0.0093512	344.30	489.24	5.6313	0.73206	1.0381	464.23	0.035096	3.4415e-05	0.047327	supercritical
537.00	155.00	106.73	0.0093693	345.06	490.28	5.6332	0.73234	1.0382	464.61	0.034796	3.4454e-05	0.047385	supercritical
538.00	155.00	106.53	0.0093874	345.81	491.32	5.6351	0.73262	1.0383	464.99	0.034496	3.4493e-05	0.047444	supercritical
539.00	155.00	106.32	0.0094056	346.57	492.36	5.6370	0.73290	1.0383	465.37	0.034199	3.4533e-05	0.047503	supercritical
540.00	155.00	106.12	0.0094237	347.33	493.39	5.6390	0.73318	1.0384	465.75	0.033902	3.4572e-05	0.047561	supercritical
541.00	155.00	105.91	0.0094418	348.09	494.43	5.6409	0.73347	1.0385	466.13	0.033607	3.4611e-05	0.047620	supercritical
542.00	155.00	105.71	0.0094599	348.84	495.47	5.6428	0.73375	1.0386	466.51	0.033313	3.4650e-05	0.047679	supercritical
543.00	155.00	105.51	0.0094779	349.60	496.51	5.6447	0.73403	1.0386	466.89	0.033020	3.4688e-05	0.047737	supercritical
544.00	155.00	105.31	0.0094960	350.36	497.55	5.6466	0.73431	1.0387	467.27	0.032728	3.4727e-05	0.047796	supercritical
545.00	155.00	105.11	0.0095141	351.12	498.59	5.6485	0.73459	1.0388	467.65	0.032438	3.4766e-05	0.047855	supercritical
546.00	155.00	104.91	0.0095322	351.88	499.63	5.6504	0.73488	1.0389	468.03	0.032149	3.4805e-05	0.047913	supercritical
547.00	155.00	104.71	0.0095502	352.64	500.67	5.6523	0.73516	1.0390	468.41	0.031861	3.4844e-05	0.047972	supercritical
548.00	155.00	104.51	0.0095683	353.40	501.70	5.6542	0.73544	1.0391	468.79	0.031575	3.4883e-05	0.048031	supercritical
549.00	155.00	104.31	0.0095864	354.16	502.74	5.6561	0.73572	1.0392	469.16	0.031289	3.4922e-05	0.048089	supercritical
550.00	155.00	104.12	0.0096044	354.91	503.78	5.6580	0.73600	1.0393	469.54	0.031005	3.4961e-05	0.048148	supercritical
551.00	155.00	103.92	0.0096225	355.67	504.82	5.6599	0.73628	1.0393	469.91	0.030722	3.4999e-05	0.048206	supercritical
552.00	155.00	103.73	0.0096405	356.43	505.86	5.6618	0.73656	1.0394	470.29	0.030440	3.5038e-05	0.048265	supercritical
553.00	155.00	103.54	0.0096585	357.19	506.90	5.6637	0.73685	1.0395	470.67	0.030159	3.5077e-05	0.048324	supercritical
554.00	155.00	103.34	0.0096766	357.95	507.94	5.6656	0.73713	1.0396	471.04	0.029880	3.5116e-05	0.048382	supercritical
555.00	155.00	103.15	0.0096946	358.71	508.98	5.6674	0.73741	1.0397	471.41	0.029602	3.5154e-05	0.048441	supercritical
556.00	155.00	102.96	0.0097126	359.47	510.02	5.6693	0.73769	1.0398	471.79	0.029325	3.5193e-05	0.048500	supercritical
557.00	155.00	102.77	0.0097306	360.24	511.06	5.6712	0.73797	1.0399	472.16	0.029049	3.5232e-05	0.048558	supercritical
558.00	155.00	102.58	0.0097486	361.00	512.10	5.6730	0.73825	1.0400	472.54	0.028774	3.5270e-05	0.048617	supercritical
559.00	155.00	102.39	0.0097666	361.76	513.14	5.6749	0.73853	1.0401	472.91	0.028500	3.5309e-05	0.048675	supercritical
560.00	155.00	102.20	0.0097846	362.52	514.18	5.6768	0.73881	1.0402	473.28	0.028228	3.5347e-05	0.048734	supercritical
561.00	155.00	102.01	0.0098026	363.28	515.22	5.6786	0.73910	1.0403	473.65	0.027956	3.5386e-05	0.048793	supercritical
562.00	155.00	101.83	0.0098206	364.04	516.26	5.6805	0.73938	1.0404	474.02	0.027686	3.5425e-05	0.048851	supercritical
563.00	155.00	101.64	0.0098386	364.80	517.30	5.6823	0.73966	1.0405	474.39	0.027417	3.5463e-05	0.048910	supercritical
564.00	155.00	101.45	0.0098566	365.56	518.34	5.6842	0.73994	1.0406	474.76	0.027149	3.5502e-05	0.048969	supercritical
565.00	155.00	101.27	0.0098746	366.33	519.38	5.6860	0.74022	1.0407	475.13	0.026882	3.5540e-05	0.049027	supercritical
566.00	155.00	101.09	0.0098925	367.09	520.42	5.6879	0.74050	1.0408	475.50	0.026616	3.5578e-05	0.049086	supercritical
567.00	155.00	100.90	0.0099105	367.85	521.46	5.6897	0.74078	1.0410	475.87	0.026352	3.5617e-05	0.049144	supercritical
568.00	155.00	100.72	0.0099285	368.61	522.51	5.6915	0.74106	1.0411	476.24	0.026088	3.5655e-05	0.049203	supercritical
569.00	155.00	100.54	0.0099464	369.38	523.55	5.6934	0.74134	1.0412	476.61	0.025825	3.5694e-05	0.049261	supercritical
570.00	155.00	100.36	0.0099644	370.14	524.59	5.6952	0.74162	1.0413	476.98	0.025564	3.5732e-05	0.049320	supercritical
571.00	155.00	100.18	0.0099823	370.90	525.63	5.6970	0.74190	1.0414	477.35	0.025304	3.5770e-05	0.049379	supercritical
572.00	155.00	99.997	0.010000	371.67	526.67	5.6988	0.74218	1.0415	477.71	0.025044	3.5809e-05	0.049437	supercritical
573.00	155.00	99.818	0.010018	372.43	527.71	5.7007	0.74246	1.0416	478.08	0.024786	3.5847e-05	0.049496	supercritical
574.00	155.00	99.640	0.010036	373.19	528.75	5.7025	0.74274	1.0417	478.45	0.024529	3.5885e-05	0.049554	supercritical
575.00	155.00	99.462	0.010054	373.96	529.80	5.7043	0.74302	1.0419	478.81	0.024273	3.5924e-05	0.049613	supercritical
576.00	155.00	99.285	0.010072	374.72	530.84	5.7061	0.74330	1.0420	479.18	0.024018	3.5962e-05	0.049671	supercritical
577.00	155.00	99.109	0.010090	375.49	531.88	5.7079	0.74357	1.0421	479.54	0.023764	3.6000e-05	0.049730	supercritical
578.00	155.00	98.933	0.010108	376.25	532.92	5.7097	0.74385	1.0422	479.91	0.023511	3.6038e-05	0.049788	supercritical
579.00	155.00	98.758	0.010126	377.02	533.96	5.7115	0.74413	1.0423	480.27	0.023259	3.6077e-05	0.049847	supercritical
580.00	155.00	98.584	0.010144	377.78	535.01	5.7133	0.74441	1.0424	480.64	0.023008	3.6115e-05	0.049905	supercritical
581.00	155.00	98.410	0.010162	378.55	536.05	5.7151	0.74469	1.0426	481.00	0.022758	3.6153e-05	0.049964	supercritical
582.00	155.00	98.237	0.010179	379.31	537.09	5.7169	0.74497	1.0427	481.36	0.022510	3.6191e-05	0.050022	supercritical
583.00	155.00	98.065	0.010197	380.08	538.13	5.7187	0.74524	1.0428	481.73	0.022262	3.6229e-05	0.050081	supercritical
584.00	155.00	97.893	0.010215	380.84	539.18	5.7205	0.74552	1.0429	482.09	0.022015	3.6267e-05	0.050139	supercritical
585.00	155.00	97.722	0.010233	381.61	540.22	5.7223	0.74580	1.0431	482.45	0.021769	3.6305e-05	0.050198	supercritical
586.00	155.00	97.552	0.010251	382.37	541.26	5.7240	0.74608	1.0432	482.81	0.021524	3.6343e-05	0.050256	supercritical
587.00	155.00	97.382	0.010269	383.14	542.31	5.7258	0.74635	1.0433	483.17	0.021280	3.6381e-05	0.050315	supercritical
588.00	155.00	97.213	0.010287	383.91	543.35	5.7276	0.74663	1.0434	483.54	0.021038	3.6419e-05	0.050373	supercritical
589.00	155.00	97.044	0.010305	384.67	544.39	5.7294	0.74691	1.0436	483.90	0.020796	3.6457e-05	0.050432	supercritical
590.00	155.00	96.876	0.010322	385.44	545.44	5.7311	0.74718	1.0437	484.26	0.020555	3.6495e-05	0.050490	supercritical
591.00	155.00	96.709	0.010340	386.21	546.48	5.7329	0.74746	1.0438	484.62	0.020315	3.6533e-05	0.050549	supercritical
592.00	155.00	96.542	0.010358	386.97	547.52	5.7347	0.74774	1.0439	484.98	0.020076	3.6571e-05	0.050607	supercritical
593.00	155.00	96.376	0.010376	387.74	548.57	5.7364	0.74801	1.0441	485.33	0.019838	3.6609e-05	0.050666	supercritical
594.00	155.00	96.211	0.010394	388.51	549.61	5.7382	0.74829	1.0442	485.69	0.019601	3.6647e-05	0.050724	supercritical
595.00	155.00	96.046	0.010412	389.28	550.66	5.7399	0.74856	1.0443	486.05	0.019365	3.6685e-05	0.050782	supercritical
596.00	155.00	95.882	0.010430	390.04	551.70	5.7417	0.74884	1.0445	486.41	0.019129	3.6722e-05	0.050841	supercritical
597.00	155.00	95.718	0.010447	390.81	552.75	5.7435	0.74911	1.0446	486.77	0.018895	3.6760e-05	0.050899	supercritical
598.00	155.00	95.555	0.010465	391.58	553.79	5.7452	0.74939	1.0447	487.12	0.018662	3.6798e-05	0.050958	supercritical
599.00	155.00	95.393	0.010483	392.35	554.84	5.7469	0.74966	1.0449	487.48	0.018430	3.6836e-05	0.051016	supercritical
600.00	155.00	95.231	0.010501	393.12	555.88	5.7487	0.74994	1.0450	487.84	0.018198	3.6874e-05	0.051075	supercritical
