Temperature (K)	Pressure (bar)	Density (kg/m3)	Volume (m3/kg)	Internal Energy (kJ/kg)	Enthalpy (kJ/kg)	Entropy (J/g*K)	Cv (J/g*K)	Cp (J/g*K)	Sound Spd. (m/s)	Joule-Thomson (K/bar)	Viscosity (Pa*s)	Therm. Cond. (W/m*K)	Phase
60.000	133.00	1297.4	0.00077076	-186.18	-175.93	2.2229	1.0936	1.6469	1163.1	-0.037803	0.00064107	0.19925	liquid
61.000	133.00	1293.3	0.00077324	-184.56	-174.28	2.2502	1.0863	1.6495	1159.2	-0.037642	0.00061098	0.19796	liquid
62.000	133.00	1289.1	0.00077575	-182.95	-172.63	2.2770	1.0797	1.6515	1154.6	-0.037499	0.00058289	0.19666	liquid
63.000	133.00	1284.9	0.00077829	-181.33	-170.98	2.3035	1.0736	1.6530	1149.4	-0.037372	0.00055666	0.19537	liquid
64.000	133.00	1280.7	0.00078085	-179.71	-169.32	2.3295	1.0679	1.6541	1143.8	-0.037258	0.00053215	0.19408	liquid
65.000	133.00	1276.4	0.00078343	-178.09	-167.67	2.3551	1.0626	1.6548	1137.9	-0.037155	0.00050922	0.19279	liquid
66.000	133.00	1272.2	0.00078604	-176.47	-166.01	2.3804	1.0574	1.6552	1131.7	-0.037061	0.00048777	0.19149	liquid
67.000	133.00	1268.0	0.00078866	-174.85	-164.36	2.4053	1.0525	1.6553	1125.3	-0.036973	0.00046768	0.19020	liquid
68.000	133.00	1263.7	0.00079131	-173.23	-162.70	2.4298	1.0476	1.6551	1118.7	-0.036891	0.00044885	0.18891	liquid
69.000	133.00	1259.5	0.00079398	-171.61	-161.05	2.4540	1.0429	1.6548	1111.9	-0.036811	0.00043118	0.18761	liquid
70.000	133.00	1255.2	0.00079667	-169.99	-159.39	2.4778	1.0382	1.6543	1105.1	-0.036734	0.00041459	0.18632	liquid
71.000	133.00	1251.0	0.00079938	-168.37	-157.74	2.5013	1.0336	1.6537	1098.2	-0.036657	0.00039900	0.18503	liquid
72.000	133.00	1246.7	0.00080211	-166.75	-156.09	2.5244	1.0291	1.6530	1091.2	-0.036579	0.00038433	0.18374	liquid
73.000	133.00	1242.4	0.00080486	-165.14	-154.43	2.5472	1.0246	1.6522	1084.2	-0.036500	0.00037052	0.18245	liquid
74.000	133.00	1238.2	0.00080764	-163.52	-152.78	2.5697	1.0201	1.6514	1077.1	-0.036418	0.00035751	0.18116	liquid
75.000	133.00	1233.9	0.00081043	-161.91	-151.13	2.5918	1.0157	1.6506	1070.0	-0.036333	0.00034523	0.17987	liquid
76.000	133.00	1229.6	0.00081326	-160.30	-149.48	2.6137	1.0113	1.6498	1062.9	-0.036244	0.00033363	0.17858	liquid
77.000	133.00	1225.3	0.00081610	-158.69	-147.83	2.6352	1.0070	1.6491	1055.8	-0.036151	0.00032266	0.17729	liquid
78.000	133.00	1221.0	0.00081897	-157.08	-146.18	2.6565	1.0027	1.6484	1048.7	-0.036052	0.00031229	0.17600	liquid
79.000	133.00	1216.7	0.00082186	-155.47	-144.53	2.6775	0.99843	1.6477	1041.6	-0.035947	0.00030247	0.17471	liquid
80.000	133.00	1212.4	0.00082478	-153.86	-142.89	2.6982	0.99422	1.6471	1034.5	-0.035836	0.00029315	0.17342	liquid
81.000	133.00	1208.1	0.00082773	-152.25	-141.24	2.7187	0.99005	1.6466	1027.4	-0.035718	0.00028431	0.17212	liquid
82.000	133.00	1203.8	0.00083070	-150.64	-139.59	2.7389	0.98592	1.6461	1020.3	-0.035594	0.00027592	0.17083	liquid
83.000	133.00	1199.5	0.00083370	-149.04	-137.95	2.7588	0.98184	1.6458	1013.2	-0.035462	0.00026793	0.16954	liquid
84.000	133.00	1195.1	0.00083672	-147.43	-136.30	2.7785	0.97780	1.6455	1006.1	-0.035322	0.00026033	0.16825	liquid
85.000	133.00	1190.8	0.00083978	-145.83	-134.66	2.7980	0.97381	1.6453	998.99	-0.035174	0.00025309	0.16695	liquid
86.000	133.00	1186.4	0.00084287	-144.22	-133.01	2.8173	0.96986	1.6453	991.91	-0.035018	0.00024619	0.16566	liquid
87.000	133.00	1182.1	0.00084598	-142.62	-131.37	2.8363	0.96596	1.6453	984.84	-0.034853	0.00023960	0.16437	liquid
88.000	133.00	1177.7	0.00084913	-141.02	-129.72	2.8551	0.96211	1.6454	977.78	-0.034680	0.00023330	0.16307	liquid
89.000	133.00	1173.3	0.00085231	-139.41	-128.08	2.8737	0.95830	1.6457	970.73	-0.034497	0.00022728	0.16178	liquid
90.000	133.00	1168.9	0.00085553	-137.81	-126.43	2.8921	0.95454	1.6461	963.68	-0.034305	0.00022152	0.16048	liquid
91.000	133.00	1164.4	0.00085878	-136.21	-124.78	2.9103	0.95083	1.6466	956.64	-0.034103	0.00021600	0.15918	liquid
92.000	133.00	1160.0	0.00086206	-134.60	-123.14	2.9283	0.94717	1.6472	949.60	-0.033892	0.00021071	0.15789	liquid
93.000	133.00	1155.6	0.00086538	-133.00	-121.49	2.9461	0.94355	1.6479	942.56	-0.033670	0.00020563	0.15659	liquid
94.000	133.00	1151.1	0.00086874	-131.40	-119.84	2.9637	0.93999	1.6487	935.53	-0.033438	0.00020075	0.15529	liquid
95.000	133.00	1146.6	0.00087214	-129.79	-118.19	2.9811	0.93646	1.6497	928.50	-0.033195	0.00019606	0.15399	liquid
96.000	133.00	1142.1	0.00087557	-128.19	-116.54	2.9984	0.93299	1.6508	921.48	-0.032942	0.00019154	0.15269	liquid
97.000	133.00	1137.6	0.00087905	-126.58	-114.89	3.0155	0.92956	1.6520	914.45	-0.032677	0.00018719	0.15139	liquid
98.000	133.00	1133.1	0.00088257	-124.98	-113.24	3.0325	0.92618	1.6533	907.43	-0.032401	0.00018300	0.15009	liquid
99.000	133.00	1128.5	0.00088613	-123.37	-111.58	3.0493	0.92285	1.6548	900.40	-0.032113	0.00017896	0.14879	liquid
100.00	133.00	1123.9	0.00088973	-121.76	-109.93	3.0659	0.91956	1.6563	893.37	-0.031812	0.00017506	0.14749	liquid
101.00	133.00	1119.3	0.00089338	-120.15	-108.27	3.0824	0.91631	1.6580	886.35	-0.031500	0.00017129	0.14619	liquid
102.00	133.00	1114.7	0.00089708	-118.54	-106.61	3.0988	0.91311	1.6599	879.32	-0.031174	0.00016764	0.14489	liquid
103.00	133.00	1110.1	0.00090083	-116.93	-104.95	3.1150	0.90995	1.6618	872.28	-0.030836	0.00016411	0.14358	liquid
104.00	133.00	1105.4	0.00090462	-115.32	-103.29	3.1310	0.90684	1.6639	865.24	-0.030484	0.00016070	0.14228	liquid
105.00	133.00	1100.8	0.00090847	-113.71	-101.62	3.1470	0.90377	1.6662	858.20	-0.030118	0.00015738	0.14098	liquid
106.00	133.00	1096.0	0.00091237	-112.09	-99.956	3.1628	0.90074	1.6685	851.16	-0.029738	0.00015417	0.13968	liquid
107.00	133.00	1091.3	0.00091632	-110.47	-98.286	3.1784	0.89775	1.6710	844.10	-0.029343	0.00015106	0.13838	liquid
108.00	133.00	1086.6	0.00092033	-108.85	-96.614	3.1940	0.89481	1.6736	837.04	-0.028932	0.00014803	0.13708	liquid
109.00	133.00	1081.8	0.00092440	-107.23	-94.939	3.2094	0.89191	1.6764	829.98	-0.028506	0.00014509	0.13577	liquid
110.00	133.00	1077.0	0.00092853	-105.61	-93.261	3.2248	0.88905	1.6793	822.90	-0.028064	0.00014224	0.13447	liquid
111.00	133.00	1072.1	0.00093272	-103.99	-91.580	3.2400	0.88623	1.6824	815.82	-0.027605	0.00013945	0.13317	liquid
112.00	133.00	1067.3	0.00093697	-102.36	-89.896	3.2551	0.88345	1.6856	808.73	-0.027129	0.00013675	0.13187	liquid
113.00	133.00	1062.4	0.00094128	-100.73	-88.209	3.2701	0.88071	1.6890	801.63	-0.026634	0.00013411	0.13058	liquid
114.00	133.00	1057.5	0.00094566	-99.096	-86.518	3.2850	0.87801	1.6925	794.52	-0.026121	0.00013154	0.12929	liquid
115.00	133.00	1052.5	0.00095012	-97.460	-84.824	3.2998	0.87535	1.6962	787.40	-0.025589	0.00012904	0.12800	liquid
116.00	133.00	1047.5	0.00095464	-95.822	-83.126	3.3145	0.87273	1.7001	780.27	-0.025037	0.00012659	0.12671	liquid
117.00	133.00	1042.5	0.00095924	-94.182	-81.424	3.3291	0.87015	1.7041	773.13	-0.024464	0.00012420	0.12542	liquid
118.00	133.00	1037.4	0.00096391	-92.538	-79.717	3.3436	0.86761	1.7083	765.98	-0.023870	0.00012187	0.12413	liquid
119.00	133.00	1032.3	0.00096867	-90.890	-78.007	3.3580	0.86511	1.7127	758.81	-0.023253	0.00011960	0.12284	liquid
120.00	133.00	1027.2	0.00097350	-89.240	-76.292	3.3724	0.86265	1.7172	751.63	-0.022613	0.00011737	0.12156	liquid
121.00	133.00	1022.1	0.00097842	-87.586	-74.573	3.3867	0.86022	1.7220	744.44	-0.021949	0.00011519	0.12027	liquid
122.00	133.00	1016.9	0.00098343	-85.928	-72.848	3.4008	0.85784	1.7269	737.23	-0.021260	0.00011306	0.11899	liquid
123.00	133.00	1011.6	0.00098852	-84.266	-71.119	3.4150	0.85550	1.7321	730.01	-0.020545	0.00011098	0.11771	liquid
124.00	133.00	1006.3	0.00099371	-82.600	-69.384	3.4290	0.85319	1.7374	722.78	-0.019803	0.00010894	0.11644	liquid
125.00	133.00	1001.0	0.00099900	-80.930	-67.644	3.4430	0.85093	1.7430	715.53	-0.019032	0.00010694	0.11516	liquid
126.00	133.00	995.63	0.0010044	-79.256	-65.898	3.4569	0.84870	1.7488	708.26	-0.018232	0.00010498	0.11389	liquid
127.00	133.00	990.21	0.0010099	-77.577	-64.146	3.4708	0.84652	1.7549	700.98	-0.017401	0.00010306	0.11262	liquid
128.00	133.00	984.75	0.0010155	-75.894	-62.388	3.4845	0.84438	1.7612	693.68	-0.016537	0.00010117	0.11135	liquid
129.00	133.00	979.24	0.0010212	-74.206	-60.624	3.4983	0.84227	1.7677	686.37	-0.015640	9.9325e-05	0.11009	liquid
130.00	133.00	973.68	0.0010270	-72.512	-58.853	3.5119	0.84021	1.7745	679.04	-0.014708	9.7512e-05	0.10883	liquid
131.00	133.00	968.06	0.0010330	-70.813	-57.074	3.5256	0.83819	1.7816	671.69	-0.013739	9.5733e-05	0.10757	liquid
132.00	133.00	962.40	0.0010391	-69.109	-55.289	3.5391	0.83621	1.7890	664.32	-0.012732	9.3987e-05	0.10632	liquid
133.00	133.00	956.68	0.0010453	-67.399	-53.496	3.5527	0.83428	1.7966	656.94	-0.011684	9.2271e-05	0.10506	liquid
134.00	133.00	950.90	0.0010516	-65.683	-51.696	3.5662	0.83238	1.8046	649.53	-0.010595	9.0587e-05	0.10382	liquid
135.00	133.00	945.06	0.0010581	-63.960	-49.887	3.5796	0.83053	1.8129	642.11	-0.0094607	8.8932e-05	0.10258	liquid
136.00	133.00	939.17	0.0010648	-62.231	-48.070	3.5930	0.82873	1.8215	634.67	-0.0082803	8.7305e-05	0.10134	liquid
137.00	133.00	933.21	0.0010716	-60.496	-46.244	3.6064	0.82697	1.8305	627.21	-0.0070513	8.5707e-05	0.10010	liquid
138.00	133.00	927.19	0.0010785	-58.753	-44.409	3.6197	0.82526	1.8399	619.74	-0.0057713	8.4135e-05	0.098873	liquid
139.00	133.00	921.09	0.0010857	-57.003	-42.564	3.6331	0.82359	1.8496	612.24	-0.0044376	8.2590e-05	0.097649	liquid
140.00	133.00	914.93	0.0010930	-55.246	-40.709	3.6464	0.82197	1.8598	604.73	-0.0030475	8.1070e-05	0.096429	liquid
141.00	133.00	908.70	0.0011005	-53.481	-38.844	3.6596	0.82039	1.8704	597.19	-0.0015982	7.9575e-05	0.095214	liquid
142.00	133.00	902.39	0.0011082	-51.707	-36.969	3.6729	0.81887	1.8814	589.64	-8.6618e-05	7.8104e-05	0.094005	liquid
143.00	133.00	896.01	0.0011161	-49.925	-35.081	3.6861	0.81740	1.8929	582.07	0.0014906	7.6657e-05	0.092801	liquid
144.00	133.00	889.54	0.0011242	-48.134	-33.183	3.6994	0.81597	1.9049	574.49	0.0031367	7.5232e-05	0.091603	liquid
145.00	133.00	883.00	0.0011325	-46.334	-31.271	3.7126	0.81460	1.9174	566.88	0.0048556	7.3830e-05	0.090410	liquid
146.00	133.00	876.36	0.0011411	-44.524	-29.348	3.7258	0.81329	1.9304	559.26	0.0066510	7.2450e-05	0.089224	liquid
147.00	133.00	869.64	0.0011499	-42.704	-27.411	3.7390	0.81202	1.9440	551.63	0.0085271	7.1092e-05	0.088045	liquid
148.00	133.00	862.82	0.0011590	-40.874	-25.459	3.7523	0.81082	1.9581	543.98	0.010488	6.9754e-05	0.086872	liquid
149.00	133.00	855.91	0.0011683	-39.033	-23.494	3.7655	0.80967	1.9729	536.32	0.012539	6.8436e-05	0.085705	liquid
150.00	133.00	848.90	0.0011780	-37.181	-21.513	3.7787	0.80857	1.9884	528.65	0.014684	6.7138e-05	0.084546	liquid
151.00	133.00	841.79	0.0011879	-35.317	-19.517	3.7920	0.80754	2.0044	520.97	0.016929	6.5860e-05	0.083394	liquid
152.00	133.00	834.57	0.0011982	-33.441	-17.504	3.8053	0.80657	2.0212	513.29	0.019278	6.4601e-05	0.082249	liquid
153.00	133.00	827.23	0.0012088	-31.552	-15.474	3.8186	0.80565	2.0388	505.60	0.021738	6.3361e-05	0.081112	liquid
154.00	133.00	819.79	0.0012198	-29.650	-13.427	3.8320	0.80480	2.0570	497.91	0.024315	6.2139e-05	0.079983	liquid
155.00	133.00	812.22	0.0012312	-27.735	-11.360	3.8453	0.80401	2.0761	490.22	0.027015	6.0935e-05	0.078862	supercritical
156.00	133.00	804.53	0.0012430	-25.806	-9.2741	3.8587	0.80329	2.0959	482.54	0.029843	5.9748e-05	0.077749	supercritical
157.00	133.00	796.71	0.0012552	-23.861	-7.1679	3.8722	0.80263	2.1166	474.87	0.032807	5.8579e-05	0.076644	supercritical
158.00	133.00	788.76	0.0012678	-21.902	-5.0405	3.8857	0.80202	2.1382	467.22	0.035915	5.7427e-05	0.075548	supercritical
159.00	133.00	780.68	0.0012809	-19.928	-2.8912	3.8993	0.80149	2.1606	459.59	0.039171	5.6292e-05	0.074460	supercritical
160.00	133.00	772.46	0.0012946	-17.937	-0.71900	3.9129	0.80101	2.1839	452.00	0.042585	5.5173e-05	0.073382	supercritical
161.00	133.00	764.09	0.0013088	-15.929	1.4770	3.9266	0.80059	2.2081	444.44	0.046163	5.4070e-05	0.072313	supercritical
162.00	133.00	755.57	0.0013235	-13.905	3.6976	3.9403	0.80022	2.2332	436.92	0.049912	5.2984e-05	0.071252	supercritical
163.00	133.00	746.90	0.0013389	-11.863	5.9437	3.9541	0.79991	2.2592	429.46	0.053839	5.1913e-05	0.070201	supercritical
164.00	133.00	738.08	0.0013549	-9.8036	8.2162	3.9680	0.79965	2.2859	422.07	0.057951	5.0859e-05	0.069160	supercritical
165.00	133.00	729.10	0.0013716	-7.7259	10.516	3.9820	0.79944	2.3135	414.75	0.062253	4.9820e-05	0.068128	supercritical
166.00	133.00	719.96	0.0013890	-5.6299	12.843	3.9961	0.79926	2.3417	407.51	0.066750	4.8796e-05	0.067106	supercritical
167.00	133.00	710.66	0.0014071	-3.5156	15.199	4.0102	0.79912	2.3704	400.38	0.071446	4.7789e-05	0.066093	supercritical
168.00	133.00	701.21	0.0014261	-1.3830	17.584	4.0245	0.79900	2.3996	393.36	0.076344	4.6797e-05	0.065090	supercritical
169.00	133.00	691.59	0.0014459	0.76764	19.999	4.0388	0.79890	2.4290	386.46	0.081444	4.5821e-05	0.064097	supercritical
170.00	133.00	681.83	0.0014666	2.9358	22.442	4.0532	0.79882	2.4584	379.71	0.086743	4.4862e-05	0.063114	supercritical
171.00	133.00	671.91	0.0014883	5.1209	24.915	4.0677	0.79873	2.4874	373.11	0.092238	4.3919e-05	0.062141	supercritical
172.00	133.00	661.86	0.0015109	7.3219	27.417	4.0823	0.79864	2.5159	366.69	0.097921	4.2993e-05	0.061178	supercritical
173.00	133.00	651.67	0.0015345	9.5376	29.947	4.0970	0.79854	2.5434	360.47	0.10378	4.2085e-05	0.060225	supercritical
174.00	133.00	641.37	0.0015592	11.766	32.503	4.1117	0.79841	2.5695	354.45	0.10981	4.1195e-05	0.059283	supercritical
175.00	133.00	630.96	0.0015849	14.006	35.085	4.1265	0.79824	2.5939	348.65	0.11599	4.0324e-05	0.058351	supercritical
176.00	133.00	620.47	0.0016117	16.255	37.690	4.1413	0.79804	2.6161	343.10	0.12229	3.9473e-05	0.057430	supercritical
177.00	133.00	609.92	0.0016396	18.510	40.316	4.1562	0.79778	2.6358	337.79	0.12871	3.8642e-05	0.056520	supercritical
178.00	133.00	599.33	0.0016685	20.769	42.961	4.1711	0.79745	2.6526	332.75	0.13522	3.7833e-05	0.055623	supercritical
179.00	133.00	588.72	0.0016986	23.029	45.621	4.1860	0.79705	2.6662	327.98	0.14179	3.7046e-05	0.054737	supercritical
180.00	133.00	578.12	0.0017297	25.287	48.292	4.2009	0.79657	2.6762	323.49	0.14839	3.6283e-05	0.053865	supercritical
181.00	133.00	567.56	0.0017619	27.538	50.972	4.2158	0.79600	2.6825	319.28	0.15500	3.5543e-05	0.053007	supercritical
182.00	133.00	557.06	0.0017951	29.780	53.656	4.2305	0.79532	2.6848	315.35	0.16158	3.4828e-05	0.052163	supercritical
183.00	133.00	546.65	0.0018293	32.010	56.340	4.2453	0.79453	2.6831	311.71	0.16812	3.4139e-05	0.051334	supercritical
184.00	133.00	536.36	0.0018644	34.224	59.020	4.2599	0.79362	2.6772	308.35	0.17456	3.3476e-05	0.050523	supercritical
185.00	133.00	526.22	0.0019004	36.418	61.693	4.2743	0.79260	2.6672	305.27	0.18089	3.2839e-05	0.049729	supercritical
186.00	133.00	516.24	0.0019371	38.590	64.353	4.2887	0.79145	2.6531	302.46	0.18707	3.2229e-05	0.048953	supercritical
187.00	133.00	506.45	0.0019745	40.737	66.998	4.3029	0.79019	2.6353	299.91	0.19307	3.1645e-05	0.048197	supercritical
188.00	133.00	496.87	0.0020126	42.855	69.623	4.3169	0.78881	2.6138	297.61	0.19887	3.1089e-05	0.047461	supercritical
189.00	133.00	487.52	0.0020512	44.943	72.224	4.3307	0.78731	2.5890	295.55	0.20444	3.0560e-05	0.046747	supercritical
190.00	133.00	478.40	0.0020903	46.999	74.800	4.3443	0.78572	2.5613	293.73	0.20976	3.0058e-05	0.046056	supercritical
191.00	133.00	469.54	0.0021297	49.021	77.346	4.3576	0.78402	2.5311	292.12	0.21482	2.9582e-05	0.045387	supercritical
192.00	133.00	460.94	0.0021695	51.007	79.861	4.3708	0.78225	2.4988	290.72	0.21961	2.9131e-05	0.044741	supercritical
193.00	133.00	452.60	0.0022095	52.957	82.343	4.3837	0.78040	2.4649	289.50	0.22412	2.8706e-05	0.044120	supercritical
194.00	133.00	444.52	0.0022496	54.871	84.791	4.3963	0.77849	2.4296	288.46	0.22834	2.8304e-05	0.043523	supercritical
195.00	133.00	436.71	0.0022898	56.747	87.202	4.4087	0.77652	2.3936	287.59	0.23229	2.7926e-05	0.042949	supercritical
196.00	133.00	429.17	0.0023301	58.587	89.578	4.4208	0.77452	2.3570	286.86	0.23595	2.7570e-05	0.042400	supercritical
197.00	133.00	421.88	0.0023703	60.391	91.916	4.4327	0.77249	2.3202	286.28	0.23934	2.7236e-05	0.041875	supercritical
198.00	133.00	414.85	0.0024105	62.158	94.218	4.4444	0.77043	2.2834	285.81	0.24246	2.6922e-05	0.041372	supercritical
199.00	133.00	408.06	0.0024506	63.890	96.483	4.4558	0.76837	2.2470	285.47	0.24533	2.6628e-05	0.040893	supercritical
200.00	133.00	401.52	0.0024905	65.588	98.712	4.4670	0.76630	2.2110	285.22	0.24795	2.6351e-05	0.040436	supercritical
201.00	133.00	395.21	0.0025303	67.252	100.91	4.4779	0.76424	2.1756	285.08	0.25033	2.6092e-05	0.040001	supercritical
202.00	133.00	389.12	0.0025699	68.884	103.06	4.4886	0.76218	2.1410	285.01	0.25249	2.5850e-05	0.039586	supercritical
203.00	133.00	383.25	0.0026093	70.484	105.19	4.4991	0.76015	2.1073	285.03	0.25443	2.5623e-05	0.039191	supercritical
204.00	133.00	377.58	0.0026484	72.054	107.28	4.5094	0.75813	2.0744	285.11	0.25616	2.5410e-05	0.038816	supercritical
205.00	133.00	372.11	0.0026873	73.595	109.34	4.5195	0.75614	2.0425	285.26	0.25770	2.5211e-05	0.038460	supercritical
206.00	133.00	366.84	0.0027260	75.108	111.36	4.5293	0.75418	2.0116	285.47	0.25906	2.5025e-05	0.038121	supercritical
207.00	133.00	361.74	0.0027644	76.594	113.36	4.5390	0.75225	1.9817	285.73	0.26024	2.4851e-05	0.037799	supercritical
208.00	133.00	356.82	0.0028025	78.054	115.33	4.5485	0.75035	1.9527	286.04	0.26127	2.4688e-05	0.037493	supercritical
209.00	133.00	352.06	0.0028404	79.489	117.27	4.5578	0.74850	1.9248	286.39	0.26214	2.4536e-05	0.037203	supercritical
210.00	133.00	347.46	0.0028780	80.900	119.18	4.5669	0.74667	1.8978	286.78	0.26286	2.4394e-05	0.036928	supercritical
211.00	133.00	343.01	0.0029153	82.288	121.06	4.5759	0.74489	1.8718	287.20	0.26345	2.4262e-05	0.036666	supercritical
212.00	133.00	338.71	0.0029524	83.655	122.92	4.5846	0.74315	1.8468	287.65	0.26391	2.4138e-05	0.036418	supercritical
213.00	133.00	334.54	0.0029892	85.000	124.76	4.5933	0.74145	1.8227	288.14	0.26426	2.4023e-05	0.036183	supercritical
214.00	133.00	330.51	0.0030257	86.326	126.57	4.6018	0.73978	1.7994	288.65	0.26449	2.3915e-05	0.035960	supercritical
215.00	133.00	326.59	0.0030619	87.632	128.36	4.6101	0.73816	1.7770	289.18	0.26462	2.3815e-05	0.035748	supercritical
216.00	133.00	322.80	0.0030979	88.919	130.12	4.6183	0.73658	1.7555	289.73	0.26465	2.3722e-05	0.035547	supercritical
217.00	133.00	319.12	0.0031336	90.189	131.87	4.6264	0.73504	1.7347	290.31	0.26458	2.3635e-05	0.035357	supercritical
218.00	133.00	315.55	0.0031691	91.442	133.59	4.6343	0.73354	1.7147	290.90	0.26444	2.3555e-05	0.035177	supercritical
219.00	133.00	312.08	0.0032043	92.679	135.30	4.6421	0.73208	1.6954	291.50	0.26421	2.3480e-05	0.035006	supercritical
220.00	133.00	308.71	0.0032393	93.900	136.98	4.6498	0.73065	1.6769	292.12	0.26391	2.3411e-05	0.034844	supercritical
221.00	133.00	305.44	0.0032740	95.106	138.65	4.6573	0.72927	1.6590	292.75	0.26353	2.3347e-05	0.034690	supercritical
222.00	133.00	302.26	0.0033085	96.298	140.30	4.6648	0.72792	1.6418	293.40	0.26310	2.3287e-05	0.034545	supercritical
223.00	133.00	299.16	0.0033427	97.476	141.93	4.6721	0.72661	1.6252	294.05	0.26260	2.3233e-05	0.034407	supercritical
224.00	133.00	296.15	0.0033767	98.641	143.55	4.6794	0.72534	1.6092	294.71	0.26205	2.3183e-05	0.034277	supercritical
225.00	133.00	293.21	0.0034105	99.793	145.15	4.6865	0.72410	1.5937	295.38	0.26144	2.3137e-05	0.034154	supercritical
226.00	133.00	290.35	0.0034441	100.93	146.74	4.6935	0.72289	1.5789	296.06	0.26078	2.3094e-05	0.034037	supercritical
227.00	133.00	287.57	0.0034774	102.06	148.31	4.7005	0.72172	1.5645	296.75	0.26008	2.3056e-05	0.033927	supercritical
228.00	133.00	284.86	0.0035106	103.18	149.87	4.7073	0.72058	1.5506	297.44	0.25934	2.3021e-05	0.033823	supercritical
229.00	133.00	282.21	0.0035435	104.28	151.41	4.7141	0.71948	1.5372	298.13	0.25855	2.2989e-05	0.033725	supercritical
230.00	133.00	279.63	0.0035762	105.38	152.94	4.7207	0.71840	1.5243	298.83	0.25773	2.2961e-05	0.033633	supercritical
231.00	133.00	277.10	0.0036087	106.46	154.46	4.7273	0.71736	1.5118	299.54	0.25688	2.2935e-05	0.033545	supercritical
232.00	133.00	274.64	0.0036411	107.54	155.97	4.7338	0.71634	1.4997	300.25	0.25599	2.2913e-05	0.033463	supercritical
233.00	133.00	272.24	0.0036732	108.61	157.46	4.7403	0.71536	1.4880	300.96	0.25507	2.2893e-05	0.033386	supercritical
234.00	133.00	269.89	0.0037052	109.66	158.94	4.7466	0.71440	1.4767	301.67	0.25413	2.2876e-05	0.033313	supercritical
235.00	133.00	267.60	0.0037370	110.71	160.41	4.7529	0.71347	1.4657	302.39	0.25316	2.2861e-05	0.033245	supercritical
236.00	133.00	265.35	0.0037686	111.75	161.87	4.7591	0.71256	1.4552	303.10	0.25217	2.2848e-05	0.033181	supercritical
237.00	133.00	263.16	0.0038000	112.78	163.32	4.7652	0.71168	1.4449	303.82	0.25116	2.2838e-05	0.033121	supercritical
238.00	133.00	261.01	0.0038313	113.81	164.76	4.7713	0.71083	1.4350	304.54	0.25013	2.2830e-05	0.033065	supercritical
239.00	133.00	258.91	0.0038624	114.82	166.19	4.7773	0.71000	1.4254	305.27	0.24908	2.2823e-05	0.033013	supercritical
240.00	133.00	256.85	0.0038933	115.83	167.61	4.7832	0.70919	1.4160	305.99	0.24801	2.2819e-05	0.032964	supercritical
241.00	133.00	254.84	0.0039241	116.84	169.03	4.7891	0.70841	1.4070	306.71	0.24693	2.2817e-05	0.032919	supercritical
242.00	133.00	252.86	0.0039547	117.83	170.43	4.7949	0.70765	1.3982	307.43	0.24583	2.2816e-05	0.032877	supercritical
243.00	133.00	250.93	0.0039852	118.82	171.82	4.8006	0.70691	1.3897	308.16	0.24473	2.2817e-05	0.032838	supercritical
244.00	133.00	249.04	0.0040155	119.80	173.21	4.8063	0.70619	1.3815	308.88	0.24361	2.2819e-05	0.032802	supercritical
245.00	133.00	247.18	0.0040457	120.78	174.59	4.8119	0.70549	1.3735	309.60	0.24247	2.2824e-05	0.032769	supercritical
246.00	133.00	245.36	0.0040757	121.75	175.96	4.8175	0.70481	1.3657	310.32	0.24133	2.2829e-05	0.032739	supercritical
247.00	133.00	243.57	0.0041056	122.71	177.32	4.8231	0.70415	1.3581	311.04	0.24019	2.2836e-05	0.032712	supercritical
248.00	133.00	241.82	0.0041354	123.67	178.67	4.8285	0.70351	1.3508	311.76	0.23903	2.2844e-05	0.032687	supercritical
249.00	133.00	240.10	0.0041650	124.62	180.02	4.8339	0.70289	1.3437	312.48	0.23787	2.2854e-05	0.032665	supercritical
250.00	133.00	238.41	0.0041945	125.57	181.36	4.8393	0.70228	1.3367	313.20	0.23670	2.2865e-05	0.032645	supercritical
251.00	133.00	236.75	0.0042239	126.51	182.69	4.8446	0.70170	1.3300	313.92	0.23553	2.2877e-05	0.032628	supercritical
252.00	133.00	235.12	0.0042531	127.45	184.02	4.8499	0.70113	1.3234	314.64	0.23435	2.2890e-05	0.032613	supercritical
253.00	133.00	233.52	0.0042822	128.39	185.34	4.8551	0.70057	1.3171	315.35	0.23317	2.2904e-05	0.032599	supercritical
254.00	133.00	231.95	0.0043112	129.31	186.65	4.8603	0.70003	1.3109	316.07	0.23198	2.2920e-05	0.032588	supercritical
255.00	133.00	230.41	0.0043401	130.24	187.96	4.8655	0.69951	1.3048	316.78	0.23079	2.2936e-05	0.032579	supercritical
256.00	133.00	228.89	0.0043689	131.16	189.26	4.8706	0.69900	1.2989	317.49	0.22960	2.2953e-05	0.032572	supercritical
257.00	133.00	227.40	0.0043976	132.07	190.56	4.8756	0.69851	1.2932	318.20	0.22841	2.2971e-05	0.032567	supercritical
258.00	133.00	225.93	0.0044261	132.98	191.85	4.8806	0.69803	1.2876	318.91	0.22722	2.2990e-05	0.032563	supercritical
259.00	133.00	224.49	0.0044546	133.89	193.13	4.8856	0.69756	1.2822	319.61	0.22602	2.3010e-05	0.032562	supercritical
260.00	133.00	223.07	0.0044829	134.79	194.41	4.8905	0.69711	1.2769	320.32	0.22483	2.3031e-05	0.032562	supercritical
261.00	133.00	221.67	0.0045111	135.69	195.69	4.8954	0.69667	1.2717	321.02	0.22364	2.3052e-05	0.032563	supercritical
262.00	133.00	220.30	0.0045392	136.59	196.96	4.9003	0.69625	1.2666	321.72	0.22244	2.3075e-05	0.032566	supercritical
263.00	133.00	218.95	0.0045673	137.48	198.22	4.9051	0.69583	1.2617	322.42	0.22125	2.3098e-05	0.032571	supercritical
264.00	133.00	217.62	0.0045952	138.36	199.48	4.9099	0.69543	1.2569	323.12	0.22006	2.3121e-05	0.032577	supercritical
265.00	133.00	216.31	0.0046230	139.25	200.74	4.9146	0.69504	1.2523	323.81	0.21887	2.3146e-05	0.032584	supercritical
266.00	133.00	215.02	0.0046508	140.13	201.99	4.9193	0.69467	1.2477	324.51	0.21768	2.3171e-05	0.032593	supercritical
267.00	133.00	213.75	0.0046784	141.01	203.23	4.9240	0.69430	1.2432	325.20	0.21650	2.3196e-05	0.032603	supercritical
268.00	133.00	212.50	0.0047060	141.88	204.47	4.9286	0.69394	1.2389	325.89	0.21531	2.3222e-05	0.032614	supercritical
269.00	133.00	211.26	0.0047335	142.75	205.71	4.9332	0.69360	1.2346	326.58	0.21413	2.3249e-05	0.032627	supercritical
270.00	133.00	210.05	0.0047608	143.62	206.94	4.9378	0.69327	1.2305	327.26	0.21295	2.3277e-05	0.032641	supercritical
271.00	133.00	208.85	0.0047881	144.49	208.17	4.9424	0.69294	1.2264	327.95	0.21178	2.3304e-05	0.032656	supercritical
272.00	133.00	207.67	0.0048153	145.35	209.39	4.9469	0.69263	1.2225	328.63	0.21060	2.3333e-05	0.032672	supercritical
273.00	133.00	206.51	0.0048425	146.21	210.61	4.9513	0.69233	1.2186	329.31	0.20943	2.3362e-05	0.032689	supercritical
274.00	133.00	205.36	0.0048695	147.07	211.83	4.9558	0.69203	1.2148	329.99	0.20827	2.3391e-05	0.032707	supercritical
275.00	133.00	204.23	0.0048965	147.92	213.04	4.9602	0.69175	1.2111	330.66	0.20711	2.3421e-05	0.032726	supercritical
276.00	133.00	203.11	0.0049234	148.77	214.25	4.9646	0.69147	1.2075	331.34	0.20595	2.3451e-05	0.032747	supercritical
277.00	133.00	202.01	0.0049502	149.62	215.46	4.9690	0.69121	1.2039	332.01	0.20479	2.3482e-05	0.032768	supercritical
278.00	133.00	200.93	0.0049769	150.47	216.66	4.9733	0.69095	1.2005	332.68	0.20364	2.3513e-05	0.032790	supercritical
279.00	133.00	199.86	0.0050036	151.31	217.86	4.9776	0.69070	1.1971	333.35	0.20250	2.3545e-05	0.032813	supercritical
280.00	133.00	198.80	0.0050302	152.15	219.06	4.9819	0.69046	1.1938	334.01	0.20135	2.3577e-05	0.032837	supercritical
281.00	133.00	197.76	0.0050567	152.99	220.25	4.9861	0.69023	1.1905	334.67	0.20022	2.3609e-05	0.032861	supercritical
282.00	133.00	196.73	0.0050831	153.83	221.44	4.9903	0.69000	1.1874	335.34	0.19908	2.3642e-05	0.032887	supercritical
283.00	133.00	195.71	0.0051095	154.67	222.62	4.9945	0.68979	1.1843	336.00	0.19795	2.3675e-05	0.032913	supercritical
284.00	133.00	194.71	0.0051358	155.50	223.80	4.9987	0.68958	1.1812	336.65	0.19683	2.3709e-05	0.032940	supercritical
285.00	133.00	193.72	0.0051620	156.33	224.98	5.0029	0.68938	1.1783	337.31	0.19571	2.3742e-05	0.032968	supercritical
286.00	133.00	192.74	0.0051882	157.16	226.16	5.0070	0.68918	1.1753	337.96	0.19460	2.3776e-05	0.032996	supercritical
287.00	133.00	191.78	0.0052143	157.99	227.34	5.0111	0.68900	1.1725	338.61	0.19349	2.3811e-05	0.033025	supercritical
288.00	133.00	190.83	0.0052403	158.81	228.51	5.0152	0.68882	1.1697	339.26	0.19238	2.3845e-05	0.033055	supercritical
289.00	133.00	189.89	0.0052663	159.63	229.67	5.0192	0.68865	1.1670	339.91	0.19128	2.3880e-05	0.033086	supercritical
290.00	133.00	188.96	0.0052922	160.45	230.84	5.0232	0.68848	1.1643	340.56	0.19019	2.3916e-05	0.033117	supercritical
291.00	133.00	188.04	0.0053181	161.27	232.00	5.0272	0.68832	1.1616	341.20	0.18909	2.3951e-05	0.033148	supercritical
292.00	133.00	187.13	0.0053439	162.09	233.16	5.0312	0.68817	1.1591	341.84	0.18801	2.3987e-05	0.033181	supercritical
293.00	133.00	186.23	0.0053696	162.91	234.32	5.0352	0.68802	1.1565	342.48	0.18693	2.4023e-05	0.033214	supercritical
294.00	133.00	185.35	0.0053953	163.72	235.48	5.0391	0.68789	1.1541	343.12	0.18585	2.4059e-05	0.033247	supercritical
295.00	133.00	184.47	0.0054209	164.53	236.63	5.0430	0.68775	1.1516	343.76	0.18478	2.4096e-05	0.033281	supercritical
296.00	133.00	183.60	0.0054465	165.34	237.78	5.0469	0.68763	1.1493	344.39	0.18372	2.4132e-05	0.033315	supercritical
297.00	133.00	182.75	0.0054720	166.15	238.93	5.0508	0.68751	1.1469	345.02	0.18266	2.4169e-05	0.033350	supercritical
298.00	133.00	181.90	0.0054974	166.96	240.07	5.0546	0.68739	1.1447	345.65	0.18160	2.4206e-05	0.033385	supercritical
299.00	133.00	181.07	0.0055228	167.76	241.22	5.0585	0.68728	1.1424	346.28	0.18055	2.4244e-05	0.033421	supercritical
300.00	133.00	180.24	0.0055482	168.57	242.36	5.0623	0.68718	1.1402	346.90	0.17951	2.4281e-05	0.033457	supercritical
301.00	133.00	179.42	0.0055735	169.37	243.50	5.0661	0.68708	1.1381	347.53	0.17847	2.4319e-05	0.033493	supercritical
302.00	133.00	178.61	0.0055987	170.17	244.64	5.0698	0.68699	1.1359	348.15	0.17744	2.4357e-05	0.033530	supercritical
303.00	133.00	177.81	0.0056239	170.97	245.77	5.0736	0.68690	1.1339	348.77	0.17641	2.4395e-05	0.033566	supercritical
304.00	133.00	177.02	0.0056490	171.77	246.90	5.0773	0.68682	1.1318	349.39	0.17539	2.4433e-05	0.033603	supercritical
305.00	133.00	176.24	0.0056741	172.57	248.03	5.0810	0.68675	1.1298	350.01	0.17437	2.4472e-05	0.033640	supercritical
306.00	133.00	175.46	0.0056992	173.36	249.16	5.0847	0.68668	1.1279	350.62	0.17335	2.4511e-05	0.033677	supercritical
307.00	133.00	174.70	0.0057241	174.16	250.29	5.0884	0.68661	1.1260	351.23	0.17235	2.4549e-05	0.033713	supercritical
308.00	133.00	173.94	0.0057491	174.95	251.41	5.0921	0.68655	1.1241	351.84	0.17134	2.4588e-05	0.033748	supercritical
309.00	133.00	173.19	0.0057740	175.74	252.54	5.0957	0.68649	1.1222	352.45	0.17035	2.4627e-05	0.033776	supercritical
310.00	133.00	172.45	0.0057988	176.53	253.66	5.0993	0.68644	1.1204	353.06	0.16936	2.4667e-05	0.033812	supercritical
311.00	133.00	171.71	0.0058236	177.32	254.78	5.1029	0.68640	1.1186	353.67	0.16837	2.4706e-05	0.033858	supercritical
312.00	133.00	170.99	0.0058484	178.11	255.90	5.1065	0.68636	1.1169	354.27	0.16739	2.4745e-05	0.033903	supercritical
313.00	133.00	170.27	0.0058731	178.90	257.01	5.1101	0.68632	1.1151	354.87	0.16641	2.4785e-05	0.033950	supercritical
314.00	133.00	169.56	0.0058978	179.69	258.13	5.1137	0.68629	1.1135	355.47	0.16544	2.4825e-05	0.033996	supercritical
315.00	133.00	168.85	0.0059224	180.47	259.24	5.1172	0.68626	1.1118	356.07	0.16447	2.4865e-05	0.034043	supercritical
316.00	133.00	168.15	0.0059470	181.25	260.35	5.1207	0.68624	1.1102	356.67	0.16351	2.4905e-05	0.034090	supercritical
317.00	133.00	167.46	0.0059715	182.04	261.46	5.1242	0.68622	1.1086	357.26	0.16256	2.4945e-05	0.034137	supercritical
318.00	133.00	166.78	0.0059960	182.82	262.57	5.1277	0.68620	1.1070	357.85	0.16160	2.4985e-05	0.034185	supercritical
319.00	133.00	166.10	0.0060205	183.60	263.67	5.1312	0.68619	1.1055	358.45	0.16066	2.5025e-05	0.034233	supercritical
320.00	133.00	165.43	0.0060449	184.38	264.78	5.1346	0.68619	1.1040	359.04	0.15972	2.5066e-05	0.034281	supercritical
321.00	133.00	164.76	0.0060693	185.16	265.88	5.1381	0.68619	1.1025	359.62	0.15878	2.5106e-05	0.034329	supercritical
322.00	133.00	164.11	0.0060936	185.94	266.98	5.1415	0.68619	1.1010	360.21	0.15785	2.5147e-05	0.034378	supercritical
323.00	133.00	163.45	0.0061179	186.71	268.08	5.1449	0.68620	1.0996	360.79	0.15693	2.5188e-05	0.034427	supercritical
324.00	133.00	162.81	0.0061422	187.49	269.18	5.1483	0.68621	1.0982	361.38	0.15601	2.5228e-05	0.034476	supercritical
325.00	133.00	162.17	0.0061664	188.27	270.28	5.1517	0.68622	1.0968	361.96	0.15509	2.5269e-05	0.034525	supercritical
326.00	133.00	161.53	0.0061906	189.04	271.38	5.1551	0.68624	1.0954	362.54	0.15418	2.5310e-05	0.034575	supercritical
327.00	133.00	160.91	0.0062148	189.81	272.47	5.1584	0.68626	1.0941	363.11	0.15327	2.5351e-05	0.034625	supercritical
328.00	133.00	160.28	0.0062389	190.59	273.56	5.1618	0.68629	1.0928	363.69	0.15237	2.5392e-05	0.034675	supercritical
329.00	133.00	159.67	0.0062630	191.36	274.66	5.1651	0.68631	1.0915	364.27	0.15148	2.5434e-05	0.034725	supercritical
330.00	133.00	159.06	0.0062870	192.13	275.75	5.1684	0.68635	1.0902	364.84	0.15059	2.5475e-05	0.034776	supercritical
331.00	133.00	158.45	0.0063110	192.90	276.84	5.1717	0.68638	1.0890	365.41	0.14970	2.5516e-05	0.034826	supercritical
332.00	133.00	157.85	0.0063350	193.67	277.92	5.1750	0.68642	1.0877	365.98	0.14882	2.5558e-05	0.034877	supercritical
333.00	133.00	157.26	0.0063589	194.44	279.01	5.1782	0.68647	1.0865	366.55	0.14794	2.5599e-05	0.034928	supercritical
334.00	133.00	156.67	0.0063828	195.21	280.10	5.1815	0.68651	1.0854	367.11	0.14707	2.5641e-05	0.034980	supercritical
335.00	133.00	156.09	0.0064067	195.97	281.18	5.1847	0.68656	1.0842	367.68	0.14620	2.5682e-05	0.035031	supercritical
336.00	133.00	155.51	0.0064306	196.74	282.27	5.1880	0.68662	1.0831	368.24	0.14534	2.5724e-05	0.035083	supercritical
337.00	133.00	154.93	0.0064544	197.51	283.35	5.1912	0.68667	1.0819	368.80	0.14448	2.5766e-05	0.035135	supercritical
338.00	133.00	154.37	0.0064781	198.27	284.43	5.1944	0.68674	1.0808	369.36	0.14363	2.5808e-05	0.035187	supercritical
339.00	133.00	153.80	0.0065019	199.04	285.51	5.1976	0.68680	1.0798	369.92	0.14278	2.5849e-05	0.035239	supercritical
340.00	133.00	153.24	0.0065256	199.80	286.59	5.2008	0.68687	1.0787	370.48	0.14194	2.5891e-05	0.035292	supercritical
341.00	133.00	152.69	0.0065493	200.56	287.67	5.2039	0.68694	1.0776	371.04	0.14110	2.5933e-05	0.035344	supercritical
342.00	133.00	152.14	0.0065729	201.33	288.75	5.2071	0.68701	1.0766	371.59	0.14026	2.5975e-05	0.035397	supercritical
343.00	133.00	151.59	0.0065965	202.09	289.82	5.2102	0.68708	1.0756	372.14	0.13943	2.6017e-05	0.035450	supercritical
344.00	133.00	151.05	0.0066201	202.85	290.90	5.2134	0.68716	1.0746	372.69	0.13861	2.6059e-05	0.035503	supercritical
345.00	133.00	150.52	0.0066437	203.61	291.97	5.2165	0.68725	1.0736	373.24	0.13779	2.6101e-05	0.035556	supercritical
346.00	133.00	149.99	0.0066672	204.37	293.04	5.2196	0.68733	1.0727	373.79	0.13697	2.6143e-05	0.035609	supercritical
347.00	133.00	149.46	0.0066907	205.13	294.12	5.2227	0.68742	1.0717	374.34	0.13616	2.6186e-05	0.035663	supercritical
348.00	133.00	148.94	0.0067142	205.89	295.19	5.2258	0.68751	1.0708	374.89	0.13535	2.6228e-05	0.035717	supercritical
349.00	133.00	148.42	0.0067376	206.65	296.26	5.2288	0.68760	1.0699	375.43	0.13455	2.6270e-05	0.035770	supercritical
350.00	133.00	147.91	0.0067611	207.40	297.33	5.2319	0.68770	1.0690	375.97	0.13375	2.6312e-05	0.035824	supercritical
351.00	133.00	147.40	0.0067845	208.16	298.40	5.2349	0.68780	1.0681	376.51	0.13295	2.6355e-05	0.035878	supercritical
352.00	133.00	146.89	0.0068078	208.92	299.46	5.2380	0.68790	1.0673	377.05	0.13216	2.6397e-05	0.035933	supercritical
353.00	133.00	146.39	0.0068311	209.68	300.53	5.2410	0.68801	1.0664	377.59	0.13138	2.6439e-05	0.035987	supercritical
354.00	133.00	145.89	0.0068545	210.43	301.60	5.2440	0.68811	1.0656	378.13	0.13059	2.6482e-05	0.036041	supercritical
355.00	133.00	145.40	0.0068777	211.19	302.66	5.2470	0.68822	1.0648	378.66	0.12982	2.6524e-05	0.036096	supercritical
356.00	133.00	144.91	0.0069010	211.94	303.73	5.2500	0.68834	1.0640	379.20	0.12904	2.6567e-05	0.036151	supercritical
357.00	133.00	144.42	0.0069242	212.70	304.79	5.2530	0.68845	1.0632	379.73	0.12827	2.6609e-05	0.036206	supercritical
358.00	133.00	143.94	0.0069474	213.45	305.85	5.2560	0.68857	1.0624	380.26	0.12751	2.6652e-05	0.036261	supercritical
359.00	133.00	143.46	0.0069706	214.21	306.91	5.2589	0.68869	1.0616	380.79	0.12675	2.6694e-05	0.036316	supercritical
360.00	133.00	142.98	0.0069937	214.96	307.98	5.2619	0.68881	1.0609	381.32	0.12599	2.6737e-05	0.036371	supercritical
361.00	133.00	142.51	0.0070169	215.71	309.04	5.2648	0.68894	1.0601	381.85	0.12524	2.6779e-05	0.036426	supercritical
362.00	133.00	142.05	0.0070400	216.46	310.10	5.2678	0.68907	1.0594	382.38	0.12449	2.6822e-05	0.036482	supercritical
363.00	133.00	141.58	0.0070631	217.22	311.15	5.2707	0.68920	1.0587	382.90	0.12375	2.6864e-05	0.036537	supercritical
364.00	133.00	141.12	0.0070861	217.97	312.21	5.2736	0.68933	1.0580	383.42	0.12301	2.6907e-05	0.036593	supercritical
365.00	133.00	140.66	0.0071091	218.72	313.27	5.2765	0.68946	1.0573	383.95	0.12227	2.6950e-05	0.036648	supercritical
366.00	133.00	140.21	0.0071322	219.47	314.33	5.2794	0.68960	1.0566	384.47	0.12154	2.6992e-05	0.036704	supercritical
367.00	133.00	139.76	0.0071551	220.22	315.38	5.2823	0.68974	1.0560	384.99	0.12081	2.7035e-05	0.036760	supercritical
368.00	133.00	139.31	0.0071781	220.97	316.44	5.2851	0.68988	1.0553	385.51	0.12008	2.7078e-05	0.036816	supercritical
369.00	133.00	138.87	0.0072010	221.72	317.49	5.2880	0.69003	1.0547	386.02	0.11936	2.7120e-05	0.036872	supercritical
370.00	133.00	138.43	0.0072239	222.47	318.55	5.2909	0.69017	1.0541	386.54	0.11864	2.7163e-05	0.036929	supercritical
371.00	133.00	137.99	0.0072468	223.22	319.60	5.2937	0.69032	1.0534	387.05	0.11793	2.7206e-05	0.036985	supercritical
372.00	133.00	137.56	0.0072697	223.97	320.66	5.2965	0.69047	1.0528	387.57	0.11722	2.7248e-05	0.037041	supercritical
373.00	133.00	137.13	0.0072926	224.72	321.71	5.2994	0.69062	1.0522	388.08	0.11652	2.7291e-05	0.037098	supercritical
374.00	133.00	136.70	0.0073154	225.47	322.76	5.3022	0.69078	1.0516	388.59	0.11581	2.7334e-05	0.037154	supercritical
375.00	133.00	136.27	0.0073382	226.21	323.81	5.3050	0.69094	1.0511	389.10	0.11512	2.7376e-05	0.037211	supercritical
376.00	133.00	135.85	0.0073610	226.96	324.86	5.3078	0.69109	1.0505	389.61	0.11442	2.7419e-05	0.037268	supercritical
377.00	133.00	135.43	0.0073837	227.71	325.91	5.3106	0.69126	1.0499	390.12	0.11373	2.7462e-05	0.037324	supercritical
378.00	133.00	135.02	0.0074065	228.46	326.96	5.3134	0.69142	1.0494	390.62	0.11304	2.7505e-05	0.037381	supercritical
379.00	133.00	134.60	0.0074292	229.20	328.01	5.3161	0.69158	1.0489	391.13	0.11236	2.7547e-05	0.037438	supercritical
380.00	133.00	134.19	0.0074519	229.95	329.06	5.3189	0.69175	1.0483	391.63	0.11168	2.7590e-05	0.037495	supercritical
381.00	133.00	133.79	0.0074746	230.70	330.11	5.3216	0.69192	1.0478	392.13	0.11100	2.7633e-05	0.037552	supercritical
382.00	133.00	133.38	0.0074973	231.44	331.16	5.3244	0.69209	1.0473	392.64	0.11033	2.7675e-05	0.037610	supercritical
383.00	133.00	132.98	0.0075199	232.19	332.20	5.3271	0.69226	1.0468	393.14	0.10966	2.7718e-05	0.037667	supercritical
384.00	133.00	132.58	0.0075425	232.93	333.25	5.3299	0.69244	1.0463	393.64	0.10900	2.7761e-05	0.037724	supercritical
385.00	133.00	132.19	0.0075651	233.68	334.30	5.3326	0.69261	1.0459	394.13	0.10833	2.7804e-05	0.037782	supercritical
386.00	133.00	131.79	0.0075877	234.42	335.34	5.3353	0.69279	1.0454	394.63	0.10768	2.7846e-05	0.037839	supercritical
387.00	133.00	131.40	0.0076103	235.17	336.39	5.3380	0.69297	1.0449	395.13	0.10702	2.7889e-05	0.037897	supercritical
388.00	133.00	131.01	0.0076328	235.91	337.43	5.3407	0.69315	1.0445	395.62	0.10637	2.7932e-05	0.037954	supercritical
389.00	133.00	130.63	0.0076553	236.66	338.48	5.3434	0.69334	1.0440	396.12	0.10572	2.7975e-05	0.038012	supercritical
390.00	133.00	130.24	0.0076778	237.40	339.52	5.3461	0.69352	1.0436	396.61	0.10508	2.8017e-05	0.038070	supercritical
391.00	133.00	129.86	0.0077003	238.15	340.56	5.3487	0.69371	1.0432	397.10	0.10444	2.8060e-05	0.038127	supercritical
392.00	133.00	129.49	0.0077228	238.89	341.61	5.3514	0.69390	1.0427	397.59	0.10380	2.8103e-05	0.038185	supercritical
393.00	133.00	129.11	0.0077453	239.64	342.65	5.3541	0.69409	1.0423	398.08	0.10316	2.8145e-05	0.038243	supercritical
394.00	133.00	128.74	0.0077677	240.38	343.69	5.3567	0.69428	1.0419	398.57	0.10253	2.8188e-05	0.038301	supercritical
395.00	133.00	128.37	0.0077901	241.12	344.73	5.3593	0.69448	1.0415	399.06	0.10190	2.8231e-05	0.038359	supercritical
396.00	133.00	128.00	0.0078125	241.87	345.77	5.3620	0.69467	1.0411	399.54	0.10128	2.8274e-05	0.038417	supercritical
397.00	133.00	127.63	0.0078349	242.61	346.81	5.3646	0.69487	1.0408	400.03	0.10066	2.8316e-05	0.038475	supercritical
398.00	133.00	127.27	0.0078573	243.35	347.85	5.3672	0.69507	1.0404	400.51	0.10004	2.8359e-05	0.038533	supercritical
399.00	133.00	126.91	0.0078796	244.10	348.89	5.3698	0.69527	1.0400	400.99	0.099423	2.8402e-05	0.038592	supercritical
400.00	133.00	126.55	0.0079019	244.84	349.93	5.3724	0.69547	1.0397	401.48	0.098812	2.8444e-05	0.038650	supercritical
401.00	133.00	126.19	0.0079243	245.58	350.97	5.3750	0.69567	1.0393	401.96	0.098203	2.8487e-05	0.038708	supercritical
402.00	133.00	125.84	0.0079465	246.32	352.01	5.3776	0.69588	1.0390	402.44	0.097597	2.8529e-05	0.038767	supercritical
403.00	133.00	125.49	0.0079688	247.07	353.05	5.3802	0.69608	1.0386	402.92	0.096995	2.8572e-05	0.038825	supercritical
404.00	133.00	125.14	0.0079911	247.81	354.09	5.3828	0.69629	1.0383	403.39	0.096396	2.8615e-05	0.038884	supercritical
405.00	133.00	124.79	0.0080133	248.55	355.13	5.3853	0.69650	1.0380	403.87	0.095799	2.8657e-05	0.038942	supercritical
406.00	133.00	124.45	0.0080356	249.29	356.17	5.3879	0.69671	1.0377	404.35	0.095206	2.8700e-05	0.039001	supercritical
407.00	133.00	124.10	0.0080578	250.04	357.20	5.3904	0.69692	1.0374	404.82	0.094616	2.8742e-05	0.039059	supercritical
408.00	133.00	123.76	0.0080800	250.78	358.24	5.3930	0.69714	1.0370	405.30	0.094029	2.8785e-05	0.039118	supercritical
409.00	133.00	123.42	0.0081022	251.52	359.28	5.3955	0.69735	1.0368	405.77	0.093445	2.8828e-05	0.039177	supercritical
410.00	133.00	123.09	0.0081244	252.26	360.31	5.3981	0.69757	1.0365	406.24	0.092864	2.8870e-05	0.039235	supercritical
411.00	133.00	122.75	0.0081465	253.00	361.35	5.4006	0.69778	1.0362	406.71	0.092286	2.8913e-05	0.039294	supercritical
412.00	133.00	122.42	0.0081687	253.74	362.39	5.4031	0.69800	1.0359	407.18	0.091711	2.8955e-05	0.039353	supercritical
413.00	133.00	122.09	0.0081908	254.49	363.42	5.4056	0.69822	1.0356	407.65	0.091139	2.8998e-05	0.039412	supercritical
414.00	133.00	121.76	0.0082129	255.23	364.46	5.4081	0.69844	1.0354	408.12	0.090569	2.9040e-05	0.039471	supercritical
415.00	133.00	121.43	0.0082350	255.97	365.49	5.4106	0.69867	1.0351	408.59	0.090003	2.9083e-05	0.039529	supercritical
416.00	133.00	121.11	0.0082571	256.71	366.53	5.4131	0.69889	1.0348	409.05	0.089440	2.9125e-05	0.039588	supercritical
417.00	133.00	120.79	0.0082791	257.45	367.56	5.4156	0.69912	1.0346	409.52	0.088879	2.9168e-05	0.039647	supercritical
418.00	133.00	120.46	0.0083012	258.19	368.60	5.4181	0.69934	1.0344	409.98	0.088321	2.9210e-05	0.039706	supercritical
419.00	133.00	120.15	0.0083232	258.93	369.63	5.4205	0.69957	1.0341	410.45	0.087766	2.9252e-05	0.039765	supercritical
420.00	133.00	119.83	0.0083452	259.67	370.67	5.4230	0.69980	1.0339	410.91	0.087214	2.9295e-05	0.039824	supercritical
421.00	133.00	119.51	0.0083673	260.42	371.70	5.4255	0.70003	1.0337	411.37	0.086665	2.9337e-05	0.039884	supercritical
422.00	133.00	119.20	0.0083892	261.16	372.73	5.4279	0.70026	1.0334	411.83	0.086119	2.9380e-05	0.039943	supercritical
423.00	133.00	118.89	0.0084112	261.90	373.77	5.4304	0.70049	1.0332	412.29	0.085575	2.9422e-05	0.040002	supercritical
424.00	133.00	118.58	0.0084332	262.64	374.80	5.4328	0.70072	1.0330	412.75	0.085034	2.9464e-05	0.040061	supercritical
425.00	133.00	118.27	0.0084552	263.38	375.83	5.4352	0.70096	1.0328	413.21	0.084496	2.9507e-05	0.040120	supercritical
426.00	133.00	117.96	0.0084771	264.12	376.87	5.4377	0.70119	1.0326	413.67	0.083960	2.9549e-05	0.040180	supercritical
427.00	133.00	117.66	0.0084990	264.86	377.90	5.4401	0.70143	1.0324	414.12	0.083427	2.9591e-05	0.040239	supercritical
428.00	133.00	117.36	0.0085209	265.60	378.93	5.4425	0.70167	1.0322	414.58	0.082897	2.9633e-05	0.040298	supercritical
429.00	133.00	117.06	0.0085428	266.34	379.96	5.4449	0.70191	1.0320	415.03	0.082370	2.9676e-05	0.040358	supercritical
430.00	133.00	116.76	0.0085647	267.08	380.99	5.4473	0.70215	1.0319	415.49	0.081845	2.9718e-05	0.040417	supercritical
431.00	133.00	116.46	0.0085866	267.82	382.03	5.4497	0.70239	1.0317	415.94	0.081323	2.9760e-05	0.040476	supercritical
432.00	133.00	116.16	0.0086085	268.56	383.06	5.4521	0.70263	1.0315	416.39	0.080803	2.9802e-05	0.040536	supercritical
433.00	133.00	115.87	0.0086303	269.31	384.09	5.4545	0.70287	1.0313	416.84	0.080286	2.9844e-05	0.040595	supercritical
434.00	133.00	115.58	0.0086522	270.05	385.12	5.4569	0.70311	1.0312	417.29	0.079772	2.9887e-05	0.040655	supercritical
435.00	133.00	115.29	0.0086740	270.79	386.15	5.4592	0.70336	1.0310	417.74	0.079260	2.9929e-05	0.040714	supercritical
436.00	133.00	115.00	0.0086958	271.53	387.18	5.4616	0.70361	1.0309	418.19	0.078750	2.9971e-05	0.040774	supercritical
437.00	133.00	114.71	0.0087176	272.27	388.21	5.4640	0.70385	1.0307	418.64	0.078244	3.0013e-05	0.040833	supercritical
438.00	133.00	114.42	0.0087394	273.01	389.24	5.4663	0.70410	1.0306	419.09	0.077739	3.0055e-05	0.040893	supercritical
439.00	133.00	114.14	0.0087612	273.75	390.27	5.4687	0.70435	1.0305	419.53	0.077238	3.0097e-05	0.040952	supercritical
440.00	133.00	113.86	0.0087829	274.49	391.30	5.4710	0.70460	1.0303	419.98	0.076738	3.0139e-05	0.041012	supercritical
441.00	133.00	113.58	0.0088047	275.23	392.33	5.4733	0.70485	1.0302	420.42	0.076242	3.0181e-05	0.041072	supercritical
442.00	133.00	113.30	0.0088264	275.97	393.37	5.4757	0.70510	1.0301	420.87	0.075747	3.0223e-05	0.041131	supercritical
443.00	133.00	113.02	0.0088481	276.71	394.40	5.4780	0.70535	1.0299	421.31	0.075255	3.0265e-05	0.041191	supercritical
444.00	133.00	112.74	0.0088699	277.46	395.42	5.4803	0.70560	1.0298	421.75	0.074766	3.0307e-05	0.041251	supercritical
445.00	133.00	112.47	0.0088916	278.20	396.45	5.4826	0.70586	1.0297	422.20	0.074279	3.0349e-05	0.041310	supercritical
446.00	133.00	112.19	0.0089133	278.94	397.48	5.4850	0.70611	1.0296	422.64	0.073794	3.0391e-05	0.041370	supercritical
447.00	133.00	111.92	0.0089349	279.68	398.51	5.4873	0.70637	1.0295	423.08	0.073312	3.0433e-05	0.041430	supercritical
448.00	133.00	111.65	0.0089566	280.42	399.54	5.4896	0.70662	1.0294	423.52	0.072832	3.0475e-05	0.041489	supercritical
449.00	133.00	111.38	0.0089783	281.16	400.57	5.4919	0.70688	1.0293	423.95	0.072355	3.0517e-05	0.041549	supercritical
450.00	133.00	111.11	0.0089999	281.90	401.60	5.4942	0.70714	1.0292	424.39	0.071879	3.0558e-05	0.041609	supercritical
451.00	133.00	110.85	0.0090216	282.64	402.63	5.4964	0.70739	1.0291	424.83	0.071406	3.0600e-05	0.041669	supercritical
452.00	133.00	110.58	0.0090432	283.39	403.66	5.4987	0.70765	1.0290	425.27	0.070936	3.0642e-05	0.041728	supercritical
453.00	133.00	110.32	0.0090648	284.13	404.69	5.5010	0.70791	1.0289	425.70	0.070468	3.0684e-05	0.041788	supercritical
454.00	133.00	110.05	0.0090864	284.87	405.72	5.5033	0.70817	1.0289	426.14	0.070002	3.0726e-05	0.041848	supercritical
455.00	133.00	109.79	0.0091080	285.61	406.75	5.5055	0.70843	1.0288	426.57	0.069538	3.0767e-05	0.041908	supercritical
456.00	133.00	109.53	0.0091296	286.35	407.78	5.5078	0.70869	1.0287	427.00	0.069076	3.0809e-05	0.041968	supercritical
457.00	133.00	109.28	0.0091512	287.09	408.80	5.5100	0.70896	1.0286	427.43	0.068617	3.0851e-05	0.042028	supercritical
458.00	133.00	109.02	0.0091727	287.84	409.83	5.5123	0.70922	1.0286	427.87	0.068160	3.0892e-05	0.042087	supercritical
459.00	133.00	108.76	0.0091943	288.58	410.86	5.5145	0.70948	1.0285	428.30	0.067705	3.0934e-05	0.042147	supercritical
460.00	133.00	108.51	0.0092158	289.32	411.89	5.5168	0.70975	1.0285	428.73	0.067253	3.0976e-05	0.042207	supercritical
461.00	133.00	108.26	0.0092374	290.06	412.92	5.5190	0.71001	1.0284	429.16	0.066803	3.1017e-05	0.042267	supercritical
462.00	133.00	108.00	0.0092589	290.80	413.95	5.5212	0.71028	1.0283	429.59	0.066354	3.1059e-05	0.042327	supercritical
463.00	133.00	107.75	0.0092804	291.55	414.97	5.5234	0.71055	1.0283	430.01	0.065908	3.1100e-05	0.042387	supercritical
464.00	133.00	107.51	0.0093019	292.29	416.00	5.5257	0.71081	1.0282	430.44	0.065464	3.1142e-05	0.042447	supercritical
465.00	133.00	107.26	0.0093234	293.03	417.03	5.5279	0.71108	1.0282	430.87	0.065023	3.1183e-05	0.042507	supercritical
466.00	133.00	107.01	0.0093449	293.77	418.06	5.5301	0.71135	1.0282	431.29	0.064583	3.1225e-05	0.042567	supercritical
467.00	133.00	106.77	0.0093663	294.52	419.09	5.5323	0.71162	1.0281	431.72	0.064145	3.1266e-05	0.042627	supercritical
468.00	133.00	106.52	0.0093878	295.26	420.12	5.5345	0.71188	1.0281	432.14	0.063710	3.1308e-05	0.042687	supercritical
469.00	133.00	106.28	0.0094093	296.00	421.14	5.5367	0.71215	1.0281	432.57	0.063277	3.1349e-05	0.042747	supercritical
470.00	133.00	106.04	0.0094307	296.74	422.17	5.5389	0.71242	1.0280	432.99	0.062845	3.1390e-05	0.042807	supercritical
471.00	133.00	105.80	0.0094521	297.49	423.20	5.5411	0.71270	1.0280	433.41	0.062416	3.1432e-05	0.042867	supercritical
472.00	133.00	105.56	0.0094736	298.23	424.23	5.5432	0.71297	1.0280	433.84	0.061989	3.1473e-05	0.042927	supercritical
473.00	133.00	105.32	0.0094950	298.97	425.26	5.5454	0.71324	1.0280	434.26	0.061564	3.1514e-05	0.042987	supercritical
474.00	133.00	105.08	0.0095164	299.72	426.28	5.5476	0.71351	1.0279	434.68	0.061141	3.1556e-05	0.043047	supercritical
475.00	133.00	104.85	0.0095378	300.46	427.31	5.5498	0.71378	1.0279	435.10	0.060720	3.1597e-05	0.043107	supercritical
476.00	133.00	104.61	0.0095592	301.20	428.34	5.5519	0.71406	1.0279	435.52	0.060301	3.1638e-05	0.043167	supercritical
477.00	133.00	104.38	0.0095806	301.95	429.37	5.5541	0.71433	1.0279	435.94	0.059884	3.1679e-05	0.043227	supercritical
478.00	133.00	104.15	0.0096019	302.69	430.40	5.5562	0.71460	1.0279	436.35	0.059468	3.1721e-05	0.043287	supercritical
479.00	133.00	103.91	0.0096233	303.43	431.42	5.5584	0.71488	1.0279	436.77	0.059055	3.1762e-05	0.043347	supercritical
480.00	133.00	103.68	0.0096446	304.18	432.45	5.5605	0.71515	1.0279	437.19	0.058644	3.1803e-05	0.043407	supercritical
481.00	133.00	103.46	0.0096660	304.92	433.48	5.5627	0.71543	1.0279	437.60	0.058235	3.1844e-05	0.043467	supercritical
482.00	133.00	103.23	0.0096873	305.67	434.51	5.5648	0.71570	1.0279	438.02	0.057827	3.1885e-05	0.043527	supercritical
483.00	133.00	103.00	0.0097087	306.41	435.54	5.5669	0.71598	1.0279	438.43	0.057422	3.1926e-05	0.043587	supercritical
484.00	133.00	102.78	0.0097300	307.15	436.56	5.5690	0.71626	1.0279	438.85	0.057019	3.1967e-05	0.043647	supercritical
485.00	133.00	102.55	0.0097513	307.90	437.59	5.5712	0.71653	1.0279	439.26	0.056617	3.2008e-05	0.043707	supercritical
486.00	133.00	102.33	0.0097726	308.64	438.62	5.5733	0.71681	1.0280	439.68	0.056217	3.2049e-05	0.043767	supercritical
487.00	133.00	102.10	0.0097939	309.39	439.65	5.5754	0.71709	1.0280	440.09	0.055819	3.2090e-05	0.043827	supercritical
488.00	133.00	101.88	0.0098152	310.13	440.68	5.5775	0.71737	1.0280	440.50	0.055423	3.2131e-05	0.043887	supercritical
489.00	133.00	101.66	0.0098364	310.88	441.70	5.5796	0.71765	1.0280	440.91	0.055029	3.2172e-05	0.043947	supercritical
490.00	133.00	101.44	0.0098577	311.62	442.73	5.5817	0.71792	1.0280	441.32	0.054637	3.2213e-05	0.044007	supercritical
491.00	133.00	101.23	0.0098790	312.37	443.76	5.5838	0.71820	1.0281	441.73	0.054246	3.2254e-05	0.044068	supercritical
492.00	133.00	101.01	0.0099002	313.11	444.79	5.5859	0.71848	1.0281	442.14	0.053858	3.2295e-05	0.044128	supercritical
493.00	133.00	100.79	0.0099215	313.86	445.82	5.5880	0.71876	1.0281	442.55	0.053471	3.2336e-05	0.044188	supercritical
494.00	133.00	100.58	0.0099427	314.61	446.84	5.5901	0.71904	1.0282	442.96	0.053086	3.2377e-05	0.044248	supercritical
495.00	133.00	100.36	0.0099639	315.35	447.87	5.5922	0.71932	1.0282	443.36	0.052703	3.2417e-05	0.044308	supercritical
496.00	133.00	100.15	0.0099851	316.10	448.90	5.5942	0.71960	1.0282	443.77	0.052321	3.2458e-05	0.044368	supercritical
497.00	133.00	99.936	0.010006	316.84	449.93	5.5963	0.71988	1.0283	444.18	0.051941	3.2499e-05	0.044428	supercritical
498.00	133.00	99.725	0.010028	317.59	450.96	5.5984	0.72016	1.0283	444.58	0.051564	3.2540e-05	0.044488	supercritical
499.00	133.00	99.515	0.010049	318.34	451.98	5.6004	0.72045	1.0283	444.99	0.051187	3.2580e-05	0.044548	supercritical
500.00	133.00	99.305	0.010070	319.08	453.01	5.6025	0.72073	1.0284	445.39	0.050813	3.2621e-05	0.044608	supercritical
501.00	133.00	99.097	0.010091	319.83	454.04	5.6045	0.72101	1.0284	445.80	0.050440	3.2662e-05	0.044668	supercritical
502.00	133.00	98.889	0.010112	320.58	455.07	5.6066	0.72129	1.0285	446.20	0.050069	3.2702e-05	0.044728	supercritical
503.00	133.00	98.683	0.010133	321.32	456.10	5.6086	0.72157	1.0285	446.60	0.049700	3.2743e-05	0.044788	supercritical
504.00	133.00	98.477	0.010155	322.07	457.13	5.6107	0.72186	1.0286	447.00	0.049332	3.2783e-05	0.044849	supercritical
505.00	133.00	98.273	0.010176	322.82	458.16	5.6127	0.72214	1.0286	447.41	0.048966	3.2824e-05	0.044909	supercritical
506.00	133.00	98.069	0.010197	323.57	459.18	5.6148	0.72242	1.0287	447.81	0.048602	3.2864e-05	0.044969	supercritical
507.00	133.00	97.866	0.010218	324.31	460.21	5.6168	0.72271	1.0288	448.21	0.048239	3.2905e-05	0.045029	supercritical
508.00	133.00	97.664	0.010239	325.06	461.24	5.6188	0.72299	1.0288	448.61	0.047878	3.2945e-05	0.045089	supercritical
509.00	133.00	97.463	0.010260	325.81	462.27	5.6208	0.72327	1.0289	449.01	0.047519	3.2986e-05	0.045149	supercritical
510.00	133.00	97.263	0.010281	326.56	463.30	5.6229	0.72356	1.0289	449.40	0.047161	3.3026e-05	0.045209	supercritical
511.00	133.00	97.064	0.010303	327.30	464.33	5.6249	0.72384	1.0290	449.80	0.046805	3.3067e-05	0.045269	supercritical
512.00	133.00	96.865	0.010324	328.05	465.36	5.6269	0.72412	1.0291	450.20	0.046451	3.3107e-05	0.045329	supercritical
513.00	133.00	96.668	0.010345	328.80	466.39	5.6289	0.72441	1.0291	450.60	0.046098	3.3147e-05	0.045389	supercritical
514.00	133.00	96.471	0.010366	329.55	467.42	5.6309	0.72469	1.0292	450.99	0.045747	3.3188e-05	0.045449	supercritical
515.00	133.00	96.275	0.010387	330.30	468.44	5.6329	0.72498	1.0293	451.39	0.045397	3.3228e-05	0.045509	supercritical
516.00	133.00	96.080	0.010408	331.05	469.47	5.6349	0.72526	1.0294	451.79	0.045049	3.3268e-05	0.045569	supercritical
517.00	133.00	95.886	0.010429	331.80	470.50	5.6369	0.72555	1.0294	452.18	0.044703	3.3308e-05	0.045629	supercritical
518.00	133.00	95.693	0.010450	332.55	471.53	5.6389	0.72583	1.0295	452.58	0.044358	3.3349e-05	0.045689	supercritical
519.00	133.00	95.501	0.010471	333.30	472.56	5.6409	0.72612	1.0296	452.97	0.044014	3.3389e-05	0.045749	supercritical
520.00	133.00	95.309	0.010492	334.05	473.59	5.6428	0.72640	1.0297	453.36	0.043673	3.3429e-05	0.045809	supercritical
521.00	133.00	95.118	0.010513	334.80	474.62	5.6448	0.72669	1.0297	453.76	0.043332	3.3469e-05	0.045869	supercritical
522.00	133.00	94.928	0.010534	335.55	475.65	5.6468	0.72697	1.0298	454.15	0.042994	3.3509e-05	0.045929	supercritical
523.00	133.00	94.739	0.010555	336.30	476.68	5.6488	0.72726	1.0299	454.54	0.042656	3.3549e-05	0.045989	supercritical
524.00	133.00	94.551	0.010576	337.05	477.71	5.6507	0.72754	1.0300	454.93	0.042321	3.3590e-05	0.046049	supercritical
525.00	133.00	94.364	0.010597	337.80	478.74	5.6527	0.72783	1.0301	455.32	0.041987	3.3630e-05	0.046109	supercritical
526.00	133.00	94.177	0.010618	338.55	479.77	5.6547	0.72812	1.0302	455.71	0.041654	3.3670e-05	0.046169	supercritical
527.00	133.00	93.991	0.010639	339.30	480.80	5.6566	0.72840	1.0303	456.10	0.041323	3.3710e-05	0.046229	supercritical
528.00	133.00	93.806	0.010660	340.05	481.83	5.6586	0.72869	1.0304	456.49	0.040993	3.3750e-05	0.046289	supercritical
529.00	133.00	93.622	0.010681	340.80	482.86	5.6605	0.72897	1.0305	456.88	0.040665	3.3790e-05	0.046349	supercritical
530.00	133.00	93.438	0.010702	341.55	483.89	5.6625	0.72926	1.0305	457.27	0.040338	3.3829e-05	0.046409	supercritical
531.00	133.00	93.255	0.010723	342.30	484.92	5.6644	0.72954	1.0306	457.66	0.040012	3.3869e-05	0.046469	supercritical
532.00	133.00	93.073	0.010744	343.06	485.95	5.6663	0.72983	1.0307	458.04	0.039688	3.3909e-05	0.046529	supercritical
533.00	133.00	92.892	0.010765	343.81	486.99	5.6683	0.73012	1.0308	458.43	0.039366	3.3949e-05	0.046589	supercritical
534.00	133.00	92.712	0.010786	344.56	488.02	5.6702	0.73040	1.0309	458.82	0.039045	3.3989e-05	0.046649	supercritical
535.00	133.00	92.532	0.010807	345.31	489.05	5.6721	0.73069	1.0310	459.20	0.038725	3.4029e-05	0.046709	supercritical
536.00	133.00	92.353	0.010828	346.07	490.08	5.6741	0.73097	1.0311	459.59	0.038407	3.4069e-05	0.046769	supercritical
537.00	133.00	92.175	0.010849	346.82	491.11	5.6760	0.73126	1.0312	459.97	0.038090	3.4108e-05	0.046829	supercritical
538.00	133.00	91.997	0.010870	347.57	492.14	5.6779	0.73155	1.0313	460.36	0.037775	3.4148e-05	0.046889	supercritical
539.00	133.00	91.820	0.010891	348.32	493.17	5.6798	0.73183	1.0315	460.74	0.037461	3.4188e-05	0.046949	supercritical
540.00	133.00	91.644	0.010912	349.08	494.20	5.6817	0.73212	1.0316	461.13	0.037148	3.4227e-05	0.047009	supercritical
541.00	133.00	91.469	0.010933	349.83	495.24	5.6836	0.73240	1.0317	461.51	0.036837	3.4267e-05	0.047068	supercritical
542.00	133.00	91.294	0.010954	350.58	496.27	5.6856	0.73269	1.0318	461.89	0.036527	3.4307e-05	0.047128	supercritical
543.00	133.00	91.121	0.010974	351.34	497.30	5.6875	0.73298	1.0319	462.27	0.036218	3.4346e-05	0.047188	supercritical
544.00	133.00	90.947	0.010995	352.09	498.33	5.6894	0.73326	1.0320	462.66	0.035911	3.4386e-05	0.047248	supercritical
545.00	133.00	90.775	0.011016	352.85	499.36	5.6912	0.73355	1.0321	463.04	0.035605	3.4425e-05	0.047308	supercritical
546.00	133.00	90.603	0.011037	353.60	500.40	5.6931	0.73383	1.0322	463.42	0.035300	3.4465e-05	0.047368	supercritical
547.00	133.00	90.432	0.011058	354.36	501.43	5.6950	0.73412	1.0323	463.80	0.034997	3.4504e-05	0.047428	supercritical
548.00	133.00	90.262	0.011079	355.11	502.46	5.6969	0.73441	1.0325	464.18	0.034695	3.4544e-05	0.047488	supercritical
549.00	133.00	90.092	0.011100	355.87	503.49	5.6988	0.73469	1.0326	464.56	0.034395	3.4583e-05	0.047547	supercritical
550.00	133.00	89.923	0.011121	356.62	504.52	5.7007	0.73498	1.0327	464.94	0.034095	3.4623e-05	0.047607	supercritical
551.00	133.00	89.755	0.011141	357.38	505.56	5.7026	0.73526	1.0328	465.31	0.033797	3.4662e-05	0.047667	supercritical
552.00	133.00	89.587	0.011162	358.13	506.59	5.7044	0.73555	1.0329	465.69	0.033501	3.4702e-05	0.047727	supercritical
553.00	133.00	89.420	0.011183	358.89	507.62	5.7063	0.73583	1.0331	466.07	0.033205	3.4741e-05	0.047787	supercritical
554.00	133.00	89.254	0.011204	359.64	508.66	5.7082	0.73612	1.0332	466.45	0.032911	3.4780e-05	0.047846	supercritical
555.00	133.00	89.088	0.011225	360.40	509.69	5.7100	0.73640	1.0333	466.82	0.032618	3.4820e-05	0.047906	supercritical
556.00	133.00	88.923	0.011246	361.16	510.72	5.7119	0.73669	1.0334	467.20	0.032326	3.4859e-05	0.047966	supercritical
557.00	133.00	88.759	0.011267	361.91	511.76	5.7137	0.73697	1.0335	467.57	0.032036	3.4898e-05	0.048026	supercritical
558.00	133.00	88.595	0.011287	362.67	512.79	5.7156	0.73726	1.0337	467.95	0.031747	3.4937e-05	0.048086	supercritical
559.00	133.00	88.432	0.011308	363.43	513.82	5.7174	0.73754	1.0338	468.32	0.031459	3.4977e-05	0.048145	supercritical
560.00	133.00	88.269	0.011329	364.18	514.86	5.7193	0.73783	1.0339	468.70	0.031172	3.5016e-05	0.048205	supercritical
561.00	133.00	88.108	0.011350	364.94	515.89	5.7211	0.73811	1.0341	469.07	0.030887	3.5055e-05	0.048265	supercritical
562.00	133.00	87.947	0.011371	365.70	516.93	5.7230	0.73840	1.0342	469.45	0.030603	3.5094e-05	0.048324	supercritical
563.00	133.00	87.786	0.011391	366.46	517.96	5.7248	0.73868	1.0343	469.82	0.030320	3.5133e-05	0.048384	supercritical
564.00	133.00	87.626	0.011412	367.21	518.99	5.7267	0.73897	1.0344	470.19	0.030038	3.5172e-05	0.048444	supercritical
565.00	133.00	87.467	0.011433	367.97	520.03	5.7285	0.73925	1.0346	470.57	0.029757	3.5211e-05	0.048504	supercritical
566.00	133.00	87.308	0.011454	368.73	521.06	5.7303	0.73953	1.0347	470.94	0.029478	3.5250e-05	0.048563	supercritical
567.00	133.00	87.150	0.011474	369.49	522.10	5.7321	0.73982	1.0348	471.31	0.029200	3.5289e-05	0.048623	supercritical
568.00	133.00	86.993	0.011495	370.25	523.13	5.7340	0.74010	1.0350	471.68	0.028923	3.5328e-05	0.048683	supercritical
569.00	133.00	86.836	0.011516	371.01	524.17	5.7358	0.74039	1.0351	472.05	0.028647	3.5367e-05	0.048742	supercritical
570.00	133.00	86.680	0.011537	371.76	525.20	5.7376	0.74067	1.0352	472.42	0.028372	3.5406e-05	0.048802	supercritical
571.00	133.00	86.524	0.011557	372.52	526.24	5.7394	0.74095	1.0354	472.79	0.028099	3.5445e-05	0.048862	supercritical
572.00	133.00	86.369	0.011578	373.28	527.27	5.7412	0.74124	1.0355	473.16	0.027826	3.5484e-05	0.048921	supercritical
573.00	133.00	86.214	0.011599	374.04	528.31	5.7430	0.74152	1.0357	473.53	0.027555	3.5523e-05	0.048981	supercritical
574.00	133.00	86.061	0.011620	374.80	529.35	5.7448	0.74180	1.0358	473.90	0.027285	3.5562e-05	0.049040	supercritical
575.00	133.00	85.907	0.011640	375.56	530.38	5.7466	0.74208	1.0359	474.26	0.027016	3.5601e-05	0.049100	supercritical
576.00	133.00	85.755	0.011661	376.32	531.42	5.7484	0.74237	1.0361	474.63	0.026748	3.5640e-05	0.049160	supercritical
577.00	133.00	85.602	0.011682	377.08	532.45	5.7502	0.74265	1.0362	475.00	0.026481	3.5678e-05	0.049219	supercritical
578.00	133.00	85.451	0.011703	377.85	533.49	5.7520	0.74293	1.0364	475.37	0.026216	3.5717e-05	0.049279	supercritical
579.00	133.00	85.300	0.011723	378.61	534.53	5.7538	0.74321	1.0365	475.73	0.025951	3.5756e-05	0.049338	supercritical
580.00	133.00	85.149	0.011744	379.37	535.56	5.7556	0.74349	1.0366	476.10	0.025688	3.5795e-05	0.049398	supercritical
581.00	133.00	85.000	0.011765	380.13	536.60	5.7574	0.74378	1.0368	476.47	0.025426	3.5833e-05	0.049457	supercritical
582.00	133.00	84.850	0.011785	380.89	537.64	5.7592	0.74406	1.0369	476.83	0.025164	3.5872e-05	0.049517	supercritical
583.00	133.00	84.702	0.011806	381.65	538.67	5.7610	0.74434	1.0371	477.20	0.024904	3.5911e-05	0.049576	supercritical
584.00	133.00	84.553	0.011827	382.41	539.71	5.7627	0.74462	1.0372	477.56	0.024645	3.5949e-05	0.049636	supercritical
585.00	133.00	84.406	0.011848	383.18	540.75	5.7645	0.74490	1.0374	477.92	0.024387	3.5988e-05	0.049695	supercritical
586.00	133.00	84.259	0.011868	383.94	541.79	5.7663	0.74518	1.0375	478.29	0.024130	3.6026e-05	0.049755	supercritical
587.00	133.00	84.112	0.011889	384.70	542.82	5.7681	0.74546	1.0377	478.65	0.023875	3.6065e-05	0.049814	supercritical
588.00	133.00	83.966	0.011910	385.46	543.86	5.7698	0.74574	1.0378	479.01	0.023620	3.6103e-05	0.049874	supercritical
589.00	133.00	83.821	0.011930	386.23	544.90	5.7716	0.74602	1.0380	479.38	0.023366	3.6142e-05	0.049933	supercritical
590.00	133.00	83.676	0.011951	386.99	545.94	5.7734	0.74630	1.0381	479.74	0.023113	3.6180e-05	0.049993	supercritical
591.00	133.00	83.531	0.011972	387.75	546.97	5.7751	0.74658	1.0383	480.10	0.022862	3.6219e-05	0.050052	supercritical
592.00	133.00	83.387	0.011992	388.52	548.01	5.7769	0.74686	1.0384	480.46	0.022611	3.6257e-05	0.050112	supercritical
593.00	133.00	83.244	0.012013	389.28	549.05	5.7786	0.74714	1.0386	480.82	0.022362	3.6296e-05	0.050171	supercritical
594.00	133.00	83.101	0.012034	390.04	550.09	5.7804	0.74742	1.0387	481.18	0.022113	3.6334e-05	0.050230	supercritical
595.00	133.00	82.959	0.012054	390.81	551.13	5.7821	0.74770	1.0389	481.55	0.021866	3.6372e-05	0.050290	supercritical
596.00	133.00	82.817	0.012075	391.57	552.17	5.7839	0.74797	1.0390	481.91	0.021619	3.6411e-05	0.050349	supercritical
597.00	133.00	82.676	0.012095	392.34	553.21	5.7856	0.74825	1.0392	482.26	0.021374	3.6449e-05	0.050409	supercritical
598.00	133.00	82.535	0.012116	393.10	554.25	5.7873	0.74853	1.0393	482.62	0.021129	3.6487e-05	0.050468	supercritical
599.00	133.00	82.395	0.012137	393.87	555.29	5.7891	0.74881	1.0395	482.98	0.020886	3.6526e-05	0.050527	supercritical
600.00	133.00	82.255	0.012157	394.63	556.33	5.7908	0.74909	1.0396	483.34	0.020643	3.6564e-05	0.050587	supercritical
