Temperature (K)	Pressure (bar)	Density (kg/m3)	Volume (m3/kg)	Internal Energy (kJ/kg)	Enthalpy (kJ/kg)	Entropy (J/g*K)	Cv (J/g*K)	Cp (J/g*K)	Sound Spd. (m/s)	Joule-Thomson (K/bar)	Viscosity (Pa*s)	Therm. Cond. (W/m*K)	Phase
60.000	143.00	1298.5	0.00077010	-186.32	-175.31	2.2205	1.0940	1.6452	1165.7	-0.037854	0.00064588	0.19964	liquid
61.000	143.00	1294.4	0.00077257	-184.71	-173.66	2.2477	1.0869	1.6478	1161.8	-0.037692	0.00061559	0.19835	liquid
62.000	143.00	1290.2	0.00077507	-183.09	-172.01	2.2745	1.0805	1.6499	1157.1	-0.037549	0.00058731	0.19707	liquid
63.000	143.00	1286.0	0.00077759	-181.48	-170.36	2.3009	1.0745	1.6515	1152.0	-0.037422	0.00056090	0.19579	liquid
64.000	143.00	1281.8	0.00078013	-179.86	-168.71	2.3269	1.0690	1.6527	1146.4	-0.037309	0.00053622	0.19450	liquid
65.000	143.00	1277.6	0.00078270	-178.25	-167.05	2.3526	1.0637	1.6534	1140.5	-0.037208	0.00051314	0.19322	liquid
66.000	143.00	1273.4	0.00078528	-176.63	-165.40	2.3778	1.0587	1.6538	1134.3	-0.037115	0.00049154	0.19193	liquid
67.000	143.00	1269.2	0.00078789	-175.01	-163.75	2.4027	1.0538	1.6539	1127.9	-0.037029	0.00047130	0.19065	liquid
68.000	143.00	1265.0	0.00079052	-173.40	-162.09	2.4272	1.0490	1.6537	1121.4	-0.036949	0.00045234	0.18937	liquid
69.000	143.00	1260.8	0.00079317	-171.78	-160.44	2.4513	1.0443	1.6534	1114.7	-0.036872	0.00043455	0.18808	liquid
70.000	143.00	1256.5	0.00079584	-170.17	-158.79	2.4751	1.0397	1.6528	1107.9	-0.036798	0.00041785	0.18680	liquid
71.000	143.00	1252.3	0.00079853	-168.55	-157.13	2.4985	1.0351	1.6522	1101.0	-0.036724	0.00040215	0.18552	liquid
72.000	143.00	1248.1	0.00080124	-166.94	-155.48	2.5217	1.0306	1.6514	1094.1	-0.036650	0.00038738	0.18424	liquid
73.000	143.00	1243.8	0.00080398	-165.33	-153.83	2.5444	1.0262	1.6506	1087.1	-0.036574	0.00037347	0.18296	liquid
74.000	143.00	1239.6	0.00080673	-163.72	-152.18	2.5669	1.0217	1.6498	1080.1	-0.036496	0.00036037	0.18167	liquid
75.000	143.00	1235.3	0.00080951	-162.11	-150.53	2.5890	1.0173	1.6489	1073.1	-0.036415	0.00034800	0.18039	liquid
76.000	143.00	1231.1	0.00081231	-160.50	-148.88	2.6109	1.0130	1.6481	1066.0	-0.036331	0.00033632	0.17911	liquid
77.000	143.00	1226.8	0.00081513	-158.89	-147.24	2.6324	1.0086	1.6473	1058.9	-0.036242	0.00032528	0.17783	liquid
78.000	143.00	1222.5	0.00081797	-157.29	-145.59	2.6536	1.0044	1.6465	1051.9	-0.036148	0.00031484	0.17655	liquid
79.000	143.00	1218.3	0.00082084	-155.68	-143.94	2.6746	1.0001	1.6457	1044.8	-0.036048	0.00030494	0.17527	liquid
80.000	143.00	1214.0	0.00082373	-154.08	-142.30	2.6953	0.99592	1.6450	1037.8	-0.035942	0.00029557	0.17398	liquid
81.000	143.00	1209.7	0.00082665	-152.47	-140.65	2.7157	0.99175	1.6444	1030.7	-0.035830	0.00028667	0.17270	liquid
82.000	143.00	1205.4	0.00082960	-150.87	-139.01	2.7359	0.98763	1.6439	1023.7	-0.035711	0.00027821	0.17142	liquid
83.000	143.00	1201.1	0.00083257	-149.27	-137.36	2.7558	0.98355	1.6434	1016.7	-0.035585	0.00027017	0.17014	liquid
84.000	143.00	1196.8	0.00083557	-147.67	-135.72	2.7755	0.97952	1.6431	1009.6	-0.035452	0.00026252	0.16885	liquid
85.000	143.00	1192.5	0.00083859	-146.07	-134.08	2.7950	0.97553	1.6428	1002.6	-0.035311	0.00025524	0.16757	liquid
86.000	143.00	1188.1	0.00084165	-144.47	-132.44	2.8142	0.97158	1.6427	995.60	-0.035162	0.00024829	0.16629	liquid
87.000	143.00	1183.8	0.00084474	-142.87	-130.79	2.8332	0.96769	1.6426	988.60	-0.035004	0.00024165	0.16500	liquid
88.000	143.00	1179.5	0.00084785	-141.27	-129.15	2.8519	0.96383	1.6426	981.61	-0.034838	0.00023532	0.16372	liquid
89.000	143.00	1175.1	0.00085100	-139.68	-127.51	2.8705	0.96003	1.6428	974.63	-0.034663	0.00022926	0.16243	liquid
90.000	143.00	1170.7	0.00085418	-138.08	-125.86	2.8889	0.95628	1.6430	967.65	-0.034480	0.00022346	0.16114	liquid
91.000	143.00	1166.3	0.00085739	-136.48	-124.22	2.9070	0.95257	1.6434	960.68	-0.034287	0.00021791	0.15986	liquid
92.000	143.00	1161.9	0.00086064	-134.88	-122.58	2.9250	0.94891	1.6439	953.72	-0.034084	0.00021258	0.15857	liquid
93.000	143.00	1157.5	0.00086392	-133.29	-120.93	2.9427	0.94529	1.6445	946.76	-0.033872	0.00020747	0.15728	liquid
94.000	143.00	1153.1	0.00086724	-131.69	-119.29	2.9603	0.94173	1.6452	939.80	-0.033650	0.00020256	0.15600	liquid
95.000	143.00	1148.6	0.00087059	-130.09	-117.64	2.9778	0.93821	1.6460	932.85	-0.033417	0.00019784	0.15471	liquid
96.000	143.00	1144.2	0.00087399	-128.49	-116.00	2.9950	0.93473	1.6469	925.91	-0.033174	0.00019330	0.15342	liquid
97.000	143.00	1139.7	0.00087742	-126.90	-114.35	3.0121	0.93131	1.6480	918.97	-0.032921	0.00018893	0.15213	liquid
98.000	143.00	1135.2	0.00088089	-125.30	-112.70	3.0290	0.92793	1.6492	912.02	-0.032656	0.00018472	0.15084	liquid
99.000	143.00	1130.7	0.00088441	-123.70	-111.05	3.0457	0.92459	1.6505	905.08	-0.032380	0.00018065	0.14955	liquid
100.00	143.00	1126.2	0.00088796	-122.10	-109.40	3.0623	0.92130	1.6519	898.14	-0.032093	0.00017673	0.14826	liquid
101.00	143.00	1121.6	0.00089156	-120.50	-107.75	3.0788	0.91806	1.6534	891.21	-0.031794	0.00017294	0.14697	liquid
102.00	143.00	1117.1	0.00089521	-118.89	-106.09	3.0951	0.91486	1.6551	884.27	-0.031483	0.00016928	0.14568	liquid
103.00	143.00	1112.5	0.00089890	-117.29	-104.44	3.1112	0.91170	1.6568	877.33	-0.031159	0.00016573	0.14439	liquid
104.00	143.00	1107.9	0.00090264	-115.69	-102.78	3.1272	0.90859	1.6587	870.38	-0.030823	0.00016230	0.14310	liquid
105.00	143.00	1103.2	0.00090643	-114.08	-101.12	3.1431	0.90551	1.6607	863.44	-0.030473	0.00015898	0.14181	liquid
106.00	143.00	1098.6	0.00091027	-112.47	-99.458	3.1589	0.90249	1.6629	856.49	-0.030110	0.00015575	0.14052	liquid
107.00	143.00	1093.9	0.00091416	-110.87	-97.794	3.1745	0.89950	1.6652	849.54	-0.029732	0.00015262	0.13923	liquid
108.00	143.00	1089.2	0.00091810	-109.26	-96.127	3.1900	0.89655	1.6676	842.59	-0.029341	0.00014959	0.13794	liquid
109.00	143.00	1084.5	0.00092210	-107.64	-94.458	3.2054	0.89365	1.6701	835.63	-0.028935	0.00014664	0.13665	liquid
110.00	143.00	1079.7	0.00092615	-106.03	-92.787	3.2206	0.89079	1.6728	828.66	-0.028513	0.00014377	0.13536	liquid
111.00	143.00	1075.0	0.00093027	-104.42	-91.113	3.2358	0.88797	1.6756	821.69	-0.028076	0.00014098	0.13408	liquid
112.00	143.00	1070.2	0.00093444	-102.80	-89.436	3.2508	0.88518	1.6785	814.72	-0.027622	0.00013826	0.13279	liquid
113.00	143.00	1065.3	0.00093867	-101.18	-87.756	3.2658	0.88244	1.6816	807.74	-0.027152	0.00013562	0.13150	liquid
114.00	143.00	1060.5	0.00094297	-99.557	-86.072	3.2806	0.87974	1.6848	800.75	-0.026665	0.00013304	0.13022	liquid
115.00	143.00	1055.6	0.00094734	-97.933	-84.386	3.2953	0.87707	1.6882	793.75	-0.026159	0.00013053	0.12895	liquid
116.00	143.00	1050.7	0.00095177	-96.306	-82.696	3.3100	0.87445	1.6917	786.75	-0.025635	0.00012808	0.12767	liquid
117.00	143.00	1045.7	0.00095627	-94.677	-81.002	3.3245	0.87186	1.6954	779.74	-0.025092	0.00012569	0.12639	liquid
118.00	143.00	1040.8	0.00096084	-93.045	-79.305	3.3389	0.86931	1.6992	772.72	-0.024529	0.00012335	0.12512	liquid
119.00	143.00	1035.7	0.00096549	-91.410	-77.604	3.3533	0.86680	1.7032	765.69	-0.023945	0.00012107	0.12385	liquid
120.00	143.00	1030.7	0.00097022	-89.773	-75.899	3.3676	0.86433	1.7074	758.65	-0.023340	0.00011884	0.12257	liquid
121.00	143.00	1025.6	0.00097502	-88.132	-74.189	3.3818	0.86190	1.7117	751.60	-0.022713	0.00011666	0.12131	liquid
122.00	143.00	1020.5	0.00097991	-86.488	-72.475	3.3959	0.85951	1.7162	744.54	-0.022063	0.00011453	0.12004	liquid
123.00	143.00	1015.4	0.00098488	-84.840	-70.757	3.4099	0.85715	1.7209	737.47	-0.021389	0.00011245	0.11877	liquid
124.00	143.00	1010.2	0.00098994	-83.189	-69.033	3.4238	0.85483	1.7258	730.40	-0.020690	0.00011040	0.11751	liquid
125.00	143.00	1004.9	0.00099509	-81.535	-67.305	3.4377	0.85255	1.7309	723.31	-0.019966	0.00010840	0.11625	liquid
126.00	143.00	999.67	0.0010003	-79.876	-65.572	3.4515	0.85031	1.7361	716.21	-0.019214	0.00010645	0.11499	liquid
127.00	143.00	994.36	0.0010057	-78.214	-63.833	3.4653	0.84811	1.7416	709.09	-0.018435	0.00010453	0.11374	liquid
128.00	143.00	989.01	0.0010111	-76.547	-62.088	3.4790	0.84595	1.7473	701.97	-0.017627	0.00010264	0.11249	liquid
129.00	143.00	983.62	0.0010167	-74.876	-60.338	3.4926	0.84382	1.7532	694.84	-0.016788	0.00010080	0.11124	liquid
130.00	143.00	978.17	0.0010223	-73.201	-58.582	3.5061	0.84174	1.7593	687.69	-0.015918	9.8988e-05	0.10999	liquid
131.00	143.00	972.69	0.0010281	-71.521	-56.819	3.5197	0.83969	1.7657	680.53	-0.015015	9.7212e-05	0.10875	liquid
132.00	143.00	967.15	0.0010340	-69.836	-55.050	3.5331	0.83768	1.7723	673.36	-0.014077	9.5469e-05	0.10752	liquid
133.00	143.00	961.57	0.0010400	-68.146	-53.275	3.5465	0.83572	1.7791	666.17	-0.013104	9.3758e-05	0.10628	liquid
134.00	143.00	955.93	0.0010461	-66.451	-51.492	3.5599	0.83379	1.7863	658.98	-0.012093	9.2078e-05	0.10505	liquid
135.00	143.00	950.25	0.0010524	-64.751	-49.702	3.5732	0.83191	1.7937	651.77	-0.011043	9.0428e-05	0.10383	liquid
136.00	143.00	944.51	0.0010588	-63.045	-47.905	3.5864	0.83006	1.8013	644.55	-0.0099530	8.8808e-05	0.10261	liquid
137.00	143.00	938.71	0.0010653	-61.333	-46.099	3.5997	0.82826	1.8093	637.32	-0.0088198	8.7215e-05	0.10139	liquid
138.00	143.00	932.85	0.0010720	-59.615	-44.286	3.6128	0.82650	1.8176	630.07	-0.0076420	8.5650e-05	0.10018	liquid
139.00	143.00	926.94	0.0010788	-57.891	-42.464	3.6260	0.82478	1.8262	622.82	-0.0064175	8.4112e-05	0.098970	liquid
140.00	143.00	920.97	0.0010858	-56.161	-40.633	3.6391	0.82311	1.8351	615.55	-0.0051442	8.2600e-05	0.097769	liquid
141.00	143.00	914.93	0.0010930	-54.423	-38.794	3.6522	0.82148	1.8444	608.27	-0.0038198	8.1113e-05	0.096573	liquid
142.00	143.00	908.82	0.0011003	-52.679	-36.945	3.6653	0.81989	1.8540	600.98	-0.0024418	7.9651e-05	0.095382	liquid
143.00	143.00	902.65	0.0011078	-50.928	-35.086	3.6783	0.81835	1.8640	593.68	-0.0010077	7.8213e-05	0.094197	liquid
144.00	143.00	896.41	0.0011156	-49.169	-33.216	3.6914	0.81686	1.8744	586.37	0.00048510	7.6799e-05	0.093019	liquid
145.00	143.00	890.10	0.0011235	-47.402	-31.337	3.7044	0.81541	1.8852	579.05	0.0020395	7.5408e-05	0.091846	liquid
146.00	143.00	883.71	0.0011316	-45.627	-29.446	3.7174	0.81401	1.8964	571.73	0.0036585	7.4039e-05	0.090680	liquid
147.00	143.00	877.25	0.0011399	-43.844	-27.544	3.7303	0.81265	1.9081	564.40	0.0053451	7.2692e-05	0.089521	liquid
148.00	143.00	870.71	0.0011485	-42.053	-25.629	3.7433	0.81135	1.9202	557.06	0.0071027	7.1367e-05	0.088369	liquid
149.00	143.00	864.09	0.0011573	-40.252	-23.703	3.7563	0.81010	1.9328	549.72	0.0089346	7.0063e-05	0.087224	liquid
150.00	143.00	857.38	0.0011663	-38.442	-21.764	3.7693	0.80889	1.9458	542.38	0.010845	6.8779e-05	0.086086	liquid
151.00	143.00	850.59	0.0011757	-36.623	-19.811	3.7822	0.80774	1.9594	535.03	0.012836	6.7516e-05	0.084956	liquid
152.00	143.00	843.70	0.0011853	-34.794	-17.845	3.7952	0.80664	1.9735	527.69	0.014913	6.6272e-05	0.083833	liquid
153.00	143.00	836.73	0.0011951	-32.954	-15.864	3.8082	0.80559	1.9881	520.35	0.017080	6.5048e-05	0.082719	liquid
154.00	143.00	829.66	0.0012053	-31.104	-13.868	3.8212	0.80459	2.0032	513.02	0.019341	6.3843e-05	0.081613	liquid
155.00	143.00	822.49	0.0012158	-29.244	-11.857	3.8342	0.80365	2.0190	505.70	0.021700	6.2657e-05	0.080515	supercritical
156.00	143.00	815.22	0.0012267	-27.372	-9.8303	3.8473	0.80275	2.0353	498.39	0.024162	6.1489e-05	0.079426	supercritical
157.00	143.00	807.85	0.0012379	-25.488	-7.7867	3.8603	0.80192	2.0522	491.10	0.026732	6.0339e-05	0.078346	supercritical
158.00	143.00	800.37	0.0012494	-23.593	-5.7258	3.8734	0.80113	2.0697	483.84	0.029413	5.9208e-05	0.077275	supercritical
159.00	143.00	792.78	0.0012614	-21.685	-3.6471	3.8865	0.80040	2.0878	476.60	0.032212	5.8094e-05	0.076213	supercritical
160.00	143.00	785.08	0.0012738	-19.765	-1.5501	3.8997	0.79972	2.1065	469.39	0.035133	5.6997e-05	0.075161	supercritical
161.00	143.00	777.26	0.0012866	-17.832	0.56600	3.9129	0.79908	2.1258	462.22	0.038180	5.5918e-05	0.074118	supercritical
162.00	143.00	769.33	0.0012998	-15.886	2.7017	3.9261	0.79850	2.1457	455.09	0.041358	5.4856e-05	0.073085	supercritical
163.00	143.00	761.28	0.0013136	-13.927	4.8575	3.9393	0.79796	2.1661	448.02	0.044673	5.3810e-05	0.072062	supercritical
164.00	143.00	753.11	0.0013278	-11.954	7.0341	3.9527	0.79747	2.1871	441.00	0.048128	5.2782e-05	0.071050	supercritical
165.00	143.00	744.81	0.0013426	-9.9675	9.2319	3.9660	0.79701	2.2086	434.05	0.051727	5.1770e-05	0.070047	supercritical
166.00	143.00	736.40	0.0013580	-7.9674	11.451	3.9794	0.79660	2.2306	427.17	0.055474	5.0774e-05	0.069055	supercritical
167.00	143.00	727.86	0.0013739	-5.9536	13.693	3.9929	0.79621	2.2529	420.38	0.059372	4.9795e-05	0.068074	supercritical
168.00	143.00	719.19	0.0013904	-3.9261	15.957	4.0064	0.79586	2.2755	413.68	0.063422	4.8832e-05	0.067103	supercritical
169.00	143.00	710.41	0.0014076	-1.8851	18.244	4.0200	0.79553	2.2983	407.09	0.067625	4.7886e-05	0.066143	supercritical
170.00	143.00	701.50	0.0014255	0.16910	20.554	4.0336	0.79521	2.3211	400.61	0.071981	4.6957e-05	0.065194	supercritical
171.00	143.00	692.48	0.0014441	2.2360	22.886	4.0473	0.79491	2.3438	394.26	0.076487	4.6044e-05	0.064256	supercritical
172.00	143.00	683.35	0.0014634	4.3150	25.241	4.0610	0.79462	2.3661	388.04	0.081142	4.5148e-05	0.063329	supercritical
173.00	143.00	674.12	0.0014834	6.4054	27.618	4.0748	0.79433	2.3880	381.98	0.085938	4.4269e-05	0.062413	supercritical
174.00	143.00	664.78	0.0015043	8.5062	30.017	4.0886	0.79403	2.4091	376.08	0.090869	4.3408e-05	0.061508	supercritical
175.00	143.00	655.36	0.0015259	10.616	32.436	4.1025	0.79372	2.4293	370.35	0.095926	4.2564e-05	0.060615	supercritical
176.00	143.00	645.86	0.0015483	12.734	34.875	4.1164	0.79340	2.4482	364.82	0.10110	4.1739e-05	0.059733	supercritical
177.00	143.00	636.29	0.0015716	14.858	37.332	4.1303	0.79304	2.4656	359.48	0.10637	4.0932e-05	0.058863	supercritical
178.00	143.00	626.67	0.0015957	16.987	39.806	4.1442	0.79266	2.4814	354.35	0.11174	4.0144e-05	0.058004	supercritical
179.00	143.00	617.02	0.0016207	19.118	42.294	4.1582	0.79224	2.4951	349.43	0.11718	3.9376e-05	0.057158	supercritical
180.00	143.00	607.35	0.0016465	21.250	44.795	4.1721	0.79177	2.5067	344.75	0.12267	3.8627e-05	0.056325	supercritical
181.00	143.00	597.68	0.0016731	23.381	47.307	4.1860	0.79124	2.5160	340.29	0.12820	3.7899e-05	0.055504	supercritical
182.00	143.00	588.02	0.0017006	25.507	49.826	4.1999	0.79066	2.5227	336.07	0.13376	3.7193e-05	0.054696	supercritical
183.00	143.00	578.40	0.0017289	27.628	52.351	4.2137	0.79001	2.5267	332.08	0.13931	3.6507e-05	0.053902	supercritical
184.00	143.00	568.83	0.0017580	29.740	54.879	4.2275	0.78929	2.5280	328.34	0.14485	3.5843e-05	0.053122	supercritical
185.00	143.00	559.34	0.0017878	31.841	57.406	4.2412	0.78849	2.5265	324.83	0.15035	3.5202e-05	0.052357	supercritical
186.00	143.00	549.94	0.0018184	33.928	59.931	4.2548	0.78761	2.5221	321.57	0.15579	3.4582e-05	0.051606	supercritical
187.00	143.00	540.66	0.0018496	36.000	62.450	4.2683	0.78664	2.5149	318.53	0.16115	3.3985e-05	0.050872	supercritical
188.00	143.00	531.50	0.0018815	38.055	64.960	4.2817	0.78559	2.5048	315.72	0.16641	3.3411e-05	0.050154	supercritical
189.00	143.00	522.48	0.0019139	40.089	67.458	4.2950	0.78444	2.4920	313.14	0.17154	3.2860e-05	0.049453	supercritical
190.00	143.00	513.62	0.0019469	42.102	69.943	4.3081	0.78321	2.4767	310.77	0.17654	3.2331e-05	0.048769	supercritical
191.00	143.00	504.94	0.0019804	44.091	72.411	4.3210	0.78190	2.4588	308.61	0.18138	3.1825e-05	0.048104	supercritical
192.00	143.00	496.43	0.0020144	46.054	74.860	4.3338	0.78051	2.4388	306.66	0.18605	3.1341e-05	0.047457	supercritical
193.00	143.00	488.12	0.0020487	47.992	77.288	4.3464	0.77904	2.4167	304.89	0.19054	3.0879e-05	0.046829	supercritical
194.00	143.00	480.01	0.0020833	49.902	79.693	4.3589	0.77751	2.3928	303.31	0.19483	3.0439e-05	0.046220	supercritical
195.00	143.00	472.10	0.0021182	51.783	82.073	4.3711	0.77591	2.3674	301.89	0.19892	3.0021e-05	0.045631	supercritical
196.00	143.00	464.40	0.0021533	53.635	84.427	4.3832	0.77426	2.3407	300.65	0.20280	2.9623e-05	0.045062	supercritical
197.00	143.00	456.92	0.0021886	55.457	86.754	4.3950	0.77257	2.3130	299.55	0.20646	2.9245e-05	0.044512	supercritical
198.00	143.00	449.64	0.0022240	57.250	89.053	4.4066	0.77084	2.2845	298.60	0.20992	2.8887e-05	0.043983	supercritical
199.00	143.00	442.58	0.0022595	59.012	91.323	4.4181	0.76908	2.2555	297.78	0.21316	2.8547e-05	0.043473	supercritical
200.00	143.00	435.73	0.0022950	60.745	93.564	4.4293	0.76729	2.2261	297.08	0.21619	2.8226e-05	0.042983	supercritical
201.00	143.00	429.08	0.0023305	62.448	95.775	4.4403	0.76549	2.1966	296.50	0.21901	2.7922e-05	0.042512	supercritical
202.00	143.00	422.64	0.0023661	64.122	97.957	4.4512	0.76368	2.1671	296.02	0.22163	2.7635e-05	0.042061	supercritical
203.00	143.00	416.40	0.0024015	65.768	100.11	4.4618	0.76186	2.1378	295.64	0.22405	2.7364e-05	0.041628	supercritical
204.00	143.00	410.36	0.0024369	67.385	102.23	4.4722	0.76005	2.1087	295.35	0.22629	2.7108e-05	0.041213	supercritical
205.00	143.00	404.50	0.0024722	68.975	104.33	4.4825	0.75824	2.0801	295.15	0.22834	2.6866e-05	0.040816	supercritical
206.00	143.00	398.83	0.0025073	70.538	106.39	4.4925	0.75644	2.0519	295.02	0.23021	2.6638e-05	0.040437	supercritical
207.00	143.00	393.33	0.0025424	72.075	108.43	4.5024	0.75466	2.0243	294.96	0.23191	2.6424e-05	0.040074	supercritical
208.00	143.00	388.01	0.0025773	73.587	110.44	4.5121	0.75290	1.9972	294.96	0.23345	2.6221e-05	0.039727	supercritical
209.00	143.00	382.85	0.0026120	75.074	112.43	4.5216	0.75116	1.9708	295.03	0.23484	2.6031e-05	0.039396	supercritical
210.00	143.00	377.85	0.0026465	76.538	114.38	4.5309	0.74944	1.9450	295.14	0.23608	2.5851e-05	0.039080	supercritical
211.00	143.00	373.01	0.0026809	77.979	116.32	4.5401	0.74775	1.9200	295.31	0.23718	2.5683e-05	0.038778	supercritical
212.00	143.00	368.31	0.0027151	79.397	118.22	4.5491	0.74609	1.8956	295.52	0.23815	2.5524e-05	0.038490	supercritical
213.00	143.00	363.75	0.0027491	80.795	120.11	4.5580	0.74446	1.8720	295.78	0.23899	2.5374e-05	0.038215	supercritical
214.00	143.00	359.33	0.0027829	82.172	121.97	4.5667	0.74286	1.8490	296.07	0.23971	2.5234e-05	0.037953	supercritical
215.00	143.00	355.04	0.0028166	83.529	123.81	4.5753	0.74129	1.8268	296.39	0.24032	2.5102e-05	0.037703	supercritical
216.00	143.00	350.88	0.0028500	84.867	125.62	4.5837	0.73975	1.8052	296.75	0.24082	2.4978e-05	0.037465	supercritical
217.00	143.00	346.84	0.0028832	86.186	127.42	4.5920	0.73824	1.7843	297.14	0.24122	2.4862e-05	0.037239	supercritical
218.00	143.00	342.91	0.0029162	87.488	129.19	4.6002	0.73677	1.7641	297.55	0.24152	2.4753e-05	0.037023	supercritical
219.00	143.00	339.09	0.0029490	88.773	130.94	4.6082	0.73533	1.7445	297.99	0.24174	2.4650e-05	0.036817	supercritical
220.00	143.00	335.38	0.0029817	90.042	132.68	4.6161	0.73392	1.7256	298.45	0.24187	2.4555e-05	0.036621	supercritical
221.00	143.00	331.78	0.0030141	91.294	134.40	4.6239	0.73255	1.7073	298.93	0.24192	2.4465e-05	0.036434	supercritical
222.00	143.00	328.26	0.0030463	92.532	136.09	4.6315	0.73121	1.6896	299.43	0.24189	2.4381e-05	0.036257	supercritical
223.00	143.00	324.85	0.0030784	93.755	137.78	4.6391	0.72990	1.6724	299.95	0.24180	2.4302e-05	0.036088	supercritical
224.00	143.00	321.52	0.0031102	94.964	139.44	4.6465	0.72863	1.6559	300.48	0.24163	2.4229e-05	0.035927	supercritical
225.00	143.00	318.28	0.0031418	96.159	141.09	4.6539	0.72738	1.6398	301.03	0.24141	2.4161e-05	0.035774	supercritical
226.00	143.00	315.13	0.0031733	97.341	142.72	4.6611	0.72617	1.6243	301.59	0.24112	2.4097e-05	0.035628	supercritical
227.00	143.00	312.05	0.0032046	98.510	144.34	4.6683	0.72499	1.6093	302.16	0.24078	2.4038e-05	0.035490	supercritical
228.00	143.00	309.05	0.0032357	99.668	145.94	4.6753	0.72384	1.5948	302.75	0.24039	2.3983e-05	0.035358	supercritical
229.00	143.00	306.13	0.0032666	100.81	147.53	4.6822	0.72272	1.5807	303.34	0.23995	2.3932e-05	0.035234	supercritical
230.00	143.00	303.27	0.0032973	101.95	149.10	4.6891	0.72163	1.5671	303.94	0.23946	2.3885e-05	0.035115	supercritical
231.00	143.00	300.49	0.0033279	103.07	150.66	4.6959	0.72057	1.5540	304.56	0.23893	2.3841e-05	0.035002	supercritical
232.00	143.00	297.77	0.0033583	104.18	152.21	4.7026	0.71953	1.5412	305.17	0.23836	2.3801e-05	0.034896	supercritical
233.00	143.00	295.11	0.0033885	105.29	153.74	4.7092	0.71853	1.5289	305.80	0.23775	2.3764e-05	0.034795	supercritical
234.00	143.00	292.52	0.0034186	106.38	155.27	4.7157	0.71755	1.5169	306.43	0.23711	2.3731e-05	0.034699	supercritical
235.00	143.00	289.98	0.0034485	107.46	156.78	4.7221	0.71659	1.5053	307.07	0.23643	2.3700e-05	0.034608	supercritical
236.00	143.00	287.50	0.0034782	108.54	158.28	4.7285	0.71566	1.4941	307.71	0.23572	2.3672e-05	0.034522	supercritical
237.00	143.00	285.08	0.0035078	109.60	159.77	4.7348	0.71476	1.4832	308.36	0.23499	2.3647e-05	0.034441	supercritical
238.00	143.00	282.71	0.0035372	110.66	161.24	4.7410	0.71388	1.4726	309.01	0.23423	2.3625e-05	0.034364	supercritical
239.00	143.00	280.38	0.0035665	111.71	162.71	4.7472	0.71303	1.4624	309.67	0.23344	2.3605e-05	0.034291	supercritical
240.00	143.00	278.11	0.0035957	112.75	164.17	4.7533	0.71219	1.4524	310.33	0.23262	2.3587e-05	0.034223	supercritical
241.00	143.00	275.89	0.0036247	113.78	165.62	4.7593	0.71138	1.4428	310.99	0.23179	2.3571e-05	0.034159	supercritical
242.00	143.00	273.71	0.0036535	114.81	167.05	4.7652	0.71060	1.4334	311.65	0.23094	2.3558e-05	0.034098	supercritical
243.00	143.00	271.58	0.0036822	115.83	168.48	4.7711	0.70983	1.4244	312.32	0.23006	2.3547e-05	0.034041	supercritical
244.00	143.00	269.49	0.0037108	116.84	169.90	4.7770	0.70909	1.4155	312.99	0.22917	2.3538e-05	0.033988	supercritical
245.00	143.00	267.44	0.0037392	117.84	171.31	4.7827	0.70836	1.4070	313.66	0.22827	2.3530e-05	0.033938	supercritical
246.00	143.00	265.43	0.0037675	118.84	172.72	4.7884	0.70766	1.3986	314.33	0.22734	2.3525e-05	0.033891	supercritical
247.00	143.00	263.46	0.0037957	119.83	174.11	4.7941	0.70697	1.3905	315.00	0.22641	2.3521e-05	0.033847	supercritical
248.00	143.00	261.52	0.0038237	120.82	175.50	4.7997	0.70630	1.3827	315.68	0.22546	2.3519e-05	0.033807	supercritical
249.00	143.00	259.63	0.0038517	121.80	176.88	4.8052	0.70565	1.3750	316.35	0.22450	2.3518e-05	0.033769	supercritical
250.00	143.00	257.77	0.0038795	122.77	178.25	4.8107	0.70502	1.3676	317.03	0.22353	2.3519e-05	0.033734	supercritical
251.00	143.00	255.94	0.0039072	123.74	179.61	4.8162	0.70441	1.3603	317.70	0.22255	2.3522e-05	0.033702	supercritical
252.00	143.00	254.15	0.0039347	124.70	180.97	4.8216	0.70381	1.3533	318.38	0.22156	2.3526e-05	0.033672	supercritical
253.00	143.00	252.39	0.0039622	125.66	182.32	4.8269	0.70323	1.3464	319.05	0.22056	2.3531e-05	0.033645	supercritical
254.00	143.00	250.66	0.0039895	126.61	183.66	4.8322	0.70267	1.3398	319.73	0.21955	2.3537e-05	0.033621	supercritical
255.00	143.00	248.96	0.0040168	127.56	185.00	4.8375	0.70212	1.3333	320.41	0.21854	2.3545e-05	0.033598	supercritical
256.00	143.00	247.29	0.0040439	128.50	186.33	4.8427	0.70159	1.3269	321.08	0.21752	2.3554e-05	0.033578	supercritical
257.00	143.00	245.65	0.0040709	129.44	187.65	4.8478	0.70107	1.3208	321.76	0.21649	2.3564e-05	0.033560	supercritical
258.00	143.00	244.03	0.0040978	130.37	188.97	4.8530	0.70057	1.3148	322.43	0.21546	2.3575e-05	0.033544	supercritical
259.00	143.00	242.45	0.0041246	131.30	190.28	4.8580	0.70008	1.3089	323.11	0.21443	2.3587e-05	0.033531	supercritical
260.00	143.00	240.89	0.0041513	132.22	191.59	4.8631	0.69960	1.3032	323.78	0.21339	2.3601e-05	0.033519	supercritical
261.00	143.00	239.35	0.0041780	133.14	192.89	4.8681	0.69914	1.2976	324.45	0.21235	2.3615e-05	0.033509	supercritical
262.00	143.00	237.84	0.0042045	134.06	194.18	4.8730	0.69869	1.2922	325.13	0.21130	2.3630e-05	0.033501	supercritical
263.00	143.00	236.36	0.0042309	134.97	195.47	4.8779	0.69825	1.2869	325.80	0.21026	2.3646e-05	0.033494	supercritical
264.00	143.00	234.89	0.0042572	135.88	196.76	4.8828	0.69783	1.2817	326.47	0.20921	2.3663e-05	0.033490	supercritical
265.00	143.00	233.46	0.0042835	136.78	198.04	4.8876	0.69742	1.2767	327.14	0.20816	2.3681e-05	0.033486	supercritical
266.00	143.00	232.04	0.0043096	137.68	199.31	4.8924	0.69702	1.2717	327.80	0.20710	2.3699e-05	0.033485	supercritical
267.00	143.00	230.64	0.0043357	138.58	200.58	4.8972	0.69663	1.2669	328.47	0.20605	2.3719e-05	0.033485	supercritical
268.00	143.00	229.27	0.0043616	139.47	201.84	4.9019	0.69625	1.2622	329.14	0.20500	2.3739e-05	0.033487	supercritical
269.00	143.00	227.92	0.0043875	140.36	203.10	4.9066	0.69589	1.2577	329.80	0.20394	2.3760e-05	0.033490	supercritical
270.00	143.00	226.59	0.0044133	141.25	204.36	4.9113	0.69553	1.2532	330.47	0.20289	2.3781e-05	0.033494	supercritical
271.00	143.00	225.27	0.0044391	142.13	205.61	4.9159	0.69519	1.2488	331.13	0.20184	2.3803e-05	0.033500	supercritical
272.00	143.00	223.98	0.0044647	143.01	206.86	4.9205	0.69485	1.2445	331.79	0.20078	2.3826e-05	0.033507	supercritical
273.00	143.00	222.70	0.0044903	143.89	208.10	4.9251	0.69453	1.2404	332.45	0.19973	2.3850e-05	0.033515	supercritical
274.00	143.00	221.45	0.0045157	144.76	209.34	4.9296	0.69421	1.2363	333.11	0.19868	2.3874e-05	0.033525	supercritical
275.00	143.00	220.21	0.0045411	145.63	210.57	4.9341	0.69391	1.2323	333.76	0.19763	2.3899e-05	0.033536	supercritical
276.00	143.00	218.99	0.0045665	146.50	211.80	4.9385	0.69361	1.2284	334.42	0.19659	2.3924e-05	0.033548	supercritical
277.00	143.00	217.78	0.0045917	147.37	213.03	4.9430	0.69333	1.2246	335.07	0.19554	2.3950e-05	0.033561	supercritical
278.00	143.00	216.59	0.0046169	148.23	214.25	4.9474	0.69305	1.2208	335.72	0.19450	2.3976e-05	0.033575	supercritical
279.00	143.00	215.42	0.0046420	149.09	215.47	4.9518	0.69278	1.2172	336.37	0.19345	2.4003e-05	0.033590	supercritical
280.00	143.00	214.27	0.0046671	149.95	216.69	4.9561	0.69253	1.2136	337.02	0.19241	2.4030e-05	0.033606	supercritical
281.00	143.00	213.13	0.0046921	150.80	217.90	4.9604	0.69228	1.2101	337.67	0.19138	2.4058e-05	0.033623	supercritical
282.00	143.00	212.00	0.0047170	151.65	219.11	4.9647	0.69203	1.2067	338.31	0.19034	2.4087e-05	0.033641	supercritical
283.00	143.00	210.89	0.0047418	152.50	220.31	4.9690	0.69180	1.2033	338.96	0.18931	2.4115e-05	0.033660	supercritical
284.00	143.00	209.79	0.0047666	153.35	221.51	4.9732	0.69157	1.2000	339.60	0.18828	2.4145e-05	0.033680	supercritical
285.00	143.00	208.71	0.0047913	154.20	222.71	4.9774	0.69136	1.1968	340.24	0.18725	2.4174e-05	0.033701	supercritical
286.00	143.00	207.64	0.0048159	155.04	223.91	4.9816	0.69114	1.1937	340.88	0.18623	2.4204e-05	0.033723	supercritical
287.00	143.00	206.59	0.0048405	155.88	225.10	4.9858	0.69094	1.1906	341.52	0.18521	2.4235e-05	0.033745	supercritical
288.00	143.00	205.55	0.0048650	156.72	226.29	4.9899	0.69075	1.1876	342.15	0.18419	2.4265e-05	0.033768	supercritical
289.00	143.00	204.52	0.0048895	157.55	227.47	4.9940	0.69056	1.1846	342.79	0.18318	2.4297e-05	0.033792	supercritical
290.00	143.00	203.51	0.0049139	158.39	228.66	4.9981	0.69038	1.1817	343.42	0.18217	2.4328e-05	0.033817	supercritical
291.00	143.00	202.50	0.0049382	159.22	229.84	5.0022	0.69020	1.1789	344.05	0.18116	2.4360e-05	0.033842	supercritical
292.00	143.00	201.51	0.0049625	160.05	231.01	5.0062	0.69003	1.1761	344.68	0.18016	2.4392e-05	0.033868	supercritical
293.00	143.00	200.53	0.0049867	160.88	232.19	5.0102	0.68987	1.1734	345.31	0.17916	2.4425e-05	0.033895	supercritical
294.00	143.00	199.57	0.0050109	161.71	233.36	5.0142	0.68972	1.1707	345.93	0.17817	2.4457e-05	0.033923	supercritical
295.00	143.00	198.61	0.0050350	162.53	234.53	5.0182	0.68957	1.1681	346.56	0.17718	2.4490e-05	0.033951	supercritical
296.00	143.00	197.67	0.0050590	163.35	235.70	5.0222	0.68943	1.1655	347.18	0.17619	2.4524e-05	0.033979	supercritical
297.00	143.00	196.73	0.0050830	164.17	236.86	5.0261	0.68930	1.1630	347.80	0.17520	2.4558e-05	0.034008	supercritical
298.00	143.00	195.81	0.0051070	164.99	238.02	5.0300	0.68917	1.1605	348.42	0.17422	2.4591e-05	0.034038	supercritical
299.00	143.00	194.90	0.0051309	165.81	239.18	5.0339	0.68904	1.1581	349.04	0.17325	2.4626e-05	0.034068	supercritical
300.00	143.00	194.00	0.0051547	166.63	240.34	5.0377	0.68893	1.1557	349.65	0.17228	2.4660e-05	0.034098	supercritical
301.00	143.00	193.10	0.0051785	167.44	241.49	5.0416	0.68882	1.1534	350.27	0.17131	2.4695e-05	0.034129	supercritical
302.00	143.00	192.22	0.0052023	168.25	242.65	5.0454	0.68871	1.1511	350.88	0.17034	2.4730e-05	0.034161	supercritical
303.00	143.00	191.35	0.0052260	169.07	243.80	5.0492	0.68861	1.1489	351.49	0.16938	2.4765e-05	0.034192	supercritical
304.00	143.00	190.49	0.0052496	169.87	244.94	5.0530	0.68852	1.1467	352.10	0.16843	2.4801e-05	0.034224	supercritical
305.00	143.00	189.64	0.0052732	170.68	246.09	5.0567	0.68843	1.1445	352.70	0.16748	2.4836e-05	0.034255	supercritical
306.00	143.00	188.79	0.0052968	171.49	247.23	5.0605	0.68834	1.1424	353.31	0.16653	2.4872e-05	0.034287	supercritical
307.00	143.00	187.96	0.0053203	172.29	248.37	5.0642	0.68827	1.1403	353.91	0.16559	2.4908e-05	0.034317	supercritical
308.00	143.00	187.14	0.0053437	173.10	249.51	5.0679	0.68819	1.1383	354.52	0.16465	2.4944e-05	0.034346	supercritical
309.00	143.00	186.32	0.0053671	173.90	250.65	5.0716	0.68813	1.1363	355.12	0.16371	2.4981e-05	0.034369	supercritical
310.00	143.00	185.51	0.0053905	174.70	251.79	5.0753	0.68806	1.1343	355.72	0.16278	2.5018e-05	0.034399	supercritical
311.00	143.00	184.71	0.0054138	175.50	252.92	5.0789	0.68800	1.1324	356.31	0.16186	2.5054e-05	0.034441	supercritical
312.00	143.00	183.92	0.0054371	176.30	254.05	5.0825	0.68795	1.1305	356.91	0.16094	2.5091e-05	0.034482	supercritical
313.00	143.00	183.14	0.0054603	177.10	255.18	5.0862	0.68790	1.1286	357.50	0.16002	2.5129e-05	0.034525	supercritical
314.00	143.00	182.36	0.0054835	177.89	256.31	5.0898	0.68786	1.1268	358.09	0.15910	2.5166e-05	0.034567	supercritical
315.00	143.00	181.60	0.0055067	178.69	257.43	5.0933	0.68782	1.1250	358.69	0.15820	2.5203e-05	0.034611	supercritical
316.00	143.00	180.84	0.0055298	179.48	258.56	5.0969	0.68779	1.1233	359.27	0.15729	2.5241e-05	0.034654	supercritical
317.00	143.00	180.09	0.0055529	180.28	259.68	5.1005	0.68776	1.1215	359.86	0.15639	2.5279e-05	0.034698	supercritical
318.00	143.00	179.34	0.0055759	181.07	260.80	5.1040	0.68773	1.1198	360.45	0.15550	2.5317e-05	0.034742	supercritical
319.00	143.00	178.61	0.0055989	181.86	261.92	5.1075	0.68771	1.1182	361.03	0.15460	2.5355e-05	0.034786	supercritical
320.00	143.00	177.88	0.0056218	182.65	263.04	5.1110	0.68769	1.1165	361.62	0.15372	2.5393e-05	0.034831	supercritical
321.00	143.00	177.16	0.0056448	183.43	264.15	5.1145	0.68768	1.1149	362.20	0.15283	2.5432e-05	0.034876	supercritical
322.00	143.00	176.44	0.0056676	184.22	265.27	5.1179	0.68767	1.1133	362.78	0.15196	2.5470e-05	0.034921	supercritical
323.00	143.00	175.73	0.0056905	185.01	266.38	5.1214	0.68767	1.1118	363.35	0.15108	2.5509e-05	0.034967	supercritical
324.00	143.00	175.03	0.0057133	185.79	267.49	5.1248	0.68767	1.1102	363.93	0.15021	2.5548e-05	0.035013	supercritical
325.00	143.00	174.34	0.0057360	186.58	268.60	5.1282	0.68767	1.1087	364.51	0.14935	2.5586e-05	0.035059	supercritical
326.00	143.00	173.65	0.0057588	187.36	269.71	5.1316	0.68768	1.1073	365.08	0.14848	2.5625e-05	0.035105	supercritical
327.00	143.00	172.97	0.0057814	188.14	270.82	5.1350	0.68769	1.1058	365.65	0.14763	2.5665e-05	0.035152	supercritical
328.00	143.00	172.29	0.0058041	188.92	271.92	5.1384	0.68771	1.1044	366.22	0.14678	2.5704e-05	0.035199	supercritical
329.00	143.00	171.62	0.0058267	189.70	273.02	5.1418	0.68773	1.1030	366.79	0.14593	2.5743e-05	0.035246	supercritical
330.00	143.00	170.96	0.0058493	190.48	274.13	5.1451	0.68775	1.1016	367.36	0.14508	2.5783e-05	0.035294	supercritical
331.00	143.00	170.30	0.0058719	191.26	275.23	5.1484	0.68778	1.1003	367.92	0.14424	2.5822e-05	0.035341	supercritical
332.00	143.00	169.65	0.0058944	192.04	276.33	5.1518	0.68781	1.0990	368.49	0.14341	2.5862e-05	0.035389	supercritical
333.00	143.00	169.01	0.0059169	192.81	277.43	5.1551	0.68784	1.0977	369.05	0.14257	2.5901e-05	0.035438	supercritical
334.00	143.00	168.37	0.0059393	193.59	278.52	5.1584	0.68788	1.0964	369.61	0.14175	2.5941e-05	0.035486	supercritical
335.00	143.00	167.74	0.0059617	194.37	279.62	5.1616	0.68792	1.0951	370.17	0.14092	2.5981e-05	0.035535	supercritical
336.00	143.00	167.11	0.0059841	195.14	280.71	5.1649	0.68797	1.0939	370.73	0.14010	2.6021e-05	0.035584	supercritical
337.00	143.00	166.49	0.0060065	195.91	281.81	5.1681	0.68801	1.0927	371.29	0.13929	2.6061e-05	0.035633	supercritical
338.00	143.00	165.87	0.0060288	196.69	282.90	5.1714	0.68806	1.0915	371.84	0.13848	2.6101e-05	0.035682	supercritical
339.00	143.00	165.26	0.0060511	197.46	283.99	5.1746	0.68812	1.0903	372.39	0.13767	2.6141e-05	0.035732	supercritical
340.00	143.00	164.65	0.0060734	198.23	285.08	5.1778	0.68818	1.0891	372.95	0.13687	2.6182e-05	0.035781	supercritical
341.00	143.00	164.05	0.0060956	199.00	286.17	5.1810	0.68824	1.0880	373.50	0.13607	2.6222e-05	0.035831	supercritical
342.00	143.00	163.46	0.0061178	199.77	287.25	5.1842	0.68830	1.0869	374.05	0.13528	2.6262e-05	0.035881	supercritical
343.00	143.00	162.87	0.0061400	200.54	288.34	5.1874	0.68837	1.0858	374.60	0.13449	2.6303e-05	0.035932	supercritical
344.00	143.00	162.28	0.0061621	201.31	289.43	5.1905	0.68844	1.0847	375.14	0.13370	2.6343e-05	0.035982	supercritical
345.00	143.00	161.70	0.0061842	202.08	290.51	5.1937	0.68852	1.0836	375.69	0.13292	2.6384e-05	0.036033	supercritical
346.00	143.00	161.13	0.0062063	202.84	291.59	5.1968	0.68859	1.0826	376.23	0.13214	2.6425e-05	0.036084	supercritical
347.00	143.00	160.56	0.0062284	203.61	292.68	5.1999	0.68867	1.0816	376.78	0.13137	2.6465e-05	0.036135	supercritical
348.00	143.00	159.99	0.0062504	204.38	293.76	5.2030	0.68876	1.0806	377.32	0.13059	2.6506e-05	0.036186	supercritical
349.00	143.00	159.43	0.0062724	205.14	294.84	5.2061	0.68884	1.0796	377.86	0.12983	2.6547e-05	0.036238	supercritical
350.00	143.00	158.87	0.0062944	205.91	295.92	5.2092	0.68893	1.0786	378.40	0.12907	2.6588e-05	0.036289	supercritical
351.00	143.00	158.32	0.0063163	206.67	296.99	5.2123	0.68902	1.0776	378.93	0.12831	2.6629e-05	0.036341	supercritical
352.00	143.00	157.77	0.0063382	207.43	298.07	5.2154	0.68912	1.0767	379.47	0.12755	2.6670e-05	0.036393	supercritical
353.00	143.00	157.23	0.0063601	208.20	299.15	5.2184	0.68921	1.0758	380.00	0.12680	2.6711e-05	0.036445	supercritical
354.00	143.00	156.69	0.0063820	208.96	300.22	5.2215	0.68931	1.0749	380.54	0.12605	2.6752e-05	0.036497	supercritical
355.00	143.00	156.16	0.0064038	209.72	301.30	5.2245	0.68942	1.0740	381.07	0.12531	2.6793e-05	0.036550	supercritical
356.00	143.00	155.63	0.0064257	210.48	302.37	5.2275	0.68952	1.0731	381.60	0.12457	2.6834e-05	0.036602	supercritical
357.00	143.00	155.10	0.0064475	211.24	303.44	5.2305	0.68963	1.0722	382.13	0.12384	2.6875e-05	0.036655	supercritical
358.00	143.00	154.58	0.0064692	212.01	304.52	5.2335	0.68974	1.0714	382.66	0.12311	2.6916e-05	0.036708	supercritical
359.00	143.00	154.06	0.0064910	212.77	305.59	5.2365	0.68985	1.0705	383.18	0.12238	2.6958e-05	0.036761	supercritical
360.00	143.00	153.55	0.0065127	213.52	306.66	5.2395	0.68997	1.0697	383.71	0.12165	2.6999e-05	0.036814	supercritical
361.00	143.00	153.04	0.0065344	214.28	307.73	5.2424	0.69009	1.0689	384.23	0.12093	2.7040e-05	0.036867	supercritical
362.00	143.00	152.53	0.0065560	215.04	308.79	5.2454	0.69021	1.0681	384.75	0.12022	2.7082e-05	0.036920	supercritical
363.00	143.00	152.03	0.0065777	215.80	309.86	5.2483	0.69033	1.0673	385.28	0.11950	2.7123e-05	0.036974	supercritical
364.00	143.00	151.53	0.0065993	216.56	310.93	5.2513	0.69046	1.0666	385.80	0.11879	2.7164e-05	0.037027	supercritical
365.00	143.00	151.04	0.0066209	217.32	311.99	5.2542	0.69059	1.0658	386.32	0.11809	2.7206e-05	0.037081	supercritical
366.00	143.00	150.55	0.0066425	218.07	313.06	5.2571	0.69072	1.0651	386.83	0.11739	2.7247e-05	0.037135	supercritical
367.00	143.00	150.06	0.0066640	218.83	314.13	5.2600	0.69085	1.0643	387.35	0.11669	2.7289e-05	0.037189	supercritical
368.00	143.00	149.58	0.0066856	219.59	315.19	5.2629	0.69099	1.0636	387.87	0.11599	2.7330e-05	0.037243	supercritical
369.00	143.00	149.10	0.0067071	220.34	316.25	5.2658	0.69112	1.0629	388.38	0.11530	2.7372e-05	0.037297	supercritical
370.00	143.00	148.62	0.0067286	221.10	317.31	5.2687	0.69126	1.0622	388.89	0.11461	2.7414e-05	0.037352	supercritical
371.00	143.00	148.15	0.0067500	221.85	318.38	5.2716	0.69140	1.0616	389.40	0.11393	2.7455e-05	0.037406	supercritical
372.00	143.00	147.68	0.0067715	222.61	319.44	5.2744	0.69155	1.0609	389.91	0.11325	2.7497e-05	0.037461	supercritical
373.00	143.00	147.21	0.0067929	223.36	320.50	5.2773	0.69170	1.0602	390.42	0.11257	2.7538e-05	0.037515	supercritical
374.00	143.00	146.75	0.0068143	224.11	321.56	5.2801	0.69184	1.0596	390.93	0.11190	2.7580e-05	0.037570	supercritical
375.00	143.00	146.29	0.0068357	224.87	322.62	5.2829	0.69200	1.0589	391.44	0.11123	2.7622e-05	0.037625	supercritical
376.00	143.00	145.84	0.0068570	225.62	323.68	5.2857	0.69215	1.0583	391.95	0.11056	2.7663e-05	0.037680	supercritical
377.00	143.00	145.38	0.0068784	226.37	324.73	5.2886	0.69230	1.0577	392.45	0.10990	2.7705e-05	0.037735	supercritical
378.00	143.00	144.93	0.0068997	227.13	325.79	5.2914	0.69246	1.0571	392.95	0.10924	2.7747e-05	0.037790	supercritical
379.00	143.00	144.49	0.0069210	227.88	326.85	5.2941	0.69262	1.0565	393.46	0.10858	2.7789e-05	0.037845	supercritical
380.00	143.00	144.05	0.0069423	228.63	327.90	5.2969	0.69278	1.0559	393.96	0.10793	2.7830e-05	0.037901	supercritical
381.00	143.00	143.61	0.0069635	229.38	328.96	5.2997	0.69294	1.0554	394.46	0.10728	2.7872e-05	0.037956	supercritical
382.00	143.00	143.17	0.0069848	230.13	330.02	5.3025	0.69311	1.0548	394.96	0.10663	2.7914e-05	0.038012	supercritical
383.00	143.00	142.74	0.0070060	230.88	331.07	5.3052	0.69328	1.0543	395.45	0.10599	2.7956e-05	0.038067	supercritical
384.00	143.00	142.30	0.0070272	231.64	332.12	5.3080	0.69345	1.0537	395.95	0.10535	2.7998e-05	0.038123	supercritical
385.00	143.00	141.88	0.0070484	232.39	333.18	5.3107	0.69362	1.0532	396.45	0.10471	2.8039e-05	0.038179	supercritical
386.00	143.00	141.45	0.0070695	233.14	334.23	5.3134	0.69379	1.0527	396.94	0.10408	2.8081e-05	0.038234	supercritical
387.00	143.00	141.03	0.0070907	233.89	335.28	5.3162	0.69396	1.0522	397.43	0.10344	2.8123e-05	0.038290	supercritical
388.00	143.00	140.61	0.0071118	234.64	336.33	5.3189	0.69414	1.0516	397.93	0.10282	2.8165e-05	0.038346	supercritical
389.00	143.00	140.20	0.0071329	235.39	337.39	5.3216	0.69432	1.0512	398.42	0.10219	2.8207e-05	0.038403	supercritical
390.00	143.00	139.78	0.0071540	236.13	338.44	5.3243	0.69450	1.0507	398.91	0.10157	2.8248e-05	0.038459	supercritical
391.00	143.00	139.37	0.0071751	236.88	339.49	5.3270	0.69468	1.0502	399.40	0.10096	2.8290e-05	0.038515	supercritical
392.00	143.00	138.96	0.0071961	237.63	340.54	5.3297	0.69486	1.0497	399.89	0.10034	2.8332e-05	0.038571	supercritical
393.00	143.00	138.56	0.0072172	238.38	341.59	5.3323	0.69505	1.0493	400.37	0.099729	2.8374e-05	0.038628	supercritical
394.00	143.00	138.16	0.0072382	239.13	342.64	5.3350	0.69524	1.0488	400.86	0.099121	2.8416e-05	0.038684	supercritical
395.00	143.00	137.76	0.0072592	239.88	343.68	5.3377	0.69542	1.0484	401.34	0.098515	2.8458e-05	0.038741	supercritical
396.00	143.00	137.36	0.0072802	240.63	344.73	5.3403	0.69562	1.0479	401.83	0.097913	2.8500e-05	0.038797	supercritical
397.00	143.00	136.97	0.0073011	241.37	345.78	5.3429	0.69581	1.0475	402.31	0.097314	2.8541e-05	0.038854	supercritical
398.00	143.00	136.57	0.0073221	242.12	346.83	5.3456	0.69600	1.0471	402.79	0.096718	2.8583e-05	0.038911	supercritical
399.00	143.00	136.18	0.0073430	242.87	347.87	5.3482	0.69620	1.0467	403.27	0.096125	2.8625e-05	0.038967	supercritical
400.00	143.00	135.80	0.0073639	243.62	348.92	5.3508	0.69639	1.0463	403.75	0.095535	2.8667e-05	0.039024	supercritical
401.00	143.00	135.41	0.0073848	244.36	349.97	5.3534	0.69659	1.0459	404.23	0.094947	2.8709e-05	0.039081	supercritical
402.00	143.00	135.03	0.0074057	245.11	351.01	5.3560	0.69679	1.0455	404.71	0.094363	2.8751e-05	0.039138	supercritical
403.00	143.00	134.65	0.0074266	245.86	352.06	5.3586	0.69699	1.0451	405.19	0.093782	2.8793e-05	0.039195	supercritical
404.00	143.00	134.27	0.0074474	246.60	353.10	5.3612	0.69720	1.0447	405.66	0.093203	2.8834e-05	0.039252	supercritical
405.00	143.00	133.90	0.0074683	247.35	354.15	5.3638	0.69740	1.0444	406.14	0.092628	2.8876e-05	0.039309	supercritical
406.00	143.00	133.53	0.0074891	248.10	355.19	5.3664	0.69761	1.0440	406.61	0.092055	2.8918e-05	0.039367	supercritical
407.00	143.00	133.16	0.0075099	248.84	356.24	5.3690	0.69781	1.0437	407.08	0.091486	2.8960e-05	0.039424	supercritical
408.00	143.00	132.79	0.0075307	249.59	357.28	5.3715	0.69802	1.0433	407.56	0.090919	2.9002e-05	0.039481	supercritical
409.00	143.00	132.42	0.0075515	250.34	358.32	5.3741	0.69823	1.0430	408.03	0.090355	2.9044e-05	0.039539	supercritical
410.00	143.00	132.06	0.0075722	251.08	359.37	5.3766	0.69844	1.0427	408.50	0.089794	2.9085e-05	0.039596	supercritical
411.00	143.00	131.70	0.0075930	251.83	360.41	5.3792	0.69866	1.0423	408.97	0.089235	2.9127e-05	0.039653	supercritical
412.00	143.00	131.34	0.0076137	252.57	361.45	5.3817	0.69887	1.0420	409.43	0.088680	2.9169e-05	0.039711	supercritical
413.00	143.00	130.99	0.0076344	253.32	362.49	5.3842	0.69909	1.0417	409.90	0.088127	2.9211e-05	0.039769	supercritical
414.00	143.00	130.63	0.0076551	254.07	363.53	5.3867	0.69930	1.0414	410.37	0.087577	2.9253e-05	0.039826	supercritical
415.00	143.00	130.28	0.0076758	254.81	364.57	5.3892	0.69952	1.0411	410.83	0.087029	2.9294e-05	0.039884	supercritical
416.00	143.00	129.93	0.0076965	255.56	365.62	5.3918	0.69974	1.0408	411.30	0.086485	2.9336e-05	0.039942	supercritical
417.00	143.00	129.58	0.0077171	256.30	366.66	5.3943	0.69996	1.0405	411.76	0.085943	2.9378e-05	0.039999	supercritical
418.00	143.00	129.24	0.0077378	257.05	367.70	5.3967	0.70018	1.0403	412.22	0.085403	2.9420e-05	0.040057	supercritical
419.00	143.00	128.89	0.0077584	257.79	368.74	5.3992	0.70041	1.0400	412.69	0.084867	2.9461e-05	0.040115	supercritical
420.00	143.00	128.55	0.0077790	258.54	369.78	5.4017	0.70063	1.0397	413.15	0.084333	2.9503e-05	0.040173	supercritical
421.00	143.00	128.21	0.0077996	259.28	370.82	5.4042	0.70086	1.0395	413.61	0.083802	2.9545e-05	0.040231	supercritical
422.00	143.00	127.87	0.0078202	260.03	371.86	5.4066	0.70108	1.0392	414.07	0.083273	2.9587e-05	0.040289	supercritical
423.00	143.00	127.54	0.0078408	260.77	372.89	5.4091	0.70131	1.0389	414.52	0.082747	2.9628e-05	0.040347	supercritical
424.00	143.00	127.20	0.0078613	261.52	373.93	5.4116	0.70154	1.0387	414.98	0.082224	2.9670e-05	0.040405	supercritical
425.00	143.00	126.87	0.0078819	262.26	374.97	5.4140	0.70177	1.0385	415.44	0.081703	2.9712e-05	0.040463	supercritical
426.00	143.00	126.54	0.0079024	263.01	376.01	5.4164	0.70200	1.0382	415.89	0.081184	2.9753e-05	0.040521	supercritical
427.00	143.00	126.22	0.0079230	263.75	377.05	5.4189	0.70224	1.0380	416.35	0.080669	2.9795e-05	0.040579	supercritical
428.00	143.00	125.89	0.0079435	264.49	378.09	5.4213	0.70247	1.0378	416.80	0.080155	2.9837e-05	0.040637	supercritical
429.00	143.00	125.57	0.0079640	265.24	379.12	5.4237	0.70270	1.0376	417.26	0.079645	2.9878e-05	0.040696	supercritical
430.00	143.00	125.24	0.0079844	265.98	380.16	5.4261	0.70294	1.0373	417.71	0.079137	2.9920e-05	0.040754	supercritical
431.00	143.00	124.92	0.0080049	266.73	381.20	5.4286	0.70318	1.0371	418.16	0.078631	2.9961e-05	0.040812	supercritical
432.00	143.00	124.60	0.0080254	267.47	382.24	5.4310	0.70341	1.0369	418.61	0.078128	3.0003e-05	0.040870	supercritical
433.00	143.00	124.29	0.0080458	268.22	383.27	5.4334	0.70365	1.0367	419.06	0.077627	3.0045e-05	0.040929	supercritical
434.00	143.00	123.97	0.0080663	268.96	384.31	5.4357	0.70389	1.0365	419.51	0.077128	3.0086e-05	0.040987	supercritical
435.00	143.00	123.66	0.0080867	269.71	385.35	5.4381	0.70413	1.0364	419.96	0.076633	3.0128e-05	0.041046	supercritical
436.00	143.00	123.35	0.0081071	270.45	386.38	5.4405	0.70438	1.0362	420.40	0.076139	3.0169e-05	0.041104	supercritical
437.00	143.00	123.04	0.0081275	271.20	387.42	5.4429	0.70462	1.0360	420.85	0.075648	3.0211e-05	0.041163	supercritical
438.00	143.00	122.73	0.0081479	271.94	388.45	5.4453	0.70486	1.0358	421.30	0.075159	3.0252e-05	0.041221	supercritical
439.00	143.00	122.43	0.0081682	272.68	389.49	5.4476	0.70511	1.0357	421.74	0.074673	3.0294e-05	0.041280	supercritical
440.00	143.00	122.12	0.0081886	273.43	390.53	5.4500	0.70535	1.0355	422.18	0.074189	3.0335e-05	0.041338	supercritical
441.00	143.00	121.82	0.0082090	274.17	391.56	5.4523	0.70560	1.0353	422.63	0.073708	3.0377e-05	0.041397	supercritical
442.00	143.00	121.52	0.0082293	274.92	392.60	5.4547	0.70585	1.0352	423.07	0.073228	3.0418e-05	0.041455	supercritical
443.00	143.00	121.22	0.0082496	275.66	393.63	5.4570	0.70609	1.0350	423.51	0.072751	3.0460e-05	0.041514	supercritical
444.00	143.00	120.92	0.0082699	276.41	394.67	5.4593	0.70634	1.0349	423.95	0.072277	3.0501e-05	0.041573	supercritical
445.00	143.00	120.62	0.0082902	277.15	395.70	5.4617	0.70659	1.0347	424.39	0.071804	3.0542e-05	0.041631	supercritical
446.00	143.00	120.33	0.0083105	277.89	396.74	5.4640	0.70684	1.0346	424.83	0.071334	3.0584e-05	0.041690	supercritical
447.00	143.00	120.04	0.0083308	278.64	397.77	5.4663	0.70710	1.0345	425.27	0.070866	3.0625e-05	0.041749	supercritical
448.00	143.00	119.74	0.0083511	279.38	398.80	5.4686	0.70735	1.0343	425.71	0.070401	3.0667e-05	0.041808	supercritical
449.00	143.00	119.46	0.0083714	280.13	399.84	5.4709	0.70760	1.0342	426.14	0.069938	3.0708e-05	0.041866	supercritical
450.00	143.00	119.17	0.0083916	280.87	400.87	5.4732	0.70786	1.0341	426.58	0.069476	3.0749e-05	0.041925	supercritical
451.00	143.00	118.88	0.0084118	281.62	401.91	5.4755	0.70811	1.0340	427.02	0.069018	3.0790e-05	0.041984	supercritical
452.00	143.00	118.59	0.0084321	282.36	402.94	5.4778	0.70837	1.0339	427.45	0.068561	3.0832e-05	0.042043	supercritical
453.00	143.00	118.31	0.0084523	283.11	403.97	5.4801	0.70862	1.0337	427.89	0.068106	3.0873e-05	0.042102	supercritical
454.00	143.00	118.03	0.0084725	283.85	405.01	5.4824	0.70888	1.0336	428.32	0.067654	3.0914e-05	0.042161	supercritical
455.00	143.00	117.75	0.0084927	284.60	406.04	5.4846	0.70914	1.0335	428.75	0.067204	3.0955e-05	0.042220	supercritical
456.00	143.00	117.47	0.0085129	285.34	407.08	5.4869	0.70940	1.0334	429.18	0.066756	3.0997e-05	0.042278	supercritical
457.00	143.00	117.19	0.0085331	286.09	408.11	5.4892	0.70966	1.0333	429.61	0.066310	3.1038e-05	0.042337	supercritical
458.00	143.00	116.92	0.0085532	286.83	409.14	5.4914	0.70992	1.0333	430.04	0.065866	3.1079e-05	0.042396	supercritical
459.00	143.00	116.64	0.0085734	287.58	410.18	5.4937	0.71018	1.0332	430.47	0.065425	3.1120e-05	0.042455	supercritical
460.00	143.00	116.37	0.0085935	288.32	411.21	5.4959	0.71044	1.0331	430.90	0.064985	3.1161e-05	0.042514	supercritical
461.00	143.00	116.09	0.0086137	289.07	412.24	5.4982	0.71070	1.0330	431.33	0.064548	3.1202e-05	0.042573	supercritical
462.00	143.00	115.82	0.0086338	289.81	413.27	5.5004	0.71096	1.0329	431.76	0.064112	3.1244e-05	0.042632	supercritical
463.00	143.00	115.55	0.0086539	290.56	414.31	5.5027	0.71122	1.0329	432.19	0.063679	3.1285e-05	0.042691	supercritical
464.00	143.00	115.29	0.0086740	291.30	415.34	5.5049	0.71149	1.0328	432.61	0.063248	3.1326e-05	0.042751	supercritical
465.00	143.00	115.02	0.0086941	292.05	416.37	5.5071	0.71175	1.0327	433.04	0.062819	3.1367e-05	0.042810	supercritical
466.00	143.00	114.76	0.0087142	292.79	417.41	5.5093	0.71202	1.0327	433.46	0.062391	3.1408e-05	0.042869	supercritical
467.00	143.00	114.49	0.0087343	293.54	418.44	5.5115	0.71228	1.0326	433.89	0.061966	3.1449e-05	0.042928	supercritical
468.00	143.00	114.23	0.0087543	294.28	419.47	5.5137	0.71255	1.0325	434.31	0.061543	3.1490e-05	0.042987	supercritical
469.00	143.00	113.97	0.0087744	295.03	420.50	5.5160	0.71282	1.0325	434.73	0.061122	3.1531e-05	0.043046	supercritical
470.00	143.00	113.71	0.0087944	295.78	421.54	5.5182	0.71308	1.0324	435.15	0.060703	3.1572e-05	0.043105	supercritical
471.00	143.00	113.45	0.0088145	296.52	422.57	5.5203	0.71335	1.0324	435.58	0.060286	3.1612e-05	0.043164	supercritical
472.00	143.00	113.19	0.0088345	297.27	423.60	5.5225	0.71362	1.0323	436.00	0.059870	3.1653e-05	0.043224	supercritical
473.00	143.00	112.94	0.0088545	298.01	424.63	5.5247	0.71389	1.0323	436.42	0.059457	3.1694e-05	0.043283	supercritical
474.00	143.00	112.68	0.0088746	298.76	425.66	5.5269	0.71416	1.0323	436.84	0.059046	3.1735e-05	0.043342	supercritical
475.00	143.00	112.43	0.0088946	299.51	426.70	5.5291	0.71443	1.0322	437.25	0.058636	3.1776e-05	0.043401	supercritical
476.00	143.00	112.18	0.0089146	300.25	427.73	5.5312	0.71470	1.0322	437.67	0.058229	3.1817e-05	0.043460	supercritical
477.00	143.00	111.93	0.0089345	301.00	428.76	5.5334	0.71497	1.0322	438.09	0.057823	3.1858e-05	0.043520	supercritical
478.00	143.00	111.68	0.0089545	301.74	429.79	5.5356	0.71524	1.0321	438.51	0.057419	3.1898e-05	0.043579	supercritical
479.00	143.00	111.43	0.0089745	302.49	430.83	5.5377	0.71551	1.0321	438.92	0.057017	3.1939e-05	0.043638	supercritical
480.00	143.00	111.18	0.0089944	303.24	431.86	5.5399	0.71578	1.0321	439.34	0.056617	3.1980e-05	0.043697	supercritical
481.00	143.00	110.93	0.0090144	303.98	432.89	5.5420	0.71606	1.0321	439.75	0.056219	3.2021e-05	0.043757	supercritical
482.00	143.00	110.69	0.0090343	304.73	433.92	5.5442	0.71633	1.0320	440.17	0.055823	3.2061e-05	0.043816	supercritical
483.00	143.00	110.45	0.0090543	305.48	434.95	5.5463	0.71660	1.0320	440.58	0.055428	3.2102e-05	0.043875	supercritical
484.00	143.00	110.20	0.0090742	306.23	435.99	5.5484	0.71688	1.0320	440.99	0.055036	3.2143e-05	0.043934	supercritical
485.00	143.00	109.96	0.0090941	306.97	437.02	5.5506	0.71715	1.0320	441.41	0.054645	3.2183e-05	0.043994	supercritical
486.00	143.00	109.72	0.0091140	307.72	438.05	5.5527	0.71742	1.0320	441.82	0.054256	3.2224e-05	0.044053	supercritical
487.00	143.00	109.48	0.0091339	308.47	439.08	5.5548	0.71770	1.0320	442.23	0.053869	3.2264e-05	0.044112	supercritical
488.00	143.00	109.24	0.0091538	309.21	440.11	5.5569	0.71797	1.0320	442.64	0.053483	3.2305e-05	0.044172	supercritical
489.00	143.00	109.01	0.0091737	309.96	441.15	5.5591	0.71825	1.0320	443.05	0.053100	3.2345e-05	0.044231	supercritical
490.00	143.00	108.77	0.0091936	310.71	442.18	5.5612	0.71853	1.0320	443.46	0.052718	3.2386e-05	0.044290	supercritical
491.00	143.00	108.54	0.0092135	311.46	443.21	5.5633	0.71880	1.0320	443.87	0.052338	3.2426e-05	0.044350	supercritical
492.00	143.00	108.30	0.0092333	312.21	444.24	5.5654	0.71908	1.0320	444.27	0.051959	3.2467e-05	0.044409	supercritical
493.00	143.00	108.07	0.0092532	312.95	445.27	5.5675	0.71936	1.0320	444.68	0.051582	3.2507e-05	0.044468	supercritical
494.00	143.00	107.84	0.0092730	313.70	446.31	5.5696	0.71963	1.0320	445.09	0.051208	3.2548e-05	0.044528	supercritical
495.00	143.00	107.61	0.0092928	314.45	447.34	5.5716	0.71991	1.0321	445.49	0.050834	3.2588e-05	0.044587	supercritical
496.00	143.00	107.38	0.0093127	315.20	448.37	5.5737	0.72019	1.0321	445.90	0.050463	3.2629e-05	0.044646	supercritical
497.00	143.00	107.15	0.0093325	315.95	449.40	5.5758	0.72047	1.0321	446.31	0.050093	3.2669e-05	0.044706	supercritical
498.00	143.00	106.93	0.0093523	316.70	450.43	5.5779	0.72075	1.0321	446.71	0.049725	3.2709e-05	0.044765	supercritical
499.00	143.00	106.70	0.0093721	317.45	451.47	5.5799	0.72103	1.0321	447.11	0.049358	3.2750e-05	0.044824	supercritical
500.00	143.00	106.47	0.0093919	318.19	452.50	5.5820	0.72131	1.0322	447.52	0.048994	3.2790e-05	0.044884	supercritical
501.00	143.00	106.25	0.0094117	318.94	453.53	5.5841	0.72158	1.0322	447.92	0.048630	3.2830e-05	0.044943	supercritical
502.00	143.00	106.03	0.0094315	319.69	454.56	5.5861	0.72186	1.0322	448.32	0.048269	3.2870e-05	0.045003	supercritical
503.00	143.00	105.81	0.0094513	320.44	455.60	5.5882	0.72214	1.0323	448.72	0.047909	3.2911e-05	0.045062	supercritical
504.00	143.00	105.59	0.0094710	321.19	456.63	5.5902	0.72242	1.0323	449.12	0.047551	3.2951e-05	0.045121	supercritical
505.00	143.00	105.37	0.0094908	321.94	457.66	5.5923	0.72270	1.0323	449.53	0.047194	3.2991e-05	0.045181	supercritical
506.00	143.00	105.15	0.0095106	322.69	458.69	5.5943	0.72299	1.0324	449.93	0.046839	3.3031e-05	0.045240	supercritical
507.00	143.00	104.93	0.0095303	323.44	459.72	5.5964	0.72327	1.0324	450.32	0.046486	3.3071e-05	0.045300	supercritical
508.00	143.00	104.71	0.0095500	324.19	460.76	5.5984	0.72355	1.0325	450.72	0.046134	3.3111e-05	0.045359	supercritical
509.00	143.00	104.50	0.0095698	324.94	461.79	5.6004	0.72383	1.0325	451.12	0.045784	3.3152e-05	0.045418	supercritical
510.00	143.00	104.28	0.0095895	325.69	462.82	5.6025	0.72411	1.0325	451.52	0.045435	3.3192e-05	0.045478	supercritical
511.00	143.00	104.07	0.0096092	326.44	463.85	5.6045	0.72439	1.0326	451.92	0.045088	3.3232e-05	0.045537	supercritical
512.00	143.00	103.85	0.0096289	327.19	464.89	5.6065	0.72467	1.0326	452.31	0.044743	3.3272e-05	0.045597	supercritical
513.00	143.00	103.64	0.0096486	327.94	465.92	5.6085	0.72496	1.0327	452.71	0.044399	3.3312e-05	0.045656	supercritical
514.00	143.00	103.43	0.0096683	328.70	466.95	5.6105	0.72524	1.0328	453.10	0.044056	3.3352e-05	0.045715	supercritical
515.00	143.00	103.22	0.0096880	329.45	467.99	5.6125	0.72552	1.0328	453.50	0.043715	3.3392e-05	0.045775	supercritical
516.00	143.00	103.01	0.0097077	330.20	469.02	5.6145	0.72580	1.0329	453.89	0.043376	3.3432e-05	0.045834	supercritical
517.00	143.00	102.80	0.0097274	330.95	470.05	5.6165	0.72608	1.0329	454.29	0.043038	3.3472e-05	0.045894	supercritical
518.00	143.00	102.59	0.0097471	331.70	471.08	5.6185	0.72637	1.0330	454.68	0.042702	3.3511e-05	0.045953	supercritical
519.00	143.00	102.39	0.0097667	332.45	472.12	5.6205	0.72665	1.0330	455.07	0.042367	3.3551e-05	0.046012	supercritical
520.00	143.00	102.18	0.0097864	333.20	473.15	5.6225	0.72693	1.0331	455.47	0.042033	3.3591e-05	0.046072	supercritical
521.00	143.00	101.98	0.0098060	333.96	474.18	5.6245	0.72722	1.0332	455.86	0.041701	3.3631e-05	0.046131	supercritical
522.00	143.00	101.77	0.0098257	334.71	475.22	5.6265	0.72750	1.0332	456.25	0.041371	3.3671e-05	0.046190	supercritical
523.00	143.00	101.57	0.0098453	335.46	476.25	5.6285	0.72778	1.0333	456.64	0.041042	3.3711e-05	0.046250	supercritical
524.00	143.00	101.37	0.0098650	336.21	477.28	5.6304	0.72807	1.0334	457.03	0.040715	3.3750e-05	0.046309	supercritical
525.00	143.00	101.17	0.0098846	336.97	478.32	5.6324	0.72835	1.0335	457.42	0.040388	3.3790e-05	0.046369	supercritical
526.00	143.00	100.97	0.0099042	337.72	479.35	5.6344	0.72863	1.0335	457.81	0.040064	3.3830e-05	0.046428	supercritical
527.00	143.00	100.77	0.0099238	338.47	480.38	5.6363	0.72892	1.0336	458.20	0.039741	3.3869e-05	0.046487	supercritical
528.00	143.00	100.57	0.0099434	339.23	481.42	5.6383	0.72920	1.0337	458.59	0.039419	3.3909e-05	0.046547	supercritical
529.00	143.00	100.37	0.0099630	339.98	482.45	5.6402	0.72948	1.0338	458.98	0.039099	3.3949e-05	0.046606	supercritical
530.00	143.00	100.17	0.0099826	340.73	483.48	5.6422	0.72977	1.0338	459.36	0.038780	3.3988e-05	0.046666	supercritical
531.00	143.00	99.978	0.010002	341.49	484.52	5.6441	0.73005	1.0339	459.75	0.038462	3.4028e-05	0.046725	supercritical
532.00	143.00	99.783	0.010022	342.24	485.55	5.6461	0.73034	1.0340	460.14	0.038146	3.4067e-05	0.046784	supercritical
533.00	143.00	99.588	0.010041	343.00	486.59	5.6480	0.73062	1.0341	460.52	0.037831	3.4107e-05	0.046844	supercritical
534.00	143.00	99.394	0.010061	343.75	487.62	5.6500	0.73090	1.0342	460.91	0.037518	3.4147e-05	0.046903	supercritical
535.00	143.00	99.201	0.010081	344.50	488.66	5.6519	0.73119	1.0343	461.29	0.037206	3.4186e-05	0.046962	supercritical
536.00	143.00	99.009	0.010100	345.26	489.69	5.6538	0.73147	1.0343	461.68	0.036895	3.4226e-05	0.047022	supercritical
537.00	143.00	98.818	0.010120	346.01	490.72	5.6558	0.73176	1.0344	462.06	0.036586	3.4265e-05	0.047081	supercritical
538.00	143.00	98.628	0.010139	346.77	491.76	5.6577	0.73204	1.0345	462.44	0.036278	3.4304e-05	0.047141	supercritical
539.00	143.00	98.438	0.010159	347.52	492.79	5.6596	0.73232	1.0346	462.83	0.035971	3.4344e-05	0.047200	supercritical
540.00	143.00	98.249	0.010178	348.28	493.83	5.6615	0.73261	1.0347	463.21	0.035666	3.4383e-05	0.047259	supercritical
541.00	143.00	98.061	0.010198	349.03	494.86	5.6634	0.73289	1.0348	463.59	0.035362	3.4423e-05	0.047319	supercritical
542.00	143.00	97.873	0.010217	349.79	495.90	5.6654	0.73318	1.0349	463.97	0.035059	3.4462e-05	0.047378	supercritical
543.00	143.00	97.687	0.010237	350.55	496.93	5.6673	0.73346	1.0350	464.35	0.034758	3.4501e-05	0.047437	supercritical
544.00	143.00	97.501	0.010256	351.30	497.97	5.6692	0.73374	1.0351	464.74	0.034458	3.4541e-05	0.047497	supercritical
545.00	143.00	97.316	0.010276	352.06	499.00	5.6711	0.73403	1.0352	465.12	0.034159	3.4580e-05	0.047556	supercritical
546.00	143.00	97.131	0.010295	352.81	500.04	5.6730	0.73431	1.0353	465.50	0.033861	3.4619e-05	0.047615	supercritical
547.00	143.00	96.948	0.010315	353.57	501.07	5.6749	0.73460	1.0354	465.87	0.033565	3.4658e-05	0.047674	supercritical
548.00	143.00	96.765	0.010334	354.33	502.11	5.6768	0.73488	1.0355	466.25	0.033270	3.4697e-05	0.047734	supercritical
549.00	143.00	96.583	0.010354	355.08	503.14	5.6786	0.73516	1.0356	466.63	0.032976	3.4737e-05	0.047793	supercritical
550.00	143.00	96.402	0.010373	355.84	504.18	5.6805	0.73545	1.0357	467.01	0.032684	3.4776e-05	0.047852	supercritical
551.00	143.00	96.221	0.010393	356.60	505.22	5.6824	0.73573	1.0358	467.39	0.032393	3.4815e-05	0.047912	supercritical
552.00	143.00	96.041	0.010412	357.36	506.25	5.6843	0.73602	1.0359	467.76	0.032103	3.4854e-05	0.047971	supercritical
553.00	143.00	95.862	0.010432	358.11	507.29	5.6862	0.73630	1.0360	468.14	0.031814	3.4893e-05	0.048030	supercritical
554.00	143.00	95.683	0.010451	358.87	508.32	5.6880	0.73658	1.0361	468.52	0.031527	3.4932e-05	0.048090	supercritical
555.00	143.00	95.506	0.010471	359.63	509.36	5.6899	0.73687	1.0362	468.89	0.031241	3.4971e-05	0.048149	supercritical
556.00	143.00	95.329	0.010490	360.39	510.40	5.6918	0.73715	1.0364	469.27	0.030956	3.5010e-05	0.048208	supercritical
557.00	143.00	95.152	0.010509	361.15	511.43	5.6936	0.73743	1.0365	469.64	0.030672	3.5049e-05	0.048267	supercritical
558.00	143.00	94.977	0.010529	361.91	512.47	5.6955	0.73772	1.0366	470.02	0.030389	3.5088e-05	0.048327	supercritical
559.00	143.00	94.802	0.010548	362.66	513.51	5.6973	0.73800	1.0367	470.39	0.030108	3.5127e-05	0.048386	supercritical
560.00	143.00	94.627	0.010568	363.42	514.54	5.6992	0.73828	1.0368	470.76	0.029828	3.5166e-05	0.048445	supercritical
561.00	143.00	94.454	0.010587	364.18	515.58	5.7010	0.73857	1.0369	471.14	0.029549	3.5205e-05	0.048504	supercritical
562.00	143.00	94.281	0.010607	364.94	516.62	5.7029	0.73885	1.0370	471.51	0.029271	3.5244e-05	0.048563	supercritical
563.00	143.00	94.109	0.010626	365.70	517.65	5.7047	0.73913	1.0372	471.88	0.028994	3.5283e-05	0.048623	supercritical
564.00	143.00	93.937	0.010645	366.46	518.69	5.7066	0.73941	1.0373	472.25	0.028719	3.5322e-05	0.048682	supercritical
565.00	143.00	93.766	0.010665	367.22	519.73	5.7084	0.73970	1.0374	472.63	0.028444	3.5360e-05	0.048741	supercritical
566.00	143.00	93.596	0.010684	367.98	520.77	5.7102	0.73998	1.0375	473.00	0.028171	3.5399e-05	0.048800	supercritical
567.00	143.00	93.426	0.010704	368.74	521.80	5.7121	0.74026	1.0377	473.37	0.027899	3.5438e-05	0.048860	supercritical
568.00	143.00	93.258	0.010723	369.50	522.84	5.7139	0.74054	1.0378	473.74	0.027628	3.5477e-05	0.048919	supercritical
569.00	143.00	93.089	0.010742	370.26	523.88	5.7157	0.74082	1.0379	474.11	0.027359	3.5515e-05	0.048978	supercritical
570.00	143.00	92.922	0.010762	371.02	524.92	5.7176	0.74111	1.0380	474.48	0.027090	3.5554e-05	0.049037	supercritical
571.00	143.00	92.755	0.010781	371.78	525.95	5.7194	0.74139	1.0381	474.84	0.026822	3.5593e-05	0.049096	supercritical
572.00	143.00	92.588	0.010800	372.55	526.99	5.7212	0.74167	1.0383	475.21	0.026556	3.5631e-05	0.049155	supercritical
573.00	143.00	92.423	0.010820	373.31	528.03	5.7230	0.74195	1.0384	475.58	0.026291	3.5670e-05	0.049214	supercritical
574.00	143.00	92.258	0.010839	374.07	529.07	5.7248	0.74223	1.0385	475.95	0.026027	3.5709e-05	0.049274	supercritical
575.00	143.00	92.093	0.010859	374.83	530.11	5.7266	0.74251	1.0387	476.32	0.025764	3.5747e-05	0.049333	supercritical
576.00	143.00	91.929	0.010878	375.59	531.15	5.7284	0.74279	1.0388	476.68	0.025502	3.5786e-05	0.049392	supercritical
577.00	143.00	91.766	0.010897	376.35	532.19	5.7302	0.74307	1.0389	477.05	0.025241	3.5824e-05	0.049451	supercritical
578.00	143.00	91.604	0.010917	377.12	533.22	5.7320	0.74335	1.0390	477.42	0.024981	3.5863e-05	0.049510	supercritical
579.00	143.00	91.442	0.010936	377.88	534.26	5.7338	0.74364	1.0392	477.78	0.024722	3.5901e-05	0.049569	supercritical
580.00	143.00	91.280	0.010955	378.64	535.30	5.7356	0.74392	1.0393	478.15	0.024464	3.5940e-05	0.049628	supercritical
581.00	143.00	91.120	0.010975	379.41	536.34	5.7374	0.74420	1.0394	478.51	0.024208	3.5978e-05	0.049687	supercritical
582.00	143.00	90.960	0.010994	380.17	537.38	5.7392	0.74448	1.0396	478.88	0.023952	3.6017e-05	0.049746	supercritical
583.00	143.00	90.800	0.011013	380.93	538.42	5.7410	0.74475	1.0397	479.24	0.023698	3.6055e-05	0.049805	supercritical
584.00	143.00	90.641	0.011033	381.70	539.46	5.7428	0.74503	1.0398	479.60	0.023444	3.6093e-05	0.049865	supercritical
585.00	143.00	90.483	0.011052	382.46	540.50	5.7445	0.74531	1.0400	479.97	0.023192	3.6132e-05	0.049924	supercritical
586.00	143.00	90.325	0.011071	383.22	541.54	5.7463	0.74559	1.0401	480.33	0.022941	3.6170e-05	0.049983	supercritical
587.00	143.00	90.168	0.011090	383.99	542.58	5.7481	0.74587	1.0403	480.69	0.022690	3.6208e-05	0.050042	supercritical
588.00	143.00	90.011	0.011110	384.75	543.62	5.7499	0.74615	1.0404	481.05	0.022441	3.6247e-05	0.050101	supercritical
589.00	143.00	89.855	0.011129	385.52	544.66	5.7516	0.74643	1.0405	481.42	0.022193	3.6285e-05	0.050160	supercritical
590.00	143.00	89.700	0.011148	386.28	545.70	5.7534	0.74671	1.0407	481.78	0.021945	3.6323e-05	0.050219	supercritical
591.00	143.00	89.545	0.011168	387.05	546.74	5.7552	0.74698	1.0408	482.14	0.021699	3.6361e-05	0.050278	supercritical
592.00	143.00	89.391	0.011187	387.81	547.78	5.7569	0.74726	1.0409	482.50	0.021454	3.6400e-05	0.050337	supercritical
593.00	143.00	89.237	0.011206	388.58	548.83	5.7587	0.74754	1.0411	482.86	0.021209	3.6438e-05	0.050396	supercritical
594.00	143.00	89.084	0.011225	389.34	549.87	5.7604	0.74782	1.0412	483.22	0.020966	3.6476e-05	0.050455	supercritical
595.00	143.00	88.931	0.011245	390.11	550.91	5.7622	0.74809	1.0414	483.58	0.020724	3.6514e-05	0.050513	supercritical
596.00	143.00	88.779	0.011264	390.88	551.95	5.7639	0.74837	1.0415	483.94	0.020482	3.6552e-05	0.050572	supercritical
597.00	143.00	88.628	0.011283	391.64	552.99	5.7657	0.74865	1.0417	484.30	0.020242	3.6590e-05	0.050631	supercritical
598.00	143.00	88.477	0.011302	392.41	554.03	5.7674	0.74892	1.0418	484.66	0.020003	3.6628e-05	0.050690	supercritical
599.00	143.00	88.326	0.011322	393.17	555.07	5.7692	0.74920	1.0419	485.01	0.019764	3.6666e-05	0.050749	supercritical
600.00	143.00	88.176	0.011341	393.94	556.12	5.7709	0.74948	1.0421	485.37	0.019527	3.6704e-05	0.050808	supercritical
