Temperature (K)	Pressure (bar)	Density (kg/m3)	Volume (m3/kg)	Internal Energy (kJ/kg)	Enthalpy (kJ/kg)	Entropy (J/g*K)	Cv (J/g*K)	Cp (J/g*K)	Sound Spd. (m/s)	Joule-Thomson (K/bar)	Viscosity (Pa*s)	Therm. Cond. (W/m*K)	Phase
60.000	105.00	1294.3	0.00077263	-185.78	-177.67	2.2299	1.0926	1.6520	1155.8	-0.037654	0.00062764	0.19815	liquid
61.000	105.00	1290.1	0.00077516	-184.16	-176.02	2.2572	1.0846	1.6542	1151.9	-0.037496	0.00059813	0.19683	liquid
62.000	105.00	1285.8	0.00077771	-182.53	-174.36	2.2841	1.0775	1.6560	1147.3	-0.037354	0.00057057	0.19552	liquid
63.000	105.00	1281.6	0.00078029	-180.90	-172.71	2.3107	1.0710	1.6573	1142.1	-0.037225	0.00054484	0.19420	liquid
64.000	105.00	1277.3	0.00078289	-179.27	-171.05	2.3368	1.0649	1.6583	1136.5	-0.037109	0.00052079	0.19288	liquid
65.000	105.00	1273.0	0.00078552	-177.64	-169.39	2.3625	1.0593	1.6590	1130.5	-0.037002	0.00049831	0.19156	liquid
66.000	105.00	1268.8	0.00078818	-176.01	-167.73	2.3878	1.0538	1.6593	1124.2	-0.036902	0.00047727	0.19024	liquid
67.000	105.00	1264.5	0.00079085	-174.37	-166.07	2.4128	1.0487	1.6594	1117.7	-0.036809	0.00045756	0.18892	liquid
68.000	105.00	1260.2	0.00079355	-172.74	-164.41	2.4373	1.0436	1.6593	1111.0	-0.036719	0.00043909	0.18761	liquid
69.000	105.00	1255.9	0.00079627	-171.11	-162.75	2.4616	1.0387	1.6590	1104.2	-0.036632	0.00042177	0.18629	liquid
70.000	105.00	1251.5	0.00079902	-169.48	-161.09	2.4854	1.0339	1.6586	1097.2	-0.036545	0.00040550	0.18497	liquid
71.000	105.00	1247.2	0.00080178	-167.85	-159.44	2.5090	1.0292	1.6581	1090.2	-0.036459	0.00039021	0.18365	liquid
72.000	105.00	1242.9	0.00080457	-166.23	-157.78	2.5321	1.0246	1.6575	1083.0	-0.036371	0.00037583	0.18234	liquid
73.000	105.00	1238.6	0.00080739	-164.60	-156.12	2.5550	1.0200	1.6569	1075.9	-0.036281	0.00036228	0.18102	liquid
74.000	105.00	1234.2	0.00081022	-162.97	-154.46	2.5775	1.0155	1.6563	1068.7	-0.036188	0.00034952	0.17971	liquid
75.000	105.00	1229.9	0.00081308	-161.35	-152.81	2.5998	1.0110	1.6557	1061.4	-0.036090	0.00033748	0.17839	liquid
76.000	105.00	1225.5	0.00081597	-159.72	-151.15	2.6217	1.0066	1.6551	1054.2	-0.035988	0.00032610	0.17707	liquid
77.000	105.00	1221.2	0.00081888	-158.10	-149.50	2.6433	1.0022	1.6545	1046.9	-0.035881	0.00031535	0.17576	liquid
78.000	105.00	1216.8	0.00082182	-156.47	-147.84	2.6647	0.99789	1.6540	1039.6	-0.035767	0.00030518	0.17444	liquid
79.000	105.00	1212.4	0.00082479	-154.85	-146.19	2.6857	0.99361	1.6536	1032.3	-0.035647	0.00029554	0.17312	liquid
80.000	105.00	1208.1	0.00082778	-153.23	-144.54	2.7065	0.98937	1.6532	1025.0	-0.035520	0.00028640	0.17180	liquid
81.000	105.00	1203.7	0.00083080	-151.61	-142.88	2.7271	0.98518	1.6529	1017.8	-0.035386	0.00027773	0.17048	liquid
82.000	105.00	1199.3	0.00083385	-149.99	-141.23	2.7474	0.98103	1.6527	1010.5	-0.035244	0.00026949	0.16917	liquid
83.000	105.00	1194.8	0.00083693	-148.37	-139.58	2.7674	0.97693	1.6526	1003.2	-0.035094	0.00026165	0.16785	liquid
84.000	105.00	1190.4	0.00084004	-146.75	-137.92	2.7872	0.97288	1.6526	995.91	-0.034935	0.00025420	0.16653	liquid
85.000	105.00	1186.0	0.00084319	-145.13	-136.27	2.8067	0.96888	1.6528	988.64	-0.034767	0.00024709	0.16521	liquid
86.000	105.00	1181.5	0.00084636	-143.51	-134.62	2.8261	0.96492	1.6530	981.37	-0.034590	0.00024031	0.16388	liquid
87.000	105.00	1177.1	0.00084957	-141.89	-132.97	2.8452	0.96101	1.6534	974.10	-0.034403	0.00023384	0.16256	liquid
88.000	105.00	1172.6	0.00085282	-140.27	-131.31	2.8641	0.95715	1.6538	966.83	-0.034207	0.00022766	0.16124	liquid
89.000	105.00	1168.1	0.00085610	-138.65	-129.66	2.8828	0.95334	1.6544	959.57	-0.034000	0.00022174	0.15991	liquid
90.000	105.00	1163.6	0.00085942	-137.03	-128.00	2.9013	0.94957	1.6552	952.31	-0.033783	0.00021608	0.15859	liquid
91.000	105.00	1159.1	0.00086277	-135.41	-126.35	2.9196	0.94586	1.6560	945.05	-0.033555	0.00021065	0.15726	liquid
92.000	105.00	1154.5	0.00086617	-133.79	-124.69	2.9377	0.94219	1.6570	937.78	-0.033316	0.00020545	0.15593	liquid
93.000	105.00	1150.0	0.00086960	-132.16	-123.03	2.9556	0.93857	1.6581	930.52	-0.033065	0.00020045	0.15461	liquid
94.000	105.00	1145.4	0.00087308	-130.54	-121.38	2.9733	0.93500	1.6594	923.26	-0.032803	0.00019565	0.15328	liquid
95.000	105.00	1140.8	0.00087660	-128.92	-119.72	2.9909	0.93147	1.6608	915.99	-0.032529	0.00019103	0.15195	liquid
96.000	105.00	1136.2	0.00088016	-127.30	-118.05	3.0083	0.92800	1.6623	908.73	-0.032243	0.00018659	0.15062	liquid
97.000	105.00	1131.5	0.00088377	-125.67	-116.39	3.0255	0.92457	1.6640	901.45	-0.031943	0.00018230	0.14929	liquid
98.000	105.00	1126.9	0.00088742	-124.04	-114.73	3.0426	0.92118	1.6658	894.17	-0.031631	0.00017817	0.14795	liquid
99.000	105.00	1122.2	0.00089112	-122.42	-113.06	3.0595	0.91784	1.6678	886.89	-0.031305	0.00017419	0.14662	liquid
100.00	105.00	1117.5	0.00089488	-120.79	-111.39	3.0763	0.91455	1.6699	879.60	-0.030965	0.00017034	0.14529	liquid
101.00	105.00	1112.7	0.00089868	-119.16	-109.72	3.0929	0.91131	1.6721	872.30	-0.030610	0.00016662	0.14395	liquid
102.00	105.00	1108.0	0.00090254	-117.52	-108.05	3.1094	0.90811	1.6745	864.99	-0.030241	0.00016302	0.14262	liquid
103.00	105.00	1103.2	0.00090645	-115.89	-106.37	3.1257	0.90495	1.6771	857.67	-0.029856	0.00015954	0.14128	liquid
104.00	105.00	1098.4	0.00091042	-114.25	-104.69	3.1420	0.90184	1.6798	850.34	-0.029455	0.00015616	0.13995	liquid
105.00	105.00	1093.6	0.00091444	-112.61	-103.01	3.1581	0.89877	1.6827	843.00	-0.029039	0.00015289	0.13861	liquid
106.00	105.00	1088.7	0.00091853	-110.97	-101.33	3.1740	0.89575	1.6857	835.65	-0.028605	0.00014971	0.13727	liquid
107.00	105.00	1083.8	0.00092268	-109.33	-99.639	3.1899	0.89276	1.6889	828.28	-0.028153	0.00014663	0.13593	liquid
108.00	105.00	1078.9	0.00092689	-107.68	-97.948	3.2056	0.88983	1.6923	820.90	-0.027683	0.00014363	0.13460	liquid
109.00	105.00	1073.9	0.00093117	-106.03	-96.254	3.2212	0.88693	1.6959	813.51	-0.027195	0.00014072	0.13326	liquid
110.00	105.00	1068.9	0.00093551	-104.38	-94.557	3.2367	0.88408	1.6996	806.09	-0.026686	0.00013789	0.13192	liquid
111.00	105.00	1063.9	0.00093993	-102.72	-92.855	3.2521	0.88127	1.7035	798.66	-0.026158	0.00013513	0.13059	liquid
112.00	105.00	1058.9	0.00094442	-101.07	-91.149	3.2674	0.87850	1.7076	791.21	-0.025608	0.00013244	0.12926	liquid
113.00	105.00	1053.8	0.00094899	-99.404	-89.440	3.2826	0.87578	1.7120	783.75	-0.025036	0.00012983	0.12792	liquid
114.00	105.00	1048.6	0.00095363	-97.739	-87.725	3.2977	0.87310	1.7165	776.26	-0.024441	0.00012727	0.12659	liquid
115.00	105.00	1043.5	0.00095836	-96.069	-86.007	3.3127	0.87046	1.7212	768.75	-0.023822	0.00012478	0.12526	liquid
116.00	105.00	1038.2	0.00096317	-94.396	-84.283	3.3276	0.86786	1.7262	761.22	-0.023178	0.00012235	0.12393	liquid
117.00	105.00	1033.0	0.00096807	-92.719	-82.554	3.3425	0.86531	1.7314	753.67	-0.022508	0.00011997	0.12260	liquid
118.00	105.00	1027.7	0.00097306	-91.037	-80.820	3.3572	0.86279	1.7368	746.09	-0.021811	0.00011765	0.12127	liquid
119.00	105.00	1022.3	0.00097814	-89.351	-79.080	3.3719	0.86033	1.7425	738.49	-0.021085	0.00011537	0.11994	liquid
120.00	105.00	1017.0	0.00098332	-87.660	-77.335	3.3865	0.85790	1.7484	730.86	-0.020330	0.00011315	0.11861	liquid
121.00	105.00	1011.5	0.00098861	-85.964	-75.584	3.4011	0.85552	1.7546	723.21	-0.019544	0.00011098	0.11729	liquid
122.00	105.00	1006.0	0.00099400	-84.263	-73.826	3.4155	0.85318	1.7611	715.52	-0.018724	0.00010885	0.11596	liquid
123.00	105.00	1000.5	0.00099950	-82.556	-72.061	3.4299	0.85088	1.7679	707.81	-0.017871	0.00010676	0.11464	liquid
124.00	105.00	994.91	0.0010051	-80.844	-70.290	3.4443	0.84863	1.7749	700.07	-0.016981	0.00010472	0.11331	liquid
125.00	105.00	989.27	0.0010108	-79.125	-68.511	3.4586	0.84643	1.7823	692.30	-0.016054	0.00010271	0.11199	liquid
126.00	105.00	983.56	0.0010167	-77.401	-66.725	3.4728	0.84427	1.7901	684.49	-0.015087	0.00010075	0.11067	liquid
127.00	105.00	977.80	0.0010227	-75.669	-64.931	3.4870	0.84215	1.7982	676.65	-0.014078	9.8817e-05	0.10935	liquid
128.00	105.00	971.98	0.0010288	-73.931	-63.129	3.5011	0.84009	1.8067	668.78	-0.013025	9.6923e-05	0.10804	liquid
129.00	105.00	966.09	0.0010351	-72.186	-61.318	3.5152	0.83807	1.8155	660.87	-0.011925	9.5064e-05	0.10672	liquid
130.00	105.00	960.13	0.0010415	-70.434	-59.497	3.5293	0.83610	1.8248	652.92	-0.010776	9.3237e-05	0.10541	liquid
131.00	105.00	954.10	0.0010481	-68.673	-57.668	3.5433	0.83419	1.8345	644.93	-0.0095756	9.1442e-05	0.10410	liquid
132.00	105.00	948.00	0.0010548	-66.904	-55.828	3.5573	0.83232	1.8447	636.91	-0.0083200	8.9678e-05	0.10280	liquid
133.00	105.00	941.83	0.0010618	-65.127	-53.978	3.5712	0.83051	1.8554	628.84	-0.0070064	8.7944e-05	0.10149	liquid
134.00	105.00	935.57	0.0010689	-63.340	-52.117	3.5852	0.82875	1.8666	620.73	-0.0056312	8.6238e-05	0.10019	liquid
135.00	105.00	929.24	0.0010762	-61.544	-50.245	3.5991	0.82704	1.8784	612.58	-0.0041907	8.4559e-05	0.098893	liquid
136.00	105.00	922.81	0.0010836	-59.739	-48.360	3.6130	0.82540	1.8908	604.38	-0.0026808	8.2908e-05	0.097598	liquid
137.00	105.00	916.30	0.0010913	-57.922	-46.463	3.6269	0.82381	1.9038	596.14	-0.0010971	8.1282e-05	0.096306	liquid
138.00	105.00	909.69	0.0010993	-56.095	-44.553	3.6408	0.82228	1.9174	587.84	0.00056513	7.9680e-05	0.095017	liquid
139.00	105.00	902.98	0.0011074	-54.256	-42.628	3.6547	0.82082	1.9318	579.50	0.0023110	7.8103e-05	0.093731	liquid
140.00	105.00	896.17	0.0011159	-52.405	-40.689	3.6686	0.81943	1.9470	571.11	0.0041461	7.6549e-05	0.092450	liquid
141.00	105.00	889.25	0.0011245	-50.541	-38.734	3.6825	0.81810	1.9629	562.67	0.0060766	7.5018e-05	0.091171	liquid
142.00	105.00	882.22	0.0011335	-48.664	-36.762	3.6964	0.81684	1.9798	554.17	0.0081090	7.3508e-05	0.089897	liquid
143.00	105.00	875.07	0.0011428	-46.773	-34.774	3.7104	0.81565	1.9976	545.63	0.010250	7.2019e-05	0.088627	liquid
144.00	105.00	867.79	0.0011524	-44.867	-32.767	3.7244	0.81455	2.0165	537.02	0.012509	7.0550e-05	0.087360	liquid
145.00	105.00	860.37	0.0011623	-42.945	-30.741	3.7384	0.81352	2.0364	528.36	0.014893	6.9100e-05	0.086098	liquid
146.00	105.00	852.82	0.0011726	-41.006	-28.694	3.7525	0.81258	2.0575	519.65	0.017411	6.7669e-05	0.084840	liquid
147.00	105.00	845.12	0.0011833	-39.049	-26.625	3.7666	0.81172	2.0799	510.87	0.020075	6.6257e-05	0.083587	liquid
148.00	105.00	837.26	0.0011944	-37.074	-24.533	3.7808	0.81096	2.1037	502.04	0.022894	6.4861e-05	0.082337	liquid
149.00	105.00	829.24	0.0012059	-35.079	-22.417	3.7950	0.81029	2.1290	493.16	0.025882	6.3483e-05	0.081093	liquid
150.00	105.00	821.04	0.0012180	-33.064	-20.275	3.8093	0.80972	2.1558	484.22	0.029051	6.2120e-05	0.079852	liquid
151.00	105.00	812.66	0.0012305	-31.025	-18.105	3.8238	0.80926	2.1845	475.23	0.032415	6.0773e-05	0.078617	liquid
152.00	105.00	804.08	0.0012437	-28.964	-15.905	3.8383	0.80890	2.2150	466.18	0.035991	5.9440e-05	0.077386	liquid
153.00	105.00	795.29	0.0012574	-26.877	-13.674	3.8529	0.80866	2.2476	457.09	0.039796	5.8121e-05	0.076159	liquid
154.00	105.00	786.28	0.0012718	-24.763	-11.409	3.8677	0.80854	2.2824	447.95	0.043848	5.6816e-05	0.074937	liquid
155.00	105.00	777.04	0.0012869	-22.621	-9.1087	3.8826	0.80854	2.3196	438.78	0.048167	5.5523e-05	0.073720	supercritical
156.00	105.00	767.55	0.0013028	-20.449	-6.7694	3.8976	0.80866	2.3594	429.58	0.052776	5.4242e-05	0.072507	supercritical
157.00	105.00	757.79	0.0013196	-18.245	-4.3889	3.9128	0.80891	2.4021	420.35	0.057699	5.2972e-05	0.071298	supercritical
158.00	105.00	747.75	0.0013373	-16.006	-1.9642	3.9282	0.80928	2.4477	411.11	0.062960	5.1713e-05	0.070093	supercritical
159.00	105.00	737.41	0.0013561	-13.731	0.50765	3.9438	0.80978	2.4966	401.88	0.068587	5.0463e-05	0.068893	supercritical
160.00	105.00	726.76	0.0013760	-11.418	3.0301	3.9596	0.81040	2.5489	392.66	0.074608	4.9224e-05	0.067695	supercritical
161.00	105.00	715.77	0.0013971	-9.0630	5.6066	3.9757	0.81113	2.6047	383.48	0.081052	4.7993e-05	0.066502	supercritical
162.00	105.00	704.42	0.0014196	-6.6650	8.2408	3.9920	0.81196	2.6643	374.36	0.087949	4.6770e-05	0.065311	supercritical
163.00	105.00	692.71	0.0014436	-4.2215	10.936	4.0086	0.81289	2.7274	365.32	0.095325	4.5555e-05	0.064123	supercritical
164.00	105.00	680.61	0.0014693	-1.7305	13.697	4.0255	0.81389	2.7941	356.39	0.10321	4.4349e-05	0.062937	supercritical
165.00	105.00	668.12	0.0014967	0.80966	16.525	4.0427	0.81495	2.8638	347.61	0.11161	4.3151e-05	0.061753	supercritical
166.00	105.00	655.22	0.0015262	3.4000	19.425	4.0602	0.81603	2.9361	339.00	0.12056	4.1962e-05	0.060570	supercritical
167.00	105.00	641.91	0.0015578	6.0408	22.398	4.0780	0.81712	3.0099	330.63	0.13005	4.0783e-05	0.059388	supercritical
168.00	105.00	628.22	0.0015918	8.7312	25.445	4.0962	0.81818	3.0839	322.53	0.14008	3.9616e-05	0.058206	supercritical
169.00	105.00	614.15	0.0016283	11.469	28.566	4.1147	0.81917	3.1565	314.74	0.15062	3.8462e-05	0.057025	supercritical
170.00	105.00	599.74	0.0016674	14.250	31.757	4.1336	0.82006	3.2257	307.33	0.16163	3.7326e-05	0.055843	supercritical
171.00	105.00	585.05	0.0017093	17.068	35.015	4.1527	0.82080	3.2892	300.33	0.17307	3.6211e-05	0.054663	supercritical
172.00	105.00	570.14	0.0017540	19.916	38.333	4.1720	0.82134	3.3446	293.80	0.18485	3.5120e-05	0.053484	supercritical
173.00	105.00	555.08	0.0018015	22.785	41.701	4.1915	0.82165	3.3893	287.76	0.19689	3.4060e-05	0.052310	supercritical
174.00	105.00	539.98	0.0018519	25.662	45.107	4.2112	0.82167	3.4212	282.25	0.20906	3.3034e-05	0.051141	supercritical
175.00	105.00	524.94	0.0019050	28.536	48.538	4.2308	0.82136	3.4380	277.29	0.22124	3.2048e-05	0.049982	supercritical
176.00	105.00	510.06	0.0019605	31.392	51.978	4.2504	0.82069	3.4385	272.89	0.23328	3.1107e-05	0.048838	supercritical
177.00	105.00	495.46	0.0020183	34.217	55.409	4.2699	0.81964	3.4219	269.05	0.24502	3.0215e-05	0.047713	supercritical
178.00	105.00	481.24	0.0020780	36.997	58.816	4.2891	0.81822	3.3886	265.75	0.25632	2.9375e-05	0.046613	supercritical
179.00	105.00	467.48	0.0021391	39.721	62.181	4.3079	0.81642	3.3402	262.96	0.26705	2.8591e-05	0.045545	supercritical
180.00	105.00	454.26	0.0022014	42.377	65.492	4.3264	0.81428	3.2788	260.66	0.27711	2.7863e-05	0.044515	supercritical
181.00	105.00	441.62	0.0022644	44.959	68.736	4.3443	0.81184	3.2072	258.80	0.28643	2.7191e-05	0.043527	supercritical
182.00	105.00	429.59	0.0023278	47.462	71.904	4.3618	0.80914	3.1284	257.34	0.29498	2.6574e-05	0.042587	supercritical
183.00	105.00	418.18	0.0023913	49.882	74.991	4.3787	0.80624	3.0452	256.23	0.30273	2.6009e-05	0.041696	supercritical
184.00	105.00	407.39	0.0024546	52.220	77.994	4.3951	0.80318	2.9600	255.42	0.30972	2.5493e-05	0.040856	supercritical
185.00	105.00	397.21	0.0025176	54.476	80.911	4.4109	0.80000	2.8747	254.87	0.31596	2.5024e-05	0.040067	supercritical
186.00	105.00	387.60	0.0025800	56.654	83.744	4.4262	0.79674	2.7908	254.55	0.32150	2.4598e-05	0.039329	supercritical
187.00	105.00	378.54	0.0026418	58.755	86.493	4.4409	0.79344	2.7094	254.43	0.32638	2.4210e-05	0.038639	supercritical
188.00	105.00	369.99	0.0027028	60.784	89.163	4.4551	0.79013	2.6310	254.46	0.33065	2.3859e-05	0.037997	supercritical
189.00	105.00	361.92	0.0027630	62.745	91.757	4.4689	0.78683	2.5563	254.64	0.33436	2.3539e-05	0.037398	supercritical
190.00	105.00	354.30	0.0028225	64.641	94.277	4.4822	0.78355	2.4852	254.94	0.33755	2.3249e-05	0.036842	supercritical
191.00	105.00	347.09	0.0028811	66.477	96.728	4.4951	0.78032	2.4180	255.33	0.34027	2.2986e-05	0.036324	supercritical
192.00	105.00	340.28	0.0029388	68.257	99.114	4.5075	0.77714	2.3545	255.81	0.34256	2.2747e-05	0.035843	supercritical
193.00	105.00	333.81	0.0029957	69.984	101.44	4.5196	0.77403	2.2948	256.37	0.34445	2.2530e-05	0.035395	supercritical
194.00	105.00	327.68	0.0030518	71.662	103.71	4.5313	0.77099	2.2385	256.98	0.34599	2.2333e-05	0.034979	supercritical
195.00	105.00	321.85	0.0031070	73.293	105.92	4.5427	0.76803	2.1856	257.65	0.34720	2.2154e-05	0.034591	supercritical
196.00	105.00	316.31	0.0031615	74.882	108.08	4.5537	0.76514	2.1358	258.36	0.34812	2.1991e-05	0.034231	supercritical
197.00	105.00	311.03	0.0032151	76.430	110.19	4.5645	0.76234	2.0889	259.11	0.34876	2.1843e-05	0.033895	supercritical
198.00	105.00	305.99	0.0032681	77.941	112.26	4.5750	0.75962	2.0449	259.89	0.34917	2.1709e-05	0.033583	supercritical
199.00	105.00	301.18	0.0033203	79.417	114.28	4.5851	0.75698	2.0034	260.69	0.34935	2.1586e-05	0.033292	supercritical
200.00	105.00	296.58	0.0033718	80.860	116.26	4.5951	0.75442	1.9643	261.52	0.34933	2.1476e-05	0.033021	supercritical
201.00	105.00	292.17	0.0034226	82.272	118.21	4.6048	0.75195	1.9274	262.37	0.34913	2.1375e-05	0.032768	supercritical
202.00	105.00	287.95	0.0034728	83.655	120.12	4.6143	0.74955	1.8926	263.23	0.34877	2.1284e-05	0.032532	supercritical
203.00	105.00	283.90	0.0035224	85.010	122.00	4.6235	0.74724	1.8598	264.11	0.34825	2.1202e-05	0.032312	supercritical
204.00	105.00	280.01	0.0035713	86.340	123.84	4.6326	0.74500	1.8287	264.99	0.34760	2.1127e-05	0.032107	supercritical
205.00	105.00	276.27	0.0036197	87.646	125.65	4.6415	0.74284	1.7993	265.89	0.34682	2.1060e-05	0.031916	supercritical
206.00	105.00	272.66	0.0036675	88.929	127.44	4.6502	0.74075	1.7715	266.79	0.34594	2.1000e-05	0.031737	supercritical
207.00	105.00	269.19	0.0037148	90.191	129.20	4.6587	0.73873	1.7451	267.70	0.34495	2.0946e-05	0.031571	supercritical
208.00	105.00	265.84	0.0037616	91.432	130.93	4.6670	0.73678	1.7200	268.61	0.34387	2.0898e-05	0.031415	supercritical
209.00	105.00	262.61	0.0038079	92.654	132.64	4.6752	0.73490	1.6962	269.53	0.34270	2.0855e-05	0.031271	supercritical
210.00	105.00	259.49	0.0038537	93.858	134.32	4.6833	0.73308	1.6736	270.45	0.34146	2.0817e-05	0.031136	supercritical
211.00	105.00	256.48	0.0038990	95.045	135.98	4.6912	0.73132	1.6521	271.37	0.34016	2.0784e-05	0.031010	supercritical
212.00	105.00	253.56	0.0039439	96.215	137.63	4.6989	0.72962	1.6316	272.29	0.33879	2.0756e-05	0.030893	supercritical
213.00	105.00	250.73	0.0039884	97.370	139.25	4.7065	0.72798	1.6120	273.20	0.33737	2.0731e-05	0.030784	supercritical
214.00	105.00	247.99	0.0040324	98.510	140.85	4.7141	0.72639	1.5934	274.12	0.33589	2.0710e-05	0.030682	supercritical
215.00	105.00	245.33	0.0040761	99.636	142.44	4.7214	0.72486	1.5756	275.04	0.33437	2.0693e-05	0.030588	supercritical
216.00	105.00	242.76	0.0041193	100.75	144.00	4.7287	0.72338	1.5586	275.96	0.33282	2.0679e-05	0.030500	supercritical
217.00	105.00	240.25	0.0041622	101.85	145.55	4.7359	0.72195	1.5423	276.87	0.33122	2.0667e-05	0.030419	supercritical
218.00	105.00	237.82	0.0042048	102.94	147.09	4.7429	0.72057	1.5267	277.78	0.32960	2.0659e-05	0.030344	supercritical
219.00	105.00	235.46	0.0042470	104.01	148.61	4.7499	0.71923	1.5118	278.69	0.32795	2.0654e-05	0.030275	supercritical
220.00	105.00	233.16	0.0042889	105.08	150.11	4.7567	0.71794	1.4975	279.60	0.32627	2.0651e-05	0.030210	supercritical
221.00	105.00	230.93	0.0043304	106.13	151.60	4.7635	0.71669	1.4838	280.50	0.32457	2.0651e-05	0.030151	supercritical
222.00	105.00	228.75	0.0043716	107.18	153.08	4.7702	0.71548	1.4706	281.40	0.32285	2.0652e-05	0.030097	supercritical
223.00	105.00	226.63	0.0044126	108.21	154.54	4.7767	0.71431	1.4580	282.29	0.32111	2.0656e-05	0.030048	supercritical
224.00	105.00	224.56	0.0044532	109.24	155.99	4.7832	0.71318	1.4458	283.19	0.31936	2.0662e-05	0.030002	supercritical
225.00	105.00	222.54	0.0044936	110.25	157.43	4.7897	0.71209	1.4341	284.07	0.31759	2.0670e-05	0.029961	supercritical
226.00	105.00	220.57	0.0045336	111.26	158.86	4.7960	0.71103	1.4229	284.96	0.31582	2.0680e-05	0.029924	supercritical
227.00	105.00	218.65	0.0045734	112.26	160.28	4.8023	0.71000	1.4121	285.84	0.31404	2.0691e-05	0.029890	supercritical
228.00	105.00	216.78	0.0046130	113.25	161.69	4.8084	0.70901	1.4016	286.72	0.31225	2.0704e-05	0.029860	supercritical
229.00	105.00	214.95	0.0046523	114.23	163.08	4.8145	0.70805	1.3916	287.59	0.31045	2.0718e-05	0.029834	supercritical
230.00	105.00	213.16	0.0046914	115.21	164.47	4.8206	0.70712	1.3819	288.46	0.30865	2.0734e-05	0.029810	supercritical
231.00	105.00	211.41	0.0047302	116.18	165.85	4.8266	0.70622	1.3725	289.32	0.30685	2.0751e-05	0.029790	supercritical
232.00	105.00	209.70	0.0047688	117.14	167.22	4.8325	0.70535	1.3635	290.19	0.30505	2.0770e-05	0.029772	supercritical
233.00	105.00	208.02	0.0048072	118.10	168.57	4.8383	0.70450	1.3547	291.04	0.30324	2.0789e-05	0.029758	supercritical
234.00	105.00	206.39	0.0048453	119.05	169.93	4.8441	0.70368	1.3463	291.90	0.30144	2.0810e-05	0.029746	supercritical
235.00	105.00	204.78	0.0048833	119.99	171.27	4.8498	0.70289	1.3381	292.74	0.29964	2.0832e-05	0.029736	supercritical
236.00	105.00	203.21	0.0049210	120.93	172.60	4.8555	0.70212	1.3303	293.59	0.29784	2.0855e-05	0.029729	supercritical
237.00	105.00	201.67	0.0049585	121.86	173.93	4.8611	0.70138	1.3226	294.43	0.29604	2.0879e-05	0.029724	supercritical
238.00	105.00	200.16	0.0049959	122.79	175.25	4.8667	0.70065	1.3152	295.27	0.29424	2.0904e-05	0.029722	supercritical
239.00	105.00	198.69	0.0050330	123.71	176.56	4.8722	0.69996	1.3081	296.10	0.29245	2.0930e-05	0.029721	supercritical
240.00	105.00	197.24	0.0050700	124.63	177.86	4.8776	0.69928	1.3011	296.93	0.29067	2.0957e-05	0.029723	supercritical
241.00	105.00	195.82	0.0051068	125.54	179.16	4.8830	0.69862	1.2944	297.75	0.28889	2.0984e-05	0.029726	supercritical
242.00	105.00	194.42	0.0051434	126.45	180.45	4.8883	0.69798	1.2879	298.57	0.28712	2.1013e-05	0.029732	supercritical
243.00	105.00	193.05	0.0051799	127.35	181.74	4.8936	0.69737	1.2815	299.39	0.28535	2.1042e-05	0.029739	supercritical
244.00	105.00	191.71	0.0052162	128.25	183.02	4.8989	0.69677	1.2754	300.20	0.28359	2.1071e-05	0.029748	supercritical
245.00	105.00	190.39	0.0052523	129.14	184.29	4.9041	0.69619	1.2694	301.01	0.28184	2.1102e-05	0.029758	supercritical
246.00	105.00	189.10	0.0052882	130.03	185.55	4.9093	0.69563	1.2636	301.81	0.28009	2.1133e-05	0.029771	supercritical
247.00	105.00	187.83	0.0053241	130.91	186.81	4.9144	0.69508	1.2580	302.61	0.27835	2.1165e-05	0.029784	supercritical
248.00	105.00	186.58	0.0053597	131.79	188.07	4.9194	0.69455	1.2525	303.41	0.27662	2.1197e-05	0.029800	supercritical
249.00	105.00	185.35	0.0053952	132.67	189.32	4.9245	0.69404	1.2472	304.20	0.27490	2.1230e-05	0.029816	supercritical
250.00	105.00	184.14	0.0054306	133.54	190.56	4.9295	0.69354	1.2420	304.99	0.27319	2.1264e-05	0.029834	supercritical
251.00	105.00	182.96	0.0054658	134.41	191.80	4.9344	0.69306	1.2370	305.78	0.27148	2.1298e-05	0.029853	supercritical
252.00	105.00	181.79	0.0055009	135.28	193.04	4.9393	0.69260	1.2321	306.56	0.26979	2.1332e-05	0.029874	supercritical
253.00	105.00	180.64	0.0055359	136.14	194.27	4.9442	0.69214	1.2274	307.34	0.26810	2.1367e-05	0.029896	supercritical
254.00	105.00	179.51	0.0055707	137.00	195.49	4.9490	0.69171	1.2227	308.11	0.26642	2.1403e-05	0.029919	supercritical
255.00	105.00	178.40	0.0056054	137.86	196.71	4.9538	0.69128	1.2182	308.88	0.26476	2.1438e-05	0.029943	supercritical
256.00	105.00	177.31	0.0056399	138.71	197.93	4.9586	0.69087	1.2138	309.65	0.26310	2.1475e-05	0.029968	supercritical
257.00	105.00	176.23	0.0056744	139.56	199.14	4.9633	0.69047	1.2095	310.41	0.26145	2.1511e-05	0.029994	supercritical
258.00	105.00	175.17	0.0057087	140.41	200.35	4.9680	0.69008	1.2053	311.17	0.25981	2.1548e-05	0.030021	supercritical
259.00	105.00	174.13	0.0057429	141.25	201.55	4.9726	0.68971	1.2013	311.93	0.25818	2.1586e-05	0.030049	supercritical
260.00	105.00	173.10	0.0057770	142.09	202.75	4.9773	0.68935	1.1973	312.68	0.25656	2.1624e-05	0.030079	supercritical
261.00	105.00	172.09	0.0058110	142.93	203.95	4.9818	0.68900	1.1934	313.43	0.25495	2.1662e-05	0.030109	supercritical
262.00	105.00	171.09	0.0058448	143.77	205.14	4.9864	0.68866	1.1897	314.18	0.25335	2.1700e-05	0.030140	supercritical
263.00	105.00	170.11	0.0058786	144.60	206.33	4.9909	0.68833	1.1860	314.92	0.25176	2.1739e-05	0.030171	supercritical
264.00	105.00	169.14	0.0059123	145.43	207.51	4.9954	0.68801	1.1824	315.66	0.25018	2.1778e-05	0.030204	supercritical
265.00	105.00	168.19	0.0059458	146.26	208.69	4.9999	0.68770	1.1789	316.40	0.24861	2.1818e-05	0.030237	supercritical
266.00	105.00	167.25	0.0059793	147.09	209.87	5.0043	0.68740	1.1754	317.13	0.24705	2.1857e-05	0.030272	supercritical
267.00	105.00	166.32	0.0060126	147.91	211.04	5.0087	0.68712	1.1721	317.86	0.24550	2.1897e-05	0.030307	supercritical
268.00	105.00	165.40	0.0060458	148.73	212.21	5.0131	0.68684	1.1688	318.59	0.24396	2.1937e-05	0.030342	supercritical
269.00	105.00	164.50	0.0060790	149.55	213.38	5.0174	0.68657	1.1656	319.31	0.24243	2.1978e-05	0.030379	supercritical
270.00	105.00	163.61	0.0061121	150.37	214.54	5.0218	0.68631	1.1625	320.03	0.24091	2.2018e-05	0.030416	supercritical
271.00	105.00	162.73	0.0061450	151.18	215.70	5.0261	0.68606	1.1595	320.75	0.23940	2.2059e-05	0.030453	supercritical
272.00	105.00	161.87	0.0061779	151.99	216.86	5.0303	0.68582	1.1565	321.46	0.23790	2.2100e-05	0.030492	supercritical
273.00	105.00	161.01	0.0062107	152.81	218.02	5.0346	0.68558	1.1536	322.17	0.23641	2.2142e-05	0.030531	supercritical
274.00	105.00	160.17	0.0062434	153.61	219.17	5.0388	0.68536	1.1507	322.88	0.23493	2.2183e-05	0.030570	supercritical
275.00	105.00	159.34	0.0062760	154.42	220.32	5.0430	0.68514	1.1479	323.59	0.23346	2.2225e-05	0.030610	supercritical
276.00	105.00	158.52	0.0063085	155.23	221.47	5.0471	0.68493	1.1452	324.29	0.23200	2.2267e-05	0.030651	supercritical
277.00	105.00	157.71	0.0063409	156.03	222.61	5.0513	0.68473	1.1425	324.99	0.23055	2.2309e-05	0.030692	supercritical
278.00	105.00	156.90	0.0063733	156.83	223.75	5.0554	0.68454	1.1399	325.69	0.22911	2.2351e-05	0.030734	supercritical
279.00	105.00	156.11	0.0064056	157.63	224.89	5.0595	0.68435	1.1374	326.38	0.22768	2.2394e-05	0.030776	supercritical
280.00	105.00	155.33	0.0064378	158.43	226.03	5.0635	0.68417	1.1349	327.07	0.22626	2.2436e-05	0.030819	supercritical
281.00	105.00	154.56	0.0064699	159.23	227.16	5.0676	0.68400	1.1324	327.76	0.22485	2.2479e-05	0.030862	supercritical
282.00	105.00	153.80	0.0065020	160.02	228.29	5.0716	0.68384	1.1300	328.45	0.22344	2.2522e-05	0.030906	supercritical
283.00	105.00	153.05	0.0065339	160.81	229.42	5.0756	0.68368	1.1277	329.13	0.22205	2.2565e-05	0.030950	supercritical
284.00	105.00	152.30	0.0065658	161.60	230.55	5.0796	0.68353	1.1254	329.81	0.22067	2.2608e-05	0.030995	supercritical
285.00	105.00	151.57	0.0065977	162.39	231.67	5.0835	0.68338	1.1232	330.49	0.21929	2.2651e-05	0.031040	supercritical
286.00	105.00	150.84	0.0066294	163.18	232.79	5.0874	0.68325	1.1210	331.16	0.21793	2.2695e-05	0.031085	supercritical
287.00	105.00	150.13	0.0066611	163.97	233.91	5.0913	0.68312	1.1188	331.83	0.21657	2.2738e-05	0.031131	supercritical
288.00	105.00	149.42	0.0066927	164.76	235.03	5.0952	0.68299	1.1167	332.50	0.21522	2.2782e-05	0.031177	supercritical
289.00	105.00	148.72	0.0067243	165.54	236.15	5.0991	0.68287	1.1146	333.17	0.21388	2.2825e-05	0.031223	supercritical
290.00	105.00	148.02	0.0067558	166.32	237.26	5.1030	0.68276	1.1126	333.84	0.21256	2.2869e-05	0.031270	supercritical
291.00	105.00	147.34	0.0067872	167.11	238.37	5.1068	0.68265	1.1106	334.50	0.21124	2.2913e-05	0.031318	supercritical
292.00	105.00	146.66	0.0068185	167.89	239.48	5.1106	0.68255	1.1087	335.16	0.20992	2.2957e-05	0.031365	supercritical
293.00	105.00	145.99	0.0068498	168.66	240.59	5.1144	0.68245	1.1068	335.81	0.20862	2.3001e-05	0.031413	supercritical
294.00	105.00	145.33	0.0068810	169.44	241.69	5.1181	0.68236	1.1049	336.47	0.20733	2.3046e-05	0.031461	supercritical
295.00	105.00	144.67	0.0069122	170.22	242.80	5.1219	0.68228	1.1030	337.12	0.20604	2.3090e-05	0.031510	supercritical
296.00	105.00	144.02	0.0069433	171.00	243.90	5.1256	0.68220	1.1013	337.77	0.20477	2.3134e-05	0.031558	supercritical
297.00	105.00	143.38	0.0069744	171.77	245.00	5.1293	0.68213	1.0995	338.42	0.20350	2.3179e-05	0.031607	supercritical
298.00	105.00	142.75	0.0070053	172.54	246.10	5.1330	0.68206	1.0978	339.06	0.20224	2.3223e-05	0.031656	supercritical
299.00	105.00	142.12	0.0070363	173.31	247.20	5.1367	0.68200	1.0961	339.71	0.20099	2.3268e-05	0.031706	supercritical
300.00	105.00	141.50	0.0070671	174.09	248.29	5.1404	0.68194	1.0944	340.35	0.19975	2.3313e-05	0.031755	supercritical
301.00	105.00	140.89	0.0070980	174.86	249.38	5.1440	0.68188	1.0928	340.99	0.19851	2.3357e-05	0.031805	supercritical
302.00	105.00	140.28	0.0071287	175.63	250.48	5.1476	0.68184	1.0912	341.62	0.19729	2.3402e-05	0.031855	supercritical
303.00	105.00	139.68	0.0071594	176.39	251.57	5.1512	0.68179	1.0896	342.26	0.19607	2.3447e-05	0.031905	supercritical
304.00	105.00	139.08	0.0071901	177.16	252.66	5.1548	0.68175	1.0881	342.89	0.19486	2.3492e-05	0.031955	supercritical
305.00	105.00	138.49	0.0072207	177.93	253.74	5.1584	0.68172	1.0866	343.52	0.19366	2.3537e-05	0.032005	supercritical
306.00	105.00	137.91	0.0072512	178.69	254.83	5.1619	0.68169	1.0851	344.14	0.19247	2.3582e-05	0.032055	supercritical
307.00	105.00	137.33	0.0072817	179.46	255.91	5.1655	0.68166	1.0836	344.77	0.19128	2.3627e-05	0.032105	supercritical
308.00	105.00	136.76	0.0073122	180.22	257.00	5.1690	0.68164	1.0822	345.39	0.19010	2.3672e-05	0.032153	supercritical
309.00	105.00	136.19	0.0073426	180.98	258.08	5.1725	0.68163	1.0808	346.01	0.18894	2.3717e-05	0.032198	supercritical
310.00	105.00	135.63	0.0073729	181.74	259.16	5.1760	0.68161	1.0794	346.63	0.18777	2.3762e-05	0.032248	supercritical
311.00	105.00	135.08	0.0074032	182.50	260.24	5.1795	0.68161	1.0781	347.25	0.18662	2.3808e-05	0.032303	supercritical
312.00	105.00	134.53	0.0074335	183.26	261.31	5.1829	0.68160	1.0768	347.86	0.18547	2.3853e-05	0.032358	supercritical
313.00	105.00	133.98	0.0074637	184.02	262.39	5.1864	0.68160	1.0755	348.47	0.18433	2.3898e-05	0.032414	supercritical
314.00	105.00	133.44	0.0074938	184.78	263.46	5.1898	0.68161	1.0742	349.08	0.18320	2.3944e-05	0.032470	supercritical
315.00	105.00	132.91	0.0075239	185.54	264.54	5.1932	0.68162	1.0729	349.69	0.18208	2.3989e-05	0.032526	supercritical
316.00	105.00	132.38	0.0075540	186.29	265.61	5.1966	0.68163	1.0717	350.30	0.18096	2.4034e-05	0.032582	supercritical
317.00	105.00	131.86	0.0075840	187.05	266.68	5.2000	0.68165	1.0705	350.90	0.17985	2.4080e-05	0.032639	supercritical
318.00	105.00	131.34	0.0076140	187.80	267.75	5.2034	0.68167	1.0693	351.51	0.17875	2.4125e-05	0.032695	supercritical
319.00	105.00	130.82	0.0076439	188.56	268.82	5.2067	0.68169	1.0682	352.11	0.17765	2.4171e-05	0.032752	supercritical
320.00	105.00	130.31	0.0076738	189.31	269.89	5.2101	0.68172	1.0670	352.71	0.17656	2.4216e-05	0.032808	supercritical
321.00	105.00	129.81	0.0077037	190.07	270.95	5.2134	0.68175	1.0659	353.30	0.17548	2.4262e-05	0.032865	supercritical
322.00	105.00	129.31	0.0077335	190.82	272.02	5.2167	0.68178	1.0648	353.90	0.17441	2.4307e-05	0.032923	supercritical
323.00	105.00	128.81	0.0077632	191.57	273.08	5.2200	0.68182	1.0637	354.49	0.17334	2.4353e-05	0.032980	supercritical
324.00	105.00	128.32	0.0077930	192.32	274.15	5.2233	0.68187	1.0627	355.08	0.17228	2.4398e-05	0.033037	supercritical
325.00	105.00	127.83	0.0078226	193.07	275.21	5.2266	0.68191	1.0616	355.67	0.17123	2.4444e-05	0.033095	supercritical
326.00	105.00	127.35	0.0078523	193.82	276.27	5.2298	0.68196	1.0606	356.26	0.17018	2.4490e-05	0.033152	supercritical
327.00	105.00	126.87	0.0078819	194.57	277.33	5.2331	0.68201	1.0596	356.84	0.16914	2.4535e-05	0.033210	supercritical
328.00	105.00	126.40	0.0079114	195.32	278.39	5.2363	0.68207	1.0586	357.43	0.16811	2.4581e-05	0.033268	supercritical
329.00	105.00	125.93	0.0079410	196.07	279.45	5.2395	0.68213	1.0577	358.01	0.16708	2.4627e-05	0.033326	supercritical
330.00	105.00	125.46	0.0079705	196.82	280.51	5.2427	0.68219	1.0567	358.59	0.16606	2.4672e-05	0.033384	supercritical
331.00	105.00	125.00	0.0079999	197.56	281.56	5.2459	0.68226	1.0558	359.17	0.16504	2.4718e-05	0.033442	supercritical
332.00	105.00	124.54	0.0080293	198.31	282.62	5.2491	0.68233	1.0549	359.74	0.16404	2.4763e-05	0.033500	supercritical
333.00	105.00	124.09	0.0080587	199.05	283.67	5.2523	0.68240	1.0540	360.32	0.16304	2.4809e-05	0.033559	supercritical
334.00	105.00	123.64	0.0080881	199.80	284.72	5.2554	0.68247	1.0531	360.89	0.16204	2.4855e-05	0.033617	supercritical
335.00	105.00	123.19	0.0081174	200.55	285.78	5.2586	0.68255	1.0522	361.46	0.16105	2.4901e-05	0.033676	supercritical
336.00	105.00	122.75	0.0081466	201.29	286.83	5.2617	0.68263	1.0514	362.03	0.16007	2.4946e-05	0.033735	supercritical
337.00	105.00	122.31	0.0081759	202.03	287.88	5.2648	0.68272	1.0505	362.60	0.15909	2.4992e-05	0.033793	supercritical
338.00	105.00	121.88	0.0082051	202.78	288.93	5.2680	0.68280	1.0497	363.17	0.15812	2.5038e-05	0.033852	supercritical
339.00	105.00	121.44	0.0082342	203.52	289.98	5.2711	0.68289	1.0489	363.73	0.15716	2.5083e-05	0.033911	supercritical
340.00	105.00	121.02	0.0082634	204.26	291.03	5.2741	0.68299	1.0481	364.30	0.15620	2.5129e-05	0.033970	supercritical
341.00	105.00	120.59	0.0082925	205.00	292.08	5.2772	0.68308	1.0473	364.86	0.15525	2.5175e-05	0.034030	supercritical
342.00	105.00	120.17	0.0083215	205.75	293.12	5.2803	0.68318	1.0466	365.42	0.15430	2.5220e-05	0.034089	supercritical
343.00	105.00	119.75	0.0083506	206.49	294.17	5.2833	0.68328	1.0458	365.98	0.15336	2.5266e-05	0.034148	supercritical
344.00	105.00	119.34	0.0083796	207.23	295.21	5.2864	0.68339	1.0451	366.53	0.15243	2.5312e-05	0.034208	supercritical
345.00	105.00	118.93	0.0084086	207.97	296.26	5.2894	0.68349	1.0444	367.09	0.15150	2.5357e-05	0.034267	supercritical
346.00	105.00	118.52	0.0084375	208.71	297.30	5.2924	0.68360	1.0437	367.64	0.15058	2.5403e-05	0.034327	supercritical
347.00	105.00	118.11	0.0084664	209.45	298.35	5.2954	0.68372	1.0430	368.20	0.14966	2.5449e-05	0.034387	supercritical
348.00	105.00	117.71	0.0084953	210.19	299.39	5.2984	0.68383	1.0423	368.75	0.14875	2.5494e-05	0.034446	supercritical
349.00	105.00	117.31	0.0085242	210.93	300.43	5.3014	0.68395	1.0416	369.30	0.14784	2.5540e-05	0.034506	supercritical
350.00	105.00	116.92	0.0085530	211.67	301.47	5.3044	0.68407	1.0410	369.84	0.14694	2.5586e-05	0.034566	supercritical
351.00	105.00	116.53	0.0085818	212.40	302.51	5.3074	0.68419	1.0403	370.39	0.14605	2.5631e-05	0.034626	supercritical
352.00	105.00	116.14	0.0086105	213.14	303.55	5.3103	0.68432	1.0397	370.93	0.14516	2.5677e-05	0.034686	supercritical
353.00	105.00	115.75	0.0086393	213.88	304.59	5.3133	0.68444	1.0391	371.48	0.14427	2.5722e-05	0.034746	supercritical
354.00	105.00	115.37	0.0086680	214.62	305.63	5.3162	0.68457	1.0385	372.02	0.14339	2.5768e-05	0.034807	supercritical
355.00	105.00	114.99	0.0086967	215.35	306.67	5.3192	0.68471	1.0379	372.56	0.14252	2.5813e-05	0.034867	supercritical
356.00	105.00	114.61	0.0087253	216.09	307.71	5.3221	0.68484	1.0373	373.10	0.14165	2.5859e-05	0.034927	supercritical
357.00	105.00	114.23	0.0087539	216.83	308.74	5.3250	0.68498	1.0367	373.64	0.14079	2.5905e-05	0.034987	supercritical
358.00	105.00	113.86	0.0087825	217.56	309.78	5.3279	0.68512	1.0361	374.17	0.13993	2.5950e-05	0.035048	supercritical
359.00	105.00	113.49	0.0088111	218.30	310.82	5.3308	0.68526	1.0356	374.71	0.13908	2.5996e-05	0.035108	supercritical
360.00	105.00	113.13	0.0088396	219.04	311.85	5.3337	0.68540	1.0350	375.24	0.13823	2.6041e-05	0.035169	supercritical
361.00	105.00	112.76	0.0088681	219.77	312.89	5.3365	0.68555	1.0345	375.77	0.13739	2.6087e-05	0.035230	supercritical
362.00	105.00	112.40	0.0088966	220.51	313.92	5.3394	0.68570	1.0340	376.30	0.13655	2.6132e-05	0.035290	supercritical
363.00	105.00	112.04	0.0089251	221.24	314.95	5.3422	0.68585	1.0335	376.83	0.13572	2.6177e-05	0.035351	supercritical
364.00	105.00	111.69	0.0089535	221.98	315.99	5.3451	0.68600	1.0330	377.36	0.13489	2.6223e-05	0.035412	supercritical
365.00	105.00	111.33	0.0089820	222.71	317.02	5.3479	0.68616	1.0325	377.89	0.13407	2.6268e-05	0.035473	supercritical
366.00	105.00	110.98	0.0090103	223.44	318.05	5.3507	0.68631	1.0320	378.41	0.13325	2.6314e-05	0.035533	supercritical
367.00	105.00	110.64	0.0090387	224.18	319.08	5.3536	0.68647	1.0315	378.93	0.13243	2.6359e-05	0.035594	supercritical
368.00	105.00	110.29	0.0090670	224.91	320.12	5.3564	0.68664	1.0310	379.46	0.13163	2.6404e-05	0.035655	supercritical
369.00	105.00	109.95	0.0090954	225.64	321.15	5.3592	0.68680	1.0306	379.98	0.13082	2.6450e-05	0.035716	supercritical
370.00	105.00	109.61	0.0091236	226.38	322.18	5.3619	0.68696	1.0301	380.50	0.13002	2.6495e-05	0.035777	supercritical
371.00	105.00	109.27	0.0091519	227.11	323.21	5.3647	0.68713	1.0297	381.02	0.12923	2.6540e-05	0.035838	supercritical
372.00	105.00	108.93	0.0091802	227.84	324.24	5.3675	0.68730	1.0293	381.53	0.12844	2.6586e-05	0.035900	supercritical
373.00	105.00	108.60	0.0092084	228.58	325.26	5.3703	0.68747	1.0289	382.05	0.12766	2.6631e-05	0.035961	supercritical
374.00	105.00	108.27	0.0092366	229.31	326.29	5.3730	0.68765	1.0284	382.56	0.12687	2.6676e-05	0.036022	supercritical
375.00	105.00	107.94	0.0092647	230.04	327.32	5.3758	0.68782	1.0280	383.08	0.12610	2.6721e-05	0.036083	supercritical
376.00	105.00	107.61	0.0092929	230.77	328.35	5.3785	0.68800	1.0276	383.59	0.12533	2.6767e-05	0.036145	supercritical
377.00	105.00	107.28	0.0093210	231.51	329.38	5.3812	0.68818	1.0273	384.10	0.12456	2.6812e-05	0.036206	supercritical
378.00	105.00	106.96	0.0093491	232.24	330.40	5.3839	0.68836	1.0269	384.61	0.12380	2.6857e-05	0.036267	supercritical
379.00	105.00	106.64	0.0093772	232.97	331.43	5.3867	0.68854	1.0265	385.12	0.12304	2.6902e-05	0.036329	supercritical
380.00	105.00	106.32	0.0094053	233.70	332.46	5.3894	0.68873	1.0261	385.63	0.12229	2.6947e-05	0.036390	supercritical
381.00	105.00	106.01	0.0094333	234.43	333.48	5.3921	0.68891	1.0258	386.13	0.12154	2.6992e-05	0.036452	supercritical
382.00	105.00	105.69	0.0094613	235.16	334.51	5.3947	0.68910	1.0254	386.64	0.12079	2.7037e-05	0.036513	supercritical
383.00	105.00	105.38	0.0094893	235.90	335.53	5.3974	0.68929	1.0251	387.14	0.12005	2.7082e-05	0.036575	supercritical
384.00	105.00	105.07	0.0095173	236.63	336.56	5.4001	0.68948	1.0248	387.64	0.11931	2.7127e-05	0.036636	supercritical
385.00	105.00	104.76	0.0095453	237.36	337.58	5.4028	0.68967	1.0244	388.14	0.11858	2.7172e-05	0.036698	supercritical
386.00	105.00	104.46	0.0095732	238.09	338.61	5.4054	0.68987	1.0241	388.64	0.11785	2.7217e-05	0.036759	supercritical
387.00	105.00	104.15	0.0096011	238.82	339.63	5.4081	0.69007	1.0238	389.14	0.11713	2.7262e-05	0.036821	supercritical
388.00	105.00	103.85	0.0096290	239.55	340.66	5.4107	0.69026	1.0235	389.64	0.11641	2.7307e-05	0.036883	supercritical
389.00	105.00	103.55	0.0096569	240.28	341.68	5.4133	0.69046	1.0232	390.14	0.11569	2.7352e-05	0.036944	supercritical
390.00	105.00	103.25	0.0096848	241.01	342.70	5.4160	0.69066	1.0229	390.63	0.11498	2.7397e-05	0.037006	supercritical
391.00	105.00	102.96	0.0097126	241.74	343.72	5.4186	0.69087	1.0226	391.13	0.11428	2.7442e-05	0.037068	supercritical
392.00	105.00	102.66	0.0097404	242.47	344.75	5.4212	0.69107	1.0223	391.62	0.11357	2.7487e-05	0.037130	supercritical
393.00	105.00	102.37	0.0097682	243.20	345.77	5.4238	0.69128	1.0221	392.11	0.11287	2.7531e-05	0.037192	supercritical
394.00	105.00	102.08	0.0097960	243.93	346.79	5.4264	0.69149	1.0218	392.61	0.11218	2.7576e-05	0.037253	supercritical
395.00	105.00	101.79	0.0098238	244.66	347.81	5.4290	0.69169	1.0216	393.10	0.11148	2.7621e-05	0.037315	supercritical
396.00	105.00	101.51	0.0098515	245.39	348.83	5.4316	0.69191	1.0213	393.58	0.11080	2.7666e-05	0.037377	supercritical
397.00	105.00	101.22	0.0098793	246.12	349.86	5.4342	0.69212	1.0211	394.07	0.11011	2.7710e-05	0.037439	supercritical
398.00	105.00	100.94	0.0099070	246.85	350.88	5.4367	0.69233	1.0208	394.56	0.10943	2.7755e-05	0.037501	supercritical
399.00	105.00	100.66	0.0099346	247.58	351.90	5.4393	0.69255	1.0206	395.05	0.10875	2.7800e-05	0.037563	supercritical
400.00	105.00	100.38	0.0099623	248.31	352.92	5.4418	0.69276	1.0203	395.53	0.10808	2.7844e-05	0.037625	supercritical
401.00	105.00	100.10	0.0099900	249.04	353.94	5.4444	0.69298	1.0201	396.01	0.10741	2.7889e-05	0.037687	supercritical
402.00	105.00	99.824	0.010018	249.77	354.96	5.4469	0.69320	1.0199	396.50	0.10675	2.7933e-05	0.037749	supercritical
403.00	105.00	99.550	0.010045	250.50	355.98	5.4495	0.69342	1.0197	396.98	0.10608	2.7978e-05	0.037811	supercritical
404.00	105.00	99.277	0.010073	251.23	357.00	5.4520	0.69364	1.0195	397.46	0.10543	2.8022e-05	0.037873	supercritical
405.00	105.00	99.006	0.010100	251.96	358.02	5.4545	0.69386	1.0193	397.94	0.10477	2.8067e-05	0.037935	supercritical
406.00	105.00	98.736	0.010128	252.69	359.04	5.4570	0.69409	1.0191	398.42	0.10412	2.8111e-05	0.037997	supercritical
407.00	105.00	98.468	0.010156	253.42	360.05	5.4595	0.69431	1.0189	398.89	0.10347	2.8156e-05	0.038059	supercritical
408.00	105.00	98.202	0.010183	254.15	361.07	5.4620	0.69454	1.0187	399.37	0.10283	2.8200e-05	0.038121	supercritical
409.00	105.00	97.938	0.010211	254.88	362.09	5.4645	0.69477	1.0185	399.85	0.10219	2.8244e-05	0.038183	supercritical
410.00	105.00	97.674	0.010238	255.61	363.11	5.4670	0.69500	1.0184	400.32	0.10155	2.8289e-05	0.038245	supercritical
411.00	105.00	97.413	0.010266	256.34	364.13	5.4695	0.69523	1.0182	400.79	0.10092	2.8333e-05	0.038308	supercritical
412.00	105.00	97.153	0.010293	257.07	365.15	5.4720	0.69546	1.0180	401.27	0.10029	2.8377e-05	0.038370	supercritical
413.00	105.00	96.895	0.010320	257.80	366.17	5.4744	0.69570	1.0179	401.74	0.099663	2.8422e-05	0.038432	supercritical
414.00	105.00	96.638	0.010348	258.53	367.18	5.4769	0.69593	1.0177	402.21	0.099040	2.8466e-05	0.038494	supercritical
415.00	105.00	96.382	0.010375	259.26	368.20	5.4793	0.69617	1.0176	402.68	0.098421	2.8510e-05	0.038556	supercritical
416.00	105.00	96.128	0.010403	259.99	369.22	5.4818	0.69640	1.0174	403.15	0.097804	2.8554e-05	0.038618	supercritical
417.00	105.00	95.876	0.010430	260.72	370.24	5.4842	0.69664	1.0173	403.62	0.097191	2.8598e-05	0.038681	supercritical
418.00	105.00	95.625	0.010458	261.45	371.25	5.4867	0.69688	1.0172	404.08	0.096582	2.8642e-05	0.038743	supercritical
419.00	105.00	95.375	0.010485	262.18	372.27	5.4891	0.69712	1.0170	404.55	0.095975	2.8686e-05	0.038805	supercritical
420.00	105.00	95.127	0.010512	262.91	373.29	5.4915	0.69736	1.0169	405.01	0.095372	2.8730e-05	0.038867	supercritical
421.00	105.00	94.881	0.010540	263.64	374.30	5.4939	0.69760	1.0168	405.48	0.094772	2.8774e-05	0.038929	supercritical
422.00	105.00	94.635	0.010567	264.37	375.32	5.4964	0.69785	1.0167	405.94	0.094176	2.8818e-05	0.038992	supercritical
423.00	105.00	94.391	0.010594	265.10	376.34	5.4988	0.69809	1.0165	406.40	0.093582	2.8862e-05	0.039054	supercritical
424.00	105.00	94.149	0.010621	265.83	377.35	5.5012	0.69834	1.0164	406.86	0.092992	2.8906e-05	0.039116	supercritical
425.00	105.00	93.908	0.010649	266.56	378.37	5.5036	0.69858	1.0163	407.33	0.092405	2.8950e-05	0.039178	supercritical
426.00	105.00	93.668	0.010676	267.29	379.39	5.5059	0.69883	1.0162	407.78	0.091821	2.8994e-05	0.039241	supercritical
427.00	105.00	93.430	0.010703	268.02	380.40	5.5083	0.69908	1.0161	408.24	0.091240	2.9038e-05	0.039303	supercritical
428.00	105.00	93.193	0.010730	268.75	381.42	5.5107	0.69933	1.0160	408.70	0.090662	2.9082e-05	0.039365	supercritical
429.00	105.00	92.957	0.010758	269.48	382.43	5.5131	0.69958	1.0160	409.16	0.090087	2.9125e-05	0.039428	supercritical
430.00	105.00	92.722	0.010785	270.21	383.45	5.5154	0.69983	1.0159	409.61	0.089515	2.9169e-05	0.039490	supercritical
431.00	105.00	92.489	0.010812	270.94	384.47	5.5178	0.70008	1.0158	410.07	0.088946	2.9213e-05	0.039552	supercritical
432.00	105.00	92.257	0.010839	271.67	385.48	5.5202	0.70033	1.0157	410.52	0.088381	2.9257e-05	0.039614	supercritical
433.00	105.00	92.027	0.010866	272.40	386.50	5.5225	0.70059	1.0156	410.98	0.087818	2.9300e-05	0.039677	supercritical
434.00	105.00	91.797	0.010894	273.13	387.51	5.5248	0.70084	1.0156	411.43	0.087258	2.9344e-05	0.039739	supercritical
435.00	105.00	91.569	0.010921	273.86	388.53	5.5272	0.70110	1.0155	411.88	0.086701	2.9387e-05	0.039801	supercritical
436.00	105.00	91.342	0.010948	274.59	389.54	5.5295	0.70135	1.0154	412.33	0.086147	2.9431e-05	0.039864	supercritical
437.00	105.00	91.117	0.010975	275.32	390.56	5.5318	0.70161	1.0154	412.78	0.085596	2.9475e-05	0.039926	supercritical
438.00	105.00	90.892	0.011002	276.05	391.57	5.5342	0.70187	1.0153	413.23	0.085048	2.9518e-05	0.039988	supercritical
439.00	105.00	90.669	0.011029	276.78	392.59	5.5365	0.70213	1.0153	413.68	0.084503	2.9562e-05	0.040051	supercritical
440.00	105.00	90.447	0.011056	277.52	393.61	5.5388	0.70239	1.0152	414.13	0.083961	2.9605e-05	0.040113	supercritical
441.00	105.00	90.226	0.011083	278.25	394.62	5.5411	0.70265	1.0152	414.58	0.083421	2.9648e-05	0.040175	supercritical
442.00	105.00	90.007	0.011110	278.98	395.64	5.5434	0.70291	1.0152	415.02	0.082884	2.9692e-05	0.040237	supercritical
443.00	105.00	89.788	0.011137	279.71	396.65	5.5457	0.70317	1.0151	415.47	0.082350	2.9735e-05	0.040300	supercritical
444.00	105.00	89.571	0.011164	280.44	397.67	5.5480	0.70344	1.0151	415.91	0.081819	2.9778e-05	0.040362	supercritical
445.00	105.00	89.355	0.011191	281.17	398.68	5.5503	0.70370	1.0151	416.36	0.081290	2.9822e-05	0.040424	supercritical
446.00	105.00	89.140	0.011218	281.90	399.70	5.5525	0.70397	1.0150	416.80	0.080764	2.9865e-05	0.040487	supercritical
447.00	105.00	88.926	0.011245	282.64	400.71	5.5548	0.70423	1.0150	417.24	0.080241	2.9908e-05	0.040549	supercritical
448.00	105.00	88.713	0.011272	283.37	401.73	5.5571	0.70450	1.0150	417.68	0.079721	2.9951e-05	0.040611	supercritical
449.00	105.00	88.501	0.011299	284.10	402.74	5.5593	0.70476	1.0150	418.12	0.079203	2.9995e-05	0.040674	supercritical
450.00	105.00	88.291	0.011326	284.83	403.76	5.5616	0.70503	1.0150	418.56	0.078688	3.0038e-05	0.040736	supercritical
451.00	105.00	88.081	0.011353	285.56	404.77	5.5639	0.70530	1.0149	419.00	0.078176	3.0081e-05	0.040798	supercritical
452.00	105.00	87.873	0.011380	286.29	405.79	5.5661	0.70557	1.0149	419.44	0.077666	3.0124e-05	0.040860	supercritical
453.00	105.00	87.665	0.011407	287.03	406.80	5.5683	0.70584	1.0149	419.88	0.077159	3.0167e-05	0.040923	supercritical
454.00	105.00	87.459	0.011434	287.76	407.82	5.5706	0.70611	1.0149	420.31	0.076654	3.0210e-05	0.040985	supercritical
455.00	105.00	87.254	0.011461	288.49	408.83	5.5728	0.70638	1.0149	420.75	0.076152	3.0253e-05	0.041047	supercritical
456.00	105.00	87.050	0.011488	289.22	409.85	5.5750	0.70665	1.0149	421.18	0.075653	3.0296e-05	0.041110	supercritical
457.00	105.00	86.847	0.011515	289.96	410.86	5.5773	0.70692	1.0149	421.62	0.075156	3.0339e-05	0.041172	supercritical
458.00	105.00	86.644	0.011541	290.69	411.88	5.5795	0.70719	1.0149	422.05	0.074661	3.0382e-05	0.041234	supercritical
459.00	105.00	86.443	0.011568	291.42	412.89	5.5817	0.70747	1.0150	422.49	0.074169	3.0425e-05	0.041296	supercritical
460.00	105.00	86.243	0.011595	292.16	413.91	5.5839	0.70774	1.0150	422.92	0.073680	3.0467e-05	0.041359	supercritical
461.00	105.00	86.044	0.011622	292.89	414.92	5.5861	0.70802	1.0150	423.35	0.073193	3.0510e-05	0.041421	supercritical
462.00	105.00	85.846	0.011649	293.62	415.94	5.5883	0.70829	1.0150	423.78	0.072709	3.0553e-05	0.041483	supercritical
463.00	105.00	85.649	0.011676	294.36	416.95	5.5905	0.70857	1.0150	424.21	0.072226	3.0596e-05	0.041546	supercritical
464.00	105.00	85.453	0.011702	295.09	417.97	5.5927	0.70884	1.0151	424.64	0.071747	3.0638e-05	0.041608	supercritical
465.00	105.00	85.258	0.011729	295.82	418.98	5.5949	0.70912	1.0151	425.07	0.071270	3.0681e-05	0.041670	supercritical
466.00	105.00	85.064	0.011756	296.56	420.00	5.5971	0.70939	1.0151	425.50	0.070795	3.0724e-05	0.041732	supercritical
467.00	105.00	84.870	0.011783	297.29	421.01	5.5992	0.70967	1.0151	425.92	0.070322	3.0766e-05	0.041794	supercritical
468.00	105.00	84.678	0.011809	298.03	422.03	5.6014	0.70995	1.0152	426.35	0.069852	3.0809e-05	0.041857	supercritical
469.00	105.00	84.487	0.011836	298.76	423.04	5.6036	0.71023	1.0152	426.78	0.069385	3.0851e-05	0.041919	supercritical
470.00	105.00	84.296	0.011863	299.50	424.06	5.6057	0.71051	1.0153	427.20	0.068919	3.0894e-05	0.041981	supercritical
471.00	105.00	84.107	0.011890	300.23	425.07	5.6079	0.71079	1.0153	427.63	0.068456	3.0936e-05	0.042043	supercritical
472.00	105.00	83.918	0.011916	300.97	426.09	5.6101	0.71107	1.0153	428.05	0.067995	3.0979e-05	0.042106	supercritical
473.00	105.00	83.731	0.011943	301.70	427.10	5.6122	0.71135	1.0154	428.47	0.067537	3.1021e-05	0.042168	supercritical
474.00	105.00	83.544	0.011970	302.44	428.12	5.6143	0.71163	1.0154	428.90	0.067080	3.1064e-05	0.042230	supercritical
475.00	105.00	83.358	0.011996	303.17	429.13	5.6165	0.71191	1.0155	429.32	0.066627	3.1106e-05	0.042292	supercritical
476.00	105.00	83.173	0.012023	303.91	430.15	5.6186	0.71219	1.0155	429.74	0.066175	3.1148e-05	0.042354	supercritical
477.00	105.00	82.989	0.012050	304.64	431.16	5.6208	0.71247	1.0156	430.16	0.065725	3.1191e-05	0.042416	supercritical
478.00	105.00	82.806	0.012076	305.38	432.18	5.6229	0.71275	1.0157	430.58	0.065278	3.1233e-05	0.042479	supercritical
479.00	105.00	82.624	0.012103	306.11	433.20	5.6250	0.71304	1.0157	431.00	0.064833	3.1275e-05	0.042541	supercritical
480.00	105.00	82.442	0.012130	306.85	434.21	5.6271	0.71332	1.0158	431.42	0.064390	3.1318e-05	0.042603	supercritical
481.00	105.00	82.262	0.012156	307.59	435.23	5.6292	0.71360	1.0158	431.84	0.063949	3.1360e-05	0.042665	supercritical
482.00	105.00	82.082	0.012183	308.32	436.24	5.6313	0.71389	1.0159	432.25	0.063511	3.1402e-05	0.042727	supercritical
483.00	105.00	81.903	0.012210	309.06	437.26	5.6334	0.71417	1.0160	432.67	0.063074	3.1444e-05	0.042789	supercritical
484.00	105.00	81.725	0.012236	309.80	438.27	5.6355	0.71446	1.0160	433.09	0.062640	3.1486e-05	0.042851	supercritical
485.00	105.00	81.548	0.012263	310.53	439.29	5.6376	0.71474	1.0161	433.50	0.062208	3.1528e-05	0.042913	supercritical
486.00	105.00	81.371	0.012289	311.27	440.31	5.6397	0.71503	1.0162	433.92	0.061778	3.1570e-05	0.042975	supercritical
487.00	105.00	81.196	0.012316	312.01	441.32	5.6418	0.71531	1.0163	434.33	0.061350	3.1612e-05	0.043038	supercritical
488.00	105.00	81.021	0.012342	312.74	442.34	5.6439	0.71560	1.0163	434.74	0.060924	3.1654e-05	0.043100	supercritical
489.00	105.00	80.847	0.012369	313.48	443.36	5.6460	0.71588	1.0164	435.16	0.060500	3.1696e-05	0.043162	supercritical
490.00	105.00	80.674	0.012396	314.22	444.37	5.6481	0.71617	1.0165	435.57	0.060078	3.1738e-05	0.043224	supercritical
491.00	105.00	80.502	0.012422	314.96	445.39	5.6501	0.71646	1.0166	435.98	0.059659	3.1780e-05	0.043286	supercritical
492.00	105.00	80.330	0.012449	315.69	446.41	5.6522	0.71674	1.0167	436.39	0.059241	3.1822e-05	0.043348	supercritical
493.00	105.00	80.159	0.012475	316.43	447.42	5.6543	0.71703	1.0168	436.80	0.058825	3.1864e-05	0.043410	supercritical
494.00	105.00	79.989	0.012502	317.17	448.44	5.6563	0.71732	1.0168	437.21	0.058412	3.1905e-05	0.043472	supercritical
495.00	105.00	79.820	0.012528	317.91	449.46	5.6584	0.71761	1.0169	437.62	0.058000	3.1947e-05	0.043534	supercritical
496.00	105.00	79.651	0.012555	318.65	450.47	5.6604	0.71789	1.0170	438.03	0.057590	3.1989e-05	0.043596	supercritical
497.00	105.00	79.484	0.012581	319.39	451.49	5.6625	0.71818	1.0171	438.44	0.057183	3.2031e-05	0.043658	supercritical
498.00	105.00	79.317	0.012608	320.13	452.51	5.6645	0.71847	1.0172	438.84	0.056777	3.2072e-05	0.043720	supercritical
499.00	105.00	79.151	0.012634	320.87	453.52	5.6666	0.71876	1.0173	439.25	0.056373	3.2114e-05	0.043782	supercritical
500.00	105.00	78.985	0.012661	321.61	454.54	5.6686	0.71905	1.0174	439.66	0.055971	3.2156e-05	0.043844	supercritical
501.00	105.00	78.821	0.012687	322.35	455.56	5.6706	0.71934	1.0175	440.06	0.055571	3.2197e-05	0.043906	supercritical
502.00	105.00	78.657	0.012714	323.09	456.58	5.6727	0.71963	1.0176	440.47	0.055173	3.2239e-05	0.043967	supercritical
503.00	105.00	78.493	0.012740	323.83	457.59	5.6747	0.71991	1.0177	440.87	0.054777	3.2280e-05	0.044029	supercritical
504.00	105.00	78.331	0.012766	324.57	458.61	5.6767	0.72020	1.0178	441.28	0.054383	3.2322e-05	0.044091	supercritical
505.00	105.00	78.169	0.012793	325.31	459.63	5.6787	0.72049	1.0179	441.68	0.053990	3.2363e-05	0.044153	supercritical
506.00	105.00	78.008	0.012819	326.05	460.65	5.6808	0.72078	1.0180	442.08	0.053600	3.2405e-05	0.044215	supercritical
507.00	105.00	77.848	0.012846	326.79	461.67	5.6828	0.72107	1.0181	442.49	0.053211	3.2446e-05	0.044277	supercritical
508.00	105.00	77.688	0.012872	327.53	462.68	5.6848	0.72136	1.0182	442.89	0.052824	3.2487e-05	0.044339	supercritical
509.00	105.00	77.529	0.012898	328.27	463.70	5.6868	0.72165	1.0184	443.29	0.052439	3.2529e-05	0.044401	supercritical
510.00	105.00	77.371	0.012925	329.01	464.72	5.6888	0.72195	1.0185	443.69	0.052056	3.2570e-05	0.044462	supercritical
511.00	105.00	77.213	0.012951	329.75	465.74	5.6908	0.72224	1.0186	444.09	0.051674	3.2611e-05	0.044524	supercritical
512.00	105.00	77.056	0.012978	330.49	466.76	5.6928	0.72253	1.0187	444.49	0.051295	3.2653e-05	0.044586	supercritical
513.00	105.00	76.900	0.013004	331.24	467.78	5.6947	0.72282	1.0188	444.89	0.050917	3.2694e-05	0.044648	supercritical
514.00	105.00	76.744	0.013030	331.98	468.80	5.6967	0.72311	1.0189	445.29	0.050541	3.2735e-05	0.044710	supercritical
515.00	105.00	76.589	0.013057	332.72	469.81	5.6987	0.72340	1.0191	445.68	0.050166	3.2776e-05	0.044771	supercritical
516.00	105.00	76.435	0.013083	333.46	470.83	5.7007	0.72369	1.0192	446.08	0.049794	3.2817e-05	0.044833	supercritical
517.00	105.00	76.282	0.013109	334.21	471.85	5.7027	0.72398	1.0193	446.48	0.049423	3.2858e-05	0.044895	supercritical
518.00	105.00	76.129	0.013136	334.95	472.87	5.7046	0.72427	1.0194	446.88	0.049054	3.2900e-05	0.044957	supercritical
519.00	105.00	75.977	0.013162	335.69	473.89	5.7066	0.72457	1.0195	447.27	0.048686	3.2941e-05	0.045018	supercritical
520.00	105.00	75.825	0.013188	336.44	474.91	5.7086	0.72486	1.0197	447.67	0.048321	3.2982e-05	0.045080	supercritical
521.00	105.00	75.674	0.013215	337.18	475.93	5.7105	0.72515	1.0198	448.06	0.047957	3.3023e-05	0.045142	supercritical
522.00	105.00	75.524	0.013241	337.92	476.95	5.7125	0.72544	1.0199	448.46	0.047594	3.3064e-05	0.045203	supercritical
523.00	105.00	75.374	0.013267	338.67	477.97	5.7144	0.72573	1.0201	448.85	0.047234	3.3105e-05	0.045265	supercritical
524.00	105.00	75.225	0.013293	339.41	478.99	5.7164	0.72602	1.0202	449.24	0.046875	3.3145e-05	0.045327	supercritical
525.00	105.00	75.077	0.013320	340.15	480.01	5.7183	0.72632	1.0203	449.64	0.046518	3.3186e-05	0.045388	supercritical
526.00	105.00	74.929	0.013346	340.90	481.03	5.7203	0.72661	1.0205	450.03	0.046162	3.3227e-05	0.045450	supercritical
527.00	105.00	74.782	0.013372	341.64	482.05	5.7222	0.72690	1.0206	450.42	0.045808	3.3268e-05	0.045511	supercritical
528.00	105.00	74.635	0.013399	342.39	483.07	5.7241	0.72719	1.0207	450.81	0.045456	3.3309e-05	0.045573	supercritical
529.00	105.00	74.489	0.013425	343.13	484.09	5.7261	0.72748	1.0209	451.20	0.045105	3.3350e-05	0.045635	supercritical
530.00	105.00	74.344	0.013451	343.88	485.12	5.7280	0.72777	1.0210	451.59	0.044756	3.3390e-05	0.045696	supercritical
531.00	105.00	74.199	0.013477	344.62	486.14	5.7299	0.72807	1.0211	451.98	0.044408	3.3431e-05	0.045758	supercritical
532.00	105.00	74.055	0.013503	345.37	487.16	5.7318	0.72836	1.0213	452.37	0.044062	3.3472e-05	0.045819	supercritical
533.00	105.00	73.911	0.013530	346.12	488.18	5.7338	0.72865	1.0214	452.76	0.043718	3.3512e-05	0.045881	supercritical
534.00	105.00	73.768	0.013556	346.86	489.20	5.7357	0.72894	1.0216	453.15	0.043375	3.3553e-05	0.045942	supercritical
535.00	105.00	73.626	0.013582	347.61	490.22	5.7376	0.72923	1.0217	453.53	0.043034	3.3594e-05	0.046004	supercritical
536.00	105.00	73.484	0.013608	348.36	491.24	5.7395	0.72953	1.0218	453.92	0.042694	3.3634e-05	0.046065	supercritical
537.00	105.00	73.343	0.013635	349.10	492.27	5.7414	0.72982	1.0220	454.31	0.042356	3.3675e-05	0.046127	supercritical
538.00	105.00	73.202	0.013661	349.85	493.29	5.7433	0.73011	1.0221	454.69	0.042019	3.3715e-05	0.046188	supercritical
539.00	105.00	73.062	0.013687	350.60	494.31	5.7452	0.73040	1.0223	455.08	0.041684	3.3756e-05	0.046250	supercritical
540.00	105.00	72.923	0.013713	351.34	495.33	5.7471	0.73069	1.0224	455.47	0.041351	3.3796e-05	0.046311	supercritical
541.00	105.00	72.784	0.013739	352.09	496.35	5.7490	0.73098	1.0226	455.85	0.041019	3.3836e-05	0.046372	supercritical
542.00	105.00	72.646	0.013765	352.84	497.38	5.7509	0.73128	1.0227	456.23	0.040688	3.3877e-05	0.046434	supercritical
543.00	105.00	72.508	0.013792	353.59	498.40	5.7528	0.73157	1.0229	456.62	0.040359	3.3917e-05	0.046495	supercritical
544.00	105.00	72.371	0.013818	354.34	499.42	5.7546	0.73186	1.0230	457.00	0.040031	3.3958e-05	0.046557	supercritical
545.00	105.00	72.234	0.013844	355.09	500.45	5.7565	0.73215	1.0232	457.38	0.039705	3.3998e-05	0.046618	supercritical
546.00	105.00	72.098	0.013870	355.83	501.47	5.7584	0.73244	1.0233	457.77	0.039381	3.4038e-05	0.046679	supercritical
547.00	105.00	71.962	0.013896	356.58	502.49	5.7603	0.73273	1.0235	458.15	0.039057	3.4078e-05	0.046741	supercritical
548.00	105.00	71.827	0.013922	357.33	503.52	5.7621	0.73302	1.0236	458.53	0.038736	3.4119e-05	0.046802	supercritical
549.00	105.00	71.693	0.013948	358.08	504.54	5.7640	0.73332	1.0238	458.91	0.038415	3.4159e-05	0.046863	supercritical
550.00	105.00	71.559	0.013975	358.83	505.56	5.7659	0.73361	1.0240	459.29	0.038096	3.4199e-05	0.046924	supercritical
551.00	105.00	71.425	0.014001	359.58	506.59	5.7677	0.73390	1.0241	459.67	0.037779	3.4239e-05	0.046986	supercritical
552.00	105.00	71.292	0.014027	360.33	507.61	5.7696	0.73419	1.0243	460.05	0.037463	3.4279e-05	0.047047	supercritical
553.00	105.00	71.160	0.014053	361.08	508.64	5.7714	0.73448	1.0244	460.43	0.037148	3.4319e-05	0.047108	supercritical
554.00	105.00	71.028	0.014079	361.83	509.66	5.7733	0.73477	1.0246	460.81	0.036835	3.4359e-05	0.047169	supercritical
555.00	105.00	70.896	0.014105	362.58	510.69	5.7751	0.73506	1.0247	461.19	0.036523	3.4399e-05	0.047231	supercritical
556.00	105.00	70.766	0.014131	363.33	511.71	5.7770	0.73535	1.0249	461.57	0.036213	3.4439e-05	0.047292	supercritical
557.00	105.00	70.635	0.014157	364.08	512.74	5.7788	0.73564	1.0251	461.94	0.035904	3.4479e-05	0.047353	supercritical
558.00	105.00	70.505	0.014183	364.84	513.76	5.7807	0.73593	1.0252	462.32	0.035596	3.4519e-05	0.047414	supercritical
559.00	105.00	70.376	0.014209	365.59	514.79	5.7825	0.73622	1.0254	462.70	0.035290	3.4559e-05	0.047475	supercritical
560.00	105.00	70.247	0.014235	366.34	515.81	5.7843	0.73651	1.0255	463.07	0.034984	3.4599e-05	0.047536	supercritical
561.00	105.00	70.119	0.014262	367.09	516.84	5.7862	0.73680	1.0257	463.45	0.034681	3.4639e-05	0.047597	supercritical
562.00	105.00	69.991	0.014288	367.84	517.86	5.7880	0.73709	1.0259	463.83	0.034378	3.4679e-05	0.047659	supercritical
563.00	105.00	69.863	0.014314	368.60	518.89	5.7898	0.73738	1.0260	464.20	0.034077	3.4719e-05	0.047720	supercritical
564.00	105.00	69.737	0.014340	369.35	519.91	5.7916	0.73767	1.0262	464.58	0.033778	3.4758e-05	0.047781	supercritical
565.00	105.00	69.610	0.014366	370.10	520.94	5.7935	0.73796	1.0264	464.95	0.033479	3.4798e-05	0.047842	supercritical
566.00	105.00	69.484	0.014392	370.85	521.97	5.7953	0.73825	1.0265	465.32	0.033182	3.4838e-05	0.047903	supercritical
567.00	105.00	69.359	0.014418	371.61	522.99	5.7971	0.73854	1.0267	465.70	0.032886	3.4878e-05	0.047964	supercritical
568.00	105.00	69.234	0.014444	372.36	524.02	5.7989	0.73882	1.0269	466.07	0.032592	3.4917e-05	0.048025	supercritical
569.00	105.00	69.109	0.014470	373.12	525.05	5.8007	0.73911	1.0270	466.44	0.032299	3.4957e-05	0.048086	supercritical
570.00	105.00	68.985	0.014496	373.87	526.08	5.8025	0.73940	1.0272	466.81	0.032007	3.4997e-05	0.048147	supercritical
571.00	105.00	68.862	0.014522	374.62	527.10	5.8043	0.73969	1.0274	467.18	0.031716	3.5036e-05	0.048208	supercritical
572.00	105.00	68.739	0.014548	375.38	528.13	5.8061	0.73998	1.0276	467.56	0.031427	3.5076e-05	0.048269	supercritical
573.00	105.00	68.616	0.014574	376.13	529.16	5.8079	0.74026	1.0277	467.93	0.031138	3.5115e-05	0.048329	supercritical
574.00	105.00	68.494	0.014600	376.89	530.19	5.8097	0.74055	1.0279	468.30	0.030851	3.5155e-05	0.048390	supercritical
575.00	105.00	68.372	0.014626	377.64	531.21	5.8115	0.74084	1.0281	468.67	0.030566	3.5194e-05	0.048451	supercritical
576.00	105.00	68.251	0.014652	378.40	532.24	5.8133	0.74113	1.0282	469.04	0.030281	3.5234e-05	0.048512	supercritical
577.00	105.00	68.130	0.014678	379.15	533.27	5.8150	0.74141	1.0284	469.41	0.029998	3.5273e-05	0.048573	supercritical
578.00	105.00	68.010	0.014704	379.91	534.30	5.8168	0.74170	1.0286	469.77	0.029716	3.5313e-05	0.048634	supercritical
579.00	105.00	67.890	0.014730	380.67	535.33	5.8186	0.74199	1.0288	470.14	0.029435	3.5352e-05	0.048695	supercritical
580.00	105.00	67.771	0.014756	381.42	536.36	5.8204	0.74227	1.0289	470.51	0.029156	3.5391e-05	0.048755	supercritical
581.00	105.00	67.652	0.014782	382.18	537.38	5.8222	0.74256	1.0291	470.88	0.028877	3.5431e-05	0.048816	supercritical
582.00	105.00	67.533	0.014808	382.93	538.41	5.8239	0.74285	1.0293	471.24	0.028600	3.5470e-05	0.048877	supercritical
583.00	105.00	67.415	0.014833	383.69	539.44	5.8257	0.74313	1.0295	471.61	0.028324	3.5509e-05	0.048938	supercritical
584.00	105.00	67.297	0.014859	384.45	540.47	5.8275	0.74342	1.0296	471.98	0.028049	3.5548e-05	0.048999	supercritical
585.00	105.00	67.180	0.014885	385.21	541.50	5.8292	0.74370	1.0298	472.34	0.027776	3.5588e-05	0.049059	supercritical
586.00	105.00	67.063	0.014911	385.96	542.53	5.8310	0.74399	1.0300	472.71	0.027503	3.5627e-05	0.049120	supercritical
587.00	105.00	66.947	0.014937	386.72	543.56	5.8327	0.74427	1.0302	473.07	0.027232	3.5666e-05	0.049181	supercritical
588.00	105.00	66.831	0.014963	387.48	544.59	5.8345	0.74456	1.0303	473.44	0.026961	3.5705e-05	0.049241	supercritical
589.00	105.00	66.715	0.014989	388.24	545.62	5.8362	0.74484	1.0305	473.80	0.026692	3.5744e-05	0.049302	supercritical
590.00	105.00	66.600	0.015015	389.00	546.65	5.8380	0.74512	1.0307	474.17	0.026424	3.5783e-05	0.049363	supercritical
591.00	105.00	66.485	0.015041	389.76	547.68	5.8397	0.74541	1.0309	474.53	0.026158	3.5822e-05	0.049423	supercritical
592.00	105.00	66.371	0.015067	390.51	548.72	5.8415	0.74569	1.0311	474.89	0.025892	3.5861e-05	0.049484	supercritical
593.00	105.00	66.257	0.015093	391.27	549.75	5.8432	0.74597	1.0312	475.26	0.025627	3.5900e-05	0.049545	supercritical
594.00	105.00	66.144	0.015119	392.03	550.78	5.8450	0.74626	1.0314	475.62	0.025364	3.5939e-05	0.049605	supercritical
595.00	105.00	66.031	0.015144	392.79	551.81	5.8467	0.74654	1.0316	475.98	0.025102	3.5978e-05	0.049666	supercritical
596.00	105.00	65.918	0.015170	393.55	552.84	5.8484	0.74682	1.0318	476.34	0.024840	3.6017e-05	0.049726	supercritical
597.00	105.00	65.806	0.015196	394.31	553.87	5.8501	0.74711	1.0320	476.71	0.024580	3.6056e-05	0.049787	supercritical
598.00	105.00	65.694	0.015222	395.07	554.91	5.8519	0.74739	1.0321	477.07	0.024321	3.6095e-05	0.049847	supercritical
599.00	105.00	65.582	0.015248	395.83	555.94	5.8536	0.74767	1.0323	477.43	0.024063	3.6134e-05	0.049908	supercritical
600.00	105.00	65.471	0.015274	396.59	556.97	5.8553	0.74795	1.0325	477.79	0.023806	3.6173e-05	0.049968	supercritical
