Temperature (K)	Pressure (bar)	Density (kg/m3)	Volume (m3/kg)	Internal Energy (kJ/kg)	Enthalpy (kJ/kg)	Entropy (J/g*K)	Cv (J/g*K)	Cp (J/g*K)	Sound Spd. (m/s)	Joule-Thomson (K/bar)	Viscosity (Pa*s)	Therm. Cond. (W/m*K)	Phase
60.000	90.000	1292.6	0.00077365	-185.57	-178.60	2.2337	1.0920	1.6548	1151.9	-0.037571	0.00062049	0.19756	liquid
61.000	90.000	1288.3	0.00077620	-183.93	-176.95	2.2611	1.0837	1.6568	1148.0	-0.037414	0.00059127	0.19623	liquid
62.000	90.000	1284.1	0.00077877	-182.30	-175.29	2.2880	1.0763	1.6585	1143.4	-0.037271	0.00056400	0.19490	liquid
63.000	90.000	1279.8	0.00078138	-180.66	-173.63	2.3146	1.0695	1.6597	1138.2	-0.037142	0.00053854	0.19356	liquid
64.000	90.000	1275.5	0.00078401	-179.03	-171.97	2.3407	1.0633	1.6607	1132.5	-0.037024	0.00051474	0.19223	liquid
65.000	90.000	1271.2	0.00078666	-177.39	-170.31	2.3665	1.0574	1.6613	1126.5	-0.036915	0.00049249	0.19090	liquid
66.000	90.000	1266.9	0.00078934	-175.75	-168.65	2.3918	1.0519	1.6616	1120.2	-0.036812	0.00047166	0.18957	liquid
67.000	90.000	1262.5	0.00079205	-174.12	-166.99	2.4168	1.0466	1.6617	1113.6	-0.036715	0.00045216	0.18823	liquid
68.000	90.000	1258.2	0.00079478	-172.48	-165.32	2.4414	1.0414	1.6616	1106.9	-0.036621	0.00043389	0.18690	liquid
69.000	90.000	1253.9	0.00079753	-170.84	-163.66	2.4657	1.0364	1.6614	1100.0	-0.036529	0.00041674	0.18557	liquid
70.000	90.000	1249.5	0.00080030	-169.20	-162.00	2.4896	1.0316	1.6611	1092.9	-0.036438	0.00040065	0.18424	liquid
71.000	90.000	1245.2	0.00080310	-167.57	-160.34	2.5131	1.0268	1.6606	1085.8	-0.036346	0.00038552	0.18291	liquid
72.000	90.000	1240.8	0.00080592	-165.93	-158.68	2.5364	1.0221	1.6601	1078.6	-0.036252	0.00037128	0.18158	liquid
73.000	90.000	1236.4	0.00080877	-164.30	-157.02	2.5593	1.0175	1.6596	1071.4	-0.036156	0.00035788	0.18025	liquid
74.000	90.000	1232.1	0.00081164	-162.67	-155.36	2.5818	1.0129	1.6591	1064.1	-0.036056	0.00034525	0.17892	liquid
75.000	90.000	1227.7	0.00081454	-161.03	-153.70	2.6041	1.0084	1.6585	1056.8	-0.035951	0.00033333	0.17759	liquid
76.000	90.000	1223.3	0.00081746	-159.40	-152.04	2.6261	1.0040	1.6580	1049.4	-0.035842	0.00032208	0.17625	liquid
77.000	90.000	1218.9	0.00082041	-157.77	-150.39	2.6477	0.99960	1.6576	1042.0	-0.035726	0.00031144	0.17492	liquid
78.000	90.000	1214.5	0.00082339	-156.14	-148.73	2.6691	0.99525	1.6572	1034.7	-0.035605	0.00030137	0.17359	liquid
79.000	90.000	1210.1	0.00082640	-154.51	-147.07	2.6902	0.99095	1.6569	1027.3	-0.035476	0.00029183	0.17226	liquid
80.000	90.000	1205.6	0.00082943	-152.88	-145.42	2.7111	0.98670	1.6567	1019.9	-0.035340	0.00028279	0.17093	liquid
81.000	90.000	1201.2	0.00083249	-151.25	-143.76	2.7317	0.98250	1.6565	1012.5	-0.035196	0.00027421	0.16959	liquid
82.000	90.000	1196.8	0.00083559	-149.62	-142.10	2.7520	0.97834	1.6565	1005.1	-0.035043	0.00026605	0.16826	liquid
83.000	90.000	1192.3	0.00083872	-147.99	-140.45	2.7721	0.97424	1.6566	997.74	-0.034882	0.00025829	0.16692	liquid
84.000	90.000	1187.8	0.00084188	-146.37	-138.79	2.7919	0.97018	1.6568	990.35	-0.034712	0.00025091	0.16559	liquid
85.000	90.000	1183.3	0.00084507	-144.74	-137.13	2.8115	0.96617	1.6571	982.97	-0.034533	0.00024387	0.16425	liquid
86.000	90.000	1178.8	0.00084830	-143.11	-135.48	2.8309	0.96220	1.6575	975.58	-0.034343	0.00023716	0.16292	liquid
87.000	90.000	1174.3	0.00085156	-141.48	-133.82	2.8501	0.95829	1.6580	968.20	-0.034144	0.00023075	0.16158	liquid
88.000	90.000	1169.8	0.00085486	-139.85	-132.16	2.8690	0.95442	1.6587	960.81	-0.033934	0.00022463	0.16024	liquid
89.000	90.000	1165.2	0.00085820	-138.22	-130.50	2.8878	0.95061	1.6595	953.43	-0.033713	0.00021877	0.15890	liquid
90.000	90.000	1160.7	0.00086157	-136.59	-128.84	2.9063	0.94684	1.6604	946.05	-0.033481	0.00021316	0.15756	liquid
91.000	90.000	1156.1	0.00086499	-134.96	-127.18	2.9247	0.94312	1.6615	938.66	-0.033238	0.00020778	0.15621	liquid
92.000	90.000	1151.5	0.00086845	-133.33	-125.52	2.9428	0.93945	1.6627	931.27	-0.032983	0.00020262	0.15487	liquid
93.000	90.000	1146.9	0.00087195	-131.70	-123.85	2.9608	0.93583	1.6641	923.88	-0.032715	0.00019767	0.15352	liquid
94.000	90.000	1142.2	0.00087549	-130.07	-122.19	2.9786	0.93225	1.6656	916.48	-0.032435	0.00019291	0.15218	liquid
95.000	90.000	1137.6	0.00087908	-128.43	-120.52	2.9962	0.92873	1.6673	909.08	-0.032142	0.00018833	0.15083	liquid
96.000	90.000	1132.9	0.00088272	-126.80	-118.85	3.0137	0.92525	1.6691	901.67	-0.031836	0.00018392	0.14948	liquid
97.000	90.000	1128.2	0.00088640	-125.16	-117.18	3.0310	0.92182	1.6710	894.25	-0.031516	0.00017967	0.14813	liquid
98.000	90.000	1123.4	0.00089013	-123.52	-115.51	3.0482	0.91843	1.6731	886.82	-0.031182	0.00017557	0.14678	liquid
99.000	90.000	1118.7	0.00089392	-121.88	-113.84	3.0652	0.91510	1.6754	879.38	-0.030833	0.00017161	0.14543	liquid
100.00	90.000	1113.9	0.00089776	-120.24	-112.16	3.0820	0.91180	1.6778	871.94	-0.030469	0.00016779	0.14408	liquid
101.00	90.000	1109.1	0.00090165	-118.60	-110.48	3.0987	0.90856	1.6804	864.48	-0.030089	0.00016410	0.14272	liquid
102.00	90.000	1104.2	0.00090560	-116.95	-108.80	3.1153	0.90536	1.6832	857.01	-0.029693	0.00016052	0.14137	liquid
103.00	90.000	1099.4	0.00090961	-115.30	-107.12	3.1317	0.90220	1.6861	849.52	-0.029280	0.00015706	0.14002	liquid
104.00	90.000	1094.5	0.00091368	-113.65	-105.43	3.1480	0.89909	1.6892	842.02	-0.028850	0.00015371	0.13866	liquid
105.00	90.000	1089.6	0.00091781	-112.00	-103.74	3.1642	0.89603	1.6925	834.50	-0.028402	0.00015045	0.13730	liquid
106.00	90.000	1084.6	0.00092200	-110.34	-102.04	3.1803	0.89301	1.6959	826.96	-0.027935	0.00014729	0.13594	liquid
107.00	90.000	1079.6	0.00092627	-108.68	-100.35	3.1962	0.89003	1.6996	819.41	-0.027448	0.00014423	0.13459	liquid
108.00	90.000	1074.6	0.00093060	-107.02	-98.644	3.2120	0.88710	1.7035	811.83	-0.026942	0.00014124	0.13323	liquid
109.00	90.000	1069.5	0.00093500	-105.35	-96.939	3.2278	0.88421	1.7075	804.24	-0.026414	0.00013834	0.13187	liquid
110.00	90.000	1064.4	0.00093948	-103.68	-95.229	3.2434	0.88137	1.7118	796.62	-0.025865	0.00013552	0.13052	liquid
111.00	90.000	1059.3	0.00094403	-102.01	-93.515	3.2589	0.87857	1.7163	788.98	-0.025292	0.00013277	0.12916	liquid
112.00	90.000	1054.1	0.00094867	-100.33	-91.796	3.2743	0.87581	1.7210	781.31	-0.024696	0.00013010	0.12781	liquid
113.00	90.000	1048.9	0.00095339	-98.653	-90.073	3.2896	0.87310	1.7259	773.62	-0.024075	0.00012749	0.12645	liquid
114.00	90.000	1043.6	0.00095819	-96.968	-88.344	3.3049	0.87043	1.7311	765.90	-0.023428	0.00012494	0.12510	liquid
115.00	90.000	1038.3	0.00096308	-95.278	-86.611	3.3200	0.86781	1.7365	758.15	-0.022754	0.00012245	0.12374	liquid
116.00	90.000	1033.0	0.00096807	-93.584	-84.871	3.3351	0.86523	1.7422	750.38	-0.022052	0.00012002	0.12239	liquid
117.00	90.000	1027.6	0.00097315	-91.885	-83.126	3.3500	0.86269	1.7482	742.57	-0.021319	0.00011765	0.12103	liquid
118.00	90.000	1022.1	0.00097833	-90.180	-81.375	3.3649	0.86020	1.7544	734.73	-0.020556	0.00011533	0.11968	liquid
119.00	90.000	1016.7	0.00098362	-88.470	-79.617	3.3798	0.85776	1.7609	726.85	-0.019759	0.00011306	0.11832	liquid
120.00	90.000	1011.1	0.00098902	-86.754	-77.853	3.3945	0.85536	1.7678	718.94	-0.018928	0.00011083	0.11697	liquid
121.00	90.000	1005.5	0.00099453	-85.032	-76.082	3.4092	0.85301	1.7750	711.00	-0.018061	0.00010866	0.11562	liquid
122.00	90.000	999.84	0.0010002	-83.304	-74.303	3.4239	0.85070	1.7825	703.01	-0.017155	0.00010652	0.11427	liquid
123.00	90.000	994.12	0.0010059	-81.570	-72.516	3.4385	0.84844	1.7904	694.98	-0.016210	0.00010443	0.11291	liquid
124.00	90.000	988.34	0.0010118	-79.828	-70.722	3.4530	0.84624	1.7987	686.92	-0.015221	0.00010238	0.11156	liquid
125.00	90.000	982.49	0.0010178	-78.079	-68.919	3.4675	0.84408	1.8074	678.81	-0.014188	0.00010037	0.11021	liquid
126.00	90.000	976.58	0.0010240	-76.323	-67.107	3.4819	0.84197	1.8165	670.65	-0.013108	9.8396e-05	0.10886	liquid
127.00	90.000	970.59	0.0010303	-74.558	-65.286	3.4963	0.83991	1.8261	662.45	-0.011977	9.6458e-05	0.10752	liquid
128.00	90.000	964.54	0.0010368	-72.785	-63.455	3.5107	0.83791	1.8362	654.19	-0.010792	9.4554e-05	0.10617	liquid
129.00	90.000	958.40	0.0010434	-71.004	-61.613	3.5250	0.83596	1.8467	645.89	-0.0095515	9.2683e-05	0.10483	liquid
130.00	90.000	952.19	0.0010502	-69.213	-59.761	3.5393	0.83406	1.8579	637.53	-0.0082504	9.0844e-05	0.10348	liquid
131.00	90.000	945.89	0.0010572	-67.412	-57.897	3.5536	0.83223	1.8696	629.12	-0.0068853	8.9035e-05	0.10214	liquid
132.00	90.000	939.50	0.0010644	-65.601	-56.022	3.5678	0.83045	1.8819	620.65	-0.0054520	8.7255e-05	0.10080	liquid
133.00	90.000	933.03	0.0010718	-63.779	-54.133	3.5821	0.82874	1.8949	612.12	-0.0039459	8.5504e-05	0.099462	liquid
134.00	90.000	926.45	0.0010794	-61.946	-52.231	3.5963	0.82709	1.9087	603.53	-0.0023620	8.3779e-05	0.098126	liquid
135.00	90.000	919.77	0.0010872	-60.101	-50.316	3.6106	0.82550	1.9232	594.87	-0.00069482	8.2081e-05	0.096791	liquid
136.00	90.000	912.99	0.0010953	-58.243	-48.385	3.6248	0.82399	1.9385	586.15	0.0010616	8.0407e-05	0.095458	liquid
137.00	90.000	906.09	0.0011036	-56.371	-46.438	3.6391	0.82255	1.9548	577.35	0.0029139	7.8758e-05	0.094127	liquid
138.00	90.000	899.08	0.0011123	-54.485	-44.475	3.6534	0.82118	1.9720	568.48	0.0048693	7.7131e-05	0.092799	liquid
139.00	90.000	891.94	0.0011212	-52.584	-42.494	3.6677	0.81990	1.9903	559.53	0.0069357	7.5527e-05	0.091472	liquid
140.00	90.000	884.66	0.0011304	-50.667	-40.494	3.6820	0.81869	2.0097	550.51	0.0091219	7.3943e-05	0.090148	liquid
141.00	90.000	877.25	0.0011399	-48.733	-38.474	3.6964	0.81758	2.0304	541.40	0.011438	7.2380e-05	0.088826	liquid
142.00	90.000	869.68	0.0011498	-46.781	-36.433	3.7108	0.81656	2.0525	532.20	0.013894	7.0835e-05	0.087506	liquid
143.00	90.000	861.96	0.0011602	-44.810	-34.368	3.7253	0.81564	2.0761	522.92	0.016502	6.9309e-05	0.086188	liquid
144.00	90.000	854.06	0.0011709	-42.818	-32.280	3.7399	0.81482	2.1013	513.54	0.019276	6.7801e-05	0.084872	liquid
145.00	90.000	845.99	0.0011821	-40.804	-30.165	3.7545	0.81411	2.1283	504.06	0.022231	6.6308e-05	0.083559	liquid
146.00	90.000	837.72	0.0011937	-38.766	-28.023	3.7692	0.81352	2.1574	494.49	0.025382	6.4831e-05	0.082247	liquid
147.00	90.000	829.24	0.0012059	-36.703	-25.850	3.7840	0.81306	2.1886	484.82	0.028749	6.3368e-05	0.080937	liquid
148.00	90.000	820.54	0.0012187	-34.613	-23.644	3.7990	0.81274	2.2224	475.04	0.032353	6.1919e-05	0.079629	liquid
149.00	90.000	811.61	0.0012321	-32.493	-21.404	3.8141	0.81256	2.2588	465.15	0.036216	6.0482e-05	0.078322	liquid
150.00	90.000	802.41	0.0012462	-30.342	-19.126	3.8293	0.81254	2.2983	455.16	0.040365	5.9056e-05	0.077017	liquid
151.00	90.000	792.93	0.0012611	-28.157	-16.806	3.8447	0.81268	2.3412	445.06	0.044829	5.7639e-05	0.075712	liquid
152.00	90.000	783.16	0.0012769	-25.934	-14.442	3.8603	0.81300	2.3880	434.85	0.049642	5.6232e-05	0.074408	liquid
153.00	90.000	773.05	0.0012936	-23.671	-12.029	3.8762	0.81351	2.4391	424.53	0.054842	5.4831e-05	0.073104	liquid
154.00	90.000	762.59	0.0013113	-21.364	-9.5622	3.8922	0.81423	2.4950	414.12	0.060472	5.3436e-05	0.071800	liquid
155.00	90.000	751.74	0.0013302	-19.009	-7.0370	3.9086	0.81516	2.5565	403.61	0.066579	5.2046e-05	0.070495	supercritical
156.00	90.000	740.47	0.0013505	-16.602	-4.4473	3.9252	0.81631	2.6241	393.01	0.073218	5.0658e-05	0.069188	supercritical
157.00	90.000	728.73	0.0013722	-14.137	-1.7864	3.9422	0.81770	2.6988	382.35	0.080450	4.9272e-05	0.067878	supercritical
158.00	90.000	716.48	0.0013957	-11.608	0.95302	3.9596	0.81932	2.7815	371.62	0.088344	4.7884e-05	0.066565	supercritical
159.00	90.000	703.68	0.0014211	-9.0105	3.7795	3.9775	0.82119	2.8730	360.86	0.096976	4.6494e-05	0.065247	supercritical
160.00	90.000	690.26	0.0014487	-6.3363	6.7023	3.9958	0.82330	2.9743	350.10	0.10643	4.5100e-05	0.063924	supercritical
161.00	90.000	676.18	0.0014789	-3.5784	9.7317	4.0147	0.82563	3.0864	339.37	0.11678	4.3699e-05	0.062593	supercritical
162.00	90.000	661.37	0.0015120	-0.72934	12.879	4.0341	0.82817	3.2096	328.71	0.12813	4.2291e-05	0.061253	supercritical
163.00	90.000	645.79	0.0015485	2.2182	16.155	4.0543	0.83088	3.3441	318.20	0.14055	4.0874e-05	0.059901	supercritical
164.00	90.000	629.38	0.0015889	5.2706	19.570	4.0752	0.83372	3.4887	307.90	0.15411	3.9450e-05	0.058536	supercritical
165.00	90.000	612.14	0.0016336	8.4321	23.135	4.0969	0.83662	3.6410	297.91	0.16886	3.8019e-05	0.057155	supercritical
166.00	90.000	594.05	0.0016834	11.703	26.854	4.1193	0.83947	3.7967	288.33	0.18479	3.6587e-05	0.055755	supercritical
167.00	90.000	575.18	0.0017386	15.080	30.727	4.1426	0.84214	3.9489	279.30	0.20184	3.5160e-05	0.054331	supercritical
168.00	90.000	555.63	0.0017998	18.549	34.747	4.1666	0.84445	4.0884	270.95	0.21989	3.3748e-05	0.052883	supercritical
169.00	90.000	535.59	0.0018671	22.092	38.896	4.1912	0.84620	4.2037	263.40	0.23868	3.2366e-05	0.051409	supercritical
170.00	90.000	515.33	0.0019405	25.678	43.142	4.2163	0.84717	4.2819	256.78	0.25788	3.1029e-05	0.049913	supercritical
171.00	90.000	495.15	0.0020196	29.267	47.444	4.2415	0.84717	4.3119	251.15	0.27702	2.9757e-05	0.048403	supercritical
172.00	90.000	475.40	0.0021035	32.816	51.748	4.2666	0.84610	4.2872	246.54	0.29558	2.8567e-05	0.046895	supercritical
173.00	90.000	456.42	0.0021910	36.281	56.000	4.2912	0.84398	4.2094	242.92	0.31307	2.7474e-05	0.045410	supercritical
174.00	90.000	438.46	0.0022807	39.625	60.152	4.3152	0.84091	4.0877	240.20	0.32913	2.6485e-05	0.043974	supercritical
175.00	90.000	421.69	0.0023714	42.823	64.166	4.3382	0.83710	3.9358	238.27	0.34353	2.5603e-05	0.042608	supercritical
176.00	90.000	406.17	0.0024620	45.860	68.018	4.3601	0.83273	3.7678	236.98	0.35620	2.4824e-05	0.041330	supercritical
177.00	90.000	391.90	0.0025517	48.734	71.700	4.3810	0.82802	3.5953	236.22	0.36719	2.4140e-05	0.040148	supercritical
178.00	90.000	378.80	0.0026399	51.451	75.210	4.4008	0.82311	3.4262	235.87	0.37661	2.3541e-05	0.039064	supercritical
179.00	90.000	366.80	0.0027263	54.019	78.555	4.4195	0.81812	3.2654	235.85	0.38460	2.3018e-05	0.038076	supercritical
180.00	90.000	355.79	0.0028106	56.449	81.744	4.4373	0.81315	3.1154	236.08	0.39132	2.2561e-05	0.037179	supercritical
181.00	90.000	345.67	0.0028929	58.753	84.790	4.4541	0.80825	2.9772	236.50	0.39690	2.2160e-05	0.036366	supercritical
182.00	90.000	336.34	0.0029732	60.944	87.703	4.4702	0.80345	2.8505	237.08	0.40149	2.1809e-05	0.035629	supercritical
183.00	90.000	327.72	0.0030514	63.032	90.494	4.4855	0.79879	2.7349	237.79	0.40522	2.1501e-05	0.034960	supercritical
184.00	90.000	319.73	0.0031277	65.027	93.176	4.5001	0.79427	2.6295	238.58	0.40818	2.1229e-05	0.034353	supercritical
185.00	90.000	312.30	0.0032021	66.938	95.757	4.5141	0.78991	2.5335	239.46	0.41047	2.0990e-05	0.033801	supercritical
186.00	90.000	305.37	0.0032747	68.773	98.246	4.5275	0.78571	2.4459	240.39	0.41218	2.0778e-05	0.033299	supercritical
187.00	90.000	298.89	0.0033457	70.539	100.65	4.5404	0.78168	2.3658	241.36	0.41338	2.0591e-05	0.032841	supercritical
188.00	90.000	292.81	0.0034152	72.243	102.98	4.5528	0.77779	2.2926	242.37	0.41413	2.0425e-05	0.032422	supercritical
189.00	90.000	287.10	0.0034831	73.890	105.24	4.5648	0.77407	2.2254	243.41	0.41449	2.0278e-05	0.032040	supercritical
190.00	90.000	281.72	0.0035497	75.485	107.43	4.5764	0.77049	2.1636	244.47	0.41450	2.0148e-05	0.031689	supercritical
191.00	90.000	276.63	0.0036149	77.033	109.57	4.5876	0.76705	2.1066	245.55	0.41421	2.0032e-05	0.031368	supercritical
192.00	90.000	271.82	0.0036789	78.537	111.65	4.5985	0.76376	2.0540	246.63	0.41365	1.9930e-05	0.031073	supercritical
193.00	90.000	267.26	0.0037417	80.000	113.68	4.6090	0.76060	2.0053	247.73	0.41285	1.9839e-05	0.030803	supercritical
194.00	90.000	262.92	0.0038035	81.427	115.66	4.6192	0.75756	1.9602	248.83	0.41184	1.9760e-05	0.030553	supercritical
195.00	90.000	258.79	0.0038642	82.820	117.60	4.6292	0.75465	1.9182	249.93	0.41066	1.9689e-05	0.030324	supercritical
196.00	90.000	254.85	0.0039239	84.180	119.50	4.6389	0.75186	1.8791	251.03	0.40931	1.9628e-05	0.030113	supercritical
197.00	90.000	251.08	0.0039827	85.512	121.36	4.6484	0.74918	1.8426	252.14	0.40782	1.9574e-05	0.029919	supercritical
198.00	90.000	247.48	0.0040407	86.816	123.18	4.6576	0.74661	1.8084	253.24	0.40620	1.9527e-05	0.029739	supercritical
199.00	90.000	244.04	0.0040978	88.094	124.97	4.6667	0.74414	1.7764	254.33	0.40447	1.9487e-05	0.029574	supercritical
200.00	90.000	240.73	0.0041541	89.349	126.74	4.6755	0.74176	1.7464	255.43	0.40265	1.9453e-05	0.029422	supercritical
201.00	90.000	237.55	0.0042096	90.581	128.47	4.6841	0.73949	1.7182	256.52	0.40074	1.9424e-05	0.029282	supercritical
202.00	90.000	234.49	0.0042645	91.792	130.17	4.6926	0.73729	1.6916	257.60	0.39875	1.9400e-05	0.029152	supercritical
203.00	90.000	231.55	0.0043187	92.983	131.85	4.7009	0.73519	1.6666	258.68	0.39670	1.9380e-05	0.029033	supercritical
204.00	90.000	228.72	0.0043722	94.156	133.51	4.7090	0.73316	1.6429	259.75	0.39460	1.9365e-05	0.028924	supercritical
205.00	90.000	225.98	0.0044251	95.312	135.14	4.7170	0.73122	1.6206	260.81	0.39244	1.9353e-05	0.028823	supercritical
206.00	90.000	223.34	0.0044774	96.451	136.75	4.7248	0.72934	1.5994	261.87	0.39025	1.9345e-05	0.028730	supercritical
207.00	90.000	220.79	0.0045292	97.574	138.34	4.7325	0.72754	1.5793	262.92	0.38801	1.9341e-05	0.028645	supercritical
208.00	90.000	218.32	0.0045804	98.683	139.91	4.7401	0.72580	1.5602	263.97	0.38575	1.9339e-05	0.028568	supercritical
209.00	90.000	215.93	0.0046311	99.778	141.46	4.7475	0.72413	1.5421	265.01	0.38346	1.9341e-05	0.028497	supercritical
210.00	90.000	213.62	0.0046813	100.86	142.99	4.7549	0.72252	1.5249	266.04	0.38114	1.9345e-05	0.028432	supercritical
211.00	90.000	211.37	0.0047310	101.93	144.51	4.7621	0.72097	1.5085	267.06	0.37881	1.9351e-05	0.028373	supercritical
212.00	90.000	209.19	0.0047803	102.99	146.01	4.7692	0.71948	1.4928	268.08	0.37647	1.9360e-05	0.028320	supercritical
213.00	90.000	207.08	0.0048292	104.03	147.49	4.7761	0.71804	1.4779	269.09	0.37411	1.9371e-05	0.028272	supercritical
214.00	90.000	205.02	0.0048776	105.07	148.96	4.7830	0.71665	1.4636	270.09	0.37174	1.9383e-05	0.028228	supercritical
215.00	90.000	203.02	0.0049256	106.09	150.42	4.7898	0.71531	1.4500	271.08	0.36937	1.9398e-05	0.028190	supercritical
216.00	90.000	201.08	0.0049732	107.11	151.86	4.7965	0.71401	1.4369	272.07	0.36700	1.9415e-05	0.028156	supercritical
217.00	90.000	199.18	0.0050205	108.11	153.29	4.8031	0.71276	1.4244	273.05	0.36462	1.9433e-05	0.028125	supercritical
218.00	90.000	197.34	0.0050674	109.11	154.71	4.8096	0.71156	1.4124	274.03	0.36225	1.9452e-05	0.028099	supercritical
219.00	90.000	195.55	0.0051139	110.09	156.12	4.8161	0.71040	1.4009	275.00	0.35987	1.9474e-05	0.028076	supercritical
220.00	90.000	193.79	0.0051601	111.07	157.52	4.8224	0.70927	1.3899	275.96	0.35751	1.9496e-05	0.028057	supercritical
221.00	90.000	192.09	0.0052060	112.05	158.90	4.8287	0.70819	1.3793	276.91	0.35514	1.9520e-05	0.028041	supercritical
222.00	90.000	190.42	0.0052516	113.01	160.27	4.8349	0.70714	1.3691	277.86	0.35278	1.9545e-05	0.028028	supercritical
223.00	90.000	188.79	0.0052968	113.97	161.64	4.8411	0.70613	1.3593	278.80	0.35043	1.9571e-05	0.028018	supercritical
224.00	90.000	187.20	0.0053418	114.92	162.99	4.8471	0.70515	1.3499	279.73	0.34809	1.9598e-05	0.028011	supercritical
225.00	90.000	185.65	0.0053865	115.86	164.34	4.8531	0.70420	1.3408	280.66	0.34576	1.9627e-05	0.028007	supercritical
226.00	90.000	184.13	0.0054309	116.80	165.67	4.8590	0.70328	1.3320	281.58	0.34344	1.9656e-05	0.028005	supercritical
227.00	90.000	182.65	0.0054750	117.73	167.00	4.8649	0.70240	1.3236	282.50	0.34113	1.9686e-05	0.028005	supercritical
228.00	90.000	181.20	0.0055189	118.65	168.32	4.8707	0.70154	1.3154	283.41	0.33883	1.9717e-05	0.028008	supercritical
229.00	90.000	179.77	0.0055625	119.57	169.63	4.8764	0.70071	1.3076	284.31	0.33654	1.9749e-05	0.028013	supercritical
230.00	90.000	178.38	0.0056059	120.48	170.94	4.8821	0.69991	1.2999	285.21	0.33426	1.9781e-05	0.028020	supercritical
231.00	90.000	177.02	0.0056491	121.39	172.23	4.8877	0.69914	1.2926	286.10	0.33200	1.9815e-05	0.028029	supercritical
232.00	90.000	175.69	0.0056920	122.29	173.52	4.8933	0.69839	1.2855	286.99	0.32975	1.9849e-05	0.028040	supercritical
233.00	90.000	174.38	0.0057347	123.19	174.80	4.8988	0.69766	1.2786	287.87	0.32752	1.9884e-05	0.028053	supercritical
234.00	90.000	173.10	0.0057772	124.09	176.08	4.9043	0.69696	1.2720	288.75	0.32530	1.9919e-05	0.028068	supercritical
235.00	90.000	171.84	0.0058194	124.97	177.35	4.9097	0.69627	1.2655	289.62	0.32309	1.9955e-05	0.028084	supercritical
236.00	90.000	170.61	0.0058615	125.86	178.61	4.9151	0.69561	1.2593	290.48	0.32090	1.9991e-05	0.028102	supercritical
237.00	90.000	169.40	0.0059033	126.74	179.87	4.9204	0.69498	1.2533	291.34	0.31873	2.0028e-05	0.028121	supercritical
238.00	90.000	168.21	0.0059450	127.61	181.12	4.9256	0.69436	1.2474	292.19	0.31656	2.0066e-05	0.028142	supercritical
239.00	90.000	167.04	0.0059865	128.48	182.36	4.9309	0.69376	1.2417	293.04	0.31442	2.0104e-05	0.028164	supercritical
240.00	90.000	165.90	0.0060278	129.35	183.60	4.9360	0.69318	1.2362	293.89	0.31229	2.0143e-05	0.028188	supercritical
241.00	90.000	164.77	0.0060689	130.21	184.83	4.9412	0.69262	1.2309	294.73	0.31017	2.0182e-05	0.028213	supercritical
242.00	90.000	163.67	0.0061098	131.07	186.06	4.9462	0.69207	1.2257	295.56	0.30807	2.0221e-05	0.028239	supercritical
243.00	90.000	162.59	0.0061506	131.93	187.29	4.9513	0.69154	1.2206	296.39	0.30599	2.0261e-05	0.028266	supercritical
244.00	90.000	161.52	0.0061912	132.78	188.50	4.9563	0.69103	1.2157	297.21	0.30392	2.0301e-05	0.028295	supercritical
245.00	90.000	160.47	0.0062316	133.63	189.72	4.9612	0.69054	1.2110	298.03	0.30187	2.0342e-05	0.028324	supercritical
246.00	90.000	159.44	0.0062719	134.48	190.93	4.9662	0.69006	1.2063	298.85	0.29983	2.0383e-05	0.028355	supercritical
247.00	90.000	158.43	0.0063120	135.32	192.13	4.9711	0.68960	1.2018	299.66	0.29781	2.0424e-05	0.028387	supercritical
248.00	90.000	157.43	0.0063520	136.16	193.33	4.9759	0.68915	1.1974	300.47	0.29580	2.0465e-05	0.028419	supercritical
249.00	90.000	156.45	0.0063918	137.00	194.52	4.9807	0.68871	1.1932	301.27	0.29381	2.0507e-05	0.028453	supercritical
250.00	90.000	155.48	0.0064315	137.83	195.72	4.9855	0.68829	1.1890	302.07	0.29183	2.0550e-05	0.028487	supercritical
251.00	90.000	154.53	0.0064710	138.66	196.90	4.9902	0.68788	1.1850	302.86	0.28987	2.0592e-05	0.028523	supercritical
252.00	90.000	153.60	0.0065104	139.49	198.09	4.9949	0.68749	1.1811	303.65	0.28792	2.0635e-05	0.028559	supercritical
253.00	90.000	152.68	0.0065497	140.32	199.27	4.9996	0.68710	1.1772	304.43	0.28599	2.0678e-05	0.028596	supercritical
254.00	90.000	151.77	0.0065888	141.14	200.44	5.0042	0.68673	1.1735	305.22	0.28408	2.0721e-05	0.028634	supercritical
255.00	90.000	150.88	0.0066278	141.96	201.61	5.0088	0.68637	1.1698	305.99	0.28218	2.0764e-05	0.028672	supercritical
256.00	90.000	150.00	0.0066667	142.78	202.78	5.0134	0.68603	1.1663	306.77	0.28029	2.0808e-05	0.028711	supercritical
257.00	90.000	149.13	0.0067054	143.60	203.94	5.0180	0.68569	1.1628	307.53	0.27842	2.0852e-05	0.028751	supercritical
258.00	90.000	148.28	0.0067441	144.41	205.11	5.0225	0.68537	1.1595	308.30	0.27657	2.0896e-05	0.028792	supercritical
259.00	90.000	147.44	0.0067826	145.22	206.26	5.0269	0.68505	1.1562	309.06	0.27473	2.0940e-05	0.028834	supercritical
260.00	90.000	146.61	0.0068210	146.03	207.42	5.0314	0.68475	1.1530	309.82	0.27290	2.0985e-05	0.028876	supercritical
261.00	90.000	145.79	0.0068593	146.84	208.57	5.0358	0.68446	1.1498	310.57	0.27109	2.1029e-05	0.028918	supercritical
262.00	90.000	144.98	0.0068974	147.64	209.72	5.0402	0.68417	1.1468	311.32	0.26929	2.1074e-05	0.028961	supercritical
263.00	90.000	144.19	0.0069355	148.44	210.86	5.0446	0.68390	1.1438	312.07	0.26751	2.1119e-05	0.029005	supercritical
264.00	90.000	143.40	0.0069734	149.24	212.01	5.0489	0.68364	1.1408	312.81	0.26574	2.1164e-05	0.029049	supercritical
265.00	90.000	142.63	0.0070113	150.04	213.14	5.0532	0.68338	1.1380	313.55	0.26398	2.1209e-05	0.029094	supercritical
266.00	90.000	141.86	0.0070490	150.84	214.28	5.0575	0.68313	1.1352	314.29	0.26224	2.1255e-05	0.029140	supercritical
267.00	90.000	141.11	0.0070867	151.64	215.42	5.0617	0.68290	1.1325	315.02	0.26051	2.1300e-05	0.029186	supercritical
268.00	90.000	140.37	0.0071242	152.43	216.55	5.0660	0.68267	1.1298	315.75	0.25880	2.1346e-05	0.029232	supercritical
269.00	90.000	139.63	0.0071617	153.22	217.67	5.0702	0.68245	1.1272	316.48	0.25710	2.1392e-05	0.029279	supercritical
270.00	90.000	138.91	0.0071990	154.01	218.80	5.0744	0.68223	1.1247	317.20	0.25541	2.1438e-05	0.029326	supercritical
271.00	90.000	138.19	0.0072363	154.80	219.92	5.0785	0.68203	1.1222	317.92	0.25374	2.1484e-05	0.029374	supercritical
272.00	90.000	137.49	0.0072734	155.58	221.05	5.0826	0.68183	1.1198	318.63	0.25208	2.1530e-05	0.029422	supercritical
273.00	90.000	136.79	0.0073105	156.37	222.16	5.0867	0.68164	1.1174	319.35	0.25043	2.1576e-05	0.029471	supercritical
274.00	90.000	136.10	0.0073475	157.15	223.28	5.0908	0.68146	1.1151	320.06	0.24879	2.1622e-05	0.029520	supercritical
275.00	90.000	135.42	0.0073844	157.93	224.39	5.0949	0.68129	1.1128	320.76	0.24717	2.1669e-05	0.029569	supercritical
276.00	90.000	134.75	0.0074212	158.71	225.51	5.0989	0.68112	1.1105	321.47	0.24556	2.1715e-05	0.029619	supercritical
277.00	90.000	134.09	0.0074579	159.49	226.62	5.1029	0.68096	1.1084	322.17	0.24397	2.1762e-05	0.029669	supercritical
278.00	90.000	133.43	0.0074946	160.27	227.72	5.1069	0.68081	1.1062	322.87	0.24238	2.1808e-05	0.029720	supercritical
279.00	90.000	132.78	0.0075311	161.05	228.83	5.1109	0.68066	1.1041	323.56	0.24081	2.1855e-05	0.029771	supercritical
280.00	90.000	132.14	0.0075676	161.82	229.93	5.1148	0.68052	1.1021	324.25	0.23925	2.1902e-05	0.029822	supercritical
281.00	90.000	131.51	0.0076040	162.60	231.03	5.1188	0.68039	1.1001	324.94	0.23770	2.1949e-05	0.029873	supercritical
282.00	90.000	130.88	0.0076403	163.37	232.13	5.1227	0.68026	1.0981	325.63	0.23616	2.1996e-05	0.029925	supercritical
283.00	90.000	130.27	0.0076766	164.14	233.23	5.1265	0.68014	1.0962	326.31	0.23464	2.2043e-05	0.029977	supercritical
284.00	90.000	129.66	0.0077128	164.91	234.32	5.1304	0.68002	1.0943	326.99	0.23313	2.2090e-05	0.030030	supercritical
285.00	90.000	129.05	0.0077489	165.68	235.42	5.1343	0.67991	1.0925	327.67	0.23162	2.2137e-05	0.030083	supercritical
286.00	90.000	128.45	0.0077849	166.44	236.51	5.1381	0.67981	1.0907	328.34	0.23013	2.2184e-05	0.030136	supercritical
287.00	90.000	127.86	0.0078209	167.21	237.60	5.1419	0.67971	1.0889	329.02	0.22866	2.2231e-05	0.030189	supercritical
288.00	90.000	127.28	0.0078568	167.98	238.69	5.1457	0.67962	1.0872	329.69	0.22719	2.2278e-05	0.030242	supercritical
289.00	90.000	126.70	0.0078926	168.74	239.77	5.1494	0.67954	1.0855	330.35	0.22573	2.2325e-05	0.030296	supercritical
290.00	90.000	126.13	0.0079283	169.50	240.86	5.1532	0.67946	1.0838	331.02	0.22429	2.2373e-05	0.030350	supercritical
291.00	90.000	125.56	0.0079640	170.26	241.94	5.1569	0.67938	1.0822	331.68	0.22285	2.2420e-05	0.030404	supercritical
292.00	90.000	125.01	0.0079996	171.02	243.02	5.1606	0.67931	1.0806	332.34	0.22143	2.2467e-05	0.030459	supercritical
293.00	90.000	124.45	0.0080352	171.78	244.10	5.1643	0.67924	1.0790	332.99	0.22001	2.2515e-05	0.030513	supercritical
294.00	90.000	123.90	0.0080707	172.54	245.18	5.1680	0.67918	1.0775	333.65	0.21861	2.2562e-05	0.030568	supercritical
295.00	90.000	123.36	0.0081061	173.30	246.26	5.1716	0.67913	1.0760	334.30	0.21722	2.2610e-05	0.030623	supercritical
296.00	90.000	122.83	0.0081415	174.06	247.33	5.1753	0.67908	1.0745	334.95	0.21584	2.2657e-05	0.030679	supercritical
297.00	90.000	122.30	0.0081768	174.81	248.41	5.1789	0.67903	1.0731	335.60	0.21446	2.2705e-05	0.030734	supercritical
298.00	90.000	121.77	0.0082121	175.57	249.48	5.1825	0.67899	1.0717	336.24	0.21310	2.2752e-05	0.030790	supercritical
299.00	90.000	121.25	0.0082473	176.32	250.55	5.1861	0.67896	1.0703	336.88	0.21175	2.2800e-05	0.030845	supercritical
300.00	90.000	120.74	0.0082824	177.08	251.62	5.1897	0.67893	1.0689	337.52	0.21041	2.2847e-05	0.030901	supercritical
301.00	90.000	120.23	0.0083175	177.83	252.69	5.1932	0.67890	1.0676	338.16	0.20908	2.2895e-05	0.030957	supercritical
302.00	90.000	119.72	0.0083525	178.58	253.75	5.1968	0.67888	1.0662	338.80	0.20775	2.2943e-05	0.031013	supercritical
303.00	90.000	119.23	0.0083874	179.33	254.82	5.2003	0.67886	1.0650	339.43	0.20644	2.2990e-05	0.031069	supercritical
304.00	90.000	118.73	0.0084224	180.08	255.88	5.2038	0.67885	1.0637	340.06	0.20514	2.3038e-05	0.031125	supercritical
305.00	90.000	118.24	0.0084572	180.83	256.95	5.2073	0.67884	1.0625	340.69	0.20384	2.3085e-05	0.031181	supercritical
306.00	90.000	117.76	0.0084920	181.58	258.01	5.2107	0.67883	1.0612	341.31	0.20256	2.3133e-05	0.031237	supercritical
307.00	90.000	117.28	0.0085268	182.33	259.07	5.2142	0.67883	1.0601	341.94	0.20128	2.3181e-05	0.031293	supercritical
308.00	90.000	116.80	0.0085615	183.08	260.13	5.2177	0.67883	1.0589	342.56	0.20002	2.3228e-05	0.031348	supercritical
309.00	90.000	116.33	0.0085961	183.82	261.19	5.2211	0.67884	1.0577	343.18	0.19876	2.3276e-05	0.031400	supercritical
310.00	90.000	115.87	0.0086307	184.57	262.24	5.2245	0.67885	1.0566	343.80	0.19751	2.3324e-05	0.031456	supercritical
311.00	90.000	115.40	0.0086653	185.31	263.30	5.2279	0.67887	1.0555	344.41	0.19627	2.3371e-05	0.031515	supercritical
312.00	90.000	114.95	0.0086998	186.06	264.36	5.2313	0.67889	1.0544	345.03	0.19504	2.3419e-05	0.031575	supercritical
313.00	90.000	114.49	0.0087342	186.80	265.41	5.2347	0.67891	1.0534	345.64	0.19382	2.3467e-05	0.031635	supercritical
314.00	90.000	114.04	0.0087686	187.54	266.46	5.2380	0.67893	1.0523	346.25	0.19261	2.3514e-05	0.031696	supercritical
315.00	90.000	113.60	0.0088030	188.29	267.51	5.2414	0.67896	1.0513	346.85	0.19140	2.3562e-05	0.031756	supercritical
316.00	90.000	113.16	0.0088373	189.03	268.56	5.2447	0.67900	1.0503	347.46	0.19020	2.3610e-05	0.031816	supercritical
317.00	90.000	112.72	0.0088716	189.77	269.61	5.2480	0.67904	1.0493	348.06	0.18902	2.3657e-05	0.031877	supercritical
318.00	90.000	112.29	0.0089058	190.51	270.66	5.2513	0.67908	1.0483	348.66	0.18784	2.3705e-05	0.031937	supercritical
319.00	90.000	111.86	0.0089399	191.25	271.71	5.2546	0.67912	1.0474	349.26	0.18666	2.3753e-05	0.031998	supercritical
320.00	90.000	111.43	0.0089741	191.99	272.76	5.2579	0.67917	1.0464	349.86	0.18550	2.3800e-05	0.032059	supercritical
321.00	90.000	111.01	0.0090082	192.73	273.80	5.2611	0.67922	1.0455	350.46	0.18434	2.3848e-05	0.032120	supercritical
322.00	90.000	110.59	0.0090422	193.47	274.85	5.2644	0.67927	1.0446	351.05	0.18320	2.3896e-05	0.032181	supercritical
323.00	90.000	110.18	0.0090762	194.21	275.89	5.2676	0.67933	1.0437	351.64	0.18206	2.3943e-05	0.032242	supercritical
324.00	90.000	109.77	0.0091102	194.94	276.94	5.2709	0.67939	1.0429	352.23	0.18093	2.3991e-05	0.032303	supercritical
325.00	90.000	109.36	0.0091441	195.68	277.98	5.2741	0.67946	1.0420	352.82	0.17980	2.4038e-05	0.032364	supercritical
326.00	90.000	108.96	0.0091780	196.42	279.02	5.2773	0.67952	1.0412	353.41	0.17868	2.4086e-05	0.032426	supercritical
327.00	90.000	108.56	0.0092118	197.15	280.06	5.2805	0.67960	1.0404	353.99	0.17757	2.4133e-05	0.032487	supercritical
328.00	90.000	108.16	0.0092456	197.89	281.10	5.2836	0.67967	1.0396	354.57	0.17647	2.4181e-05	0.032549	supercritical
329.00	90.000	107.77	0.0092794	198.63	282.14	5.2868	0.67975	1.0388	355.15	0.17538	2.4228e-05	0.032610	supercritical
330.00	90.000	107.38	0.0093131	199.36	283.18	5.2899	0.67983	1.0380	355.73	0.17429	2.4276e-05	0.032672	supercritical
331.00	90.000	106.99	0.0093468	200.10	284.22	5.2931	0.67991	1.0373	356.31	0.17321	2.4323e-05	0.032733	supercritical
332.00	90.000	106.60	0.0093804	200.83	285.25	5.2962	0.68000	1.0365	356.89	0.17214	2.4371e-05	0.032795	supercritical
333.00	90.000	106.22	0.0094140	201.56	286.29	5.2993	0.68008	1.0358	357.46	0.17107	2.4418e-05	0.032857	supercritical
334.00	90.000	105.85	0.0094476	202.30	287.32	5.3024	0.68018	1.0351	358.03	0.17002	2.4466e-05	0.032919	supercritical
335.00	90.000	105.47	0.0094812	203.03	288.36	5.3055	0.68027	1.0344	358.60	0.16896	2.4513e-05	0.032981	supercritical
336.00	90.000	105.10	0.0095147	203.76	289.39	5.3086	0.68037	1.0337	359.17	0.16792	2.4561e-05	0.033043	supercritical
337.00	90.000	104.73	0.0095481	204.49	290.43	5.3117	0.68047	1.0330	359.74	0.16688	2.4608e-05	0.033105	supercritical
338.00	90.000	104.37	0.0095816	205.23	291.46	5.3147	0.68057	1.0324	360.30	0.16585	2.4655e-05	0.033167	supercritical
339.00	90.000	104.00	0.0096150	205.96	292.49	5.3178	0.68068	1.0317	360.87	0.16483	2.4703e-05	0.033229	supercritical
340.00	90.000	103.65	0.0096483	206.69	293.52	5.3208	0.68079	1.0311	361.43	0.16381	2.4750e-05	0.033292	supercritical
341.00	90.000	103.29	0.0096816	207.42	294.55	5.3239	0.68090	1.0304	361.99	0.16280	2.4797e-05	0.033354	supercritical
342.00	90.000	102.93	0.0097149	208.15	295.58	5.3269	0.68101	1.0298	362.55	0.16180	2.4844e-05	0.033416	supercritical
343.00	90.000	102.58	0.0097482	208.88	296.61	5.3299	0.68113	1.0292	363.11	0.16080	2.4892e-05	0.033479	supercritical
344.00	90.000	102.23	0.0097814	209.61	297.64	5.3329	0.68125	1.0286	363.66	0.15981	2.4939e-05	0.033541	supercritical
345.00	90.000	101.89	0.0098146	210.34	298.67	5.3359	0.68137	1.0281	364.22	0.15882	2.4986e-05	0.033604	supercritical
346.00	90.000	101.55	0.0098478	211.07	299.70	5.3388	0.68149	1.0275	364.77	0.15785	2.5033e-05	0.033666	supercritical
347.00	90.000	101.21	0.0098809	211.80	300.73	5.3418	0.68162	1.0269	365.32	0.15687	2.5080e-05	0.033729	supercritical
348.00	90.000	100.87	0.0099140	212.53	301.75	5.3448	0.68175	1.0264	365.87	0.15591	2.5127e-05	0.033792	supercritical
349.00	90.000	100.53	0.0099471	213.25	302.78	5.3477	0.68188	1.0258	366.42	0.15495	2.5175e-05	0.033854	supercritical
350.00	90.000	100.20	0.0099801	213.98	303.80	5.3506	0.68201	1.0253	366.96	0.15399	2.5222e-05	0.033917	supercritical
351.00	90.000	99.869	0.010013	214.71	304.83	5.3536	0.68215	1.0248	367.51	0.15305	2.5269e-05	0.033980	supercritical
352.00	90.000	99.541	0.010046	215.44	305.85	5.3565	0.68229	1.0243	368.05	0.15211	2.5316e-05	0.034043	supercritical
353.00	90.000	99.215	0.010079	216.17	306.88	5.3594	0.68243	1.0238	368.60	0.15117	2.5363e-05	0.034106	supercritical
354.00	90.000	98.892	0.010112	216.89	307.90	5.3623	0.68257	1.0233	369.14	0.15024	2.5410e-05	0.034169	supercritical
355.00	90.000	98.572	0.010145	217.62	308.92	5.3652	0.68272	1.0228	369.68	0.14932	2.5457e-05	0.034232	supercritical
356.00	90.000	98.253	0.010178	218.35	309.95	5.3680	0.68286	1.0224	370.21	0.14840	2.5503e-05	0.034295	supercritical
357.00	90.000	97.937	0.010211	219.07	310.97	5.3709	0.68301	1.0219	370.75	0.14749	2.5550e-05	0.034358	supercritical
358.00	90.000	97.624	0.010243	219.80	311.99	5.3738	0.68317	1.0215	371.28	0.14658	2.5597e-05	0.034421	supercritical
359.00	90.000	97.312	0.010276	220.53	313.01	5.3766	0.68332	1.0210	371.82	0.14568	2.5644e-05	0.034484	supercritical
360.00	90.000	97.003	0.010309	221.25	314.03	5.3794	0.68348	1.0206	372.35	0.14478	2.5691e-05	0.034547	supercritical
361.00	90.000	96.696	0.010342	221.98	315.05	5.3823	0.68364	1.0202	372.88	0.14389	2.5738e-05	0.034610	supercritical
362.00	90.000	96.391	0.010374	222.70	316.07	5.3851	0.68380	1.0198	373.41	0.14301	2.5784e-05	0.034673	supercritical
363.00	90.000	96.089	0.010407	223.43	317.09	5.3879	0.68396	1.0194	373.94	0.14213	2.5831e-05	0.034736	supercritical
364.00	90.000	95.788	0.010440	224.15	318.11	5.3907	0.68412	1.0190	374.47	0.14126	2.5878e-05	0.034800	supercritical
365.00	90.000	95.490	0.010472	224.88	319.13	5.3935	0.68429	1.0186	374.99	0.14039	2.5924e-05	0.034863	supercritical
366.00	90.000	95.194	0.010505	225.61	320.15	5.3963	0.68446	1.0182	375.51	0.13953	2.5971e-05	0.034926	supercritical
367.00	90.000	94.899	0.010537	226.33	321.17	5.3991	0.68463	1.0179	376.04	0.13867	2.6017e-05	0.034989	supercritical
368.00	90.000	94.607	0.010570	227.05	322.19	5.4018	0.68480	1.0175	376.56	0.13782	2.6064e-05	0.035053	supercritical
369.00	90.000	94.317	0.010603	227.78	323.20	5.4046	0.68498	1.0171	377.08	0.13697	2.6110e-05	0.035116	supercritical
370.00	90.000	94.029	0.010635	228.50	324.22	5.4074	0.68515	1.0168	377.60	0.13613	2.6157e-05	0.035180	supercritical
371.00	90.000	93.742	0.010668	229.23	325.24	5.4101	0.68533	1.0165	378.12	0.13529	2.6203e-05	0.035243	supercritical
372.00	90.000	93.458	0.010700	229.95	326.25	5.4128	0.68551	1.0161	378.63	0.13446	2.6250e-05	0.035306	supercritical
373.00	90.000	93.176	0.010732	230.68	327.27	5.4156	0.68569	1.0158	379.15	0.13363	2.6296e-05	0.035370	supercritical
374.00	90.000	92.895	0.010765	231.40	328.28	5.4183	0.68588	1.0155	379.66	0.13281	2.6343e-05	0.035433	supercritical
375.00	90.000	92.617	0.010797	232.12	329.30	5.4210	0.68606	1.0152	380.17	0.13200	2.6389e-05	0.035497	supercritical
376.00	90.000	92.340	0.010830	232.85	330.31	5.4237	0.68625	1.0149	380.68	0.13118	2.6435e-05	0.035560	supercritical
377.00	90.000	92.065	0.010862	233.57	331.33	5.4264	0.68644	1.0146	381.19	0.13038	2.6481e-05	0.035624	supercritical
378.00	90.000	91.792	0.010894	234.30	332.34	5.4291	0.68663	1.0143	381.70	0.12958	2.6528e-05	0.035687	supercritical
379.00	90.000	91.521	0.010926	235.02	333.36	5.4318	0.68682	1.0140	382.21	0.12878	2.6574e-05	0.035751	supercritical
380.00	90.000	91.252	0.010959	235.74	334.37	5.4344	0.68702	1.0138	382.72	0.12799	2.6620e-05	0.035815	supercritical
381.00	90.000	90.984	0.010991	236.47	335.39	5.4371	0.68722	1.0135	383.22	0.12720	2.6666e-05	0.035878	supercritical
382.00	90.000	90.718	0.011023	237.19	336.40	5.4398	0.68741	1.0132	383.73	0.12641	2.6712e-05	0.035942	supercritical
383.00	90.000	90.454	0.011055	237.91	337.41	5.4424	0.68761	1.0130	384.23	0.12564	2.6758e-05	0.036005	supercritical
384.00	90.000	90.191	0.011088	238.64	338.42	5.4450	0.68781	1.0127	384.73	0.12486	2.6804e-05	0.036069	supercritical
385.00	90.000	89.930	0.011120	239.36	339.44	5.4477	0.68802	1.0125	385.23	0.12409	2.6850e-05	0.036133	supercritical
386.00	90.000	89.671	0.011152	240.08	340.45	5.4503	0.68822	1.0123	385.73	0.12333	2.6896e-05	0.036196	supercritical
387.00	90.000	89.414	0.011184	240.81	341.46	5.4529	0.68843	1.0120	386.23	0.12257	2.6942e-05	0.036260	supercritical
388.00	90.000	89.158	0.011216	241.53	342.47	5.4555	0.68863	1.0118	386.73	0.12181	2.6988e-05	0.036324	supercritical
389.00	90.000	88.904	0.011248	242.25	343.49	5.4581	0.68884	1.0116	387.22	0.12106	2.7034e-05	0.036387	supercritical
390.00	90.000	88.651	0.011280	242.98	344.50	5.4607	0.68905	1.0114	387.72	0.12031	2.7080e-05	0.036451	supercritical
391.00	90.000	88.400	0.011312	243.70	345.51	5.4633	0.68927	1.0112	388.21	0.11957	2.7126e-05	0.036515	supercritical
392.00	90.000	88.151	0.011344	244.42	346.52	5.4659	0.68948	1.0110	388.71	0.11883	2.7171e-05	0.036578	supercritical
393.00	90.000	87.903	0.011376	245.14	347.53	5.4685	0.68969	1.0108	389.20	0.11810	2.7217e-05	0.036642	supercritical
394.00	90.000	87.656	0.011408	245.87	348.54	5.4710	0.68991	1.0106	389.69	0.11737	2.7263e-05	0.036706	supercritical
395.00	90.000	87.411	0.011440	246.59	349.55	5.4736	0.69013	1.0104	390.18	0.11664	2.7308e-05	0.036770	supercritical
396.00	90.000	87.168	0.011472	247.31	350.56	5.4762	0.69035	1.0102	390.67	0.11592	2.7354e-05	0.036833	supercritical
397.00	90.000	86.926	0.011504	248.04	351.57	5.4787	0.69057	1.0101	391.15	0.11520	2.7400e-05	0.036897	supercritical
398.00	90.000	86.686	0.011536	248.76	352.58	5.4813	0.69079	1.0099	391.64	0.11449	2.7445e-05	0.036961	supercritical
399.00	90.000	86.447	0.011568	249.48	353.59	5.4838	0.69101	1.0097	392.12	0.11378	2.7491e-05	0.037025	supercritical
400.00	90.000	86.209	0.011600	250.20	354.60	5.4863	0.69124	1.0096	392.61	0.11307	2.7536e-05	0.037088	supercritical
401.00	90.000	85.973	0.011631	250.93	355.61	5.4888	0.69147	1.0094	393.09	0.11237	2.7582e-05	0.037152	supercritical
402.00	90.000	85.739	0.011663	251.65	356.62	5.4914	0.69169	1.0093	393.57	0.11168	2.7627e-05	0.037216	supercritical
403.00	90.000	85.506	0.011695	252.37	357.63	5.4939	0.69192	1.0091	394.05	0.11098	2.7672e-05	0.037280	supercritical
404.00	90.000	85.274	0.011727	253.10	358.64	5.4964	0.69215	1.0090	394.53	0.11029	2.7718e-05	0.037344	supercritical
405.00	90.000	85.043	0.011759	253.82	359.65	5.4989	0.69238	1.0089	395.01	0.10961	2.7763e-05	0.037407	supercritical
406.00	90.000	84.814	0.011790	254.54	360.66	5.5013	0.69261	1.0087	395.49	0.10893	2.7808e-05	0.037471	supercritical
407.00	90.000	84.587	0.011822	255.26	361.66	5.5038	0.69285	1.0086	395.97	0.10825	2.7854e-05	0.037535	supercritical
408.00	90.000	84.360	0.011854	255.99	362.67	5.5063	0.69308	1.0085	396.44	0.10757	2.7899e-05	0.037599	supercritical
409.00	90.000	84.135	0.011886	256.71	363.68	5.5088	0.69332	1.0084	396.92	0.10690	2.7944e-05	0.037663	supercritical
410.00	90.000	83.912	0.011917	257.43	364.69	5.5112	0.69356	1.0083	397.39	0.10624	2.7989e-05	0.037726	supercritical
411.00	90.000	83.689	0.011949	258.16	365.70	5.5137	0.69380	1.0082	397.87	0.10557	2.8034e-05	0.037790	supercritical
412.00	90.000	83.468	0.011981	258.88	366.71	5.5161	0.69403	1.0081	398.34	0.10492	2.8079e-05	0.037854	supercritical
413.00	90.000	83.248	0.012012	259.60	367.71	5.5186	0.69428	1.0080	398.81	0.10426	2.8124e-05	0.037918	supercritical
414.00	90.000	83.030	0.012044	260.33	368.72	5.5210	0.69452	1.0079	399.28	0.10361	2.8169e-05	0.037982	supercritical
415.00	90.000	82.812	0.012075	261.05	369.73	5.5234	0.69476	1.0078	399.75	0.10296	2.8214e-05	0.038045	supercritical
416.00	90.000	82.596	0.012107	261.77	370.74	5.5259	0.69500	1.0077	400.22	0.10232	2.8259e-05	0.038109	supercritical
417.00	90.000	82.381	0.012139	262.50	371.75	5.5283	0.69525	1.0076	400.69	0.10168	2.8304e-05	0.038173	supercritical
418.00	90.000	82.168	0.012170	263.22	372.75	5.5307	0.69550	1.0076	401.15	0.10104	2.8349e-05	0.038237	supercritical
419.00	90.000	81.955	0.012202	263.94	373.76	5.5331	0.69574	1.0075	401.62	0.10040	2.8394e-05	0.038300	supercritical
420.00	90.000	81.744	0.012233	264.67	374.77	5.5355	0.69599	1.0074	402.08	0.099774	2.8439e-05	0.038364	supercritical
421.00	90.000	81.534	0.012265	265.39	375.78	5.5379	0.69624	1.0074	402.55	0.099147	2.8483e-05	0.038428	supercritical
422.00	90.000	81.325	0.012296	266.12	376.78	5.5403	0.69649	1.0073	403.01	0.098523	2.8528e-05	0.038492	supercritical
423.00	90.000	81.118	0.012328	266.84	377.79	5.5427	0.69674	1.0072	403.47	0.097903	2.8573e-05	0.038556	supercritical
424.00	90.000	80.911	0.012359	267.56	378.80	5.5451	0.69699	1.0072	403.93	0.097287	2.8617e-05	0.038619	supercritical
425.00	90.000	80.706	0.012391	268.29	379.80	5.5474	0.69725	1.0071	404.39	0.096674	2.8662e-05	0.038683	supercritical
426.00	90.000	80.501	0.012422	269.01	380.81	5.5498	0.69750	1.0071	404.85	0.096064	2.8707e-05	0.038747	supercritical
427.00	90.000	80.298	0.012454	269.74	381.82	5.5522	0.69776	1.0071	405.31	0.095457	2.8751e-05	0.038811	supercritical
428.00	90.000	80.096	0.012485	270.46	382.83	5.5545	0.69801	1.0070	405.77	0.094854	2.8796e-05	0.038874	supercritical
429.00	90.000	79.895	0.012516	271.19	383.83	5.5569	0.69827	1.0070	406.22	0.094254	2.8840e-05	0.038938	supercritical
430.00	90.000	79.696	0.012548	271.91	384.84	5.5592	0.69853	1.0070	406.68	0.093657	2.8885e-05	0.039002	supercritical
431.00	90.000	79.497	0.012579	272.63	385.85	5.5616	0.69879	1.0069	407.13	0.093063	2.8929e-05	0.039066	supercritical
432.00	90.000	79.299	0.012610	273.36	386.85	5.5639	0.69905	1.0069	407.59	0.092473	2.8973e-05	0.039129	supercritical
433.00	90.000	79.103	0.012642	274.08	387.86	5.5662	0.69931	1.0069	408.04	0.091886	2.9018e-05	0.039193	supercritical
434.00	90.000	78.907	0.012673	274.81	388.87	5.5685	0.69957	1.0069	408.49	0.091302	2.9062e-05	0.039257	supercritical
435.00	90.000	78.713	0.012704	275.53	389.87	5.5709	0.69983	1.0069	408.95	0.090721	2.9106e-05	0.039320	supercritical
436.00	90.000	78.519	0.012736	276.26	390.88	5.5732	0.70009	1.0068	409.40	0.090143	2.9151e-05	0.039384	supercritical
437.00	90.000	78.327	0.012767	276.98	391.89	5.5755	0.70036	1.0068	409.85	0.089568	2.9195e-05	0.039448	supercritical
438.00	90.000	78.135	0.012798	277.71	392.89	5.5778	0.70062	1.0068	410.30	0.088997	2.9239e-05	0.039511	supercritical
439.00	90.000	77.945	0.012830	278.44	393.90	5.5801	0.70089	1.0068	410.74	0.088428	2.9283e-05	0.039575	supercritical
440.00	90.000	77.756	0.012861	279.16	394.91	5.5824	0.70115	1.0068	411.19	0.087863	2.9327e-05	0.039639	supercritical
441.00	90.000	77.567	0.012892	279.89	395.92	5.5846	0.70142	1.0068	411.64	0.087300	2.9371e-05	0.039702	supercritical
442.00	90.000	77.380	0.012923	280.61	396.92	5.5869	0.70169	1.0068	412.08	0.086740	2.9415e-05	0.039766	supercritical
443.00	90.000	77.193	0.012954	281.34	397.93	5.5892	0.70195	1.0069	412.53	0.086184	2.9459e-05	0.039830	supercritical
444.00	90.000	77.008	0.012986	282.06	398.94	5.5915	0.70222	1.0069	412.97	0.085630	2.9503e-05	0.039893	supercritical
445.00	90.000	76.824	0.013017	282.79	399.94	5.5937	0.70249	1.0069	413.42	0.085080	2.9547e-05	0.039957	supercritical
446.00	90.000	76.640	0.013048	283.52	400.95	5.5960	0.70276	1.0069	413.86	0.084532	2.9591e-05	0.040021	supercritical
447.00	90.000	76.457	0.013079	284.24	401.96	5.5983	0.70303	1.0069	414.30	0.083987	2.9635e-05	0.040084	supercritical
448.00	90.000	76.276	0.013110	284.97	402.96	5.6005	0.70331	1.0070	414.74	0.083445	2.9679e-05	0.040148	supercritical
449.00	90.000	76.095	0.013141	285.70	403.97	5.6027	0.70358	1.0070	415.18	0.082905	2.9722e-05	0.040211	supercritical
450.00	90.000	75.915	0.013173	286.42	404.98	5.6050	0.70385	1.0070	415.62	0.082369	2.9766e-05	0.040275	supercritical
451.00	90.000	75.736	0.013204	287.15	405.98	5.6072	0.70413	1.0070	416.06	0.081835	2.9810e-05	0.040339	supercritical
452.00	90.000	75.558	0.013235	287.88	406.99	5.6095	0.70440	1.0071	416.50	0.081305	2.9854e-05	0.040402	supercritical
453.00	90.000	75.381	0.013266	288.61	408.00	5.6117	0.70467	1.0071	416.94	0.080776	2.9897e-05	0.040466	supercritical
454.00	90.000	75.205	0.013297	289.33	409.01	5.6139	0.70495	1.0072	417.37	0.080251	2.9941e-05	0.040529	supercritical
455.00	90.000	75.030	0.013328	290.06	410.01	5.6161	0.70523	1.0072	417.81	0.079729	2.9984e-05	0.040593	supercritical
456.00	90.000	74.856	0.013359	290.79	411.02	5.6183	0.70550	1.0072	418.24	0.079209	3.0028e-05	0.040656	supercritical
457.00	90.000	74.682	0.013390	291.52	412.03	5.6205	0.70578	1.0073	418.68	0.078692	3.0071e-05	0.040720	supercritical
458.00	90.000	74.509	0.013421	292.24	413.03	5.6227	0.70606	1.0073	419.11	0.078177	3.0115e-05	0.040783	supercritical
459.00	90.000	74.338	0.013452	292.97	414.04	5.6249	0.70634	1.0074	419.55	0.077665	3.0158e-05	0.040847	supercritical
460.00	90.000	74.167	0.013483	293.70	415.05	5.6271	0.70662	1.0075	419.98	0.077156	3.0202e-05	0.040910	supercritical
461.00	90.000	73.997	0.013514	294.43	416.06	5.6293	0.70690	1.0075	420.41	0.076649	3.0245e-05	0.040974	supercritical
462.00	90.000	73.827	0.013545	295.16	417.06	5.6315	0.70718	1.0076	420.84	0.076145	3.0288e-05	0.041037	supercritical
463.00	90.000	73.659	0.013576	295.89	418.07	5.6337	0.70746	1.0076	421.27	0.075644	3.0332e-05	0.041100	supercritical
464.00	90.000	73.491	0.013607	296.62	419.08	5.6358	0.70774	1.0077	421.70	0.075145	3.0375e-05	0.041164	supercritical
465.00	90.000	73.324	0.013638	297.35	420.09	5.6380	0.70802	1.0078	422.13	0.074649	3.0418e-05	0.041227	supercritical
466.00	90.000	73.158	0.013669	298.07	421.10	5.6402	0.70830	1.0078	422.56	0.074155	3.0461e-05	0.041291	supercritical
467.00	90.000	72.993	0.013700	298.80	422.10	5.6423	0.70858	1.0079	422.98	0.073664	3.0505e-05	0.041354	supercritical
468.00	90.000	72.829	0.013731	299.53	423.11	5.6445	0.70887	1.0080	423.41	0.073175	3.0548e-05	0.041417	supercritical
469.00	90.000	72.665	0.013762	300.26	424.12	5.6467	0.70915	1.0081	423.84	0.072689	3.0591e-05	0.041481	supercritical
470.00	90.000	72.503	0.013793	300.99	425.13	5.6488	0.70943	1.0081	424.26	0.072205	3.0634e-05	0.041544	supercritical
471.00	90.000	72.341	0.013824	301.72	426.14	5.6509	0.70972	1.0082	424.69	0.071724	3.0677e-05	0.041607	supercritical
472.00	90.000	72.179	0.013854	302.45	427.14	5.6531	0.71000	1.0083	425.11	0.071245	3.0720e-05	0.041671	supercritical
473.00	90.000	72.019	0.013885	303.18	428.15	5.6552	0.71029	1.0084	425.53	0.070769	3.0763e-05	0.041734	supercritical
474.00	90.000	71.859	0.013916	303.92	429.16	5.6573	0.71057	1.0085	425.96	0.070295	3.0806e-05	0.041797	supercritical
475.00	90.000	71.700	0.013947	304.65	430.17	5.6595	0.71086	1.0085	426.38	0.069823	3.0849e-05	0.041861	supercritical
476.00	90.000	71.542	0.013978	305.38	431.18	5.6616	0.71114	1.0086	426.80	0.069354	3.0892e-05	0.041924	supercritical
477.00	90.000	71.385	0.014009	306.11	432.19	5.6637	0.71143	1.0087	427.22	0.068887	3.0934e-05	0.041987	supercritical
478.00	90.000	71.228	0.014039	306.84	433.19	5.6658	0.71172	1.0088	427.64	0.068422	3.0977e-05	0.042050	supercritical
479.00	90.000	71.072	0.014070	307.57	434.20	5.6679	0.71201	1.0089	428.06	0.067960	3.1020e-05	0.042114	supercritical
480.00	90.000	70.917	0.014101	308.30	435.21	5.6700	0.71229	1.0090	428.48	0.067500	3.1063e-05	0.042177	supercritical
481.00	90.000	70.762	0.014132	309.04	436.22	5.6721	0.71258	1.0091	428.90	0.067042	3.1105e-05	0.042240	supercritical
482.00	90.000	70.608	0.014163	309.77	437.23	5.6742	0.71287	1.0092	429.31	0.066587	3.1148e-05	0.042303	supercritical
483.00	90.000	70.455	0.014193	310.50	438.24	5.6763	0.71316	1.0093	429.73	0.066134	3.1191e-05	0.042366	supercritical
484.00	90.000	70.303	0.014224	311.23	439.25	5.6784	0.71345	1.0094	430.15	0.065683	3.1233e-05	0.042429	supercritical
485.00	90.000	70.151	0.014255	311.96	440.26	5.6805	0.71374	1.0095	430.56	0.065234	3.1276e-05	0.042493	supercritical
486.00	90.000	70.000	0.014286	312.70	441.27	5.6826	0.71403	1.0096	430.98	0.064788	3.1318e-05	0.042556	supercritical
487.00	90.000	69.850	0.014316	313.43	442.28	5.6846	0.71432	1.0097	431.39	0.064344	3.1361e-05	0.042619	supercritical
488.00	90.000	69.700	0.014347	314.16	443.29	5.6867	0.71461	1.0098	431.80	0.063902	3.1403e-05	0.042682	supercritical
489.00	90.000	69.551	0.014378	314.90	444.30	5.6888	0.71490	1.0100	432.22	0.063462	3.1446e-05	0.042745	supercritical
490.00	90.000	69.403	0.014409	315.63	445.31	5.6908	0.71519	1.0101	432.63	0.063024	3.1488e-05	0.042808	supercritical
491.00	90.000	69.256	0.014439	316.36	446.32	5.6929	0.71548	1.0102	433.04	0.062589	3.1531e-05	0.042871	supercritical
492.00	90.000	69.109	0.014470	317.10	447.33	5.6950	0.71577	1.0103	433.45	0.062156	3.1573e-05	0.042934	supercritical
493.00	90.000	68.962	0.014501	317.83	448.34	5.6970	0.71606	1.0104	433.86	0.061724	3.1615e-05	0.042997	supercritical
494.00	90.000	68.817	0.014531	318.57	449.35	5.6991	0.71635	1.0105	434.27	0.061295	3.1657e-05	0.043060	supercritical
495.00	90.000	68.672	0.014562	319.30	450.36	5.7011	0.71664	1.0107	434.68	0.060868	3.1700e-05	0.043123	supercritical
496.00	90.000	68.528	0.014593	320.04	451.37	5.7031	0.71694	1.0108	435.09	0.060443	3.1742e-05	0.043186	supercritical
497.00	90.000	68.384	0.014623	320.77	452.38	5.7052	0.71723	1.0109	435.50	0.060021	3.1784e-05	0.043249	supercritical
498.00	90.000	68.241	0.014654	321.51	453.39	5.7072	0.71752	1.0110	435.91	0.059600	3.1826e-05	0.043312	supercritical
499.00	90.000	68.099	0.014685	322.24	454.40	5.7092	0.71781	1.0112	436.31	0.059181	3.1868e-05	0.043375	supercritical
500.00	90.000	67.957	0.014715	322.98	455.41	5.7113	0.71811	1.0113	436.72	0.058764	3.1910e-05	0.043438	supercritical
501.00	90.000	67.816	0.014746	323.71	456.43	5.7133	0.71840	1.0114	437.13	0.058350	3.1952e-05	0.043500	supercritical
502.00	90.000	67.675	0.014776	324.45	457.44	5.7153	0.71869	1.0116	437.53	0.057937	3.1994e-05	0.043563	supercritical
503.00	90.000	67.536	0.014807	325.19	458.45	5.7173	0.71899	1.0117	437.94	0.057526	3.2036e-05	0.043626	supercritical
504.00	90.000	67.396	0.014838	325.92	459.46	5.7193	0.71928	1.0118	438.34	0.057118	3.2078e-05	0.043689	supercritical
505.00	90.000	67.258	0.014868	326.66	460.47	5.7213	0.71957	1.0120	438.75	0.056711	3.2120e-05	0.043752	supercritical
506.00	90.000	67.120	0.014899	327.40	461.48	5.7233	0.71987	1.0121	439.15	0.056306	3.2162e-05	0.043815	supercritical
507.00	90.000	66.982	0.014929	328.13	462.50	5.7253	0.72016	1.0122	439.55	0.055903	3.2204e-05	0.043877	supercritical
508.00	90.000	66.846	0.014960	328.87	463.51	5.7273	0.72046	1.0124	439.95	0.055502	3.2246e-05	0.043940	supercritical
509.00	90.000	66.709	0.014990	329.61	464.52	5.7293	0.72075	1.0125	440.35	0.055104	3.2288e-05	0.044003	supercritical
510.00	90.000	66.574	0.015021	330.35	465.53	5.7313	0.72104	1.0126	440.76	0.054707	3.2329e-05	0.044066	supercritical
511.00	90.000	66.439	0.015051	331.08	466.55	5.7333	0.72134	1.0128	441.16	0.054311	3.2371e-05	0.044128	supercritical
512.00	90.000	66.304	0.015082	331.82	467.56	5.7353	0.72163	1.0129	441.56	0.053918	3.2413e-05	0.044191	supercritical
513.00	90.000	66.170	0.015113	332.56	468.57	5.7372	0.72193	1.0131	441.95	0.053527	3.2454e-05	0.044254	supercritical
514.00	90.000	66.037	0.015143	333.30	469.59	5.7392	0.72222	1.0132	442.35	0.053137	3.2496e-05	0.044316	supercritical
515.00	90.000	65.904	0.015174	334.04	470.60	5.7412	0.72252	1.0134	442.75	0.052750	3.2538e-05	0.044379	supercritical
516.00	90.000	65.772	0.015204	334.78	471.61	5.7432	0.72281	1.0135	443.15	0.052364	3.2579e-05	0.044442	supercritical
517.00	90.000	65.640	0.015235	335.52	472.63	5.7451	0.72311	1.0137	443.55	0.051980	3.2621e-05	0.044504	supercritical
518.00	90.000	65.509	0.015265	336.25	473.64	5.7471	0.72340	1.0138	443.94	0.051598	3.2662e-05	0.044567	supercritical
519.00	90.000	65.379	0.015296	336.99	474.65	5.7490	0.72370	1.0140	444.34	0.051217	3.2704e-05	0.044629	supercritical
520.00	90.000	65.249	0.015326	337.73	475.67	5.7510	0.72399	1.0141	444.73	0.050839	3.2745e-05	0.044692	supercritical
521.00	90.000	65.119	0.015356	338.47	476.68	5.7529	0.72429	1.0143	445.13	0.050462	3.2787e-05	0.044754	supercritical
522.00	90.000	64.990	0.015387	339.21	477.70	5.7549	0.72458	1.0144	445.52	0.050087	3.2828e-05	0.044817	supercritical
523.00	90.000	64.862	0.015417	339.96	478.71	5.7568	0.72488	1.0146	445.92	0.049713	3.2869e-05	0.044879	supercritical
524.00	90.000	64.734	0.015448	340.70	479.73	5.7588	0.72517	1.0147	446.31	0.049342	3.2911e-05	0.044942	supercritical
525.00	90.000	64.607	0.015478	341.44	480.74	5.7607	0.72547	1.0149	446.71	0.048972	3.2952e-05	0.045004	supercritical
526.00	90.000	64.480	0.015509	342.18	481.76	5.7626	0.72576	1.0150	447.10	0.048604	3.2993e-05	0.045067	supercritical
527.00	90.000	64.354	0.015539	342.92	482.77	5.7646	0.72606	1.0152	447.49	0.048238	3.3034e-05	0.045129	supercritical
528.00	90.000	64.228	0.015569	343.66	483.79	5.7665	0.72635	1.0154	447.88	0.047873	3.3076e-05	0.045192	supercritical
529.00	90.000	64.103	0.015600	344.40	484.80	5.7684	0.72665	1.0155	448.27	0.047510	3.3117e-05	0.045254	supercritical
530.00	90.000	63.978	0.015630	345.14	485.82	5.7703	0.72695	1.0157	448.66	0.047149	3.3158e-05	0.045317	supercritical
531.00	90.000	63.854	0.015661	345.89	486.83	5.7722	0.72724	1.0159	449.05	0.046790	3.3199e-05	0.045379	supercritical
532.00	90.000	63.731	0.015691	346.63	487.85	5.7741	0.72754	1.0160	449.44	0.046432	3.3240e-05	0.045441	supercritical
533.00	90.000	63.607	0.015721	347.37	488.86	5.7760	0.72783	1.0162	449.83	0.046076	3.3281e-05	0.045504	supercritical
534.00	90.000	63.485	0.015752	348.11	489.88	5.7780	0.72813	1.0163	450.22	0.045721	3.3322e-05	0.045566	supercritical
535.00	90.000	63.363	0.015782	348.86	490.90	5.7799	0.72842	1.0165	450.61	0.045368	3.3363e-05	0.045628	supercritical
536.00	90.000	63.241	0.015813	349.60	491.91	5.7818	0.72872	1.0167	451.00	0.045017	3.3404e-05	0.045690	supercritical
537.00	90.000	63.120	0.015843	350.35	492.93	5.7836	0.72901	1.0168	451.38	0.044667	3.3445e-05	0.045753	supercritical
538.00	90.000	62.999	0.015873	351.09	493.95	5.7855	0.72931	1.0170	451.77	0.044319	3.3486e-05	0.045815	supercritical
539.00	90.000	62.879	0.015904	351.83	494.96	5.7874	0.72960	1.0172	452.16	0.043973	3.3527e-05	0.045877	supercritical
540.00	90.000	62.759	0.015934	352.58	495.98	5.7893	0.72990	1.0174	452.54	0.043628	3.3568e-05	0.045939	supercritical
541.00	90.000	62.640	0.015964	353.32	497.00	5.7912	0.73019	1.0175	452.93	0.043284	3.3608e-05	0.046002	supercritical
542.00	90.000	62.521	0.015995	354.07	498.02	5.7931	0.73049	1.0177	453.31	0.042943	3.3649e-05	0.046064	supercritical
543.00	90.000	62.403	0.016025	354.81	499.03	5.7950	0.73078	1.0179	453.69	0.042603	3.3690e-05	0.046126	supercritical
544.00	90.000	62.285	0.016055	355.56	500.05	5.7968	0.73108	1.0180	454.08	0.042264	3.3731e-05	0.046188	supercritical
545.00	90.000	62.168	0.016085	356.30	501.07	5.7987	0.73137	1.0182	454.46	0.041927	3.3771e-05	0.046250	supercritical
546.00	90.000	62.051	0.016116	357.05	502.09	5.8006	0.73166	1.0184	454.84	0.041591	3.3812e-05	0.046312	supercritical
547.00	90.000	61.935	0.016146	357.79	503.11	5.8024	0.73196	1.0186	455.23	0.041257	3.3852e-05	0.046374	supercritical
548.00	90.000	61.819	0.016176	358.54	504.13	5.8043	0.73225	1.0187	455.61	0.040925	3.3893e-05	0.046436	supercritical
549.00	90.000	61.703	0.016207	359.29	505.15	5.8061	0.73255	1.0189	455.99	0.040594	3.3934e-05	0.046498	supercritical
550.00	90.000	61.588	0.016237	360.03	506.16	5.8080	0.73284	1.0191	456.37	0.040264	3.3974e-05	0.046560	supercritical
551.00	90.000	61.474	0.016267	360.78	507.18	5.8099	0.73313	1.0193	456.75	0.039936	3.4015e-05	0.046622	supercritical
552.00	90.000	61.360	0.016297	361.53	508.20	5.8117	0.73343	1.0194	457.13	0.039610	3.4055e-05	0.046684	supercritical
553.00	90.000	61.246	0.016328	362.27	509.22	5.8135	0.73372	1.0196	457.51	0.039285	3.4096e-05	0.046746	supercritical
554.00	90.000	61.133	0.016358	363.02	510.24	5.8154	0.73402	1.0198	457.89	0.038961	3.4136e-05	0.046808	supercritical
555.00	90.000	61.020	0.016388	363.77	511.26	5.8172	0.73431	1.0200	458.27	0.038639	3.4176e-05	0.046870	supercritical
556.00	90.000	60.907	0.016418	364.52	512.28	5.8191	0.73460	1.0202	458.65	0.038318	3.4217e-05	0.046932	supercritical
557.00	90.000	60.795	0.016449	365.27	513.30	5.8209	0.73490	1.0203	459.03	0.037999	3.4257e-05	0.046994	supercritical
558.00	90.000	60.684	0.016479	366.01	514.32	5.8227	0.73519	1.0205	459.40	0.037681	3.4297e-05	0.047056	supercritical
559.00	90.000	60.573	0.016509	366.76	515.34	5.8246	0.73548	1.0207	459.78	0.037365	3.4338e-05	0.047118	supercritical
560.00	90.000	60.462	0.016539	367.51	516.36	5.8264	0.73577	1.0209	460.16	0.037050	3.4378e-05	0.047180	supercritical
561.00	90.000	60.352	0.016569	368.26	517.39	5.8282	0.73607	1.0211	460.53	0.036736	3.4418e-05	0.047241	supercritical
562.00	90.000	60.242	0.016600	369.01	518.41	5.8300	0.73636	1.0213	460.91	0.036424	3.4458e-05	0.047303	supercritical
563.00	90.000	60.133	0.016630	369.76	519.43	5.8318	0.73665	1.0214	461.29	0.036113	3.4498e-05	0.047365	supercritical
564.00	90.000	60.024	0.016660	370.51	520.45	5.8336	0.73694	1.0216	461.66	0.035804	3.4539e-05	0.047427	supercritical
565.00	90.000	59.915	0.016690	371.26	521.47	5.8355	0.73724	1.0218	462.03	0.035496	3.4579e-05	0.047488	supercritical
566.00	90.000	59.807	0.016720	372.01	522.49	5.8373	0.73753	1.0220	462.41	0.035189	3.4619e-05	0.047550	supercritical
567.00	90.000	59.699	0.016751	372.76	523.51	5.8391	0.73782	1.0222	462.78	0.034884	3.4659e-05	0.047612	supercritical
568.00	90.000	59.592	0.016781	373.51	524.54	5.8409	0.73811	1.0224	463.16	0.034580	3.4699e-05	0.047674	supercritical
569.00	90.000	59.485	0.016811	374.26	525.56	5.8427	0.73840	1.0226	463.53	0.034277	3.4739e-05	0.047735	supercritical
570.00	90.000	59.379	0.016841	375.01	526.58	5.8445	0.73869	1.0228	463.90	0.033976	3.4779e-05	0.047797	supercritical
571.00	90.000	59.273	0.016871	375.76	527.61	5.8463	0.73898	1.0229	464.27	0.033676	3.4819e-05	0.047858	supercritical
572.00	90.000	59.167	0.016901	376.52	528.63	5.8480	0.73927	1.0231	464.64	0.033377	3.4859e-05	0.047920	supercritical
573.00	90.000	59.061	0.016932	377.27	529.65	5.8498	0.73956	1.0233	465.02	0.033080	3.4898e-05	0.047982	supercritical
574.00	90.000	58.957	0.016962	378.02	530.67	5.8516	0.73985	1.0235	465.39	0.032784	3.4938e-05	0.048043	supercritical
575.00	90.000	58.852	0.016992	378.77	531.70	5.8534	0.74014	1.0237	465.76	0.032489	3.4978e-05	0.048105	supercritical
576.00	90.000	58.748	0.017022	379.53	532.72	5.8552	0.74043	1.0239	466.13	0.032196	3.5018e-05	0.048166	supercritical
577.00	90.000	58.644	0.017052	380.28	533.75	5.8570	0.74072	1.0241	466.50	0.031904	3.5058e-05	0.048228	supercritical
578.00	90.000	58.541	0.017082	381.03	534.77	5.8587	0.74101	1.0243	466.87	0.031613	3.5097e-05	0.048289	supercritical
579.00	90.000	58.438	0.017112	381.78	535.79	5.8605	0.74130	1.0245	467.24	0.031323	3.5137e-05	0.048351	supercritical
580.00	90.000	58.335	0.017142	382.54	536.82	5.8623	0.74159	1.0247	467.60	0.031035	3.5177e-05	0.048412	supercritical
581.00	90.000	58.233	0.017172	383.29	537.84	5.8640	0.74188	1.0248	467.97	0.030747	3.5216e-05	0.048474	supercritical
582.00	90.000	58.131	0.017203	384.05	538.87	5.8658	0.74217	1.0250	468.34	0.030462	3.5256e-05	0.048535	supercritical
583.00	90.000	58.029	0.017233	384.80	539.89	5.8676	0.74246	1.0252	468.71	0.030177	3.5296e-05	0.048597	supercritical
584.00	90.000	57.928	0.017263	385.55	540.92	5.8693	0.74274	1.0254	469.07	0.029893	3.5335e-05	0.048658	supercritical
585.00	90.000	57.827	0.017293	386.31	541.95	5.8711	0.74303	1.0256	469.44	0.029611	3.5375e-05	0.048719	supercritical
586.00	90.000	57.727	0.017323	387.06	542.97	5.8728	0.74332	1.0258	469.81	0.029330	3.5414e-05	0.048781	supercritical
587.00	90.000	57.627	0.017353	387.82	544.00	5.8746	0.74361	1.0260	470.17	0.029050	3.5454e-05	0.048842	supercritical
588.00	90.000	57.527	0.017383	388.58	545.02	5.8763	0.74389	1.0262	470.54	0.028772	3.5493e-05	0.048903	supercritical
589.00	90.000	57.428	0.017413	389.33	546.05	5.8781	0.74418	1.0264	470.90	0.028494	3.5533e-05	0.048965	supercritical
590.00	90.000	57.329	0.017443	390.09	547.08	5.8798	0.74447	1.0266	471.27	0.028218	3.5572e-05	0.049026	supercritical
591.00	90.000	57.230	0.017473	390.84	548.10	5.8815	0.74475	1.0268	471.63	0.027943	3.5611e-05	0.049087	supercritical
592.00	90.000	57.132	0.017503	391.60	549.13	5.8833	0.74504	1.0270	471.99	0.027669	3.5651e-05	0.049148	supercritical
593.00	90.000	57.034	0.017533	392.36	550.16	5.8850	0.74532	1.0272	472.36	0.027397	3.5690e-05	0.049210	supercritical
594.00	90.000	56.937	0.017563	393.11	551.18	5.8867	0.74561	1.0274	472.72	0.027125	3.5729e-05	0.049271	supercritical
595.00	90.000	56.840	0.017593	393.87	552.21	5.8885	0.74590	1.0276	473.08	0.026855	3.5769e-05	0.049332	supercritical
596.00	90.000	56.743	0.017623	394.63	553.24	5.8902	0.74618	1.0278	473.45	0.026586	3.5808e-05	0.049393	supercritical
597.00	90.000	56.646	0.017653	395.39	554.27	5.8919	0.74646	1.0280	473.81	0.026318	3.5847e-05	0.049454	supercritical
598.00	90.000	56.550	0.017683	396.14	555.29	5.8936	0.74675	1.0282	474.17	0.026051	3.5886e-05	0.049515	supercritical
599.00	90.000	56.454	0.017713	396.90	556.32	5.8954	0.74703	1.0284	474.53	0.025785	3.5925e-05	0.049576	supercritical
600.00	90.000	56.359	0.017743	397.66	557.35	5.8971	0.74732	1.0286	474.89	0.025520	3.5964e-05	0.049638	supercritical
