Temperature (K)	Pressure (bar)	Density (kg/m3)	Volume (m3/kg)	Internal Energy (kJ/kg)	Enthalpy (kJ/kg)	Entropy (J/g*K)	Cv (J/g*K)	Cp (J/g*K)	Sound Spd. (m/s)	Joule-Thomson (K/bar)	Viscosity (Pa*s)	Therm. Cond. (W/m*K)	Phase
60.000	65.000	1289.7	0.00077538	-185.20	-180.16	2.2401	1.0910	1.6596	1145.2	-0.037426	0.00060861	0.19657	liquid
61.000	65.000	1285.4	0.00077796	-183.55	-178.50	2.2675	1.0822	1.6614	1141.3	-0.037270	0.00057990	0.19521	liquid
62.000	65.000	1281.1	0.00078058	-181.91	-176.83	2.2945	1.0742	1.6628	1136.7	-0.037128	0.00055310	0.19386	liquid
63.000	65.000	1276.8	0.00078323	-180.26	-175.17	2.3212	1.0671	1.6640	1131.5	-0.036997	0.00052808	0.19250	liquid
64.000	65.000	1272.4	0.00078590	-178.62	-173.51	2.3474	1.0605	1.6648	1125.8	-0.036875	0.00050469	0.19114	liquid
65.000	65.000	1268.1	0.00078860	-176.97	-171.84	2.3732	1.0543	1.6654	1119.8	-0.036762	0.00048282	0.18979	liquid
66.000	65.000	1263.7	0.00079133	-175.32	-170.18	2.3986	1.0485	1.6657	1113.4	-0.036654	0.00046236	0.18843	liquid
67.000	65.000	1259.3	0.00079408	-173.67	-168.51	2.4237	1.0430	1.6658	1106.7	-0.036550	0.00044320	0.18707	liquid
68.000	65.000	1254.9	0.00079686	-172.02	-166.84	2.4483	1.0377	1.6658	1099.9	-0.036449	0.00042525	0.18572	liquid
69.000	65.000	1250.5	0.00079966	-170.38	-165.18	2.4727	1.0326	1.6656	1092.8	-0.036349	0.00040840	0.18436	liquid
70.000	65.000	1246.1	0.00080249	-168.73	-163.51	2.4966	1.0276	1.6654	1085.7	-0.036248	0.00039258	0.18301	liquid
71.000	65.000	1241.7	0.00080534	-167.08	-161.85	2.5202	1.0227	1.6650	1078.5	-0.036147	0.00037772	0.18165	liquid
72.000	65.000	1237.3	0.00080822	-165.44	-160.18	2.5435	1.0179	1.6647	1071.1	-0.036043	0.00036374	0.18030	liquid
73.000	65.000	1232.9	0.00081112	-163.79	-158.52	2.5665	1.0132	1.6643	1063.7	-0.035935	0.00035057	0.17894	liquid
74.000	65.000	1228.4	0.00081406	-162.15	-156.85	2.5891	1.0086	1.6639	1056.3	-0.035823	0.00033816	0.17759	liquid
75.000	65.000	1224.0	0.00081702	-160.50	-155.19	2.6115	1.0041	1.6636	1048.8	-0.035706	0.00032645	0.17623	liquid
76.000	65.000	1219.5	0.00082000	-158.86	-153.53	2.6335	0.99956	1.6633	1041.3	-0.035583	0.00031539	0.17488	liquid
77.000	65.000	1215.0	0.00082302	-157.21	-151.86	2.6552	0.99513	1.6631	1033.8	-0.035453	0.00030493	0.17352	liquid
78.000	65.000	1210.6	0.00082607	-155.57	-150.20	2.6767	0.99075	1.6629	1026.3	-0.035316	0.00029504	0.17216	liquid
79.000	65.000	1206.1	0.00082914	-153.93	-148.54	2.6979	0.98642	1.6629	1018.7	-0.035172	0.00028566	0.17080	liquid
80.000	65.000	1201.6	0.00083225	-152.29	-146.88	2.7188	0.98215	1.6629	1011.2	-0.035019	0.00027677	0.16945	liquid
81.000	65.000	1197.0	0.00083539	-150.64	-145.21	2.7395	0.97793	1.6630	1003.6	-0.034857	0.00026834	0.16809	liquid
82.000	65.000	1192.5	0.00083857	-149.00	-143.55	2.7599	0.97375	1.6633	996.03	-0.034687	0.00026032	0.16673	liquid
83.000	65.000	1188.0	0.00084177	-147.36	-141.89	2.7800	0.96963	1.6636	988.45	-0.034507	0.00025269	0.16537	liquid
84.000	65.000	1183.4	0.00084502	-145.71	-140.22	2.7999	0.96556	1.6641	980.88	-0.034316	0.00024543	0.16400	liquid
85.000	65.000	1178.8	0.00084830	-144.07	-138.56	2.8196	0.96154	1.6647	973.29	-0.034116	0.00023850	0.16264	liquid
86.000	65.000	1174.2	0.00085161	-142.43	-136.89	2.8391	0.95756	1.6655	965.71	-0.033904	0.00023190	0.16128	liquid
87.000	65.000	1169.6	0.00085497	-140.78	-135.23	2.8584	0.95364	1.6664	958.12	-0.033681	0.00022559	0.15991	liquid
88.000	65.000	1165.0	0.00085837	-139.14	-133.56	2.8774	0.94977	1.6674	950.53	-0.033447	0.00021956	0.15854	liquid
89.000	65.000	1160.4	0.00086180	-137.49	-131.89	2.8963	0.94595	1.6686	942.93	-0.033200	0.00021379	0.15717	liquid
90.000	65.000	1155.7	0.00086528	-135.85	-130.22	2.9149	0.94217	1.6699	935.32	-0.032941	0.00020827	0.15580	liquid
91.000	65.000	1151.0	0.00086881	-134.20	-128.55	2.9334	0.93845	1.6714	927.71	-0.032670	0.00020297	0.15443	liquid
92.000	65.000	1146.3	0.00087238	-132.55	-126.88	2.9517	0.93477	1.6730	920.09	-0.032385	0.00019789	0.15306	liquid
93.000	65.000	1141.6	0.00087600	-130.90	-125.21	2.9698	0.93115	1.6748	912.46	-0.032086	0.00019300	0.15168	liquid
94.000	65.000	1136.8	0.00087966	-129.25	-123.53	2.9877	0.92757	1.6768	904.82	-0.031773	0.00018831	0.15031	liquid
95.000	65.000	1132.0	0.00088338	-127.59	-121.85	3.0054	0.92404	1.6789	897.17	-0.031445	0.00018379	0.14893	liquid
96.000	65.000	1127.2	0.00088715	-125.94	-120.17	3.0230	0.92056	1.6813	889.50	-0.031102	0.00017944	0.14755	liquid
97.000	65.000	1122.4	0.00089097	-124.28	-118.49	3.0405	0.91713	1.6837	881.82	-0.030744	0.00017524	0.14617	liquid
98.000	65.000	1117.5	0.00089484	-122.62	-116.80	3.0577	0.91375	1.6864	874.12	-0.030369	0.00017120	0.14479	liquid
99.000	65.000	1112.6	0.00089878	-120.96	-115.12	3.0749	0.91041	1.6893	866.41	-0.029977	0.00016729	0.14340	liquid
100.00	65.000	1107.7	0.00090277	-119.29	-113.43	3.0919	0.90712	1.6923	858.68	-0.029568	0.00016351	0.14202	liquid
101.00	65.000	1102.7	0.00090683	-117.63	-111.73	3.1087	0.90388	1.6955	850.92	-0.029141	0.00015986	0.14063	liquid
102.00	65.000	1097.8	0.00091094	-115.96	-110.03	3.1255	0.90068	1.6990	843.15	-0.028694	0.00015632	0.13924	liquid
103.00	65.000	1092.7	0.00091513	-114.28	-108.33	3.1420	0.89753	1.7026	835.35	-0.028228	0.00015289	0.13785	liquid
104.00	65.000	1087.7	0.00091938	-112.61	-106.63	3.1585	0.89443	1.7065	827.53	-0.027742	0.00014956	0.13646	liquid
105.00	65.000	1082.6	0.00092371	-110.93	-104.92	3.1749	0.89137	1.7106	819.68	-0.027234	0.00014634	0.13507	liquid
106.00	65.000	1077.5	0.00092810	-109.24	-103.21	3.1911	0.88836	1.7149	811.80	-0.026704	0.00014321	0.13367	liquid
107.00	65.000	1072.3	0.00093258	-107.55	-101.49	3.2072	0.88540	1.7194	803.90	-0.026151	0.00014016	0.13228	liquid
108.00	65.000	1067.1	0.00093713	-105.86	-99.769	3.2232	0.88248	1.7242	795.96	-0.025573	0.00013720	0.13089	liquid
109.00	65.000	1061.8	0.00094177	-104.16	-98.043	3.2392	0.87961	1.7293	787.99	-0.024970	0.00013432	0.12950	liquid
110.00	65.000	1056.5	0.00094649	-102.46	-96.311	3.2550	0.87679	1.7346	779.98	-0.024340	0.00013151	0.12810	liquid
111.00	65.000	1051.2	0.00095130	-100.76	-94.573	3.2707	0.87401	1.7402	771.94	-0.023682	0.00012878	0.12671	liquid
112.00	65.000	1045.8	0.00095621	-99.046	-92.830	3.2863	0.87128	1.7461	763.86	-0.022996	0.00012611	0.12531	liquid
113.00	65.000	1040.4	0.00096121	-97.329	-91.081	3.3019	0.86860	1.7523	755.74	-0.022278	0.00012351	0.12392	liquid
114.00	65.000	1034.9	0.00096631	-95.607	-89.326	3.3173	0.86596	1.7588	747.58	-0.021528	0.00012097	0.12252	liquid
115.00	65.000	1029.3	0.00097152	-93.878	-87.564	3.3327	0.86337	1.7656	739.37	-0.020743	0.00011848	0.12112	liquid
116.00	65.000	1023.7	0.00097684	-92.144	-85.794	3.3481	0.86084	1.7728	731.12	-0.019923	0.00011606	0.11972	liquid
117.00	65.000	1018.0	0.00098227	-90.403	-84.018	3.3633	0.85835	1.7804	722.81	-0.019064	0.00011368	0.11832	liquid
118.00	65.000	1012.3	0.00098783	-88.654	-82.233	3.3785	0.85591	1.7884	714.46	-0.018166	0.00011136	0.11692	liquid
119.00	65.000	1006.5	0.00099351	-86.899	-80.441	3.3936	0.85353	1.7968	706.05	-0.017225	0.00010908	0.11552	liquid
120.00	65.000	1000.7	0.00099933	-85.135	-78.640	3.4087	0.85119	1.8056	697.58	-0.016238	0.00010685	0.11412	liquid
121.00	65.000	994.74	0.0010053	-83.364	-76.829	3.4237	0.84891	1.8150	689.05	-0.015204	0.00010466	0.11272	liquid
122.00	65.000	988.74	0.0010114	-81.584	-75.010	3.4387	0.84669	1.8248	680.46	-0.014118	0.00010252	0.11132	liquid
123.00	65.000	982.66	0.0010176	-79.794	-73.180	3.4536	0.84452	1.8352	671.81	-0.012979	0.00010041	0.10991	liquid
124.00	65.000	976.50	0.0010241	-77.995	-71.339	3.4685	0.84242	1.8461	663.08	-0.011781	9.8345e-05	0.10851	liquid
125.00	65.000	970.26	0.0010307	-76.186	-69.487	3.4834	0.84037	1.8577	654.29	-0.010521	9.6314e-05	0.10710	liquid
126.00	65.000	963.92	0.0010374	-74.367	-67.623	3.4983	0.83838	1.8700	645.41	-0.0091955	9.4318e-05	0.10570	liquid
127.00	65.000	957.49	0.0010444	-72.536	-65.747	3.5131	0.83647	1.8829	636.46	-0.0077986	9.2355e-05	0.10429	liquid
128.00	65.000	950.96	0.0010516	-70.692	-63.857	3.5279	0.83461	1.8967	627.42	-0.0063253	9.0423e-05	0.10289	liquid
129.00	65.000	944.32	0.0010590	-68.836	-61.953	3.5427	0.83283	1.9113	618.29	-0.0047698	8.8522e-05	0.10148	liquid
130.00	65.000	937.58	0.0010666	-66.967	-60.034	3.5575	0.83113	1.9269	609.06	-0.0031257	8.6648e-05	0.10007	liquid
131.00	65.000	930.71	0.0010744	-65.083	-58.099	3.5724	0.82950	1.9434	599.74	-0.0013856	8.4802e-05	0.098665	liquid
132.00	65.000	923.72	0.0010826	-63.184	-56.147	3.5872	0.82796	1.9611	590.31	0.00045851	8.2982e-05	0.097257	liquid
133.00	65.000	916.60	0.0010910	-61.268	-54.177	3.6021	0.82650	1.9800	580.77	0.0024155	8.1186e-05	0.095848	liquid
134.00	65.000	909.33	0.0010997	-59.335	-52.187	3.6170	0.82514	2.0002	571.11	0.0044957	7.9413e-05	0.094438	liquid
135.00	65.000	901.91	0.0011088	-57.383	-50.176	3.6319	0.82388	2.0219	561.32	0.0067103	7.7662e-05	0.093027	liquid
136.00	65.000	894.33	0.0011182	-55.410	-48.142	3.6470	0.82272	2.0453	551.40	0.0090724	7.5931e-05	0.091614	liquid
137.00	65.000	886.57	0.0011279	-53.416	-46.085	3.6620	0.82168	2.0704	541.34	0.011597	7.4219e-05	0.090200	liquid
138.00	65.000	878.63	0.0011381	-51.399	-44.001	3.6772	0.82076	2.0977	531.12	0.014300	7.2524e-05	0.088784	liquid
139.00	65.000	870.48	0.0011488	-49.356	-41.888	3.6924	0.81997	2.1273	520.74	0.017201	7.0844e-05	0.087366	liquid
140.00	65.000	862.11	0.0011599	-47.285	-39.745	3.7078	0.81934	2.1595	510.19	0.020322	6.9179e-05	0.085946	liquid
141.00	65.000	853.50	0.0011717	-45.184	-37.568	3.7233	0.81886	2.1947	499.44	0.023690	6.7527e-05	0.084522	liquid
142.00	65.000	844.62	0.0011840	-43.050	-35.355	3.7389	0.81857	2.2334	488.50	0.027333	6.5884e-05	0.083095	liquid
143.00	65.000	835.46	0.0011969	-40.881	-33.100	3.7548	0.81847	2.2760	477.33	0.031287	6.4251e-05	0.081663	liquid
144.00	65.000	825.97	0.0012107	-38.671	-30.801	3.7708	0.81860	2.3232	465.93	0.035594	6.2624e-05	0.080225	liquid
145.00	65.000	816.14	0.0012253	-36.416	-28.452	3.7870	0.81898	2.3759	454.27	0.040303	6.1000e-05	0.078781	liquid
146.00	65.000	805.90	0.0012408	-34.113	-26.047	3.8036	0.81964	2.4350	442.33	0.045473	5.9377e-05	0.077330	liquid
147.00	65.000	795.23	0.0012575	-31.753	-23.579	3.8204	0.82064	2.5018	430.10	0.051175	5.7752e-05	0.075869	liquid
148.00	65.000	784.05	0.0012754	-29.331	-21.040	3.8376	0.82202	2.5779	417.53	0.057499	5.6120e-05	0.074398	liquid
149.00	65.000	772.29	0.0012948	-26.836	-18.420	3.8553	0.82384	2.6655	404.60	0.064552	5.4478e-05	0.072913	liquid
150.00	65.000	759.87	0.0013160	-24.259	-15.705	3.8734	0.82620	2.7673	391.27	0.072470	5.2819e-05	0.071413	liquid
151.00	65.000	746.68	0.0013393	-21.584	-12.879	3.8922	0.82920	2.8872	377.51	0.081429	5.1137e-05	0.069894	liquid
152.00	65.000	732.57	0.0013651	-18.795	-9.9225	3.9117	0.83297	3.0307	363.26	0.091655	4.9423e-05	0.068353	liquid
153.00	65.000	717.36	0.0013940	-15.868	-6.8074	3.9321	0.83772	3.2055	348.46	0.10345	4.7666e-05	0.066786	liquid
154.00	65.000	700.79	0.0014270	-12.773	-3.4973	3.9537	0.84370	3.4232	333.04	0.11722	4.5851e-05	0.065189	liquid
155.00	65.000	682.53	0.0014651	-9.4642	0.059211	3.9767	0.85131	3.7019	316.89	0.13354	4.3959e-05	0.063557	supercritical
156.00	65.000	662.07	0.0015104	-5.8814	3.9363	4.0017	0.86112	4.0707	299.89	0.15325	4.1960e-05	0.061886	supercritical
157.00	65.000	638.68	0.0015657	-1.9305	8.2467	4.0292	0.87405	4.5791	281.87	0.17757	3.9814e-05	0.060172	supercritical
158.00	65.000	611.21	0.0016361	2.5347	13.169	4.0605	0.89154	5.3141	262.68	0.20841	3.7459e-05	0.058408	supercritical
159.00	65.000	577.82	0.0017306	7.7498	18.999	4.0972	0.91559	6.4233	242.39	0.24857	3.4803e-05	0.056560	supercritical
160.00	65.000	535.93	0.0018659	14.072	26.200	4.1424	0.94721	8.0734	222.06	0.30135	3.1738e-05	0.054472	supercritical
161.00	65.000	484.01	0.0020661	21.795	35.224	4.1986	0.97814	9.8874	205.32	0.36663	2.8290e-05	0.051676	supercritical
162.00	65.000	428.85	0.0023318	30.236	45.393	4.2616	0.98383	10.024	197.04	0.43277	2.5007e-05	0.047636	supercritical
163.00	65.000	383.38	0.0026083	37.683	54.638	4.3184	0.96096	8.3418	195.89	0.48458	2.2600e-05	0.043204	supercritical
164.00	65.000	350.31	0.0028546	43.546	62.100	4.3641	0.93116	6.6618	197.41	0.52000	2.1038e-05	0.039586	supercritical
165.00	65.000	325.98	0.0030677	48.189	68.129	4.4008	0.90476	5.4711	199.59	0.54356	2.0002e-05	0.036893	supercritical
166.00	65.000	307.25	0.0032547	52.011	73.167	4.4312	0.88312	4.6532	201.87	0.55924	1.9279e-05	0.034874	supercritical
167.00	65.000	292.21	0.0034222	55.270	77.514	4.4573	0.86546	4.0732	204.11	0.56960	1.8750e-05	0.033317	supercritical
168.00	65.000	279.73	0.0035748	58.127	81.363	4.4803	0.85083	3.6454	206.26	0.57625	1.8349e-05	0.032083	supercritical
169.00	65.000	269.12	0.0037158	60.686	84.838	4.5009	0.83847	3.3184	208.33	0.58025	1.8038e-05	0.031080	supercritical
170.00	65.000	259.92	0.0038473	63.015	88.023	4.5197	0.82786	3.0608	210.33	0.58229	1.7791e-05	0.030249	supercritical
171.00	65.000	251.81	0.0039712	65.164	90.976	4.5370	0.81858	2.8528	212.26	0.58288	1.7592e-05	0.029551	supercritical
172.00	65.000	244.58	0.0040886	67.165	93.741	4.5531	0.81037	2.6814	214.13	0.58236	1.7432e-05	0.028956	supercritical
173.00	65.000	238.06	0.0042006	69.045	96.348	4.5683	0.80301	2.5377	215.94	0.58097	1.7301e-05	0.028444	supercritical
174.00	65.000	232.13	0.0043079	70.822	98.823	4.5825	0.79634	2.4154	217.70	0.57893	1.7193e-05	0.027999	supercritical
175.00	65.000	226.71	0.0044110	72.513	101.18	4.5961	0.79025	2.3100	219.42	0.57635	1.7106e-05	0.027611	supercritical
176.00	65.000	221.70	0.0045106	74.129	103.45	4.6090	0.78465	2.2181	221.10	0.57337	1.7034e-05	0.027269	supercritical
177.00	65.000	217.06	0.0046069	75.680	105.62	4.6213	0.77948	2.1374	222.74	0.57006	1.6977e-05	0.026968	supercritical
178.00	65.000	212.75	0.0047004	77.173	107.73	4.6331	0.77467	2.0659	224.34	0.56650	1.6931e-05	0.026700	supercritical
179.00	65.000	208.71	0.0047913	78.615	109.76	4.6445	0.77017	2.0020	225.90	0.56273	1.6894e-05	0.026462	supercritical
180.00	65.000	204.92	0.0048799	80.012	111.73	4.6555	0.76596	1.9446	227.44	0.55880	1.6867e-05	0.026250	supercritical
181.00	65.000	201.36	0.0049663	81.369	113.65	4.6661	0.76201	1.8927	228.94	0.55475	1.6847e-05	0.026061	supercritical
182.00	65.000	197.99	0.0050508	82.688	115.52	4.6764	0.75828	1.8456	230.42	0.55060	1.6833e-05	0.025892	supercritical
183.00	65.000	194.80	0.0051336	83.974	117.34	4.6864	0.75476	1.8026	231.87	0.54638	1.6826e-05	0.025740	supercritical
184.00	65.000	191.77	0.0052146	85.230	119.12	4.6961	0.75143	1.7632	233.29	0.54210	1.6823e-05	0.025604	supercritical
185.00	65.000	188.89	0.0052942	86.458	120.87	4.7056	0.74828	1.7269	234.69	0.53779	1.6825e-05	0.025483	supercritical
186.00	65.000	186.14	0.0053723	87.660	122.58	4.7148	0.74528	1.6935	236.07	0.53346	1.6831e-05	0.025374	supercritical
187.00	65.000	183.52	0.0054491	88.838	124.26	4.7238	0.74243	1.6625	237.42	0.52912	1.6841e-05	0.025277	supercritical
188.00	65.000	181.01	0.0055247	89.995	125.91	4.7326	0.73972	1.6337	238.76	0.52477	1.6854e-05	0.025191	supercritical
189.00	65.000	178.60	0.0055991	91.131	127.53	4.7412	0.73713	1.6069	240.07	0.52042	1.6870e-05	0.025114	supercritical
190.00	65.000	176.29	0.0056725	92.249	129.12	4.7496	0.73467	1.5819	241.37	0.51609	1.6888e-05	0.025046	supercritical
191.00	65.000	174.07	0.0057448	93.349	130.69	4.7578	0.73232	1.5585	242.64	0.51178	1.6910e-05	0.024986	supercritical
192.00	65.000	171.94	0.0058161	94.433	132.24	4.7659	0.73007	1.5366	243.90	0.50748	1.6933e-05	0.024933	supercritical
193.00	65.000	169.88	0.0058866	95.501	133.76	4.7739	0.72792	1.5160	245.14	0.50321	1.6958e-05	0.024887	supercritical
194.00	65.000	167.89	0.0059562	96.555	135.27	4.7816	0.72586	1.4966	246.36	0.49897	1.6986e-05	0.024848	supercritical
195.00	65.000	165.97	0.0060250	97.595	136.76	4.7893	0.72389	1.4783	247.57	0.49477	1.7015e-05	0.024814	supercritical
196.00	65.000	164.12	0.0060930	98.622	138.23	4.7968	0.72200	1.4610	248.76	0.49059	1.7045e-05	0.024785	supercritical
197.00	65.000	162.33	0.0061603	99.637	139.68	4.8042	0.72019	1.4447	249.94	0.48645	1.7077e-05	0.024762	supercritical
198.00	65.000	160.59	0.0062269	100.64	141.12	4.8115	0.71846	1.4292	251.10	0.48235	1.7111e-05	0.024743	supercritical
199.00	65.000	158.91	0.0062929	101.63	142.54	4.8186	0.71679	1.4145	252.25	0.47828	1.7145e-05	0.024728	supercritical
200.00	65.000	157.28	0.0063582	102.62	143.95	4.8257	0.71519	1.4006	253.39	0.47426	1.7181e-05	0.024717	supercritical
201.00	65.000	155.69	0.0064229	103.59	145.34	4.8326	0.71366	1.3873	254.51	0.47027	1.7218e-05	0.024711	supercritical
202.00	65.000	154.15	0.0064870	104.55	146.72	4.8395	0.71218	1.3746	255.63	0.46633	1.7256e-05	0.024707	supercritical
203.00	65.000	152.66	0.0065506	105.51	148.09	4.8463	0.71076	1.3626	256.72	0.46242	1.7295e-05	0.024707	supercritical
204.00	65.000	151.20	0.0066136	106.46	149.45	4.8529	0.70939	1.3511	257.81	0.45856	1.7334e-05	0.024710	supercritical
205.00	65.000	149.79	0.0066762	107.40	150.79	4.8595	0.70808	1.3401	258.89	0.45474	1.7375e-05	0.024716	supercritical
206.00	65.000	148.41	0.0067382	108.33	152.13	4.8660	0.70681	1.3296	259.95	0.45096	1.7416e-05	0.024725	supercritical
207.00	65.000	147.06	0.0067998	109.25	153.45	4.8724	0.70559	1.3196	261.01	0.44722	1.7458e-05	0.024736	supercritical
208.00	65.000	145.75	0.0068610	110.17	154.77	4.8787	0.70442	1.3099	262.05	0.44352	1.7500e-05	0.024750	supercritical
209.00	65.000	144.47	0.0069217	111.08	156.07	4.8850	0.70328	1.3007	263.09	0.43986	1.7543e-05	0.024766	supercritical
210.00	65.000	143.23	0.0069820	111.98	157.37	4.8912	0.70219	1.2919	264.11	0.43625	1.7587e-05	0.024784	supercritical
211.00	65.000	142.01	0.0070418	112.88	158.65	4.8973	0.70114	1.2833	265.13	0.43267	1.7631e-05	0.024804	supercritical
212.00	65.000	140.82	0.0071013	113.78	159.93	4.9034	0.70013	1.2752	266.13	0.42914	1.7676e-05	0.024826	supercritical
213.00	65.000	139.66	0.0071605	114.66	161.21	4.9093	0.69915	1.2673	267.13	0.42564	1.7721e-05	0.024850	supercritical
214.00	65.000	138.52	0.0072192	115.54	162.47	4.9153	0.69820	1.2598	268.12	0.42219	1.7767e-05	0.024876	supercritical
215.00	65.000	137.41	0.0072776	116.42	163.72	4.9211	0.69729	1.2525	269.10	0.41877	1.7813e-05	0.024903	supercritical
216.00	65.000	136.32	0.0073357	117.29	164.97	4.9269	0.69641	1.2455	270.07	0.41539	1.7859e-05	0.024932	supercritical
217.00	65.000	135.25	0.0073935	118.16	166.22	4.9327	0.69556	1.2387	271.03	0.41205	1.7906e-05	0.024963	supercritical
218.00	65.000	134.21	0.0074509	119.02	167.45	4.9383	0.69474	1.2322	271.99	0.40875	1.7953e-05	0.024994	supercritical
219.00	65.000	133.19	0.0075080	119.88	168.68	4.9440	0.69394	1.2259	272.93	0.40549	1.8001e-05	0.025028	supercritical
220.00	65.000	132.19	0.0075649	120.73	169.90	4.9495	0.69318	1.2198	273.88	0.40226	1.8049e-05	0.025062	supercritical
221.00	65.000	131.21	0.0076214	121.58	171.12	4.9550	0.69243	1.2139	274.81	0.39907	1.8097e-05	0.025098	supercritical
222.00	65.000	130.25	0.0076777	122.43	172.33	4.9605	0.69172	1.2082	275.73	0.39592	1.8145e-05	0.025135	supercritical
223.00	65.000	129.30	0.0077337	123.27	173.54	4.9659	0.69102	1.2027	276.65	0.39280	1.8194e-05	0.025173	supercritical
224.00	65.000	128.38	0.0077894	124.11	174.74	4.9713	0.69035	1.1974	277.56	0.38972	1.8243e-05	0.025212	supercritical
225.00	65.000	127.47	0.0078449	124.94	175.93	4.9766	0.68971	1.1923	278.47	0.38667	1.8292e-05	0.025252	supercritical
226.00	65.000	126.58	0.0079001	125.77	177.12	4.9819	0.68908	1.1873	279.37	0.38365	1.8341e-05	0.025293	supercritical
227.00	65.000	125.71	0.0079551	126.60	178.31	4.9871	0.68847	1.1824	280.26	0.38067	1.8390e-05	0.025335	supercritical
228.00	65.000	124.85	0.0080099	127.42	179.49	4.9923	0.68789	1.1778	281.15	0.37773	1.8440e-05	0.025378	supercritical
229.00	65.000	124.00	0.0080644	128.24	180.66	4.9975	0.68732	1.1732	282.03	0.37481	1.8490e-05	0.025421	supercritical
230.00	65.000	123.17	0.0081187	129.06	181.83	5.0026	0.68677	1.1688	282.90	0.37193	1.8540e-05	0.025466	supercritical
231.00	65.000	122.36	0.0081728	129.88	183.00	5.0076	0.68624	1.1645	283.77	0.36908	1.8590e-05	0.025511	supercritical
232.00	65.000	121.56	0.0082267	130.69	184.16	5.0126	0.68573	1.1604	284.63	0.36626	1.8640e-05	0.025557	supercritical
233.00	65.000	120.77	0.0082804	131.50	185.32	5.0176	0.68523	1.1563	285.49	0.36347	1.8691e-05	0.025604	supercritical
234.00	65.000	119.99	0.0083339	132.30	186.47	5.0226	0.68475	1.1524	286.34	0.36071	1.8741e-05	0.025652	supercritical
235.00	65.000	119.23	0.0083871	133.11	187.62	5.0275	0.68428	1.1486	287.18	0.35798	1.8792e-05	0.025700	supercritical
236.00	65.000	118.48	0.0084402	133.91	188.77	5.0323	0.68383	1.1449	288.02	0.35528	1.8843e-05	0.025749	supercritical
237.00	65.000	117.74	0.0084931	134.71	189.91	5.0372	0.68340	1.1413	288.86	0.35261	1.8894e-05	0.025798	supercritical
238.00	65.000	117.02	0.0085459	135.51	191.05	5.0420	0.68297	1.1378	289.69	0.34997	1.8944e-05	0.025848	supercritical
239.00	65.000	116.30	0.0085984	136.30	192.19	5.0467	0.68257	1.1344	290.51	0.34735	1.8996e-05	0.025899	supercritical
240.00	65.000	115.60	0.0086508	137.09	193.32	5.0515	0.68217	1.1311	291.33	0.34477	1.9047e-05	0.025950	supercritical
241.00	65.000	114.90	0.0087030	137.88	194.45	5.0562	0.68179	1.1279	292.15	0.34221	1.9098e-05	0.026002	supercritical
242.00	65.000	114.22	0.0087550	138.67	195.58	5.0608	0.68142	1.1247	292.96	0.33967	1.9149e-05	0.026054	supercritical
243.00	65.000	113.55	0.0088069	139.46	196.70	5.0655	0.68106	1.1217	293.76	0.33717	1.9201e-05	0.026107	supercritical
244.00	65.000	112.88	0.0088587	140.24	197.82	5.0701	0.68072	1.1187	294.56	0.33469	1.9252e-05	0.026160	supercritical
245.00	65.000	112.23	0.0089102	141.02	198.94	5.0746	0.68038	1.1158	295.36	0.33223	1.9304e-05	0.026213	supercritical
246.00	65.000	111.59	0.0089617	141.80	200.05	5.0792	0.68006	1.1129	296.15	0.32980	1.9355e-05	0.026267	supercritical
247.00	65.000	110.95	0.0090129	142.58	201.17	5.0837	0.67975	1.1102	296.94	0.32740	1.9407e-05	0.026322	supercritical
248.00	65.000	110.33	0.0090641	143.36	202.27	5.0882	0.67945	1.1075	297.72	0.32502	1.9458e-05	0.026377	supercritical
249.00	65.000	109.71	0.0091151	144.13	203.38	5.0926	0.67915	1.1048	298.50	0.32266	1.9510e-05	0.026432	supercritical
250.00	65.000	109.10	0.0091659	144.91	204.48	5.0970	0.67887	1.1023	299.28	0.32033	1.9562e-05	0.026488	supercritical
251.00	65.000	108.50	0.0092166	145.68	205.58	5.1014	0.67860	1.0998	300.05	0.31802	1.9614e-05	0.026544	supercritical
252.00	65.000	107.91	0.0092672	146.45	206.68	5.1058	0.67834	1.0973	300.82	0.31574	1.9665e-05	0.026600	supercritical
253.00	65.000	107.32	0.0093177	147.21	207.78	5.1101	0.67809	1.0949	301.58	0.31347	1.9717e-05	0.026657	supercritical
254.00	65.000	106.75	0.0093680	147.98	208.87	5.1145	0.67784	1.0926	302.34	0.31123	1.9769e-05	0.026714	supercritical
255.00	65.000	106.18	0.0094182	148.75	209.96	5.1187	0.67761	1.0903	303.09	0.30901	1.9821e-05	0.026771	supercritical
256.00	65.000	105.62	0.0094683	149.51	211.05	5.1230	0.67738	1.0881	303.85	0.30681	1.9873e-05	0.026829	supercritical
257.00	65.000	105.06	0.0095183	150.27	212.14	5.1272	0.67716	1.0859	304.59	0.30464	1.9925e-05	0.026887	supercritical
258.00	65.000	104.51	0.0095681	151.03	213.23	5.1315	0.67695	1.0838	305.34	0.30248	1.9977e-05	0.026945	supercritical
259.00	65.000	103.97	0.0096179	151.79	214.31	5.1356	0.67675	1.0817	306.08	0.30035	2.0029e-05	0.027004	supercritical
260.00	65.000	103.44	0.0096675	152.55	215.39	5.1398	0.67655	1.0797	306.82	0.29823	2.0081e-05	0.027062	supercritical
261.00	65.000	102.91	0.0097170	153.31	216.47	5.1440	0.67637	1.0777	307.55	0.29614	2.0133e-05	0.027122	supercritical
262.00	65.000	102.39	0.0097664	154.06	217.54	5.1481	0.67619	1.0758	308.28	0.29407	2.0185e-05	0.027181	supercritical
263.00	65.000	101.88	0.0098157	154.82	218.62	5.1522	0.67601	1.0739	309.01	0.29201	2.0236e-05	0.027240	supercritical
264.00	65.000	101.37	0.0098649	155.57	219.69	5.1562	0.67585	1.0721	309.73	0.28998	2.0288e-05	0.027300	supercritical
265.00	65.000	100.87	0.0099140	156.32	220.76	5.1603	0.67569	1.0702	310.45	0.28796	2.0340e-05	0.027360	supercritical
266.00	65.000	100.37	0.0099630	157.07	221.83	5.1643	0.67554	1.0685	311.17	0.28596	2.0392e-05	0.027420	supercritical
267.00	65.000	99.881	0.010012	157.82	222.90	5.1683	0.67539	1.0667	311.88	0.28398	2.0444e-05	0.027481	supercritical
268.00	65.000	99.397	0.010061	158.57	223.97	5.1723	0.67525	1.0650	312.59	0.28202	2.0496e-05	0.027542	supercritical
269.00	65.000	98.918	0.010109	159.32	225.03	5.1763	0.67512	1.0634	313.30	0.28008	2.0548e-05	0.027602	supercritical
270.00	65.000	98.445	0.010158	160.07	226.09	5.1802	0.67500	1.0618	314.00	0.27816	2.0600e-05	0.027664	supercritical
271.00	65.000	97.977	0.010206	160.81	227.15	5.1841	0.67488	1.0602	314.70	0.27625	2.0652e-05	0.027725	supercritical
272.00	65.000	97.514	0.010255	161.56	228.21	5.1880	0.67476	1.0586	315.40	0.27436	2.0704e-05	0.027786	supercritical
273.00	65.000	97.057	0.010303	162.30	229.27	5.1919	0.67465	1.0571	316.09	0.27248	2.0756e-05	0.027848	supercritical
274.00	65.000	96.604	0.010351	163.04	230.33	5.1958	0.67455	1.0556	316.79	0.27063	2.0808e-05	0.027910	supercritical
275.00	65.000	96.157	0.010400	163.78	231.38	5.1996	0.67445	1.0541	317.48	0.26879	2.0860e-05	0.027971	supercritical
276.00	65.000	95.714	0.010448	164.53	232.44	5.2034	0.67436	1.0527	318.16	0.26696	2.0911e-05	0.028034	supercritical
277.00	65.000	95.277	0.010496	165.27	233.49	5.2073	0.67428	1.0513	318.85	0.26515	2.0963e-05	0.028096	supercritical
278.00	65.000	94.844	0.010544	166.01	234.54	5.2110	0.67420	1.0499	319.53	0.26336	2.1015e-05	0.028158	supercritical
279.00	65.000	94.415	0.010591	166.74	235.59	5.2148	0.67412	1.0486	320.20	0.26159	2.1067e-05	0.028221	supercritical
280.00	65.000	93.992	0.010639	167.48	236.64	5.2186	0.67405	1.0473	320.88	0.25982	2.1118e-05	0.028283	supercritical
281.00	65.000	93.572	0.010687	168.22	237.68	5.2223	0.67399	1.0460	321.55	0.25808	2.1170e-05	0.028346	supercritical
282.00	65.000	93.157	0.010735	168.95	238.73	5.2260	0.67393	1.0447	322.22	0.25635	2.1222e-05	0.028409	supercritical
283.00	65.000	92.747	0.010782	169.69	239.77	5.2297	0.67387	1.0435	322.89	0.25463	2.1274e-05	0.028472	supercritical
284.00	65.000	92.340	0.010829	170.42	240.81	5.2334	0.67382	1.0423	323.55	0.25293	2.1325e-05	0.028535	supercritical
285.00	65.000	91.938	0.010877	171.16	241.86	5.2370	0.67378	1.0411	324.22	0.25124	2.1377e-05	0.028599	supercritical
286.00	65.000	91.540	0.010924	171.89	242.90	5.2407	0.67374	1.0399	324.87	0.24957	2.1428e-05	0.028662	supercritical
287.00	65.000	91.146	0.010971	172.62	243.94	5.2443	0.67370	1.0388	325.53	0.24791	2.1480e-05	0.028726	supercritical
288.00	65.000	90.756	0.011019	173.35	244.97	5.2479	0.67367	1.0377	326.19	0.24627	2.1531e-05	0.028789	supercritical
289.00	65.000	90.370	0.011066	174.08	246.01	5.2515	0.67364	1.0366	326.84	0.24464	2.1583e-05	0.028853	supercritical
290.00	65.000	89.987	0.011113	174.82	247.05	5.2551	0.67362	1.0355	327.49	0.24302	2.1634e-05	0.028917	supercritical
291.00	65.000	89.608	0.011160	175.54	248.08	5.2587	0.67360	1.0344	328.13	0.24141	2.1686e-05	0.028981	supercritical
292.00	65.000	89.233	0.011207	176.27	249.12	5.2622	0.67359	1.0334	328.78	0.23982	2.1737e-05	0.029045	supercritical
293.00	65.000	88.862	0.011253	177.00	250.15	5.2657	0.67358	1.0324	329.42	0.23825	2.1789e-05	0.029109	supercritical
294.00	65.000	88.494	0.011300	177.73	251.18	5.2692	0.67357	1.0314	330.06	0.23668	2.1840e-05	0.029173	supercritical
295.00	65.000	88.130	0.011347	178.46	252.21	5.2727	0.67357	1.0304	330.70	0.23513	2.1891e-05	0.029237	supercritical
296.00	65.000	87.769	0.011394	179.18	253.24	5.2762	0.67357	1.0295	331.33	0.23359	2.1943e-05	0.029301	supercritical
297.00	65.000	87.412	0.011440	179.91	254.27	5.2797	0.67358	1.0285	331.97	0.23206	2.1994e-05	0.029366	supercritical
298.00	65.000	87.058	0.011487	180.64	255.30	5.2832	0.67359	1.0276	332.60	0.23054	2.2045e-05	0.029430	supercritical
299.00	65.000	86.707	0.011533	181.36	256.33	5.2866	0.67360	1.0267	333.23	0.22904	2.2096e-05	0.029494	supercritical
300.00	65.000	86.359	0.011580	182.09	257.35	5.2900	0.67362	1.0259	333.85	0.22755	2.2147e-05	0.029559	supercritical
301.00	65.000	86.015	0.011626	182.81	258.38	5.2934	0.67364	1.0250	334.48	0.22607	2.2198e-05	0.029623	supercritical
302.00	65.000	85.674	0.011672	183.53	259.40	5.2968	0.67366	1.0241	335.10	0.22460	2.2249e-05	0.029688	supercritical
303.00	65.000	85.336	0.011718	184.26	260.43	5.3002	0.67369	1.0233	335.72	0.22315	2.2300e-05	0.029752	supercritical
304.00	65.000	85.001	0.011765	184.98	261.45	5.3036	0.67372	1.0225	336.34	0.22170	2.2351e-05	0.029817	supercritical
305.00	65.000	84.669	0.011811	185.70	262.47	5.3070	0.67376	1.0217	336.95	0.22027	2.2402e-05	0.029881	supercritical
306.00	65.000	84.340	0.011857	186.42	263.49	5.3103	0.67380	1.0209	337.57	0.21885	2.2453e-05	0.029946	supercritical
307.00	65.000	84.014	0.011903	187.15	264.51	5.3136	0.67384	1.0202	338.18	0.21743	2.2504e-05	0.030010	supercritical
308.00	65.000	83.691	0.011949	187.87	265.53	5.3169	0.67389	1.0194	338.79	0.21603	2.2555e-05	0.030074	supercritical
309.00	65.000	83.370	0.011995	188.59	266.55	5.3202	0.67394	1.0187	339.40	0.21464	2.2606e-05	0.030136	supercritical
310.00	65.000	83.053	0.012041	189.31	267.57	5.3235	0.67399	1.0180	340.00	0.21326	2.2656e-05	0.030200	supercritical
311.00	65.000	82.738	0.012086	190.03	268.59	5.3268	0.67404	1.0172	340.61	0.21190	2.2707e-05	0.030267	supercritical
312.00	65.000	82.426	0.012132	190.75	269.61	5.3301	0.67410	1.0166	341.21	0.21054	2.2758e-05	0.030333	supercritical
313.00	65.000	82.116	0.012178	191.47	270.62	5.3333	0.67417	1.0159	341.81	0.20919	2.2808e-05	0.030399	supercritical
314.00	65.000	81.809	0.012224	192.18	271.64	5.3366	0.67423	1.0152	342.41	0.20785	2.2859e-05	0.030466	supercritical
315.00	65.000	81.505	0.012269	192.90	272.65	5.3398	0.67430	1.0146	343.00	0.20652	2.2909e-05	0.030532	supercritical
316.00	65.000	81.203	0.012315	193.62	273.67	5.3430	0.67437	1.0139	343.60	0.20520	2.2960e-05	0.030599	supercritical
317.00	65.000	80.904	0.012360	194.34	274.68	5.3462	0.67445	1.0133	344.19	0.20390	2.3010e-05	0.030665	supercritical
318.00	65.000	80.608	0.012406	195.06	275.69	5.3494	0.67452	1.0127	344.78	0.20260	2.3061e-05	0.030732	supercritical
319.00	65.000	80.313	0.012451	195.77	276.71	5.3526	0.67460	1.0121	345.37	0.20131	2.3111e-05	0.030798	supercritical
320.00	65.000	80.022	0.012497	196.49	277.72	5.3557	0.67469	1.0115	345.95	0.20003	2.3161e-05	0.030865	supercritical
321.00	65.000	79.732	0.012542	197.21	278.73	5.3589	0.67477	1.0109	346.54	0.19876	2.3212e-05	0.030931	supercritical
322.00	65.000	79.445	0.012587	197.92	279.74	5.3620	0.67486	1.0103	347.12	0.19750	2.3262e-05	0.030998	supercritical
323.00	65.000	79.161	0.012633	198.64	280.75	5.3652	0.67496	1.0098	347.70	0.19625	2.3312e-05	0.031065	supercritical
324.00	65.000	78.878	0.012678	199.35	281.76	5.3683	0.67505	1.0092	348.28	0.19500	2.3362e-05	0.031131	supercritical
325.00	65.000	78.598	0.012723	200.07	282.77	5.3714	0.67515	1.0087	348.86	0.19377	2.3412e-05	0.031198	supercritical
326.00	65.000	78.320	0.012768	200.78	283.78	5.3745	0.67525	1.0082	349.44	0.19255	2.3462e-05	0.031265	supercritical
327.00	65.000	78.045	0.012813	201.50	284.78	5.3776	0.67535	1.0077	350.01	0.19133	2.3512e-05	0.031331	supercritical
328.00	65.000	77.771	0.012858	202.21	285.79	5.3807	0.67546	1.0072	350.59	0.19012	2.3562e-05	0.031398	supercritical
329.00	65.000	77.500	0.012903	202.93	286.80	5.3837	0.67557	1.0067	351.16	0.18892	2.3612e-05	0.031465	supercritical
330.00	65.000	77.231	0.012948	203.64	287.80	5.3868	0.67568	1.0062	351.73	0.18773	2.3662e-05	0.031532	supercritical
331.00	65.000	76.963	0.012993	204.35	288.81	5.3898	0.67579	1.0058	352.29	0.18655	2.3712e-05	0.031599	supercritical
332.00	65.000	76.698	0.013038	205.07	289.82	5.3929	0.67591	1.0053	352.86	0.18538	2.3762e-05	0.031665	supercritical
333.00	65.000	76.435	0.013083	205.78	290.82	5.3959	0.67603	1.0048	353.43	0.18421	2.3811e-05	0.031732	supercritical
334.00	65.000	76.174	0.013128	206.50	291.83	5.3989	0.67615	1.0044	353.99	0.18306	2.3861e-05	0.031799	supercritical
335.00	65.000	75.915	0.013173	207.21	292.83	5.4019	0.67627	1.0040	354.55	0.18191	2.3911e-05	0.031866	supercritical
336.00	65.000	75.658	0.013217	207.92	293.83	5.4049	0.67640	1.0036	355.11	0.18077	2.3960e-05	0.031933	supercritical
337.00	65.000	75.403	0.013262	208.63	294.84	5.4079	0.67653	1.0031	355.67	0.17963	2.4010e-05	0.032000	supercritical
338.00	65.000	75.150	0.013307	209.35	295.84	5.4108	0.67666	1.0027	356.23	0.17851	2.4059e-05	0.032067	supercritical
339.00	65.000	74.899	0.013351	210.06	296.84	5.4138	0.67679	1.0024	356.78	0.17739	2.4109e-05	0.032133	supercritical
340.00	65.000	74.649	0.013396	210.77	297.84	5.4168	0.67693	1.0020	357.33	0.17628	2.4158e-05	0.032200	supercritical
341.00	65.000	74.402	0.013441	211.48	298.85	5.4197	0.67707	1.0016	357.89	0.17518	2.4208e-05	0.032267	supercritical
342.00	65.000	74.156	0.013485	212.19	299.85	5.4226	0.67721	1.0012	358.44	0.17408	2.4257e-05	0.032334	supercritical
343.00	65.000	73.912	0.013530	212.91	300.85	5.4256	0.67735	1.0009	358.99	0.17300	2.4306e-05	0.032401	supercritical
344.00	65.000	73.670	0.013574	213.62	301.85	5.4285	0.67750	1.0005	359.53	0.17192	2.4356e-05	0.032468	supercritical
345.00	65.000	73.429	0.013619	214.33	302.85	5.4314	0.67764	1.0002	360.08	0.17085	2.4405e-05	0.032535	supercritical
346.00	65.000	73.191	0.013663	215.04	303.85	5.4343	0.67779	0.99984	360.63	0.16978	2.4454e-05	0.032602	supercritical
347.00	65.000	72.954	0.013707	215.75	304.85	5.4372	0.67795	0.99952	361.17	0.16872	2.4503e-05	0.032669	supercritical
348.00	65.000	72.718	0.013752	216.46	305.85	5.4400	0.67810	0.99920	361.71	0.16767	2.4552e-05	0.032736	supercritical
349.00	65.000	72.485	0.013796	217.17	306.85	5.4429	0.67826	0.99889	362.25	0.16663	2.4601e-05	0.032803	supercritical
350.00	65.000	72.253	0.013840	217.88	307.85	5.4458	0.67841	0.99858	362.79	0.16559	2.4650e-05	0.032870	supercritical
351.00	65.000	72.023	0.013885	218.60	308.85	5.4486	0.67857	0.99829	363.33	0.16456	2.4699e-05	0.032937	supercritical
352.00	65.000	71.794	0.013929	219.31	309.84	5.4514	0.67874	0.99800	363.86	0.16354	2.4748e-05	0.033004	supercritical
353.00	65.000	71.567	0.013973	220.02	310.84	5.4543	0.67890	0.99772	364.40	0.16252	2.4797e-05	0.033071	supercritical
354.00	65.000	71.341	0.014017	220.73	311.84	5.4571	0.67907	0.99744	364.93	0.16151	2.4846e-05	0.033138	supercritical
355.00	65.000	71.118	0.014061	221.44	312.84	5.4599	0.67924	0.99718	365.46	0.16051	2.4894e-05	0.033205	supercritical
356.00	65.000	70.895	0.014105	222.15	313.83	5.4627	0.67941	0.99692	366.00	0.15951	2.4943e-05	0.033272	supercritical
357.00	65.000	70.674	0.014149	222.86	314.83	5.4655	0.67958	0.99666	366.52	0.15852	2.4992e-05	0.033339	supercritical
358.00	65.000	70.455	0.014193	223.57	315.83	5.4683	0.67975	0.99642	367.05	0.15754	2.5040e-05	0.033406	supercritical
359.00	65.000	70.237	0.014237	224.28	316.82	5.4711	0.67993	0.99618	367.58	0.15656	2.5089e-05	0.033473	supercritical
360.00	65.000	70.021	0.014281	224.99	317.82	5.4738	0.68011	0.99594	368.11	0.15559	2.5137e-05	0.033540	supercritical
361.00	65.000	69.806	0.014325	225.70	318.81	5.4766	0.68029	0.99572	368.63	0.15463	2.5186e-05	0.033607	supercritical
362.00	65.000	69.593	0.014369	226.41	319.81	5.4794	0.68047	0.99550	369.15	0.15367	2.5234e-05	0.033673	supercritical
363.00	65.000	69.381	0.014413	227.12	320.81	5.4821	0.68065	0.99528	369.67	0.15272	2.5283e-05	0.033740	supercritical
364.00	65.000	69.170	0.014457	227.83	321.80	5.4848	0.68084	0.99507	370.19	0.15177	2.5331e-05	0.033807	supercritical
365.00	65.000	68.961	0.014501	228.54	322.80	5.4876	0.68103	0.99487	370.71	0.15083	2.5379e-05	0.033874	supercritical
366.00	65.000	68.753	0.014545	229.25	323.79	5.4903	0.68122	0.99467	371.23	0.14990	2.5427e-05	0.033941	supercritical
367.00	65.000	68.547	0.014589	229.96	324.79	5.4930	0.68141	0.99448	371.75	0.14897	2.5476e-05	0.034008	supercritical
368.00	65.000	68.341	0.014632	230.67	325.78	5.4957	0.68160	0.99430	372.26	0.14805	2.5524e-05	0.034075	supercritical
369.00	65.000	68.138	0.014676	231.38	326.77	5.4984	0.68180	0.99412	372.78	0.14713	2.5572e-05	0.034142	supercritical
370.00	65.000	67.935	0.014720	232.09	327.77	5.5011	0.68199	0.99395	373.29	0.14622	2.5620e-05	0.034209	supercritical
371.00	65.000	67.734	0.014764	232.80	328.76	5.5038	0.68219	0.99378	373.80	0.14532	2.5668e-05	0.034276	supercritical
372.00	65.000	67.534	0.014807	233.51	329.76	5.5065	0.68239	0.99362	374.31	0.14442	2.5716e-05	0.034343	supercritical
373.00	65.000	67.336	0.014851	234.22	330.75	5.5091	0.68259	0.99346	374.82	0.14352	2.5764e-05	0.034410	supercritical
374.00	65.000	67.139	0.014895	234.93	331.74	5.5118	0.68279	0.99331	375.33	0.14264	2.5812e-05	0.034476	supercritical
375.00	65.000	66.943	0.014938	235.64	332.74	5.5144	0.68300	0.99316	375.84	0.14175	2.5860e-05	0.034543	supercritical
376.00	65.000	66.748	0.014982	236.35	333.73	5.5171	0.68320	0.99302	376.34	0.14088	2.5907e-05	0.034610	supercritical
377.00	65.000	66.555	0.015025	237.06	334.72	5.5197	0.68341	0.99289	376.85	0.14001	2.5955e-05	0.034677	supercritical
378.00	65.000	66.362	0.015069	237.77	335.71	5.5224	0.68362	0.99276	377.35	0.13914	2.6003e-05	0.034744	supercritical
379.00	65.000	66.171	0.015112	238.48	336.71	5.5250	0.68383	0.99263	377.85	0.13828	2.6050e-05	0.034811	supercritical
380.00	65.000	65.981	0.015156	239.19	337.70	5.5276	0.68404	0.99251	378.35	0.13742	2.6098e-05	0.034878	supercritical
381.00	65.000	65.793	0.015199	239.90	338.69	5.5302	0.68426	0.99240	378.85	0.13657	2.6146e-05	0.034944	supercritical
382.00	65.000	65.605	0.015243	240.61	339.68	5.5328	0.68447	0.99229	379.35	0.13573	2.6193e-05	0.035011	supercritical
383.00	65.000	65.419	0.015286	241.32	340.68	5.5354	0.68469	0.99218	379.85	0.13489	2.6241e-05	0.035078	supercritical
384.00	65.000	65.234	0.015329	242.03	341.67	5.5380	0.68491	0.99208	380.35	0.13406	2.6288e-05	0.035145	supercritical
385.00	65.000	65.050	0.015373	242.74	342.66	5.5406	0.68513	0.99198	380.84	0.13323	2.6335e-05	0.035211	supercritical
386.00	65.000	64.867	0.015416	243.45	343.65	5.5431	0.68535	0.99189	381.34	0.13240	2.6383e-05	0.035278	supercritical
387.00	65.000	64.685	0.015460	244.16	344.64	5.5457	0.68557	0.99181	381.83	0.13158	2.6430e-05	0.035345	supercritical
388.00	65.000	64.504	0.015503	244.87	345.64	5.5483	0.68580	0.99172	382.32	0.13077	2.6477e-05	0.035412	supercritical
389.00	65.000	64.325	0.015546	245.58	346.63	5.5508	0.68602	0.99164	382.82	0.12996	2.6524e-05	0.035478	supercritical
390.00	65.000	64.146	0.015589	246.29	347.62	5.5534	0.68625	0.99157	383.31	0.12916	2.6572e-05	0.035545	supercritical
391.00	65.000	63.969	0.015633	247.00	348.61	5.5559	0.68648	0.99150	383.80	0.12836	2.6619e-05	0.035612	supercritical
392.00	65.000	63.792	0.015676	247.71	349.60	5.5584	0.68671	0.99144	384.28	0.12756	2.6666e-05	0.035678	supercritical
393.00	65.000	63.617	0.015719	248.42	350.59	5.5610	0.68694	0.99137	384.77	0.12677	2.6713e-05	0.035745	supercritical
394.00	65.000	63.443	0.015762	249.13	351.59	5.5635	0.68717	0.99132	385.26	0.12599	2.6760e-05	0.035812	supercritical
395.00	65.000	63.269	0.015805	249.84	352.58	5.5660	0.68740	0.99126	385.74	0.12521	2.6807e-05	0.035878	supercritical
396.00	65.000	63.097	0.015849	250.55	353.57	5.5685	0.68764	0.99121	386.23	0.12443	2.6854e-05	0.035945	supercritical
397.00	65.000	62.926	0.015892	251.26	354.56	5.5710	0.68787	0.99117	386.71	0.12366	2.6901e-05	0.036012	supercritical
398.00	65.000	62.756	0.015935	251.97	355.55	5.5735	0.68811	0.99113	387.19	0.12289	2.6947e-05	0.036078	supercritical
399.00	65.000	62.586	0.015978	252.69	356.54	5.5760	0.68835	0.99109	387.67	0.12213	2.6994e-05	0.036145	supercritical
400.00	65.000	62.418	0.016021	253.40	357.53	5.5785	0.68859	0.99106	388.15	0.12137	2.7041e-05	0.036211	supercritical
401.00	65.000	62.251	0.016064	254.11	358.52	5.5809	0.68883	0.99103	388.63	0.12062	2.7088e-05	0.036278	supercritical
402.00	65.000	62.085	0.016107	254.82	359.51	5.5834	0.68907	0.99100	389.11	0.11987	2.7134e-05	0.036344	supercritical
403.00	65.000	61.919	0.016150	255.53	360.51	5.5859	0.68931	0.99098	389.59	0.11912	2.7181e-05	0.036411	supercritical
404.00	65.000	61.755	0.016193	256.24	361.50	5.5883	0.68956	0.99096	390.06	0.11838	2.7227e-05	0.036477	supercritical
405.00	65.000	61.591	0.016236	256.95	362.49	5.5908	0.68980	0.99095	390.54	0.11765	2.7274e-05	0.036544	supercritical
406.00	65.000	61.429	0.016279	257.66	363.48	5.5932	0.69005	0.99094	391.01	0.11692	2.7320e-05	0.036610	supercritical
407.00	65.000	61.267	0.016322	258.38	364.47	5.5957	0.69030	0.99093	391.48	0.11619	2.7367e-05	0.036677	supercritical
408.00	65.000	61.107	0.016365	259.09	365.46	5.5981	0.69054	0.99092	391.96	0.11547	2.7413e-05	0.036743	supercritical
409.00	65.000	60.947	0.016408	259.80	366.45	5.6005	0.69079	0.99092	392.43	0.11475	2.7459e-05	0.036810	supercritical
410.00	65.000	60.788	0.016451	260.51	367.44	5.6029	0.69105	0.99092	392.90	0.11403	2.7506e-05	0.036876	supercritical
411.00	65.000	60.630	0.016494	261.23	368.43	5.6053	0.69130	0.99093	393.37	0.11332	2.7552e-05	0.036942	supercritical
412.00	65.000	60.473	0.016536	261.94	369.42	5.6077	0.69155	0.99094	393.84	0.11262	2.7598e-05	0.037009	supercritical
413.00	65.000	60.316	0.016579	262.65	370.41	5.6102	0.69180	0.99095	394.30	0.11191	2.7644e-05	0.037075	supercritical
414.00	65.000	60.161	0.016622	263.36	371.41	5.6125	0.69206	0.99097	394.77	0.11122	2.7690e-05	0.037141	supercritical
415.00	65.000	60.007	0.016665	264.08	372.40	5.6149	0.69232	0.99099	395.24	0.11052	2.7737e-05	0.037208	supercritical
416.00	65.000	59.853	0.016708	264.79	373.39	5.6173	0.69257	0.99101	395.70	0.10983	2.7783e-05	0.037274	supercritical
417.00	65.000	59.700	0.016750	265.50	374.38	5.6197	0.69283	0.99103	396.17	0.10914	2.7829e-05	0.037340	supercritical
418.00	65.000	59.548	0.016793	266.21	375.37	5.6221	0.69309	0.99106	396.63	0.10846	2.7875e-05	0.037406	supercritical
419.00	65.000	59.397	0.016836	266.93	376.36	5.6244	0.69335	0.99109	397.09	0.10778	2.7920e-05	0.037473	supercritical
420.00	65.000	59.247	0.016879	267.64	377.35	5.6268	0.69361	0.99112	397.55	0.10711	2.7966e-05	0.037539	supercritical
421.00	65.000	59.097	0.016921	268.35	378.34	5.6292	0.69387	0.99116	398.01	0.10644	2.8012e-05	0.037605	supercritical
422.00	65.000	58.948	0.016964	269.07	379.33	5.6315	0.69413	0.99120	398.47	0.10577	2.8058e-05	0.037671	supercritical
423.00	65.000	58.800	0.017007	269.78	380.33	5.6339	0.69440	0.99124	398.93	0.10511	2.8104e-05	0.037737	supercritical
424.00	65.000	58.653	0.017049	270.50	381.32	5.6362	0.69466	0.99129	399.39	0.10445	2.8149e-05	0.037803	supercritical
425.00	65.000	58.507	0.017092	271.21	382.31	5.6385	0.69493	0.99134	399.85	0.10379	2.8195e-05	0.037869	supercritical
426.00	65.000	58.361	0.017135	271.92	383.30	5.6409	0.69519	0.99139	400.30	0.10314	2.8241e-05	0.037935	supercritical
427.00	65.000	58.217	0.017177	272.64	384.29	5.6432	0.69546	0.99144	400.76	0.10249	2.8286e-05	0.038002	supercritical
428.00	65.000	58.073	0.017220	273.35	385.28	5.6455	0.69573	0.99150	401.21	0.10185	2.8332e-05	0.038068	supercritical
429.00	65.000	57.929	0.017262	274.07	386.27	5.6478	0.69600	0.99156	401.67	0.10120	2.8377e-05	0.038134	supercritical
430.00	65.000	57.787	0.017305	274.78	387.27	5.6501	0.69627	0.99162	402.12	0.10057	2.8423e-05	0.038200	supercritical
431.00	65.000	57.645	0.017348	275.50	388.26	5.6524	0.69654	0.99168	402.57	0.099932	2.8468e-05	0.038266	supercritical
432.00	65.000	57.504	0.017390	276.21	389.25	5.6547	0.69681	0.99175	403.02	0.099301	2.8513e-05	0.038332	supercritical
433.00	65.000	57.364	0.017433	276.93	390.24	5.6570	0.69708	0.99182	403.47	0.098674	2.8559e-05	0.038397	supercritical
434.00	65.000	57.224	0.017475	277.64	391.23	5.6593	0.69735	0.99189	403.92	0.098050	2.8604e-05	0.038463	supercritical
435.00	65.000	57.085	0.017518	278.36	392.22	5.6616	0.69762	0.99196	404.37	0.097430	2.8649e-05	0.038529	supercritical
436.00	65.000	56.947	0.017560	279.08	393.22	5.6639	0.69790	0.99204	404.82	0.096813	2.8695e-05	0.038595	supercritical
437.00	65.000	56.810	0.017603	279.79	394.21	5.6662	0.69817	0.99212	405.27	0.096199	2.8740e-05	0.038661	supercritical
438.00	65.000	56.673	0.017645	280.51	395.20	5.6684	0.69845	0.99220	405.72	0.095589	2.8785e-05	0.038727	supercritical
439.00	65.000	56.537	0.017687	281.22	396.19	5.6707	0.69872	0.99228	406.16	0.094982	2.8830e-05	0.038793	supercritical
440.00	65.000	56.402	0.017730	281.94	397.19	5.6729	0.69900	0.99237	406.61	0.094379	2.8875e-05	0.038858	supercritical
441.00	65.000	56.267	0.017772	282.66	398.18	5.6752	0.69928	0.99246	407.05	0.093778	2.8920e-05	0.038924	supercritical
442.00	65.000	56.133	0.017815	283.37	399.17	5.6774	0.69956	0.99255	407.49	0.093181	2.8965e-05	0.038990	supercritical
443.00	65.000	56.000	0.017857	284.09	400.16	5.6797	0.69983	0.99264	407.94	0.092588	2.9010e-05	0.039056	supercritical
444.00	65.000	55.867	0.017900	284.81	401.16	5.6819	0.70011	0.99273	408.38	0.091997	2.9055e-05	0.039121	supercritical
445.00	65.000	55.736	0.017942	285.53	402.15	5.6842	0.70039	0.99283	408.82	0.091410	2.9100e-05	0.039187	supercritical
446.00	65.000	55.604	0.017984	286.24	403.14	5.6864	0.70067	0.99293	409.26	0.090826	2.9144e-05	0.039253	supercritical
447.00	65.000	55.474	0.018027	286.96	404.13	5.6886	0.70096	0.99303	409.70	0.090245	2.9189e-05	0.039318	supercritical
448.00	65.000	55.344	0.018069	287.68	405.13	5.6908	0.70124	0.99313	410.14	0.089667	2.9234e-05	0.039384	supercritical
449.00	65.000	55.214	0.018111	288.40	406.12	5.6930	0.70152	0.99324	410.58	0.089092	2.9279e-05	0.039450	supercritical
450.00	65.000	55.086	0.018154	289.12	407.11	5.6953	0.70180	0.99335	411.01	0.088521	2.9323e-05	0.039515	supercritical
451.00	65.000	54.958	0.018196	289.83	408.11	5.6975	0.70209	0.99345	411.45	0.087952	2.9368e-05	0.039581	supercritical
452.00	65.000	54.830	0.018238	290.55	409.10	5.6997	0.70237	0.99357	411.89	0.087387	2.9412e-05	0.039646	supercritical
453.00	65.000	54.704	0.018280	291.27	410.09	5.7019	0.70266	0.99368	412.32	0.086824	2.9457e-05	0.039712	supercritical
454.00	65.000	54.577	0.018323	291.99	411.09	5.7040	0.70294	0.99379	412.76	0.086265	2.9501e-05	0.039777	supercritical
455.00	65.000	54.452	0.018365	292.71	412.08	5.7062	0.70323	0.99391	413.19	0.085708	2.9546e-05	0.039843	supercritical
456.00	65.000	54.327	0.018407	293.43	413.08	5.7084	0.70351	0.99403	413.62	0.085155	2.9590e-05	0.039908	supercritical
457.00	65.000	54.203	0.018449	294.15	414.07	5.7106	0.70380	0.99415	414.06	0.084604	2.9635e-05	0.039974	supercritical
458.00	65.000	54.079	0.018491	294.87	415.06	5.7128	0.70409	0.99427	414.49	0.084056	2.9679e-05	0.040039	supercritical
459.00	65.000	53.956	0.018534	295.59	416.06	5.7149	0.70437	0.99440	414.92	0.083512	2.9723e-05	0.040104	supercritical
460.00	65.000	53.833	0.018576	296.31	417.05	5.7171	0.70466	0.99452	415.35	0.082970	2.9767e-05	0.040170	supercritical
461.00	65.000	53.711	0.018618	297.03	418.05	5.7193	0.70495	0.99465	415.78	0.082431	2.9812e-05	0.040235	supercritical
462.00	65.000	53.590	0.018660	297.75	419.04	5.7214	0.70524	0.99478	416.21	0.081895	2.9856e-05	0.040300	supercritical
463.00	65.000	53.469	0.018702	298.47	420.04	5.7236	0.70553	0.99491	416.64	0.081361	2.9900e-05	0.040366	supercritical
464.00	65.000	53.349	0.018744	299.19	421.03	5.7257	0.70582	0.99504	417.06	0.080831	2.9944e-05	0.040431	supercritical
465.00	65.000	53.229	0.018787	299.91	422.03	5.7279	0.70611	0.99518	417.49	0.080303	2.9988e-05	0.040496	supercritical
466.00	65.000	53.110	0.018829	300.64	423.02	5.7300	0.70640	0.99531	417.92	0.079778	3.0032e-05	0.040561	supercritical
467.00	65.000	52.992	0.018871	301.36	424.02	5.7321	0.70669	0.99545	418.34	0.079256	3.0076e-05	0.040626	supercritical
468.00	65.000	52.874	0.018913	302.08	425.01	5.7343	0.70698	0.99559	418.77	0.078736	3.0120e-05	0.040692	supercritical
469.00	65.000	52.757	0.018955	302.80	426.01	5.7364	0.70728	0.99573	419.19	0.078219	3.0164e-05	0.040757	supercritical
470.00	65.000	52.640	0.018997	303.52	427.00	5.7385	0.70757	0.99587	419.62	0.077705	3.0208e-05	0.040822	supercritical
471.00	65.000	52.523	0.019039	304.25	428.00	5.7406	0.70786	0.99602	420.04	0.077194	3.0252e-05	0.040887	supercritical
472.00	65.000	52.408	0.019081	304.97	429.00	5.7427	0.70815	0.99616	420.46	0.076685	3.0295e-05	0.040952	supercritical
473.00	65.000	52.292	0.019123	305.69	429.99	5.7448	0.70845	0.99631	420.88	0.076179	3.0339e-05	0.041017	supercritical
474.00	65.000	52.178	0.019165	306.42	430.99	5.7469	0.70874	0.99646	421.30	0.075675	3.0383e-05	0.041082	supercritical
475.00	65.000	52.064	0.019207	307.14	431.99	5.7490	0.70904	0.99661	421.73	0.075174	3.0427e-05	0.041147	supercritical
476.00	65.000	51.950	0.019249	307.86	432.98	5.7511	0.70933	0.99676	422.15	0.074676	3.0470e-05	0.041212	supercritical
477.00	65.000	51.837	0.019291	308.59	433.98	5.7532	0.70963	0.99691	422.56	0.074180	3.0514e-05	0.041277	supercritical
478.00	65.000	51.724	0.019333	309.31	434.98	5.7553	0.70992	0.99707	422.98	0.073687	3.0557e-05	0.041342	supercritical
479.00	65.000	51.612	0.019375	310.03	435.97	5.7574	0.71022	0.99722	423.40	0.073196	3.0601e-05	0.041407	supercritical
480.00	65.000	51.501	0.019417	310.76	436.97	5.7595	0.71051	0.99738	423.82	0.072708	3.0644e-05	0.041472	supercritical
481.00	65.000	51.390	0.019459	311.48	437.97	5.7616	0.71081	0.99754	424.23	0.072222	3.0688e-05	0.041537	supercritical
482.00	65.000	51.279	0.019501	312.21	438.97	5.7636	0.71110	0.99769	424.65	0.071739	3.0731e-05	0.041602	supercritical
483.00	65.000	51.169	0.019543	312.93	439.96	5.7657	0.71140	0.99785	425.07	0.071258	3.0775e-05	0.041666	supercritical
484.00	65.000	51.060	0.019585	313.66	440.96	5.7678	0.71170	0.99802	425.48	0.070780	3.0818e-05	0.041731	supercritical
485.00	65.000	50.950	0.019627	314.38	441.96	5.7698	0.71199	0.99818	425.90	0.070304	3.0861e-05	0.041796	supercritical
486.00	65.000	50.842	0.019669	315.11	442.96	5.7719	0.71229	0.99834	426.31	0.069830	3.0905e-05	0.041861	supercritical
487.00	65.000	50.734	0.019711	315.84	443.96	5.7739	0.71259	0.99851	426.72	0.069359	3.0948e-05	0.041925	supercritical
488.00	65.000	50.626	0.019753	316.56	444.95	5.7760	0.71289	0.99868	427.13	0.068890	3.0991e-05	0.041990	supercritical
489.00	65.000	50.519	0.019794	317.29	445.95	5.7780	0.71319	0.99884	427.55	0.068424	3.1034e-05	0.042055	supercritical
490.00	65.000	50.413	0.019836	318.02	446.95	5.7801	0.71348	0.99901	427.96	0.067960	3.1077e-05	0.042119	supercritical
491.00	65.000	50.306	0.019878	318.74	447.95	5.7821	0.71378	0.99918	428.37	0.067498	3.1120e-05	0.042184	supercritical
492.00	65.000	50.201	0.019920	319.47	448.95	5.7841	0.71408	0.99935	428.78	0.067039	3.1164e-05	0.042249	supercritical
493.00	65.000	50.095	0.019962	320.20	449.95	5.7862	0.71438	0.99953	429.19	0.066582	3.1207e-05	0.042313	supercritical
494.00	65.000	49.991	0.020004	320.93	450.95	5.7882	0.71468	0.99970	429.60	0.066127	3.1250e-05	0.042378	supercritical
495.00	65.000	49.886	0.020046	321.65	451.95	5.7902	0.71498	0.99988	430.01	0.065675	3.1293e-05	0.042442	supercritical
496.00	65.000	49.782	0.020087	322.38	452.95	5.7922	0.71528	1.0001	430.41	0.065225	3.1335e-05	0.042507	supercritical
497.00	65.000	49.679	0.020129	323.11	453.95	5.7942	0.71558	1.0002	430.82	0.064777	3.1378e-05	0.042571	supercritical
498.00	65.000	49.576	0.020171	323.84	454.95	5.7963	0.71588	1.0004	431.23	0.064331	3.1421e-05	0.042636	supercritical
499.00	65.000	49.474	0.020213	324.57	455.95	5.7983	0.71618	1.0006	431.63	0.063887	3.1464e-05	0.042700	supercritical
500.00	65.000	49.372	0.020255	325.30	456.95	5.8003	0.71648	1.0008	432.04	0.063446	3.1507e-05	0.042765	supercritical
501.00	65.000	49.270	0.020296	326.03	457.95	5.8023	0.71678	1.0009	432.44	0.063007	3.1549e-05	0.042829	supercritical
502.00	65.000	49.169	0.020338	326.76	458.95	5.8043	0.71708	1.0011	432.85	0.062570	3.1592e-05	0.042893	supercritical
503.00	65.000	49.068	0.020380	327.49	459.95	5.8063	0.71738	1.0013	433.25	0.062135	3.1635e-05	0.042958	supercritical
504.00	65.000	48.968	0.020422	328.22	460.96	5.8082	0.71768	1.0015	433.66	0.061703	3.1677e-05	0.043022	supercritical
505.00	65.000	48.868	0.020463	328.95	461.96	5.8102	0.71798	1.0017	434.06	0.061272	3.1720e-05	0.043086	supercritical
506.00	65.000	48.768	0.020505	329.68	462.96	5.8122	0.71828	1.0019	434.46	0.060844	3.1763e-05	0.043151	supercritical
507.00	65.000	48.669	0.020547	330.41	463.96	5.8142	0.71858	1.0020	434.86	0.060418	3.1805e-05	0.043215	supercritical
508.00	65.000	48.571	0.020589	331.14	464.96	5.8162	0.71888	1.0022	435.26	0.059993	3.1848e-05	0.043279	supercritical
509.00	65.000	48.473	0.020630	331.87	465.97	5.8181	0.71918	1.0024	435.67	0.059571	3.1890e-05	0.043343	supercritical
510.00	65.000	48.375	0.020672	332.60	466.97	5.8201	0.71948	1.0026	436.07	0.059151	3.1932e-05	0.043407	supercritical
511.00	65.000	48.277	0.020714	333.33	467.97	5.8221	0.71978	1.0028	436.47	0.058733	3.1975e-05	0.043472	supercritical
512.00	65.000	48.180	0.020755	334.06	468.97	5.8240	0.72008	1.0030	436.86	0.058317	3.2017e-05	0.043536	supercritical
513.00	65.000	48.084	0.020797	334.80	469.98	5.8260	0.72039	1.0032	437.26	0.057903	3.2060e-05	0.043600	supercritical
514.00	65.000	47.988	0.020839	335.53	470.98	5.8279	0.72069	1.0034	437.66	0.057491	3.2102e-05	0.043664	supercritical
515.00	65.000	47.892	0.020880	336.26	471.98	5.8299	0.72099	1.0036	438.06	0.057082	3.2144e-05	0.043728	supercritical
516.00	65.000	47.797	0.020922	336.99	472.99	5.8318	0.72129	1.0038	438.46	0.056674	3.2186e-05	0.043792	supercritical
517.00	65.000	47.702	0.020964	337.73	473.99	5.8338	0.72159	1.0040	438.85	0.056268	3.2228e-05	0.043856	supercritical
518.00	65.000	47.607	0.021005	338.46	475.00	5.8357	0.72189	1.0042	439.25	0.055864	3.2271e-05	0.043920	supercritical
519.00	65.000	47.513	0.021047	339.19	476.00	5.8377	0.72219	1.0044	439.64	0.055462	3.2313e-05	0.043984	supercritical
520.00	65.000	47.419	0.021089	339.93	477.00	5.8396	0.72249	1.0045	440.04	0.055062	3.2355e-05	0.044048	supercritical
521.00	65.000	47.326	0.021130	340.66	478.01	5.8415	0.72280	1.0047	440.43	0.054663	3.2397e-05	0.044112	supercritical
522.00	65.000	47.233	0.021172	341.40	479.01	5.8434	0.72310	1.0049	440.83	0.054267	3.2439e-05	0.044176	supercritical
523.00	65.000	47.140	0.021213	342.13	480.02	5.8454	0.72340	1.0051	441.22	0.053873	3.2481e-05	0.044240	supercritical
524.00	65.000	47.048	0.021255	342.87	481.02	5.8473	0.72370	1.0053	441.61	0.053480	3.2523e-05	0.044303	supercritical
525.00	65.000	46.956	0.021297	343.60	482.03	5.8492	0.72400	1.0055	442.01	0.053090	3.2565e-05	0.044367	supercritical
526.00	65.000	46.865	0.021338	344.34	483.03	5.8511	0.72430	1.0057	442.40	0.052701	3.2607e-05	0.044431	supercritical
527.00	65.000	46.773	0.021380	345.07	484.04	5.8530	0.72460	1.0059	442.79	0.052314	3.2648e-05	0.044495	supercritical
528.00	65.000	46.683	0.021421	345.81	485.05	5.8549	0.72491	1.0061	443.18	0.051929	3.2690e-05	0.044558	supercritical
529.00	65.000	46.592	0.021463	346.54	486.05	5.8568	0.72521	1.0063	443.57	0.051546	3.2732e-05	0.044622	supercritical
530.00	65.000	46.502	0.021504	347.28	487.06	5.8587	0.72551	1.0066	443.96	0.051165	3.2774e-05	0.044686	supercritical
531.00	65.000	46.413	0.021546	348.02	488.07	5.8606	0.72581	1.0068	444.35	0.050785	3.2815e-05	0.044750	supercritical
532.00	65.000	46.323	0.021587	348.75	489.07	5.8625	0.72611	1.0070	444.74	0.050407	3.2857e-05	0.044813	supercritical
533.00	65.000	46.234	0.021629	349.49	490.08	5.8644	0.72641	1.0072	445.13	0.050031	3.2899e-05	0.044877	supercritical
534.00	65.000	46.146	0.021670	350.23	491.09	5.8663	0.72671	1.0074	445.52	0.049657	3.2940e-05	0.044940	supercritical
535.00	65.000	46.058	0.021712	350.97	492.09	5.8682	0.72701	1.0076	445.90	0.049285	3.2982e-05	0.045004	supercritical
536.00	65.000	45.970	0.021753	351.70	493.10	5.8701	0.72731	1.0078	446.29	0.048914	3.3024e-05	0.045068	supercritical
537.00	65.000	45.882	0.021795	352.44	494.11	5.8720	0.72761	1.0080	446.68	0.048545	3.3065e-05	0.045131	supercritical
538.00	65.000	45.795	0.021836	353.18	495.12	5.8738	0.72792	1.0082	447.06	0.048178	3.3107e-05	0.045195	supercritical
539.00	65.000	45.708	0.021878	353.92	496.13	5.8757	0.72822	1.0084	447.45	0.047812	3.3148e-05	0.045258	supercritical
540.00	65.000	45.622	0.021919	354.66	497.14	5.8776	0.72852	1.0086	447.84	0.047449	3.3189e-05	0.045322	supercritical
541.00	65.000	45.535	0.021961	355.40	498.14	5.8794	0.72882	1.0088	448.22	0.047087	3.3231e-05	0.045385	supercritical
542.00	65.000	45.450	0.022002	356.14	499.15	5.8813	0.72912	1.0090	448.61	0.046726	3.3272e-05	0.045448	supercritical
543.00	65.000	45.364	0.022044	356.88	500.16	5.8832	0.72942	1.0092	448.99	0.046368	3.3313e-05	0.045512	supercritical
544.00	65.000	45.279	0.022085	357.62	501.17	5.8850	0.72972	1.0095	449.37	0.046011	3.3355e-05	0.045575	supercritical
545.00	65.000	45.194	0.022127	358.36	502.18	5.8869	0.73002	1.0097	449.76	0.045655	3.3396e-05	0.045639	supercritical
546.00	65.000	45.110	0.022168	359.10	503.19	5.8887	0.73032	1.0099	450.14	0.045301	3.3437e-05	0.045702	supercritical
547.00	65.000	45.025	0.022210	359.84	504.20	5.8906	0.73062	1.0101	450.52	0.044949	3.3478e-05	0.045765	supercritical
548.00	65.000	44.942	0.022251	360.58	505.21	5.8924	0.73092	1.0103	450.90	0.044599	3.3520e-05	0.045828	supercritical
549.00	65.000	44.858	0.022292	361.32	506.22	5.8943	0.73122	1.0105	451.28	0.044250	3.3561e-05	0.045892	supercritical
550.00	65.000	44.775	0.022334	362.06	507.23	5.8961	0.73151	1.0107	451.66	0.043903	3.3602e-05	0.045955	supercritical
551.00	65.000	44.692	0.022375	362.80	508.24	5.8979	0.73181	1.0109	452.05	0.043557	3.3643e-05	0.046018	supercritical
552.00	65.000	44.610	0.022417	363.55	509.25	5.8998	0.73211	1.0112	452.43	0.043213	3.3684e-05	0.046081	supercritical
553.00	65.000	44.527	0.022458	364.29	510.27	5.9016	0.73241	1.0114	452.80	0.042871	3.3725e-05	0.046144	supercritical
554.00	65.000	44.445	0.022500	365.03	511.28	5.9034	0.73271	1.0116	453.18	0.042530	3.3766e-05	0.046208	supercritical
555.00	65.000	44.364	0.022541	365.77	512.29	5.9053	0.73301	1.0118	453.56	0.042191	3.3807e-05	0.046271	supercritical
556.00	65.000	44.283	0.022582	366.52	513.30	5.9071	0.73331	1.0120	453.94	0.041853	3.3848e-05	0.046334	supercritical
557.00	65.000	44.202	0.022624	367.26	514.31	5.9089	0.73361	1.0122	454.32	0.041517	3.3889e-05	0.046397	supercritical
558.00	65.000	44.121	0.022665	368.00	515.32	5.9107	0.73390	1.0125	454.70	0.041182	3.3929e-05	0.046460	supercritical
559.00	65.000	44.040	0.022706	368.75	516.34	5.9125	0.73420	1.0127	455.07	0.040849	3.3970e-05	0.046523	supercritical
560.00	65.000	43.960	0.022748	369.49	517.35	5.9143	0.73450	1.0129	455.45	0.040517	3.4011e-05	0.046586	supercritical
561.00	65.000	43.881	0.022789	370.23	518.36	5.9161	0.73480	1.0131	455.83	0.040187	3.4052e-05	0.046649	supercritical
562.00	65.000	43.801	0.022830	370.98	519.38	5.9179	0.73509	1.0133	456.20	0.039858	3.4093e-05	0.046712	supercritical
563.00	65.000	43.722	0.022872	371.72	520.39	5.9197	0.73539	1.0135	456.58	0.039531	3.4133e-05	0.046775	supercritical
564.00	65.000	43.643	0.022913	372.47	521.40	5.9215	0.73569	1.0138	456.95	0.039206	3.4174e-05	0.046838	supercritical
565.00	65.000	43.565	0.022954	373.21	522.42	5.9233	0.73598	1.0140	457.33	0.038881	3.4215e-05	0.046900	supercritical
566.00	65.000	43.486	0.022996	373.96	523.43	5.9251	0.73628	1.0142	457.70	0.038559	3.4255e-05	0.046963	supercritical
567.00	65.000	43.408	0.023037	374.70	524.45	5.9269	0.73658	1.0144	458.07	0.038237	3.4296e-05	0.047026	supercritical
568.00	65.000	43.331	0.023078	375.45	525.46	5.9287	0.73687	1.0146	458.45	0.037918	3.4336e-05	0.047089	supercritical
569.00	65.000	43.253	0.023120	376.20	526.47	5.9305	0.73717	1.0149	458.82	0.037599	3.4377e-05	0.047152	supercritical
570.00	65.000	43.176	0.023161	376.94	527.49	5.9323	0.73747	1.0151	459.19	0.037282	3.4417e-05	0.047214	supercritical
571.00	65.000	43.099	0.023202	377.69	528.51	5.9341	0.73776	1.0153	459.57	0.036967	3.4458e-05	0.047277	supercritical
572.00	65.000	43.023	0.023244	378.44	529.52	5.9358	0.73806	1.0155	459.94	0.036652	3.4498e-05	0.047340	supercritical
573.00	65.000	42.946	0.023285	379.18	530.54	5.9376	0.73835	1.0157	460.31	0.036340	3.4539e-05	0.047403	supercritical
574.00	65.000	42.870	0.023326	379.93	531.55	5.9394	0.73865	1.0160	460.68	0.036028	3.4579e-05	0.047465	supercritical
575.00	65.000	42.795	0.023367	380.68	532.57	5.9411	0.73894	1.0162	461.05	0.035718	3.4619e-05	0.047528	supercritical
576.00	65.000	42.719	0.023409	381.43	533.58	5.9429	0.73923	1.0164	461.42	0.035410	3.4660e-05	0.047590	supercritical
577.00	65.000	42.644	0.023450	382.18	534.60	5.9447	0.73953	1.0166	461.79	0.035103	3.4700e-05	0.047653	supercritical
578.00	65.000	42.569	0.023491	382.92	535.62	5.9464	0.73982	1.0168	462.16	0.034797	3.4740e-05	0.047716	supercritical
579.00	65.000	42.495	0.023532	383.67	536.63	5.9482	0.74012	1.0171	462.53	0.034492	3.4780e-05	0.047778	supercritical
580.00	65.000	42.420	0.023574	384.42	537.65	5.9500	0.74041	1.0173	462.90	0.034189	3.4820e-05	0.047841	supercritical
581.00	65.000	42.346	0.023615	385.17	538.67	5.9517	0.74070	1.0175	463.27	0.033887	3.4861e-05	0.047903	supercritical
582.00	65.000	42.272	0.023656	385.92	539.69	5.9535	0.74100	1.0177	463.63	0.033587	3.4901e-05	0.047966	supercritical
583.00	65.000	42.199	0.023697	386.67	540.70	5.9552	0.74129	1.0180	464.00	0.033288	3.4941e-05	0.048028	supercritical
584.00	65.000	42.125	0.023739	387.42	541.72	5.9569	0.74158	1.0182	464.37	0.032990	3.4981e-05	0.048090	supercritical
585.00	65.000	42.052	0.023780	388.17	542.74	5.9587	0.74187	1.0184	464.73	0.032693	3.5021e-05	0.048153	supercritical
586.00	65.000	41.980	0.023821	388.92	543.76	5.9604	0.74216	1.0186	465.10	0.032398	3.5061e-05	0.048215	supercritical
587.00	65.000	41.907	0.023862	389.67	544.78	5.9622	0.74246	1.0188	465.47	0.032104	3.5101e-05	0.048278	supercritical
588.00	65.000	41.835	0.023903	390.42	545.80	5.9639	0.74275	1.0191	465.83	0.031812	3.5141e-05	0.048340	supercritical
589.00	65.000	41.763	0.023945	391.18	546.82	5.9656	0.74304	1.0193	466.20	0.031520	3.5181e-05	0.048402	supercritical
590.00	65.000	41.691	0.023986	391.93	547.84	5.9674	0.74333	1.0195	466.56	0.031230	3.5221e-05	0.048465	supercritical
591.00	65.000	41.620	0.024027	392.68	548.86	5.9691	0.74362	1.0197	466.93	0.030941	3.5260e-05	0.048527	supercritical
592.00	65.000	41.548	0.024068	393.43	549.88	5.9708	0.74391	1.0200	467.29	0.030654	3.5300e-05	0.048589	supercritical
593.00	65.000	41.478	0.024109	394.18	550.90	5.9725	0.74420	1.0202	467.65	0.030368	3.5340e-05	0.048651	supercritical
594.00	65.000	41.407	0.024151	394.94	551.92	5.9743	0.74449	1.0204	468.02	0.030082	3.5380e-05	0.048714	supercritical
595.00	65.000	41.336	0.024192	395.69	552.94	5.9760	0.74478	1.0206	468.38	0.029799	3.5420e-05	0.048776	supercritical
596.00	65.000	41.266	0.024233	396.44	553.96	5.9777	0.74507	1.0209	468.74	0.029516	3.5459e-05	0.048838	supercritical
597.00	65.000	41.196	0.024274	397.20	554.98	5.9794	0.74536	1.0211	469.11	0.029235	3.5499e-05	0.048900	supercritical
598.00	65.000	41.126	0.024315	397.95	556.00	5.9811	0.74564	1.0213	469.47	0.028954	3.5539e-05	0.048962	supercritical
599.00	65.000	41.057	0.024356	398.70	557.02	5.9828	0.74593	1.0215	469.83	0.028675	3.5578e-05	0.049024	supercritical
600.00	65.000	40.988	0.024398	399.46	558.04	5.9845	0.74622	1.0218	470.19	0.028398	3.5618e-05	0.049086	supercritical
