Temperature (K)	Pressure (bar)	Density (kg/m3)	Volume (m3/kg)	Internal Energy (kJ/kg)	Enthalpy (kJ/kg)	Entropy (J/g*K)	Cv (J/g*K)	Cp (J/g*K)	Sound Spd. (m/s)	Joule-Thomson (K/bar)	Viscosity (Pa*s)	Therm. Cond. (W/m*K)	Phase
60.000	156.00	1300.0	0.00076925	-186.50	-174.50	2.2173	1.0945	1.6430	1169.1	-0.037919	0.00065216	0.20014	liquid
61.000	156.00	1295.8	0.00077170	-184.89	-172.85	2.2445	1.0876	1.6458	1165.1	-0.037756	0.00062160	0.19887	liquid
62.000	156.00	1291.7	0.00077418	-183.28	-171.20	2.2713	1.0815	1.6480	1160.5	-0.037612	0.00059307	0.19760	liquid
63.000	156.00	1287.5	0.00077668	-181.67	-169.56	2.2976	1.0757	1.6496	1155.3	-0.037486	0.00056643	0.19633	liquid
64.000	156.00	1283.4	0.00077920	-180.06	-167.91	2.3236	1.0704	1.6508	1149.8	-0.037374	0.00054152	0.19505	liquid
65.000	156.00	1279.2	0.00078175	-178.45	-166.25	2.3492	1.0652	1.6516	1143.9	-0.037273	0.00051824	0.19378	liquid
66.000	156.00	1275.0	0.00078432	-176.84	-164.60	2.3744	1.0603	1.6520	1137.8	-0.037183	0.00049644	0.19251	liquid
67.000	156.00	1270.8	0.00078690	-175.23	-162.95	2.3993	1.0555	1.6521	1131.4	-0.037100	0.00047603	0.19124	liquid
68.000	156.00	1266.6	0.00078951	-173.61	-161.30	2.4238	1.0508	1.6519	1124.9	-0.037022	0.00045690	0.18996	liquid
69.000	156.00	1262.4	0.00079214	-172.00	-159.65	2.4479	1.0462	1.6516	1118.2	-0.036949	0.00043895	0.18869	liquid
70.000	156.00	1258.2	0.00079478	-170.39	-158.00	2.4716	1.0416	1.6510	1111.5	-0.036878	0.00042209	0.18742	liquid
71.000	156.00	1254.0	0.00079745	-168.78	-156.34	2.4951	1.0371	1.6503	1104.7	-0.036808	0.00040625	0.18615	liquid
72.000	156.00	1249.8	0.00080013	-167.18	-154.69	2.5181	1.0326	1.6495	1097.8	-0.036738	0.00039135	0.18488	liquid
73.000	156.00	1245.6	0.00080284	-165.57	-153.05	2.5409	1.0282	1.6486	1090.9	-0.036667	0.00037732	0.18361	liquid
74.000	156.00	1241.4	0.00080557	-163.96	-151.40	2.5633	1.0238	1.6477	1083.9	-0.036594	0.00036409	0.18234	liquid
75.000	156.00	1237.1	0.00080832	-162.36	-149.75	2.5854	1.0194	1.6468	1077.0	-0.036519	0.00035161	0.18107	liquid
76.000	156.00	1232.9	0.00081109	-160.76	-148.10	2.6072	1.0151	1.6459	1070.0	-0.036439	0.00033983	0.17980	liquid
77.000	156.00	1228.7	0.00081388	-159.15	-146.46	2.6287	1.0108	1.6450	1063.0	-0.036356	0.00032869	0.17853	liquid
78.000	156.00	1224.5	0.00081669	-157.55	-144.81	2.6499	1.0065	1.6441	1056.0	-0.036268	0.00031815	0.17726	liquid
79.000	156.00	1220.2	0.00081953	-155.95	-143.17	2.6709	1.0023	1.6432	1049.0	-0.036175	0.00030817	0.17599	liquid
80.000	156.00	1216.0	0.00082239	-154.36	-141.53	2.6915	0.99809	1.6425	1042.0	-0.036076	0.00029871	0.17472	liquid
81.000	156.00	1211.7	0.00082528	-152.76	-139.89	2.7119	0.99393	1.6417	1035.1	-0.035971	0.00028973	0.17345	liquid
82.000	156.00	1207.5	0.00082819	-151.16	-138.24	2.7321	0.98982	1.6411	1028.1	-0.035859	0.00028120	0.17218	liquid
83.000	156.00	1203.2	0.00083112	-149.57	-136.60	2.7520	0.98575	1.6405	1021.2	-0.035741	0.00027309	0.17091	liquid
84.000	156.00	1198.9	0.00083409	-147.97	-134.96	2.7716	0.98172	1.6401	1014.2	-0.035615	0.00026537	0.16963	liquid
85.000	156.00	1194.6	0.00083708	-146.38	-133.32	2.7910	0.97773	1.6397	1007.3	-0.035482	0.00025802	0.16836	liquid
86.000	156.00	1190.3	0.00084009	-144.79	-131.68	2.8102	0.97379	1.6394	1000.4	-0.035342	0.00025101	0.16709	liquid
87.000	156.00	1186.0	0.00084314	-143.20	-130.04	2.8292	0.96990	1.6392	993.44	-0.035193	0.00024433	0.16582	liquid
88.000	156.00	1181.7	0.00084621	-141.61	-128.40	2.8479	0.96605	1.6391	986.53	-0.035037	0.00023794	0.16455	liquid
89.000	156.00	1177.4	0.00084932	-140.02	-126.77	2.8664	0.96225	1.6391	979.63	-0.034872	0.00023183	0.16327	liquid
90.000	156.00	1173.1	0.00085245	-138.42	-125.13	2.8847	0.95850	1.6392	972.75	-0.034698	0.00022598	0.16200	liquid
91.000	156.00	1168.7	0.00085562	-136.83	-123.49	2.9028	0.95479	1.6395	965.87	-0.034516	0.00022038	0.16073	liquid
92.000	156.00	1164.4	0.00085882	-135.25	-121.85	2.9208	0.95113	1.6398	959.00	-0.034324	0.00021501	0.15945	liquid
93.000	156.00	1160.0	0.00086206	-133.66	-120.21	2.9385	0.94752	1.6402	952.13	-0.034124	0.00020986	0.15818	liquid
94.000	156.00	1155.6	0.00086533	-132.07	-118.57	2.9560	0.94396	1.6408	945.28	-0.033914	0.00020492	0.15690	liquid
95.000	156.00	1151.2	0.00086863	-130.48	-116.93	2.9734	0.94044	1.6414	938.43	-0.033694	0.00020016	0.15563	liquid
96.000	156.00	1146.8	0.00087197	-128.89	-115.28	2.9906	0.93697	1.6422	931.58	-0.033464	0.00019559	0.15435	liquid
97.000	156.00	1142.4	0.00087535	-127.30	-113.64	3.0076	0.93354	1.6431	924.74	-0.033225	0.00019118	0.15308	liquid
98.000	156.00	1138.0	0.00087876	-125.71	-112.00	3.0245	0.93016	1.6440	917.90	-0.032975	0.00018694	0.15180	liquid
99.000	156.00	1133.5	0.00088222	-124.12	-110.35	3.0412	0.92683	1.6451	911.07	-0.032714	0.00018285	0.15053	liquid
100.00	156.00	1129.0	0.00088571	-122.52	-108.71	3.0577	0.92354	1.6463	904.24	-0.032442	0.00017890	0.14925	liquid
101.00	156.00	1124.5	0.00088925	-120.93	-107.06	3.0741	0.92030	1.6477	897.41	-0.032160	0.00017508	0.14797	liquid
102.00	156.00	1120.0	0.00089283	-119.34	-105.41	3.0903	0.91710	1.6491	890.58	-0.031866	0.00017140	0.14670	liquid
103.00	156.00	1115.5	0.00089645	-117.75	-103.76	3.1064	0.91394	1.6506	883.76	-0.031560	0.00016783	0.14542	liquid
104.00	156.00	1111.0	0.00090012	-116.15	-102.11	3.1224	0.91083	1.6523	876.93	-0.031242	0.00016438	0.14415	liquid
105.00	156.00	1106.4	0.00090384	-114.56	-100.46	3.1382	0.90776	1.6541	870.11	-0.030912	0.00016103	0.14287	liquid
106.00	156.00	1101.8	0.00090760	-112.96	-98.803	3.1539	0.90473	1.6560	863.29	-0.030570	0.00015779	0.14160	liquid
107.00	156.00	1097.2	0.00091141	-111.36	-97.146	3.1695	0.90174	1.6580	856.46	-0.030215	0.00015465	0.14032	liquid
108.00	156.00	1092.6	0.00091527	-109.77	-95.487	3.1849	0.89879	1.6601	849.63	-0.029846	0.00015159	0.13905	liquid
109.00	156.00	1087.9	0.00091918	-108.17	-93.826	3.2002	0.89589	1.6623	842.81	-0.029463	0.00014863	0.13777	liquid
110.00	156.00	1083.2	0.00092315	-106.56	-92.162	3.2154	0.89302	1.6647	835.98	-0.029067	0.00014575	0.13650	liquid
111.00	156.00	1078.5	0.00092717	-104.96	-90.496	3.2305	0.89020	1.6672	829.14	-0.028656	0.00014295	0.13523	liquid
112.00	156.00	1073.8	0.00093125	-103.36	-88.828	3.2454	0.88741	1.6698	822.31	-0.028230	0.00014022	0.13396	liquid
113.00	156.00	1069.1	0.00093538	-101.75	-87.157	3.2603	0.88467	1.6726	815.47	-0.027789	0.00013756	0.13269	liquid
114.00	156.00	1064.3	0.00093958	-100.14	-85.483	3.2750	0.88196	1.6754	808.63	-0.027332	0.00013498	0.13142	liquid
115.00	156.00	1059.5	0.00094383	-98.530	-83.806	3.2897	0.87929	1.6784	801.78	-0.026858	0.00013246	0.13016	liquid
116.00	156.00	1054.7	0.00094815	-96.917	-82.126	3.3042	0.87666	1.6816	794.94	-0.026368	0.00013000	0.12890	liquid
117.00	156.00	1049.8	0.00095254	-95.302	-80.443	3.3187	0.87407	1.6848	788.08	-0.025860	0.00012760	0.12764	liquid
118.00	156.00	1044.9	0.00095699	-93.685	-78.756	3.3330	0.87151	1.6882	781.22	-0.025334	0.00012526	0.12638	liquid
119.00	156.00	1040.0	0.00096151	-92.066	-77.066	3.3473	0.86899	1.6918	774.36	-0.024790	0.00012297	0.12513	liquid
120.00	156.00	1035.1	0.00096610	-90.444	-75.373	3.3615	0.86651	1.6955	767.49	-0.024226	0.00012074	0.12387	liquid
121.00	156.00	1030.1	0.00097077	-88.819	-73.675	3.3755	0.86407	1.6993	760.62	-0.023643	0.00011856	0.12262	liquid
122.00	156.00	1025.1	0.00097551	-87.192	-71.974	3.3896	0.86166	1.7033	753.74	-0.023039	0.00011642	0.12137	liquid
123.00	156.00	1020.1	0.00098033	-85.562	-70.268	3.4035	0.85929	1.7075	746.85	-0.022413	0.00011433	0.12012	liquid
124.00	156.00	1015.0	0.00098523	-83.928	-68.559	3.4173	0.85696	1.7118	739.96	-0.021765	0.00011229	0.11888	liquid
125.00	156.00	1009.9	0.00099021	-82.292	-66.845	3.4311	0.85467	1.7162	733.06	-0.021095	0.00011029	0.11764	liquid
126.00	156.00	1004.7	0.00099528	-80.653	-65.126	3.4448	0.85241	1.7209	726.16	-0.020400	0.00010833	0.11640	liquid
127.00	156.00	999.56	0.0010004	-79.010	-63.403	3.4584	0.85019	1.7257	719.25	-0.019681	0.00010641	0.11516	liquid
128.00	156.00	994.35	0.0010057	-77.364	-61.675	3.4720	0.84800	1.7307	712.33	-0.018936	0.00010453	0.11393	liquid
129.00	156.00	989.09	0.0010110	-75.714	-59.942	3.4854	0.84585	1.7359	705.41	-0.018165	0.00010268	0.11270	liquid
130.00	156.00	983.79	0.0010165	-74.060	-58.203	3.4989	0.84374	1.7412	698.48	-0.017366	0.00010087	0.11148	liquid
131.00	156.00	978.46	0.0010220	-72.402	-56.459	3.5122	0.84167	1.7468	691.55	-0.016538	9.9100e-05	0.11026	liquid
132.00	156.00	973.08	0.0010277	-70.741	-54.709	3.5255	0.83963	1.7526	684.61	-0.015680	9.7360e-05	0.10904	liquid
133.00	156.00	967.66	0.0010334	-69.075	-52.954	3.5388	0.83763	1.7585	677.66	-0.014792	9.5652e-05	0.10782	liquid
134.00	156.00	962.19	0.0010393	-67.405	-51.192	3.5520	0.83567	1.7647	670.71	-0.013871	9.3976e-05	0.10661	liquid
135.00	156.00	956.68	0.0010453	-65.731	-49.424	3.5651	0.83375	1.7711	663.75	-0.012917	9.2331e-05	0.10541	liquid
136.00	156.00	951.12	0.0010514	-64.052	-47.650	3.5782	0.83186	1.7778	656.78	-0.011927	9.0716e-05	0.10421	liquid
137.00	156.00	945.51	0.0010576	-62.368	-45.869	3.5913	0.83001	1.7846	649.81	-0.010902	8.9129e-05	0.10301	liquid
138.00	156.00	939.85	0.0010640	-60.679	-44.081	3.6043	0.82820	1.7917	642.84	-0.0098382	8.7571e-05	0.10182	liquid
139.00	156.00	934.15	0.0010705	-58.985	-42.285	3.6172	0.82644	1.7991	635.86	-0.0087352	8.6040e-05	0.10064	liquid
140.00	156.00	928.39	0.0010771	-57.286	-40.482	3.6302	0.82471	1.8067	628.87	-0.0075912	8.4535e-05	0.099457	liquid
141.00	156.00	922.57	0.0010839	-55.581	-38.672	3.6430	0.82301	1.8146	621.88	-0.0064043	8.3057e-05	0.098283	liquid
142.00	156.00	916.70	0.0010909	-53.871	-36.853	3.6559	0.82136	1.8227	614.89	-0.0051729	8.1604e-05	0.097115	liquid
143.00	156.00	910.78	0.0010980	-52.154	-35.026	3.6687	0.81975	1.8312	607.90	-0.0038949	8.0175e-05	0.095952	liquid
144.00	156.00	904.79	0.0011052	-50.432	-33.191	3.6815	0.81819	1.8399	600.91	-0.0025685	7.8771e-05	0.094796	liquid
145.00	156.00	898.75	0.0011127	-48.704	-31.346	3.6943	0.81666	1.8490	593.91	-0.0011915	7.7390e-05	0.093647	liquid
146.00	156.00	892.64	0.0011203	-46.969	-29.492	3.7070	0.81517	1.8583	586.92	0.00023810	7.6032e-05	0.092504	liquid
147.00	156.00	886.47	0.0011281	-45.227	-27.629	3.7197	0.81373	1.8680	579.92	0.0017226	7.4697e-05	0.091368	liquid
148.00	156.00	880.23	0.0011361	-43.479	-25.756	3.7324	0.81233	1.8780	572.93	0.0032644	7.3385e-05	0.090240	liquid
149.00	156.00	873.93	0.0011443	-41.724	-23.873	3.7451	0.81097	1.8883	565.94	0.0048658	7.2093e-05	0.089118	liquid
150.00	156.00	867.56	0.0011527	-39.961	-21.980	3.7578	0.80965	1.8990	558.96	0.0065293	7.0824e-05	0.088005	liquid
151.00	156.00	861.12	0.0011613	-38.191	-20.075	3.7704	0.80838	1.9101	551.99	0.0082576	6.9575e-05	0.086899	liquid
152.00	156.00	854.61	0.0011701	-36.413	-18.159	3.7831	0.80715	1.9215	545.03	0.010053	6.8346e-05	0.085801	liquid
153.00	156.00	848.02	0.0011792	-34.628	-16.232	3.7957	0.80596	1.9333	538.07	0.011919	6.7138e-05	0.084712	liquid
154.00	156.00	841.35	0.0011886	-32.834	-14.293	3.8084	0.80482	1.9454	531.14	0.013858	6.5949e-05	0.083631	liquid
155.00	156.00	834.61	0.0011982	-31.032	-12.341	3.8210	0.80373	1.9580	524.21	0.015873	6.4780e-05	0.082559	supercritical
156.00	156.00	827.79	0.0012080	-29.222	-10.376	3.8336	0.80268	1.9709	517.31	0.017967	6.3630e-05	0.081496	supercritical
157.00	156.00	820.89	0.0012182	-27.403	-8.3989	3.8463	0.80167	1.9843	510.43	0.020143	6.2500e-05	0.080442	supercritical
158.00	156.00	813.90	0.0012287	-25.575	-6.4078	3.8589	0.80071	1.9980	503.58	0.022404	6.1387e-05	0.079398	supercritical
159.00	156.00	806.83	0.0012394	-23.738	-4.4028	3.8715	0.79979	2.0121	496.76	0.024753	6.0294e-05	0.078363	supercritical
160.00	156.00	799.67	0.0012505	-21.891	-2.3835	3.8842	0.79891	2.0266	489.97	0.027193	5.9218e-05	0.077338	supercritical
161.00	156.00	792.43	0.0012619	-20.036	-0.34951	3.8969	0.79807	2.0415	483.21	0.029727	5.8160e-05	0.076323	supercritical
162.00	156.00	785.10	0.0012737	-18.171	1.6995	3.9096	0.79728	2.0567	476.51	0.032358	5.7120e-05	0.075319	supercritical
163.00	156.00	777.67	0.0012859	-16.296	3.7640	3.9223	0.79652	2.0723	469.84	0.035089	5.6098e-05	0.074325	supercritical
164.00	156.00	770.16	0.0012984	-14.411	5.8442	3.9350	0.79581	2.0882	463.24	0.037923	5.5093e-05	0.073341	supercritical
165.00	156.00	762.55	0.0013114	-12.517	7.9405	3.9477	0.79512	2.1044	456.69	0.040862	5.4105e-05	0.072368	supercritical
166.00	156.00	754.85	0.0013248	-10.613	10.053	3.9605	0.79448	2.1209	450.21	0.043908	5.3135e-05	0.071406	supercritical
167.00	156.00	747.06	0.0013386	-8.6994	12.182	3.9733	0.79386	2.1376	443.79	0.047064	5.2181e-05	0.070455	supercritical
168.00	156.00	739.18	0.0013528	-6.7760	14.328	3.9861	0.79327	2.1545	437.46	0.050329	5.1245e-05	0.069515	supercritical
169.00	156.00	731.21	0.0013676	-4.8431	16.491	3.9989	0.79271	2.1715	431.21	0.053706	5.0325e-05	0.068587	supercritical
170.00	156.00	723.15	0.0013828	-2.9009	18.671	4.0118	0.79217	2.1885	425.06	0.057194	4.9422e-05	0.067670	supercritical
171.00	156.00	715.00	0.0013986	-0.94974	20.868	4.0247	0.79164	2.2055	419.01	0.060793	4.8536e-05	0.066765	supercritical
172.00	156.00	706.77	0.0014149	1.0100	23.082	4.0376	0.79114	2.2223	413.06	0.064502	4.7666e-05	0.065871	supercritical
173.00	156.00	698.46	0.0014317	2.9780	25.313	4.0505	0.79064	2.2388	407.23	0.068317	4.6814e-05	0.064989	supercritical
174.00	156.00	690.07	0.0014491	4.9534	27.560	4.0635	0.79015	2.2550	401.53	0.072235	4.5979e-05	0.064118	supercritical
175.00	156.00	681.62	0.0014671	6.9358	29.823	4.0764	0.78966	2.2706	395.97	0.076252	4.5160e-05	0.063260	supercritical
176.00	156.00	673.09	0.0014857	8.9242	32.101	4.0894	0.78918	2.2856	390.54	0.080362	4.4359e-05	0.062413	supercritical
177.00	156.00	664.51	0.0015049	10.918	34.394	4.1024	0.78868	2.2998	385.27	0.084559	4.3575e-05	0.061579	supercritical
178.00	156.00	655.88	0.0015247	12.915	36.700	4.1154	0.78818	2.3131	380.16	0.088834	4.2808e-05	0.060756	supercritical
179.00	156.00	647.21	0.0015451	14.916	39.019	4.1284	0.78766	2.3252	375.22	0.093179	4.2059e-05	0.059946	supercritical
180.00	156.00	638.52	0.0015661	16.918	41.350	4.1414	0.78713	2.3361	370.45	0.097584	4.1328e-05	0.059148	supercritical
181.00	156.00	629.80	0.0015878	18.921	43.691	4.1544	0.78657	2.3456	365.86	0.10204	4.0615e-05	0.058362	supercritical
182.00	156.00	621.07	0.0016101	20.923	46.041	4.1673	0.78598	2.3537	361.45	0.10653	3.9920e-05	0.057589	supercritical
183.00	156.00	612.35	0.0016331	22.922	48.398	4.1802	0.78536	2.3601	357.24	0.11106	3.9244e-05	0.056829	supercritical
184.00	156.00	603.64	0.0016566	24.917	50.761	4.1931	0.78470	2.3649	353.22	0.11559	3.8586e-05	0.056082	supercritical
185.00	156.00	594.96	0.0016808	26.907	53.127	4.2059	0.78400	2.3679	349.40	0.12014	3.7947e-05	0.055347	supercritical
186.00	156.00	586.33	0.0017055	28.889	55.496	4.2187	0.78326	2.3691	345.77	0.12467	3.7326e-05	0.054626	supercritical
187.00	156.00	577.74	0.0017309	30.863	57.865	4.2314	0.78246	2.3684	342.34	0.12918	3.6725e-05	0.053918	supercritical
188.00	156.00	569.23	0.0017568	32.826	60.232	4.2440	0.78161	2.3658	339.10	0.13365	3.6143e-05	0.053225	supercritical
189.00	156.00	560.79	0.0017832	34.778	62.596	4.2566	0.78071	2.3613	336.06	0.13808	3.5579e-05	0.052545	supercritical
190.00	156.00	552.45	0.0018101	36.716	64.954	4.2690	0.77975	2.3549	333.20	0.14245	3.5035e-05	0.051879	supercritical
191.00	156.00	544.20	0.0018375	38.639	67.305	4.2813	0.77873	2.3467	330.54	0.14675	3.4510e-05	0.051228	supercritical
192.00	156.00	536.07	0.0018654	40.546	69.647	4.2936	0.77765	2.3367	328.06	0.15096	3.4004e-05	0.050592	supercritical
193.00	156.00	528.06	0.0018937	42.436	71.978	4.3057	0.77651	2.3249	325.75	0.15507	3.3516e-05	0.049971	supercritical
194.00	156.00	520.19	0.0019224	44.307	74.296	4.3177	0.77532	2.3115	323.62	0.15907	3.3047e-05	0.049365	supercritical
195.00	156.00	512.45	0.0019514	46.158	76.600	4.3295	0.77407	2.2966	321.65	0.16296	3.2597e-05	0.048774	supercritical
196.00	156.00	504.85	0.0019808	47.989	78.889	4.3412	0.77277	2.2803	319.85	0.16672	3.2165e-05	0.048200	supercritical
197.00	156.00	497.41	0.0020104	49.798	81.160	4.3528	0.77142	2.2626	318.20	0.17035	3.1750e-05	0.047641	supercritical
198.00	156.00	490.12	0.0020403	51.585	83.414	4.3642	0.77003	2.2438	316.70	0.17383	3.1353e-05	0.047098	supercritical
199.00	156.00	483.00	0.0020704	53.349	85.647	4.3754	0.76860	2.2240	315.33	0.17717	3.0974e-05	0.046571	supercritical
200.00	156.00	476.03	0.0021007	55.090	87.861	4.3865	0.76714	2.2033	314.10	0.18036	3.0611e-05	0.046061	supercritical
201.00	156.00	469.23	0.0021311	56.808	90.054	4.3975	0.76565	2.1819	313.00	0.18339	3.0264e-05	0.045566	supercritical
202.00	156.00	462.60	0.0021617	58.502	92.225	4.4082	0.76414	2.1599	312.02	0.18627	2.9933e-05	0.045088	supercritical
203.00	156.00	456.13	0.0021924	60.173	94.374	4.4189	0.76260	2.1375	311.14	0.18900	2.9618e-05	0.044626	supercritical
204.00	156.00	449.82	0.0022231	61.819	96.500	4.4293	0.76106	2.1148	310.38	0.19157	2.9318e-05	0.044180	supercritical
205.00	156.00	443.68	0.0022539	63.443	98.603	4.4396	0.75950	2.0918	309.71	0.19399	2.9031e-05	0.043749	supercritical
206.00	156.00	437.70	0.0022847	65.042	100.68	4.4497	0.75794	2.0688	309.14	0.19626	2.8759e-05	0.043334	supercritical
207.00	156.00	431.88	0.0023155	66.619	102.74	4.4597	0.75638	2.0458	308.65	0.19838	2.8500e-05	0.042934	supercritical
208.00	156.00	426.21	0.0023463	68.173	104.77	4.4695	0.75481	2.0228	308.25	0.20036	2.8254e-05	0.042549	supercritical
209.00	156.00	420.70	0.0023770	69.705	106.79	4.4791	0.75326	2.0000	307.92	0.20220	2.8020e-05	0.042178	supercritical
210.00	156.00	415.33	0.0024077	71.215	108.78	4.4886	0.75171	1.9775	307.66	0.20390	2.7798e-05	0.041822	supercritical
211.00	156.00	410.12	0.0024383	72.704	110.74	4.4980	0.75018	1.9552	307.47	0.20547	2.7587e-05	0.041480	supercritical
212.00	156.00	405.04	0.0024689	74.171	112.69	4.5072	0.74866	1.9333	307.34	0.20692	2.7387e-05	0.041151	supercritical
213.00	156.00	400.10	0.0024994	75.618	114.61	4.5162	0.74716	1.9117	307.26	0.20824	2.7198e-05	0.040835	supercritical
214.00	156.00	395.30	0.0025297	77.045	116.51	4.5251	0.74567	1.8905	307.24	0.20944	2.7018e-05	0.040532	supercritical
215.00	156.00	390.63	0.0025600	78.453	118.39	4.5339	0.74421	1.8698	307.27	0.21053	2.6847e-05	0.040241	supercritical
216.00	156.00	386.08	0.0025902	79.842	120.25	4.5425	0.74276	1.8495	307.34	0.21151	2.6686e-05	0.039962	supercritical
217.00	156.00	381.65	0.0026202	81.213	122.09	4.5510	0.74134	1.8296	307.45	0.21239	2.6533e-05	0.039695	supercritical
218.00	156.00	377.34	0.0026501	82.566	123.91	4.5594	0.73995	1.8102	307.61	0.21317	2.6388e-05	0.039438	supercritical
219.00	156.00	373.15	0.0026799	83.902	125.71	4.5676	0.73857	1.7913	307.80	0.21386	2.6251e-05	0.039193	supercritical
220.00	156.00	369.06	0.0027096	85.222	127.49	4.5757	0.73722	1.7729	308.02	0.21445	2.6121e-05	0.038958	supercritical
221.00	156.00	365.08	0.0027391	86.525	129.26	4.5837	0.73590	1.7549	308.27	0.21496	2.5999e-05	0.038732	supercritical
222.00	156.00	361.21	0.0027685	87.812	131.00	4.5916	0.73460	1.7375	308.56	0.21539	2.5883e-05	0.038517	supercritical
223.00	156.00	357.43	0.0027978	89.085	132.73	4.5994	0.73333	1.7205	308.87	0.21574	2.5773e-05	0.038310	supercritical
224.00	156.00	353.75	0.0028269	90.343	134.44	4.6070	0.73209	1.7039	309.20	0.21602	2.5670e-05	0.038113	supercritical
225.00	156.00	350.16	0.0028559	91.586	136.14	4.6146	0.73087	1.6878	309.56	0.21622	2.5572e-05	0.037923	supercritical
226.00	156.00	346.65	0.0028847	92.816	137.82	4.6220	0.72968	1.6722	309.94	0.21636	2.5480e-05	0.037743	supercritical
227.00	156.00	343.24	0.0029134	94.033	139.48	4.6294	0.72852	1.6570	310.34	0.21643	2.5394e-05	0.037570	supercritical
228.00	156.00	339.91	0.0029420	95.237	141.13	4.6366	0.72738	1.6422	310.76	0.21645	2.5312e-05	0.037404	supercritical
229.00	156.00	336.65	0.0029704	96.429	142.77	4.6438	0.72627	1.6278	311.19	0.21641	2.5235e-05	0.037246	supercritical
230.00	156.00	333.48	0.0029987	97.608	144.39	4.6509	0.72518	1.6139	311.64	0.21631	2.5163e-05	0.037095	supercritical
231.00	156.00	330.38	0.0030268	98.776	145.99	4.6578	0.72412	1.6003	312.11	0.21616	2.5096e-05	0.036951	supercritical
232.00	156.00	327.35	0.0030548	99.933	147.59	4.6647	0.72308	1.5871	312.59	0.21597	2.5032e-05	0.036813	supercritical
233.00	156.00	324.39	0.0030827	101.08	149.17	4.6715	0.72207	1.5744	313.08	0.21572	2.4972e-05	0.036682	supercritical
234.00	156.00	321.50	0.0031105	102.21	150.74	4.6782	0.72109	1.5619	313.59	0.21544	2.4917e-05	0.036556	supercritical
235.00	156.00	318.67	0.0031381	103.34	152.29	4.6849	0.72012	1.5498	314.10	0.21511	2.4865e-05	0.036437	supercritical
236.00	156.00	315.90	0.0031655	104.45	153.84	4.6914	0.71918	1.5381	314.62	0.21475	2.4816e-05	0.036322	supercritical
237.00	156.00	313.20	0.0031929	105.56	155.37	4.6979	0.71827	1.5267	315.16	0.21434	2.4771e-05	0.036214	supercritical
238.00	156.00	310.55	0.0032201	106.66	156.89	4.7043	0.71737	1.5156	315.70	0.21391	2.4729e-05	0.036110	supercritical
239.00	156.00	307.96	0.0032472	107.74	158.40	4.7106	0.71650	1.5049	316.25	0.21344	2.4690e-05	0.036011	supercritical
240.00	156.00	305.42	0.0032742	108.82	159.90	4.7169	0.71565	1.4944	316.81	0.21294	2.4653e-05	0.035917	supercritical
241.00	156.00	302.94	0.0033010	109.89	161.39	4.7231	0.71483	1.4842	317.37	0.21241	2.4620e-05	0.035828	supercritical
242.00	156.00	300.51	0.0033277	110.96	162.87	4.7292	0.71402	1.4743	317.94	0.21185	2.4589e-05	0.035743	supercritical
243.00	156.00	298.12	0.0033543	112.01	164.34	4.7353	0.71323	1.4647	318.52	0.21127	2.4561e-05	0.035662	supercritical
244.00	156.00	295.79	0.0033808	113.06	165.80	4.7413	0.71247	1.4553	319.10	0.21066	2.4536e-05	0.035585	supercritical
245.00	156.00	293.50	0.0034072	114.10	167.25	4.7472	0.71172	1.4462	319.69	0.21003	2.4512e-05	0.035513	supercritical
246.00	156.00	291.26	0.0034334	115.13	168.69	4.7531	0.71099	1.4374	320.28	0.20938	2.4491e-05	0.035444	supercritical
247.00	156.00	289.06	0.0034595	116.16	170.12	4.7589	0.71029	1.4287	320.87	0.20871	2.4473e-05	0.035379	supercritical
248.00	156.00	286.90	0.0034856	117.17	171.55	4.7646	0.70960	1.4203	321.47	0.20802	2.4456e-05	0.035317	supercritical
249.00	156.00	284.78	0.0035115	118.19	172.96	4.7703	0.70892	1.4122	322.08	0.20732	2.4441e-05	0.035259	supercritical
250.00	156.00	282.70	0.0035373	119.19	174.37	4.7760	0.70827	1.4042	322.68	0.20659	2.4428e-05	0.035204	supercritical
251.00	156.00	280.66	0.0035630	120.19	175.77	4.7816	0.70763	1.3965	323.29	0.20585	2.4417e-05	0.035152	supercritical
252.00	156.00	278.66	0.0035886	121.18	177.17	4.7871	0.70701	1.3889	323.90	0.20510	2.4408e-05	0.035103	supercritical
253.00	156.00	276.70	0.0036141	122.17	178.55	4.7926	0.70641	1.3816	324.51	0.20433	2.4400e-05	0.035057	supercritical
254.00	156.00	274.77	0.0036395	123.15	179.93	4.7980	0.70582	1.3744	325.13	0.20355	2.4395e-05	0.035014	supercritical
255.00	156.00	272.87	0.0036648	124.13	181.30	4.8034	0.70524	1.3674	325.75	0.20276	2.4390e-05	0.034974	supercritical
256.00	156.00	271.01	0.0036899	125.10	182.66	4.8088	0.70469	1.3606	326.36	0.20195	2.4387e-05	0.034936	supercritical
257.00	156.00	269.18	0.0037150	126.07	184.02	4.8141	0.70414	1.3540	326.98	0.20114	2.4386e-05	0.034901	supercritical
258.00	156.00	267.38	0.0037401	127.03	185.37	4.8193	0.70362	1.3475	327.61	0.20031	2.4386e-05	0.034869	supercritical
259.00	156.00	265.61	0.0037650	127.98	186.72	4.8245	0.70310	1.3412	328.23	0.19948	2.4387e-05	0.034839	supercritical
260.00	156.00	263.87	0.0037898	128.93	188.05	4.8297	0.70260	1.3350	328.85	0.19864	2.4390e-05	0.034811	supercritical
261.00	156.00	262.16	0.0038145	129.88	189.39	4.8348	0.70211	1.3290	329.48	0.19779	2.4394e-05	0.034785	supercritical
262.00	156.00	260.47	0.0038392	130.82	190.71	4.8398	0.70164	1.3232	330.10	0.19694	2.4399e-05	0.034762	supercritical
263.00	156.00	258.82	0.0038637	131.76	192.03	4.8449	0.70118	1.3175	330.73	0.19608	2.4405e-05	0.034741	supercritical
264.00	156.00	257.19	0.0038882	132.69	193.35	4.8499	0.70073	1.3119	331.35	0.19521	2.4413e-05	0.034721	supercritical
265.00	156.00	255.59	0.0039126	133.62	194.66	4.8548	0.70030	1.3064	331.98	0.19434	2.4421e-05	0.034704	supercritical
266.00	156.00	254.01	0.0039369	134.55	195.96	4.8597	0.69987	1.3011	332.61	0.19346	2.4431e-05	0.034689	supercritical
267.00	156.00	252.46	0.0039611	135.47	197.26	4.8646	0.69946	1.2959	333.23	0.19257	2.4441e-05	0.034675	supercritical
268.00	156.00	250.93	0.0039852	136.38	198.55	4.8694	0.69906	1.2908	333.86	0.19169	2.4453e-05	0.034663	supercritical
269.00	156.00	249.42	0.0040093	137.30	199.84	4.8742	0.69867	1.2858	334.48	0.19080	2.4465e-05	0.034653	supercritical
270.00	156.00	247.94	0.0040333	138.20	201.12	4.8790	0.69829	1.2810	335.11	0.18991	2.4478e-05	0.034645	supercritical
271.00	156.00	246.48	0.0040572	139.11	202.40	4.8837	0.69793	1.2763	335.74	0.18901	2.4493e-05	0.034638	supercritical
272.00	156.00	245.04	0.0040810	140.01	203.68	4.8884	0.69757	1.2716	336.36	0.18811	2.4508e-05	0.034633	supercritical
273.00	156.00	243.62	0.0041048	140.91	204.95	4.8931	0.69722	1.2671	336.99	0.18721	2.4523e-05	0.034629	supercritical
274.00	156.00	242.22	0.0041285	141.81	206.21	4.8977	0.69689	1.2627	337.61	0.18631	2.4540e-05	0.034627	supercritical
275.00	156.00	240.84	0.0041521	142.70	207.47	4.9023	0.69656	1.2583	338.24	0.18540	2.4557e-05	0.034626	supercritical
276.00	156.00	239.48	0.0041757	143.59	208.73	4.9068	0.69624	1.2541	338.86	0.18450	2.4576e-05	0.034627	supercritical
277.00	156.00	238.14	0.0041991	144.47	209.98	4.9114	0.69594	1.2500	339.48	0.18359	2.4594e-05	0.034628	supercritical
278.00	156.00	236.82	0.0042225	145.36	211.23	4.9159	0.69564	1.2459	340.10	0.18268	2.4614e-05	0.034632	supercritical
279.00	156.00	235.52	0.0042459	146.24	212.47	4.9203	0.69535	1.2419	340.72	0.18178	2.4634e-05	0.034636	supercritical
280.00	156.00	234.24	0.0042692	147.11	213.71	4.9248	0.69507	1.2381	341.35	0.18087	2.4655e-05	0.034642	supercritical
281.00	156.00	232.97	0.0042924	147.99	214.95	4.9292	0.69480	1.2343	341.97	0.17996	2.4676e-05	0.034649	supercritical
282.00	156.00	231.72	0.0043155	148.86	216.18	4.9336	0.69454	1.2305	342.58	0.17905	2.4698e-05	0.034657	supercritical
283.00	156.00	230.49	0.0043386	149.73	217.41	4.9379	0.69428	1.2269	343.20	0.17815	2.4721e-05	0.034666	supercritical
284.00	156.00	229.27	0.0043616	150.59	218.63	4.9422	0.69404	1.2233	343.82	0.17724	2.4744e-05	0.034676	supercritical
285.00	156.00	228.07	0.0043846	151.46	219.86	4.9465	0.69380	1.2198	344.43	0.17634	2.4768e-05	0.034687	supercritical
286.00	156.00	226.89	0.0044075	152.32	221.07	4.9508	0.69357	1.2164	345.05	0.17543	2.4792e-05	0.034699	supercritical
287.00	156.00	225.72	0.0044303	153.17	222.29	4.9550	0.69335	1.2131	345.66	0.17453	2.4817e-05	0.034713	supercritical
288.00	156.00	224.56	0.0044531	154.03	223.50	4.9592	0.69313	1.2098	346.28	0.17362	2.4842e-05	0.034727	supercritical
289.00	156.00	223.42	0.0044758	154.88	224.71	4.9634	0.69292	1.2066	346.89	0.17272	2.4868e-05	0.034742	supercritical
290.00	156.00	222.30	0.0044985	155.74	225.91	4.9676	0.69273	1.2034	347.50	0.17182	2.4894e-05	0.034758	supercritical
291.00	156.00	221.18	0.0045211	156.58	227.11	4.9717	0.69253	1.2003	348.11	0.17093	2.4920e-05	0.034775	supercritical
292.00	156.00	220.09	0.0045437	157.43	228.31	4.9758	0.69235	1.1973	348.71	0.17003	2.4947e-05	0.034792	supercritical
293.00	156.00	219.00	0.0045662	158.28	229.51	4.9799	0.69217	1.1943	349.32	0.16913	2.4975e-05	0.034811	supercritical
294.00	156.00	217.93	0.0045886	159.12	230.70	4.9840	0.69200	1.1914	349.93	0.16824	2.5003e-05	0.034830	supercritical
295.00	156.00	216.87	0.0046110	159.96	231.89	4.9880	0.69183	1.1886	350.53	0.16735	2.5031e-05	0.034850	supercritical
296.00	156.00	215.82	0.0046334	160.80	233.08	4.9921	0.69167	1.1858	351.13	0.16646	2.5060e-05	0.034870	supercritical
297.00	156.00	214.79	0.0046557	161.63	234.26	4.9960	0.69152	1.1830	351.74	0.16558	2.5089e-05	0.034892	supercritical
298.00	156.00	213.77	0.0046779	162.47	235.45	5.0000	0.69137	1.1803	352.34	0.16469	2.5118e-05	0.034913	supercritical
299.00	156.00	212.76	0.0047001	163.30	236.62	5.0040	0.69124	1.1777	352.94	0.16381	2.5148e-05	0.034936	supercritical
300.00	156.00	211.76	0.0047223	164.13	237.80	5.0079	0.69110	1.1751	353.53	0.16293	2.5178e-05	0.034959	supercritical
301.00	156.00	210.78	0.0047444	164.96	238.97	5.0118	0.69097	1.1726	354.13	0.16206	2.5209e-05	0.034982	supercritical
302.00	156.00	209.80	0.0047664	165.79	240.15	5.0157	0.69085	1.1701	354.73	0.16118	2.5239e-05	0.035006	supercritical
303.00	156.00	208.84	0.0047884	166.61	241.31	5.0196	0.69074	1.1676	355.32	0.16031	2.5270e-05	0.035030	supercritical
304.00	156.00	207.88	0.0048104	167.44	242.48	5.0234	0.69063	1.1652	355.91	0.15945	2.5302e-05	0.035055	supercritical
305.00	156.00	206.94	0.0048323	168.26	243.64	5.0272	0.69052	1.1629	356.51	0.15858	2.5333e-05	0.035079	supercritical
306.00	156.00	206.01	0.0048542	169.08	244.81	5.0310	0.69042	1.1606	357.10	0.15772	2.5365e-05	0.035103	supercritical
307.00	156.00	205.09	0.0048760	169.90	245.97	5.0348	0.69033	1.1583	357.68	0.15686	2.5398e-05	0.035126	supercritical
308.00	156.00	204.17	0.0048978	170.72	247.12	5.0386	0.69024	1.1561	358.27	0.15600	2.5430e-05	0.035148	supercritical
309.00	156.00	203.27	0.0049195	171.53	248.28	5.0423	0.69016	1.1539	358.86	0.15515	2.5463e-05	0.035161	supercritical
310.00	156.00	202.38	0.0049412	172.35	249.43	5.0460	0.69008	1.1517	359.44	0.15430	2.5496e-05	0.035184	supercritical
311.00	156.00	201.50	0.0049629	173.16	250.58	5.0497	0.69001	1.1496	360.03	0.15345	2.5529e-05	0.035220	supercritical
312.00	156.00	200.62	0.0049845	173.97	251.73	5.0534	0.68994	1.1475	360.61	0.15261	2.5562e-05	0.035257	supercritical
313.00	156.00	199.76	0.0050060	174.78	252.88	5.0571	0.68988	1.1455	361.19	0.15177	2.5596e-05	0.035294	supercritical
314.00	156.00	198.90	0.0050276	175.59	254.02	5.0607	0.68982	1.1435	361.77	0.15093	2.5630e-05	0.035331	supercritical
315.00	156.00	198.06	0.0050491	176.40	255.16	5.0644	0.68977	1.1416	362.35	0.15010	2.5664e-05	0.035369	supercritical
316.00	156.00	197.22	0.0050705	177.20	256.30	5.0680	0.68972	1.1396	362.92	0.14927	2.5699e-05	0.035407	supercritical
317.00	156.00	196.39	0.0050919	178.01	257.44	5.0716	0.68968	1.1377	363.50	0.14844	2.5733e-05	0.035446	supercritical
318.00	156.00	195.57	0.0051133	178.81	258.58	5.0752	0.68964	1.1359	364.07	0.14761	2.5768e-05	0.035485	supercritical
319.00	156.00	194.76	0.0051346	179.61	259.71	5.0787	0.68961	1.1341	364.64	0.14679	2.5803e-05	0.035525	supercritical
320.00	156.00	193.95	0.0051559	180.42	260.85	5.0823	0.68958	1.1323	365.22	0.14597	2.5838e-05	0.035565	supercritical
321.00	156.00	193.16	0.0051772	181.22	261.98	5.0858	0.68955	1.1305	365.78	0.14516	2.5873e-05	0.035605	supercritical
322.00	156.00	192.37	0.0051984	182.01	263.11	5.0893	0.68953	1.1288	366.35	0.14435	2.5909e-05	0.035646	supercritical
323.00	156.00	191.59	0.0052196	182.81	264.24	5.0928	0.68951	1.1271	366.92	0.14354	2.5945e-05	0.035687	supercritical
324.00	156.00	190.81	0.0052407	183.61	265.36	5.0963	0.68950	1.1254	367.49	0.14274	2.5980e-05	0.035728	supercritical
325.00	156.00	190.05	0.0052618	184.40	266.49	5.0998	0.68949	1.1238	368.05	0.14194	2.6016e-05	0.035770	supercritical
326.00	156.00	189.29	0.0052829	185.20	267.61	5.1032	0.68949	1.1221	368.61	0.14114	2.6053e-05	0.035812	supercritical
327.00	156.00	188.54	0.0053040	185.99	268.73	5.1067	0.68949	1.1206	369.17	0.14034	2.6089e-05	0.035854	supercritical
328.00	156.00	187.79	0.0053250	186.78	269.85	5.1101	0.68949	1.1190	369.73	0.13955	2.6125e-05	0.035897	supercritical
329.00	156.00	187.06	0.0053460	187.57	270.97	5.1135	0.68950	1.1175	370.29	0.13877	2.6162e-05	0.035940	supercritical
330.00	156.00	186.33	0.0053669	188.36	272.09	5.1169	0.68951	1.1160	370.85	0.13798	2.6199e-05	0.035983	supercritical
331.00	156.00	185.60	0.0053878	189.15	273.20	5.1202	0.68952	1.1145	371.41	0.13720	2.6236e-05	0.036027	supercritical
332.00	156.00	184.89	0.0054087	189.94	274.32	5.1236	0.68954	1.1130	371.96	0.13643	2.6273e-05	0.036071	supercritical
333.00	156.00	184.18	0.0054296	190.73	275.43	5.1269	0.68957	1.1116	372.52	0.13565	2.6310e-05	0.036115	supercritical
334.00	156.00	183.47	0.0054504	191.51	276.54	5.1303	0.68959	1.1102	373.07	0.13488	2.6347e-05	0.036160	supercritical
335.00	156.00	182.78	0.0054712	192.30	277.65	5.1336	0.68962	1.1088	373.62	0.13412	2.6385e-05	0.036205	supercritical
336.00	156.00	182.09	0.0054919	193.08	278.76	5.1369	0.68966	1.1075	374.17	0.13335	2.6422e-05	0.036250	supercritical
337.00	156.00	181.40	0.0055126	193.87	279.86	5.1402	0.68969	1.1061	374.72	0.13259	2.6460e-05	0.036295	supercritical
338.00	156.00	180.72	0.0055333	194.65	280.97	5.1435	0.68973	1.1048	375.26	0.13184	2.6498e-05	0.036341	supercritical
339.00	156.00	180.05	0.0055540	195.43	282.07	5.1467	0.68978	1.1035	375.81	0.13108	2.6536e-05	0.036386	supercritical
340.00	156.00	179.38	0.0055746	196.21	283.18	5.1500	0.68983	1.1022	376.35	0.13033	2.6574e-05	0.036433	supercritical
341.00	156.00	178.72	0.0055952	196.99	284.28	5.1532	0.68988	1.1010	376.90	0.12959	2.6612e-05	0.036479	supercritical
342.00	156.00	178.07	0.0056158	197.77	285.38	5.1564	0.68993	1.0998	377.44	0.12885	2.6650e-05	0.036526	supercritical
343.00	156.00	177.42	0.0056364	198.55	286.48	5.1596	0.68999	1.0986	377.98	0.12811	2.6688e-05	0.036572	supercritical
344.00	156.00	176.78	0.0056569	199.33	287.58	5.1628	0.69005	1.0974	378.52	0.12737	2.6726e-05	0.036619	supercritical
345.00	156.00	176.14	0.0056774	200.10	288.67	5.1660	0.69011	1.0962	379.06	0.12664	2.6765e-05	0.036667	supercritical
346.00	156.00	175.50	0.0056978	200.88	289.77	5.1692	0.69018	1.0951	379.59	0.12591	2.6803e-05	0.036714	supercritical
347.00	156.00	174.88	0.0057183	201.66	290.86	5.1723	0.69025	1.0939	380.13	0.12519	2.6842e-05	0.036762	supercritical
348.00	156.00	174.26	0.0057387	202.43	291.96	5.1755	0.69032	1.0928	380.66	0.12446	2.6881e-05	0.036810	supercritical
349.00	156.00	173.64	0.0057591	203.21	293.05	5.1786	0.69040	1.0917	381.19	0.12374	2.6920e-05	0.036858	supercritical
350.00	156.00	173.03	0.0057794	203.98	294.14	5.1818	0.69048	1.0906	381.73	0.12303	2.6958e-05	0.036907	supercritical
351.00	156.00	172.42	0.0057998	204.75	295.23	5.1849	0.69056	1.0896	382.26	0.12232	2.6997e-05	0.036955	supercritical
352.00	156.00	171.82	0.0058201	205.52	296.32	5.1880	0.69065	1.0886	382.79	0.12161	2.7036e-05	0.037004	supercritical
353.00	156.00	171.22	0.0058404	206.30	297.41	5.1910	0.69073	1.0875	383.31	0.12090	2.7076e-05	0.037053	supercritical
354.00	156.00	170.63	0.0058606	207.07	298.49	5.1941	0.69083	1.0865	383.84	0.12020	2.7115e-05	0.037102	supercritical
355.00	156.00	170.04	0.0058809	207.84	299.58	5.1972	0.69092	1.0855	384.36	0.11950	2.7154e-05	0.037151	supercritical
356.00	156.00	169.46	0.0059011	208.61	300.66	5.2002	0.69102	1.0846	384.89	0.11881	2.7193e-05	0.037201	supercritical
357.00	156.00	168.88	0.0059212	209.38	301.75	5.2033	0.69111	1.0836	385.41	0.11812	2.7233e-05	0.037251	supercritical
358.00	156.00	168.31	0.0059414	210.15	302.83	5.2063	0.69122	1.0827	385.93	0.11743	2.7272e-05	0.037300	supercritical
359.00	156.00	167.74	0.0059615	210.91	303.91	5.2093	0.69132	1.0818	386.45	0.11674	2.7312e-05	0.037350	supercritical
360.00	156.00	167.18	0.0059817	211.68	304.99	5.2123	0.69143	1.0808	386.97	0.11606	2.7351e-05	0.037401	supercritical
361.00	156.00	166.62	0.0060017	212.45	306.08	5.2153	0.69154	1.0799	387.49	0.11538	2.7391e-05	0.037451	supercritical
362.00	156.00	166.06	0.0060218	213.21	307.15	5.2183	0.69165	1.0791	388.01	0.11471	2.7430e-05	0.037502	supercritical
363.00	156.00	165.51	0.0060419	213.98	308.23	5.2213	0.69177	1.0782	388.52	0.11403	2.7470e-05	0.037552	supercritical
364.00	156.00	164.97	0.0060619	214.75	309.31	5.2243	0.69188	1.0774	389.04	0.11337	2.7510e-05	0.037603	supercritical
365.00	156.00	164.42	0.0060819	215.51	310.39	5.2272	0.69200	1.0765	389.55	0.11270	2.7550e-05	0.037654	supercritical
366.00	156.00	163.88	0.0061018	216.28	311.46	5.2302	0.69213	1.0757	390.06	0.11204	2.7590e-05	0.037705	supercritical
367.00	156.00	163.35	0.0061218	217.04	312.54	5.2331	0.69225	1.0749	390.58	0.11138	2.7629e-05	0.037757	supercritical
368.00	156.00	162.82	0.0061417	217.80	313.61	5.2360	0.69238	1.0741	391.09	0.11072	2.7669e-05	0.037808	supercritical
369.00	156.00	162.29	0.0061616	218.57	314.69	5.2389	0.69251	1.0733	391.59	0.11007	2.7709e-05	0.037860	supercritical
370.00	156.00	161.77	0.0061815	219.33	315.76	5.2418	0.69264	1.0725	392.10	0.10942	2.7749e-05	0.037912	supercritical
371.00	156.00	161.25	0.0062014	220.09	316.83	5.2447	0.69277	1.0718	392.61	0.10877	2.7789e-05	0.037963	supercritical
372.00	156.00	160.74	0.0062212	220.85	317.90	5.2476	0.69291	1.0710	393.11	0.10813	2.7830e-05	0.038015	supercritical
373.00	156.00	160.23	0.0062411	221.61	318.97	5.2505	0.69305	1.0703	393.62	0.10749	2.7870e-05	0.038068	supercritical
374.00	156.00	159.72	0.0062609	222.38	320.04	5.2534	0.69319	1.0696	394.12	0.10685	2.7910e-05	0.038120	supercritical
375.00	156.00	159.22	0.0062807	223.14	321.11	5.2562	0.69333	1.0689	394.62	0.10622	2.7950e-05	0.038172	supercritical
376.00	156.00	158.72	0.0063004	223.90	322.18	5.2591	0.69348	1.0682	395.12	0.10558	2.7990e-05	0.038225	supercritical
377.00	156.00	158.22	0.0063202	224.66	323.25	5.2619	0.69363	1.0675	395.62	0.10496	2.8031e-05	0.038277	supercritical
378.00	156.00	157.73	0.0063399	225.42	324.32	5.2647	0.69378	1.0668	396.12	0.10433	2.8071e-05	0.038330	supercritical
379.00	156.00	157.24	0.0063596	226.17	325.38	5.2675	0.69393	1.0662	396.62	0.10371	2.8111e-05	0.038383	supercritical
380.00	156.00	156.76	0.0063793	226.93	326.45	5.2703	0.69408	1.0655	397.12	0.10309	2.8152e-05	0.038436	supercritical
381.00	156.00	156.28	0.0063990	227.69	327.52	5.2731	0.69424	1.0649	397.61	0.10247	2.8192e-05	0.038489	supercritical
382.00	156.00	155.80	0.0064186	228.45	328.58	5.2759	0.69440	1.0643	398.11	0.10186	2.8233e-05	0.038543	supercritical
383.00	156.00	155.32	0.0064382	229.21	329.64	5.2787	0.69456	1.0636	398.60	0.10125	2.8273e-05	0.038596	supercritical
384.00	156.00	154.85	0.0064579	229.96	330.71	5.2815	0.69472	1.0630	399.09	0.10064	2.8313e-05	0.038649	supercritical
385.00	156.00	154.38	0.0064775	230.72	331.77	5.2842	0.69488	1.0624	399.58	0.10004	2.8354e-05	0.038703	supercritical
386.00	156.00	153.92	0.0064970	231.48	332.83	5.2870	0.69505	1.0619	400.07	0.099436	2.8394e-05	0.038757	supercritical
387.00	156.00	153.45	0.0065166	232.23	333.89	5.2898	0.69522	1.0613	400.56	0.098837	2.8435e-05	0.038810	supercritical
388.00	156.00	153.00	0.0065361	232.99	334.95	5.2925	0.69539	1.0607	401.05	0.098241	2.8476e-05	0.038864	supercritical
389.00	156.00	152.54	0.0065557	233.75	336.01	5.2952	0.69556	1.0602	401.54	0.097648	2.8516e-05	0.038918	supercritical
390.00	156.00	152.09	0.0065752	234.50	337.07	5.2979	0.69573	1.0596	402.02	0.097058	2.8557e-05	0.038972	supercritical
391.00	156.00	151.64	0.0065946	235.26	338.13	5.3007	0.69591	1.0591	402.51	0.096471	2.8597e-05	0.039026	supercritical
392.00	156.00	151.19	0.0066141	236.01	339.19	5.3034	0.69608	1.0585	402.99	0.095887	2.8638e-05	0.039081	supercritical
393.00	156.00	150.75	0.0066336	236.77	340.25	5.3061	0.69626	1.0580	403.48	0.095306	2.8679e-05	0.039135	supercritical
394.00	156.00	150.31	0.0066530	237.52	341.31	5.3087	0.69644	1.0575	403.96	0.094727	2.8719e-05	0.039189	supercritical
395.00	156.00	149.87	0.0066724	238.28	342.37	5.3114	0.69662	1.0570	404.44	0.094151	2.8760e-05	0.039244	supercritical
396.00	156.00	149.44	0.0066918	239.03	343.42	5.3141	0.69681	1.0565	404.92	0.093578	2.8801e-05	0.039298	supercritical
397.00	156.00	149.00	0.0067112	239.78	344.48	5.3168	0.69699	1.0560	405.40	0.093008	2.8841e-05	0.039353	supercritical
398.00	156.00	148.58	0.0067306	240.54	345.54	5.3194	0.69718	1.0556	405.88	0.092440	2.8882e-05	0.039408	supercritical
399.00	156.00	148.15	0.0067499	241.29	346.59	5.3221	0.69737	1.0551	406.35	0.091875	2.8923e-05	0.039463	supercritical
400.00	156.00	147.73	0.0067693	242.04	347.65	5.3247	0.69756	1.0546	406.83	0.091313	2.8964e-05	0.039518	supercritical
401.00	156.00	147.31	0.0067886	242.80	348.70	5.3273	0.69775	1.0542	407.31	0.090754	2.9004e-05	0.039573	supercritical
402.00	156.00	146.89	0.0068079	243.55	349.75	5.3300	0.69795	1.0538	407.78	0.090197	2.9045e-05	0.039628	supercritical
403.00	156.00	146.47	0.0068272	244.30	350.81	5.3326	0.69814	1.0533	408.25	0.089643	2.9086e-05	0.039683	supercritical
404.00	156.00	146.06	0.0068465	245.06	351.86	5.3352	0.69834	1.0529	408.72	0.089092	2.9127e-05	0.039738	supercritical
405.00	156.00	145.65	0.0068657	245.81	352.91	5.3378	0.69854	1.0525	409.20	0.088543	2.9167e-05	0.039794	supercritical
406.00	156.00	145.24	0.0068850	246.56	353.97	5.3404	0.69874	1.0521	409.67	0.087997	2.9208e-05	0.039849	supercritical
407.00	156.00	144.84	0.0069042	247.31	355.02	5.3430	0.69894	1.0517	410.14	0.087454	2.9249e-05	0.039904	supercritical
408.00	156.00	144.44	0.0069234	248.06	356.07	5.3456	0.69914	1.0513	410.60	0.086913	2.9290e-05	0.039960	supercritical
409.00	156.00	144.04	0.0069426	248.81	357.12	5.3481	0.69935	1.0509	411.07	0.086374	2.9331e-05	0.040015	supercritical
410.00	156.00	143.64	0.0069618	249.57	358.17	5.3507	0.69955	1.0505	411.54	0.085839	2.9371e-05	0.040071	supercritical
411.00	156.00	143.25	0.0069810	250.32	359.22	5.3532	0.69976	1.0501	412.00	0.085306	2.9412e-05	0.040127	supercritical
412.00	156.00	142.85	0.0070002	251.07	360.27	5.3558	0.69997	1.0498	412.47	0.084775	2.9453e-05	0.040183	supercritical
413.00	156.00	142.46	0.0070193	251.82	361.32	5.3583	0.70018	1.0494	412.93	0.084247	2.9494e-05	0.040239	supercritical
414.00	156.00	142.08	0.0070384	252.57	362.37	5.3609	0.70039	1.0491	413.40	0.083722	2.9535e-05	0.040294	supercritical
415.00	156.00	141.69	0.0070575	253.32	363.42	5.3634	0.70060	1.0487	413.86	0.083199	2.9575e-05	0.040350	supercritical
416.00	156.00	141.31	0.0070766	254.07	364.47	5.3659	0.70082	1.0484	414.32	0.082679	2.9616e-05	0.040406	supercritical
417.00	156.00	140.93	0.0070957	254.82	365.52	5.3685	0.70103	1.0480	414.78	0.082161	2.9657e-05	0.040463	supercritical
418.00	156.00	140.55	0.0071148	255.57	366.56	5.3710	0.70125	1.0477	415.24	0.081645	2.9698e-05	0.040519	supercritical
419.00	156.00	140.18	0.0071339	256.32	367.61	5.3735	0.70147	1.0474	415.70	0.081132	2.9739e-05	0.040575	supercritical
420.00	156.00	139.80	0.0071529	257.07	368.66	5.3760	0.70169	1.0471	416.16	0.080622	2.9779e-05	0.040631	supercritical
421.00	156.00	139.43	0.0071719	257.82	369.70	5.3785	0.70191	1.0468	416.61	0.080114	2.9820e-05	0.040687	supercritical
422.00	156.00	139.06	0.0071910	258.57	370.75	5.3809	0.70213	1.0465	417.07	0.079608	2.9861e-05	0.040744	supercritical
423.00	156.00	138.70	0.0072100	259.32	371.80	5.3834	0.70235	1.0462	417.52	0.079105	2.9902e-05	0.040800	supercritical
424.00	156.00	138.33	0.0072290	260.07	372.84	5.3859	0.70258	1.0459	417.98	0.078604	2.9943e-05	0.040857	supercritical
425.00	156.00	137.97	0.0072480	260.82	373.89	5.3883	0.70280	1.0456	418.43	0.078105	2.9983e-05	0.040913	supercritical
426.00	156.00	137.61	0.0072669	261.57	374.94	5.3908	0.70303	1.0453	418.89	0.077609	3.0024e-05	0.040970	supercritical
427.00	156.00	137.25	0.0072859	262.32	375.98	5.3933	0.70326	1.0451	419.34	0.077116	3.0065e-05	0.041026	supercritical
428.00	156.00	136.90	0.0073048	263.07	377.03	5.3957	0.70348	1.0448	419.79	0.076624	3.0106e-05	0.041083	supercritical
429.00	156.00	136.54	0.0073238	263.82	378.07	5.3981	0.70371	1.0445	420.24	0.076135	3.0147e-05	0.041140	supercritical
430.00	156.00	136.19	0.0073427	264.57	379.11	5.4006	0.70394	1.0443	420.69	0.075648	3.0187e-05	0.041197	supercritical
431.00	156.00	135.84	0.0073616	265.32	380.16	5.4030	0.70418	1.0440	421.14	0.075164	3.0228e-05	0.041253	supercritical
432.00	156.00	135.49	0.0073805	266.07	381.20	5.4054	0.70441	1.0438	421.58	0.074682	3.0269e-05	0.041310	supercritical
433.00	156.00	135.15	0.0073994	266.82	382.25	5.4078	0.70464	1.0436	422.03	0.074202	3.0310e-05	0.041367	supercritical
434.00	156.00	134.80	0.0074182	267.57	383.29	5.4102	0.70488	1.0433	422.48	0.073724	3.0350e-05	0.041424	supercritical
435.00	156.00	134.46	0.0074371	268.31	384.33	5.4126	0.70511	1.0431	422.92	0.073249	3.0391e-05	0.041481	supercritical
436.00	156.00	134.12	0.0074559	269.06	385.38	5.4150	0.70535	1.0429	423.37	0.072776	3.0432e-05	0.041538	supercritical
437.00	156.00	133.78	0.0074748	269.81	386.42	5.4174	0.70559	1.0427	423.81	0.072305	3.0473e-05	0.041595	supercritical
438.00	156.00	133.45	0.0074936	270.56	387.46	5.4198	0.70583	1.0425	424.25	0.071837	3.0513e-05	0.041652	supercritical
439.00	156.00	133.11	0.0075124	271.31	388.50	5.4222	0.70607	1.0423	424.70	0.071370	3.0554e-05	0.041709	supercritical
440.00	156.00	132.78	0.0075312	272.06	389.55	5.4245	0.70631	1.0420	425.14	0.070906	3.0595e-05	0.041767	supercritical
441.00	156.00	132.45	0.0075500	272.81	390.59	5.4269	0.70655	1.0419	425.58	0.070444	3.0635e-05	0.041824	supercritical
442.00	156.00	132.12	0.0075688	273.56	391.63	5.4293	0.70680	1.0417	426.02	0.069984	3.0676e-05	0.041881	supercritical
443.00	156.00	131.79	0.0075875	274.31	392.67	5.4316	0.70704	1.0415	426.46	0.069526	3.0717e-05	0.041938	supercritical
444.00	156.00	131.47	0.0076063	275.05	393.71	5.4340	0.70728	1.0413	426.89	0.069071	3.0757e-05	0.041996	supercritical
445.00	156.00	131.15	0.0076250	275.80	394.75	5.4363	0.70753	1.0411	427.33	0.068617	3.0798e-05	0.042053	supercritical
446.00	156.00	130.83	0.0076438	276.55	395.79	5.4387	0.70778	1.0409	427.77	0.068166	3.0839e-05	0.042110	supercritical
447.00	156.00	130.51	0.0076625	277.30	396.84	5.4410	0.70802	1.0408	428.20	0.067717	3.0879e-05	0.042168	supercritical
448.00	156.00	130.19	0.0076812	278.05	397.88	5.4433	0.70827	1.0406	428.64	0.067270	3.0920e-05	0.042225	supercritical
449.00	156.00	129.87	0.0076999	278.80	398.92	5.4456	0.70852	1.0404	429.07	0.066825	3.0961e-05	0.042283	supercritical
450.00	156.00	129.56	0.0077186	279.55	399.96	5.4479	0.70877	1.0403	429.51	0.066382	3.1001e-05	0.042340	supercritical
451.00	156.00	129.24	0.0077373	280.30	401.00	5.4503	0.70902	1.0401	429.94	0.065941	3.1042e-05	0.042398	supercritical
452.00	156.00	128.93	0.0077560	281.04	402.04	5.4526	0.70927	1.0400	430.37	0.065502	3.1082e-05	0.042455	supercritical
453.00	156.00	128.62	0.0077746	281.79	403.08	5.4549	0.70952	1.0398	430.81	0.065066	3.1123e-05	0.042513	supercritical
454.00	156.00	128.32	0.0077933	282.54	404.12	5.4572	0.70978	1.0397	431.24	0.064631	3.1163e-05	0.042571	supercritical
455.00	156.00	128.01	0.0078119	283.29	405.16	5.4594	0.71003	1.0396	431.67	0.064198	3.1204e-05	0.042628	supercritical
456.00	156.00	127.70	0.0078306	284.04	406.20	5.4617	0.71029	1.0394	432.10	0.063767	3.1245e-05	0.042686	supercritical
457.00	156.00	127.40	0.0078492	284.79	407.24	5.4640	0.71054	1.0393	432.52	0.063339	3.1285e-05	0.042744	supercritical
458.00	156.00	127.10	0.0078678	285.54	408.27	5.4663	0.71080	1.0392	432.95	0.062912	3.1326e-05	0.042802	supercritical
459.00	156.00	126.80	0.0078864	286.29	409.31	5.4685	0.71105	1.0391	433.38	0.062487	3.1366e-05	0.042859	supercritical
460.00	156.00	126.50	0.0079050	287.04	410.35	5.4708	0.71131	1.0390	433.81	0.062065	3.1406e-05	0.042917	supercritical
461.00	156.00	126.21	0.0079236	287.78	411.39	5.4731	0.71157	1.0388	434.23	0.061644	3.1447e-05	0.042975	supercritical
462.00	156.00	125.91	0.0079421	288.53	412.43	5.4753	0.71183	1.0387	434.66	0.061225	3.1487e-05	0.043033	supercritical
463.00	156.00	125.62	0.0079607	289.28	413.47	5.4775	0.71209	1.0386	435.08	0.060808	3.1528e-05	0.043091	supercritical
464.00	156.00	125.33	0.0079792	290.03	414.51	5.4798	0.71235	1.0385	435.51	0.060393	3.1568e-05	0.043149	supercritical
465.00	156.00	125.03	0.0079978	290.78	415.55	5.4820	0.71261	1.0384	435.93	0.059980	3.1609e-05	0.043206	supercritical
466.00	156.00	124.75	0.0080163	291.53	416.58	5.4843	0.71287	1.0383	436.35	0.059569	3.1649e-05	0.043264	supercritical
467.00	156.00	124.46	0.0080348	292.28	417.62	5.4865	0.71313	1.0383	436.77	0.059160	3.1689e-05	0.043322	supercritical
468.00	156.00	124.17	0.0080534	293.03	418.66	5.4887	0.71339	1.0382	437.20	0.058752	3.1730e-05	0.043380	supercritical
469.00	156.00	123.89	0.0080719	293.78	419.70	5.4909	0.71365	1.0381	437.62	0.058347	3.1770e-05	0.043438	supercritical
470.00	156.00	123.60	0.0080904	294.53	420.74	5.4931	0.71392	1.0380	438.04	0.057943	3.1810e-05	0.043496	supercritical
471.00	156.00	123.32	0.0081089	295.28	421.78	5.4953	0.71418	1.0379	438.45	0.057541	3.1851e-05	0.043554	supercritical
472.00	156.00	123.04	0.0081273	296.03	422.81	5.4975	0.71445	1.0379	438.87	0.057141	3.1891e-05	0.043612	supercritical
473.00	156.00	122.76	0.0081458	296.78	423.85	5.4997	0.71471	1.0378	439.29	0.056743	3.1931e-05	0.043671	supercritical
474.00	156.00	122.48	0.0081643	297.53	424.89	5.5019	0.71498	1.0377	439.71	0.056347	3.1971e-05	0.043729	supercritical
475.00	156.00	122.21	0.0081827	298.28	425.93	5.5041	0.71524	1.0376	440.13	0.055953	3.2012e-05	0.043787	supercritical
476.00	156.00	121.93	0.0082012	299.03	426.96	5.5063	0.71551	1.0376	440.54	0.055560	3.2052e-05	0.043845	supercritical
477.00	156.00	121.66	0.0082196	299.78	428.00	5.5085	0.71578	1.0375	440.96	0.055169	3.2092e-05	0.043903	supercritical
478.00	156.00	121.39	0.0082380	300.53	429.04	5.5106	0.71604	1.0375	441.37	0.054780	3.2132e-05	0.043961	supercritical
479.00	156.00	121.12	0.0082565	301.28	430.08	5.5128	0.71631	1.0374	441.79	0.054392	3.2172e-05	0.044019	supercritical
480.00	156.00	120.85	0.0082749	302.03	431.11	5.5150	0.71658	1.0374	442.20	0.054007	3.2213e-05	0.044078	supercritical
481.00	156.00	120.58	0.0082933	302.78	432.15	5.5171	0.71685	1.0373	442.61	0.053623	3.2253e-05	0.044136	supercritical
482.00	156.00	120.31	0.0083117	303.53	433.19	5.5193	0.71712	1.0373	443.02	0.053241	3.2293e-05	0.044194	supercritical
483.00	156.00	120.05	0.0083300	304.28	434.23	5.5214	0.71739	1.0372	443.44	0.052861	3.2333e-05	0.044252	supercritical
484.00	156.00	119.78	0.0083484	305.03	435.26	5.5236	0.71766	1.0372	443.85	0.052482	3.2373e-05	0.044311	supercritical
485.00	156.00	119.52	0.0083668	305.78	436.30	5.5257	0.71793	1.0372	444.26	0.052105	3.2413e-05	0.044369	supercritical
486.00	156.00	119.26	0.0083852	306.53	437.34	5.5279	0.71820	1.0371	444.67	0.051730	3.2453e-05	0.044427	supercritical
487.00	156.00	119.00	0.0084035	307.28	438.37	5.5300	0.71847	1.0371	445.08	0.051356	3.2493e-05	0.044485	supercritical
488.00	156.00	118.74	0.0084219	308.03	439.41	5.5321	0.71875	1.0371	445.48	0.050984	3.2533e-05	0.044544	supercritical
489.00	156.00	118.48	0.0084402	308.78	440.45	5.5342	0.71902	1.0371	445.89	0.050614	3.2573e-05	0.044602	supercritical
490.00	156.00	118.22	0.0084585	309.53	441.49	5.5364	0.71929	1.0370	446.30	0.050246	3.2613e-05	0.044660	supercritical
491.00	156.00	117.97	0.0084768	310.28	442.52	5.5385	0.71956	1.0370	446.71	0.049879	3.2653e-05	0.044719	supercritical
492.00	156.00	117.71	0.0084952	311.04	443.56	5.5406	0.71984	1.0370	447.11	0.049514	3.2693e-05	0.044777	supercritical
493.00	156.00	117.46	0.0085135	311.79	444.60	5.5427	0.72011	1.0370	447.52	0.049150	3.2733e-05	0.044835	supercritical
494.00	156.00	117.21	0.0085318	312.54	445.63	5.5448	0.72039	1.0370	447.92	0.048788	3.2773e-05	0.044894	supercritical
495.00	156.00	116.96	0.0085501	313.29	446.67	5.5469	0.72066	1.0370	448.33	0.048428	3.2813e-05	0.044952	supercritical
496.00	156.00	116.71	0.0085683	314.04	447.71	5.5490	0.72094	1.0370	448.73	0.048069	3.2853e-05	0.045011	supercritical
497.00	156.00	116.46	0.0085866	314.79	448.74	5.5511	0.72121	1.0370	449.13	0.047712	3.2893e-05	0.045069	supercritical
498.00	156.00	116.21	0.0086049	315.55	449.78	5.5532	0.72149	1.0370	449.54	0.047357	3.2932e-05	0.045128	supercritical
499.00	156.00	115.97	0.0086231	316.30	450.82	5.5552	0.72176	1.0370	449.94	0.047003	3.2972e-05	0.045186	supercritical
500.00	156.00	115.72	0.0086414	317.05	451.86	5.5573	0.72204	1.0370	450.34	0.046650	3.3012e-05	0.045244	supercritical
501.00	156.00	115.48	0.0086596	317.80	452.89	5.5594	0.72231	1.0370	450.74	0.046299	3.3052e-05	0.045303	supercritical
502.00	156.00	115.24	0.0086779	318.55	453.93	5.5615	0.72259	1.0370	451.14	0.045950	3.3091e-05	0.045361	supercritical
503.00	156.00	114.99	0.0086961	319.31	454.97	5.5635	0.72287	1.0370	451.54	0.045603	3.3131e-05	0.045420	supercritical
504.00	156.00	114.75	0.0087143	320.06	456.00	5.5656	0.72315	1.0370	451.94	0.045256	3.3171e-05	0.045478	supercritical
505.00	156.00	114.51	0.0087326	320.81	457.04	5.5676	0.72342	1.0370	452.34	0.044912	3.3211e-05	0.045537	supercritical
506.00	156.00	114.28	0.0087508	321.57	458.08	5.5697	0.72370	1.0370	452.74	0.044569	3.3250e-05	0.045595	supercritical
507.00	156.00	114.04	0.0087690	322.32	459.11	5.5717	0.72398	1.0371	453.14	0.044227	3.3290e-05	0.045654	supercritical
508.00	156.00	113.80	0.0087872	323.07	460.15	5.5738	0.72426	1.0371	453.53	0.043887	3.3330e-05	0.045712	supercritical
509.00	156.00	113.57	0.0088054	323.83	461.19	5.5758	0.72453	1.0371	453.93	0.043549	3.3369e-05	0.045771	supercritical
510.00	156.00	113.33	0.0088235	324.58	462.23	5.5778	0.72481	1.0371	454.32	0.043212	3.3409e-05	0.045829	supercritical
511.00	156.00	113.10	0.0088417	325.33	463.26	5.5799	0.72509	1.0372	454.72	0.042876	3.3448e-05	0.045888	supercritical
512.00	156.00	112.87	0.0088599	326.09	464.30	5.5819	0.72537	1.0372	455.12	0.042542	3.3488e-05	0.045946	supercritical
513.00	156.00	112.64	0.0088781	326.84	465.34	5.5839	0.72565	1.0372	455.51	0.042209	3.3527e-05	0.046005	supercritical
514.00	156.00	112.41	0.0088962	327.59	466.37	5.5860	0.72593	1.0372	455.90	0.041878	3.3567e-05	0.046063	supercritical
515.00	156.00	112.18	0.0089144	328.35	467.41	5.5880	0.72621	1.0373	456.30	0.041549	3.3607e-05	0.046122	supercritical
516.00	156.00	111.95	0.0089325	329.10	468.45	5.5900	0.72649	1.0373	456.69	0.041220	3.3646e-05	0.046180	supercritical
517.00	156.00	111.72	0.0089506	329.86	469.49	5.5920	0.72677	1.0374	457.08	0.040894	3.3685e-05	0.046239	supercritical
518.00	156.00	111.50	0.0089688	330.61	470.52	5.5940	0.72705	1.0374	457.47	0.040568	3.3725e-05	0.046298	supercritical
519.00	156.00	111.27	0.0089869	331.37	471.56	5.5960	0.72733	1.0374	457.87	0.040244	3.3764e-05	0.046356	supercritical
520.00	156.00	111.05	0.0090050	332.12	472.60	5.5980	0.72761	1.0375	458.26	0.039922	3.3804e-05	0.046415	supercritical
521.00	156.00	110.83	0.0090231	332.88	473.64	5.6000	0.72789	1.0375	458.65	0.039601	3.3843e-05	0.046473	supercritical
522.00	156.00	110.60	0.0090412	333.63	474.67	5.6020	0.72817	1.0376	459.04	0.039281	3.3882e-05	0.046532	supercritical
523.00	156.00	110.38	0.0090593	334.39	475.71	5.6040	0.72845	1.0376	459.43	0.038962	3.3922e-05	0.046590	supercritical
524.00	156.00	110.16	0.0090774	335.14	476.75	5.6059	0.72873	1.0377	459.81	0.038645	3.3961e-05	0.046649	supercritical
525.00	156.00	109.94	0.0090955	335.90	477.79	5.6079	0.72901	1.0377	460.20	0.038330	3.4000e-05	0.046708	supercritical
526.00	156.00	109.73	0.0091136	336.65	478.82	5.6099	0.72929	1.0378	460.59	0.038016	3.4040e-05	0.046766	supercritical
527.00	156.00	109.51	0.0091316	337.41	479.86	5.6119	0.72957	1.0378	460.98	0.037703	3.4079e-05	0.046825	supercritical
528.00	156.00	109.29	0.0091497	338.16	480.90	5.6138	0.72985	1.0379	461.36	0.037391	3.4118e-05	0.046883	supercritical
529.00	156.00	109.08	0.0091678	338.92	481.94	5.6158	0.73014	1.0380	461.75	0.037081	3.4157e-05	0.046942	supercritical
530.00	156.00	108.86	0.0091858	339.68	482.98	5.6178	0.73042	1.0380	462.14	0.036772	3.4197e-05	0.047001	supercritical
531.00	156.00	108.65	0.0092039	340.43	484.01	5.6197	0.73070	1.0381	462.52	0.036465	3.4236e-05	0.047059	supercritical
532.00	156.00	108.44	0.0092219	341.19	485.05	5.6217	0.73098	1.0381	462.91	0.036159	3.4275e-05	0.047118	supercritical
533.00	156.00	108.23	0.0092400	341.95	486.09	5.6236	0.73126	1.0382	463.29	0.035854	3.4314e-05	0.047176	supercritical
534.00	156.00	108.01	0.0092580	342.70	487.13	5.6256	0.73154	1.0383	463.67	0.035550	3.4353e-05	0.047235	supercritical
535.00	156.00	107.80	0.0092760	343.46	488.17	5.6275	0.73182	1.0383	464.06	0.035248	3.4392e-05	0.047294	supercritical
536.00	156.00	107.60	0.0092940	344.22	489.21	5.6294	0.73211	1.0384	464.44	0.034947	3.4431e-05	0.047352	supercritical
537.00	156.00	107.39	0.0093121	344.98	490.24	5.6314	0.73239	1.0385	464.82	0.034647	3.4470e-05	0.047411	supercritical
538.00	156.00	107.18	0.0093301	345.73	491.28	5.6333	0.73267	1.0386	465.20	0.034349	3.4509e-05	0.047469	supercritical
539.00	156.00	106.97	0.0093481	346.49	492.32	5.6352	0.73295	1.0386	465.59	0.034052	3.4548e-05	0.047528	supercritical
540.00	156.00	106.77	0.0093661	347.25	493.36	5.6372	0.73323	1.0387	465.97	0.033756	3.4587e-05	0.047587	supercritical
541.00	156.00	106.56	0.0093840	348.01	494.40	5.6391	0.73351	1.0388	466.35	0.033461	3.4626e-05	0.047645	supercritical
542.00	156.00	106.36	0.0094020	348.77	495.44	5.6410	0.73379	1.0389	466.73	0.033168	3.4665e-05	0.047704	supercritical
543.00	156.00	106.16	0.0094200	349.52	496.48	5.6429	0.73408	1.0389	467.11	0.032876	3.4704e-05	0.047762	supercritical
544.00	156.00	105.95	0.0094380	350.28	497.52	5.6448	0.73436	1.0390	467.49	0.032585	3.4743e-05	0.047821	supercritical
545.00	156.00	105.75	0.0094560	351.04	498.55	5.6467	0.73464	1.0391	467.86	0.032295	3.4782e-05	0.047880	supercritical
546.00	156.00	105.55	0.0094739	351.80	499.59	5.6486	0.73492	1.0392	468.24	0.032007	3.4821e-05	0.047938	supercritical
547.00	156.00	105.35	0.0094919	352.56	500.63	5.6505	0.73520	1.0393	468.62	0.031720	3.4860e-05	0.047997	supercritical
548.00	156.00	105.15	0.0095098	353.32	501.67	5.6524	0.73548	1.0394	469.00	0.031434	3.4898e-05	0.048055	supercritical
549.00	156.00	104.96	0.0095278	354.08	502.71	5.6543	0.73577	1.0395	469.38	0.031149	3.4937e-05	0.048114	supercritical
550.00	156.00	104.76	0.0095457	354.84	503.75	5.6562	0.73605	1.0395	469.75	0.030866	3.4976e-05	0.048172	supercritical
551.00	156.00	104.56	0.0095637	355.60	504.79	5.6581	0.73633	1.0396	470.13	0.030583	3.5015e-05	0.048231	supercritical
552.00	156.00	104.37	0.0095816	356.36	505.83	5.6600	0.73661	1.0397	470.50	0.030302	3.5053e-05	0.048290	supercritical
553.00	156.00	104.17	0.0095995	357.12	506.87	5.6619	0.73689	1.0398	470.88	0.030022	3.5092e-05	0.048348	supercritical
554.00	156.00	103.98	0.0096174	357.88	507.91	5.6638	0.73717	1.0399	471.25	0.029743	3.5131e-05	0.048407	supercritical
555.00	156.00	103.78	0.0096354	358.64	508.95	5.6656	0.73745	1.0400	471.63	0.029466	3.5170e-05	0.048465	supercritical
556.00	156.00	103.59	0.0096533	359.40	509.99	5.6675	0.73774	1.0401	472.00	0.029189	3.5208e-05	0.048524	supercritical
557.00	156.00	103.40	0.0096712	360.16	511.03	5.6694	0.73802	1.0402	472.37	0.028914	3.5247e-05	0.048583	supercritical
558.00	156.00	103.21	0.0096891	360.92	512.07	5.6712	0.73830	1.0403	472.75	0.028640	3.5285e-05	0.048641	supercritical
559.00	156.00	103.02	0.0097070	361.68	513.11	5.6731	0.73858	1.0404	473.12	0.028367	3.5324e-05	0.048700	supercritical
560.00	156.00	102.83	0.0097249	362.44	514.15	5.6750	0.73886	1.0405	473.49	0.028095	3.5363e-05	0.048758	supercritical
561.00	156.00	102.64	0.0097427	363.20	515.19	5.6768	0.73914	1.0406	473.86	0.027824	3.5401e-05	0.048817	supercritical
562.00	156.00	102.45	0.0097606	363.97	516.23	5.6787	0.73942	1.0407	474.23	0.027555	3.5440e-05	0.048875	supercritical
563.00	156.00	102.27	0.0097785	364.73	517.27	5.6805	0.73970	1.0408	474.61	0.027286	3.5478e-05	0.048934	supercritical
564.00	156.00	102.08	0.0097964	365.49	518.31	5.6824	0.73998	1.0409	474.98	0.027019	3.5517e-05	0.048992	supercritical
565.00	156.00	101.89	0.0098142	366.25	519.35	5.6842	0.74026	1.0410	475.35	0.026753	3.5555e-05	0.049051	supercritical
566.00	156.00	101.71	0.0098321	367.02	520.40	5.6861	0.74054	1.0411	475.72	0.026487	3.5593e-05	0.049110	supercritical
567.00	156.00	101.52	0.0098499	367.78	521.44	5.6879	0.74082	1.0412	476.08	0.026223	3.5632e-05	0.049168	supercritical
568.00	156.00	101.34	0.0098678	368.54	522.48	5.6897	0.74110	1.0413	476.45	0.025960	3.5670e-05	0.049227	supercritical
569.00	156.00	101.16	0.0098856	369.30	523.52	5.6916	0.74138	1.0414	476.82	0.025698	3.5709e-05	0.049285	supercritical
570.00	156.00	100.97	0.0099035	370.07	524.56	5.6934	0.74166	1.0416	477.19	0.025438	3.5747e-05	0.049344	supercritical
571.00	156.00	100.79	0.0099213	370.83	525.60	5.6952	0.74194	1.0417	477.56	0.025178	3.5785e-05	0.049402	supercritical
572.00	156.00	100.61	0.0099392	371.59	526.64	5.6970	0.74222	1.0418	477.92	0.024919	3.5824e-05	0.049461	supercritical
573.00	156.00	100.43	0.0099570	372.36	527.69	5.6989	0.74250	1.0419	478.29	0.024662	3.5862e-05	0.049519	supercritical
574.00	156.00	100.25	0.0099748	373.12	528.73	5.7007	0.74278	1.0420	478.66	0.024405	3.5900e-05	0.049578	supercritical
575.00	156.00	100.07	0.0099926	373.89	529.77	5.7025	0.74306	1.0421	479.02	0.024150	3.5938e-05	0.049636	supercritical
576.00	156.00	99.896	0.010010	374.65	530.81	5.7043	0.74334	1.0422	479.39	0.023895	3.5977e-05	0.049695	supercritical
577.00	156.00	99.718	0.010028	375.41	531.85	5.7061	0.74361	1.0423	479.75	0.023642	3.6015e-05	0.049753	supercritical
578.00	156.00	99.542	0.010046	376.18	532.90	5.7079	0.74389	1.0425	480.12	0.023389	3.6053e-05	0.049812	supercritical
579.00	156.00	99.366	0.010064	376.94	533.94	5.7097	0.74417	1.0426	480.48	0.023138	3.6091e-05	0.049870	supercritical
580.00	156.00	99.190	0.010082	377.71	534.98	5.7115	0.74445	1.0427	480.85	0.022888	3.6129e-05	0.049929	supercritical
581.00	156.00	99.015	0.010099	378.47	536.03	5.7133	0.74473	1.0428	481.21	0.022638	3.6167e-05	0.049987	supercritical
582.00	156.00	98.841	0.010117	379.24	537.07	5.7151	0.74501	1.0429	481.57	0.022390	3.6206e-05	0.050046	supercritical
583.00	156.00	98.668	0.010135	380.00	538.11	5.7169	0.74528	1.0431	481.94	0.022143	3.6244e-05	0.050104	supercritical
584.00	156.00	98.495	0.010153	380.77	539.15	5.7187	0.74556	1.0432	482.30	0.021896	3.6282e-05	0.050162	supercritical
585.00	156.00	98.323	0.010171	381.54	540.20	5.7205	0.74584	1.0433	482.66	0.021651	3.6320e-05	0.050221	supercritical
586.00	156.00	98.151	0.010188	382.30	541.24	5.7223	0.74612	1.0434	483.02	0.021407	3.6358e-05	0.050279	supercritical
587.00	156.00	97.981	0.010206	383.07	542.28	5.7240	0.74639	1.0436	483.38	0.021164	3.6396e-05	0.050338	supercritical
588.00	156.00	97.810	0.010224	383.84	543.33	5.7258	0.74667	1.0437	483.74	0.020921	3.6434e-05	0.050396	supercritical
589.00	156.00	97.641	0.010242	384.60	544.37	5.7276	0.74695	1.0438	484.10	0.020680	3.6472e-05	0.050455	supercritical
590.00	156.00	97.472	0.010259	385.37	545.42	5.7294	0.74722	1.0439	484.46	0.020439	3.6510e-05	0.050513	supercritical
591.00	156.00	97.304	0.010277	386.14	546.46	5.7311	0.74750	1.0441	484.82	0.020200	3.6547e-05	0.050571	supercritical
592.00	156.00	97.136	0.010295	386.90	547.50	5.7329	0.74777	1.0442	485.18	0.019962	3.6585e-05	0.050630	supercritical
593.00	156.00	96.969	0.010313	387.67	548.55	5.7347	0.74805	1.0443	485.54	0.019724	3.6623e-05	0.050688	supercritical
594.00	156.00	96.802	0.010330	388.44	549.59	5.7364	0.74833	1.0444	485.90	0.019488	3.6661e-05	0.050747	supercritical
595.00	156.00	96.636	0.010348	389.21	550.64	5.7382	0.74860	1.0446	486.26	0.019252	3.6699e-05	0.050805	supercritical
596.00	156.00	96.471	0.010366	389.97	551.68	5.7399	0.74888	1.0447	486.62	0.019017	3.6737e-05	0.050863	supercritical
597.00	156.00	96.306	0.010384	390.74	552.73	5.7417	0.74915	1.0448	486.97	0.018784	3.6774e-05	0.050922	supercritical
598.00	156.00	96.142	0.010401	391.51	553.77	5.7434	0.74942	1.0450	487.33	0.018551	3.6812e-05	0.050980	supercritical
599.00	156.00	95.979	0.010419	392.28	554.82	5.7452	0.74970	1.0451	487.69	0.018319	3.6850e-05	0.051038	supercritical
600.00	156.00	95.816	0.010437	393.05	555.86	5.7469	0.74997	1.0452	488.04	0.018088	3.6888e-05	0.051097	supercritical
