Temperature (K)	Pressure (bar)	Density (kg/m3)	Volume (m3/kg)	Internal Energy (kJ/kg)	Enthalpy (kJ/kg)	Entropy (J/g*K)	Cv (J/g*K)	Cp (J/g*K)	Sound Spd. (m/s)	Joule-Thomson (K/bar)	Viscosity (Pa*s)	Therm. Cond. (W/m*K)	Phase
60.000	144.00	1298.6	0.00077003	-186.33	-175.24	2.2202	1.0940	1.6450	1166.0	-0.037859	0.00064636	0.19968	liquid
61.000	144.00	1294.5	0.00077250	-184.72	-173.60	2.2474	1.0869	1.6477	1162.0	-0.037697	0.00061605	0.19839	liquid
62.000	144.00	1290.3	0.00077500	-183.11	-171.95	2.2743	1.0805	1.6498	1157.4	-0.037554	0.00058776	0.19711	liquid
63.000	144.00	1286.1	0.00077752	-181.49	-170.30	2.3007	1.0746	1.6514	1152.2	-0.037427	0.00056133	0.19583	liquid
64.000	144.00	1282.0	0.00078006	-179.88	-168.65	2.3267	1.0691	1.6525	1146.7	-0.037314	0.00053663	0.19455	liquid
65.000	144.00	1277.8	0.00078262	-178.26	-166.99	2.3523	1.0639	1.6533	1140.8	-0.037213	0.00051353	0.19326	liquid
66.000	144.00	1273.5	0.00078521	-176.65	-165.34	2.3775	1.0588	1.6537	1134.6	-0.037120	0.00049191	0.19198	liquid
67.000	144.00	1269.3	0.00078782	-175.03	-163.69	2.4024	1.0539	1.6537	1128.2	-0.037035	0.00047167	0.19070	liquid
68.000	144.00	1265.1	0.00079044	-173.41	-162.03	2.4269	1.0491	1.6536	1121.6	-0.036955	0.00045269	0.18941	liquid
69.000	144.00	1260.9	0.00079309	-171.80	-160.38	2.4511	1.0445	1.6532	1115.0	-0.036878	0.00043489	0.18813	liquid
70.000	144.00	1256.7	0.00079576	-170.18	-158.73	2.4748	1.0398	1.6527	1108.2	-0.036804	0.00041817	0.18685	liquid
71.000	144.00	1252.4	0.00079845	-168.57	-157.07	2.4983	1.0353	1.6520	1101.3	-0.036730	0.00040246	0.18557	liquid
72.000	144.00	1248.2	0.00080116	-166.96	-155.42	2.5214	1.0308	1.6513	1094.4	-0.036657	0.00038768	0.18429	liquid
73.000	144.00	1244.0	0.00080389	-165.35	-153.77	2.5441	1.0263	1.6505	1087.4	-0.036581	0.00037377	0.18301	liquid
74.000	144.00	1239.7	0.00080664	-163.74	-152.12	2.5666	1.0219	1.6496	1080.4	-0.036504	0.00036065	0.18172	liquid
75.000	144.00	1235.5	0.00080942	-162.13	-150.47	2.5887	1.0175	1.6488	1073.4	-0.036424	0.00034828	0.18044	liquid
76.000	144.00	1231.2	0.00081221	-160.52	-148.82	2.6106	1.0131	1.6479	1066.3	-0.036339	0.00033659	0.17916	liquid
77.000	144.00	1226.9	0.00081503	-158.91	-147.18	2.6321	1.0088	1.6471	1059.3	-0.036251	0.00032554	0.17788	liquid
78.000	144.00	1222.7	0.00081787	-157.31	-145.53	2.6534	1.0045	1.6463	1052.2	-0.036157	0.00031509	0.17660	liquid
79.000	144.00	1218.4	0.00082074	-155.70	-143.88	2.6743	1.0003	1.6455	1045.2	-0.036058	0.00030519	0.17532	liquid
80.000	144.00	1214.1	0.00082363	-154.10	-142.24	2.6950	0.99608	1.6448	1038.1	-0.035953	0.00029581	0.17404	liquid
81.000	144.00	1209.9	0.00082655	-152.50	-140.59	2.7154	0.99192	1.6442	1031.1	-0.035841	0.00028690	0.17276	liquid
82.000	144.00	1205.6	0.00082949	-150.89	-138.95	2.7356	0.98780	1.6437	1024.0	-0.035723	0.00027844	0.17148	liquid
83.000	144.00	1201.3	0.00083246	-149.29	-137.31	2.7555	0.98372	1.6432	1017.0	-0.035598	0.00027040	0.17020	liquid
84.000	144.00	1197.0	0.00083545	-147.69	-135.66	2.7752	0.97969	1.6428	1010.0	-0.035465	0.00026274	0.16891	liquid
85.000	144.00	1192.6	0.00083848	-146.09	-134.02	2.7947	0.97570	1.6426	1003.0	-0.035324	0.00025545	0.16763	liquid
86.000	144.00	1188.3	0.00084153	-144.50	-132.38	2.8139	0.97175	1.6424	995.97	-0.035176	0.00024850	0.16635	liquid
87.000	144.00	1184.0	0.00084461	-142.90	-130.74	2.8329	0.96786	1.6423	988.98	-0.035019	0.00024186	0.16506	liquid
88.000	144.00	1179.6	0.00084772	-141.30	-129.09	2.8516	0.96401	1.6424	981.99	-0.034854	0.00023552	0.16378	liquid
89.000	144.00	1175.3	0.00085087	-139.70	-127.45	2.8702	0.96020	1.6425	975.02	-0.034680	0.00022946	0.16250	liquid
90.000	144.00	1170.9	0.00085404	-138.11	-125.81	2.8885	0.95645	1.6427	968.05	-0.034497	0.00022366	0.16121	liquid
91.000	144.00	1166.5	0.00085725	-136.51	-124.16	2.9067	0.95274	1.6431	961.08	-0.034305	0.00021810	0.15992	liquid
92.000	144.00	1162.1	0.00086050	-134.91	-122.52	2.9246	0.94908	1.6436	954.13	-0.034103	0.00021277	0.15864	liquid
93.000	144.00	1157.7	0.00086378	-133.32	-120.88	2.9424	0.94546	1.6441	947.17	-0.033892	0.00020766	0.15735	liquid
94.000	144.00	1153.3	0.00086709	-131.72	-119.23	2.9600	0.94190	1.6448	940.23	-0.033670	0.00020274	0.15607	liquid
95.000	144.00	1148.8	0.00087044	-130.12	-117.59	2.9774	0.93838	1.6457	933.29	-0.033439	0.00019802	0.15478	liquid
96.000	144.00	1144.4	0.00087383	-128.53	-115.94	2.9947	0.93491	1.6466	926.35	-0.033197	0.00019348	0.15349	liquid
97.000	144.00	1139.9	0.00087726	-126.93	-114.29	3.0117	0.93148	1.6476	919.41	-0.032945	0.00018910	0.15220	liquid
98.000	144.00	1135.4	0.00088073	-125.33	-112.65	3.0286	0.92810	1.6488	912.48	-0.032681	0.00018489	0.15091	liquid
99.000	144.00	1130.9	0.00088424	-123.73	-111.00	3.0454	0.92477	1.6500	905.55	-0.032407	0.00018082	0.14963	liquid
100.00	144.00	1126.4	0.00088779	-122.13	-109.35	3.0620	0.92148	1.6514	898.62	-0.032121	0.00017690	0.14834	liquid
101.00	144.00	1121.9	0.00089138	-120.53	-107.69	3.0784	0.91823	1.6530	891.69	-0.031823	0.00017311	0.14705	liquid
102.00	144.00	1117.3	0.00089502	-118.93	-106.04	3.0947	0.91503	1.6546	884.76	-0.031513	0.00016944	0.14576	liquid
103.00	144.00	1112.7	0.00089871	-117.33	-104.39	3.1108	0.91187	1.6563	877.83	-0.031191	0.00016589	0.14447	liquid
104.00	144.00	1108.1	0.00090244	-115.72	-102.73	3.1269	0.90876	1.6582	870.89	-0.030856	0.00016246	0.14318	liquid
105.00	144.00	1103.5	0.00090623	-114.12	-101.07	3.1427	0.90569	1.6602	863.96	-0.030507	0.00015913	0.14189	liquid
106.00	144.00	1098.8	0.00091006	-112.51	-99.407	3.1585	0.90266	1.6623	857.02	-0.030146	0.00015591	0.14060	liquid
107.00	144.00	1094.2	0.00091394	-110.90	-97.744	3.1741	0.89967	1.6646	850.08	-0.029771	0.00015278	0.13931	liquid
108.00	144.00	1089.5	0.00091788	-109.30	-96.078	3.1896	0.89673	1.6670	843.13	-0.029381	0.00014974	0.13803	liquid
109.00	144.00	1084.8	0.00092187	-107.68	-94.410	3.2050	0.89382	1.6695	836.19	-0.028976	0.00014679	0.13674	liquid
110.00	144.00	1080.0	0.00092592	-106.07	-92.739	3.2202	0.89096	1.6721	829.23	-0.028557	0.00014392	0.13545	liquid
111.00	144.00	1075.2	0.00093002	-104.46	-91.066	3.2354	0.88814	1.6749	822.27	-0.028122	0.00014113	0.13416	liquid
112.00	144.00	1070.4	0.00093419	-102.84	-89.389	3.2504	0.88536	1.6778	815.31	-0.027671	0.00013841	0.13288	liquid
113.00	144.00	1065.6	0.00093842	-101.22	-87.710	3.2653	0.88261	1.6809	808.34	-0.027203	0.00013577	0.13160	liquid
114.00	144.00	1060.8	0.00094271	-99.602	-86.027	3.2802	0.87991	1.6841	801.36	-0.026718	0.00013319	0.13032	liquid
115.00	144.00	1055.9	0.00094706	-97.979	-84.342	3.2949	0.87724	1.6874	794.38	-0.026215	0.00013068	0.12904	liquid
116.00	144.00	1051.0	0.00095148	-96.354	-82.653	3.3095	0.87462	1.6909	787.39	-0.025693	0.00012823	0.12776	liquid
117.00	144.00	1046.1	0.00095598	-94.726	-80.960	3.3240	0.87203	1.6946	780.39	-0.025153	0.00012584	0.12649	liquid
118.00	144.00	1041.1	0.00096054	-93.095	-79.263	3.3385	0.86948	1.6984	773.38	-0.024593	0.00012350	0.12522	liquid
119.00	144.00	1036.1	0.00096518	-91.462	-77.563	3.3528	0.86697	1.7023	766.36	-0.024013	0.00012122	0.12394	liquid
120.00	144.00	1031.0	0.00096989	-89.825	-75.859	3.3671	0.86450	1.7064	759.34	-0.023411	0.00011899	0.12268	liquid
121.00	144.00	1026.0	0.00097469	-88.186	-74.150	3.3813	0.86207	1.7107	752.31	-0.022787	0.00011681	0.12141	liquid
122.00	144.00	1020.9	0.00097956	-86.543	-72.437	3.3954	0.85967	1.7152	745.26	-0.022141	0.00011468	0.12014	liquid
123.00	144.00	1015.7	0.00098452	-84.897	-70.720	3.4094	0.85732	1.7198	738.21	-0.021471	0.00011259	0.11888	liquid
124.00	144.00	1010.5	0.00098957	-83.247	-68.998	3.4233	0.85500	1.7247	731.14	-0.020776	0.00011055	0.11762	liquid
125.00	144.00	1005.3	0.00099470	-81.594	-67.270	3.4372	0.85272	1.7297	724.07	-0.020056	0.00010855	0.11636	liquid
126.00	144.00	1000.1	0.00099993	-79.937	-65.538	3.4510	0.85047	1.7349	716.99	-0.019309	0.00010659	0.11510	liquid
127.00	144.00	994.77	0.0010053	-78.276	-63.800	3.4647	0.84827	1.7403	709.89	-0.018535	0.00010467	0.11385	liquid
128.00	144.00	989.43	0.0010107	-76.611	-62.057	3.4784	0.84610	1.7459	702.78	-0.017732	0.00010279	0.11260	liquid
129.00	144.00	984.04	0.0010162	-74.942	-60.309	3.4920	0.84398	1.7518	695.67	-0.016898	0.00010094	0.11135	liquid
130.00	144.00	978.62	0.0010219	-73.268	-58.554	3.5056	0.84189	1.7578	688.54	-0.016034	9.9135e-05	0.11011	liquid
131.00	144.00	973.14	0.0010276	-71.590	-56.793	3.5191	0.83984	1.7641	681.40	-0.015137	9.7359e-05	0.10887	liquid
132.00	144.00	967.62	0.0010335	-69.907	-55.025	3.5325	0.83783	1.7707	674.24	-0.014206	9.5616e-05	0.10763	liquid
133.00	144.00	962.05	0.0010394	-68.219	-53.251	3.5459	0.83586	1.7775	667.08	-0.013240	9.3905e-05	0.10640	liquid
134.00	144.00	956.43	0.0010456	-66.526	-51.470	3.5592	0.83393	1.7845	659.90	-0.012236	9.2226e-05	0.10517	liquid
135.00	144.00	950.75	0.0010518	-64.828	-49.682	3.5725	0.83204	1.7918	652.71	-0.011195	9.0576e-05	0.10395	liquid
136.00	144.00	945.03	0.0010582	-63.124	-47.887	3.5858	0.83020	1.7994	645.51	-0.010112	8.8956e-05	0.10273	liquid
137.00	144.00	939.25	0.0010647	-61.415	-46.083	3.5990	0.82839	1.8073	638.30	-0.0089882	8.7364e-05	0.10152	liquid
138.00	144.00	933.41	0.0010713	-59.699	-44.272	3.6122	0.82663	1.8155	631.08	-0.0078199	8.5800e-05	0.10031	liquid
139.00	144.00	927.51	0.0010782	-57.978	-42.452	3.6253	0.82490	1.8240	623.85	-0.0066055	8.4262e-05	0.099100	liquid
140.00	144.00	921.55	0.0010851	-56.250	-40.624	3.6384	0.82323	1.8328	616.60	-0.0053430	8.2751e-05	0.097901	liquid
141.00	144.00	915.53	0.0010923	-54.515	-38.787	3.6515	0.82159	1.8420	609.35	-0.0040301	8.1265e-05	0.096706	liquid
142.00	144.00	909.45	0.0010996	-52.774	-36.940	3.6645	0.82000	1.8515	602.08	-0.0026644	7.9804e-05	0.095518	liquid
143.00	144.00	903.30	0.0011071	-51.025	-35.083	3.6776	0.81845	1.8613	594.81	-0.0012434	7.8367e-05	0.094335	liquid
144.00	144.00	897.08	0.0011147	-49.269	-33.217	3.6906	0.81695	1.8716	587.53	0.00023542	7.6953e-05	0.093158	liquid
145.00	144.00	890.79	0.0011226	-47.506	-31.340	3.7036	0.81550	1.8822	580.23	0.0017749	7.5563e-05	0.091987	liquid
146.00	144.00	884.42	0.0011307	-45.734	-29.452	3.7165	0.81409	1.8933	572.94	0.0033778	7.4195e-05	0.090823	liquid
147.00	144.00	877.99	0.0011390	-43.955	-27.553	3.7295	0.81273	1.9048	565.63	0.0050473	7.2849e-05	0.089666	liquid
148.00	144.00	871.47	0.0011475	-42.167	-25.643	3.7425	0.81141	1.9167	558.32	0.0067865	7.1525e-05	0.088516	liquid
149.00	144.00	864.87	0.0011562	-40.370	-23.720	3.7554	0.81015	1.9291	551.01	0.0085987	7.0222e-05	0.087372	liquid
150.00	144.00	858.20	0.0011652	-38.564	-21.784	3.7684	0.80894	1.9419	543.70	0.010488	6.8940e-05	0.086237	liquid
151.00	144.00	851.43	0.0011745	-36.749	-19.836	3.7813	0.80777	1.9553	536.39	0.012456	6.7677e-05	0.085108	liquid
152.00	144.00	844.58	0.0011840	-34.924	-17.874	3.7943	0.80666	1.9691	529.08	0.014509	6.6435e-05	0.083988	liquid
153.00	144.00	837.64	0.0011938	-33.089	-15.898	3.8072	0.80560	1.9835	521.77	0.016650	6.5213e-05	0.082876	liquid
154.00	144.00	830.60	0.0012040	-31.244	-13.907	3.8202	0.80459	1.9984	514.47	0.018883	6.4009e-05	0.081772	liquid
155.00	144.00	823.47	0.0012144	-29.388	-11.901	3.8332	0.80363	2.0138	507.19	0.021213	6.2824e-05	0.080676	supercritical
156.00	144.00	816.24	0.0012251	-27.521	-9.8789	3.8462	0.80273	2.0298	499.91	0.023642	6.1658e-05	0.079589	supercritical
157.00	144.00	808.90	0.0012362	-25.643	-7.8409	3.8592	0.80187	2.0464	492.66	0.026177	6.0510e-05	0.078511	supercritical
158.00	144.00	801.46	0.0012477	-23.753	-5.7860	3.8722	0.80107	2.0635	485.43	0.028822	5.9381e-05	0.077442	supercritical
159.00	144.00	793.92	0.0012596	-21.851	-3.7136	3.8853	0.80032	2.0813	478.22	0.031581	5.8268e-05	0.076383	supercritical
160.00	144.00	786.27	0.0012718	-19.938	-1.6232	3.8984	0.79962	2.0996	471.05	0.034459	5.7174e-05	0.075333	supercritical
161.00	144.00	778.50	0.0012845	-18.011	0.48574	3.9116	0.79897	2.1185	463.91	0.037461	5.6097e-05	0.074293	supercritical
162.00	144.00	770.62	0.0012977	-16.072	2.6139	3.9247	0.79837	2.1379	456.82	0.040590	5.5036e-05	0.073262	supercritical
163.00	144.00	762.62	0.0013113	-14.120	4.7618	3.9379	0.79781	2.1579	449.78	0.043853	5.3993e-05	0.072242	supercritical
164.00	144.00	754.51	0.0013254	-12.155	6.9300	3.9512	0.79730	2.1785	442.80	0.047252	5.2966e-05	0.071232	supercritical
165.00	144.00	746.28	0.0013400	-10.177	9.1189	3.9645	0.79682	2.1995	435.88	0.050792	5.1957e-05	0.070232	supercritical
166.00	144.00	737.92	0.0013552	-8.1852	11.329	3.9779	0.79639	2.2209	429.04	0.054476	5.0963e-05	0.069243	supercritical
167.00	144.00	729.45	0.0013709	-6.1801	13.561	3.9913	0.79598	2.2427	422.28	0.058306	4.9987e-05	0.068264	supercritical
168.00	144.00	720.85	0.0013872	-4.1617	15.815	4.0047	0.79561	2.2648	415.61	0.062285	4.9026e-05	0.067296	supercritical
169.00	144.00	712.14	0.0014042	-2.1302	18.091	4.0182	0.79525	2.2870	409.04	0.066413	4.8083e-05	0.066339	supercritical
170.00	144.00	703.31	0.0014218	-0.085900	20.389	4.0318	0.79492	2.3093	402.59	0.070690	4.7156e-05	0.065393	supercritical
171.00	144.00	694.37	0.0014402	1.9708	22.709	4.0454	0.79460	2.3315	396.26	0.075114	4.6245e-05	0.064458	supercritical
172.00	144.00	685.32	0.0014592	4.0393	25.052	4.0591	0.79429	2.3533	390.07	0.079682	4.5352e-05	0.063534	supercritical
173.00	144.00	676.16	0.0014789	6.1189	27.416	4.0728	0.79398	2.3747	384.02	0.084389	4.4475e-05	0.062621	supercritical
174.00	144.00	666.91	0.0014995	8.2086	29.801	4.0865	0.79367	2.3954	378.14	0.089228	4.3616e-05	0.061719	supercritical
175.00	144.00	657.57	0.0015207	10.307	32.206	4.1003	0.79334	2.4152	372.42	0.094191	4.2775e-05	0.060829	supercritical
176.00	144.00	648.16	0.0015428	12.414	34.631	4.1141	0.79300	2.4337	366.89	0.099267	4.1952e-05	0.059950	supercritical
177.00	144.00	638.68	0.0015657	14.526	37.073	4.1280	0.79264	2.4509	361.55	0.10445	4.1147e-05	0.059083	supercritical
178.00	144.00	629.15	0.0015895	16.644	39.532	4.1418	0.79225	2.4665	356.42	0.10971	4.0361e-05	0.058228	supercritical
179.00	144.00	619.58	0.0016140	18.764	42.005	4.1557	0.79182	2.4802	351.50	0.11505	3.9594e-05	0.057386	supercritical
180.00	144.00	609.99	0.0016394	20.885	44.492	4.1695	0.79135	2.4918	346.80	0.12045	3.8848e-05	0.056555	supercritical
181.00	144.00	600.40	0.0016656	23.004	46.988	4.1833	0.79083	2.5011	342.33	0.12589	3.8121e-05	0.055737	supercritical
182.00	144.00	590.82	0.0016926	25.120	49.493	4.1971	0.79025	2.5081	338.08	0.13135	3.7415e-05	0.054933	supercritical
183.00	144.00	581.27	0.0017204	27.230	52.004	4.2109	0.78961	2.5125	334.08	0.13682	3.6730e-05	0.054142	supercritical
184.00	144.00	571.78	0.0017489	29.333	54.517	4.2246	0.78889	2.5142	330.30	0.14227	3.6067e-05	0.053365	supercritical
185.00	144.00	562.35	0.0017782	31.424	57.031	4.2382	0.78811	2.5132	326.77	0.14769	3.5425e-05	0.052602	supercritical
186.00	144.00	553.02	0.0018083	33.504	59.543	4.2518	0.78724	2.5095	323.46	0.15305	3.4805e-05	0.051854	supercritical
187.00	144.00	543.78	0.0018390	35.568	62.049	4.2652	0.78629	2.5029	320.39	0.15834	3.4208e-05	0.051122	supercritical
188.00	144.00	534.67	0.0018703	37.615	64.548	4.2785	0.78526	2.4937	317.54	0.16354	3.3632e-05	0.050406	supercritical
189.00	144.00	525.70	0.0019022	39.643	67.035	4.2917	0.78415	2.4818	314.91	0.16863	3.3080e-05	0.049707	supercritical
190.00	144.00	516.87	0.0019347	41.651	69.510	4.3048	0.78294	2.4674	312.50	0.17358	3.2549e-05	0.049024	supercritical
191.00	144.00	508.22	0.0019677	43.635	71.969	4.3177	0.78166	2.4505	310.29	0.17839	3.2041e-05	0.048360	supercritical
192.00	144.00	499.73	0.0020011	45.595	74.411	4.3304	0.78030	2.4314	308.29	0.18303	3.1555e-05	0.047713	supercritical
193.00	144.00	491.44	0.0020348	47.530	76.832	4.3430	0.77887	2.4103	306.47	0.18750	3.1090e-05	0.047085	supercritical
194.00	144.00	483.33	0.0020690	49.438	79.231	4.3554	0.77736	2.3875	304.84	0.19178	3.0647e-05	0.046476	supercritical
195.00	144.00	475.43	0.0021034	51.318	81.606	4.3676	0.77580	2.3630	303.38	0.19586	3.0225e-05	0.045886	supercritical
196.00	144.00	467.73	0.0021380	53.169	83.956	4.3797	0.77418	2.3372	302.08	0.19974	2.9824e-05	0.045316	supercritical
197.00	144.00	460.24	0.0021728	54.992	86.280	4.3915	0.77252	2.3104	300.94	0.20342	2.9443e-05	0.044765	supercritical
198.00	144.00	452.95	0.0022077	56.785	88.577	4.4031	0.77082	2.2828	299.94	0.20689	2.9081e-05	0.044234	supercritical
199.00	144.00	445.87	0.0022428	58.549	90.845	4.4145	0.76908	2.2545	299.08	0.21015	2.8738e-05	0.043722	supercritical
200.00	144.00	439.00	0.0022779	60.284	93.086	4.4258	0.76733	2.2258	298.33	0.21321	2.8412e-05	0.043230	supercritical
201.00	144.00	432.34	0.0023130	61.990	95.297	4.4368	0.76555	2.1970	297.71	0.21606	2.8105e-05	0.042756	supercritical
202.00	144.00	425.87	0.0023481	63.666	97.480	4.4476	0.76376	2.1680	297.19	0.21871	2.7814e-05	0.042302	supercritical
203.00	144.00	419.60	0.0023832	65.315	99.633	4.4583	0.76197	2.1392	296.77	0.22117	2.7538e-05	0.041866	supercritical
204.00	144.00	413.53	0.0024182	66.936	101.76	4.4687	0.76018	2.1106	296.45	0.22344	2.7279e-05	0.041448	supercritical
205.00	144.00	407.64	0.0024531	68.529	103.85	4.4790	0.75839	2.0824	296.21	0.22553	2.7033e-05	0.041048	supercritical
206.00	144.00	401.94	0.0024880	70.096	105.92	4.4890	0.75661	2.0545	296.04	0.22745	2.6801e-05	0.040665	supercritical
207.00	144.00	396.41	0.0025227	71.637	107.96	4.4989	0.75485	2.0272	295.95	0.22919	2.6583e-05	0.040299	supercritical
208.00	144.00	391.05	0.0025572	73.154	109.98	4.5086	0.75310	2.0004	295.92	0.23078	2.6377e-05	0.039948	supercritical
209.00	144.00	385.86	0.0025916	74.645	111.96	4.5181	0.75137	1.9742	295.96	0.23221	2.6183e-05	0.039613	supercritical
210.00	144.00	380.82	0.0026259	76.113	113.93	4.5275	0.74967	1.9487	296.05	0.23349	2.6000e-05	0.039294	supercritical
211.00	144.00	375.94	0.0026600	77.559	115.86	4.5367	0.74799	1.9238	296.18	0.23463	2.5828e-05	0.038988	supercritical
212.00	144.00	371.21	0.0026939	78.982	117.77	4.5457	0.74634	1.8995	296.37	0.23564	2.5665e-05	0.038697	supercritical
213.00	144.00	366.62	0.0027276	80.384	119.66	4.5546	0.74471	1.8760	296.60	0.23653	2.5513e-05	0.038418	supercritical
214.00	144.00	362.17	0.0027612	81.765	121.53	4.5634	0.74312	1.8531	296.87	0.23729	2.5369e-05	0.038153	supercritical
215.00	144.00	357.84	0.0027945	83.127	123.37	4.5719	0.74155	1.8309	297.17	0.23794	2.5234e-05	0.037900	supercritical
216.00	144.00	353.65	0.0028277	84.470	125.19	4.5804	0.74002	1.8094	297.51	0.23849	2.5107e-05	0.037658	supercritical
217.00	144.00	349.57	0.0028607	85.794	126.99	4.5887	0.73852	1.7886	297.88	0.23893	2.4988e-05	0.037428	supercritical
218.00	144.00	345.61	0.0028934	87.100	128.77	4.5969	0.73705	1.7684	298.27	0.23928	2.4876e-05	0.037209	supercritical
219.00	144.00	341.76	0.0029260	88.390	130.52	4.6049	0.73562	1.7488	298.69	0.23953	2.4771e-05	0.036999	supercritical
220.00	144.00	338.02	0.0029584	89.662	132.26	4.6129	0.73421	1.7299	299.14	0.23970	2.4672e-05	0.036800	supercritical
221.00	144.00	334.38	0.0029906	90.919	133.98	4.6207	0.73284	1.7116	299.60	0.23979	2.4580e-05	0.036610	supercritical
222.00	144.00	330.84	0.0030226	92.161	135.69	4.6283	0.73150	1.6939	300.09	0.23980	2.4494e-05	0.036430	supercritical
223.00	144.00	327.39	0.0030544	93.388	137.37	4.6359	0.73020	1.6767	300.59	0.23974	2.4413e-05	0.036257	supercritical
224.00	144.00	324.04	0.0030861	94.601	139.04	4.6434	0.72892	1.6601	301.11	0.23962	2.4337e-05	0.036094	supercritical
225.00	144.00	320.77	0.0031175	95.800	140.69	4.6507	0.72768	1.6440	301.64	0.23943	2.4266e-05	0.035938	supercritical
226.00	144.00	317.58	0.0031488	96.987	142.33	4.6580	0.72647	1.6285	302.19	0.23918	2.4201e-05	0.035789	supercritical
227.00	144.00	314.48	0.0031798	98.160	143.95	4.6652	0.72529	1.6134	302.75	0.23887	2.4139e-05	0.035648	supercritical
228.00	144.00	311.45	0.0032107	99.321	145.56	4.6722	0.72414	1.5989	303.32	0.23851	2.4082e-05	0.035514	supercritical
229.00	144.00	308.50	0.0032415	100.47	147.15	4.6792	0.72302	1.5848	303.90	0.23810	2.4029e-05	0.035387	supercritical
230.00	144.00	305.62	0.0032720	101.61	148.73	4.6861	0.72193	1.5711	304.50	0.23765	2.3980e-05	0.035266	supercritical
231.00	144.00	302.81	0.0033024	102.74	150.29	4.6928	0.72086	1.5579	305.10	0.23715	2.3935e-05	0.035151	supercritical
232.00	144.00	300.07	0.0033326	103.85	151.84	4.6995	0.71983	1.5451	305.71	0.23661	2.3893e-05	0.035041	supercritical
233.00	144.00	297.39	0.0033626	104.96	153.38	4.7062	0.71882	1.5327	306.32	0.23603	2.3854e-05	0.034938	supercritical
234.00	144.00	294.77	0.0033925	106.05	154.91	4.7127	0.71784	1.5207	306.94	0.23542	2.3819e-05	0.034840	supercritical
235.00	144.00	292.21	0.0034222	107.14	156.42	4.7192	0.71688	1.5090	307.57	0.23477	2.3787e-05	0.034746	supercritical
236.00	144.00	289.71	0.0034518	108.22	157.93	4.7255	0.71595	1.4977	308.21	0.23409	2.3757e-05	0.034658	supercritical
237.00	144.00	287.26	0.0034812	109.29	159.42	4.7319	0.71505	1.4868	308.85	0.23338	2.3731e-05	0.034575	supercritical
238.00	144.00	284.86	0.0035104	110.35	160.90	4.7381	0.71417	1.4762	309.49	0.23264	2.3707e-05	0.034496	supercritical
239.00	144.00	282.52	0.0035395	111.40	162.37	4.7443	0.71331	1.4659	310.14	0.23188	2.3685e-05	0.034422	supercritical
240.00	144.00	280.23	0.0035685	112.44	163.83	4.7504	0.71248	1.4559	310.79	0.23109	2.3666e-05	0.034351	supercritical
241.00	144.00	277.98	0.0035973	113.48	165.28	4.7564	0.71167	1.4462	311.45	0.23028	2.3650e-05	0.034285	supercritical
242.00	144.00	275.79	0.0036260	114.51	166.72	4.7624	0.71088	1.4368	312.10	0.22945	2.3635e-05	0.034222	supercritical
243.00	144.00	273.63	0.0036545	115.53	168.16	4.7683	0.71011	1.4277	312.76	0.22860	2.3623e-05	0.034164	supercritical
244.00	144.00	271.52	0.0036829	116.54	169.58	4.7741	0.70936	1.4188	313.43	0.22774	2.3612e-05	0.034109	supercritical
245.00	144.00	269.45	0.0037112	117.55	170.99	4.7799	0.70863	1.4102	314.09	0.22685	2.3604e-05	0.034057	supercritical
246.00	144.00	267.43	0.0037393	118.55	172.40	4.7856	0.70793	1.4018	314.76	0.22595	2.3597e-05	0.034008	supercritical
247.00	144.00	265.44	0.0037674	119.55	173.80	4.7913	0.70724	1.3936	315.42	0.22504	2.3592e-05	0.033963	supercritical
248.00	144.00	263.49	0.0037952	120.53	175.19	4.7969	0.70657	1.3857	316.09	0.22411	2.3589e-05	0.033921	supercritical
249.00	144.00	261.57	0.0038230	121.52	176.57	4.8025	0.70592	1.3780	316.76	0.22317	2.3587e-05	0.033882	supercritical
250.00	144.00	259.70	0.0038507	122.49	177.94	4.8080	0.70529	1.3705	317.43	0.22222	2.3587e-05	0.033845	supercritical
251.00	144.00	257.85	0.0038782	123.46	179.31	4.8134	0.70467	1.3633	318.10	0.22125	2.3588e-05	0.033812	supercritical
252.00	144.00	256.04	0.0039056	124.43	180.67	4.8188	0.70407	1.3562	318.78	0.22028	2.3591e-05	0.033780	supercritical
253.00	144.00	254.27	0.0039329	125.39	182.02	4.8242	0.70349	1.3493	319.45	0.21930	2.3596e-05	0.033752	supercritical
254.00	144.00	252.52	0.0039601	126.34	183.37	4.8295	0.70292	1.3426	320.12	0.21831	2.3601e-05	0.033726	supercritical
255.00	144.00	250.81	0.0039871	127.29	184.71	4.8348	0.70237	1.3360	320.79	0.21732	2.3608e-05	0.033702	supercritical
256.00	144.00	249.12	0.0040141	128.24	186.04	4.8400	0.70184	1.3296	321.46	0.21631	2.3616e-05	0.033681	supercritical
257.00	144.00	247.46	0.0040410	129.18	187.37	4.8452	0.70132	1.3234	322.14	0.21530	2.3625e-05	0.033662	supercritical
258.00	144.00	245.84	0.0040677	130.11	188.69	4.8503	0.70081	1.3174	322.81	0.21429	2.3636e-05	0.033644	supercritical
259.00	144.00	244.24	0.0040944	131.04	190.00	4.8554	0.70032	1.3115	323.48	0.21327	2.3647e-05	0.033629	supercritical
260.00	144.00	242.66	0.0041210	131.97	191.31	4.8604	0.69984	1.3057	324.15	0.21225	2.3659e-05	0.033616	supercritical
261.00	144.00	241.11	0.0041474	132.89	192.61	4.8654	0.69938	1.3001	324.82	0.21122	2.3673e-05	0.033605	supercritical
262.00	144.00	239.59	0.0041738	133.81	193.91	4.8704	0.69892	1.2947	325.49	0.21019	2.3687e-05	0.033596	supercritical
263.00	144.00	238.09	0.0042001	134.72	195.20	4.8753	0.69849	1.2893	326.15	0.20916	2.3703e-05	0.033588	supercritical
264.00	144.00	236.62	0.0042262	135.63	196.49	4.8802	0.69806	1.2841	326.82	0.20812	2.3719e-05	0.033583	supercritical
265.00	144.00	235.17	0.0042523	136.54	197.77	4.8850	0.69765	1.2790	327.49	0.20709	2.3736e-05	0.033578	supercritical
266.00	144.00	233.74	0.0042783	137.44	199.05	4.8898	0.69724	1.2741	328.15	0.20605	2.3754e-05	0.033576	supercritical
267.00	144.00	232.33	0.0043042	138.34	200.32	4.8946	0.69685	1.2692	328.82	0.20501	2.3773e-05	0.033575	supercritical
268.00	144.00	230.94	0.0043300	139.23	201.59	4.8993	0.69647	1.2645	329.48	0.20397	2.3792e-05	0.033576	supercritical
269.00	144.00	229.58	0.0043558	140.12	202.85	4.9040	0.69611	1.2599	330.14	0.20293	2.3812e-05	0.033578	supercritical
270.00	144.00	228.24	0.0043814	141.01	204.11	4.9087	0.69575	1.2554	330.80	0.20189	2.3833e-05	0.033581	supercritical
271.00	144.00	226.91	0.0044070	141.90	205.36	4.9133	0.69540	1.2510	331.46	0.20085	2.3855e-05	0.033586	supercritical
272.00	144.00	225.61	0.0044325	142.78	206.61	4.9179	0.69507	1.2467	332.12	0.19980	2.3877e-05	0.033592	supercritical
273.00	144.00	224.32	0.0044579	143.66	207.85	4.9225	0.69474	1.2425	332.78	0.19876	2.3900e-05	0.033599	supercritical
274.00	144.00	223.05	0.0044833	144.53	209.09	4.9270	0.69443	1.2384	333.43	0.19773	2.3924e-05	0.033608	supercritical
275.00	144.00	221.80	0.0045085	145.41	210.33	4.9315	0.69412	1.2343	334.09	0.19669	2.3948e-05	0.033618	supercritical
276.00	144.00	220.57	0.0045337	146.28	211.56	4.9360	0.69382	1.2304	334.74	0.19565	2.3973e-05	0.033629	supercritical
277.00	144.00	219.36	0.0045588	147.14	212.79	4.9405	0.69354	1.2266	335.39	0.19462	2.3998e-05	0.033641	supercritical
278.00	144.00	218.16	0.0045839	148.01	214.01	4.9449	0.69326	1.2228	336.04	0.19358	2.4024e-05	0.033655	supercritical
279.00	144.00	216.98	0.0046088	148.87	215.23	4.9493	0.69299	1.2191	336.69	0.19255	2.4050e-05	0.033669	supercritical
280.00	144.00	215.81	0.0046337	149.73	216.45	4.9536	0.69273	1.2155	337.34	0.19152	2.4077e-05	0.033684	supercritical
281.00	144.00	214.66	0.0046586	150.58	217.67	4.9579	0.69248	1.2120	337.98	0.19049	2.4104e-05	0.033701	supercritical
282.00	144.00	213.52	0.0046833	151.44	218.88	4.9622	0.69223	1.2086	338.63	0.18947	2.4132e-05	0.033718	supercritical
283.00	144.00	212.40	0.0047080	152.29	220.08	4.9665	0.69200	1.2052	339.27	0.18845	2.4161e-05	0.033736	supercritical
284.00	144.00	211.30	0.0047326	153.14	221.29	4.9708	0.69177	1.2019	339.91	0.18743	2.4189e-05	0.033755	supercritical
285.00	144.00	210.21	0.0047572	153.98	222.49	4.9750	0.69155	1.1986	340.55	0.18641	2.4219e-05	0.033776	supercritical
286.00	144.00	209.13	0.0047817	154.83	223.68	4.9792	0.69134	1.1955	341.19	0.18540	2.4248e-05	0.033796	supercritical
287.00	144.00	208.07	0.0048061	155.67	224.88	4.9833	0.69113	1.1924	341.82	0.18439	2.4278e-05	0.033818	supercritical
288.00	144.00	207.02	0.0048305	156.51	226.07	4.9875	0.69093	1.1893	342.46	0.18338	2.4308e-05	0.033841	supercritical
289.00	144.00	205.98	0.0048548	157.35	227.26	4.9916	0.69074	1.1864	343.09	0.18237	2.4339e-05	0.033864	supercritical
290.00	144.00	204.96	0.0048791	158.18	228.44	4.9957	0.69056	1.1834	343.72	0.18137	2.4370e-05	0.033888	supercritical
291.00	144.00	203.95	0.0049033	159.02	229.62	4.9998	0.69039	1.1806	344.35	0.18037	2.4402e-05	0.033913	supercritical
292.00	144.00	202.95	0.0049274	159.85	230.80	5.0038	0.69022	1.1778	344.98	0.17938	2.4434e-05	0.033938	supercritical
293.00	144.00	201.96	0.0049515	160.68	231.98	5.0078	0.69006	1.1750	345.60	0.17839	2.4466e-05	0.033965	supercritical
294.00	144.00	200.98	0.0049755	161.51	233.15	5.0118	0.68990	1.1723	346.23	0.17740	2.4498e-05	0.033991	supercritical
295.00	144.00	200.02	0.0049995	162.33	234.32	5.0158	0.68975	1.1697	346.85	0.17642	2.4531e-05	0.034019	supercritical
296.00	144.00	199.07	0.0050234	163.16	235.49	5.0198	0.68961	1.1671	347.47	0.17544	2.4564e-05	0.034047	supercritical
297.00	144.00	198.13	0.0050473	163.98	236.66	5.0237	0.68947	1.1646	348.09	0.17446	2.4597e-05	0.034075	supercritical
298.00	144.00	197.20	0.0050711	164.80	237.82	5.0276	0.68934	1.1621	348.71	0.17349	2.4631e-05	0.034104	supercritical
299.00	144.00	196.28	0.0050948	165.62	238.98	5.0315	0.68922	1.1597	349.32	0.17252	2.4665e-05	0.034134	supercritical
300.00	144.00	195.37	0.0051185	166.43	240.14	5.0354	0.68910	1.1573	349.94	0.17155	2.4699e-05	0.034164	supercritical
301.00	144.00	194.47	0.0051422	167.25	241.30	5.0392	0.68899	1.1549	350.55	0.17059	2.4733e-05	0.034194	supercritical
302.00	144.00	193.58	0.0051658	168.06	242.45	5.0430	0.68888	1.1526	351.16	0.16964	2.4768e-05	0.034225	supercritical
303.00	144.00	192.70	0.0051894	168.88	243.60	5.0468	0.68878	1.1504	351.77	0.16868	2.4803e-05	0.034255	supercritical
304.00	144.00	191.83	0.0052129	169.69	244.75	5.0506	0.68868	1.1481	352.38	0.16773	2.4838e-05	0.034287	supercritical
305.00	144.00	190.97	0.0052363	170.50	245.90	5.0544	0.68859	1.1460	352.99	0.16679	2.4874e-05	0.034318	supercritical
306.00	144.00	190.12	0.0052597	171.30	247.04	5.0581	0.68851	1.1438	353.59	0.16585	2.4909e-05	0.034348	supercritical
307.00	144.00	189.28	0.0052831	172.11	248.19	5.0619	0.68843	1.1417	354.19	0.16491	2.4945e-05	0.034379	supercritical
308.00	144.00	188.45	0.0053064	172.91	249.33	5.0656	0.68835	1.1397	354.79	0.16398	2.4981e-05	0.034407	supercritical
309.00	144.00	187.63	0.0053297	173.72	250.47	5.0693	0.68829	1.1377	355.39	0.16305	2.5017e-05	0.034429	supercritical
310.00	144.00	186.81	0.0053529	174.52	251.60	5.0729	0.68822	1.1357	355.99	0.16213	2.5053e-05	0.034458	supercritical
311.00	144.00	186.01	0.0053761	175.32	252.74	5.0766	0.68816	1.1337	356.59	0.16121	2.5090e-05	0.034500	supercritical
312.00	144.00	185.21	0.0053993	176.12	253.87	5.0802	0.68811	1.1318	357.18	0.16029	2.5127e-05	0.034541	supercritical
313.00	144.00	184.42	0.0054223	176.92	255.00	5.0838	0.68806	1.1300	357.78	0.15938	2.5164e-05	0.034583	supercritical
314.00	144.00	183.64	0.0054454	177.72	256.13	5.0875	0.68801	1.1281	358.37	0.15847	2.5201e-05	0.034625	supercritical
315.00	144.00	182.87	0.0054684	178.51	257.26	5.0910	0.68797	1.1263	358.96	0.15757	2.5238e-05	0.034668	supercritical
316.00	144.00	182.10	0.0054914	179.31	258.38	5.0946	0.68794	1.1245	359.54	0.15667	2.5276e-05	0.034711	supercritical
317.00	144.00	181.35	0.0055143	180.10	259.51	5.0982	0.68791	1.1228	360.13	0.15578	2.5313e-05	0.034754	supercritical
318.00	144.00	180.60	0.0055372	180.89	260.63	5.1017	0.68788	1.1211	360.72	0.15489	2.5351e-05	0.034798	supercritical
319.00	144.00	179.85	0.0055601	181.68	261.75	5.1052	0.68786	1.1194	361.30	0.15400	2.5389e-05	0.034842	supercritical
320.00	144.00	179.12	0.0055829	182.47	262.87	5.1087	0.68784	1.1178	361.88	0.15312	2.5427e-05	0.034886	supercritical
321.00	144.00	178.39	0.0056057	183.26	263.98	5.1122	0.68783	1.1161	362.46	0.15224	2.5465e-05	0.034931	supercritical
322.00	144.00	177.67	0.0056284	184.05	265.10	5.1157	0.68782	1.1145	363.04	0.15137	2.5503e-05	0.034976	supercritical
323.00	144.00	176.96	0.0056511	184.84	266.21	5.1191	0.68781	1.1130	363.62	0.15050	2.5542e-05	0.035021	supercritical
324.00	144.00	176.25	0.0056738	185.62	267.33	5.1226	0.68781	1.1114	364.19	0.14963	2.5580e-05	0.035067	supercritical
325.00	144.00	175.55	0.0056964	186.41	268.44	5.1260	0.68781	1.1099	364.77	0.14877	2.5619e-05	0.035113	supercritical
326.00	144.00	174.86	0.0057190	187.19	269.54	5.1294	0.68782	1.1084	365.34	0.14792	2.5658e-05	0.035159	supercritical
327.00	144.00	174.17	0.0057415	187.97	270.65	5.1328	0.68783	1.1070	365.91	0.14707	2.5697e-05	0.035205	supercritical
328.00	144.00	173.49	0.0057641	188.76	271.76	5.1362	0.68785	1.1055	366.48	0.14622	2.5736e-05	0.035252	supercritical
329.00	144.00	172.81	0.0057865	189.54	272.86	5.1395	0.68787	1.1041	367.05	0.14537	2.5775e-05	0.035299	supercritical
330.00	144.00	172.15	0.0058090	190.32	273.97	5.1429	0.68789	1.1028	367.62	0.14453	2.5814e-05	0.035346	supercritical
331.00	144.00	171.49	0.0058314	191.10	275.07	5.1462	0.68791	1.1014	368.18	0.14370	2.5853e-05	0.035393	supercritical
332.00	144.00	170.83	0.0058538	191.88	276.17	5.1495	0.68794	1.1001	368.75	0.14287	2.5893e-05	0.035441	supercritical
333.00	144.00	170.18	0.0058761	192.65	277.27	5.1528	0.68798	1.0987	369.31	0.14204	2.5932e-05	0.035489	supercritical
334.00	144.00	169.54	0.0058985	193.43	278.37	5.1561	0.68801	1.0975	369.87	0.14122	2.5972e-05	0.035537	supercritical
335.00	144.00	168.90	0.0059207	194.21	279.46	5.1594	0.68805	1.0962	370.43	0.14040	2.6011e-05	0.035586	supercritical
336.00	144.00	168.27	0.0059430	194.98	280.56	5.1627	0.68810	1.0949	370.99	0.13958	2.6051e-05	0.035634	supercritical
337.00	144.00	167.64	0.0059652	195.76	281.65	5.1659	0.68814	1.0937	371.54	0.13877	2.6091e-05	0.035683	supercritical
338.00	144.00	167.02	0.0059874	196.53	282.75	5.1692	0.68820	1.0925	372.10	0.13797	2.6131e-05	0.035732	supercritical
339.00	144.00	166.40	0.0060096	197.30	283.84	5.1724	0.68825	1.0913	372.65	0.13716	2.6171e-05	0.035781	supercritical
340.00	144.00	165.79	0.0060317	198.07	284.93	5.1756	0.68831	1.0902	373.20	0.13636	2.6211e-05	0.035831	supercritical
341.00	144.00	165.19	0.0060538	198.85	286.02	5.1788	0.68837	1.0890	373.75	0.13557	2.6251e-05	0.035881	supercritical
342.00	144.00	164.59	0.0060758	199.62	287.11	5.1820	0.68843	1.0879	374.30	0.13478	2.6292e-05	0.035930	supercritical
343.00	144.00	163.99	0.0060979	200.39	288.20	5.1852	0.68850	1.0868	374.85	0.13399	2.6332e-05	0.035981	supercritical
344.00	144.00	163.40	0.0061199	201.16	289.28	5.1883	0.68857	1.0857	375.40	0.13321	2.6372e-05	0.036031	supercritical
345.00	144.00	162.82	0.0061419	201.92	290.37	5.1915	0.68864	1.0846	375.94	0.13243	2.6413e-05	0.036081	supercritical
346.00	144.00	162.24	0.0061638	202.69	291.45	5.1946	0.68872	1.0836	376.48	0.13166	2.6453e-05	0.036132	supercritical
347.00	144.00	161.66	0.0061858	203.46	292.53	5.1977	0.68880	1.0825	377.03	0.13089	2.6494e-05	0.036183	supercritical
348.00	144.00	161.09	0.0062076	204.23	293.62	5.2008	0.68888	1.0815	377.57	0.13012	2.6534e-05	0.036234	supercritical
349.00	144.00	160.53	0.0062295	204.99	294.70	5.2039	0.68896	1.0805	378.11	0.12936	2.6575e-05	0.036285	supercritical
350.00	144.00	159.97	0.0062514	205.76	295.78	5.2070	0.68905	1.0795	378.64	0.12860	2.6616e-05	0.036336	supercritical
351.00	144.00	159.41	0.0062732	206.52	296.86	5.2101	0.68914	1.0786	379.18	0.12784	2.6657e-05	0.036388	supercritical
352.00	144.00	158.86	0.0062950	207.29	297.93	5.2132	0.68924	1.0776	379.72	0.12709	2.6697e-05	0.036440	supercritical
353.00	144.00	158.31	0.0063167	208.05	299.01	5.2162	0.68933	1.0767	380.25	0.12635	2.6738e-05	0.036491	supercritical
354.00	144.00	157.77	0.0063385	208.81	300.09	5.2193	0.68943	1.0758	380.78	0.12560	2.6779e-05	0.036543	supercritical
355.00	144.00	157.23	0.0063602	209.58	301.16	5.2223	0.68953	1.0749	381.31	0.12486	2.6820e-05	0.036596	supercritical
356.00	144.00	156.69	0.0063818	210.34	302.24	5.2253	0.68964	1.0740	381.84	0.12413	2.6861e-05	0.036648	supercritical
357.00	144.00	156.16	0.0064035	211.10	303.31	5.2283	0.68975	1.0731	382.37	0.12340	2.6902e-05	0.036700	supercritical
358.00	144.00	155.64	0.0064251	211.86	304.38	5.2313	0.68986	1.0723	382.90	0.12267	2.6943e-05	0.036753	supercritical
359.00	144.00	155.12	0.0064467	212.62	305.46	5.2343	0.68997	1.0714	383.43	0.12194	2.6984e-05	0.036806	supercritical
360.00	144.00	154.60	0.0064683	213.38	306.53	5.2373	0.69008	1.0706	383.95	0.12122	2.7026e-05	0.036858	supercritical
361.00	144.00	154.09	0.0064899	214.14	307.60	5.2403	0.69020	1.0698	384.48	0.12050	2.7067e-05	0.036912	supercritical
362.00	144.00	153.58	0.0065114	214.90	308.67	5.2432	0.69032	1.0690	385.00	0.11979	2.7108e-05	0.036965	supercritical
363.00	144.00	153.07	0.0065329	215.66	309.73	5.2462	0.69044	1.0682	385.52	0.11908	2.7149e-05	0.037018	supercritical
364.00	144.00	152.57	0.0065544	216.42	310.80	5.2491	0.69057	1.0674	386.04	0.11837	2.7191e-05	0.037071	supercritical
365.00	144.00	152.07	0.0065759	217.18	311.87	5.2521	0.69070	1.0666	386.56	0.11767	2.7232e-05	0.037125	supercritical
366.00	144.00	151.58	0.0065973	217.93	312.94	5.2550	0.69083	1.0659	387.08	0.11697	2.7273e-05	0.037179	supercritical
367.00	144.00	151.09	0.0066188	218.69	314.00	5.2579	0.69096	1.0652	387.59	0.11628	2.7315e-05	0.037232	supercritical
368.00	144.00	150.60	0.0066402	219.45	315.07	5.2608	0.69109	1.0644	388.11	0.11558	2.7356e-05	0.037286	supercritical
369.00	144.00	150.12	0.0066615	220.20	316.13	5.2637	0.69123	1.0637	388.62	0.11490	2.7398e-05	0.037340	supercritical
370.00	144.00	149.64	0.0066829	220.96	317.19	5.2665	0.69137	1.0630	389.13	0.11421	2.7439e-05	0.037394	supercritical
371.00	144.00	149.16	0.0067042	221.72	318.26	5.2694	0.69151	1.0624	389.64	0.11353	2.7480e-05	0.037449	supercritical
372.00	144.00	148.69	0.0067255	222.47	319.32	5.2723	0.69166	1.0617	390.15	0.11285	2.7522e-05	0.037503	supercritical
373.00	144.00	148.22	0.0067468	223.23	320.38	5.2751	0.69180	1.0610	390.66	0.11218	2.7564e-05	0.037557	supercritical
374.00	144.00	147.75	0.0067681	223.98	321.44	5.2780	0.69195	1.0604	391.17	0.11151	2.7605e-05	0.037612	supercritical
375.00	144.00	147.29	0.0067893	224.73	322.50	5.2808	0.69210	1.0597	391.68	0.11084	2.7647e-05	0.037667	supercritical
376.00	144.00	146.83	0.0068106	225.49	323.56	5.2836	0.69225	1.0591	392.18	0.11018	2.7688e-05	0.037721	supercritical
377.00	144.00	146.37	0.0068318	226.24	324.62	5.2864	0.69241	1.0585	392.69	0.10951	2.7730e-05	0.037776	supercritical
378.00	144.00	145.92	0.0068530	226.99	325.68	5.2892	0.69256	1.0579	393.19	0.10886	2.7771e-05	0.037831	supercritical
379.00	144.00	145.47	0.0068741	227.75	326.73	5.2920	0.69272	1.0573	393.69	0.10820	2.7813e-05	0.037886	supercritical
380.00	144.00	145.03	0.0068953	228.50	327.79	5.2948	0.69288	1.0567	394.19	0.10755	2.7855e-05	0.037941	supercritical
381.00	144.00	144.58	0.0069164	229.25	328.85	5.2976	0.69305	1.0561	394.69	0.10690	2.7896e-05	0.037997	supercritical
382.00	144.00	144.14	0.0069375	230.00	329.90	5.3004	0.69321	1.0555	395.19	0.10626	2.7938e-05	0.038052	supercritical
383.00	144.00	143.71	0.0069586	230.75	330.96	5.3031	0.69338	1.0550	395.69	0.10562	2.7980e-05	0.038108	supercritical
384.00	144.00	143.27	0.0069797	231.51	332.01	5.3059	0.69354	1.0544	396.19	0.10498	2.8021e-05	0.038163	supercritical
385.00	144.00	142.84	0.0070007	232.26	333.07	5.3086	0.69371	1.0539	396.68	0.10435	2.8063e-05	0.038219	supercritical
386.00	144.00	142.41	0.0070217	233.01	334.12	5.3113	0.69389	1.0534	397.18	0.10372	2.8105e-05	0.038274	supercritical
387.00	144.00	141.99	0.0070428	233.76	335.17	5.3141	0.69406	1.0529	397.67	0.10309	2.8147e-05	0.038330	supercritical
388.00	144.00	141.57	0.0070637	234.51	336.23	5.3168	0.69424	1.0524	398.16	0.10246	2.8188e-05	0.038386	supercritical
389.00	144.00	141.15	0.0070847	235.26	337.28	5.3195	0.69442	1.0519	398.65	0.10184	2.8230e-05	0.038442	supercritical
390.00	144.00	140.73	0.0071057	236.01	338.33	5.3222	0.69459	1.0514	399.14	0.10122	2.8272e-05	0.038498	supercritical
391.00	144.00	140.32	0.0071266	236.76	339.38	5.3249	0.69478	1.0509	399.63	0.10061	2.8314e-05	0.038554	supercritical
392.00	144.00	139.91	0.0071475	237.51	340.43	5.3276	0.69496	1.0504	400.12	0.099996	2.8355e-05	0.038610	supercritical
393.00	144.00	139.50	0.0071684	238.26	341.48	5.3302	0.69514	1.0500	400.61	0.099387	2.8397e-05	0.038666	supercritical
394.00	144.00	139.09	0.0071893	239.01	342.53	5.3329	0.69533	1.0495	401.09	0.098781	2.8439e-05	0.038723	supercritical
395.00	144.00	138.69	0.0072102	239.75	343.58	5.3356	0.69552	1.0490	401.58	0.098178	2.8481e-05	0.038779	supercritical
396.00	144.00	138.29	0.0072311	240.50	344.63	5.3382	0.69571	1.0486	402.06	0.097578	2.8522e-05	0.038835	supercritical
397.00	144.00	137.90	0.0072519	241.25	345.68	5.3409	0.69590	1.0482	402.54	0.096981	2.8564e-05	0.038892	supercritical
398.00	144.00	137.50	0.0072727	242.00	346.73	5.3435	0.69609	1.0478	403.02	0.096387	2.8606e-05	0.038949	supercritical
399.00	144.00	137.11	0.0072935	242.75	347.77	5.3461	0.69629	1.0473	403.51	0.095796	2.8648e-05	0.039005	supercritical
400.00	144.00	136.72	0.0073143	243.50	348.82	5.3487	0.69648	1.0469	403.99	0.095208	2.8690e-05	0.039062	supercritical
401.00	144.00	136.33	0.0073351	244.24	349.87	5.3514	0.69668	1.0465	404.46	0.094623	2.8731e-05	0.039119	supercritical
402.00	144.00	135.95	0.0073558	244.99	350.91	5.3540	0.69688	1.0461	404.94	0.094041	2.8773e-05	0.039176	supercritical
403.00	144.00	135.56	0.0073766	245.74	351.96	5.3566	0.69708	1.0458	405.42	0.093462	2.8815e-05	0.039232	supercritical
404.00	144.00	135.18	0.0073973	246.49	353.01	5.3592	0.69728	1.0454	405.89	0.092886	2.8857e-05	0.039289	supercritical
405.00	144.00	134.81	0.0074180	247.23	354.05	5.3617	0.69749	1.0450	406.37	0.092312	2.8898e-05	0.039346	supercritical
406.00	144.00	134.43	0.0074387	247.98	355.10	5.3643	0.69769	1.0447	406.84	0.091742	2.8940e-05	0.039403	supercritical
407.00	144.00	134.06	0.0074594	248.73	356.14	5.3669	0.69790	1.0443	407.31	0.091174	2.8982e-05	0.039461	supercritical
408.00	144.00	133.69	0.0074800	249.47	357.18	5.3694	0.69811	1.0440	407.79	0.090609	2.9024e-05	0.039518	supercritical
409.00	144.00	133.32	0.0075007	250.22	358.23	5.3720	0.69832	1.0436	408.26	0.090047	2.9065e-05	0.039575	supercritical
410.00	144.00	132.96	0.0075213	250.97	359.27	5.3745	0.69853	1.0433	408.73	0.089488	2.9107e-05	0.039632	supercritical
411.00	144.00	132.59	0.0075419	251.71	360.31	5.3771	0.69874	1.0429	409.20	0.088931	2.9149e-05	0.039690	supercritical
412.00	144.00	132.23	0.0075625	252.46	361.36	5.3796	0.69896	1.0426	409.66	0.088378	2.9191e-05	0.039747	supercritical
413.00	144.00	131.87	0.0075831	253.20	362.40	5.3822	0.69917	1.0423	410.13	0.087827	2.9232e-05	0.039804	supercritical
414.00	144.00	131.52	0.0076037	253.95	363.44	5.3847	0.69939	1.0420	410.60	0.087279	2.9274e-05	0.039862	supercritical
415.00	144.00	131.16	0.0076242	254.70	364.48	5.3872	0.69961	1.0417	411.06	0.086733	2.9316e-05	0.039920	supercritical
416.00	144.00	130.81	0.0076448	255.44	365.53	5.3897	0.69982	1.0414	411.53	0.086190	2.9357e-05	0.039977	supercritical
417.00	144.00	130.46	0.0076653	256.19	366.57	5.3922	0.70004	1.0411	411.99	0.085650	2.9399e-05	0.040035	supercritical
418.00	144.00	130.11	0.0076858	256.93	367.61	5.3947	0.70027	1.0408	412.45	0.085113	2.9441e-05	0.040092	supercritical
419.00	144.00	129.76	0.0077063	257.68	368.65	5.3972	0.70049	1.0406	412.91	0.084578	2.9482e-05	0.040150	supercritical
420.00	144.00	129.42	0.0077268	258.42	369.69	5.3997	0.70071	1.0403	413.37	0.084046	2.9524e-05	0.040208	supercritical
421.00	144.00	129.08	0.0077472	259.17	370.73	5.4021	0.70094	1.0400	413.83	0.083517	2.9566e-05	0.040266	supercritical
422.00	144.00	128.74	0.0077677	259.91	371.77	5.4046	0.70117	1.0398	414.29	0.082990	2.9607e-05	0.040324	supercritical
423.00	144.00	128.40	0.0077882	260.66	372.81	5.4071	0.70139	1.0395	414.75	0.082465	2.9649e-05	0.040381	supercritical
424.00	144.00	128.06	0.0078086	261.40	373.85	5.4095	0.70162	1.0393	415.21	0.081944	2.9691e-05	0.040439	supercritical
425.00	144.00	127.73	0.0078290	262.15	374.89	5.4120	0.70185	1.0390	415.66	0.081425	2.9732e-05	0.040497	supercritical
426.00	144.00	127.40	0.0078494	262.89	375.93	5.4144	0.70208	1.0388	416.12	0.080908	2.9774e-05	0.040555	supercritical
427.00	144.00	127.07	0.0078698	263.64	376.96	5.4168	0.70231	1.0386	416.57	0.080394	2.9816e-05	0.040613	supercritical
428.00	144.00	126.74	0.0078902	264.38	378.00	5.4193	0.70255	1.0383	417.03	0.079882	2.9857e-05	0.040671	supercritical
429.00	144.00	126.41	0.0079105	265.13	379.04	5.4217	0.70278	1.0381	417.48	0.079373	2.9899e-05	0.040730	supercritical
430.00	144.00	126.09	0.0079309	265.87	380.08	5.4241	0.70302	1.0379	417.93	0.078867	2.9940e-05	0.040788	supercritical
431.00	144.00	125.77	0.0079512	266.62	381.12	5.4265	0.70325	1.0377	418.38	0.078363	2.9982e-05	0.040846	supercritical
432.00	144.00	125.45	0.0079716	267.36	382.15	5.4289	0.70349	1.0375	418.83	0.077861	3.0023e-05	0.040904	supercritical
433.00	144.00	125.13	0.0079919	268.11	383.19	5.4313	0.70373	1.0373	419.28	0.077362	3.0065e-05	0.040962	supercritical
434.00	144.00	124.81	0.0080122	268.85	384.23	5.4337	0.70397	1.0371	419.73	0.076865	3.0106e-05	0.041021	supercritical
435.00	144.00	124.49	0.0080325	269.60	385.27	5.4361	0.70421	1.0369	420.18	0.076371	3.0148e-05	0.041079	supercritical
436.00	144.00	124.18	0.0080528	270.34	386.30	5.4385	0.70445	1.0367	420.63	0.075879	3.0189e-05	0.041137	supercritical
437.00	144.00	123.87	0.0080730	271.09	387.34	5.4409	0.70469	1.0365	421.07	0.075390	3.0231e-05	0.041196	supercritical
438.00	144.00	123.56	0.0080933	271.83	388.38	5.4432	0.70494	1.0363	421.52	0.074902	3.0272e-05	0.041254	supercritical
439.00	144.00	123.25	0.0081135	272.58	389.41	5.4456	0.70518	1.0362	421.96	0.074418	3.0314e-05	0.041312	supercritical
440.00	144.00	122.94	0.0081338	273.32	390.45	5.4479	0.70543	1.0360	422.41	0.073935	3.0355e-05	0.041371	supercritical
441.00	144.00	122.64	0.0081540	274.07	391.48	5.4503	0.70567	1.0358	422.85	0.073455	3.0396e-05	0.041429	supercritical
442.00	144.00	122.34	0.0081742	274.81	392.52	5.4526	0.70592	1.0357	423.29	0.072977	3.0438e-05	0.041488	supercritical
443.00	144.00	122.03	0.0081944	275.56	393.56	5.4550	0.70617	1.0355	423.73	0.072502	3.0479e-05	0.041546	supercritical
444.00	144.00	121.73	0.0082146	276.30	394.59	5.4573	0.70642	1.0354	424.18	0.072029	3.0521e-05	0.041605	supercritical
445.00	144.00	121.44	0.0082348	277.05	395.63	5.4596	0.70667	1.0352	424.61	0.071558	3.0562e-05	0.041664	supercritical
446.00	144.00	121.14	0.0082549	277.79	396.66	5.4620	0.70692	1.0351	425.05	0.071089	3.0603e-05	0.041722	supercritical
447.00	144.00	120.84	0.0082751	278.54	397.70	5.4643	0.70717	1.0350	425.49	0.070623	3.0645e-05	0.041781	supercritical
448.00	144.00	120.55	0.0082952	279.28	398.73	5.4666	0.70742	1.0348	425.93	0.070159	3.0686e-05	0.041840	supercritical
449.00	144.00	120.26	0.0083153	280.03	399.77	5.4689	0.70767	1.0347	426.37	0.069697	3.0727e-05	0.041898	supercritical
450.00	144.00	119.97	0.0083355	280.77	400.80	5.4712	0.70793	1.0346	426.80	0.069237	3.0768e-05	0.041957	supercritical
451.00	144.00	119.68	0.0083556	281.52	401.84	5.4735	0.70818	1.0345	427.24	0.068780	3.0810e-05	0.042016	supercritical
452.00	144.00	119.39	0.0083757	282.26	402.87	5.4758	0.70844	1.0343	427.67	0.068324	3.0851e-05	0.042074	supercritical
453.00	144.00	119.11	0.0083958	283.01	403.90	5.4781	0.70869	1.0342	428.11	0.067871	3.0892e-05	0.042133	supercritical
454.00	144.00	118.82	0.0084158	283.75	404.94	5.4804	0.70895	1.0341	428.54	0.067420	3.0933e-05	0.042192	supercritical
455.00	144.00	118.54	0.0084359	284.50	405.97	5.4826	0.70921	1.0340	428.97	0.066972	3.0974e-05	0.042251	supercritical
456.00	144.00	118.26	0.0084560	285.24	407.01	5.4849	0.70947	1.0339	429.40	0.066525	3.1016e-05	0.042310	supercritical
457.00	144.00	117.98	0.0084760	285.99	408.04	5.4872	0.70972	1.0338	429.83	0.066080	3.1057e-05	0.042369	supercritical
458.00	144.00	117.70	0.0084960	286.73	409.07	5.4894	0.70998	1.0337	430.26	0.065638	3.1098e-05	0.042427	supercritical
459.00	144.00	117.42	0.0085161	287.48	410.11	5.4917	0.71024	1.0336	430.69	0.065198	3.1139e-05	0.042486	supercritical
460.00	144.00	117.15	0.0085361	288.22	411.14	5.4939	0.71050	1.0335	431.12	0.064759	3.1180e-05	0.042545	supercritical
461.00	144.00	116.88	0.0085561	288.97	412.17	5.4962	0.71077	1.0335	431.55	0.064323	3.1221e-05	0.042604	supercritical
462.00	144.00	116.60	0.0085761	289.71	413.21	5.4984	0.71103	1.0334	431.98	0.063889	3.1262e-05	0.042663	supercritical
463.00	144.00	116.33	0.0085961	290.46	414.24	5.5007	0.71129	1.0333	432.41	0.063457	3.1303e-05	0.042722	supercritical
464.00	144.00	116.06	0.0086161	291.20	415.27	5.5029	0.71155	1.0332	432.83	0.063027	3.1344e-05	0.042781	supercritical
465.00	144.00	115.79	0.0086360	291.95	416.31	5.5051	0.71182	1.0332	433.26	0.062599	3.1385e-05	0.042840	supercritical
466.00	144.00	115.53	0.0086560	292.69	417.34	5.5073	0.71208	1.0331	433.68	0.062173	3.1426e-05	0.042899	supercritical
467.00	144.00	115.26	0.0086759	293.44	418.37	5.5095	0.71235	1.0330	434.10	0.061749	3.1467e-05	0.042958	supercritical
468.00	144.00	115.00	0.0086959	294.19	419.41	5.5117	0.71261	1.0330	434.53	0.061327	3.1508e-05	0.043017	supercritical
469.00	144.00	114.73	0.0087158	294.93	420.44	5.5140	0.71288	1.0329	434.95	0.060907	3.1549e-05	0.043076	supercritical
470.00	144.00	114.47	0.0087357	295.68	421.47	5.5162	0.71315	1.0329	435.37	0.060489	3.1590e-05	0.043135	supercritical
471.00	144.00	114.21	0.0087556	296.42	422.51	5.5183	0.71342	1.0328	435.79	0.060073	3.1631e-05	0.043194	supercritical
472.00	144.00	113.95	0.0087755	297.17	423.54	5.5205	0.71368	1.0328	436.21	0.059659	3.1672e-05	0.043253	supercritical
473.00	144.00	113.70	0.0087954	297.92	424.57	5.5227	0.71395	1.0327	436.63	0.059247	3.1712e-05	0.043312	supercritical
474.00	144.00	113.44	0.0088153	298.66	425.60	5.5249	0.71422	1.0327	437.05	0.058837	3.1753e-05	0.043372	supercritical
475.00	144.00	113.18	0.0088352	299.41	426.64	5.5271	0.71449	1.0326	437.47	0.058429	3.1794e-05	0.043431	supercritical
476.00	144.00	112.93	0.0088551	300.16	427.67	5.5293	0.71476	1.0326	437.89	0.058022	3.1835e-05	0.043490	supercritical
477.00	144.00	112.68	0.0088749	300.90	428.70	5.5314	0.71503	1.0326	438.31	0.057618	3.1875e-05	0.043549	supercritical
478.00	144.00	112.43	0.0088948	301.65	429.73	5.5336	0.71530	1.0325	438.72	0.057215	3.1916e-05	0.043608	supercritical
479.00	144.00	112.18	0.0089146	302.40	430.77	5.5357	0.71557	1.0325	439.14	0.056814	3.1957e-05	0.043667	supercritical
480.00	144.00	111.93	0.0089344	303.14	431.80	5.5379	0.71584	1.0325	439.55	0.056415	3.1998e-05	0.043726	supercritical
481.00	144.00	111.68	0.0089543	303.89	432.83	5.5400	0.71612	1.0325	439.97	0.056018	3.2038e-05	0.043786	supercritical
482.00	144.00	111.43	0.0089741	304.64	433.86	5.5422	0.71639	1.0325	440.38	0.055623	3.2079e-05	0.043845	supercritical
483.00	144.00	111.19	0.0089939	305.39	434.90	5.5443	0.71666	1.0324	440.80	0.055230	3.2120e-05	0.043904	supercritical
484.00	144.00	110.94	0.0090137	306.13	435.93	5.5465	0.71694	1.0324	441.21	0.054838	3.2160e-05	0.043963	supercritical
485.00	144.00	110.70	0.0090335	306.88	436.96	5.5486	0.71721	1.0324	441.62	0.054449	3.2201e-05	0.044022	supercritical
486.00	144.00	110.46	0.0090532	307.63	437.99	5.5507	0.71748	1.0324	442.03	0.054061	3.2241e-05	0.044082	supercritical
487.00	144.00	110.22	0.0090730	308.38	439.03	5.5528	0.71776	1.0324	442.44	0.053674	3.2282e-05	0.044141	supercritical
488.00	144.00	109.98	0.0090928	309.12	440.06	5.5550	0.71803	1.0324	442.85	0.053290	3.2322e-05	0.044200	supercritical
489.00	144.00	109.74	0.0091125	309.87	441.09	5.5571	0.71831	1.0324	443.26	0.052907	3.2363e-05	0.044259	supercritical
490.00	144.00	109.50	0.0091323	310.62	442.12	5.5592	0.71859	1.0324	443.67	0.052527	3.2403e-05	0.044319	supercritical
491.00	144.00	109.27	0.0091520	311.37	443.16	5.5613	0.71886	1.0324	444.08	0.052147	3.2444e-05	0.044378	supercritical
492.00	144.00	109.03	0.0091718	312.12	444.19	5.5634	0.71914	1.0324	444.49	0.051770	3.2484e-05	0.044437	supercritical
493.00	144.00	108.80	0.0091915	312.86	445.22	5.5655	0.71942	1.0324	444.90	0.051394	3.2525e-05	0.044496	supercritical
494.00	144.00	108.56	0.0092112	313.61	446.25	5.5676	0.71969	1.0324	445.30	0.051020	3.2565e-05	0.044556	supercritical
495.00	144.00	108.33	0.0092309	314.36	447.29	5.5697	0.71997	1.0324	445.71	0.050648	3.2605e-05	0.044615	supercritical
496.00	144.00	108.10	0.0092506	315.11	448.32	5.5717	0.72025	1.0325	446.12	0.050278	3.2646e-05	0.044674	supercritical
497.00	144.00	107.87	0.0092703	315.86	449.35	5.5738	0.72053	1.0325	446.52	0.049909	3.2686e-05	0.044734	supercritical
498.00	144.00	107.64	0.0092900	316.61	450.38	5.5759	0.72080	1.0325	446.92	0.049542	3.2726e-05	0.044793	supercritical
499.00	144.00	107.42	0.0093097	317.36	451.42	5.5780	0.72108	1.0325	447.33	0.049176	3.2767e-05	0.044852	supercritical
500.00	144.00	107.19	0.0093293	318.11	452.45	5.5800	0.72136	1.0325	447.73	0.048812	3.2807e-05	0.044911	supercritical
501.00	144.00	106.96	0.0093490	318.86	453.48	5.5821	0.72164	1.0326	448.13	0.048450	3.2847e-05	0.044971	supercritical
502.00	144.00	106.74	0.0093687	319.60	454.51	5.5842	0.72192	1.0326	448.54	0.048090	3.2887e-05	0.045030	supercritical
503.00	144.00	106.52	0.0093883	320.35	455.55	5.5862	0.72220	1.0326	448.94	0.047731	3.2928e-05	0.045089	supercritical
504.00	144.00	106.29	0.0094079	321.10	456.58	5.5883	0.72248	1.0327	449.34	0.047373	3.2968e-05	0.045149	supercritical
505.00	144.00	106.07	0.0094276	321.85	457.61	5.5903	0.72276	1.0327	449.74	0.047018	3.3008e-05	0.045208	supercritical
506.00	144.00	105.85	0.0094472	322.60	458.64	5.5924	0.72304	1.0327	450.14	0.046664	3.3048e-05	0.045267	supercritical
507.00	144.00	105.63	0.0094668	323.35	459.68	5.5944	0.72332	1.0328	450.54	0.046311	3.3088e-05	0.045327	supercritical
508.00	144.00	105.41	0.0094864	324.11	460.71	5.5964	0.72360	1.0328	450.94	0.045960	3.3128e-05	0.045386	supercritical
509.00	144.00	105.20	0.0095060	324.86	461.74	5.5985	0.72388	1.0329	451.34	0.045611	3.3168e-05	0.045445	supercritical
510.00	144.00	104.98	0.0095256	325.61	462.78	5.6005	0.72416	1.0329	451.73	0.045263	3.3208e-05	0.045505	supercritical
511.00	144.00	104.76	0.0095452	326.36	463.81	5.6025	0.72445	1.0329	452.13	0.044917	3.3248e-05	0.045564	supercritical
512.00	144.00	104.55	0.0095648	327.11	464.84	5.6045	0.72473	1.0330	452.53	0.044572	3.3288e-05	0.045623	supercritical
513.00	144.00	104.34	0.0095844	327.86	465.87	5.6065	0.72501	1.0330	452.92	0.044229	3.3328e-05	0.045683	supercritical
514.00	144.00	104.12	0.0096040	328.61	466.91	5.6086	0.72529	1.0331	453.32	0.043888	3.3368e-05	0.045742	supercritical
515.00	144.00	103.91	0.0096235	329.36	467.94	5.6106	0.72557	1.0332	453.71	0.043548	3.3408e-05	0.045801	supercritical
516.00	144.00	103.70	0.0096431	330.11	468.97	5.6126	0.72586	1.0332	454.11	0.043209	3.3448e-05	0.045861	supercritical
517.00	144.00	103.49	0.0096626	330.87	470.01	5.6146	0.72614	1.0333	454.50	0.042872	3.3488e-05	0.045920	supercritical
518.00	144.00	103.28	0.0096822	331.62	471.04	5.6166	0.72642	1.0333	454.89	0.042537	3.3528e-05	0.045979	supercritical
519.00	144.00	103.07	0.0097017	332.37	472.07	5.6186	0.72670	1.0334	455.29	0.042203	3.3568e-05	0.046039	supercritical
520.00	144.00	102.87	0.0097212	333.12	473.11	5.6206	0.72699	1.0334	455.68	0.041870	3.3607e-05	0.046098	supercritical
521.00	144.00	102.66	0.0097408	333.87	474.14	5.6225	0.72727	1.0335	456.07	0.041539	3.3647e-05	0.046157	supercritical
522.00	144.00	102.46	0.0097603	334.63	475.17	5.6245	0.72755	1.0336	456.46	0.041209	3.3687e-05	0.046217	supercritical
523.00	144.00	102.25	0.0097798	335.38	476.21	5.6265	0.72784	1.0336	456.85	0.040881	3.3727e-05	0.046276	supercritical
524.00	144.00	102.05	0.0097993	336.13	477.24	5.6285	0.72812	1.0337	457.24	0.040555	3.3766e-05	0.046335	supercritical
525.00	144.00	101.85	0.0098188	336.88	478.28	5.6304	0.72840	1.0338	457.63	0.040229	3.3806e-05	0.046395	supercritical
526.00	144.00	101.64	0.0098383	337.64	479.31	5.6324	0.72868	1.0339	458.02	0.039906	3.3846e-05	0.046454	supercritical
527.00	144.00	101.44	0.0098578	338.39	480.34	5.6344	0.72897	1.0339	458.41	0.039583	3.3885e-05	0.046513	supercritical
528.00	144.00	101.24	0.0098772	339.14	481.38	5.6363	0.72925	1.0340	458.80	0.039262	3.3925e-05	0.046573	supercritical
529.00	144.00	101.04	0.0098967	339.90	482.41	5.6383	0.72954	1.0341	459.19	0.038943	3.3965e-05	0.046632	supercritical
530.00	144.00	100.85	0.0099162	340.65	483.44	5.6402	0.72982	1.0342	459.57	0.038624	3.4004e-05	0.046691	supercritical
531.00	144.00	100.65	0.0099356	341.41	484.48	5.6422	0.73010	1.0342	459.96	0.038308	3.4044e-05	0.046751	supercritical
532.00	144.00	100.45	0.0099551	342.16	485.51	5.6441	0.73039	1.0343	460.35	0.037992	3.4083e-05	0.046810	supercritical
533.00	144.00	100.26	0.0099745	342.91	486.55	5.6461	0.73067	1.0344	460.73	0.037678	3.4123e-05	0.046869	supercritical
534.00	144.00	100.06	0.0099940	343.67	487.58	5.6480	0.73095	1.0345	461.12	0.037366	3.4162e-05	0.046929	supercritical
535.00	144.00	99.866	0.010013	344.42	488.62	5.6500	0.73124	1.0346	461.50	0.037054	3.4202e-05	0.046988	supercritical
536.00	144.00	99.673	0.010033	345.18	489.65	5.6519	0.73152	1.0347	461.89	0.036744	3.4241e-05	0.047047	supercritical
537.00	144.00	99.480	0.010052	345.93	490.69	5.6538	0.73181	1.0347	462.27	0.036436	3.4281e-05	0.047106	supercritical
538.00	144.00	99.288	0.010072	346.69	491.72	5.6557	0.73209	1.0348	462.65	0.036129	3.4320e-05	0.047166	supercritical
539.00	144.00	99.097	0.010091	347.44	492.76	5.6577	0.73237	1.0349	463.04	0.035823	3.4359e-05	0.047225	supercritical
540.00	144.00	98.907	0.010111	348.20	493.79	5.6596	0.73266	1.0350	463.42	0.035518	3.4399e-05	0.047284	supercritical
541.00	144.00	98.717	0.010130	348.95	494.83	5.6615	0.73294	1.0351	463.80	0.035215	3.4438e-05	0.047344	supercritical
542.00	144.00	98.529	0.010149	349.71	495.86	5.6634	0.73322	1.0352	464.18	0.034913	3.4477e-05	0.047403	supercritical
543.00	144.00	98.341	0.010169	350.47	496.90	5.6653	0.73351	1.0353	464.56	0.034612	3.4517e-05	0.047462	supercritical
544.00	144.00	98.154	0.010188	351.22	497.93	5.6672	0.73379	1.0354	464.95	0.034313	3.4556e-05	0.047521	supercritical
545.00	144.00	97.968	0.010207	351.98	498.97	5.6691	0.73408	1.0355	465.33	0.034015	3.4595e-05	0.047581	supercritical
546.00	144.00	97.782	0.010227	352.74	500.00	5.6710	0.73436	1.0356	465.70	0.033718	3.4634e-05	0.047640	supercritical
547.00	144.00	97.597	0.010246	353.49	501.04	5.6729	0.73464	1.0357	466.08	0.033422	3.4674e-05	0.047699	supercritical
548.00	144.00	97.413	0.010266	354.25	502.07	5.6748	0.73493	1.0358	466.46	0.033128	3.4713e-05	0.047758	supercritical
549.00	144.00	97.230	0.010285	355.01	503.11	5.6767	0.73521	1.0359	466.84	0.032835	3.4752e-05	0.047818	supercritical
550.00	144.00	97.047	0.010304	355.76	504.15	5.6786	0.73550	1.0360	467.22	0.032544	3.4791e-05	0.047877	supercritical
551.00	144.00	96.865	0.010324	356.52	505.18	5.6805	0.73578	1.0361	467.60	0.032253	3.4830e-05	0.047936	supercritical
552.00	144.00	96.684	0.010343	357.28	506.22	5.6823	0.73606	1.0362	467.97	0.031964	3.4869e-05	0.047995	supercritical
553.00	144.00	96.504	0.010362	358.04	507.25	5.6842	0.73635	1.0363	468.35	0.031676	3.4908e-05	0.048055	supercritical
554.00	144.00	96.324	0.010382	358.80	508.29	5.6861	0.73663	1.0364	468.73	0.031389	3.4947e-05	0.048114	supercritical
555.00	144.00	96.145	0.010401	359.55	509.33	5.6880	0.73691	1.0365	469.10	0.031103	3.4986e-05	0.048173	supercritical
556.00	144.00	95.967	0.010420	360.31	510.36	5.6898	0.73720	1.0367	469.48	0.030819	3.5025e-05	0.048232	supercritical
557.00	144.00	95.789	0.010440	361.07	511.40	5.6917	0.73748	1.0368	469.85	0.030536	3.5064e-05	0.048292	supercritical
558.00	144.00	95.612	0.010459	361.83	512.44	5.6935	0.73776	1.0369	470.23	0.030254	3.5103e-05	0.048351	supercritical
559.00	144.00	95.436	0.010478	362.59	513.47	5.6954	0.73804	1.0370	470.60	0.029973	3.5142e-05	0.048410	supercritical
560.00	144.00	95.261	0.010497	363.35	514.51	5.6973	0.73833	1.0371	470.97	0.029694	3.5181e-05	0.048469	supercritical
561.00	144.00	95.086	0.010517	364.11	515.55	5.6991	0.73861	1.0372	471.35	0.029415	3.5220e-05	0.048528	supercritical
562.00	144.00	94.912	0.010536	364.87	516.59	5.7010	0.73889	1.0373	471.72	0.029138	3.5259e-05	0.048587	supercritical
563.00	144.00	94.739	0.010555	365.63	517.62	5.7028	0.73918	1.0375	472.09	0.028862	3.5298e-05	0.048647	supercritical
564.00	144.00	94.566	0.010575	366.39	518.66	5.7046	0.73946	1.0376	472.46	0.028587	3.5336e-05	0.048706	supercritical
565.00	144.00	94.394	0.010594	367.15	519.70	5.7065	0.73974	1.0377	472.83	0.028314	3.5375e-05	0.048765	supercritical
566.00	144.00	94.223	0.010613	367.91	520.74	5.7083	0.74002	1.0378	473.20	0.028041	3.5414e-05	0.048824	supercritical
567.00	144.00	94.052	0.010632	368.67	521.77	5.7101	0.74030	1.0379	473.57	0.027770	3.5453e-05	0.048883	supercritical
568.00	144.00	93.882	0.010652	369.43	522.81	5.7120	0.74059	1.0380	473.94	0.027499	3.5491e-05	0.048942	supercritical
569.00	144.00	93.712	0.010671	370.19	523.85	5.7138	0.74087	1.0382	474.31	0.027230	3.5530e-05	0.049001	supercritical
570.00	144.00	93.544	0.010690	370.95	524.89	5.7156	0.74115	1.0383	474.68	0.026962	3.5569e-05	0.049061	supercritical
571.00	144.00	93.376	0.010709	371.71	525.93	5.7174	0.74143	1.0384	475.05	0.026695	3.5607e-05	0.049120	supercritical
572.00	144.00	93.208	0.010729	372.47	526.96	5.7193	0.74171	1.0385	475.42	0.026430	3.5646e-05	0.049179	supercritical
573.00	144.00	93.041	0.010748	373.23	528.00	5.7211	0.74199	1.0387	475.79	0.026165	3.5685e-05	0.049238	supercritical
574.00	144.00	92.875	0.010767	374.00	529.04	5.7229	0.74227	1.0388	476.16	0.025901	3.5723e-05	0.049297	supercritical
575.00	144.00	92.710	0.010786	374.76	530.08	5.7247	0.74256	1.0389	476.52	0.025639	3.5762e-05	0.049356	supercritical
576.00	144.00	92.545	0.010806	375.52	531.12	5.7265	0.74284	1.0391	476.89	0.025377	3.5800e-05	0.049415	supercritical
577.00	144.00	92.380	0.010825	376.28	532.16	5.7283	0.74312	1.0392	477.26	0.025117	3.5839e-05	0.049474	supercritical
578.00	144.00	92.217	0.010844	377.04	533.20	5.7301	0.74340	1.0393	477.62	0.024858	3.5877e-05	0.049533	supercritical
579.00	144.00	92.054	0.010863	377.81	534.24	5.7319	0.74368	1.0394	477.99	0.024600	3.5916e-05	0.049592	supercritical
580.00	144.00	91.891	0.010882	378.57	535.28	5.7337	0.74396	1.0396	478.35	0.024343	3.5954e-05	0.049651	supercritical
581.00	144.00	91.730	0.010902	379.33	536.32	5.7355	0.74424	1.0397	478.72	0.024087	3.5993e-05	0.049710	supercritical
582.00	144.00	91.568	0.010921	380.10	537.36	5.7373	0.74452	1.0398	479.08	0.023832	3.6031e-05	0.049769	supercritical
583.00	144.00	91.408	0.010940	380.86	538.40	5.7391	0.74480	1.0400	479.45	0.023578	3.6069e-05	0.049828	supercritical
584.00	144.00	91.248	0.010959	381.62	539.44	5.7408	0.74508	1.0401	479.81	0.023325	3.6108e-05	0.049887	supercritical
585.00	144.00	91.088	0.010978	382.39	540.48	5.7426	0.74535	1.0402	480.17	0.023073	3.6146e-05	0.049946	supercritical
586.00	144.00	90.930	0.010998	383.15	541.52	5.7444	0.74563	1.0404	480.54	0.022822	3.6184e-05	0.050005	supercritical
587.00	144.00	90.771	0.011017	383.92	542.56	5.7462	0.74591	1.0405	480.90	0.022572	3.6223e-05	0.050064	supercritical
588.00	144.00	90.614	0.011036	384.68	543.60	5.7479	0.74619	1.0406	481.26	0.022323	3.6261e-05	0.050123	supercritical
589.00	144.00	90.457	0.011055	385.45	544.64	5.7497	0.74647	1.0408	481.62	0.022076	3.6299e-05	0.050182	supercritical
590.00	144.00	90.300	0.011074	386.21	545.68	5.7515	0.74675	1.0409	481.98	0.021829	3.6337e-05	0.050241	supercritical
591.00	144.00	90.144	0.011093	386.98	546.72	5.7532	0.74702	1.0411	482.34	0.021583	3.6376e-05	0.050300	supercritical
592.00	144.00	89.989	0.011112	387.74	547.76	5.7550	0.74730	1.0412	482.70	0.021338	3.6414e-05	0.050359	supercritical
593.00	144.00	89.834	0.011132	388.51	548.80	5.7568	0.74758	1.0413	483.06	0.021095	3.6452e-05	0.050418	supercritical
594.00	144.00	89.680	0.011151	389.27	549.84	5.7585	0.74786	1.0415	483.42	0.020852	3.6490e-05	0.050477	supercritical
595.00	144.00	89.526	0.011170	390.04	550.89	5.7603	0.74813	1.0416	483.78	0.020610	3.6528e-05	0.050536	supercritical
596.00	144.00	89.373	0.011189	390.81	551.93	5.7620	0.74841	1.0418	484.14	0.020369	3.6566e-05	0.050595	supercritical
597.00	144.00	89.221	0.011208	391.57	552.97	5.7638	0.74869	1.0419	484.50	0.020129	3.6604e-05	0.050654	supercritical
598.00	144.00	89.069	0.011227	392.34	554.01	5.7655	0.74896	1.0420	484.86	0.019891	3.6642e-05	0.050713	supercritical
599.00	144.00	88.917	0.011246	393.11	555.05	5.7672	0.74924	1.0422	485.22	0.019653	3.6680e-05	0.050771	supercritical
600.00	144.00	88.766	0.011266	393.87	556.10	5.7690	0.74952	1.0423	485.58	0.019416	3.6718e-05	0.050830	supercritical
