Temperature (K)	Pressure (bar)	Density (kg/m3)	Volume (m3/kg)	Internal Energy (kJ/kg)	Enthalpy (kJ/kg)	Entropy (J/g*K)	Cv (J/g*K)	Cp (J/g*K)	Sound Spd. (m/s)	Joule-Thomson (K/bar)	Viscosity (Pa*s)	Therm. Cond. (W/m*K)	Phase
60.000	135.00	1297.6	0.00077063	-186.21	-175.80	2.2224	1.0937	1.6466	1163.6	-0.037813	0.00064203	0.19933	liquid
61.000	135.00	1293.5	0.00077311	-184.59	-174.16	2.2497	1.0864	1.6491	1159.7	-0.037652	0.00061190	0.19804	liquid
62.000	135.00	1289.3	0.00077562	-182.98	-172.51	2.2765	1.0798	1.6512	1155.1	-0.037510	0.00058378	0.19675	liquid
63.000	135.00	1285.1	0.00077815	-181.36	-170.85	2.3029	1.0738	1.6527	1149.9	-0.037383	0.00055751	0.19545	liquid
64.000	135.00	1280.9	0.00078070	-179.74	-169.20	2.3290	1.0682	1.6538	1144.3	-0.037269	0.00053296	0.19416	liquid
65.000	135.00	1276.7	0.00078328	-178.12	-167.55	2.3546	1.0628	1.6545	1138.4	-0.037166	0.00051000	0.19287	liquid
66.000	135.00	1272.5	0.00078588	-176.50	-165.89	2.3799	1.0577	1.6549	1132.2	-0.037072	0.00048852	0.19158	liquid
67.000	135.00	1268.2	0.00078851	-174.88	-164.24	2.4048	1.0527	1.6550	1125.8	-0.036985	0.00046840	0.19029	liquid
68.000	135.00	1264.0	0.00079115	-173.26	-162.58	2.4293	1.0479	1.6549	1119.2	-0.036902	0.00044955	0.18900	liquid
69.000	135.00	1259.7	0.00079382	-171.64	-160.93	2.4535	1.0432	1.6545	1112.5	-0.036824	0.00043185	0.18771	liquid
70.000	135.00	1255.5	0.00079650	-170.03	-159.27	2.4773	1.0385	1.6540	1105.7	-0.036747	0.00041524	0.18642	liquid
71.000	135.00	1251.2	0.00079921	-168.41	-157.62	2.5007	1.0339	1.6534	1098.7	-0.036670	0.00039963	0.18513	liquid
72.000	135.00	1247.0	0.00080193	-166.79	-155.97	2.5238	1.0294	1.6527	1091.8	-0.036593	0.00038494	0.18384	liquid
73.000	135.00	1242.7	0.00080468	-165.18	-154.31	2.5466	1.0249	1.6519	1084.8	-0.036515	0.00037111	0.18255	liquid
74.000	135.00	1238.5	0.00080746	-163.56	-152.66	2.5691	1.0204	1.6511	1077.7	-0.036434	0.00035808	0.18126	liquid
75.000	135.00	1234.2	0.00081025	-161.95	-151.01	2.5913	1.0160	1.6503	1070.6	-0.036350	0.00034578	0.17997	liquid
76.000	135.00	1229.9	0.00081306	-160.34	-149.36	2.6131	1.0116	1.6495	1063.5	-0.036262	0.00033417	0.17869	liquid
77.000	135.00	1225.6	0.00081590	-158.73	-147.71	2.6347	1.0073	1.6487	1056.4	-0.036169	0.00032319	0.17740	liquid
78.000	135.00	1221.3	0.00081877	-157.12	-146.06	2.6559	1.0030	1.6480	1049.3	-0.036071	0.00031280	0.17611	liquid
79.000	135.00	1217.1	0.00082166	-155.51	-144.42	2.6769	0.99877	1.6473	1042.2	-0.035967	0.00030296	0.17482	liquid
80.000	135.00	1212.8	0.00082457	-153.90	-142.77	2.6976	0.99456	1.6467	1035.1	-0.035858	0.00029363	0.17353	liquid
81.000	135.00	1208.4	0.00082751	-152.29	-141.12	2.7181	0.99039	1.6461	1028.0	-0.035741	0.00028478	0.17224	liquid
82.000	135.00	1204.1	0.00083048	-150.69	-139.48	2.7383	0.98627	1.6457	1020.9	-0.035618	0.00027637	0.17095	liquid
83.000	135.00	1199.8	0.00083347	-149.08	-137.83	2.7582	0.98218	1.6453	1013.9	-0.035487	0.00026838	0.16966	liquid
84.000	135.00	1195.5	0.00083649	-147.48	-136.19	2.7779	0.97814	1.6450	1006.8	-0.035348	0.00026077	0.16837	liquid
85.000	135.00	1191.1	0.00083954	-145.88	-134.54	2.7974	0.97415	1.6448	999.72	-0.035202	0.00025352	0.16708	liquid
86.000	135.00	1186.8	0.00084262	-144.27	-132.90	2.8166	0.97021	1.6447	992.65	-0.035047	0.00024661	0.16579	liquid
87.000	135.00	1182.4	0.00084573	-142.67	-131.25	2.8357	0.96631	1.6447	985.60	-0.034884	0.00024001	0.16449	liquid
88.000	135.00	1178.0	0.00084887	-141.07	-129.61	2.8544	0.96245	1.6449	978.55	-0.034712	0.00023371	0.16320	liquid
89.000	135.00	1173.6	0.00085205	-139.47	-127.96	2.8730	0.95865	1.6451	971.51	-0.034531	0.00022768	0.16191	liquid
90.000	135.00	1169.2	0.00085526	-137.86	-126.32	2.8914	0.95489	1.6455	964.48	-0.034340	0.00022191	0.16061	liquid
91.000	135.00	1164.8	0.00085850	-136.26	-124.67	2.9096	0.95118	1.6459	957.45	-0.034140	0.00021638	0.15932	liquid
92.000	135.00	1160.4	0.00086177	-134.66	-123.03	2.9276	0.94752	1.6465	950.43	-0.033931	0.00021108	0.15802	liquid
93.000	135.00	1156.0	0.00086509	-133.06	-121.38	2.9454	0.94390	1.6472	943.41	-0.033711	0.00020600	0.15673	liquid
94.000	135.00	1151.5	0.00086844	-131.45	-119.73	2.9630	0.94034	1.6480	936.39	-0.033481	0.00020111	0.15543	liquid
95.000	135.00	1147.0	0.00087183	-129.85	-118.08	2.9805	0.93681	1.6489	929.38	-0.033240	0.00019641	0.15413	liquid
96.000	135.00	1142.5	0.00087525	-128.25	-116.43	2.9977	0.93334	1.6500	922.37	-0.032989	0.00019189	0.15284	liquid
97.000	135.00	1138.0	0.00087872	-126.65	-114.78	3.0148	0.92991	1.6512	915.36	-0.032726	0.00018754	0.15154	liquid
98.000	135.00	1133.5	0.00088223	-125.04	-113.13	3.0318	0.92653	1.6525	908.35	-0.032453	0.00018335	0.15024	liquid
99.000	135.00	1128.9	0.00088578	-123.44	-111.48	3.0486	0.92320	1.6539	901.34	-0.032167	0.00017930	0.14894	liquid
100.00	135.00	1124.4	0.00088938	-121.83	-109.82	3.0652	0.91991	1.6554	894.33	-0.031869	0.00017539	0.14764	liquid
101.00	135.00	1119.8	0.00089302	-120.22	-108.17	3.0817	0.91666	1.6571	887.32	-0.031560	0.00017162	0.14634	liquid
102.00	135.00	1115.2	0.00089670	-118.61	-106.51	3.0980	0.91346	1.6589	880.31	-0.031237	0.00016797	0.14505	liquid
103.00	135.00	1110.6	0.00090044	-117.00	-104.85	3.1142	0.91030	1.6608	873.30	-0.030902	0.00016444	0.14375	liquid
104.00	135.00	1105.9	0.00090422	-115.39	-103.19	3.1303	0.90719	1.6629	866.28	-0.030553	0.00016102	0.14245	liquid
105.00	135.00	1101.3	0.00090806	-113.78	-101.52	3.1462	0.90412	1.6651	859.26	-0.030190	0.00015770	0.14115	liquid
106.00	135.00	1096.6	0.00091195	-112.17	-99.857	3.1620	0.90109	1.6674	852.23	-0.029813	0.00015449	0.13985	liquid
107.00	135.00	1091.8	0.00091589	-110.55	-98.188	3.1776	0.89810	1.6698	845.20	-0.029422	0.00015137	0.13855	liquid
108.00	135.00	1087.1	0.00091988	-108.94	-96.517	3.1932	0.89516	1.6724	838.16	-0.029016	0.00014834	0.13725	liquid
109.00	135.00	1082.3	0.00092394	-107.32	-94.843	3.2086	0.89226	1.6751	831.12	-0.028594	0.00014540	0.13595	liquid
110.00	135.00	1077.5	0.00092805	-105.70	-93.167	3.2239	0.88940	1.6780	824.07	-0.028156	0.00014254	0.13465	liquid
111.00	135.00	1072.7	0.00093222	-104.07	-91.487	3.2391	0.88658	1.6810	817.01	-0.027701	0.00013976	0.13335	liquid
112.00	135.00	1067.9	0.00093646	-102.45	-89.805	3.2542	0.88380	1.6842	809.94	-0.027229	0.00013705	0.13206	liquid
113.00	135.00	1063.0	0.00094075	-100.82	-88.119	3.2692	0.88106	1.6875	802.86	-0.026740	0.00013441	0.13077	liquid
114.00	135.00	1058.1	0.00094512	-99.189	-86.430	3.2841	0.87836	1.6909	795.78	-0.026232	0.00013184	0.12948	liquid
115.00	135.00	1053.1	0.00094955	-97.556	-84.737	3.2989	0.87570	1.6946	788.69	-0.025706	0.00012934	0.12819	liquid
116.00	135.00	1048.2	0.00095406	-95.920	-83.040	3.3136	0.87307	1.6984	781.58	-0.025159	0.00012689	0.12690	liquid
117.00	135.00	1043.1	0.00095864	-94.282	-81.340	3.3282	0.87049	1.7023	774.47	-0.024593	0.00012450	0.12561	liquid
118.00	135.00	1038.1	0.00096329	-92.640	-79.636	3.3427	0.86795	1.7064	767.34	-0.024005	0.00012217	0.12433	liquid
119.00	135.00	1033.0	0.00096802	-90.995	-77.927	3.3571	0.86545	1.7107	760.20	-0.023395	0.00011989	0.12304	liquid
120.00	135.00	1027.9	0.00097283	-89.348	-76.214	3.3714	0.86298	1.7152	753.05	-0.022762	0.00011767	0.12176	liquid
121.00	135.00	1022.8	0.00097773	-87.696	-74.497	3.3857	0.86056	1.7199	745.89	-0.022106	0.00011549	0.12048	liquid
122.00	135.00	1017.6	0.00098271	-86.041	-72.774	3.3998	0.85817	1.7247	738.71	-0.021425	0.00011336	0.11920	liquid
123.00	135.00	1012.4	0.00098778	-84.382	-71.047	3.4139	0.85583	1.7298	731.52	-0.020718	0.00011127	0.11793	liquid
124.00	135.00	1007.1	0.00099295	-82.720	-69.315	3.4280	0.85352	1.7350	724.32	-0.019985	0.00010923	0.11665	liquid
125.00	135.00	1001.8	0.00099821	-81.053	-67.577	3.4419	0.85125	1.7405	717.10	-0.019224	0.00010723	0.11538	liquid
126.00	135.00	996.45	0.0010036	-79.382	-65.834	3.4558	0.84903	1.7462	709.87	-0.018434	0.00010527	0.11411	liquid
127.00	135.00	991.05	0.0010090	-77.706	-64.085	3.4696	0.84684	1.7521	702.63	-0.017613	0.00010335	0.11284	liquid
128.00	135.00	985.61	0.0010146	-76.026	-62.329	3.4834	0.84469	1.7583	695.36	-0.016761	0.00010147	0.11158	liquid
129.00	135.00	980.12	0.0010203	-74.342	-60.568	3.4971	0.84258	1.7647	688.09	-0.015877	9.9621e-05	0.11032	liquid
130.00	135.00	974.59	0.0010261	-72.652	-58.800	3.5108	0.84051	1.7714	680.79	-0.014957	9.7809e-05	0.10906	liquid
131.00	135.00	969.00	0.0010320	-70.957	-57.025	3.5244	0.83849	1.7783	673.48	-0.014002	9.6031e-05	0.10781	liquid
132.00	135.00	963.36	0.0010380	-69.257	-55.243	3.5379	0.83650	1.7855	666.16	-0.013010	9.4285e-05	0.10656	liquid
133.00	135.00	957.67	0.0010442	-67.551	-53.454	3.5514	0.83456	1.7930	658.81	-0.011978	9.2571e-05	0.10531	liquid
134.00	135.00	951.92	0.0010505	-65.839	-51.657	3.5649	0.83266	1.8008	651.45	-0.010904	9.0887e-05	0.10407	liquid
135.00	135.00	946.12	0.0010569	-64.121	-49.852	3.5783	0.83081	1.8089	644.08	-0.0097881	8.9234e-05	0.10283	liquid
136.00	135.00	940.25	0.0010635	-62.397	-48.039	3.5917	0.82899	1.8173	636.68	-0.0086266	8.7608e-05	0.10159	liquid
137.00	135.00	934.33	0.0010703	-60.666	-46.218	3.6050	0.82722	1.8261	629.27	-0.0074178	8.6011e-05	0.10036	liquid
138.00	135.00	928.34	0.0010772	-58.929	-44.387	3.6183	0.82550	1.8352	621.84	-0.0061594	8.4441e-05	0.099137	liquid
139.00	135.00	922.29	0.0010843	-57.184	-42.547	3.6316	0.82382	1.8447	614.40	-0.0048488	8.2897e-05	0.097916	liquid
140.00	135.00	916.16	0.0010915	-55.433	-40.697	3.6449	0.82219	1.8546	606.93	-0.0034835	8.1379e-05	0.096700	liquid
141.00	135.00	909.97	0.0010989	-53.673	-38.838	3.6581	0.82060	1.8649	599.46	-0.0020607	7.9886e-05	0.095489	liquid
142.00	135.00	903.71	0.0011066	-51.906	-36.967	3.6713	0.81906	1.8757	591.96	-0.00057748	7.8417e-05	0.094283	liquid
143.00	135.00	897.37	0.0011144	-50.130	-35.086	3.6845	0.81758	1.8868	584.45	0.00096919	7.6972e-05	0.093084	liquid
144.00	135.00	890.95	0.0011224	-48.346	-33.193	3.6977	0.81614	1.8985	576.92	0.0025826	7.5549e-05	0.091889	liquid
145.00	135.00	884.45	0.0011306	-46.553	-31.289	3.7109	0.81475	1.9106	569.37	0.0042663	7.4150e-05	0.090701	liquid
146.00	135.00	877.87	0.0011391	-44.750	-29.372	3.7241	0.81342	1.9232	561.82	0.0060239	7.2772e-05	0.089520	liquid
147.00	135.00	871.20	0.0011478	-42.938	-27.442	3.7373	0.81213	1.9364	554.25	0.0078593	7.1416e-05	0.088344	liquid
148.00	135.00	864.44	0.0011568	-41.116	-25.499	3.7504	0.81091	1.9501	546.66	0.0097765	7.0081e-05	0.087175	liquid
149.00	135.00	857.59	0.0011661	-39.284	-23.542	3.7636	0.80973	1.9644	539.07	0.011780	6.8766e-05	0.086014	liquid
150.00	135.00	850.65	0.0011756	-37.440	-21.570	3.7768	0.80862	1.9793	531.47	0.013874	6.7472e-05	0.084859	liquid
151.00	135.00	843.60	0.0011854	-35.586	-19.583	3.7900	0.80756	1.9948	523.86	0.016064	6.6197e-05	0.083711	liquid
152.00	135.00	836.45	0.0011955	-33.720	-17.580	3.8032	0.80655	2.0110	516.25	0.018354	6.4941e-05	0.082571	liquid
153.00	135.00	829.20	0.0012060	-31.842	-15.561	3.8165	0.80561	2.0279	508.63	0.020751	6.3705e-05	0.081439	liquid
154.00	135.00	821.83	0.0012168	-29.951	-13.524	3.8297	0.80473	2.0455	501.02	0.023258	6.2486e-05	0.080315	liquid
155.00	135.00	814.35	0.0012280	-28.047	-11.470	3.8430	0.80390	2.0638	493.41	0.025883	6.1286e-05	0.079199	supercritical
156.00	135.00	806.75	0.0012395	-26.130	-9.3963	3.8564	0.80314	2.0829	485.81	0.028631	6.0104e-05	0.078091	supercritical
157.00	135.00	799.03	0.0012515	-24.199	-7.3036	3.8697	0.80244	2.1027	478.23	0.031508	5.8939e-05	0.076991	supercritical
158.00	135.00	791.18	0.0012639	-22.254	-5.1906	3.8832	0.80180	2.1233	470.66	0.034521	5.7792e-05	0.075901	supercritical
159.00	135.00	783.20	0.0012768	-20.294	-3.0566	3.8966	0.80122	2.1448	463.11	0.037677	5.6661e-05	0.074819	supercritical
160.00	135.00	775.09	0.0012902	-18.318	-0.90077	3.9101	0.80069	2.1670	455.60	0.040981	5.5547e-05	0.073746	supercritical
161.00	135.00	766.85	0.0013040	-16.327	1.2777	3.9237	0.80022	2.1901	448.12	0.044440	5.4450e-05	0.072682	supercritical
162.00	135.00	758.46	0.0013185	-14.320	3.4798	3.9373	0.79981	2.2140	440.69	0.048062	5.3369e-05	0.071628	supercritical
163.00	135.00	749.92	0.0013335	-12.296	5.7060	3.9510	0.79945	2.2387	433.32	0.051851	5.2304e-05	0.070583	supercritical
164.00	135.00	741.24	0.0013491	-10.255	7.9574	3.9648	0.79914	2.2641	426.00	0.055815	5.1255e-05	0.069548	supercritical
165.00	135.00	732.42	0.0013653	-8.1976	10.235	3.9787	0.79887	2.2903	418.76	0.059959	5.0222e-05	0.068523	supercritical
166.00	135.00	723.44	0.0013823	-6.1228	12.538	3.9926	0.79864	2.3170	411.60	0.064287	4.9205e-05	0.067507	supercritical
167.00	135.00	714.31	0.0014000	-4.0307	14.869	4.0066	0.79844	2.3443	404.54	0.068802	4.8204e-05	0.066502	supercritical
168.00	135.00	705.03	0.0014184	-1.9213	17.227	4.0207	0.79827	2.3719	397.58	0.073508	4.7219e-05	0.065506	supercritical
169.00	135.00	695.60	0.0014376	0.20495	19.613	4.0348	0.79812	2.3998	390.75	0.078404	4.6250e-05	0.064520	supercritical
170.00	135.00	686.02	0.0014577	2.3478	22.026	4.0490	0.79799	2.4277	384.05	0.083489	4.5298e-05	0.063545	supercritical
171.00	135.00	676.31	0.0014786	4.5066	24.468	4.0634	0.79786	2.4553	377.51	0.088760	4.4362e-05	0.062580	supercritical
172.00	135.00	666.46	0.0015005	6.6805	26.937	4.0778	0.79772	2.4824	371.13	0.094209	4.3443e-05	0.061625	supercritical
173.00	135.00	656.48	0.0015233	8.8683	29.432	4.0922	0.79758	2.5086	364.93	0.099829	4.2541e-05	0.060680	supercritical
174.00	135.00	646.39	0.0015470	11.069	31.954	4.1068	0.79741	2.5336	358.93	0.10561	4.1658e-05	0.059746	supercritical
175.00	135.00	636.21	0.0015718	13.280	34.499	4.1214	0.79722	2.5571	353.15	0.11153	4.0793e-05	0.058823	supercritical
176.00	135.00	625.94	0.0015976	15.500	37.067	4.1360	0.79699	2.5787	347.58	0.11759	3.9947e-05	0.057911	supercritical
177.00	135.00	615.60	0.0016244	17.726	39.656	4.1507	0.79672	2.5981	342.26	0.12375	3.9122e-05	0.057011	supercritical
178.00	135.00	605.22	0.0016523	19.957	42.263	4.1653	0.79639	2.6148	337.19	0.13000	3.8317e-05	0.056122	supercritical
179.00	135.00	594.82	0.0016812	22.188	44.885	4.1800	0.79599	2.6286	332.38	0.13632	3.7534e-05	0.055245	supercritical
180.00	135.00	584.42	0.0017111	24.419	47.519	4.1947	0.79552	2.6392	327.84	0.14267	3.6774e-05	0.054382	supercritical
181.00	135.00	574.04	0.0017420	26.644	50.162	4.2093	0.79496	2.6464	323.56	0.14905	3.6037e-05	0.053532	supercritical
182.00	135.00	563.72	0.0017739	28.862	52.810	4.2239	0.79431	2.6500	319.57	0.15542	3.5323e-05	0.052696	supercritical
183.00	135.00	553.47	0.0018068	31.069	55.461	4.2385	0.79357	2.6499	315.84	0.16174	3.4634e-05	0.051875	supercritical
184.00	135.00	543.33	0.0018405	33.262	58.109	4.2529	0.79271	2.6460	312.39	0.16800	3.3970e-05	0.051070	supercritical
185.00	135.00	533.31	0.0018751	35.438	60.751	4.2672	0.79175	2.6382	309.20	0.17416	3.3331e-05	0.050282	supercritical
186.00	135.00	523.44	0.0019104	37.593	63.384	4.2814	0.79067	2.6267	306.29	0.18020	3.2718e-05	0.049511	supercritical
187.00	135.00	513.75	0.0019465	39.726	66.003	4.2955	0.78948	2.6115	303.62	0.18608	3.2131e-05	0.048759	supercritical
188.00	135.00	504.24	0.0019832	41.833	68.606	4.3093	0.78818	2.5929	301.21	0.19179	3.1570e-05	0.048027	supercritical
189.00	135.00	494.94	0.0020205	43.912	71.188	4.3230	0.78677	2.5710	299.03	0.19729	3.1035e-05	0.047315	supercritical
190.00	135.00	485.86	0.0020582	45.961	73.747	4.3365	0.78526	2.5462	297.09	0.20257	3.0526e-05	0.046624	supercritical
191.00	135.00	477.01	0.0020964	47.978	76.280	4.3498	0.78366	2.5189	295.36	0.20761	3.0042e-05	0.045954	supercritical
192.00	135.00	468.40	0.0021349	49.963	78.784	4.3629	0.78197	2.4893	293.83	0.21241	2.9583e-05	0.045307	supercritical
193.00	135.00	460.05	0.0021737	51.913	81.258	4.3758	0.78020	2.4580	292.50	0.21694	2.9149e-05	0.044683	supercritical
194.00	135.00	451.94	0.0022127	53.828	83.699	4.3884	0.77838	2.4252	291.34	0.22121	2.8738e-05	0.044082	supercritical
195.00	135.00	444.09	0.0022518	55.709	86.108	4.4008	0.77649	2.3914	290.35	0.22521	2.8351e-05	0.043504	supercritical
196.00	135.00	436.49	0.0022910	57.554	88.482	4.4129	0.77456	2.3568	289.52	0.22894	2.7985e-05	0.042949	supercritical
197.00	135.00	429.15	0.0023302	59.363	90.821	4.4248	0.77260	2.3218	288.82	0.23242	2.7641e-05	0.042417	supercritical
198.00	135.00	422.05	0.0023694	61.138	93.125	4.4365	0.77062	2.2867	288.26	0.23563	2.7317e-05	0.041908	supercritical
199.00	135.00	415.19	0.0024086	62.879	95.395	4.4479	0.76861	2.2516	287.82	0.23860	2.7012e-05	0.041421	supercritical
200.00	135.00	408.56	0.0024476	64.586	97.629	4.4591	0.76660	2.2169	287.48	0.24133	2.6726e-05	0.040956	supercritical
201.00	135.00	402.17	0.0024865	66.261	99.829	4.4701	0.76459	2.1826	287.25	0.24382	2.6457e-05	0.040512	supercritical
202.00	135.00	396.00	0.0025253	67.903	101.99	4.4808	0.76258	2.1489	287.10	0.24609	2.6205e-05	0.040089	supercritical
203.00	135.00	390.04	0.0025639	69.514	104.13	4.4914	0.76059	2.1159	287.04	0.24814	2.5969e-05	0.039685	supercritical
204.00	135.00	384.28	0.0026023	71.096	106.23	4.5017	0.75861	2.0836	287.05	0.24999	2.5747e-05	0.039301	supercritical
205.00	135.00	378.72	0.0026404	72.648	108.29	4.5118	0.75666	2.0522	287.13	0.25165	2.5539e-05	0.038935	supercritical
206.00	135.00	373.36	0.0026784	74.172	110.33	4.5217	0.75473	2.0217	287.27	0.25313	2.5344e-05	0.038588	supercritical
207.00	135.00	368.17	0.0027161	75.670	112.34	4.5314	0.75282	1.9921	287.47	0.25443	2.5161e-05	0.038257	supercritical
208.00	135.00	363.16	0.0027536	77.142	114.32	4.5409	0.75095	1.9634	287.72	0.25557	2.4990e-05	0.037942	supercritical
209.00	135.00	358.31	0.0027909	78.588	116.27	4.5503	0.74911	1.9357	288.01	0.25655	2.4830e-05	0.037643	supercritical
210.00	135.00	353.63	0.0028278	80.011	118.19	4.5595	0.74731	1.9089	288.35	0.25739	2.4681e-05	0.037359	supercritical
211.00	135.00	349.09	0.0028646	81.411	120.08	4.5685	0.74554	1.8830	288.73	0.25809	2.4541e-05	0.037089	supercritical
212.00	135.00	344.70	0.0029011	82.789	121.95	4.5773	0.74381	1.8580	289.13	0.25866	2.4410e-05	0.036832	supercritical
213.00	135.00	340.45	0.0029373	84.146	123.80	4.5860	0.74212	1.8338	289.57	0.25912	2.4288e-05	0.036588	supercritical
214.00	135.00	336.33	0.0029733	85.482	125.62	4.5945	0.74047	1.8105	290.04	0.25945	2.4174e-05	0.036357	supercritical
215.00	135.00	332.34	0.0030090	86.799	127.42	4.6029	0.73885	1.7881	290.54	0.25968	2.4067e-05	0.036137	supercritical
216.00	135.00	328.47	0.0030444	88.098	129.20	4.6112	0.73728	1.7665	291.05	0.25981	2.3968e-05	0.035929	supercritical
217.00	135.00	324.71	0.0030797	89.378	130.95	4.6193	0.73574	1.7456	291.59	0.25985	2.3875e-05	0.035731	supercritical
218.00	135.00	321.06	0.0031146	90.642	132.69	4.6273	0.73424	1.7255	292.15	0.25980	2.3789e-05	0.035543	supercritical
219.00	135.00	317.52	0.0031494	91.889	134.41	4.6351	0.73278	1.7061	292.72	0.25966	2.3709e-05	0.035365	supercritical
220.00	135.00	314.08	0.0031839	93.120	136.10	4.6428	0.73136	1.6874	293.31	0.25945	2.3634e-05	0.035196	supercritical
221.00	135.00	310.74	0.0032181	94.336	137.78	4.6505	0.72998	1.6694	293.91	0.25917	2.3565e-05	0.035036	supercritical
222.00	135.00	307.49	0.0032521	95.537	139.44	4.6580	0.72863	1.6521	294.53	0.25882	2.3501e-05	0.034884	supercritical
223.00	135.00	304.33	0.0032859	96.724	141.08	4.6653	0.72732	1.6353	295.16	0.25840	2.3442e-05	0.034740	supercritical
224.00	135.00	301.25	0.0033195	97.898	142.71	4.6726	0.72604	1.6191	295.80	0.25793	2.3387e-05	0.034603	supercritical
225.00	135.00	298.25	0.0033529	99.059	144.32	4.6798	0.72480	1.6036	296.45	0.25740	2.3336e-05	0.034474	supercritical
226.00	135.00	295.33	0.0033860	100.21	145.92	4.6869	0.72359	1.5885	297.10	0.25682	2.3290e-05	0.034352	supercritical
227.00	135.00	292.49	0.0034189	101.34	147.50	4.6939	0.72242	1.5740	297.77	0.25620	2.3247e-05	0.034236	supercritical
228.00	135.00	289.72	0.0034517	102.47	149.07	4.7007	0.72127	1.5599	298.44	0.25552	2.3208e-05	0.034127	supercritical
229.00	135.00	287.01	0.0034842	103.58	150.62	4.7075	0.72016	1.5464	299.11	0.25481	2.3173e-05	0.034023	supercritical
230.00	135.00	284.37	0.0035165	104.69	152.16	4.7143	0.71908	1.5333	299.80	0.25406	2.3141e-05	0.033925	supercritical
231.00	135.00	281.80	0.0035486	105.78	153.69	4.7209	0.71803	1.5206	300.48	0.25327	2.3112e-05	0.033833	supercritical
232.00	135.00	279.29	0.0035806	106.86	155.20	4.7274	0.71701	1.5084	301.18	0.25245	2.3086e-05	0.033746	supercritical
233.00	135.00	276.83	0.0036123	107.94	156.70	4.7339	0.71602	1.4965	301.87	0.25160	2.3063e-05	0.033664	supercritical
234.00	135.00	274.43	0.0036439	109.00	158.19	4.7403	0.71506	1.4851	302.57	0.25071	2.3042e-05	0.033586	supercritical
235.00	135.00	272.09	0.0036753	110.06	159.67	4.7466	0.71412	1.4740	303.27	0.24981	2.3024e-05	0.033514	supercritical
236.00	135.00	269.80	0.0037065	111.10	161.14	4.7528	0.71321	1.4633	303.98	0.24887	2.3009e-05	0.033445	supercritical
237.00	135.00	267.55	0.0037376	112.14	162.60	4.7590	0.71233	1.4529	304.68	0.24792	2.2995e-05	0.033381	supercritical
238.00	135.00	265.36	0.0037685	113.17	164.05	4.7651	0.71146	1.4428	305.39	0.24694	2.2984e-05	0.033321	supercritical
239.00	135.00	263.22	0.0037992	114.20	165.49	4.7711	0.71063	1.4330	306.10	0.24594	2.2975e-05	0.033265	supercritical
240.00	135.00	261.11	0.0038297	115.21	166.91	4.7771	0.70982	1.4236	306.81	0.24493	2.2969e-05	0.033212	supercritical
241.00	135.00	259.06	0.0038601	116.22	168.33	4.7830	0.70903	1.4144	307.52	0.24389	2.2964e-05	0.033163	supercritical
242.00	135.00	257.04	0.0038904	117.22	169.74	4.7888	0.70826	1.4055	308.23	0.24285	2.2960e-05	0.033117	supercritical
243.00	135.00	255.07	0.0039205	118.22	171.14	4.7946	0.70751	1.3969	308.95	0.24179	2.2959e-05	0.033075	supercritical
244.00	135.00	253.13	0.0039505	119.21	172.54	4.8003	0.70679	1.3885	309.66	0.24071	2.2959e-05	0.033036	supercritical
245.00	135.00	251.24	0.0039803	120.19	173.92	4.8060	0.70608	1.3804	310.37	0.23963	2.2961e-05	0.033000	supercritical
246.00	135.00	249.38	0.0040100	121.16	175.30	4.8116	0.70540	1.3725	311.08	0.23853	2.2965e-05	0.032966	supercritical
247.00	135.00	247.56	0.0040395	122.13	176.67	4.8171	0.70473	1.3648	311.80	0.23743	2.2970e-05	0.032936	supercritical
248.00	135.00	245.77	0.0040689	123.10	178.03	4.8226	0.70409	1.3574	312.51	0.23631	2.2976e-05	0.032908	supercritical
249.00	135.00	244.01	0.0040982	124.06	179.38	4.8281	0.70346	1.3501	313.22	0.23519	2.2984e-05	0.032883	supercritical
250.00	135.00	242.29	0.0041273	125.01	180.73	4.8335	0.70285	1.3431	313.93	0.23406	2.2992e-05	0.032860	supercritical
251.00	135.00	240.60	0.0041564	125.96	182.07	4.8388	0.70226	1.3362	314.64	0.23293	2.3003e-05	0.032840	supercritical
252.00	135.00	238.93	0.0041853	126.90	183.40	4.8441	0.70168	1.3296	315.35	0.23179	2.3014e-05	0.032821	supercritical
253.00	135.00	237.30	0.0042140	127.84	184.73	4.8494	0.70112	1.3231	316.06	0.23064	2.3026e-05	0.032806	supercritical
254.00	135.00	235.70	0.0042427	128.77	186.05	4.8546	0.70057	1.3168	316.76	0.22949	2.3040e-05	0.032792	supercritical
255.00	135.00	234.12	0.0042712	129.70	187.36	4.8597	0.70005	1.3106	317.47	0.22834	2.3055e-05	0.032780	supercritical
256.00	135.00	232.58	0.0042997	130.62	188.67	4.8649	0.69953	1.3047	318.17	0.22718	2.3070e-05	0.032770	supercritical
257.00	135.00	231.05	0.0043280	131.54	189.97	4.8699	0.69903	1.2988	318.88	0.22602	2.3087e-05	0.032763	supercritical
258.00	135.00	229.56	0.0043562	132.46	191.27	4.8750	0.69855	1.2932	319.58	0.22486	2.3104e-05	0.032757	supercritical
259.00	135.00	228.09	0.0043843	133.37	192.56	4.8800	0.69808	1.2876	320.28	0.22370	2.3123e-05	0.032753	supercritical
260.00	135.00	226.64	0.0044123	134.28	193.84	4.8849	0.69762	1.2822	320.98	0.22254	2.3142e-05	0.032750	supercritical
261.00	135.00	225.22	0.0044402	135.18	195.12	4.8898	0.69718	1.2770	321.68	0.22138	2.3162e-05	0.032750	supercritical
262.00	135.00	223.82	0.0044680	136.08	196.40	4.8947	0.69675	1.2719	322.37	0.22021	2.3183e-05	0.032750	supercritical
263.00	135.00	222.44	0.0044957	136.97	197.66	4.8995	0.69633	1.2669	323.07	0.21905	2.3205e-05	0.032753	supercritical
264.00	135.00	221.08	0.0045233	137.86	198.93	4.9043	0.69592	1.2620	323.76	0.21789	2.3227e-05	0.032757	supercritical
265.00	135.00	219.74	0.0045508	138.75	200.19	4.9091	0.69553	1.2572	324.45	0.21672	2.3250e-05	0.032762	supercritical
266.00	135.00	218.43	0.0045782	139.64	201.44	4.9138	0.69515	1.2526	325.14	0.21556	2.3274e-05	0.032769	supercritical
267.00	135.00	217.13	0.0046055	140.52	202.69	4.9185	0.69478	1.2481	325.83	0.21440	2.3298e-05	0.032777	supercritical
268.00	135.00	215.86	0.0046327	141.40	203.94	4.9232	0.69442	1.2436	326.51	0.21325	2.3323e-05	0.032787	supercritical
269.00	135.00	214.60	0.0046599	142.27	205.18	4.9278	0.69407	1.2393	327.19	0.21209	2.3349e-05	0.032797	supercritical
270.00	135.00	213.36	0.0046869	143.15	206.42	4.9324	0.69373	1.2351	327.88	0.21094	2.3375e-05	0.032809	supercritical
271.00	135.00	212.14	0.0047139	144.01	207.65	4.9369	0.69340	1.2310	328.56	0.20979	2.3402e-05	0.032822	supercritical
272.00	135.00	210.94	0.0047408	144.88	208.88	4.9415	0.69308	1.2269	329.23	0.20864	2.3429e-05	0.032837	supercritical
273.00	135.00	209.75	0.0047676	145.74	210.11	4.9460	0.69278	1.2230	329.91	0.20749	2.3457e-05	0.032852	supercritical
274.00	135.00	208.58	0.0047943	146.60	211.33	4.9504	0.69248	1.2192	330.59	0.20635	2.3486e-05	0.032869	supercritical
275.00	135.00	207.43	0.0048209	147.46	212.54	4.9549	0.69219	1.2154	331.26	0.20521	2.3515e-05	0.032886	supercritical
276.00	135.00	206.29	0.0048475	148.32	213.76	4.9593	0.69191	1.2117	331.93	0.20407	2.3544e-05	0.032905	supercritical
277.00	135.00	205.17	0.0048740	149.17	214.97	4.9636	0.69164	1.2081	332.60	0.20294	2.3574e-05	0.032924	supercritical
278.00	135.00	204.07	0.0049004	150.02	216.17	4.9680	0.69138	1.2046	333.26	0.20181	2.3604e-05	0.032945	supercritical
279.00	135.00	202.98	0.0049267	150.87	217.38	4.9723	0.69112	1.2012	333.93	0.20069	2.3635e-05	0.032966	supercritical
280.00	135.00	201.90	0.0049530	151.71	218.58	4.9766	0.69088	1.1978	334.59	0.19956	2.3666e-05	0.032989	supercritical
281.00	135.00	200.84	0.0049792	152.55	219.77	4.9809	0.69064	1.1945	335.25	0.19845	2.3697e-05	0.033012	supercritical
282.00	135.00	199.79	0.0050053	153.39	220.96	4.9851	0.69042	1.1913	335.91	0.19733	2.3729e-05	0.033036	supercritical
283.00	135.00	198.75	0.0050313	154.23	222.15	4.9893	0.69020	1.1881	336.57	0.19622	2.3761e-05	0.033061	supercritical
284.00	135.00	197.73	0.0050573	155.07	223.34	4.9935	0.68998	1.1850	337.22	0.19512	2.3794e-05	0.033086	supercritical
285.00	135.00	196.73	0.0050832	155.90	224.52	4.9977	0.68978	1.1820	337.88	0.19402	2.3827e-05	0.033113	supercritical
286.00	135.00	195.73	0.0051091	156.73	225.71	5.0018	0.68958	1.1791	338.53	0.19292	2.3860e-05	0.033140	supercritical
287.00	135.00	194.75	0.0051349	157.56	226.88	5.0059	0.68939	1.1762	339.18	0.19183	2.3894e-05	0.033168	supercritical
288.00	135.00	193.78	0.0051606	158.39	228.06	5.0100	0.68921	1.1733	339.82	0.19074	2.3928e-05	0.033196	supercritical
289.00	135.00	192.82	0.0051862	159.22	229.23	5.0140	0.68903	1.1705	340.47	0.18966	2.3962e-05	0.033225	supercritical
290.00	135.00	191.87	0.0052118	160.04	230.40	5.0181	0.68887	1.1678	341.11	0.18858	2.3996e-05	0.033255	supercritical
291.00	135.00	190.94	0.0052374	160.86	231.57	5.0221	0.68870	1.1651	341.75	0.18751	2.4031e-05	0.033286	supercritical
292.00	135.00	190.01	0.0052628	161.68	232.73	5.0261	0.68855	1.1625	342.39	0.18644	2.4066e-05	0.033317	supercritical
293.00	135.00	189.10	0.0052883	162.50	233.89	5.0301	0.68840	1.1600	343.03	0.18537	2.4102e-05	0.033348	supercritical
294.00	135.00	188.20	0.0053136	163.32	235.05	5.0340	0.68826	1.1574	343.66	0.18431	2.4137e-05	0.033380	supercritical
295.00	135.00	187.30	0.0053389	164.13	236.21	5.0379	0.68812	1.1550	344.30	0.18326	2.4173e-05	0.033413	supercritical
296.00	135.00	186.42	0.0053642	164.94	237.36	5.0418	0.68799	1.1526	344.93	0.18221	2.4209e-05	0.033446	supercritical
297.00	135.00	185.55	0.0053894	165.75	238.51	5.0457	0.68787	1.1502	345.56	0.18117	2.4246e-05	0.033480	supercritical
298.00	135.00	184.69	0.0054145	166.56	239.66	5.0496	0.68775	1.1479	346.19	0.18013	2.4282e-05	0.033514	supercritical
299.00	135.00	183.84	0.0054396	167.37	240.81	5.0534	0.68764	1.1456	346.81	0.17909	2.4319e-05	0.033549	supercritical
300.00	135.00	183.00	0.0054646	168.18	241.95	5.0573	0.68753	1.1434	347.44	0.17806	2.4356e-05	0.033584	supercritical
301.00	135.00	182.16	0.0054896	168.98	243.09	5.0611	0.68743	1.1412	348.06	0.17704	2.4393e-05	0.033619	supercritical
302.00	135.00	181.34	0.0055145	169.79	244.23	5.0648	0.68734	1.1390	348.68	0.17602	2.4430e-05	0.033654	supercritical
303.00	135.00	180.53	0.0055394	170.59	245.37	5.0686	0.68725	1.1369	349.30	0.17500	2.4468e-05	0.033690	supercritical
304.00	135.00	179.72	0.0055642	171.39	246.51	5.0723	0.68717	1.1348	349.92	0.17399	2.4506e-05	0.033726	supercritical
305.00	135.00	178.92	0.0055890	172.19	247.64	5.0761	0.68709	1.1328	350.53	0.17299	2.4544e-05	0.033762	supercritical
306.00	135.00	178.14	0.0056137	172.99	248.77	5.0798	0.68701	1.1308	351.14	0.17199	2.4582e-05	0.033798	supercritical
307.00	135.00	177.36	0.0056384	173.78	249.90	5.0835	0.68695	1.1289	351.75	0.17099	2.4620e-05	0.033833	supercritical
308.00	135.00	176.58	0.0056630	174.58	251.03	5.0871	0.68688	1.1270	352.36	0.17000	2.4658e-05	0.033866	supercritical
309.00	135.00	175.82	0.0056876	175.37	252.16	5.0908	0.68683	1.1251	352.97	0.16902	2.4697e-05	0.033893	supercritical
310.00	135.00	175.07	0.0057121	176.17	253.28	5.0944	0.68677	1.1232	353.58	0.16804	2.4736e-05	0.033928	supercritical
311.00	135.00	174.32	0.0057366	176.96	254.40	5.0980	0.68672	1.1214	354.18	0.16706	2.4774e-05	0.033973	supercritical
312.00	135.00	173.58	0.0057611	177.75	255.52	5.1016	0.68668	1.1196	354.78	0.16609	2.4814e-05	0.034018	supercritical
313.00	135.00	172.85	0.0057855	178.54	256.64	5.1052	0.68664	1.1179	355.38	0.16513	2.4853e-05	0.034063	supercritical
314.00	135.00	172.12	0.0058098	179.33	257.76	5.1088	0.68661	1.1162	355.98	0.16417	2.4892e-05	0.034109	supercritical
315.00	135.00	171.40	0.0058341	180.11	258.87	5.1123	0.68658	1.1145	356.58	0.16322	2.4931e-05	0.034155	supercritical
316.00	135.00	170.69	0.0058584	180.90	259.99	5.1158	0.68655	1.1128	357.17	0.16227	2.4971e-05	0.034202	supercritical
317.00	135.00	169.99	0.0058827	181.68	261.10	5.1193	0.68653	1.1112	357.77	0.16132	2.5011e-05	0.034248	supercritical
318.00	135.00	169.30	0.0059068	182.47	262.21	5.1228	0.68651	1.1096	358.36	0.16038	2.5050e-05	0.034295	supercritical
319.00	135.00	168.61	0.0059310	183.25	263.32	5.1263	0.68650	1.1080	358.95	0.15945	2.5090e-05	0.034342	supercritical
320.00	135.00	167.92	0.0059551	184.03	264.43	5.1298	0.68649	1.1065	359.54	0.15852	2.5130e-05	0.034390	supercritical
321.00	135.00	167.25	0.0059792	184.81	265.53	5.1332	0.68649	1.1050	360.12	0.15759	2.5170e-05	0.034438	supercritical
322.00	135.00	166.58	0.0060032	185.59	266.64	5.1367	0.68649	1.1035	360.71	0.15667	2.5211e-05	0.034486	supercritical
323.00	135.00	165.91	0.0060272	186.37	267.74	5.1401	0.68649	1.1020	361.29	0.15576	2.5251e-05	0.034534	supercritical
324.00	135.00	165.26	0.0060512	187.15	268.84	5.1435	0.68650	1.1006	361.87	0.15485	2.5291e-05	0.034582	supercritical
325.00	135.00	164.61	0.0060751	187.93	269.94	5.1469	0.68651	1.0992	362.45	0.15394	2.5332e-05	0.034631	supercritical
326.00	135.00	163.96	0.0060990	188.70	271.04	5.1503	0.68653	1.0978	363.03	0.15304	2.5372e-05	0.034680	supercritical
327.00	135.00	163.32	0.0061228	189.48	272.14	5.1536	0.68655	1.0965	363.61	0.15214	2.5413e-05	0.034729	supercritical
328.00	135.00	162.69	0.0061466	190.25	273.23	5.1570	0.68657	1.0951	364.18	0.15125	2.5454e-05	0.034779	supercritical
329.00	135.00	162.06	0.0061704	191.03	274.33	5.1603	0.68660	1.0938	364.76	0.15037	2.5495e-05	0.034828	supercritical
330.00	135.00	161.44	0.0061941	191.80	275.42	5.1636	0.68663	1.0925	365.33	0.14948	2.5536e-05	0.034878	supercritical
331.00	135.00	160.83	0.0062178	192.57	276.51	5.1669	0.68667	1.0913	365.90	0.14861	2.5577e-05	0.034929	supercritical
332.00	135.00	160.22	0.0062415	193.34	277.60	5.1702	0.68670	1.0900	366.47	0.14773	2.5618e-05	0.034979	supercritical
333.00	135.00	159.61	0.0062651	194.11	278.69	5.1735	0.68675	1.0888	367.04	0.14687	2.5659e-05	0.035029	supercritical
334.00	135.00	159.01	0.0062887	194.88	279.78	5.1768	0.68679	1.0876	367.60	0.14600	2.5700e-05	0.035080	supercritical
335.00	135.00	158.42	0.0063123	195.65	280.87	5.1800	0.68684	1.0864	368.17	0.14514	2.5741e-05	0.035131	supercritical
336.00	135.00	157.83	0.0063358	196.42	281.95	5.1832	0.68689	1.0852	368.73	0.14429	2.5783e-05	0.035182	supercritical
337.00	135.00	157.25	0.0063593	197.19	283.04	5.1865	0.68695	1.0841	369.29	0.14344	2.5824e-05	0.035234	supercritical
338.00	135.00	156.67	0.0063828	197.95	284.12	5.1897	0.68700	1.0830	369.85	0.14260	2.5865e-05	0.035285	supercritical
339.00	135.00	156.10	0.0064062	198.72	285.20	5.1929	0.68707	1.0819	370.41	0.14176	2.5907e-05	0.035337	supercritical
340.00	135.00	155.53	0.0064296	199.48	286.28	5.1961	0.68713	1.0808	370.96	0.14092	2.5949e-05	0.035389	supercritical
341.00	135.00	154.97	0.0064530	200.25	287.36	5.1992	0.68720	1.0797	371.52	0.14009	2.5990e-05	0.035441	supercritical
342.00	135.00	154.41	0.0064764	201.01	288.44	5.2024	0.68727	1.0787	372.07	0.13926	2.6032e-05	0.035493	supercritical
343.00	135.00	153.85	0.0064997	201.78	289.52	5.2055	0.68734	1.0777	372.62	0.13844	2.6074e-05	0.035545	supercritical
344.00	135.00	153.30	0.0065230	202.54	290.60	5.2087	0.68742	1.0767	373.17	0.13762	2.6115e-05	0.035598	supercritical
345.00	135.00	152.76	0.0065462	203.30	291.68	5.2118	0.68750	1.0757	373.72	0.13681	2.6157e-05	0.035651	supercritical
346.00	135.00	152.22	0.0065694	204.06	292.75	5.2149	0.68759	1.0747	374.27	0.13600	2.6199e-05	0.035704	supercritical
347.00	135.00	151.68	0.0065926	204.82	293.82	5.2180	0.68767	1.0737	374.82	0.13520	2.6241e-05	0.035757	supercritical
348.00	135.00	151.15	0.0066158	205.58	294.90	5.2211	0.68776	1.0728	375.36	0.13440	2.6283e-05	0.035810	supercritical
349.00	135.00	150.63	0.0066389	206.34	295.97	5.2242	0.68785	1.0719	375.90	0.13360	2.6325e-05	0.035863	supercritical
350.00	135.00	150.10	0.0066620	207.10	297.04	5.2272	0.68795	1.0710	376.45	0.13281	2.6367e-05	0.035917	supercritical
351.00	135.00	149.59	0.0066851	207.86	298.11	5.2303	0.68805	1.0701	376.99	0.13202	2.6409e-05	0.035970	supercritical
352.00	135.00	149.07	0.0067082	208.62	299.18	5.2333	0.68815	1.0692	377.53	0.13124	2.6451e-05	0.036024	supercritical
353.00	135.00	148.56	0.0067312	209.38	300.25	5.2364	0.68825	1.0683	378.06	0.13046	2.6493e-05	0.036078	supercritical
354.00	135.00	148.06	0.0067542	210.14	301.32	5.2394	0.68836	1.0675	378.60	0.12968	2.6535e-05	0.036132	supercritical
355.00	135.00	147.55	0.0067772	210.89	302.39	5.2424	0.68846	1.0666	379.14	0.12891	2.6577e-05	0.036186	supercritical
356.00	135.00	147.06	0.0068002	211.65	303.45	5.2454	0.68858	1.0658	379.67	0.12815	2.6619e-05	0.036240	supercritical
357.00	135.00	146.56	0.0068231	212.41	304.52	5.2484	0.68869	1.0650	380.20	0.12738	2.6662e-05	0.036295	supercritical
358.00	135.00	146.07	0.0068460	213.16	305.58	5.2514	0.68881	1.0642	380.73	0.12663	2.6704e-05	0.036349	supercritical
359.00	135.00	145.58	0.0068689	213.92	306.65	5.2543	0.68892	1.0634	381.26	0.12587	2.6746e-05	0.036404	supercritical
360.00	135.00	145.10	0.0068917	214.67	307.71	5.2573	0.68905	1.0627	381.79	0.12512	2.6789e-05	0.036459	supercritical
361.00	135.00	144.62	0.0069145	215.42	308.77	5.2602	0.68917	1.0619	382.32	0.12438	2.6831e-05	0.036514	supercritical
362.00	135.00	144.15	0.0069373	216.18	309.83	5.2632	0.68930	1.0612	382.84	0.12363	2.6873e-05	0.036569	supercritical
363.00	135.00	143.68	0.0069601	216.93	310.89	5.2661	0.68943	1.0604	383.37	0.12290	2.6916e-05	0.036624	supercritical
364.00	135.00	143.21	0.0069829	217.68	311.95	5.2690	0.68956	1.0597	383.89	0.12216	2.6958e-05	0.036679	supercritical
365.00	135.00	142.74	0.0070056	218.44	313.01	5.2719	0.68969	1.0590	384.41	0.12143	2.7000e-05	0.036734	supercritical
366.00	135.00	142.28	0.0070283	219.19	314.07	5.2748	0.68983	1.0583	384.93	0.12070	2.7043e-05	0.036790	supercritical
367.00	135.00	141.82	0.0070510	219.94	315.13	5.2777	0.68996	1.0577	385.45	0.11998	2.7085e-05	0.036845	supercritical
368.00	135.00	141.37	0.0070736	220.69	316.19	5.2806	0.69010	1.0570	385.97	0.11926	2.7128e-05	0.036901	supercritical
369.00	135.00	140.92	0.0070963	221.44	317.24	5.2835	0.69025	1.0563	386.49	0.11855	2.7170e-05	0.036957	supercritical
370.00	135.00	140.47	0.0071189	222.19	318.30	5.2863	0.69039	1.0557	387.00	0.11784	2.7212e-05	0.037013	supercritical
371.00	135.00	140.03	0.0071415	222.95	319.35	5.2892	0.69054	1.0551	387.52	0.11713	2.7255e-05	0.037069	supercritical
372.00	135.00	139.59	0.0071640	223.70	320.41	5.2920	0.69069	1.0545	388.03	0.11642	2.7297e-05	0.037125	supercritical
373.00	135.00	139.15	0.0071866	224.44	321.46	5.2948	0.69084	1.0538	388.54	0.11572	2.7340e-05	0.037181	supercritical
374.00	135.00	138.71	0.0072091	225.19	322.52	5.2976	0.69099	1.0532	389.05	0.11503	2.7382e-05	0.037237	supercritical
375.00	135.00	138.28	0.0072316	225.94	323.57	5.3005	0.69115	1.0527	389.56	0.11434	2.7425e-05	0.037293	supercritical
376.00	135.00	137.85	0.0072541	226.69	324.62	5.3033	0.69131	1.0521	390.07	0.11365	2.7467e-05	0.037350	supercritical
377.00	135.00	137.43	0.0072766	227.44	325.67	5.3061	0.69147	1.0515	390.58	0.11296	2.7510e-05	0.037406	supercritical
378.00	135.00	137.01	0.0072990	228.19	326.73	5.3088	0.69163	1.0510	391.08	0.11228	2.7553e-05	0.037463	supercritical
379.00	135.00	136.59	0.0073214	228.94	327.78	5.3116	0.69179	1.0504	391.59	0.11160	2.7595e-05	0.037519	supercritical
380.00	135.00	136.17	0.0073438	229.68	328.83	5.3144	0.69196	1.0499	392.09	0.11093	2.7638e-05	0.037576	supercritical
381.00	135.00	135.76	0.0073662	230.43	329.88	5.3171	0.69213	1.0493	392.59	0.11026	2.7680e-05	0.037633	supercritical
382.00	135.00	135.34	0.0073886	231.18	330.93	5.3199	0.69230	1.0488	393.09	0.10959	2.7723e-05	0.037690	supercritical
383.00	135.00	134.94	0.0074109	231.93	331.97	5.3226	0.69247	1.0483	393.59	0.10893	2.7765e-05	0.037747	supercritical
384.00	135.00	134.53	0.0074332	232.67	333.02	5.3254	0.69264	1.0478	394.09	0.10826	2.7808e-05	0.037804	supercritical
385.00	135.00	134.13	0.0074555	233.42	334.07	5.3281	0.69282	1.0473	394.59	0.10761	2.7850e-05	0.037861	supercritical
386.00	135.00	133.73	0.0074778	234.17	335.12	5.3308	0.69299	1.0469	395.09	0.10695	2.7893e-05	0.037918	supercritical
387.00	135.00	133.33	0.0075001	234.91	336.16	5.3335	0.69317	1.0464	395.58	0.10630	2.7935e-05	0.037975	supercritical
388.00	135.00	132.94	0.0075223	235.66	337.21	5.3362	0.69335	1.0459	396.08	0.10566	2.7978e-05	0.038032	supercritical
389.00	135.00	132.55	0.0075445	236.40	338.25	5.3389	0.69354	1.0455	396.57	0.10501	2.8021e-05	0.038090	supercritical
390.00	135.00	132.16	0.0075668	237.15	339.30	5.3416	0.69372	1.0450	397.06	0.10437	2.8063e-05	0.038147	supercritical
391.00	135.00	131.77	0.0075889	237.89	340.34	5.3443	0.69391	1.0446	397.55	0.10374	2.8106e-05	0.038205	supercritical
392.00	135.00	131.39	0.0076111	238.64	341.39	5.3469	0.69409	1.0442	398.04	0.10310	2.8148e-05	0.038262	supercritical
393.00	135.00	131.01	0.0076333	239.38	342.43	5.3496	0.69428	1.0437	398.53	0.10247	2.8191e-05	0.038320	supercritical
394.00	135.00	130.63	0.0076554	240.13	343.48	5.3522	0.69447	1.0433	399.02	0.10185	2.8233e-05	0.038377	supercritical
395.00	135.00	130.25	0.0076775	240.87	344.52	5.3549	0.69467	1.0429	399.51	0.10122	2.8276e-05	0.038435	supercritical
396.00	135.00	129.88	0.0076996	241.62	345.56	5.3575	0.69486	1.0425	399.99	0.10060	2.8318e-05	0.038493	supercritical
397.00	135.00	129.51	0.0077217	242.36	346.60	5.3602	0.69506	1.0421	400.48	0.099986	2.8361e-05	0.038551	supercritical
398.00	135.00	129.14	0.0077438	243.11	347.65	5.3628	0.69526	1.0417	400.96	0.099373	2.8403e-05	0.038609	supercritical
399.00	135.00	128.77	0.0077658	243.85	348.69	5.3654	0.69545	1.0414	401.44	0.098762	2.8446e-05	0.038666	supercritical
400.00	135.00	128.41	0.0077879	244.59	349.73	5.3680	0.69566	1.0410	401.93	0.098154	2.8488e-05	0.038724	supercritical
401.00	135.00	128.04	0.0078099	245.34	350.77	5.3706	0.69586	1.0406	402.41	0.097550	2.8531e-05	0.038783	supercritical
402.00	135.00	127.68	0.0078319	246.08	351.81	5.3732	0.69606	1.0403	402.89	0.096949	2.8573e-05	0.038841	supercritical
403.00	135.00	127.33	0.0078539	246.82	352.85	5.3758	0.69627	1.0399	403.36	0.096350	2.8616e-05	0.038899	supercritical
404.00	135.00	126.97	0.0078758	247.57	353.89	5.3783	0.69647	1.0396	403.84	0.095755	2.8658e-05	0.038957	supercritical
405.00	135.00	126.62	0.0078978	248.31	354.93	5.3809	0.69668	1.0393	404.32	0.095163	2.8701e-05	0.039015	supercritical
406.00	135.00	126.27	0.0079197	249.05	355.97	5.3835	0.69689	1.0389	404.79	0.094574	2.8743e-05	0.039073	supercritical
407.00	135.00	125.92	0.0079416	249.80	357.01	5.3860	0.69710	1.0386	405.27	0.093988	2.8786e-05	0.039132	supercritical
408.00	135.00	125.57	0.0079635	250.54	358.05	5.3886	0.69731	1.0383	405.74	0.093405	2.8828e-05	0.039190	supercritical
409.00	135.00	125.23	0.0079854	251.28	359.08	5.3911	0.69753	1.0380	406.22	0.092825	2.8870e-05	0.039249	supercritical
410.00	135.00	124.89	0.0080073	252.02	360.12	5.3937	0.69774	1.0377	406.69	0.092248	2.8913e-05	0.039307	supercritical
411.00	135.00	124.55	0.0080291	252.77	361.16	5.3962	0.69796	1.0374	407.16	0.091674	2.8955e-05	0.039366	supercritical
412.00	135.00	124.21	0.0080510	253.51	362.20	5.3987	0.69818	1.0371	407.63	0.091103	2.8998e-05	0.039424	supercritical
413.00	135.00	123.87	0.0080728	254.25	363.23	5.4012	0.69840	1.0369	408.10	0.090535	2.9040e-05	0.039483	supercritical
414.00	135.00	123.54	0.0080946	254.99	364.27	5.4037	0.69862	1.0366	408.56	0.089969	2.9082e-05	0.039541	supercritical
415.00	135.00	123.21	0.0081164	255.74	365.31	5.4062	0.69884	1.0363	409.03	0.089407	2.9125e-05	0.039600	supercritical
416.00	135.00	122.88	0.0081382	256.48	366.34	5.4087	0.69906	1.0361	409.50	0.088847	2.9167e-05	0.039659	supercritical
417.00	135.00	122.55	0.0081600	257.22	367.38	5.4112	0.69929	1.0358	409.96	0.088290	2.9209e-05	0.039717	supercritical
418.00	135.00	122.22	0.0081817	257.96	368.42	5.4137	0.69951	1.0355	410.43	0.087736	2.9252e-05	0.039776	supercritical
419.00	135.00	121.90	0.0082035	258.70	369.45	5.4162	0.69974	1.0353	410.89	0.087185	2.9294e-05	0.039835	supercritical
420.00	135.00	121.58	0.0082252	259.45	370.49	5.4186	0.69997	1.0351	411.35	0.086636	2.9336e-05	0.039894	supercritical
421.00	135.00	121.26	0.0082469	260.19	371.52	5.4211	0.70019	1.0348	411.81	0.086091	2.9378e-05	0.039953	supercritical
422.00	135.00	120.94	0.0082686	260.93	372.56	5.4235	0.70042	1.0346	412.27	0.085548	2.9421e-05	0.040012	supercritical
423.00	135.00	120.62	0.0082903	261.67	373.59	5.4260	0.70066	1.0344	412.73	0.085008	2.9463e-05	0.040071	supercritical
424.00	135.00	120.31	0.0083120	262.41	374.62	5.4284	0.70089	1.0342	413.19	0.084470	2.9505e-05	0.040130	supercritical
425.00	135.00	120.00	0.0083336	263.15	375.66	5.4309	0.70112	1.0339	413.65	0.083935	2.9547e-05	0.040189	supercritical
426.00	135.00	119.69	0.0083553	263.90	376.69	5.4333	0.70136	1.0337	414.11	0.083403	2.9589e-05	0.040248	supercritical
427.00	135.00	119.38	0.0083769	264.64	377.73	5.4357	0.70159	1.0335	414.56	0.082874	2.9632e-05	0.040307	supercritical
428.00	135.00	119.07	0.0083985	265.38	378.76	5.4381	0.70183	1.0333	415.02	0.082347	2.9674e-05	0.040366	supercritical
429.00	135.00	118.76	0.0084201	266.12	379.79	5.4406	0.70207	1.0332	415.47	0.081823	2.9716e-05	0.040425	supercritical
430.00	135.00	118.46	0.0084417	266.86	380.83	5.4430	0.70231	1.0330	415.93	0.081302	2.9758e-05	0.040484	supercritical
431.00	135.00	118.16	0.0084633	267.60	381.86	5.4454	0.70255	1.0328	416.38	0.080783	2.9800e-05	0.040543	supercritical
432.00	135.00	117.86	0.0084848	268.35	382.89	5.4478	0.70279	1.0326	416.83	0.080266	2.9842e-05	0.040602	supercritical
433.00	135.00	117.56	0.0085064	269.09	383.92	5.4501	0.70303	1.0324	417.28	0.079753	2.9884e-05	0.040662	supercritical
434.00	135.00	117.26	0.0085279	269.83	384.96	5.4525	0.70327	1.0323	417.73	0.079241	2.9926e-05	0.040721	supercritical
435.00	135.00	116.97	0.0085495	270.57	385.99	5.4549	0.70352	1.0321	418.18	0.078733	2.9968e-05	0.040780	supercritical
436.00	135.00	116.67	0.0085710	271.31	387.02	5.4573	0.70376	1.0319	418.63	0.078227	3.0010e-05	0.040840	supercritical
437.00	135.00	116.38	0.0085925	272.05	388.05	5.4596	0.70401	1.0318	419.08	0.077723	3.0052e-05	0.040899	supercritical
438.00	135.00	116.09	0.0086140	272.80	389.08	5.4620	0.70425	1.0316	419.52	0.077222	3.0094e-05	0.040958	supercritical
439.00	135.00	115.80	0.0086355	273.54	390.12	5.4643	0.70450	1.0315	419.97	0.076723	3.0136e-05	0.041018	supercritical
440.00	135.00	115.51	0.0086569	274.28	391.15	5.4667	0.70475	1.0314	420.42	0.076227	3.0178e-05	0.041077	supercritical
441.00	135.00	115.23	0.0086784	275.02	392.18	5.4690	0.70500	1.0312	420.86	0.075733	3.0220e-05	0.041136	supercritical
442.00	135.00	114.94	0.0086998	275.76	393.21	5.4714	0.70525	1.0311	421.30	0.075242	3.0262e-05	0.041196	supercritical
443.00	135.00	114.66	0.0087213	276.50	394.24	5.4737	0.70550	1.0310	421.75	0.074753	3.0304e-05	0.041255	supercritical
444.00	135.00	114.38	0.0087427	277.25	395.27	5.4760	0.70575	1.0308	422.19	0.074267	3.0346e-05	0.041315	supercritical
445.00	135.00	114.10	0.0087641	277.99	396.30	5.4783	0.70600	1.0307	422.63	0.073783	3.0387e-05	0.041374	supercritical
446.00	135.00	113.82	0.0087855	278.73	397.33	5.4807	0.70626	1.0306	423.07	0.073301	3.0429e-05	0.041434	supercritical
447.00	135.00	113.55	0.0088069	279.47	398.36	5.4830	0.70651	1.0305	423.51	0.072821	3.0471e-05	0.041493	supercritical
448.00	135.00	113.27	0.0088283	280.21	399.39	5.4853	0.70677	1.0304	423.95	0.072344	3.0513e-05	0.041553	supercritical
449.00	135.00	113.00	0.0088496	280.95	400.42	5.4876	0.70702	1.0303	424.39	0.071870	3.0555e-05	0.041612	supercritical
450.00	135.00	112.73	0.0088710	281.70	401.45	5.4899	0.70728	1.0302	424.83	0.071397	3.0596e-05	0.041672	supercritical
451.00	135.00	112.46	0.0088923	282.44	402.48	5.4921	0.70754	1.0301	425.26	0.070927	3.0638e-05	0.041732	supercritical
452.00	135.00	112.19	0.0089136	283.18	403.51	5.4944	0.70780	1.0300	425.70	0.070460	3.0680e-05	0.041791	supercritical
453.00	135.00	111.92	0.0089350	283.92	404.54	5.4967	0.70806	1.0299	426.13	0.069994	3.0721e-05	0.041851	supercritical
454.00	135.00	111.65	0.0089563	284.66	405.57	5.4990	0.70831	1.0298	426.57	0.069531	3.0763e-05	0.041910	supercritical
455.00	135.00	111.39	0.0089776	285.41	406.60	5.5012	0.70858	1.0297	427.00	0.069070	3.0805e-05	0.041970	supercritical
456.00	135.00	111.13	0.0089989	286.15	407.63	5.5035	0.70884	1.0297	427.43	0.068611	3.0846e-05	0.042030	supercritical
457.00	135.00	110.86	0.0090201	286.89	408.66	5.5057	0.70910	1.0296	427.87	0.068154	3.0888e-05	0.042089	supercritical
458.00	135.00	110.60	0.0090414	287.63	409.69	5.5080	0.70936	1.0295	428.30	0.067700	3.0929e-05	0.042149	supercritical
459.00	135.00	110.34	0.0090627	288.38	410.72	5.5102	0.70962	1.0294	428.73	0.067248	3.0971e-05	0.042209	supercritical
460.00	135.00	110.08	0.0090839	289.12	411.75	5.5125	0.70989	1.0294	429.16	0.066798	3.1012e-05	0.042269	supercritical
461.00	135.00	109.83	0.0091052	289.86	412.78	5.5147	0.71015	1.0293	429.59	0.066350	3.1054e-05	0.042328	supercritical
462.00	135.00	109.57	0.0091264	290.60	413.81	5.5170	0.71042	1.0293	430.02	0.065905	3.1095e-05	0.042388	supercritical
463.00	135.00	109.32	0.0091476	291.35	414.84	5.5192	0.71068	1.0292	430.44	0.065461	3.1137e-05	0.042448	supercritical
464.00	135.00	109.07	0.0091688	292.09	415.87	5.5214	0.71095	1.0292	430.87	0.065020	3.1178e-05	0.042507	supercritical
465.00	135.00	108.81	0.0091900	292.83	416.90	5.5236	0.71122	1.0291	431.30	0.064581	3.1220e-05	0.042567	supercritical
466.00	135.00	108.56	0.0092112	293.58	417.93	5.5258	0.71148	1.0291	431.72	0.064143	3.1261e-05	0.042627	supercritical
467.00	135.00	108.31	0.0092324	294.32	418.96	5.5280	0.71175	1.0290	432.15	0.063708	3.1303e-05	0.042687	supercritical
468.00	135.00	108.07	0.0092535	295.06	419.99	5.5302	0.71202	1.0290	432.57	0.063275	3.1344e-05	0.042747	supercritical
469.00	135.00	107.82	0.0092747	295.81	421.01	5.5324	0.71229	1.0290	433.00	0.062844	3.1385e-05	0.042806	supercritical
470.00	135.00	107.57	0.0092958	296.55	422.04	5.5346	0.71256	1.0289	433.42	0.062416	3.1426e-05	0.042866	supercritical
471.00	135.00	107.33	0.0093170	297.29	423.07	5.5368	0.71283	1.0289	433.84	0.061989	3.1468e-05	0.042926	supercritical
472.00	135.00	107.09	0.0093381	298.04	424.10	5.5390	0.71310	1.0289	434.26	0.061564	3.1509e-05	0.042986	supercritical
473.00	135.00	106.85	0.0093592	298.78	425.13	5.5412	0.71337	1.0288	434.69	0.061141	3.1550e-05	0.043046	supercritical
474.00	135.00	106.61	0.0093803	299.52	426.16	5.5433	0.71364	1.0288	435.11	0.060721	3.1591e-05	0.043106	supercritical
475.00	135.00	106.37	0.0094015	300.27	427.19	5.5455	0.71391	1.0288	435.53	0.060302	3.1633e-05	0.043165	supercritical
476.00	135.00	106.13	0.0094225	301.01	428.22	5.5477	0.71419	1.0288	435.94	0.059885	3.1674e-05	0.043225	supercritical
477.00	135.00	105.89	0.0094436	301.76	429.25	5.5498	0.71446	1.0288	436.36	0.059470	3.1715e-05	0.043285	supercritical
478.00	135.00	105.66	0.0094647	302.50	430.27	5.5520	0.71473	1.0288	436.78	0.059057	3.1756e-05	0.043345	supercritical
479.00	135.00	105.42	0.0094858	303.24	431.30	5.5541	0.71501	1.0288	437.20	0.058646	3.1797e-05	0.043405	supercritical
480.00	135.00	105.19	0.0095068	303.99	432.33	5.5563	0.71528	1.0287	437.61	0.058238	3.1838e-05	0.043465	supercritical
481.00	135.00	104.96	0.0095279	304.73	433.36	5.5584	0.71555	1.0287	438.03	0.057830	3.1879e-05	0.043525	supercritical
482.00	135.00	104.72	0.0095489	305.48	434.39	5.5606	0.71583	1.0287	438.45	0.057425	3.1920e-05	0.043585	supercritical
483.00	135.00	104.49	0.0095700	306.22	435.42	5.5627	0.71611	1.0287	438.86	0.057022	3.1961e-05	0.043645	supercritical
484.00	135.00	104.26	0.0095910	306.97	436.45	5.5648	0.71638	1.0288	439.27	0.056621	3.2002e-05	0.043704	supercritical
485.00	135.00	104.04	0.0096120	307.71	437.48	5.5669	0.71666	1.0288	439.69	0.056221	3.2043e-05	0.043764	supercritical
486.00	135.00	103.81	0.0096330	308.46	438.50	5.5691	0.71693	1.0288	440.10	0.055824	3.2084e-05	0.043824	supercritical
487.00	135.00	103.58	0.0096540	309.20	439.53	5.5712	0.71721	1.0288	440.51	0.055428	3.2125e-05	0.043884	supercritical
488.00	135.00	103.36	0.0096750	309.95	440.56	5.5733	0.71749	1.0288	440.92	0.055034	3.2166e-05	0.043944	supercritical
489.00	135.00	103.14	0.0096960	310.69	441.59	5.5754	0.71777	1.0288	441.33	0.054642	3.2207e-05	0.044004	supercritical
490.00	135.00	102.91	0.0097169	311.44	442.62	5.5775	0.71805	1.0288	441.74	0.054252	3.2248e-05	0.044064	supercritical
491.00	135.00	102.69	0.0097379	312.19	443.65	5.5796	0.71832	1.0289	442.15	0.053864	3.2288e-05	0.044124	supercritical
492.00	135.00	102.47	0.0097589	312.93	444.68	5.5817	0.71860	1.0289	442.56	0.053477	3.2329e-05	0.044184	supercritical
493.00	135.00	102.25	0.0097798	313.68	445.71	5.5838	0.71888	1.0289	442.97	0.053092	3.2370e-05	0.044244	supercritical
494.00	135.00	102.03	0.0098008	314.42	446.73	5.5859	0.71916	1.0289	443.38	0.052709	3.2411e-05	0.044304	supercritical
495.00	135.00	101.82	0.0098217	315.17	447.76	5.5879	0.71944	1.0290	443.79	0.052328	3.2451e-05	0.044364	supercritical
496.00	135.00	101.60	0.0098426	315.92	448.79	5.5900	0.71972	1.0290	444.19	0.051948	3.2492e-05	0.044423	supercritical
497.00	135.00	101.38	0.0098635	316.66	449.82	5.5921	0.72000	1.0290	444.60	0.051571	3.2533e-05	0.044483	supercritical
498.00	135.00	101.17	0.0098844	317.41	450.85	5.5942	0.72028	1.0291	445.00	0.051195	3.2573e-05	0.044543	supercritical
499.00	135.00	100.96	0.0099053	318.16	451.88	5.5962	0.72056	1.0291	445.41	0.050820	3.2614e-05	0.044603	supercritical
500.00	135.00	100.74	0.0099262	318.90	452.91	5.5983	0.72084	1.0292	445.81	0.050448	3.2655e-05	0.044663	supercritical
501.00	135.00	100.53	0.0099471	319.65	453.94	5.6003	0.72113	1.0292	446.22	0.050077	3.2695e-05	0.044723	supercritical
502.00	135.00	100.32	0.0099680	320.40	454.97	5.6024	0.72141	1.0292	446.62	0.049708	3.2736e-05	0.044783	supercritical
503.00	135.00	100.11	0.0099889	321.15	456.00	5.6044	0.72169	1.0293	447.02	0.049341	3.2776e-05	0.044843	supercritical
504.00	135.00	99.903	0.010010	321.89	457.03	5.6065	0.72197	1.0293	447.42	0.048975	3.2817e-05	0.044903	supercritical
505.00	135.00	99.695	0.010031	322.64	458.06	5.6085	0.72225	1.0294	447.83	0.048611	3.2857e-05	0.044963	supercritical
506.00	135.00	99.488	0.010051	323.39	459.08	5.6106	0.72254	1.0294	448.23	0.048248	3.2898e-05	0.045023	supercritical
507.00	135.00	99.282	0.010072	324.14	460.11	5.6126	0.72282	1.0295	448.63	0.047888	3.2938e-05	0.045083	supercritical
508.00	135.00	99.077	0.010093	324.89	461.14	5.6146	0.72310	1.0295	449.03	0.047528	3.2978e-05	0.045143	supercritical
509.00	135.00	98.873	0.010114	325.63	462.17	5.6166	0.72338	1.0296	449.43	0.047171	3.3019e-05	0.045203	supercritical
510.00	135.00	98.670	0.010135	326.38	463.20	5.6187	0.72367	1.0297	449.82	0.046815	3.3059e-05	0.045263	supercritical
511.00	135.00	98.468	0.010156	327.13	464.23	5.6207	0.72395	1.0297	450.22	0.046461	3.3100e-05	0.045322	supercritical
512.00	135.00	98.267	0.010176	327.88	465.26	5.6227	0.72424	1.0298	450.62	0.046108	3.3140e-05	0.045382	supercritical
513.00	135.00	98.066	0.010197	328.63	466.29	5.6247	0.72452	1.0299	451.02	0.045757	3.3180e-05	0.045442	supercritical
514.00	135.00	97.867	0.010218	329.38	467.32	5.6267	0.72480	1.0299	451.41	0.045408	3.3220e-05	0.045502	supercritical
515.00	135.00	97.668	0.010239	330.13	468.35	5.6287	0.72509	1.0300	451.81	0.045060	3.3261e-05	0.045562	supercritical
516.00	135.00	97.470	0.010260	330.88	469.38	5.6307	0.72537	1.0301	452.21	0.044714	3.3301e-05	0.045622	supercritical
517.00	135.00	97.273	0.010280	331.63	470.41	5.6327	0.72566	1.0301	452.60	0.044369	3.3341e-05	0.045682	supercritical
518.00	135.00	97.077	0.010301	332.38	471.44	5.6347	0.72594	1.0302	452.99	0.044026	3.3381e-05	0.045742	supercritical
519.00	135.00	96.882	0.010322	333.13	472.47	5.6367	0.72622	1.0303	453.39	0.043684	3.3421e-05	0.045802	supercritical
520.00	135.00	96.687	0.010343	333.88	473.50	5.6387	0.72651	1.0304	453.78	0.043344	3.3461e-05	0.045862	supercritical
521.00	135.00	96.494	0.010363	334.63	474.53	5.6406	0.72679	1.0304	454.17	0.043005	3.3501e-05	0.045922	supercritical
522.00	135.00	96.301	0.010384	335.38	475.56	5.6426	0.72708	1.0305	454.57	0.042668	3.3542e-05	0.045981	supercritical
523.00	135.00	96.109	0.010405	336.13	476.59	5.6446	0.72736	1.0306	454.96	0.042333	3.3582e-05	0.046041	supercritical
524.00	135.00	95.918	0.010426	336.88	477.62	5.6466	0.72765	1.0307	455.35	0.041999	3.3622e-05	0.046101	supercritical
525.00	135.00	95.728	0.010446	337.63	478.66	5.6485	0.72793	1.0308	455.74	0.041666	3.3662e-05	0.046161	supercritical
526.00	135.00	95.539	0.010467	338.38	479.69	5.6505	0.72822	1.0309	456.13	0.041335	3.3702e-05	0.046221	supercritical
527.00	135.00	95.350	0.010488	339.13	480.72	5.6524	0.72850	1.0309	456.52	0.041005	3.3741e-05	0.046281	supercritical
528.00	135.00	95.162	0.010508	339.89	481.75	5.6544	0.72879	1.0310	456.91	0.040677	3.3781e-05	0.046341	supercritical
529.00	135.00	94.975	0.010529	340.64	482.78	5.6564	0.72908	1.0311	457.30	0.040350	3.3821e-05	0.046401	supercritical
530.00	135.00	94.789	0.010550	341.39	483.81	5.6583	0.72936	1.0312	457.69	0.040025	3.3861e-05	0.046460	supercritical
531.00	135.00	94.603	0.010570	342.14	484.84	5.6602	0.72965	1.0313	458.07	0.039701	3.3901e-05	0.046520	supercritical
532.00	135.00	94.419	0.010591	342.89	485.87	5.6622	0.72993	1.0314	458.46	0.039379	3.3941e-05	0.046580	supercritical
533.00	135.00	94.235	0.010612	343.65	486.90	5.6641	0.73022	1.0315	458.85	0.039058	3.3981e-05	0.046640	supercritical
534.00	135.00	94.052	0.010632	344.40	487.94	5.6661	0.73050	1.0316	459.23	0.038738	3.4020e-05	0.046700	supercritical
535.00	135.00	93.869	0.010653	345.15	488.97	5.6680	0.73079	1.0317	459.62	0.038420	3.4060e-05	0.046760	supercritical
536.00	135.00	93.688	0.010674	345.90	490.00	5.6699	0.73107	1.0318	460.00	0.038104	3.4100e-05	0.046819	supercritical
537.00	135.00	93.507	0.010694	346.66	491.03	5.6718	0.73136	1.0319	460.39	0.037788	3.4140e-05	0.046879	supercritical
538.00	135.00	93.327	0.010715	347.41	492.06	5.6738	0.73165	1.0320	460.77	0.037474	3.4179e-05	0.046939	supercritical
539.00	135.00	93.147	0.010736	348.16	493.10	5.6757	0.73193	1.0321	461.16	0.037162	3.4219e-05	0.046999	supercritical
540.00	135.00	92.969	0.010756	348.92	494.13	5.6776	0.73222	1.0322	461.54	0.036851	3.4258e-05	0.047059	supercritical
541.00	135.00	92.791	0.010777	349.67	495.16	5.6795	0.73250	1.0323	461.92	0.036541	3.4298e-05	0.047118	supercritical
542.00	135.00	92.614	0.010798	350.43	496.19	5.6814	0.73279	1.0324	462.31	0.036232	3.4338e-05	0.047178	supercritical
543.00	135.00	92.437	0.010818	351.18	497.22	5.6833	0.73307	1.0325	462.69	0.035925	3.4377e-05	0.047238	supercritical
544.00	135.00	92.262	0.010839	351.93	498.26	5.6852	0.73336	1.0326	463.07	0.035619	3.4417e-05	0.047298	supercritical
545.00	135.00	92.087	0.010859	352.69	499.29	5.6871	0.73365	1.0327	463.45	0.035315	3.4456e-05	0.047357	supercritical
546.00	135.00	91.912	0.010880	353.44	500.32	5.6890	0.73393	1.0328	463.83	0.035012	3.4496e-05	0.047417	supercritical
547.00	135.00	91.739	0.010901	354.20	501.36	5.6909	0.73422	1.0330	464.21	0.034710	3.4535e-05	0.047477	supercritical
548.00	135.00	91.566	0.010921	354.95	502.39	5.6928	0.73450	1.0331	464.59	0.034409	3.4575e-05	0.047537	supercritical
549.00	135.00	91.394	0.010942	355.71	503.42	5.6947	0.73479	1.0332	464.97	0.034110	3.4614e-05	0.047596	supercritical
550.00	135.00	91.222	0.010962	356.46	504.45	5.6965	0.73507	1.0333	465.35	0.033812	3.4653e-05	0.047656	supercritical
551.00	135.00	91.051	0.010983	357.22	505.49	5.6984	0.73536	1.0334	465.73	0.033516	3.4693e-05	0.047716	supercritical
552.00	135.00	90.881	0.011003	357.98	506.52	5.7003	0.73564	1.0335	466.10	0.033220	3.4732e-05	0.047776	supercritical
553.00	135.00	90.712	0.011024	358.73	507.56	5.7022	0.73593	1.0337	466.48	0.032926	3.4771e-05	0.047835	supercritical
554.00	135.00	90.543	0.011044	359.49	508.59	5.7040	0.73621	1.0338	466.86	0.032633	3.4811e-05	0.047895	supercritical
555.00	135.00	90.375	0.011065	360.25	509.62	5.7059	0.73650	1.0339	467.23	0.032342	3.4850e-05	0.047955	supercritical
556.00	135.00	90.208	0.011086	361.00	510.66	5.7077	0.73678	1.0340	467.61	0.032052	3.4889e-05	0.048014	supercritical
557.00	135.00	90.041	0.011106	361.76	511.69	5.7096	0.73707	1.0341	467.99	0.031762	3.4928e-05	0.048074	supercritical
558.00	135.00	89.875	0.011127	362.52	512.72	5.7115	0.73735	1.0343	468.36	0.031475	3.4968e-05	0.048134	supercritical
559.00	135.00	89.709	0.011147	363.27	513.76	5.7133	0.73764	1.0344	468.74	0.031188	3.5007e-05	0.048193	supercritical
560.00	135.00	89.544	0.011168	364.03	514.79	5.7152	0.73792	1.0345	469.11	0.030903	3.5046e-05	0.048253	supercritical
561.00	135.00	89.380	0.011188	364.79	515.83	5.7170	0.73820	1.0346	469.48	0.030619	3.5085e-05	0.048313	supercritical
562.00	135.00	89.217	0.011209	365.55	516.86	5.7189	0.73849	1.0348	469.86	0.030336	3.5124e-05	0.048372	supercritical
563.00	135.00	89.054	0.011229	366.30	517.90	5.7207	0.73877	1.0349	470.23	0.030054	3.5163e-05	0.048432	supercritical
564.00	135.00	88.892	0.011250	367.06	518.93	5.7225	0.73906	1.0350	470.60	0.029773	3.5202e-05	0.048491	supercritical
565.00	135.00	88.730	0.011270	367.82	519.97	5.7244	0.73934	1.0351	470.97	0.029494	3.5241e-05	0.048551	supercritical
566.00	135.00	88.569	0.011291	368.58	521.00	5.7262	0.73962	1.0353	471.35	0.029216	3.5280e-05	0.048611	supercritical
567.00	135.00	88.409	0.011311	369.34	522.04	5.7280	0.73991	1.0354	471.72	0.028939	3.5319e-05	0.048670	supercritical
568.00	135.00	88.249	0.011332	370.10	523.07	5.7298	0.74019	1.0355	472.09	0.028663	3.5358e-05	0.048730	supercritical
569.00	135.00	88.090	0.011352	370.86	524.11	5.7317	0.74047	1.0357	472.46	0.028388	3.5397e-05	0.048789	supercritical
570.00	135.00	87.931	0.011373	371.62	525.15	5.7335	0.74076	1.0358	472.83	0.028115	3.5436e-05	0.048849	supercritical
571.00	135.00	87.773	0.011393	372.38	526.18	5.7353	0.74104	1.0359	473.20	0.027843	3.5475e-05	0.048908	supercritical
572.00	135.00	87.616	0.011413	373.14	527.22	5.7371	0.74132	1.0361	473.57	0.027571	3.5514e-05	0.048968	supercritical
573.00	135.00	87.459	0.011434	373.90	528.25	5.7389	0.74161	1.0362	473.94	0.027301	3.5552e-05	0.049028	supercritical
574.00	135.00	87.303	0.011454	374.66	529.29	5.7407	0.74189	1.0363	474.31	0.027032	3.5591e-05	0.049087	supercritical
575.00	135.00	87.148	0.011475	375.42	530.33	5.7425	0.74217	1.0365	474.67	0.026765	3.5630e-05	0.049147	supercritical
576.00	135.00	86.993	0.011495	376.18	531.36	5.7443	0.74245	1.0366	475.04	0.026498	3.5669e-05	0.049206	supercritical
577.00	135.00	86.838	0.011516	376.94	532.40	5.7461	0.74273	1.0368	475.41	0.026232	3.5708e-05	0.049266	supercritical
578.00	135.00	86.685	0.011536	377.70	533.44	5.7479	0.74302	1.0369	475.77	0.025968	3.5746e-05	0.049325	supercritical
579.00	135.00	86.531	0.011556	378.46	534.47	5.7497	0.74330	1.0370	476.14	0.025705	3.5785e-05	0.049384	supercritical
580.00	135.00	86.379	0.011577	379.22	535.51	5.7515	0.74358	1.0372	476.51	0.025442	3.5824e-05	0.049444	supercritical
581.00	135.00	86.227	0.011597	379.98	536.55	5.7533	0.74386	1.0373	476.87	0.025181	3.5862e-05	0.049503	supercritical
582.00	135.00	86.075	0.011618	380.75	537.58	5.7551	0.74414	1.0375	477.24	0.024921	3.5901e-05	0.049563	supercritical
583.00	135.00	85.924	0.011638	381.51	538.62	5.7569	0.74442	1.0376	477.60	0.024662	3.5939e-05	0.049622	supercritical
584.00	135.00	85.774	0.011659	382.27	539.66	5.7586	0.74470	1.0378	477.97	0.024404	3.5978e-05	0.049682	supercritical
585.00	135.00	85.624	0.011679	383.03	540.70	5.7604	0.74498	1.0379	478.33	0.024148	3.6017e-05	0.049741	supercritical
586.00	135.00	85.475	0.011699	383.79	541.74	5.7622	0.74526	1.0380	478.69	0.023892	3.6055e-05	0.049800	supercritical
587.00	135.00	85.326	0.011720	384.56	542.77	5.7640	0.74554	1.0382	479.06	0.023637	3.6094e-05	0.049860	supercritical
588.00	135.00	85.178	0.011740	385.32	543.81	5.7657	0.74582	1.0383	479.42	0.023383	3.6132e-05	0.049919	supercritical
589.00	135.00	85.031	0.011760	386.08	544.85	5.7675	0.74610	1.0385	479.78	0.023131	3.6170e-05	0.049979	supercritical
590.00	135.00	84.884	0.011781	386.85	545.89	5.7693	0.74638	1.0386	480.15	0.022879	3.6209e-05	0.050038	supercritical
591.00	135.00	84.737	0.011801	387.61	546.93	5.7710	0.74666	1.0388	480.51	0.022629	3.6247e-05	0.050097	supercritical
592.00	135.00	84.591	0.011822	388.38	547.97	5.7728	0.74694	1.0389	480.87	0.022379	3.6286e-05	0.050157	supercritical
593.00	135.00	84.446	0.011842	389.14	549.01	5.7745	0.74722	1.0391	481.23	0.022131	3.6324e-05	0.050216	supercritical
594.00	135.00	84.301	0.011862	389.90	550.04	5.7763	0.74750	1.0392	481.59	0.021883	3.6362e-05	0.050275	supercritical
595.00	135.00	84.156	0.011883	390.67	551.08	5.7780	0.74778	1.0394	481.95	0.021637	3.6401e-05	0.050335	supercritical
596.00	135.00	84.013	0.011903	391.43	552.12	5.7798	0.74805	1.0395	482.31	0.021391	3.6439e-05	0.050394	supercritical
597.00	135.00	83.869	0.011923	392.20	553.16	5.7815	0.74833	1.0397	482.67	0.021147	3.6477e-05	0.050453	supercritical
598.00	135.00	83.726	0.011944	392.96	554.20	5.7832	0.74861	1.0398	483.03	0.020903	3.6515e-05	0.050512	supercritical
599.00	135.00	83.584	0.011964	393.73	555.24	5.7850	0.74889	1.0400	483.39	0.020661	3.6554e-05	0.050572	supercritical
600.00	135.00	83.442	0.011984	394.49	556.28	5.7867	0.74916	1.0401	483.75	0.020419	3.6592e-05	0.050631	supercritical
