Temperature (K)	Pressure (bar)	Density (kg/m3)	Volume (m3/kg)	Internal Energy (kJ/kg)	Enthalpy (kJ/kg)	Entropy (J/g*K)	Cv (J/g*K)	Cp (J/g*K)	Sound Spd. (m/s)	Joule-Thomson (K/bar)	Viscosity (Pa*s)	Therm. Cond. (W/m*K)	Phase
60.000	103.00	1294.1	0.00077277	-185.75	-177.80	2.2304	1.0925	1.6523	1155.3	-0.037643	0.00062669	0.19807	liquid
61.000	103.00	1289.8	0.00077529	-184.13	-176.14	2.2577	1.0845	1.6545	1151.4	-0.037485	0.00059721	0.19675	liquid
62.000	103.00	1285.6	0.00077785	-182.50	-174.49	2.2847	1.0773	1.6563	1146.8	-0.037343	0.00056970	0.19543	liquid
63.000	103.00	1281.3	0.00078043	-180.87	-172.83	2.3112	1.0708	1.6576	1141.6	-0.037214	0.00054400	0.19411	liquid
64.000	103.00	1277.1	0.00078304	-179.24	-171.17	2.3373	1.0647	1.6586	1136.0	-0.037098	0.00051998	0.19279	liquid
65.000	103.00	1272.8	0.00078567	-177.60	-169.51	2.3630	1.0590	1.6593	1130.0	-0.036990	0.00049753	0.19147	liquid
66.000	103.00	1268.5	0.00078833	-175.97	-167.85	2.3883	1.0536	1.6596	1123.7	-0.036891	0.00047652	0.19015	liquid
67.000	103.00	1264.2	0.00079101	-174.34	-166.19	2.4133	1.0484	1.6597	1117.2	-0.036796	0.00045684	0.18883	liquid
68.000	103.00	1259.9	0.00079371	-172.71	-164.53	2.4379	1.0433	1.6596	1110.5	-0.036706	0.00043840	0.18751	liquid
69.000	103.00	1255.6	0.00079644	-171.08	-162.87	2.4621	1.0384	1.6593	1103.6	-0.036618	0.00042110	0.18619	liquid
70.000	103.00	1251.3	0.00079919	-169.45	-161.21	2.4860	1.0336	1.6589	1096.6	-0.036531	0.00040485	0.18487	liquid
71.000	103.00	1246.9	0.00080196	-167.82	-159.56	2.5095	1.0289	1.6584	1089.6	-0.036444	0.00038958	0.18356	liquid
72.000	103.00	1242.6	0.00080475	-166.19	-157.90	2.5327	1.0243	1.6579	1082.5	-0.036356	0.00037522	0.18224	liquid
73.000	103.00	1238.3	0.00080757	-164.56	-156.24	2.5556	1.0197	1.6573	1075.3	-0.036265	0.00036170	0.18092	liquid
74.000	103.00	1233.9	0.00081041	-162.93	-154.58	2.5781	1.0151	1.6567	1068.1	-0.036170	0.00034895	0.17960	liquid
75.000	103.00	1229.6	0.00081328	-161.30	-152.93	2.6003	1.0107	1.6560	1060.8	-0.036072	0.00033692	0.17828	liquid
76.000	103.00	1225.2	0.00081617	-159.68	-151.27	2.6223	1.0062	1.6555	1053.5	-0.035969	0.00032557	0.17696	liquid
77.000	103.00	1220.9	0.00081909	-158.05	-149.62	2.6439	1.0019	1.6549	1046.3	-0.035861	0.00031483	0.17564	liquid
78.000	103.00	1216.5	0.00082203	-156.43	-147.96	2.6653	0.99754	1.6544	1039.0	-0.035746	0.00030467	0.17433	liquid
79.000	103.00	1212.1	0.00082500	-154.80	-146.31	2.6863	0.99326	1.6540	1031.7	-0.035625	0.00029504	0.17301	liquid
80.000	103.00	1207.7	0.00082800	-153.18	-144.65	2.7071	0.98902	1.6536	1024.4	-0.035497	0.00028592	0.17169	liquid
81.000	103.00	1203.3	0.00083103	-151.56	-143.00	2.7277	0.98482	1.6534	1017.1	-0.035361	0.00027726	0.17037	liquid
82.000	103.00	1198.9	0.00083408	-149.94	-141.35	2.7480	0.98068	1.6532	1009.8	-0.035218	0.00026903	0.16905	liquid
83.000	103.00	1194.5	0.00083717	-148.32	-139.69	2.7680	0.97658	1.6531	1002.5	-0.035066	0.00026121	0.16772	liquid
84.000	103.00	1190.1	0.00084029	-146.70	-138.04	2.7878	0.97252	1.6532	995.18	-0.034906	0.00025376	0.16640	liquid
85.000	103.00	1185.6	0.00084344	-145.07	-136.39	2.8074	0.96852	1.6533	987.89	-0.034736	0.00024666	0.16508	liquid
86.000	103.00	1181.2	0.00084662	-143.45	-134.73	2.8267	0.96456	1.6536	980.60	-0.034558	0.00023989	0.16375	liquid
87.000	103.00	1176.7	0.00084984	-141.83	-133.08	2.8458	0.96065	1.6540	973.32	-0.034369	0.00023343	0.16243	liquid
88.000	103.00	1172.2	0.00085309	-140.21	-131.43	2.8647	0.95679	1.6545	966.04	-0.034171	0.00022725	0.16110	liquid
89.000	103.00	1167.7	0.00085638	-138.59	-129.77	2.8834	0.95298	1.6551	958.76	-0.033963	0.00022135	0.15978	liquid
90.000	103.00	1163.2	0.00085970	-136.97	-128.12	2.9019	0.94921	1.6559	951.48	-0.033744	0.00021569	0.15845	liquid
91.000	103.00	1158.7	0.00086306	-135.35	-126.46	2.9202	0.94550	1.6567	944.20	-0.033514	0.00021027	0.15712	liquid
92.000	103.00	1154.1	0.00086647	-133.73	-124.80	2.9383	0.94183	1.6578	936.92	-0.033273	0.00020507	0.15579	liquid
93.000	103.00	1149.5	0.00086991	-132.10	-123.14	2.9563	0.93821	1.6589	929.65	-0.033020	0.00020008	0.15446	liquid
94.000	103.00	1145.0	0.00087339	-130.48	-121.48	2.9740	0.93463	1.6602	922.36	-0.032755	0.00019528	0.15313	liquid
95.000	103.00	1140.4	0.00087692	-128.86	-119.82	2.9916	0.93111	1.6616	915.08	-0.032479	0.00019067	0.15180	liquid
96.000	103.00	1135.7	0.00088050	-127.23	-118.16	3.0090	0.92763	1.6632	907.79	-0.032190	0.00018623	0.15047	liquid
97.000	103.00	1131.1	0.00088411	-125.60	-116.50	3.0262	0.92420	1.6649	900.50	-0.031888	0.00018195	0.14913	liquid
98.000	103.00	1126.4	0.00088778	-123.98	-114.83	3.0433	0.92082	1.6667	893.20	-0.031572	0.00017783	0.14780	liquid
99.000	103.00	1121.7	0.00089149	-122.35	-113.16	3.0603	0.91748	1.6687	885.90	-0.031243	0.00017385	0.14646	liquid
100.00	103.00	1117.0	0.00089526	-120.71	-111.49	3.0770	0.91419	1.6709	878.59	-0.030900	0.00017000	0.14513	liquid
101.00	103.00	1112.3	0.00089907	-119.08	-109.82	3.0937	0.91094	1.6732	871.27	-0.030542	0.00016628	0.14379	liquid
102.00	103.00	1107.5	0.00090294	-117.45	-108.15	3.1102	0.90774	1.6756	863.94	-0.030170	0.00016269	0.14245	liquid
103.00	103.00	1102.7	0.00090686	-115.81	-106.47	3.1265	0.90459	1.6782	856.60	-0.029781	0.00015921	0.14111	liquid
104.00	103.00	1097.9	0.00091085	-114.17	-104.79	3.1428	0.90147	1.6810	849.25	-0.029377	0.00015583	0.13977	liquid
105.00	103.00	1093.0	0.00091488	-112.53	-103.11	3.1589	0.89841	1.6839	841.88	-0.028956	0.00015256	0.13844	liquid
106.00	103.00	1088.2	0.00091898	-110.89	-101.42	3.1748	0.89538	1.6870	834.51	-0.028518	0.00014939	0.13710	liquid
107.00	103.00	1083.3	0.00092315	-109.24	-99.734	3.1907	0.89240	1.6903	827.12	-0.028062	0.00014631	0.13576	liquid
108.00	103.00	1078.3	0.00092737	-107.59	-98.042	3.2064	0.88947	1.6937	819.71	-0.027588	0.00014332	0.13441	liquid
109.00	103.00	1073.3	0.00093167	-105.94	-96.346	3.2221	0.88657	1.6974	812.29	-0.027094	0.00014041	0.13307	liquid
110.00	103.00	1068.3	0.00093603	-104.29	-94.647	3.2376	0.88372	1.7012	804.85	-0.026580	0.00013757	0.13174	liquid
111.00	103.00	1063.3	0.00094047	-102.63	-92.944	3.2530	0.88091	1.7052	797.39	-0.026046	0.00013482	0.13040	liquid
112.00	103.00	1058.2	0.00094498	-100.97	-91.237	3.2683	0.87815	1.7094	789.92	-0.025490	0.00013213	0.12907	liquid
113.00	103.00	1053.1	0.00094956	-99.306	-89.525	3.2835	0.87542	1.7138	782.42	-0.024912	0.00012951	0.12773	liquid
114.00	103.00	1048.0	0.00095423	-97.638	-87.809	3.2986	0.87274	1.7184	774.90	-0.024311	0.00012696	0.12640	liquid
115.00	103.00	1042.8	0.00095897	-95.966	-86.088	3.3137	0.87011	1.7232	767.37	-0.023685	0.00012447	0.12506	liquid
116.00	103.00	1037.6	0.00096381	-94.290	-84.363	3.3286	0.86751	1.7282	759.80	-0.023034	0.00012204	0.12373	liquid
117.00	103.00	1032.3	0.00096873	-92.610	-82.632	3.3435	0.86496	1.7335	752.22	-0.022356	0.00011966	0.12239	liquid
118.00	103.00	1027.0	0.00097374	-90.925	-80.896	3.3582	0.86245	1.7390	744.61	-0.021650	0.00011734	0.12106	liquid
119.00	103.00	1021.6	0.00097885	-89.236	-79.154	3.3729	0.85998	1.7448	736.97	-0.020916	0.00011507	0.11973	liquid
120.00	103.00	1016.2	0.00098406	-87.542	-77.406	3.3876	0.85756	1.7509	729.31	-0.020151	0.00011285	0.11840	liquid
121.00	103.00	1010.7	0.00098938	-85.842	-75.652	3.4021	0.85518	1.7572	721.61	-0.019354	0.00011067	0.11707	liquid
122.00	103.00	1005.2	0.00099480	-84.138	-73.891	3.4166	0.85284	1.7638	713.89	-0.018524	0.00010854	0.11574	liquid
123.00	103.00	999.67	0.0010003	-82.428	-72.124	3.4310	0.85055	1.7707	706.14	-0.017660	0.00010645	0.11441	liquid
124.00	103.00	994.06	0.0010060	-80.711	-70.350	3.4454	0.84831	1.7779	698.36	-0.016758	0.00010441	0.11308	liquid
125.00	103.00	988.39	0.0010118	-78.989	-68.568	3.4597	0.84611	1.7855	690.54	-0.015817	0.00010240	0.11176	liquid
126.00	103.00	982.66	0.0010177	-77.261	-66.779	3.4740	0.84396	1.7934	682.69	-0.014836	0.00010044	0.11043	liquid
127.00	103.00	976.87	0.0010237	-75.525	-64.981	3.4882	0.84185	1.8017	674.81	-0.013812	9.8506e-05	0.10911	liquid
128.00	103.00	971.01	0.0010299	-73.783	-63.175	3.5024	0.83979	1.8103	666.89	-0.012743	9.6611e-05	0.10779	liquid
129.00	103.00	965.09	0.0010362	-72.033	-61.360	3.5165	0.83778	1.8194	658.93	-0.011626	9.4750e-05	0.10648	liquid
130.00	103.00	959.10	0.0010426	-70.275	-59.536	3.5306	0.83582	1.8289	650.93	-0.010459	9.2923e-05	0.10516	liquid
131.00	103.00	953.04	0.0010493	-68.510	-57.702	3.5446	0.83391	1.8389	642.89	-0.0092382	9.1126e-05	0.10385	liquid
132.00	103.00	946.91	0.0010561	-66.736	-55.858	3.5586	0.83206	1.8493	634.81	-0.0079611	8.9360e-05	0.10254	liquid
133.00	103.00	940.69	0.0010630	-64.953	-54.004	3.5726	0.83026	1.8603	626.69	-0.0066243	8.7624e-05	0.10123	liquid
134.00	103.00	934.40	0.0010702	-63.161	-52.138	3.5866	0.82851	1.8718	618.52	-0.0052240	8.5916e-05	0.099922	liquid
135.00	103.00	928.02	0.0010776	-61.359	-50.260	3.6006	0.82682	1.8839	610.30	-0.0037564	8.4235e-05	0.098619	liquid
136.00	103.00	921.55	0.0010851	-59.546	-48.370	3.6145	0.82519	1.8966	602.04	-0.0022171	8.2581e-05	0.097319	liquid
137.00	103.00	914.99	0.0010929	-57.723	-46.466	3.6285	0.82362	1.9100	593.73	-0.00060154	8.0952e-05	0.096022	liquid
138.00	103.00	908.33	0.0011009	-55.889	-44.549	3.6424	0.82211	1.9241	585.37	0.0010953	7.9348e-05	0.094728	liquid
139.00	103.00	901.57	0.0011092	-54.042	-42.618	3.6564	0.82067	1.9389	576.95	0.0028787	7.7768e-05	0.093437	liquid
140.00	103.00	894.71	0.0011177	-52.183	-40.671	3.6703	0.81930	1.9545	568.49	0.0047549	7.6210e-05	0.092150	liquid
141.00	103.00	887.73	0.0011265	-50.311	-38.709	3.6843	0.81799	1.9710	559.96	0.0067300	7.4675e-05	0.090867	liquid
142.00	103.00	880.63	0.0011356	-48.425	-36.729	3.6983	0.81676	1.9885	551.39	0.0088113	7.3161e-05	0.089587	liquid
143.00	103.00	873.41	0.0011449	-46.524	-34.731	3.7123	0.81560	2.0069	542.75	0.011006	7.1668e-05	0.088311	liquid
144.00	103.00	866.06	0.0011547	-44.608	-32.715	3.7263	0.81453	2.0265	534.05	0.013323	7.0195e-05	0.087039	liquid
145.00	103.00	858.56	0.0011647	-42.675	-30.678	3.7404	0.81354	2.0472	525.30	0.015772	6.8740e-05	0.085770	liquid
146.00	103.00	850.93	0.0011752	-40.724	-28.620	3.7546	0.81263	2.0691	516.48	0.018361	6.7304e-05	0.084506	liquid
147.00	103.00	843.14	0.0011860	-38.755	-26.539	3.7688	0.81182	2.0925	507.61	0.021103	6.5886e-05	0.083246	liquid
148.00	103.00	835.18	0.0011973	-36.767	-24.434	3.7831	0.81110	2.1173	498.67	0.024009	6.4485e-05	0.081990	liquid
149.00	103.00	827.06	0.0012091	-34.758	-22.304	3.7974	0.81049	2.1437	489.67	0.027092	6.3100e-05	0.080738	liquid
150.00	103.00	818.75	0.0012214	-32.727	-20.146	3.8118	0.80998	2.1719	480.61	0.030366	6.1730e-05	0.079490	liquid
151.00	103.00	810.24	0.0012342	-30.672	-17.960	3.8264	0.80957	2.2020	471.49	0.033848	6.0376e-05	0.078247	liquid
152.00	103.00	801.53	0.0012476	-28.592	-15.742	3.8410	0.80929	2.2341	462.31	0.037554	5.9035e-05	0.077007	liquid
153.00	103.00	792.60	0.0012617	-26.486	-13.491	3.8558	0.80913	2.2685	453.08	0.041504	5.7708e-05	0.075772	liquid
154.00	103.00	783.43	0.0012764	-24.351	-11.204	3.8707	0.80909	2.3053	443.81	0.045718	5.6393e-05	0.074541	liquid
155.00	103.00	774.02	0.0012920	-22.186	-8.8792	3.8857	0.80918	2.3448	434.49	0.050218	5.5090e-05	0.073314	supercritical
156.00	103.00	764.34	0.0013083	-19.989	-6.5136	3.9009	0.80940	2.3871	425.13	0.055030	5.3798e-05	0.072091	supercritical
157.00	103.00	754.37	0.0013256	-17.758	-4.1040	3.9163	0.80975	2.4326	415.75	0.060179	5.2517e-05	0.070871	supercritical
158.00	103.00	744.11	0.0013439	-15.489	-1.6472	3.9319	0.81024	2.4815	406.35	0.065694	5.1245e-05	0.069655	supercritical
159.00	103.00	733.52	0.0013633	-13.182	0.86018	3.9477	0.81087	2.5340	396.96	0.071606	4.9982e-05	0.068442	supercritical
160.00	103.00	722.59	0.0013839	-10.832	3.4220	3.9638	0.81162	2.5903	387.58	0.077946	4.8727e-05	0.067232	supercritical
161.00	103.00	711.30	0.0014059	-8.4383	6.0421	3.9801	0.81250	2.6507	378.23	0.084748	4.7481e-05	0.066025	supercritical
162.00	103.00	699.63	0.0014293	-5.9973	8.7248	3.9967	0.81348	2.7152	368.95	0.092045	4.6241e-05	0.064819	supercritical
163.00	103.00	687.56	0.0014544	-3.5066	11.474	4.0136	0.81457	2.7839	359.75	0.099867	4.5008e-05	0.063615	supercritical
164.00	103.00	675.06	0.0014813	-0.96386	14.294	4.0309	0.81573	2.8566	350.67	0.10824	4.3782e-05	0.062412	supercritical
165.00	103.00	662.14	0.0015103	1.6327	17.188	4.0485	0.81694	2.9328	341.74	0.11720	4.2563e-05	0.061210	supercritical
166.00	103.00	648.77	0.0015414	4.2842	20.160	4.0664	0.81818	3.0117	333.02	0.12674	4.1352e-05	0.060007	supercritical
167.00	103.00	634.97	0.0015749	6.9909	23.212	4.0848	0.81942	3.0921	324.54	0.13688	4.0151e-05	0.058803	supercritical
168.00	103.00	620.74	0.0016110	9.7514	26.345	4.1035	0.82061	3.1725	316.36	0.14760	3.8961e-05	0.057599	supercritical
169.00	103.00	606.11	0.0016499	12.563	29.557	4.1225	0.82172	3.2509	308.54	0.15888	3.7785e-05	0.056393	supercritical
170.00	103.00	591.13	0.0016917	15.420	32.845	4.1419	0.82269	3.3246	301.12	0.17066	3.6627e-05	0.055185	supercritical
171.00	103.00	575.85	0.0017366	18.317	36.203	4.1616	0.82348	3.3911	294.16	0.18287	3.5491e-05	0.053977	supercritical
172.00	103.00	560.37	0.0017845	21.243	39.624	4.1816	0.82404	3.4473	287.71	0.19543	3.4383e-05	0.052769	supercritical
173.00	103.00	544.77	0.0018356	24.187	43.094	4.2017	0.82430	3.4903	281.80	0.20822	3.3307e-05	0.051565	supercritical
174.00	103.00	529.18	0.0018897	27.135	46.599	4.2219	0.82421	3.5174	276.46	0.22109	3.2271e-05	0.050367	supercritical
175.00	103.00	513.70	0.0019467	30.072	50.122	4.2421	0.82374	3.5265	271.72	0.23388	3.1280e-05	0.049180	supercritical
176.00	103.00	498.47	0.0020061	32.982	53.645	4.2622	0.82284	3.5163	267.58	0.24641	3.0339e-05	0.048010	supercritical
177.00	103.00	483.61	0.0020678	35.850	57.148	4.2820	0.82152	3.4867	264.03	0.25852	2.9453e-05	0.046862	supercritical
178.00	103.00	469.22	0.0021312	38.661	60.613	4.3015	0.81978	3.4391	261.04	0.27004	2.8625e-05	0.045746	supercritical
179.00	103.00	455.39	0.0021959	41.403	64.021	4.3206	0.81765	3.3759	258.57	0.28085	2.7857e-05	0.044666	supercritical
180.00	103.00	442.18	0.0022615	44.067	67.360	4.3392	0.81518	3.3004	256.59	0.29087	2.7150e-05	0.043631	supercritical
181.00	103.00	429.63	0.0023276	46.645	70.619	4.3573	0.81241	3.2161	255.04	0.30003	2.6502e-05	0.042645	supercritical
182.00	103.00	417.75	0.0023938	49.135	73.791	4.3748	0.80941	3.1264	253.88	0.30834	2.5911e-05	0.041711	supercritical
183.00	103.00	406.55	0.0024597	51.536	76.871	4.3916	0.80623	3.0342	253.04	0.31579	2.5373e-05	0.040833	supercritical
184.00	103.00	395.99	0.0025253	53.849	79.859	4.4079	0.80291	2.9419	252.48	0.32243	2.4885e-05	0.040009	supercritical
185.00	103.00	386.06	0.0025902	56.076	82.756	4.4236	0.79951	2.8512	252.16	0.32830	2.4444e-05	0.039240	supercritical
186.00	103.00	376.73	0.0026545	58.222	85.563	4.4388	0.79607	2.7633	252.05	0.33346	2.4044e-05	0.038524	supercritical
187.00	103.00	367.94	0.0027178	60.290	88.283	4.4533	0.79260	2.6790	252.11	0.33794	2.3683e-05	0.037858	supercritical
188.00	103.00	359.67	0.0027803	62.285	90.922	4.4674	0.78915	2.5988	252.32	0.34182	2.3356e-05	0.037239	supercritical
189.00	103.00	351.88	0.0028419	64.211	93.483	4.4810	0.78574	2.5229	252.64	0.34514	2.3060e-05	0.036665	supercritical
190.00	103.00	344.52	0.0029025	66.073	95.969	4.4941	0.78237	2.4513	253.07	0.34796	2.2792e-05	0.036133	supercritical
191.00	103.00	337.58	0.0029622	67.875	98.387	4.5068	0.77906	2.3840	253.59	0.35031	2.2550e-05	0.035639	supercritical
192.00	103.00	331.01	0.0030210	69.622	100.74	4.5191	0.77582	2.3208	254.18	0.35225	2.2331e-05	0.035180	supercritical
193.00	103.00	324.79	0.0030789	71.317	103.03	4.5310	0.77266	2.2615	254.83	0.35380	2.2132e-05	0.034755	supercritical
194.00	103.00	318.89	0.0031358	72.964	105.26	4.5425	0.76959	2.2059	255.53	0.35501	2.1952e-05	0.034360	supercritical
195.00	103.00	313.29	0.0031920	74.565	107.44	4.5537	0.76660	2.1537	256.28	0.35592	2.1789e-05	0.033994	supercritical
196.00	103.00	307.96	0.0032472	76.125	109.57	4.5646	0.76369	2.1047	257.06	0.35654	2.1641e-05	0.033653	supercritical
197.00	103.00	302.88	0.0033017	77.646	111.65	4.5752	0.76088	2.0588	257.87	0.35690	2.1507e-05	0.033337	supercritical
198.00	103.00	298.03	0.0033553	79.130	113.69	4.5855	0.75815	2.0156	258.71	0.35704	2.1385e-05	0.033042	supercritical
199.00	103.00	293.40	0.0034083	80.580	115.68	4.5956	0.75552	1.9751	259.57	0.35696	2.1276e-05	0.032768	supercritical
200.00	103.00	288.98	0.0034605	81.998	117.64	4.6054	0.75297	1.9369	260.45	0.35670	2.1176e-05	0.032513	supercritical
201.00	103.00	284.74	0.0035120	83.386	119.56	4.6150	0.75050	1.9009	261.34	0.35627	2.1086e-05	0.032276	supercritical
202.00	103.00	280.68	0.0035628	84.746	121.44	4.6243	0.74812	1.8671	262.25	0.35568	2.1006e-05	0.032055	supercritical
203.00	103.00	276.78	0.0036130	86.080	123.29	4.6335	0.74582	1.8351	263.16	0.35496	2.0933e-05	0.031849	supercritical
204.00	103.00	273.03	0.0036626	87.389	125.11	4.6424	0.74359	1.8048	264.08	0.35411	2.0867e-05	0.031658	supercritical
205.00	103.00	269.43	0.0037116	88.675	126.90	4.6512	0.74145	1.7763	265.01	0.35314	2.0809e-05	0.031479	supercritical
206.00	103.00	265.96	0.0037600	89.939	128.67	4.6597	0.73937	1.7492	265.94	0.35207	2.0756e-05	0.031313	supercritical
207.00	103.00	262.61	0.0038079	91.182	130.40	4.6681	0.73737	1.7235	266.88	0.35091	2.0710e-05	0.031158	supercritical
208.00	103.00	259.39	0.0038552	92.406	132.11	4.6764	0.73544	1.6992	267.82	0.34967	2.0669e-05	0.031014	supercritical
209.00	103.00	256.27	0.0039021	93.611	133.80	4.6845	0.73358	1.6761	268.75	0.34834	2.0633e-05	0.030879	supercritical
210.00	103.00	253.26	0.0039485	94.798	135.47	4.6924	0.73178	1.6542	269.69	0.34696	2.0602e-05	0.030754	supercritical
211.00	103.00	250.35	0.0039944	95.969	137.11	4.7002	0.73004	1.6333	270.63	0.34551	2.0575e-05	0.030638	supercritical
212.00	103.00	247.54	0.0040398	97.124	138.73	4.7079	0.72837	1.6134	271.57	0.34400	2.0552e-05	0.030530	supercritical
213.00	103.00	244.81	0.0040848	98.264	140.34	4.7155	0.72675	1.5944	272.51	0.34245	2.0532e-05	0.030430	supercritical
214.00	103.00	242.16	0.0041294	99.390	141.92	4.7229	0.72518	1.5763	273.44	0.34085	2.0516e-05	0.030337	supercritical
215.00	103.00	239.60	0.0041736	100.50	143.49	4.7302	0.72367	1.5590	274.37	0.33921	2.0504e-05	0.030250	supercritical
216.00	103.00	237.11	0.0042175	101.60	145.04	4.7374	0.72221	1.5425	275.30	0.33754	2.0494e-05	0.030170	supercritical
217.00	103.00	234.69	0.0042609	102.69	146.58	4.7445	0.72080	1.5267	276.23	0.33584	2.0488e-05	0.030097	supercritical
218.00	103.00	232.34	0.0043040	103.76	148.10	4.7515	0.71944	1.5116	277.16	0.33410	2.0484e-05	0.030029	supercritical
219.00	103.00	230.06	0.0043467	104.83	149.60	4.7583	0.71812	1.4971	278.08	0.33235	2.0483e-05	0.029966	supercritical
220.00	103.00	227.84	0.0043891	105.88	151.09	4.7651	0.71685	1.4833	278.99	0.33057	2.0484e-05	0.029908	supercritical
221.00	103.00	225.67	0.0044312	106.92	152.57	4.7718	0.71562	1.4700	279.91	0.32878	2.0487e-05	0.029855	supercritical
222.00	103.00	223.56	0.0044730	107.96	154.03	4.7784	0.71443	1.4572	280.81	0.32697	2.0492e-05	0.029807	supercritical
223.00	103.00	221.51	0.0045144	108.98	155.48	4.7850	0.71327	1.4449	281.72	0.32515	2.0499e-05	0.029763	supercritical
224.00	103.00	219.51	0.0045556	110.00	156.92	4.7914	0.71216	1.4331	282.62	0.32331	2.0509e-05	0.029724	supercritical
225.00	103.00	217.56	0.0045965	111.00	158.35	4.7978	0.71108	1.4218	283.52	0.32147	2.0519e-05	0.029688	supercritical
226.00	103.00	215.65	0.0046371	112.00	159.76	4.8040	0.71004	1.4108	284.41	0.31962	2.0532e-05	0.029656	supercritical
227.00	103.00	213.79	0.0046774	112.99	161.17	4.8102	0.70903	1.4003	285.30	0.31776	2.0546e-05	0.029627	supercritical
228.00	103.00	211.98	0.0047175	113.97	162.56	4.8164	0.70806	1.3902	286.18	0.31590	2.0562e-05	0.029602	supercritical
229.00	103.00	210.20	0.0047573	114.95	163.95	4.8224	0.70711	1.3804	287.06	0.31403	2.0579e-05	0.029579	supercritical
230.00	103.00	208.47	0.0047969	115.92	165.33	4.8284	0.70620	1.3710	287.94	0.31217	2.0597e-05	0.029560	supercritical
231.00	103.00	206.77	0.0048363	116.88	166.69	4.8344	0.70531	1.3619	288.81	0.31030	2.0617e-05	0.029544	supercritical
232.00	103.00	205.11	0.0048754	117.83	168.05	4.8402	0.70445	1.3531	289.67	0.30843	2.0638e-05	0.029531	supercritical
233.00	103.00	203.49	0.0049143	118.78	169.40	4.8460	0.70362	1.3446	290.54	0.30657	2.0660e-05	0.029520	supercritical
234.00	103.00	201.90	0.0049529	119.72	170.74	4.8518	0.70282	1.3364	291.39	0.30471	2.0683e-05	0.029512	supercritical
235.00	103.00	200.34	0.0049914	120.66	172.07	4.8574	0.70204	1.3285	292.25	0.30285	2.0707e-05	0.029506	supercritical
236.00	103.00	198.82	0.0050297	121.59	173.40	4.8631	0.70129	1.3208	293.10	0.30099	2.0732e-05	0.029503	supercritical
237.00	103.00	197.33	0.0050677	122.52	174.71	4.8686	0.70055	1.3134	293.94	0.29914	2.0758e-05	0.029501	supercritical
238.00	103.00	195.86	0.0051056	123.43	176.02	4.8742	0.69984	1.3062	294.78	0.29730	2.0785e-05	0.029502	supercritical
239.00	103.00	194.43	0.0051433	124.35	177.33	4.8796	0.69916	1.2992	295.62	0.29546	2.0812e-05	0.029505	supercritical
240.00	103.00	193.02	0.0051808	125.26	178.62	4.8850	0.69849	1.2925	296.45	0.29362	2.0841e-05	0.029510	supercritical
241.00	103.00	191.64	0.0052181	126.16	179.91	4.8904	0.69785	1.2859	297.28	0.29180	2.0870e-05	0.029516	supercritical
242.00	103.00	190.29	0.0052552	127.06	181.19	4.8957	0.69722	1.2796	298.10	0.28998	2.0900e-05	0.029525	supercritical
243.00	103.00	188.96	0.0052922	127.96	182.47	4.9010	0.69662	1.2734	298.92	0.28817	2.0931e-05	0.029535	supercritical
244.00	103.00	187.65	0.0053290	128.85	183.74	4.9062	0.69603	1.2675	299.74	0.28636	2.0962e-05	0.029546	supercritical
245.00	103.00	186.37	0.0053656	129.74	185.00	4.9114	0.69546	1.2617	300.55	0.28457	2.0994e-05	0.029560	supercritical
246.00	103.00	185.11	0.0054021	130.62	186.26	4.9165	0.69491	1.2560	301.35	0.28278	2.1027e-05	0.029575	supercritical
247.00	103.00	183.88	0.0054384	131.50	187.52	4.9216	0.69437	1.2505	302.16	0.28100	2.1060e-05	0.029591	supercritical
248.00	103.00	182.66	0.0054746	132.38	188.76	4.9266	0.69385	1.2452	302.96	0.27923	2.1094e-05	0.029609	supercritical
249.00	103.00	181.47	0.0055106	133.25	190.01	4.9316	0.69335	1.2400	303.75	0.27747	2.1128e-05	0.029628	supercritical
250.00	103.00	180.30	0.0055465	134.12	191.24	4.9366	0.69286	1.2350	304.54	0.27572	2.1163e-05	0.029648	supercritical
251.00	103.00	179.14	0.0055822	134.98	192.48	4.9415	0.69239	1.2301	305.33	0.27398	2.1198e-05	0.029670	supercritical
252.00	103.00	178.01	0.0056178	135.84	193.70	4.9464	0.69193	1.2253	306.11	0.27225	2.1234e-05	0.029692	supercritical
253.00	103.00	176.89	0.0056533	136.70	194.93	4.9512	0.69149	1.2207	306.89	0.27053	2.1270e-05	0.029716	supercritical
254.00	103.00	175.79	0.0056886	137.55	196.15	4.9560	0.69106	1.2162	307.67	0.26882	2.1306e-05	0.029741	supercritical
255.00	103.00	174.71	0.0057238	138.41	197.36	4.9608	0.69064	1.2118	308.44	0.26712	2.1343e-05	0.029767	supercritical
256.00	103.00	173.64	0.0057589	139.25	198.57	4.9655	0.69024	1.2075	309.21	0.26543	2.1381e-05	0.029795	supercritical
257.00	103.00	172.60	0.0057938	140.10	199.78	4.9702	0.68985	1.2033	309.98	0.26375	2.1419e-05	0.029823	supercritical
258.00	103.00	171.57	0.0058287	140.94	200.98	4.9749	0.68947	1.1993	310.74	0.26208	2.1457e-05	0.029852	supercritical
259.00	103.00	170.55	0.0058634	141.78	202.17	4.9795	0.68911	1.1953	311.50	0.26043	2.1495e-05	0.029882	supercritical
260.00	103.00	169.55	0.0058980	142.62	203.37	4.9841	0.68875	1.1914	312.25	0.25878	2.1534e-05	0.029913	supercritical
261.00	103.00	168.56	0.0059325	143.45	204.56	4.9887	0.68841	1.1876	313.00	0.25714	2.1573e-05	0.029945	supercritical
262.00	103.00	167.59	0.0059668	144.28	205.74	4.9932	0.68807	1.1840	313.75	0.25551	2.1612e-05	0.029978	supercritical
263.00	103.00	166.64	0.0060011	145.11	206.92	4.9977	0.68775	1.1804	314.49	0.25390	2.1652e-05	0.030011	supercritical
264.00	103.00	165.69	0.0060353	145.94	208.10	5.0022	0.68744	1.1769	315.23	0.25229	2.1692e-05	0.030045	supercritical
265.00	103.00	164.76	0.0060693	146.76	209.28	5.0066	0.68714	1.1734	315.97	0.25069	2.1732e-05	0.030080	supercritical
266.00	103.00	163.85	0.0061033	147.59	210.45	5.0111	0.68685	1.1701	316.71	0.24911	2.1773e-05	0.030116	supercritical
267.00	103.00	162.94	0.0061371	148.41	211.62	5.0154	0.68657	1.1668	317.44	0.24754	2.1814e-05	0.030153	supercritical
268.00	103.00	162.05	0.0061709	149.22	212.78	5.0198	0.68630	1.1637	318.17	0.24597	2.1855e-05	0.030190	supercritical
269.00	103.00	161.17	0.0062045	150.04	213.95	5.0241	0.68603	1.1605	318.89	0.24442	2.1896e-05	0.030228	supercritical
270.00	103.00	160.31	0.0062381	150.85	215.11	5.0284	0.68578	1.1575	319.61	0.24288	2.1937e-05	0.030266	supercritical
271.00	103.00	159.45	0.0062716	151.66	216.26	5.0327	0.68553	1.1545	320.33	0.24134	2.1979e-05	0.030305	supercritical
272.00	103.00	158.61	0.0063050	152.47	217.41	5.0369	0.68530	1.1516	321.05	0.23982	2.2021e-05	0.030345	supercritical
273.00	103.00	157.77	0.0063382	153.28	218.56	5.0412	0.68507	1.1488	321.76	0.23831	2.2063e-05	0.030385	supercritical
274.00	103.00	156.95	0.0063714	154.09	219.71	5.0454	0.68485	1.1460	322.47	0.23681	2.2105e-05	0.030426	supercritical
275.00	103.00	156.14	0.0064046	154.89	220.86	5.0495	0.68464	1.1433	323.17	0.23532	2.2147e-05	0.030468	supercritical
276.00	103.00	155.34	0.0064376	155.69	222.00	5.0537	0.68444	1.1406	323.88	0.23383	2.2190e-05	0.030510	supercritical
277.00	103.00	154.55	0.0064705	156.49	223.14	5.0578	0.68424	1.1380	324.58	0.23236	2.2233e-05	0.030552	supercritical
278.00	103.00	153.77	0.0065034	157.29	224.27	5.0619	0.68405	1.1355	325.27	0.23090	2.2276e-05	0.030595	supercritical
279.00	103.00	152.99	0.0065362	158.09	225.41	5.0660	0.68387	1.1330	325.97	0.22945	2.2319e-05	0.030639	supercritical
280.00	103.00	152.23	0.0065689	158.88	226.54	5.0700	0.68370	1.1305	326.66	0.22801	2.2362e-05	0.030683	supercritical
281.00	103.00	151.48	0.0066015	159.67	227.67	5.0740	0.68353	1.1282	327.35	0.22658	2.2405e-05	0.030727	supercritical
282.00	103.00	150.74	0.0066341	160.47	228.80	5.0780	0.68337	1.1258	328.04	0.22516	2.2449e-05	0.030772	supercritical
283.00	103.00	150.00	0.0066666	161.26	229.92	5.0820	0.68322	1.1235	328.72	0.22375	2.2492e-05	0.030817	supercritical
284.00	103.00	149.28	0.0066990	162.04	231.04	5.0860	0.68307	1.1213	329.40	0.22235	2.2536e-05	0.030863	supercritical
285.00	103.00	148.56	0.0067313	162.83	232.16	5.0899	0.68293	1.1191	330.08	0.22095	2.2580e-05	0.030909	supercritical
286.00	103.00	147.85	0.0067635	163.62	233.28	5.0938	0.68280	1.1169	330.75	0.21957	2.2624e-05	0.030955	supercritical
287.00	103.00	147.15	0.0067957	164.40	234.40	5.0977	0.68267	1.1148	331.43	0.21820	2.2668e-05	0.031002	supercritical
288.00	103.00	146.46	0.0068279	165.18	235.51	5.1016	0.68255	1.1128	332.10	0.21683	2.2712e-05	0.031049	supercritical
289.00	103.00	145.77	0.0068599	165.97	236.62	5.1055	0.68244	1.1108	332.76	0.21548	2.2756e-05	0.031097	supercritical
290.00	103.00	145.10	0.0068919	166.75	237.73	5.1093	0.68233	1.1088	333.43	0.21413	2.2801e-05	0.031145	supercritical
291.00	103.00	144.43	0.0069238	167.53	238.84	5.1131	0.68222	1.1068	334.09	0.21280	2.2845e-05	0.031193	supercritical
292.00	103.00	143.77	0.0069557	168.30	239.95	5.1169	0.68213	1.1049	334.75	0.21147	2.2890e-05	0.031242	supercritical
293.00	103.00	143.11	0.0069875	169.08	241.05	5.1207	0.68204	1.1031	335.41	0.21016	2.2934e-05	0.031290	supercritical
294.00	103.00	142.47	0.0070192	169.86	242.15	5.1244	0.68195	1.1013	336.06	0.20885	2.2979e-05	0.031340	supercritical
295.00	103.00	141.83	0.0070509	170.63	243.25	5.1282	0.68187	1.0995	336.72	0.20755	2.3024e-05	0.031389	supercritical
296.00	103.00	141.19	0.0070825	171.40	244.35	5.1319	0.68179	1.0977	337.37	0.20626	2.3068e-05	0.031439	supercritical
297.00	103.00	140.57	0.0071140	172.17	245.45	5.1356	0.68172	1.0960	338.01	0.20497	2.3113e-05	0.031488	supercritical
298.00	103.00	139.95	0.0071455	172.95	246.54	5.1393	0.68166	1.0943	338.66	0.20370	2.3158e-05	0.031539	supercritical
299.00	103.00	139.34	0.0071769	173.72	247.64	5.1429	0.68160	1.0927	339.30	0.20244	2.3203e-05	0.031589	supercritical
300.00	103.00	138.73	0.0072083	174.48	248.73	5.1466	0.68154	1.0910	339.94	0.20118	2.3248e-05	0.031639	supercritical
301.00	103.00	138.13	0.0072396	175.25	249.82	5.1502	0.68149	1.0894	340.58	0.19993	2.3294e-05	0.031690	supercritical
302.00	103.00	137.54	0.0072709	176.02	250.91	5.1538	0.68145	1.0879	341.22	0.19870	2.3339e-05	0.031741	supercritical
303.00	103.00	136.95	0.0073021	176.78	252.00	5.1574	0.68141	1.0863	341.85	0.19746	2.3384e-05	0.031792	supercritical
304.00	103.00	136.37	0.0073332	177.55	253.08	5.1610	0.68137	1.0848	342.48	0.19624	2.3429e-05	0.031843	supercritical
305.00	103.00	135.79	0.0073643	178.31	254.16	5.1645	0.68134	1.0834	343.11	0.19503	2.3475e-05	0.031894	supercritical
306.00	103.00	135.22	0.0073954	179.08	255.25	5.1681	0.68132	1.0819	343.74	0.19382	2.3520e-05	0.031944	supercritical
307.00	103.00	134.66	0.0074264	179.84	256.33	5.1716	0.68129	1.0805	344.37	0.19263	2.3566e-05	0.031995	supercritical
308.00	103.00	134.10	0.0074573	180.60	257.41	5.1751	0.68128	1.0791	344.99	0.19144	2.3611e-05	0.032044	supercritical
309.00	103.00	133.54	0.0074882	181.36	258.49	5.1786	0.68126	1.0778	345.61	0.19025	2.3657e-05	0.032090	supercritical
310.00	103.00	133.00	0.0075191	182.12	259.56	5.1821	0.68125	1.0764	346.23	0.18908	2.3702e-05	0.032140	supercritical
311.00	103.00	132.45	0.0075498	182.88	260.64	5.1856	0.68125	1.0751	346.85	0.18791	2.3748e-05	0.032196	supercritical
312.00	103.00	131.92	0.0075806	183.63	261.71	5.1890	0.68125	1.0738	347.46	0.18676	2.3793e-05	0.032252	supercritical
313.00	103.00	131.38	0.0076113	184.39	262.79	5.1924	0.68125	1.0725	348.07	0.18561	2.3839e-05	0.032309	supercritical
314.00	103.00	130.86	0.0076420	185.15	263.86	5.1959	0.68126	1.0713	348.68	0.18446	2.3885e-05	0.032365	supercritical
315.00	103.00	130.33	0.0076726	185.90	264.93	5.1993	0.68127	1.0701	349.29	0.18333	2.3930e-05	0.032422	supercritical
316.00	103.00	129.82	0.0077031	186.66	266.00	5.2027	0.68129	1.0689	349.90	0.18220	2.3976e-05	0.032478	supercritical
317.00	103.00	129.31	0.0077336	187.41	267.07	5.2060	0.68130	1.0677	350.50	0.18108	2.4022e-05	0.032535	supercritical
318.00	103.00	128.80	0.0077641	188.16	268.13	5.2094	0.68133	1.0665	351.11	0.17997	2.4068e-05	0.032592	supercritical
319.00	103.00	128.29	0.0077945	188.92	269.20	5.2127	0.68135	1.0654	351.71	0.17886	2.4113e-05	0.032650	supercritical
320.00	103.00	127.80	0.0078249	189.67	270.27	5.2161	0.68138	1.0643	352.30	0.17776	2.4159e-05	0.032707	supercritical
321.00	103.00	127.30	0.0078553	190.42	271.33	5.2194	0.68142	1.0632	352.90	0.17667	2.4205e-05	0.032765	supercritical
322.00	103.00	126.81	0.0078856	191.17	272.39	5.2227	0.68146	1.0621	353.50	0.17559	2.4251e-05	0.032822	supercritical
323.00	103.00	126.33	0.0079158	191.92	273.45	5.2260	0.68150	1.0611	354.09	0.17451	2.4297e-05	0.032880	supercritical
324.00	103.00	125.85	0.0079461	192.67	274.51	5.2293	0.68154	1.0601	354.68	0.17344	2.4343e-05	0.032938	supercritical
325.00	103.00	125.37	0.0079762	193.42	275.57	5.2325	0.68159	1.0590	355.27	0.17238	2.4388e-05	0.032996	supercritical
326.00	103.00	124.90	0.0080064	194.17	276.63	5.2358	0.68164	1.0580	355.86	0.17132	2.4434e-05	0.033054	supercritical
327.00	103.00	124.43	0.0080365	194.91	277.69	5.2390	0.68170	1.0571	356.44	0.17027	2.4480e-05	0.033112	supercritical
328.00	103.00	123.97	0.0080665	195.66	278.75	5.2423	0.68175	1.0561	357.03	0.16923	2.4526e-05	0.033171	supercritical
329.00	103.00	123.51	0.0080966	196.41	279.80	5.2455	0.68182	1.0552	357.61	0.16819	2.4572e-05	0.033229	supercritical
330.00	103.00	123.05	0.0081265	197.15	280.86	5.2487	0.68188	1.0542	358.19	0.16716	2.4618e-05	0.033288	supercritical
331.00	103.00	122.60	0.0081565	197.90	281.91	5.2519	0.68195	1.0533	358.77	0.16614	2.4664e-05	0.033346	supercritical
332.00	103.00	122.15	0.0081864	198.64	282.96	5.2550	0.68202	1.0524	359.34	0.16512	2.4710e-05	0.033405	supercritical
333.00	103.00	121.71	0.0082163	199.39	284.02	5.2582	0.68209	1.0516	359.92	0.16411	2.4756e-05	0.033464	supercritical
334.00	103.00	121.27	0.0082461	200.13	285.07	5.2613	0.68217	1.0507	360.49	0.16311	2.4802e-05	0.033523	supercritical
335.00	103.00	120.83	0.0082759	200.88	286.12	5.2645	0.68225	1.0499	361.06	0.16211	2.4848e-05	0.033582	supercritical
336.00	103.00	120.40	0.0083057	201.62	287.17	5.2676	0.68234	1.0490	361.63	0.16112	2.4894e-05	0.033641	supercritical
337.00	103.00	119.97	0.0083354	202.36	288.22	5.2707	0.68242	1.0482	362.20	0.16014	2.4940e-05	0.033700	supercritical
338.00	103.00	119.54	0.0083651	203.10	289.26	5.2738	0.68251	1.0474	362.77	0.15916	2.4985e-05	0.033760	supercritical
339.00	103.00	119.12	0.0083948	203.84	290.31	5.2769	0.68260	1.0466	363.33	0.15819	2.5031e-05	0.033819	supercritical
340.00	103.00	118.70	0.0084244	204.58	291.36	5.2800	0.68270	1.0459	363.90	0.15722	2.5077e-05	0.033879	supercritical
341.00	103.00	118.29	0.0084540	205.33	292.40	5.2831	0.68280	1.0451	364.46	0.15626	2.5123e-05	0.033938	supercritical
342.00	103.00	117.87	0.0084836	206.07	293.45	5.2861	0.68290	1.0444	365.02	0.15531	2.5169e-05	0.033998	supercritical
343.00	103.00	117.47	0.0085131	206.81	294.49	5.2892	0.68300	1.0436	365.58	0.15436	2.5215e-05	0.034058	supercritical
344.00	103.00	117.06	0.0085426	207.54	295.53	5.2922	0.68311	1.0429	366.13	0.15342	2.5261e-05	0.034118	supercritical
345.00	103.00	116.66	0.0085721	208.28	296.58	5.2953	0.68322	1.0422	366.69	0.15248	2.5307e-05	0.034178	supercritical
346.00	103.00	116.26	0.0086015	209.02	297.62	5.2983	0.68333	1.0415	367.24	0.15155	2.5353e-05	0.034238	supercritical
347.00	103.00	115.86	0.0086309	209.76	298.66	5.3013	0.68344	1.0409	367.80	0.15062	2.5398e-05	0.034298	supercritical
348.00	103.00	115.47	0.0086603	210.50	299.70	5.3043	0.68356	1.0402	368.35	0.14970	2.5444e-05	0.034358	supercritical
349.00	103.00	115.08	0.0086896	211.24	300.74	5.3073	0.68368	1.0395	368.90	0.14879	2.5490e-05	0.034418	supercritical
350.00	103.00	114.69	0.0087190	211.97	301.78	5.3102	0.68380	1.0389	369.44	0.14788	2.5536e-05	0.034479	supercritical
351.00	103.00	114.31	0.0087482	212.71	302.82	5.3132	0.68392	1.0383	369.99	0.14698	2.5582e-05	0.034539	supercritical
352.00	103.00	113.93	0.0087775	213.45	303.86	5.3161	0.68405	1.0377	370.53	0.14608	2.5628e-05	0.034599	supercritical
353.00	103.00	113.55	0.0088067	214.18	304.89	5.3191	0.68418	1.0371	371.08	0.14519	2.5673e-05	0.034660	supercritical
354.00	103.00	113.17	0.0088359	214.92	305.93	5.3220	0.68431	1.0365	371.62	0.14431	2.5719e-05	0.034721	supercritical
355.00	103.00	112.80	0.0088651	215.66	306.97	5.3249	0.68445	1.0359	372.16	0.14343	2.5765e-05	0.034781	supercritical
356.00	103.00	112.43	0.0088942	216.39	308.00	5.3279	0.68458	1.0353	372.70	0.14255	2.5811e-05	0.034842	supercritical
357.00	103.00	112.07	0.0089234	217.13	309.04	5.3308	0.68472	1.0347	373.24	0.14168	2.5856e-05	0.034903	supercritical
358.00	103.00	111.70	0.0089524	217.86	310.07	5.3337	0.68486	1.0342	373.77	0.14082	2.5902e-05	0.034963	supercritical
359.00	103.00	111.34	0.0089815	218.60	311.10	5.3365	0.68501	1.0337	374.31	0.13996	2.5948e-05	0.035024	supercritical
360.00	103.00	110.98	0.0090105	219.33	312.14	5.3394	0.68515	1.0331	374.84	0.13910	2.5994e-05	0.035085	supercritical
361.00	103.00	110.63	0.0090395	220.06	313.17	5.3423	0.68530	1.0326	375.37	0.13826	2.6039e-05	0.035146	supercritical
362.00	103.00	110.27	0.0090685	220.80	314.20	5.3451	0.68545	1.0321	375.90	0.13741	2.6085e-05	0.035207	supercritical
363.00	103.00	109.92	0.0090975	221.53	315.24	5.3480	0.68560	1.0316	376.43	0.13657	2.6130e-05	0.035268	supercritical
364.00	103.00	109.57	0.0091264	222.26	316.27	5.3508	0.68576	1.0311	376.96	0.13574	2.6176e-05	0.035329	supercritical
365.00	103.00	109.23	0.0091553	223.00	317.30	5.3536	0.68591	1.0306	377.49	0.13491	2.6222e-05	0.035390	supercritical
366.00	103.00	108.88	0.0091842	223.73	318.33	5.3565	0.68607	1.0302	378.01	0.13409	2.6267e-05	0.035452	supercritical
367.00	103.00	108.54	0.0092131	224.46	319.36	5.3593	0.68623	1.0297	378.53	0.13327	2.6313e-05	0.035513	supercritical
368.00	103.00	108.20	0.0092419	225.20	320.39	5.3621	0.68639	1.0293	379.06	0.13245	2.6358e-05	0.035574	supercritical
369.00	103.00	107.87	0.0092707	225.93	321.42	5.3649	0.68656	1.0288	379.58	0.13164	2.6404e-05	0.035636	supercritical
370.00	103.00	107.53	0.0092995	226.66	322.44	5.3676	0.68673	1.0284	380.10	0.13084	2.6449e-05	0.035697	supercritical
371.00	103.00	107.20	0.0093282	227.39	323.47	5.3704	0.68690	1.0280	380.62	0.13004	2.6495e-05	0.035758	supercritical
372.00	103.00	106.87	0.0093570	228.12	324.50	5.3732	0.68707	1.0275	381.13	0.12924	2.6540e-05	0.035820	supercritical
373.00	103.00	106.55	0.0093857	228.86	325.53	5.3759	0.68724	1.0271	381.65	0.12845	2.6586e-05	0.035881	supercritical
374.00	103.00	106.22	0.0094144	229.59	326.56	5.3787	0.68741	1.0267	382.16	0.12767	2.6631e-05	0.035943	supercritical
375.00	103.00	105.90	0.0094430	230.32	327.58	5.3814	0.68759	1.0263	382.68	0.12689	2.6676e-05	0.036004	supercritical
376.00	103.00	105.58	0.0094717	231.05	328.61	5.3842	0.68777	1.0260	383.19	0.12611	2.6722e-05	0.036066	supercritical
377.00	103.00	105.26	0.0095003	231.78	329.63	5.3869	0.68795	1.0256	383.70	0.12534	2.6767e-05	0.036128	supercritical
378.00	103.00	104.94	0.0095289	232.51	330.66	5.3896	0.68813	1.0252	384.21	0.12457	2.6812e-05	0.036189	supercritical
379.00	103.00	104.63	0.0095575	233.24	331.68	5.3923	0.68832	1.0249	384.72	0.12381	2.6858e-05	0.036251	supercritical
380.00	103.00	104.32	0.0095860	233.97	332.71	5.3950	0.68850	1.0245	385.23	0.12305	2.6903e-05	0.036313	supercritical
381.00	103.00	104.01	0.0096146	234.70	333.73	5.3977	0.68869	1.0242	385.73	0.12229	2.6948e-05	0.036374	supercritical
382.00	103.00	103.70	0.0096431	235.43	334.76	5.4004	0.68888	1.0238	386.24	0.12154	2.6993e-05	0.036436	supercritical
383.00	103.00	103.40	0.0096716	236.16	335.78	5.4031	0.68907	1.0235	386.74	0.12080	2.7039e-05	0.036498	supercritical
384.00	103.00	103.09	0.0097000	236.89	336.80	5.4057	0.68926	1.0232	387.24	0.12005	2.7084e-05	0.036560	supercritical
385.00	103.00	102.79	0.0097285	237.62	337.83	5.4084	0.68946	1.0229	387.74	0.11932	2.7129e-05	0.036622	supercritical
386.00	103.00	102.49	0.0097569	238.35	338.85	5.4111	0.68965	1.0226	388.24	0.11858	2.7174e-05	0.036684	supercritical
387.00	103.00	102.19	0.0097853	239.08	339.87	5.4137	0.68985	1.0223	388.74	0.11786	2.7219e-05	0.036746	supercritical
388.00	103.00	101.90	0.0098137	239.81	340.89	5.4163	0.69005	1.0220	389.24	0.11713	2.7264e-05	0.036808	supercritical
389.00	103.00	101.60	0.0098421	240.54	341.92	5.4190	0.69025	1.0217	389.74	0.11641	2.7309e-05	0.036870	supercritical
390.00	103.00	101.31	0.0098704	241.27	342.94	5.4216	0.69045	1.0214	390.23	0.11569	2.7354e-05	0.036932	supercritical
391.00	103.00	101.02	0.0098987	242.00	343.96	5.4242	0.69066	1.0211	390.73	0.11498	2.7399e-05	0.036994	supercritical
392.00	103.00	100.73	0.0099271	242.73	344.98	5.4268	0.69086	1.0208	391.22	0.11427	2.7444e-05	0.037056	supercritical
393.00	103.00	100.45	0.0099553	243.46	346.00	5.4294	0.69107	1.0206	391.71	0.11357	2.7489e-05	0.037118	supercritical
394.00	103.00	100.16	0.0099836	244.19	347.02	5.4320	0.69128	1.0203	392.21	0.11287	2.7534e-05	0.037180	supercritical
395.00	103.00	99.881	0.010012	244.92	348.04	5.4346	0.69149	1.0201	392.70	0.11217	2.7579e-05	0.037242	supercritical
396.00	103.00	99.601	0.010040	245.65	349.06	5.4372	0.69170	1.0198	393.18	0.11148	2.7624e-05	0.037304	supercritical
397.00	103.00	99.321	0.010068	246.38	350.08	5.4397	0.69191	1.0196	393.67	0.11079	2.7668e-05	0.037366	supercritical
398.00	103.00	99.044	0.010097	247.11	351.10	5.4423	0.69213	1.0194	394.16	0.11010	2.7713e-05	0.037428	supercritical
399.00	103.00	98.768	0.010125	247.84	352.12	5.4449	0.69234	1.0191	394.64	0.10942	2.7758e-05	0.037491	supercritical
400.00	103.00	98.494	0.010153	248.56	353.14	5.4474	0.69256	1.0189	395.13	0.10875	2.7803e-05	0.037553	supercritical
401.00	103.00	98.222	0.010181	249.29	354.16	5.4500	0.69278	1.0187	395.61	0.10807	2.7847e-05	0.037615	supercritical
402.00	103.00	97.952	0.010209	250.02	355.18	5.4525	0.69300	1.0185	396.10	0.10740	2.7892e-05	0.037677	supercritical
403.00	103.00	97.683	0.010237	250.75	356.19	5.4550	0.69322	1.0183	396.58	0.10674	2.7937e-05	0.037740	supercritical
404.00	103.00	97.415	0.010265	251.48	357.21	5.4576	0.69345	1.0181	397.06	0.10607	2.7981e-05	0.037802	supercritical
405.00	103.00	97.150	0.010293	252.21	358.23	5.4601	0.69367	1.0179	397.54	0.10542	2.8026e-05	0.037864	supercritical
406.00	103.00	96.886	0.010321	252.94	359.25	5.4626	0.69390	1.0177	398.02	0.10476	2.8070e-05	0.037926	supercritical
407.00	103.00	96.623	0.010349	253.67	360.27	5.4651	0.69412	1.0175	398.49	0.10411	2.8115e-05	0.037989	supercritical
408.00	103.00	96.362	0.010378	254.40	361.28	5.4676	0.69435	1.0174	398.97	0.10346	2.8159e-05	0.038051	supercritical
409.00	103.00	96.103	0.010406	255.12	362.30	5.4701	0.69458	1.0172	399.45	0.10282	2.8204e-05	0.038113	supercritical
410.00	103.00	95.845	0.010434	255.85	363.32	5.4726	0.69481	1.0170	399.92	0.10218	2.8248e-05	0.038176	supercritical
411.00	103.00	95.589	0.010461	256.58	364.33	5.4750	0.69504	1.0169	400.39	0.10154	2.8293e-05	0.038238	supercritical
412.00	103.00	95.334	0.010489	257.31	365.35	5.4775	0.69527	1.0167	400.87	0.10091	2.8337e-05	0.038300	supercritical
413.00	103.00	95.081	0.010517	258.04	366.37	5.4800	0.69551	1.0166	401.34	0.10028	2.8382e-05	0.038363	supercritical
414.00	103.00	94.829	0.010545	258.77	367.38	5.4824	0.69574	1.0164	401.81	0.099649	2.8426e-05	0.038425	supercritical
415.00	103.00	94.578	0.010573	259.50	368.40	5.4849	0.69598	1.0163	402.28	0.099025	2.8470e-05	0.038488	supercritical
416.00	103.00	94.330	0.010601	260.23	369.42	5.4873	0.69622	1.0161	402.75	0.098405	2.8514e-05	0.038550	supercritical
417.00	103.00	94.082	0.010629	260.95	370.43	5.4898	0.69646	1.0160	403.22	0.097788	2.8559e-05	0.038612	supercritical
418.00	103.00	93.836	0.010657	261.68	371.45	5.4922	0.69670	1.0159	403.68	0.097175	2.8603e-05	0.038675	supercritical
419.00	103.00	93.592	0.010685	262.41	372.47	5.4946	0.69694	1.0158	404.15	0.096565	2.8647e-05	0.038737	supercritical
420.00	103.00	93.348	0.010713	263.14	373.48	5.4970	0.69718	1.0156	404.61	0.095958	2.8691e-05	0.038800	supercritical
421.00	103.00	93.107	0.010740	263.87	374.50	5.4995	0.69742	1.0155	405.08	0.095355	2.8735e-05	0.038862	supercritical
422.00	103.00	92.866	0.010768	264.60	375.51	5.5019	0.69767	1.0154	405.54	0.094754	2.8779e-05	0.038925	supercritical
423.00	103.00	92.627	0.010796	265.33	376.53	5.5043	0.69791	1.0153	406.00	0.094157	2.8823e-05	0.038987	supercritical
424.00	103.00	92.390	0.010824	266.06	377.54	5.5067	0.69816	1.0152	406.46	0.093564	2.8867e-05	0.039050	supercritical
425.00	103.00	92.153	0.010852	266.79	378.56	5.5091	0.69841	1.0151	406.93	0.092973	2.8911e-05	0.039112	supercritical
426.00	103.00	91.918	0.010879	267.52	379.57	5.5114	0.69865	1.0150	407.38	0.092385	2.8955e-05	0.039174	supercritical
427.00	103.00	91.684	0.010907	268.25	380.59	5.5138	0.69890	1.0149	407.84	0.091801	2.8999e-05	0.039237	supercritical
428.00	103.00	91.452	0.010935	268.98	381.60	5.5162	0.69915	1.0149	408.30	0.091220	2.9043e-05	0.039299	supercritical
429.00	103.00	91.221	0.010962	269.70	382.62	5.5186	0.69941	1.0148	408.76	0.090642	2.9087e-05	0.039362	supercritical
430.00	103.00	90.991	0.010990	270.43	383.63	5.5209	0.69966	1.0147	409.21	0.090067	2.9131e-05	0.039424	supercritical
431.00	103.00	90.762	0.011018	271.16	384.65	5.5233	0.69991	1.0146	409.67	0.089495	2.9175e-05	0.039487	supercritical
432.00	103.00	90.535	0.011045	271.89	385.66	5.5256	0.70016	1.0146	410.12	0.088926	2.9218e-05	0.039549	supercritical
433.00	103.00	90.309	0.011073	272.62	386.68	5.5280	0.70042	1.0145	410.58	0.088359	2.9262e-05	0.039612	supercritical
434.00	103.00	90.084	0.011101	273.35	387.69	5.5303	0.70067	1.0144	411.03	0.087796	2.9306e-05	0.039674	supercritical
435.00	103.00	89.861	0.011128	274.08	388.71	5.5327	0.70093	1.0144	411.48	0.087236	2.9350e-05	0.039737	supercritical
436.00	103.00	89.638	0.011156	274.81	389.72	5.5350	0.70119	1.0143	411.93	0.086679	2.9393e-05	0.039799	supercritical
437.00	103.00	89.417	0.011184	275.54	390.73	5.5373	0.70145	1.0143	412.38	0.086125	2.9437e-05	0.039862	supercritical
438.00	103.00	89.197	0.011211	276.27	391.75	5.5396	0.70171	1.0142	412.83	0.085574	2.9481e-05	0.039924	supercritical
439.00	103.00	88.978	0.011239	277.00	392.76	5.5419	0.70197	1.0142	413.28	0.085025	2.9524e-05	0.039987	supercritical
440.00	103.00	88.761	0.011266	277.73	393.78	5.5443	0.70223	1.0141	413.73	0.084480	2.9568e-05	0.040049	supercritical
441.00	103.00	88.544	0.011294	278.46	394.79	5.5466	0.70249	1.0141	414.18	0.083937	2.9611e-05	0.040112	supercritical
442.00	103.00	88.329	0.011321	279.19	395.80	5.5489	0.70275	1.0141	414.62	0.083397	2.9655e-05	0.040174	supercritical
443.00	103.00	88.115	0.011349	279.93	396.82	5.5511	0.70301	1.0140	415.07	0.082860	2.9698e-05	0.040237	supercritical
444.00	103.00	87.901	0.011376	280.66	397.83	5.5534	0.70328	1.0140	415.51	0.082326	2.9741e-05	0.040299	supercritical
445.00	103.00	87.690	0.011404	281.39	398.85	5.5557	0.70354	1.0140	415.96	0.081795	2.9785e-05	0.040362	supercritical
446.00	103.00	87.479	0.011431	282.12	399.86	5.5580	0.70381	1.0140	416.40	0.081266	2.9828e-05	0.040424	supercritical
447.00	103.00	87.269	0.011459	282.85	400.87	5.5603	0.70407	1.0139	416.84	0.080740	2.9871e-05	0.040487	supercritical
448.00	103.00	87.060	0.011486	283.58	401.89	5.5625	0.70434	1.0139	417.28	0.080216	2.9915e-05	0.040549	supercritical
449.00	103.00	86.853	0.011514	284.31	402.90	5.5648	0.70461	1.0139	417.72	0.079696	2.9958e-05	0.040612	supercritical
450.00	103.00	86.646	0.011541	285.04	403.92	5.5670	0.70488	1.0139	418.16	0.079178	3.0001e-05	0.040674	supercritical
451.00	103.00	86.441	0.011569	285.77	404.93	5.5693	0.70515	1.0139	418.60	0.078663	3.0044e-05	0.040737	supercritical
452.00	103.00	86.237	0.011596	286.51	405.94	5.5715	0.70541	1.0139	419.04	0.078150	3.0088e-05	0.040799	supercritical
453.00	103.00	86.033	0.011623	287.24	406.96	5.5738	0.70568	1.0139	419.48	0.077640	3.0131e-05	0.040862	supercritical
454.00	103.00	85.831	0.011651	287.97	407.97	5.5760	0.70596	1.0139	419.91	0.077133	3.0174e-05	0.040924	supercritical
455.00	103.00	85.630	0.011678	288.70	408.99	5.5782	0.70623	1.0139	420.35	0.076628	3.0217e-05	0.040987	supercritical
456.00	103.00	85.430	0.011706	289.43	410.00	5.5805	0.70650	1.0139	420.79	0.076126	3.0260e-05	0.041049	supercritical
457.00	103.00	85.230	0.011733	290.16	411.01	5.5827	0.70677	1.0139	421.22	0.075626	3.0303e-05	0.041111	supercritical
458.00	103.00	85.032	0.011760	290.90	412.03	5.5849	0.70704	1.0139	421.65	0.075129	3.0346e-05	0.041174	supercritical
459.00	103.00	84.835	0.011788	291.63	413.04	5.5871	0.70732	1.0140	422.09	0.074635	3.0389e-05	0.041236	supercritical
460.00	103.00	84.639	0.011815	292.36	414.06	5.5893	0.70759	1.0140	422.52	0.074142	3.0432e-05	0.041299	supercritical
461.00	103.00	84.444	0.011842	293.09	415.07	5.5915	0.70787	1.0140	422.95	0.073653	3.0475e-05	0.041361	supercritical
462.00	103.00	84.249	0.011870	293.83	416.08	5.5937	0.70814	1.0140	423.38	0.073166	3.0517e-05	0.041424	supercritical
463.00	103.00	84.056	0.011897	294.56	417.10	5.5959	0.70842	1.0141	423.81	0.072681	3.0560e-05	0.041486	supercritical
464.00	103.00	83.864	0.011924	295.29	418.11	5.5981	0.70870	1.0141	424.24	0.072199	3.0603e-05	0.041548	supercritical
465.00	103.00	83.672	0.011951	296.03	419.13	5.6003	0.70897	1.0141	424.67	0.071719	3.0646e-05	0.041611	supercritical
466.00	103.00	83.482	0.011979	296.76	420.14	5.6025	0.70925	1.0142	425.10	0.071242	3.0688e-05	0.041673	supercritical
467.00	103.00	83.292	0.012006	297.49	421.15	5.6046	0.70953	1.0142	425.53	0.070767	3.0731e-05	0.041736	supercritical
468.00	103.00	83.104	0.012033	298.23	422.17	5.6068	0.70981	1.0142	425.95	0.070294	3.0774e-05	0.041798	supercritical
469.00	103.00	82.916	0.012060	298.96	423.18	5.6090	0.71009	1.0143	426.38	0.069824	3.0816e-05	0.041860	supercritical
470.00	103.00	82.730	0.012088	299.69	424.20	5.6111	0.71037	1.0143	426.80	0.069356	3.0859e-05	0.041923	supercritical
471.00	103.00	82.544	0.012115	300.43	425.21	5.6133	0.71065	1.0144	427.23	0.068891	3.0902e-05	0.041985	supercritical
472.00	103.00	82.359	0.012142	301.16	426.23	5.6154	0.71093	1.0144	427.65	0.068428	3.0944e-05	0.042047	supercritical
473.00	103.00	82.175	0.012169	301.90	427.24	5.6176	0.71121	1.0145	428.07	0.067967	3.0987e-05	0.042110	supercritical
474.00	103.00	81.992	0.012196	302.63	428.25	5.6197	0.71149	1.0145	428.50	0.067508	3.1029e-05	0.042172	supercritical
475.00	103.00	81.809	0.012224	303.37	429.27	5.6219	0.71177	1.0146	428.92	0.067052	3.1072e-05	0.042234	supercritical
476.00	103.00	81.628	0.012251	304.10	430.28	5.6240	0.71205	1.0146	429.34	0.066598	3.1114e-05	0.042297	supercritical
477.00	103.00	81.448	0.012278	304.84	431.30	5.6261	0.71233	1.0147	429.76	0.066146	3.1156e-05	0.042359	supercritical
478.00	103.00	81.268	0.012305	305.57	432.31	5.6283	0.71262	1.0148	430.18	0.065696	3.1199e-05	0.042421	supercritical
479.00	103.00	81.089	0.012332	306.31	433.33	5.6304	0.71290	1.0148	430.60	0.065249	3.1241e-05	0.042484	supercritical
480.00	103.00	80.911	0.012359	307.04	434.34	5.6325	0.71318	1.0149	431.02	0.064804	3.1283e-05	0.042546	supercritical
481.00	103.00	80.734	0.012386	307.78	435.36	5.6346	0.71347	1.0149	431.44	0.064361	3.1326e-05	0.042608	supercritical
482.00	103.00	80.558	0.012413	308.51	436.37	5.6367	0.71375	1.0150	431.85	0.063920	3.1368e-05	0.042670	supercritical
483.00	103.00	80.382	0.012441	309.25	437.39	5.6388	0.71404	1.0151	432.27	0.063481	3.1410e-05	0.042733	supercritical
484.00	103.00	80.208	0.012468	309.99	438.40	5.6409	0.71432	1.0152	432.69	0.063045	3.1452e-05	0.042795	supercritical
485.00	103.00	80.034	0.012495	310.72	439.42	5.6430	0.71461	1.0152	433.10	0.062610	3.1494e-05	0.042857	supercritical
486.00	103.00	79.861	0.012522	311.46	440.43	5.6451	0.71489	1.0153	433.52	0.062178	3.1536e-05	0.042919	supercritical
487.00	103.00	79.689	0.012549	312.20	441.45	5.6472	0.71518	1.0154	433.93	0.061748	3.1579e-05	0.042982	supercritical
488.00	103.00	79.517	0.012576	312.93	442.46	5.6493	0.71547	1.0155	434.35	0.061320	3.1621e-05	0.043044	supercritical
489.00	103.00	79.347	0.012603	313.67	443.48	5.6514	0.71575	1.0156	434.76	0.060894	3.1663e-05	0.043106	supercritical
490.00	103.00	79.177	0.012630	314.41	444.50	5.6534	0.71604	1.0157	435.17	0.060470	3.1705e-05	0.043168	supercritical
491.00	103.00	79.008	0.012657	315.14	445.51	5.6555	0.71633	1.0157	435.58	0.060048	3.1746e-05	0.043230	supercritical
492.00	103.00	78.839	0.012684	315.88	446.53	5.6576	0.71661	1.0158	435.99	0.059629	3.1788e-05	0.043292	supercritical
493.00	103.00	78.672	0.012711	316.62	447.54	5.6596	0.71690	1.0159	436.40	0.059211	3.1830e-05	0.043355	supercritical
494.00	103.00	78.505	0.012738	317.36	448.56	5.6617	0.71719	1.0160	436.81	0.058795	3.1872e-05	0.043417	supercritical
495.00	103.00	78.339	0.012765	318.09	449.57	5.6637	0.71748	1.0161	437.22	0.058381	3.1914e-05	0.043479	supercritical
496.00	103.00	78.174	0.012792	318.83	450.59	5.6658	0.71777	1.0162	437.63	0.057970	3.1956e-05	0.043541	supercritical
497.00	103.00	78.009	0.012819	319.57	451.61	5.6678	0.71806	1.0163	438.04	0.057560	3.1998e-05	0.043603	supercritical
498.00	103.00	77.846	0.012846	320.31	452.62	5.6699	0.71834	1.0164	438.45	0.057152	3.2039e-05	0.043665	supercritical
499.00	103.00	77.683	0.012873	321.05	453.64	5.6719	0.71863	1.0165	438.85	0.056746	3.2081e-05	0.043727	supercritical
500.00	103.00	77.520	0.012900	321.79	454.66	5.6740	0.71892	1.0166	439.26	0.056343	3.2123e-05	0.043789	supercritical
501.00	103.00	77.359	0.012927	322.53	455.67	5.6760	0.71921	1.0167	439.67	0.055941	3.2164e-05	0.043851	supercritical
502.00	103.00	77.198	0.012954	323.27	456.69	5.6780	0.71950	1.0168	440.07	0.055541	3.2206e-05	0.043913	supercritical
503.00	103.00	77.038	0.012981	324.01	457.71	5.6800	0.71979	1.0169	440.48	0.055142	3.2248e-05	0.043975	supercritical
504.00	103.00	76.878	0.013008	324.75	458.72	5.6821	0.72008	1.0170	440.88	0.054746	3.2289e-05	0.044037	supercritical
505.00	103.00	76.720	0.013034	325.49	459.74	5.6841	0.72037	1.0171	441.28	0.054352	3.2331e-05	0.044100	supercritical
506.00	103.00	76.562	0.013061	326.23	460.76	5.6861	0.72066	1.0172	441.69	0.053959	3.2372e-05	0.044162	supercritical
507.00	103.00	76.404	0.013088	326.97	461.77	5.6881	0.72095	1.0174	442.09	0.053569	3.2414e-05	0.044223	supercritical
508.00	103.00	76.248	0.013115	327.71	462.79	5.6901	0.72124	1.0175	442.49	0.053180	3.2455e-05	0.044285	supercritical
509.00	103.00	76.092	0.013142	328.45	463.81	5.6921	0.72154	1.0176	442.89	0.052793	3.2496e-05	0.044347	supercritical
510.00	103.00	75.937	0.013169	329.19	464.83	5.6941	0.72183	1.0177	443.29	0.052408	3.2538e-05	0.044409	supercritical
511.00	103.00	75.782	0.013196	329.93	465.85	5.6961	0.72212	1.0178	443.69	0.052025	3.2579e-05	0.044471	supercritical
512.00	103.00	75.628	0.013223	330.67	466.86	5.6981	0.72241	1.0179	444.09	0.051643	3.2620e-05	0.044533	supercritical
513.00	103.00	75.475	0.013249	331.41	467.88	5.7001	0.72270	1.0181	444.49	0.051264	3.2662e-05	0.044595	supercritical
514.00	103.00	75.322	0.013276	332.15	468.90	5.7021	0.72299	1.0182	444.89	0.050886	3.2703e-05	0.044657	supercritical
515.00	103.00	75.170	0.013303	332.90	469.92	5.7040	0.72328	1.0183	445.29	0.050510	3.2744e-05	0.044719	supercritical
516.00	103.00	75.019	0.013330	333.64	470.94	5.7060	0.72358	1.0184	445.69	0.050135	3.2785e-05	0.044781	supercritical
517.00	103.00	74.868	0.013357	334.38	471.95	5.7080	0.72387	1.0186	446.08	0.049763	3.2827e-05	0.044843	supercritical
518.00	103.00	74.718	0.013384	335.12	472.97	5.7099	0.72416	1.0187	446.48	0.049392	3.2868e-05	0.044904	supercritical
519.00	103.00	74.569	0.013410	335.86	473.99	5.7119	0.72445	1.0188	446.88	0.049023	3.2909e-05	0.044966	supercritical
520.00	103.00	74.420	0.013437	336.61	475.01	5.7139	0.72474	1.0189	447.27	0.048656	3.2950e-05	0.045028	supercritical
521.00	103.00	74.272	0.013464	337.35	476.03	5.7158	0.72503	1.0191	447.67	0.048290	3.2991e-05	0.045090	supercritical
522.00	103.00	74.125	0.013491	338.09	477.05	5.7178	0.72533	1.0192	448.06	0.047926	3.3032e-05	0.045152	supercritical
523.00	103.00	73.978	0.013518	338.84	478.07	5.7197	0.72562	1.0193	448.45	0.047564	3.3073e-05	0.045213	supercritical
524.00	103.00	73.832	0.013544	339.58	479.09	5.7217	0.72591	1.0195	448.85	0.047203	3.3114e-05	0.045275	supercritical
525.00	103.00	73.686	0.013571	340.32	480.11	5.7236	0.72620	1.0196	449.24	0.046844	3.3155e-05	0.045337	supercritical
526.00	103.00	73.541	0.013598	341.07	481.13	5.7256	0.72650	1.0197	449.63	0.046487	3.3196e-05	0.045399	supercritical
527.00	103.00	73.397	0.013625	341.81	482.15	5.7275	0.72679	1.0199	450.02	0.046131	3.3237e-05	0.045460	supercritical
528.00	103.00	73.253	0.013651	342.56	483.17	5.7294	0.72708	1.0200	450.41	0.045777	3.3278e-05	0.045522	supercritical
529.00	103.00	73.110	0.013678	343.30	484.19	5.7314	0.72737	1.0202	450.81	0.045425	3.3318e-05	0.045584	supercritical
530.00	103.00	72.967	0.013705	344.05	485.21	5.7333	0.72767	1.0203	451.20	0.045074	3.3359e-05	0.045645	supercritical
531.00	103.00	72.825	0.013732	344.79	486.23	5.7352	0.72796	1.0204	451.59	0.044725	3.3400e-05	0.045707	supercritical
532.00	103.00	72.684	0.013758	345.54	487.25	5.7371	0.72825	1.0206	451.97	0.044377	3.3441e-05	0.045769	supercritical
533.00	103.00	72.543	0.013785	346.28	488.27	5.7391	0.72854	1.0207	452.36	0.044031	3.3481e-05	0.045830	supercritical
534.00	103.00	72.403	0.013812	347.03	489.29	5.7410	0.72883	1.0209	452.75	0.043687	3.3522e-05	0.045892	supercritical
535.00	103.00	72.263	0.013838	347.78	490.31	5.7429	0.72913	1.0210	453.14	0.043344	3.3563e-05	0.045954	supercritical
536.00	103.00	72.124	0.013865	348.52	491.33	5.7448	0.72942	1.0212	453.53	0.043003	3.3603e-05	0.046015	supercritical
537.00	103.00	71.985	0.013892	349.27	492.35	5.7467	0.72971	1.0213	453.91	0.042663	3.3644e-05	0.046077	supercritical
538.00	103.00	71.847	0.013918	350.01	493.37	5.7486	0.73000	1.0215	454.30	0.042325	3.3684e-05	0.046138	supercritical
539.00	103.00	71.710	0.013945	350.76	494.40	5.7505	0.73030	1.0216	454.69	0.041988	3.3725e-05	0.046200	supercritical
540.00	103.00	71.573	0.013972	351.51	495.42	5.7524	0.73059	1.0218	455.07	0.041653	3.3765e-05	0.046261	supercritical
541.00	103.00	71.437	0.013998	352.26	496.44	5.7543	0.73088	1.0219	455.46	0.041320	3.3806e-05	0.046323	supercritical
542.00	103.00	71.301	0.014025	353.00	497.46	5.7562	0.73117	1.0221	455.84	0.040988	3.3846e-05	0.046384	supercritical
543.00	103.00	71.166	0.014052	353.75	498.48	5.7580	0.73146	1.0222	456.22	0.040657	3.3887e-05	0.046446	supercritical
544.00	103.00	71.031	0.014078	354.50	499.51	5.7599	0.73176	1.0224	456.61	0.040328	3.3927e-05	0.046507	supercritical
545.00	103.00	70.897	0.014105	355.25	500.53	5.7618	0.73205	1.0225	456.99	0.040001	3.3968e-05	0.046569	supercritical
546.00	103.00	70.763	0.014132	355.99	501.55	5.7637	0.73234	1.0227	457.37	0.039675	3.4008e-05	0.046630	supercritical
547.00	103.00	70.630	0.014158	356.74	502.57	5.7655	0.73263	1.0228	457.76	0.039350	3.4048e-05	0.046692	supercritical
548.00	103.00	70.498	0.014185	357.49	503.60	5.7674	0.73292	1.0230	458.14	0.039027	3.4088e-05	0.046753	supercritical
549.00	103.00	70.366	0.014211	358.24	504.62	5.7693	0.73321	1.0232	458.52	0.038705	3.4129e-05	0.046814	supercritical
550.00	103.00	70.234	0.014238	358.99	505.64	5.7711	0.73351	1.0233	458.90	0.038385	3.4169e-05	0.046876	supercritical
551.00	103.00	70.103	0.014265	359.74	506.67	5.7730	0.73380	1.0235	459.28	0.038066	3.4209e-05	0.046937	supercritical
552.00	103.00	69.973	0.014291	360.49	507.69	5.7749	0.73409	1.0236	459.66	0.037748	3.4249e-05	0.046999	supercritical
553.00	103.00	69.843	0.014318	361.24	508.71	5.7767	0.73438	1.0238	460.04	0.037432	3.4289e-05	0.047060	supercritical
554.00	103.00	69.714	0.014344	361.99	509.74	5.7786	0.73467	1.0240	460.42	0.037118	3.4330e-05	0.047121	supercritical
555.00	103.00	69.585	0.014371	362.74	510.76	5.7804	0.73496	1.0241	460.80	0.036804	3.4370e-05	0.047182	supercritical
556.00	103.00	69.456	0.014398	363.49	511.79	5.7822	0.73525	1.0243	461.17	0.036493	3.4410e-05	0.047244	supercritical
557.00	103.00	69.328	0.014424	364.24	512.81	5.7841	0.73554	1.0244	461.55	0.036182	3.4450e-05	0.047305	supercritical
558.00	103.00	69.201	0.014451	364.99	513.83	5.7859	0.73583	1.0246	461.93	0.035873	3.4490e-05	0.047366	supercritical
559.00	103.00	69.074	0.014477	365.74	514.86	5.7878	0.73612	1.0248	462.31	0.035565	3.4530e-05	0.047427	supercritical
560.00	103.00	68.948	0.014504	366.49	515.88	5.7896	0.73641	1.0249	462.68	0.035259	3.4570e-05	0.047489	supercritical
561.00	103.00	68.822	0.014530	367.25	516.91	5.7914	0.73670	1.0251	463.06	0.034954	3.4610e-05	0.047550	supercritical
562.00	103.00	68.696	0.014557	368.00	517.93	5.7932	0.73699	1.0253	463.43	0.034650	3.4649e-05	0.047611	supercritical
563.00	103.00	68.571	0.014583	368.75	518.96	5.7951	0.73728	1.0254	463.81	0.034348	3.4689e-05	0.047672	supercritical
564.00	103.00	68.447	0.014610	369.50	519.98	5.7969	0.73757	1.0256	464.18	0.034047	3.4729e-05	0.047733	supercritical
565.00	103.00	68.323	0.014636	370.26	521.01	5.7987	0.73786	1.0258	464.56	0.033747	3.4769e-05	0.047795	supercritical
566.00	103.00	68.199	0.014663	371.01	522.04	5.8005	0.73815	1.0259	464.93	0.033449	3.4809e-05	0.047856	supercritical
567.00	103.00	68.076	0.014689	371.76	523.06	5.8023	0.73844	1.0261	465.30	0.033152	3.4848e-05	0.047917	supercritical
568.00	103.00	67.953	0.014716	372.51	524.09	5.8041	0.73873	1.0263	465.68	0.032856	3.4888e-05	0.047978	supercritical
569.00	103.00	67.831	0.014742	373.27	525.11	5.8059	0.73902	1.0265	466.05	0.032562	3.4928e-05	0.048039	supercritical
570.00	103.00	67.710	0.014769	374.02	526.14	5.8077	0.73931	1.0266	466.42	0.032269	3.4967e-05	0.048100	supercritical
571.00	103.00	67.588	0.014795	374.77	527.17	5.8095	0.73960	1.0268	466.79	0.031977	3.5007e-05	0.048161	supercritical
572.00	103.00	67.468	0.014822	375.53	528.19	5.8113	0.73988	1.0270	467.16	0.031686	3.5047e-05	0.048222	supercritical
573.00	103.00	67.347	0.014848	376.28	529.22	5.8131	0.74017	1.0271	467.53	0.031397	3.5086e-05	0.048283	supercritical
574.00	103.00	67.227	0.014875	377.04	530.25	5.8149	0.74046	1.0273	467.91	0.031108	3.5126e-05	0.048344	supercritical
575.00	103.00	67.108	0.014901	377.79	531.28	5.8167	0.74075	1.0275	468.28	0.030821	3.5165e-05	0.048405	supercritical
576.00	103.00	66.989	0.014928	378.55	532.30	5.8185	0.74104	1.0277	468.64	0.030536	3.5205e-05	0.048466	supercritical
577.00	103.00	66.871	0.014954	379.30	533.33	5.8203	0.74132	1.0278	469.01	0.030251	3.5244e-05	0.048527	supercritical
578.00	103.00	66.752	0.014981	380.06	534.36	5.8221	0.74161	1.0280	469.38	0.029968	3.5284e-05	0.048588	supercritical
579.00	103.00	66.635	0.015007	380.81	535.39	5.8238	0.74190	1.0282	469.75	0.029686	3.5323e-05	0.048649	supercritical
580.00	103.00	66.518	0.015034	381.57	536.42	5.8256	0.74218	1.0284	470.12	0.029405	3.5363e-05	0.048710	supercritical
581.00	103.00	66.401	0.015060	382.33	537.44	5.8274	0.74247	1.0285	470.49	0.029126	3.5402e-05	0.048771	supercritical
582.00	103.00	66.284	0.015086	383.08	538.47	5.8292	0.74276	1.0287	470.85	0.028848	3.5441e-05	0.048831	supercritical
583.00	103.00	66.169	0.015113	383.84	539.50	5.8309	0.74304	1.0289	471.22	0.028570	3.5481e-05	0.048892	supercritical
584.00	103.00	66.053	0.015139	384.60	540.53	5.8327	0.74333	1.0291	471.59	0.028294	3.5520e-05	0.048953	supercritical
585.00	103.00	65.938	0.015166	385.35	541.56	5.8345	0.74361	1.0293	471.95	0.028020	3.5559e-05	0.049014	supercritical
586.00	103.00	65.823	0.015192	386.11	542.59	5.8362	0.74390	1.0294	472.32	0.027746	3.5598e-05	0.049075	supercritical
587.00	103.00	65.709	0.015219	386.87	543.62	5.8380	0.74418	1.0296	472.68	0.027473	3.5638e-05	0.049135	supercritical
588.00	103.00	65.595	0.015245	387.63	544.65	5.8397	0.74447	1.0298	473.05	0.027202	3.5677e-05	0.049196	supercritical
589.00	103.00	65.482	0.015271	388.38	545.68	5.8415	0.74475	1.0300	473.41	0.026932	3.5716e-05	0.049257	supercritical
590.00	103.00	65.369	0.015298	389.14	546.71	5.8432	0.74504	1.0302	473.78	0.026663	3.5755e-05	0.049318	supercritical
591.00	103.00	65.256	0.015324	389.90	547.74	5.8450	0.74532	1.0303	474.14	0.026395	3.5794e-05	0.049378	supercritical
592.00	103.00	65.144	0.015351	390.66	548.77	5.8467	0.74561	1.0305	474.50	0.026128	3.5833e-05	0.049439	supercritical
593.00	103.00	65.032	0.015377	391.42	549.80	5.8484	0.74589	1.0307	474.87	0.025863	3.5872e-05	0.049500	supercritical
594.00	103.00	64.921	0.015403	392.18	550.83	5.8502	0.74617	1.0309	475.23	0.025598	3.5911e-05	0.049560	supercritical
595.00	103.00	64.810	0.015430	392.94	551.86	5.8519	0.74646	1.0311	475.59	0.025335	3.5950e-05	0.049621	supercritical
596.00	103.00	64.699	0.015456	393.70	552.89	5.8536	0.74674	1.0312	475.95	0.025072	3.5989e-05	0.049682	supercritical
597.00	103.00	64.589	0.015482	394.46	553.92	5.8554	0.74702	1.0314	476.32	0.024811	3.6028e-05	0.049742	supercritical
598.00	103.00	64.480	0.015509	395.22	554.96	5.8571	0.74730	1.0316	476.68	0.024551	3.6067e-05	0.049803	supercritical
599.00	103.00	64.370	0.015535	395.98	555.99	5.8588	0.74759	1.0318	477.04	0.024292	3.6106e-05	0.049864	supercritical
600.00	103.00	64.261	0.015562	396.74	557.02	5.8605	0.74787	1.0320	477.40	0.024034	3.6145e-05	0.049924	supercritical
