Temperature (K)	Pressure (bar)	Density (kg/m3)	Volume (m3/kg)	Internal Energy (kJ/kg)	Enthalpy (kJ/kg)	Entropy (J/g*K)	Cv (J/g*K)	Cp (J/g*K)	Sound Spd. (m/s)	Joule-Thomson (K/bar)	Viscosity (Pa*s)	Therm. Cond. (W/m*K)	Phase
60.000	86.000	1292.1	0.00077392	-185.51	-178.85	2.2347	1.0918	1.6555	1150.8	-0.037548	0.00061858	0.19740	liquid
61.000	86.000	1287.9	0.00077648	-183.87	-177.20	2.2621	1.0835	1.6575	1146.9	-0.037391	0.00058945	0.19607	liquid
62.000	86.000	1283.6	0.00077906	-182.24	-175.54	2.2890	1.0760	1.6592	1142.3	-0.037249	0.00056226	0.19473	liquid
63.000	86.000	1279.3	0.00078167	-180.60	-173.88	2.3156	1.0691	1.6604	1137.1	-0.037120	0.00053686	0.19340	liquid
64.000	86.000	1275.0	0.00078431	-178.96	-172.22	2.3418	1.0628	1.6613	1131.5	-0.037001	0.00051313	0.19206	liquid
65.000	86.000	1270.7	0.00078697	-177.32	-170.56	2.3675	1.0569	1.6619	1125.4	-0.036891	0.00049094	0.19072	liquid
66.000	86.000	1266.4	0.00078966	-175.68	-168.89	2.3929	1.0514	1.6623	1119.1	-0.036788	0.00047017	0.18939	liquid
67.000	86.000	1262.0	0.00079237	-174.05	-167.23	2.4179	1.0460	1.6624	1112.5	-0.036689	0.00045073	0.18805	liquid
68.000	86.000	1257.7	0.00079511	-172.41	-165.57	2.4425	1.0408	1.6623	1105.8	-0.036594	0.00043250	0.18671	liquid
69.000	86.000	1253.3	0.00079786	-170.77	-163.91	2.4668	1.0358	1.6621	1098.8	-0.036501	0.00041541	0.18538	liquid
70.000	86.000	1249.0	0.00080065	-169.13	-162.24	2.4907	1.0309	1.6617	1091.8	-0.036409	0.00039935	0.18404	liquid
71.000	86.000	1244.6	0.00080345	-167.49	-160.58	2.5143	1.0262	1.6613	1084.6	-0.036315	0.00038427	0.18271	liquid
72.000	86.000	1240.3	0.00080629	-165.86	-158.92	2.5375	1.0215	1.6608	1077.4	-0.036220	0.00037008	0.18137	liquid
73.000	86.000	1235.9	0.00080914	-164.22	-157.26	2.5604	1.0168	1.6603	1070.2	-0.036122	0.00035671	0.18004	liquid
74.000	86.000	1231.5	0.00081202	-162.58	-155.60	2.5830	1.0123	1.6598	1062.8	-0.036020	0.00034412	0.17871	liquid
75.000	86.000	1227.1	0.00081493	-160.95	-153.94	2.6053	1.0077	1.6593	1055.5	-0.035913	0.00033223	0.17737	liquid
76.000	86.000	1222.7	0.00081786	-159.32	-152.28	2.6272	1.0033	1.6589	1048.1	-0.035802	0.00032101	0.17604	liquid
77.000	86.000	1218.3	0.00082082	-157.68	-150.62	2.6489	0.99889	1.6585	1040.7	-0.035684	0.00031040	0.17470	liquid
78.000	86.000	1213.9	0.00082381	-156.05	-148.97	2.6703	0.99454	1.6581	1033.3	-0.035560	0.00030036	0.17336	liquid
79.000	86.000	1209.4	0.00082683	-154.42	-147.31	2.6914	0.99024	1.6578	1025.9	-0.035429	0.00029085	0.17203	liquid
80.000	86.000	1205.0	0.00082988	-152.79	-145.65	2.7123	0.98598	1.6576	1018.5	-0.035290	0.00028183	0.17069	liquid
81.000	86.000	1200.5	0.00083295	-151.16	-143.99	2.7329	0.98178	1.6575	1011.1	-0.035143	0.00027327	0.16935	liquid
82.000	86.000	1196.1	0.00083606	-149.52	-142.33	2.7532	0.97762	1.6576	1003.7	-0.034988	0.00026513	0.16802	liquid
83.000	86.000	1191.6	0.00083920	-147.89	-140.68	2.7733	0.97351	1.6577	996.27	-0.034824	0.00025740	0.16668	liquid
84.000	86.000	1187.1	0.00084237	-146.26	-139.02	2.7932	0.96945	1.6579	988.85	-0.034651	0.00025003	0.16534	liquid
85.000	86.000	1182.6	0.00084558	-144.63	-137.36	2.8128	0.96543	1.6582	981.44	-0.034468	0.00024301	0.16400	liquid
86.000	86.000	1178.1	0.00084882	-143.00	-135.70	2.8322	0.96147	1.6587	974.02	-0.034276	0.00023632	0.16266	liquid
87.000	86.000	1173.6	0.00085210	-141.37	-134.04	2.8514	0.95756	1.6593	966.61	-0.034073	0.00022993	0.16131	liquid
88.000	86.000	1169.0	0.00085541	-139.74	-132.38	2.8703	0.95369	1.6600	959.19	-0.033859	0.00022382	0.15997	liquid
89.000	86.000	1164.5	0.00085876	-138.11	-130.72	2.8891	0.94987	1.6609	951.77	-0.033634	0.00021797	0.15862	liquid
90.000	86.000	1159.9	0.00086216	-136.48	-129.06	2.9077	0.94610	1.6619	944.36	-0.033398	0.00021238	0.15728	liquid
91.000	86.000	1155.3	0.00086559	-134.84	-127.40	2.9260	0.94238	1.6630	936.93	-0.033151	0.00020701	0.15593	liquid
92.000	86.000	1150.7	0.00086906	-133.21	-125.74	2.9442	0.93871	1.6643	929.51	-0.032891	0.00020186	0.15458	liquid
93.000	86.000	1146.0	0.00087258	-131.58	-124.07	2.9622	0.93509	1.6657	922.08	-0.032619	0.00019692	0.15323	liquid
94.000	86.000	1141.4	0.00087614	-129.94	-122.40	2.9800	0.93151	1.6673	914.64	-0.032334	0.00019217	0.15188	liquid
95.000	86.000	1136.7	0.00087975	-128.30	-120.74	2.9977	0.92799	1.6690	907.20	-0.032035	0.00018760	0.15053	liquid
96.000	86.000	1132.0	0.00088341	-126.66	-119.07	3.0152	0.92451	1.6709	899.75	-0.031724	0.00018320	0.14918	liquid
97.000	86.000	1127.2	0.00088711	-125.02	-117.39	3.0325	0.92108	1.6730	892.30	-0.031398	0.00017896	0.14782	liquid
98.000	86.000	1122.5	0.00089087	-123.38	-115.72	3.0497	0.91769	1.6751	884.83	-0.031057	0.00017487	0.14647	liquid
99.000	86.000	1117.7	0.00089468	-121.74	-114.04	3.0667	0.91435	1.6775	877.35	-0.030702	0.00017092	0.14511	liquid
100.00	86.000	1112.9	0.00089854	-120.09	-112.37	3.0836	0.91106	1.6800	869.86	-0.030331	0.00016711	0.14375	liquid
101.00	86.000	1108.1	0.00090246	-118.45	-110.68	3.1003	0.90782	1.6827	862.35	-0.029944	0.00016342	0.14239	liquid
102.00	86.000	1103.2	0.00090643	-116.80	-109.00	3.1169	0.90462	1.6856	854.84	-0.029541	0.00015985	0.14103	liquid
103.00	86.000	1098.3	0.00091047	-115.14	-107.31	3.1334	0.90146	1.6886	847.30	-0.029120	0.00015640	0.13967	liquid
104.00	86.000	1093.4	0.00091457	-113.49	-105.62	3.1497	0.89836	1.6918	839.75	-0.028681	0.00015305	0.13831	liquid
105.00	86.000	1088.5	0.00091873	-111.83	-103.93	3.1659	0.89529	1.6952	832.18	-0.028224	0.00014980	0.13695	liquid
106.00	86.000	1083.5	0.00092295	-110.17	-102.23	3.1820	0.89227	1.6988	824.60	-0.027748	0.00014664	0.13559	liquid
107.00	86.000	1078.5	0.00092725	-108.51	-100.53	3.1979	0.88930	1.7026	816.99	-0.027252	0.00014358	0.13422	liquid
108.00	86.000	1073.4	0.00093161	-106.84	-98.827	3.2138	0.88637	1.7066	809.36	-0.026735	0.00014060	0.13286	liquid
109.00	86.000	1068.3	0.00093605	-105.17	-97.118	3.2295	0.88348	1.7108	801.71	-0.026196	0.00013771	0.13150	liquid
110.00	86.000	1063.2	0.00094057	-103.49	-95.405	3.2452	0.88064	1.7152	794.03	-0.025634	0.00013489	0.13014	liquid
111.00	86.000	1058.0	0.00094516	-101.82	-93.688	3.2607	0.87784	1.7198	786.33	-0.025050	0.00013214	0.12878	liquid
112.00	86.000	1052.8	0.00094983	-100.13	-91.966	3.2762	0.87509	1.7247	778.60	-0.024440	0.00012947	0.12742	liquid
113.00	86.000	1047.6	0.00095459	-98.448	-90.238	3.2915	0.87238	1.7298	770.85	-0.023805	0.00012686	0.12605	liquid
114.00	86.000	1042.3	0.00095944	-96.757	-88.506	3.3068	0.86972	1.7352	763.06	-0.023143	0.00012431	0.12469	liquid
115.00	86.000	1036.9	0.00096438	-95.062	-86.768	3.3220	0.86710	1.7408	755.25	-0.022453	0.00012182	0.12333	liquid
116.00	86.000	1031.5	0.00096942	-93.361	-85.024	3.3371	0.86453	1.7467	747.40	-0.021733	0.00011940	0.12197	liquid
117.00	86.000	1026.1	0.00097455	-91.655	-83.274	3.3521	0.86200	1.7529	739.52	-0.020983	0.00011702	0.12061	liquid
118.00	86.000	1020.6	0.00097979	-89.944	-81.518	3.3670	0.85951	1.7594	731.60	-0.020200	0.00011470	0.11925	liquid
119.00	86.000	1015.1	0.00098514	-88.228	-79.755	3.3819	0.85708	1.7662	723.65	-0.019383	0.00011243	0.11789	liquid
120.00	86.000	1009.5	0.00099060	-86.505	-77.986	3.3967	0.85469	1.7734	715.66	-0.018530	0.00011021	0.11653	liquid
121.00	86.000	1003.8	0.00099617	-84.776	-76.208	3.4115	0.85234	1.7808	707.63	-0.017639	0.00010803	0.11516	liquid
122.00	86.000	998.13	0.0010019	-83.040	-74.424	3.4262	0.85005	1.7887	699.55	-0.016708	0.00010589	0.11380	liquid
123.00	86.000	992.36	0.0010077	-81.297	-72.631	3.4408	0.84780	1.7969	691.44	-0.015735	0.00010380	0.11245	liquid
124.00	86.000	986.52	0.0010137	-79.547	-70.830	3.4554	0.84561	1.8056	683.28	-0.014717	0.00010175	0.11109	liquid
125.00	86.000	980.62	0.0010198	-77.790	-69.020	3.4699	0.84346	1.8147	675.07	-0.013652	9.9735e-05	0.10973	liquid
126.00	86.000	974.64	0.0010260	-76.024	-67.200	3.4844	0.84137	1.8242	666.81	-0.012538	9.7758e-05	0.10837	liquid
127.00	86.000	968.59	0.0010324	-74.250	-65.371	3.4989	0.83933	1.8342	658.50	-0.011370	9.5817e-05	0.10702	liquid
128.00	86.000	962.47	0.0010390	-72.467	-63.532	3.5133	0.83735	1.8448	650.13	-0.010146	9.3910e-05	0.10566	liquid
129.00	86.000	956.26	0.0010457	-70.675	-61.681	3.5277	0.83542	1.8559	641.71	-0.0088626	9.2035e-05	0.10431	liquid
130.00	86.000	949.97	0.0010527	-68.872	-59.820	3.5421	0.83355	1.8676	633.24	-0.0075152	9.0191e-05	0.10295	liquid
131.00	86.000	943.60	0.0010598	-67.060	-57.946	3.5564	0.83174	1.8799	624.70	-0.0060998	8.8378e-05	0.10160	liquid
132.00	86.000	937.13	0.0010671	-65.237	-56.060	3.5708	0.82999	1.8930	616.09	-0.0046119	8.6593e-05	0.10025	liquid
133.00	86.000	930.56	0.0010746	-63.402	-54.160	3.5851	0.82831	1.9067	607.43	-0.0030463	8.4836e-05	0.098905	liquid
134.00	86.000	923.89	0.0010824	-61.554	-52.246	3.5995	0.82670	1.9213	598.69	-0.0013975	8.3105e-05	0.097558	liquid
135.00	86.000	917.11	0.0010904	-59.694	-50.317	3.6138	0.82515	1.9367	589.88	0.00034063	8.1400e-05	0.096212	liquid
136.00	86.000	910.22	0.0010986	-57.821	-48.372	3.6282	0.82368	1.9530	580.99	0.0021747	7.9720e-05	0.094868	liquid
137.00	86.000	903.20	0.0011072	-55.932	-46.411	3.6425	0.82229	1.9703	572.02	0.0041122	7.8062e-05	0.093526	liquid
138.00	86.000	896.06	0.0011160	-54.029	-44.431	3.6569	0.82098	1.9887	562.98	0.0061611	7.6427e-05	0.092186	liquid
139.00	86.000	888.79	0.0011251	-52.109	-42.433	3.6713	0.81975	2.0083	553.84	0.0083307	7.4814e-05	0.090847	liquid
140.00	86.000	881.37	0.0011346	-50.172	-40.414	3.6858	0.81861	2.0292	544.62	0.010631	7.3220e-05	0.089510	liquid
141.00	86.000	873.80	0.0011444	-48.216	-38.374	3.7003	0.81757	2.0515	535.30	0.013073	7.1646e-05	0.088174	liquid
142.00	86.000	866.07	0.0011546	-46.241	-36.311	3.7149	0.81663	2.0754	525.88	0.015669	7.0091e-05	0.086840	liquid
143.00	86.000	858.16	0.0011653	-44.244	-34.223	3.7296	0.81580	2.1010	516.36	0.018433	6.8552e-05	0.085507	liquid
144.00	86.000	850.07	0.0011764	-42.225	-32.108	3.7443	0.81508	2.1285	506.74	0.021381	6.7030e-05	0.084176	liquid
145.00	86.000	841.78	0.0011880	-40.181	-29.965	3.7591	0.81449	2.1581	497.00	0.024530	6.5523e-05	0.082846	liquid
146.00	86.000	833.28	0.0012001	-38.112	-27.791	3.7741	0.81403	2.1901	487.15	0.027900	6.4030e-05	0.081517	liquid
147.00	86.000	824.55	0.0012128	-36.014	-25.584	3.7891	0.81371	2.2246	477.18	0.031513	6.2549e-05	0.080190	liquid
148.00	86.000	815.57	0.0012261	-33.886	-23.341	3.8044	0.81355	2.2621	467.08	0.035394	6.1081e-05	0.078862	liquid
149.00	86.000	806.33	0.0012402	-31.724	-21.059	3.8197	0.81355	2.3029	456.86	0.039572	5.9623e-05	0.077535	liquid
150.00	86.000	796.79	0.0012550	-29.527	-18.734	3.8353	0.81374	2.3474	446.51	0.044079	5.8173e-05	0.076208	liquid
151.00	86.000	786.93	0.0012708	-27.291	-16.362	3.8510	0.81411	2.3961	436.03	0.048953	5.6732e-05	0.074880	liquid
152.00	86.000	776.73	0.0012874	-25.012	-13.940	3.8670	0.81470	2.4496	425.41	0.054234	5.5296e-05	0.073551	liquid
153.00	86.000	766.16	0.0013052	-22.686	-11.461	3.8833	0.81552	2.5085	414.67	0.059972	5.3864e-05	0.072220	liquid
154.00	86.000	755.16	0.0013242	-20.309	-8.9208	3.8998	0.81658	2.5737	403.80	0.066223	5.2435e-05	0.070886	liquid
155.00	86.000	743.71	0.0013446	-17.875	-6.3115	3.9167	0.81790	2.6461	392.81	0.073049	5.1007e-05	0.069549	supercritical
156.00	86.000	731.75	0.0013666	-15.378	-3.6258	3.9340	0.81950	2.7268	381.70	0.080524	4.9576e-05	0.068208	supercritical
157.00	86.000	719.24	0.0013904	-12.812	-0.85476	3.9517	0.82139	2.8170	370.50	0.088732	4.8142e-05	0.066860	supercritical
158.00	86.000	706.10	0.0014162	-10.168	2.0118	3.9699	0.82358	2.9181	359.22	0.097768	4.6700e-05	0.065506	supercritical
159.00	86.000	692.27	0.0014445	-7.4373	4.9857	3.9887	0.82609	3.0318	347.88	0.10774	4.5249e-05	0.064143	supercritical
160.00	86.000	677.67	0.0014756	-4.6103	8.0801	4.0081	0.82892	3.1596	336.52	0.11876	4.3786e-05	0.062769	supercritical
161.00	86.000	662.23	0.0015100	-1.6763	11.310	4.0282	0.83205	3.3030	325.18	0.13096	4.2308e-05	0.061382	supercritical
162.00	86.000	645.85	0.0015483	1.3760	14.692	4.0491	0.83546	3.4629	313.94	0.14446	4.0814e-05	0.059980	supercritical
163.00	86.000	628.47	0.0015912	4.5574	18.241	4.0710	0.83912	3.6391	302.87	0.15938	3.9301e-05	0.058559	supercritical
164.00	86.000	610.02	0.0016393	7.8768	21.975	4.0938	0.84293	3.8295	292.08	0.17582	3.7772e-05	0.057114	supercritical
165.00	86.000	590.48	0.0016935	11.339	25.903	4.1177	0.84679	4.0290	281.71	0.19380	3.6230e-05	0.055641	supercritical
166.00	86.000	569.89	0.0017547	14.942	30.033	4.1426	0.85048	4.2281	271.94	0.21329	3.4683e-05	0.054132	supercritical
167.00	86.000	548.39	0.0018235	18.672	34.355	4.1686	0.85373	4.4124	262.96	0.23411	3.3144e-05	0.052583	supercritical
168.00	86.000	526.22	0.0019003	22.503	38.846	4.1954	0.85618	4.5624	254.96	0.25593	3.1635e-05	0.050988	supercritical
169.00	86.000	503.78	0.0019850	26.390	43.461	4.2228	0.85746	4.6558	248.10	0.27819	3.0180e-05	0.049352	supercritical
170.00	86.000	481.53	0.0020767	30.273	48.132	4.2503	0.85728	4.6739	242.50	0.30018	2.8806e-05	0.047687	supercritical
171.00	86.000	460.01	0.0021739	34.086	52.781	4.2776	0.85554	4.6100	238.16	0.32112	2.7541e-05	0.046021	supercritical
172.00	86.000	439.64	0.0022746	37.767	57.328	4.3041	0.85235	4.4738	234.98	0.34038	2.6403e-05	0.044391	supercritical
173.00	86.000	420.74	0.0023768	41.271	61.712	4.3295	0.84802	4.2868	232.81	0.35755	2.5398e-05	0.042835	supercritical
174.00	86.000	403.43	0.0024788	44.576	65.893	4.3536	0.84289	4.0735	231.45	0.37249	2.4522e-05	0.041382	supercritical
175.00	86.000	387.70	0.0025793	47.674	69.857	4.3763	0.83729	3.8538	230.72	0.38525	2.3767e-05	0.040049	supercritical
176.00	86.000	373.45	0.0026777	50.575	73.603	4.3977	0.83148	3.6408	230.47	0.39600	2.3117e-05	0.038839	supercritical
177.00	86.000	360.55	0.0027735	53.291	77.143	4.4178	0.82563	3.4416	230.58	0.40496	2.2558e-05	0.037750	supercritical
178.00	86.000	348.86	0.0028665	55.840	80.492	4.4366	0.81986	3.2592	230.96	0.41235	2.2077e-05	0.036773	supercritical
179.00	86.000	338.21	0.0029567	58.239	83.667	4.4544	0.81423	3.0940	231.55	0.41838	2.1662e-05	0.035896	supercritical
180.00	86.000	328.49	0.0030442	60.505	86.685	4.4712	0.80879	2.9453	232.28	0.42323	2.1303e-05	0.035110	supercritical
181.00	86.000	319.58	0.0031291	62.652	89.563	4.4872	0.80356	2.8118	233.13	0.42706	2.0991e-05	0.034404	supercritical
182.00	86.000	311.38	0.0032115	64.694	92.313	4.5023	0.79854	2.6918	234.07	0.43003	2.0720e-05	0.033769	supercritical
183.00	86.000	303.80	0.0032917	66.642	94.950	4.5168	0.79373	2.5838	235.07	0.43224	2.0483e-05	0.033197	supercritical
184.00	86.000	296.77	0.0033696	68.506	97.485	4.5306	0.78914	2.4865	236.13	0.43381	2.0275e-05	0.032679	supercritical
185.00	86.000	290.23	0.0034456	70.294	99.926	4.5438	0.78474	2.3984	237.22	0.43481	2.0093e-05	0.032210	supercritical
186.00	86.000	284.12	0.0035196	72.015	102.28	4.5565	0.78055	2.3185	238.34	0.43533	1.9934e-05	0.031785	supercritical
187.00	86.000	278.40	0.0035920	73.675	104.57	4.5688	0.77654	2.2459	239.47	0.43542	1.9793e-05	0.031399	supercritical
188.00	86.000	273.02	0.0036627	75.279	106.78	4.5806	0.77271	2.1795	240.63	0.43515	1.9670e-05	0.031046	supercritical
189.00	86.000	267.96	0.0037319	76.832	108.93	4.5920	0.76905	2.1188	241.79	0.43457	1.9562e-05	0.030725	supercritical
190.00	86.000	263.18	0.0037997	78.340	111.02	4.6030	0.76555	2.0631	242.96	0.43370	1.9467e-05	0.030431	supercritical
191.00	86.000	258.66	0.0038661	79.806	113.05	4.6137	0.76221	2.0117	244.13	0.43260	1.9384e-05	0.030163	supercritical
192.00	86.000	254.37	0.0039313	81.233	115.04	4.6241	0.75901	1.9643	245.30	0.43128	1.9311e-05	0.029917	supercritical
193.00	86.000	250.29	0.0039953	82.624	116.98	4.6342	0.75595	1.9205	246.47	0.42978	1.9248e-05	0.029691	supercritical
194.00	86.000	246.41	0.0040582	83.983	118.88	4.6440	0.75302	1.8798	247.63	0.42812	1.9193e-05	0.029485	supercritical
195.00	86.000	242.71	0.0041201	85.311	120.74	4.6535	0.75021	1.8419	248.79	0.42632	1.9146e-05	0.029295	supercritical
196.00	86.000	239.17	0.0041811	86.612	122.57	4.6629	0.74752	1.8066	249.95	0.42440	1.9105e-05	0.029121	supercritical
197.00	86.000	235.79	0.0042411	87.886	124.36	4.6720	0.74494	1.7737	251.10	0.42238	1.9071e-05	0.028961	supercritical
198.00	86.000	232.55	0.0043002	89.135	126.12	4.6809	0.74247	1.7428	252.24	0.42026	1.9043e-05	0.028814	supercritical
199.00	86.000	229.44	0.0043585	90.362	127.84	4.6896	0.74010	1.7139	253.37	0.41806	1.9020e-05	0.028679	supercritical
200.00	86.000	226.45	0.0044160	91.567	129.55	4.6981	0.73782	1.6868	254.50	0.41579	1.9001e-05	0.028555	supercritical
201.00	86.000	223.57	0.0044728	92.753	131.22	4.7065	0.73564	1.6612	255.62	0.41346	1.8987e-05	0.028441	supercritical
202.00	86.000	220.81	0.0045289	93.920	132.87	4.7146	0.73354	1.6371	256.73	0.41109	1.8977e-05	0.028337	supercritical
203.00	86.000	218.14	0.0045843	95.069	134.49	4.7227	0.73153	1.6144	257.83	0.40867	1.8971e-05	0.028242	supercritical
204.00	86.000	215.56	0.0046391	96.201	136.10	4.7305	0.72959	1.5929	258.93	0.40621	1.8968e-05	0.028155	supercritical
205.00	86.000	213.07	0.0046932	97.318	137.68	4.7383	0.72773	1.5725	260.01	0.40372	1.8968e-05	0.028075	supercritical
206.00	86.000	210.67	0.0047468	98.420	139.24	4.7459	0.72594	1.5533	261.09	0.40121	1.8971e-05	0.028003	supercritical
207.00	86.000	208.34	0.0047998	99.508	140.79	4.7534	0.72422	1.5350	262.16	0.39868	1.8977e-05	0.027937	supercritical
208.00	86.000	206.09	0.0048523	100.58	142.31	4.7607	0.72257	1.5176	263.22	0.39613	1.8985e-05	0.027878	supercritical
209.00	86.000	203.90	0.0049043	101.65	143.82	4.7680	0.72097	1.5010	264.27	0.39357	1.8995e-05	0.027824	supercritical
210.00	86.000	201.79	0.0049558	102.70	145.32	4.7751	0.71943	1.4853	265.32	0.39100	1.9008e-05	0.027775	supercritical
211.00	86.000	199.73	0.0050068	103.73	146.79	4.7821	0.71795	1.4703	266.35	0.38842	1.9023e-05	0.027732	supercritical
212.00	86.000	197.73	0.0050574	104.76	148.26	4.7890	0.71653	1.4560	267.38	0.38584	1.9039e-05	0.027694	supercritical
213.00	86.000	195.79	0.0051075	105.78	149.71	4.7958	0.71516	1.4423	268.40	0.38326	1.9058e-05	0.027660	supercritical
214.00	86.000	193.90	0.0051572	106.79	151.14	4.8026	0.71383	1.4292	269.41	0.38069	1.9078e-05	0.027630	supercritical
215.00	86.000	192.07	0.0052066	107.79	152.56	4.8092	0.71255	1.4167	270.41	0.37811	1.9099e-05	0.027604	supercritical
216.00	86.000	190.28	0.0052555	108.78	153.97	4.8158	0.71132	1.4047	271.41	0.37554	1.9122e-05	0.027582	supercritical
217.00	86.000	188.53	0.0053041	109.76	155.37	4.8222	0.71013	1.3932	272.39	0.37298	1.9146e-05	0.027564	supercritical
218.00	86.000	186.84	0.0053523	110.73	156.76	4.8286	0.70898	1.3822	273.37	0.37043	1.9172e-05	0.027549	supercritical
219.00	86.000	185.18	0.0054001	111.70	158.14	4.8349	0.70787	1.3716	274.35	0.36788	1.9199e-05	0.027537	supercritical
220.00	86.000	183.56	0.0054477	112.65	159.50	4.8411	0.70680	1.3614	275.31	0.36535	1.9227e-05	0.027528	supercritical
221.00	86.000	181.99	0.0054949	113.60	160.86	4.8473	0.70577	1.3516	276.27	0.36282	1.9255e-05	0.027522	supercritical
222.00	86.000	180.45	0.0055418	114.55	162.21	4.8534	0.70477	1.3422	277.22	0.36031	1.9285e-05	0.027519	supercritical
223.00	86.000	178.94	0.0055884	115.49	163.55	4.8594	0.70381	1.3332	278.17	0.35782	1.9316e-05	0.027518	supercritical
224.00	86.000	177.47	0.0056347	116.42	164.87	4.8653	0.70287	1.3245	279.10	0.35533	1.9348e-05	0.027520	supercritical
225.00	86.000	176.03	0.0056807	117.34	166.19	4.8712	0.70197	1.3161	280.04	0.35286	1.9381e-05	0.027524	supercritical
226.00	86.000	174.63	0.0057265	118.26	167.51	4.8770	0.70110	1.3080	280.96	0.35041	1.9414e-05	0.027531	supercritical
227.00	86.000	173.25	0.0057720	119.17	168.81	4.8828	0.70026	1.3001	281.88	0.34797	1.9448e-05	0.027539	supercritical
228.00	86.000	171.90	0.0058172	120.08	170.11	4.8885	0.69944	1.2926	282.79	0.34555	1.9483e-05	0.027549	supercritical
229.00	86.000	170.59	0.0058622	120.98	171.40	4.8941	0.69865	1.2853	283.70	0.34314	1.9519e-05	0.027562	supercritical
230.00	86.000	169.29	0.0059069	121.88	172.68	4.8997	0.69789	1.2782	284.60	0.34076	1.9555e-05	0.027576	supercritical
231.00	86.000	168.03	0.0059514	122.77	173.95	4.9052	0.69715	1.2714	285.49	0.33838	1.9592e-05	0.027592	supercritical
232.00	86.000	166.79	0.0059957	123.66	175.22	4.9107	0.69643	1.2648	286.38	0.33603	1.9629e-05	0.027610	supercritical
233.00	86.000	165.57	0.0060397	124.54	176.48	4.9161	0.69574	1.2585	287.26	0.33369	1.9667e-05	0.027629	supercritical
234.00	86.000	164.38	0.0060836	125.42	177.74	4.9215	0.69507	1.2523	288.13	0.33137	1.9706e-05	0.027650	supercritical
235.00	86.000	163.21	0.0061272	126.29	178.99	4.9268	0.69442	1.2463	289.01	0.32907	1.9745e-05	0.027672	supercritical
236.00	86.000	162.06	0.0061706	127.16	180.23	4.9321	0.69380	1.2405	289.87	0.32678	1.9784e-05	0.027696	supercritical
237.00	86.000	160.93	0.0062139	128.03	181.47	4.9373	0.69319	1.2349	290.73	0.32451	1.9824e-05	0.027721	supercritical
238.00	86.000	159.82	0.0062569	128.89	182.70	4.9425	0.69260	1.2294	291.58	0.32226	1.9865e-05	0.027747	supercritical
239.00	86.000	158.74	0.0062997	129.75	183.93	4.9477	0.69203	1.2241	292.43	0.32003	1.9905e-05	0.027775	supercritical
240.00	86.000	157.67	0.0063424	130.60	185.15	4.9528	0.69148	1.2190	293.28	0.31781	1.9947e-05	0.027803	supercritical
241.00	86.000	156.62	0.0063849	131.45	186.36	4.9578	0.69094	1.2140	294.12	0.31562	1.9988e-05	0.027833	supercritical
242.00	86.000	155.59	0.0064272	132.30	187.58	4.9628	0.69043	1.2091	294.95	0.31344	2.0030e-05	0.027864	supercritical
243.00	86.000	154.58	0.0064693	133.15	188.78	4.9678	0.68992	1.2044	295.78	0.31128	2.0072e-05	0.027896	supercritical
244.00	86.000	153.58	0.0065113	133.99	189.98	4.9728	0.68944	1.1999	296.60	0.30913	2.0115e-05	0.027929	supercritical
245.00	86.000	152.60	0.0065531	134.83	191.18	4.9777	0.68897	1.1954	297.42	0.30701	2.0157e-05	0.027964	supercritical
246.00	86.000	151.64	0.0065947	135.66	192.38	4.9825	0.68851	1.1911	298.24	0.30490	2.0200e-05	0.027998	supercritical
247.00	86.000	150.69	0.0066362	136.49	193.56	4.9873	0.68807	1.1869	299.05	0.30280	2.0244e-05	0.028034	supercritical
248.00	86.000	149.76	0.0066776	137.32	194.75	4.9921	0.68765	1.1828	299.85	0.30073	2.0287e-05	0.028071	supercritical
249.00	86.000	148.84	0.0067188	138.15	195.93	4.9969	0.68723	1.1788	300.66	0.29867	2.0331e-05	0.028109	supercritical
250.00	86.000	147.93	0.0067598	138.97	197.11	5.0016	0.68683	1.1749	301.45	0.29663	2.0375e-05	0.028147	supercritical
251.00	86.000	147.04	0.0068007	139.79	198.28	5.0063	0.68645	1.1711	302.24	0.29461	2.0420e-05	0.028186	supercritical
252.00	86.000	146.17	0.0068415	140.61	199.45	5.0109	0.68607	1.1674	303.03	0.29260	2.0464e-05	0.028226	supercritical
253.00	86.000	145.30	0.0068821	141.43	200.62	5.0155	0.68571	1.1639	303.82	0.29061	2.0509e-05	0.028267	supercritical
254.00	86.000	144.45	0.0069226	142.24	201.78	5.0201	0.68536	1.1604	304.60	0.28864	2.0554e-05	0.028308	supercritical
255.00	86.000	143.62	0.0069630	143.05	202.94	5.0247	0.68502	1.1569	305.37	0.28668	2.0599e-05	0.028350	supercritical
256.00	86.000	142.79	0.0070033	143.86	204.09	5.0292	0.68469	1.1536	306.14	0.28474	2.0644e-05	0.028393	supercritical
257.00	86.000	141.98	0.0070434	144.67	205.24	5.0337	0.68437	1.1504	306.91	0.28281	2.0690e-05	0.028436	supercritical
258.00	86.000	141.18	0.0070834	145.47	206.39	5.0382	0.68406	1.1472	307.68	0.28090	2.0735e-05	0.028480	supercritical
259.00	86.000	140.38	0.0071233	146.28	207.54	5.0426	0.68377	1.1441	308.44	0.27901	2.0781e-05	0.028525	supercritical
260.00	86.000	139.61	0.0071631	147.08	208.68	5.0470	0.68348	1.1411	309.19	0.27713	2.0827e-05	0.028570	supercritical
261.00	86.000	138.84	0.0072027	147.88	209.82	5.0514	0.68320	1.1382	309.95	0.27527	2.0873e-05	0.028615	supercritical
262.00	86.000	138.08	0.0072423	148.67	210.96	5.0557	0.68294	1.1353	310.70	0.27342	2.0919e-05	0.028661	supercritical
263.00	86.000	137.33	0.0072817	149.47	212.09	5.0600	0.68268	1.1325	311.44	0.27159	2.0966e-05	0.028708	supercritical
264.00	86.000	136.59	0.0073210	150.26	213.22	5.0643	0.68243	1.1297	312.18	0.26978	2.1012e-05	0.028755	supercritical
265.00	86.000	135.87	0.0073602	151.05	214.35	5.0686	0.68219	1.1271	312.92	0.26797	2.1059e-05	0.028803	supercritical
266.00	86.000	135.15	0.0073994	151.84	215.48	5.0728	0.68196	1.1244	313.66	0.26619	2.1105e-05	0.028851	supercritical
267.00	86.000	134.44	0.0074384	152.63	216.60	5.0770	0.68173	1.1219	314.39	0.26442	2.1152e-05	0.028900	supercritical
268.00	86.000	133.74	0.0074773	153.41	217.72	5.0812	0.68152	1.1194	315.12	0.26266	2.1199e-05	0.028949	supercritical
269.00	86.000	133.05	0.0075161	154.20	218.84	5.0854	0.68131	1.1169	315.84	0.26091	2.1246e-05	0.028998	supercritical
270.00	86.000	132.37	0.0075549	154.98	219.95	5.0895	0.68111	1.1145	316.56	0.25919	2.1293e-05	0.029048	supercritical
271.00	86.000	131.69	0.0075935	155.76	221.07	5.0937	0.68092	1.1122	317.28	0.25747	2.1340e-05	0.029098	supercritical
272.00	86.000	131.03	0.0076320	156.54	222.18	5.0978	0.68074	1.1099	317.99	0.25577	2.1388e-05	0.029149	supercritical
273.00	86.000	130.37	0.0076705	157.32	223.29	5.1018	0.68056	1.1077	318.71	0.25408	2.1435e-05	0.029199	supercritical
274.00	86.000	129.72	0.0077088	158.10	224.39	5.1059	0.68039	1.1055	319.42	0.25241	2.1482e-05	0.029251	supercritical
275.00	86.000	129.08	0.0077471	158.87	225.50	5.1099	0.68023	1.1034	320.12	0.25075	2.1530e-05	0.029302	supercritical
276.00	86.000	128.45	0.0077853	159.65	226.60	5.1139	0.68007	1.1013	320.82	0.24910	2.1577e-05	0.029355	supercritical
277.00	86.000	127.82	0.0078234	160.42	227.70	5.1179	0.67992	1.0992	321.52	0.24747	2.1625e-05	0.029407	supercritical
278.00	86.000	127.20	0.0078614	161.19	228.80	5.1218	0.67978	1.0972	322.22	0.24585	2.1672e-05	0.029459	supercritical
279.00	86.000	126.59	0.0078994	161.96	229.89	5.1258	0.67965	1.0952	322.91	0.24424	2.1720e-05	0.029512	supercritical
280.00	86.000	125.99	0.0079372	162.73	230.99	5.1297	0.67952	1.0933	323.60	0.24264	2.1768e-05	0.029566	supercritical
281.00	86.000	125.39	0.0079750	163.50	232.08	5.1336	0.67939	1.0914	324.29	0.24106	2.1816e-05	0.029619	supercritical
282.00	86.000	124.80	0.0080127	164.26	233.17	5.1374	0.67928	1.0896	324.98	0.23949	2.1863e-05	0.029673	supercritical
283.00	86.000	124.22	0.0080504	165.03	234.26	5.1413	0.67917	1.0878	325.66	0.23793	2.1911e-05	0.029727	supercritical
284.00	86.000	123.64	0.0080879	165.79	235.35	5.1451	0.67906	1.0860	326.34	0.23639	2.1959e-05	0.029782	supercritical
285.00	86.000	123.07	0.0081254	166.55	236.43	5.1489	0.67896	1.0843	327.01	0.23485	2.2007e-05	0.029836	supercritical
286.00	86.000	122.51	0.0081628	167.32	237.52	5.1527	0.67887	1.0826	327.69	0.23333	2.2055e-05	0.029891	supercritical
287.00	86.000	121.95	0.0082001	168.08	238.60	5.1565	0.67878	1.0809	328.36	0.23182	2.2103e-05	0.029946	supercritical
288.00	86.000	121.40	0.0082374	168.84	239.68	5.1603	0.67870	1.0793	329.03	0.23032	2.2151e-05	0.030001	supercritical
289.00	86.000	120.85	0.0082746	169.59	240.76	5.1640	0.67862	1.0777	329.69	0.22884	2.2199e-05	0.030057	supercritical
290.00	86.000	120.31	0.0083117	170.35	241.83	5.1677	0.67855	1.0761	330.36	0.22736	2.2247e-05	0.030113	supercritical
291.00	86.000	119.78	0.0083488	171.11	242.91	5.1714	0.67848	1.0746	331.02	0.22590	2.2296e-05	0.030169	supercritical
292.00	86.000	119.25	0.0083858	171.86	243.98	5.1751	0.67842	1.0731	331.67	0.22444	2.2344e-05	0.030225	supercritical
293.00	86.000	118.73	0.0084227	172.62	245.05	5.1788	0.67836	1.0716	332.33	0.22300	2.2392e-05	0.030281	supercritical
294.00	86.000	118.21	0.0084596	173.37	246.13	5.1824	0.67831	1.0701	332.98	0.22157	2.2440e-05	0.030338	supercritical
295.00	86.000	117.70	0.0084964	174.13	247.19	5.1861	0.67826	1.0687	333.63	0.22015	2.2488e-05	0.030394	supercritical
296.00	86.000	117.19	0.0085332	174.88	248.26	5.1897	0.67822	1.0673	334.28	0.21874	2.2536e-05	0.030451	supercritical
297.00	86.000	116.69	0.0085698	175.63	249.33	5.1933	0.67818	1.0660	334.93	0.21734	2.2585e-05	0.030508	supercritical
298.00	86.000	116.19	0.0086065	176.38	250.39	5.1969	0.67815	1.0646	335.57	0.21596	2.2633e-05	0.030565	supercritical
299.00	86.000	115.70	0.0086430	177.13	251.46	5.2004	0.67812	1.0633	336.21	0.21458	2.2681e-05	0.030622	supercritical
300.00	86.000	115.21	0.0086795	177.88	252.52	5.2040	0.67810	1.0620	336.85	0.21321	2.2729e-05	0.030680	supercritical
301.00	86.000	114.73	0.0087160	178.63	253.58	5.2075	0.67808	1.0608	337.49	0.21185	2.2778e-05	0.030737	supercritical
302.00	86.000	114.25	0.0087524	179.37	254.64	5.2110	0.67807	1.0595	338.12	0.21051	2.2826e-05	0.030795	supercritical
303.00	86.000	113.78	0.0087887	180.12	255.70	5.2145	0.67806	1.0583	338.75	0.20917	2.2874e-05	0.030852	supercritical
304.00	86.000	113.31	0.0088250	180.86	256.76	5.2180	0.67805	1.0571	339.38	0.20784	2.2922e-05	0.030910	supercritical
305.00	86.000	112.85	0.0088612	181.61	257.82	5.2215	0.67805	1.0560	340.01	0.20652	2.2971e-05	0.030967	supercritical
306.00	86.000	112.39	0.0088974	182.35	258.87	5.2249	0.67805	1.0548	340.63	0.20522	2.3019e-05	0.031025	supercritical
307.00	86.000	111.94	0.0089335	183.10	259.93	5.2284	0.67805	1.0537	341.26	0.20392	2.3067e-05	0.031082	supercritical
308.00	86.000	111.49	0.0089696	183.84	260.98	5.2318	0.67806	1.0526	341.88	0.20263	2.3115e-05	0.031139	supercritical
309.00	86.000	111.04	0.0090056	184.58	262.03	5.2352	0.67808	1.0515	342.50	0.20135	2.3164e-05	0.031192	supercritical
310.00	86.000	110.60	0.0090416	185.32	263.08	5.2386	0.67809	1.0505	343.11	0.20008	2.3212e-05	0.031249	supercritical
311.00	86.000	110.16	0.0090775	186.06	264.13	5.2420	0.67812	1.0494	343.73	0.19882	2.3260e-05	0.031310	supercritical
312.00	86.000	109.73	0.0091134	186.81	265.18	5.2453	0.67814	1.0484	344.34	0.19757	2.3308e-05	0.031372	supercritical
313.00	86.000	109.30	0.0091492	187.55	266.23	5.2487	0.67817	1.0474	344.95	0.19632	2.3357e-05	0.031433	supercritical
314.00	86.000	108.87	0.0091850	188.28	267.28	5.2520	0.67820	1.0464	345.56	0.19509	2.3405e-05	0.031494	supercritical
315.00	86.000	108.45	0.0092207	189.02	268.32	5.2554	0.67824	1.0454	346.16	0.19386	2.3453e-05	0.031555	supercritical
316.00	86.000	108.03	0.0092564	189.76	269.37	5.2587	0.67828	1.0445	346.77	0.19264	2.3501e-05	0.031617	supercritical
317.00	86.000	107.62	0.0092921	190.50	270.41	5.2620	0.67832	1.0436	347.37	0.19144	2.3549e-05	0.031678	supercritical
318.00	86.000	107.21	0.0093276	191.24	271.45	5.2653	0.67837	1.0427	347.97	0.19024	2.3597e-05	0.031740	supercritical
319.00	86.000	106.80	0.0093632	191.97	272.50	5.2685	0.67842	1.0418	348.57	0.18904	2.3646e-05	0.031802	supercritical
320.00	86.000	106.40	0.0093987	192.71	273.54	5.2718	0.67847	1.0409	349.17	0.18786	2.3694e-05	0.031863	supercritical
321.00	86.000	106.00	0.0094342	193.44	274.58	5.2750	0.67853	1.0400	349.76	0.18669	2.3742e-05	0.031925	supercritical
322.00	86.000	105.60	0.0094696	194.18	275.62	5.2783	0.67859	1.0392	350.35	0.18552	2.3790e-05	0.031987	supercritical
323.00	86.000	105.21	0.0095050	194.91	276.66	5.2815	0.67865	1.0384	350.94	0.18436	2.3838e-05	0.032049	supercritical
324.00	86.000	104.82	0.0095403	195.65	277.69	5.2847	0.67872	1.0375	351.53	0.18321	2.3886e-05	0.032111	supercritical
325.00	86.000	104.43	0.0095756	196.38	278.73	5.2879	0.67879	1.0367	352.12	0.18207	2.3934e-05	0.032174	supercritical
326.00	86.000	104.05	0.0096108	197.11	279.77	5.2911	0.67886	1.0360	352.71	0.18093	2.3982e-05	0.032236	supercritical
327.00	86.000	103.67	0.0096460	197.85	280.80	5.2943	0.67893	1.0352	353.29	0.17981	2.4030e-05	0.032298	supercritical
328.00	86.000	103.29	0.0096812	198.58	281.84	5.2974	0.67901	1.0344	353.87	0.17869	2.4078e-05	0.032361	supercritical
329.00	86.000	102.92	0.0097163	199.31	282.87	5.3006	0.67910	1.0337	354.45	0.17757	2.4126e-05	0.032423	supercritical
330.00	86.000	102.55	0.0097514	200.04	283.91	5.3037	0.67918	1.0330	355.03	0.17647	2.4174e-05	0.032486	supercritical
331.00	86.000	102.18	0.0097865	200.77	284.94	5.3068	0.67927	1.0323	355.61	0.17537	2.4222e-05	0.032548	supercritical
332.00	86.000	101.82	0.0098215	201.50	285.97	5.3099	0.67936	1.0316	356.18	0.17428	2.4270e-05	0.032611	supercritical
333.00	86.000	101.46	0.0098565	202.24	287.00	5.3130	0.67945	1.0309	356.75	0.17320	2.4318e-05	0.032673	supercritical
334.00	86.000	101.10	0.0098914	202.97	288.03	5.3161	0.67955	1.0302	357.32	0.17213	2.4365e-05	0.032736	supercritical
335.00	86.000	100.74	0.0099263	203.69	289.06	5.3192	0.67965	1.0296	357.89	0.17106	2.4413e-05	0.032799	supercritical
336.00	86.000	100.39	0.0099612	204.42	290.09	5.3223	0.67975	1.0289	358.46	0.17000	2.4461e-05	0.032862	supercritical
337.00	86.000	100.04	0.0099960	205.15	291.12	5.3253	0.67985	1.0283	359.03	0.16895	2.4509e-05	0.032925	supercritical
338.00	86.000	99.693	0.010031	205.88	292.15	5.3284	0.67996	1.0277	359.59	0.16790	2.4557e-05	0.032988	supercritical
339.00	86.000	99.348	0.010066	206.61	293.17	5.3314	0.68007	1.0271	360.16	0.16686	2.4604e-05	0.033051	supercritical
340.00	86.000	99.007	0.010100	207.34	294.20	5.3344	0.68018	1.0265	360.72	0.16583	2.4652e-05	0.033114	supercritical
341.00	86.000	98.668	0.010135	208.07	295.23	5.3375	0.68030	1.0259	361.28	0.16480	2.4700e-05	0.033177	supercritical
342.00	86.000	98.331	0.010170	208.79	296.25	5.3405	0.68042	1.0253	361.83	0.16378	2.4747e-05	0.033240	supercritical
343.00	86.000	97.998	0.010204	209.52	297.28	5.3434	0.68054	1.0247	362.39	0.16277	2.4795e-05	0.033303	supercritical
344.00	86.000	97.667	0.010239	210.25	298.30	5.3464	0.68066	1.0242	362.95	0.16177	2.4843e-05	0.033367	supercritical
345.00	86.000	97.338	0.010273	210.97	299.33	5.3494	0.68079	1.0236	363.50	0.16077	2.4890e-05	0.033430	supercritical
346.00	86.000	97.012	0.010308	211.70	300.35	5.3524	0.68091	1.0231	364.05	0.15977	2.4938e-05	0.033493	supercritical
347.00	86.000	96.688	0.010343	212.43	301.37	5.3553	0.68105	1.0226	364.60	0.15879	2.4985e-05	0.033557	supercritical
348.00	86.000	96.367	0.010377	213.15	302.39	5.3583	0.68118	1.0221	365.15	0.15781	2.5033e-05	0.033620	supercritical
349.00	86.000	96.048	0.010411	213.88	303.42	5.3612	0.68131	1.0216	365.70	0.15683	2.5080e-05	0.033683	supercritical
350.00	86.000	95.732	0.010446	214.60	304.44	5.3641	0.68145	1.0211	366.24	0.15587	2.5127e-05	0.033747	supercritical
351.00	86.000	95.418	0.010480	215.33	305.46	5.3670	0.68159	1.0206	366.79	0.15491	2.5175e-05	0.033810	supercritical
352.00	86.000	95.106	0.010515	216.05	306.48	5.3699	0.68173	1.0201	367.33	0.15395	2.5222e-05	0.033874	supercritical
353.00	86.000	94.797	0.010549	216.78	307.50	5.3728	0.68188	1.0197	367.87	0.15300	2.5269e-05	0.033937	supercritical
354.00	86.000	94.490	0.010583	217.50	308.52	5.3757	0.68202	1.0192	368.41	0.15206	2.5317e-05	0.034001	supercritical
355.00	86.000	94.185	0.010617	218.23	309.54	5.3786	0.68217	1.0188	368.95	0.15112	2.5364e-05	0.034065	supercritical
356.00	86.000	93.882	0.010652	218.95	310.56	5.3814	0.68232	1.0184	369.49	0.15019	2.5411e-05	0.034128	supercritical
357.00	86.000	93.582	0.010686	219.68	311.57	5.3843	0.68248	1.0179	370.02	0.14927	2.5458e-05	0.034192	supercritical
358.00	86.000	93.283	0.010720	220.40	312.59	5.3871	0.68263	1.0175	370.56	0.14835	2.5506e-05	0.034256	supercritical
359.00	86.000	92.987	0.010754	221.12	313.61	5.3900	0.68279	1.0171	371.09	0.14743	2.5553e-05	0.034319	supercritical
360.00	86.000	92.693	0.010788	221.85	314.63	5.3928	0.68295	1.0167	371.62	0.14653	2.5600e-05	0.034383	supercritical
361.00	86.000	92.401	0.010822	222.57	315.64	5.3956	0.68311	1.0163	372.15	0.14562	2.5647e-05	0.034447	supercritical
362.00	86.000	92.111	0.010856	223.29	316.66	5.3984	0.68328	1.0160	372.68	0.14473	2.5694e-05	0.034511	supercritical
363.00	86.000	91.823	0.010890	224.02	317.67	5.4012	0.68344	1.0156	373.21	0.14384	2.5741e-05	0.034575	supercritical
364.00	86.000	91.537	0.010925	224.74	318.69	5.4040	0.68361	1.0152	373.74	0.14295	2.5788e-05	0.034639	supercritical
365.00	86.000	91.253	0.010958	225.46	319.71	5.4068	0.68378	1.0149	374.26	0.14207	2.5835e-05	0.034702	supercritical
366.00	86.000	90.972	0.010992	226.18	320.72	5.4096	0.68395	1.0145	374.78	0.14120	2.5882e-05	0.034766	supercritical
367.00	86.000	90.692	0.011026	226.91	321.73	5.4124	0.68413	1.0142	375.31	0.14033	2.5929e-05	0.034830	supercritical
368.00	86.000	90.413	0.011060	227.63	322.75	5.4151	0.68430	1.0138	375.83	0.13947	2.5975e-05	0.034894	supercritical
369.00	86.000	90.137	0.011094	228.35	323.76	5.4179	0.68448	1.0135	376.35	0.13861	2.6022e-05	0.034958	supercritical
370.00	86.000	89.863	0.011128	229.07	324.78	5.4206	0.68466	1.0132	376.86	0.13775	2.6069e-05	0.035022	supercritical
371.00	86.000	89.591	0.011162	229.80	325.79	5.4234	0.68484	1.0129	377.38	0.13691	2.6116e-05	0.035086	supercritical
372.00	86.000	89.320	0.011196	230.52	326.80	5.4261	0.68502	1.0126	377.90	0.13606	2.6162e-05	0.035150	supercritical
373.00	86.000	89.051	0.011229	231.24	327.81	5.4288	0.68521	1.0123	378.41	0.13523	2.6209e-05	0.035214	supercritical
374.00	86.000	88.784	0.011263	231.96	328.83	5.4315	0.68540	1.0120	378.93	0.13439	2.6256e-05	0.035278	supercritical
375.00	86.000	88.519	0.011297	232.68	329.84	5.4342	0.68558	1.0117	379.44	0.13357	2.6302e-05	0.035342	supercritical
376.00	86.000	88.256	0.011331	233.41	330.85	5.4369	0.68578	1.0114	379.95	0.13274	2.6349e-05	0.035406	supercritical
377.00	86.000	87.994	0.011364	234.13	331.86	5.4396	0.68597	1.0112	380.46	0.13193	2.6395e-05	0.035471	supercritical
378.00	86.000	87.734	0.011398	234.85	332.87	5.4423	0.68616	1.0109	380.97	0.13111	2.6442e-05	0.035535	supercritical
379.00	86.000	87.476	0.011432	235.57	333.88	5.4449	0.68636	1.0107	381.47	0.13031	2.6488e-05	0.035599	supercritical
380.00	86.000	87.219	0.011465	236.29	334.89	5.4476	0.68655	1.0104	381.98	0.12950	2.6535e-05	0.035663	supercritical
381.00	86.000	86.965	0.011499	237.01	335.90	5.4503	0.68675	1.0102	382.48	0.12871	2.6581e-05	0.035727	supercritical
382.00	86.000	86.711	0.011533	237.73	336.91	5.4529	0.68695	1.0099	382.99	0.12791	2.6627e-05	0.035791	supercritical
383.00	86.000	86.460	0.011566	238.45	337.92	5.4555	0.68716	1.0097	383.49	0.12712	2.6674e-05	0.035855	supercritical
384.00	86.000	86.210	0.011600	239.18	338.93	5.4582	0.68736	1.0095	383.99	0.12634	2.6720e-05	0.035919	supercritical
385.00	86.000	85.961	0.011633	239.90	339.94	5.4608	0.68757	1.0093	384.49	0.12556	2.6766e-05	0.035984	supercritical
386.00	86.000	85.714	0.011667	240.62	340.95	5.4634	0.68777	1.0090	384.99	0.12479	2.6812e-05	0.036048	supercritical
387.00	86.000	85.469	0.011700	241.34	341.96	5.4660	0.68798	1.0088	385.49	0.12402	2.6859e-05	0.036112	supercritical
388.00	86.000	85.226	0.011734	242.06	342.97	5.4686	0.68819	1.0086	385.99	0.12325	2.6905e-05	0.036176	supercritical
389.00	86.000	84.983	0.011767	242.78	343.98	5.4712	0.68840	1.0084	386.48	0.12249	2.6951e-05	0.036240	supercritical
390.00	86.000	84.743	0.011800	243.50	344.99	5.4738	0.68862	1.0083	386.98	0.12173	2.6997e-05	0.036305	supercritical
391.00	86.000	84.504	0.011834	244.22	345.99	5.4764	0.68883	1.0081	387.47	0.12098	2.7043e-05	0.036369	supercritical
392.00	86.000	84.266	0.011867	244.94	347.00	5.4790	0.68905	1.0079	387.96	0.12023	2.7089e-05	0.036433	supercritical
393.00	86.000	84.030	0.011901	245.66	348.01	5.4815	0.68926	1.0077	388.45	0.11949	2.7135e-05	0.036497	supercritical
394.00	86.000	83.795	0.011934	246.39	349.02	5.4841	0.68948	1.0075	388.94	0.11875	2.7181e-05	0.036561	supercritical
395.00	86.000	83.562	0.011967	247.11	350.02	5.4867	0.68970	1.0074	389.43	0.11802	2.7227e-05	0.036626	supercritical
396.00	86.000	83.330	0.012000	247.83	351.03	5.4892	0.68992	1.0072	389.92	0.11729	2.7273e-05	0.036690	supercritical
397.00	86.000	83.099	0.012034	248.55	352.04	5.4917	0.69015	1.0071	390.41	0.11656	2.7318e-05	0.036754	supercritical
398.00	86.000	82.870	0.012067	249.27	353.05	5.4943	0.69037	1.0069	390.89	0.11584	2.7364e-05	0.036818	supercritical
399.00	86.000	82.643	0.012100	249.99	354.05	5.4968	0.69060	1.0068	391.38	0.11512	2.7410e-05	0.036883	supercritical
400.00	86.000	82.416	0.012133	250.71	355.06	5.4993	0.69082	1.0067	391.86	0.11440	2.7456e-05	0.036947	supercritical
401.00	86.000	82.192	0.012167	251.43	356.07	5.5018	0.69105	1.0065	392.34	0.11370	2.7501e-05	0.037011	supercritical
402.00	86.000	81.968	0.012200	252.15	357.07	5.5043	0.69128	1.0064	392.82	0.11299	2.7547e-05	0.037075	supercritical
403.00	86.000	81.746	0.012233	252.87	358.08	5.5068	0.69151	1.0063	393.31	0.11229	2.7592e-05	0.037139	supercritical
404.00	86.000	81.525	0.012266	253.60	359.09	5.5093	0.69175	1.0062	393.79	0.11159	2.7638e-05	0.037204	supercritical
405.00	86.000	81.305	0.012299	254.32	360.09	5.5118	0.69198	1.0060	394.26	0.11090	2.7684e-05	0.037268	supercritical
406.00	86.000	81.087	0.012332	255.04	361.10	5.5143	0.69221	1.0059	394.74	0.11021	2.7729e-05	0.037332	supercritical
407.00	86.000	80.870	0.012366	255.76	362.10	5.5168	0.69245	1.0058	395.22	0.10952	2.7774e-05	0.037396	supercritical
408.00	86.000	80.654	0.012399	256.48	363.11	5.5192	0.69269	1.0057	395.69	0.10884	2.7820e-05	0.037461	supercritical
409.00	86.000	80.440	0.012432	257.20	364.11	5.5217	0.69292	1.0056	396.17	0.10816	2.7865e-05	0.037525	supercritical
410.00	86.000	80.226	0.012465	257.92	365.12	5.5242	0.69316	1.0055	396.64	0.10749	2.7911e-05	0.037589	supercritical
411.00	86.000	80.014	0.012498	258.64	366.13	5.5266	0.69340	1.0055	397.12	0.10682	2.7956e-05	0.037653	supercritical
412.00	86.000	79.804	0.012531	259.37	367.13	5.5291	0.69365	1.0054	397.59	0.10615	2.8001e-05	0.037718	supercritical
413.00	86.000	79.594	0.012564	260.09	368.14	5.5315	0.69389	1.0053	398.06	0.10549	2.8046e-05	0.037782	supercritical
414.00	86.000	79.386	0.012597	260.81	369.14	5.5339	0.69413	1.0052	398.53	0.10483	2.8092e-05	0.037846	supercritical
415.00	86.000	79.178	0.012630	261.53	370.15	5.5364	0.69438	1.0051	399.00	0.10417	2.8137e-05	0.037910	supercritical
416.00	86.000	78.972	0.012663	262.25	371.15	5.5388	0.69462	1.0051	399.46	0.10352	2.8182e-05	0.037974	supercritical
417.00	86.000	78.767	0.012696	262.97	372.16	5.5412	0.69487	1.0050	399.93	0.10287	2.8227e-05	0.038039	supercritical
418.00	86.000	78.564	0.012729	263.70	373.16	5.5436	0.69512	1.0050	400.40	0.10223	2.8272e-05	0.038103	supercritical
419.00	86.000	78.361	0.012761	264.42	374.17	5.5460	0.69537	1.0049	400.86	0.10159	2.8317e-05	0.038167	supercritical
420.00	86.000	78.160	0.012794	265.14	375.17	5.5484	0.69562	1.0049	401.33	0.10095	2.8362e-05	0.038231	supercritical
421.00	86.000	77.960	0.012827	265.86	376.18	5.5508	0.69587	1.0048	401.79	0.10031	2.8407e-05	0.038295	supercritical
422.00	86.000	77.760	0.012860	266.59	377.18	5.5532	0.69612	1.0048	402.25	0.099684	2.8452e-05	0.038359	supercritical
423.00	86.000	77.562	0.012893	267.31	378.19	5.5555	0.69638	1.0047	402.72	0.099057	2.8497e-05	0.038424	supercritical
424.00	86.000	77.365	0.012926	268.03	379.19	5.5579	0.69663	1.0047	403.18	0.098434	2.8542e-05	0.038488	supercritical
425.00	86.000	77.169	0.012959	268.75	380.20	5.5603	0.69688	1.0047	403.64	0.097813	2.8586e-05	0.038552	supercritical
426.00	86.000	76.975	0.012991	269.48	381.20	5.5626	0.69714	1.0046	404.10	0.097197	2.8631e-05	0.038616	supercritical
427.00	86.000	76.781	0.013024	270.20	382.20	5.5650	0.69740	1.0046	404.55	0.096583	2.8676e-05	0.038680	supercritical
428.00	86.000	76.588	0.013057	270.92	383.21	5.5673	0.69765	1.0046	405.01	0.095973	2.8720e-05	0.038744	supercritical
429.00	86.000	76.397	0.013090	271.64	384.21	5.5697	0.69791	1.0046	405.47	0.095366	2.8765e-05	0.038808	supercritical
430.00	86.000	76.206	0.013122	272.37	385.22	5.5720	0.69817	1.0045	405.92	0.094763	2.8810e-05	0.038873	supercritical
431.00	86.000	76.016	0.013155	273.09	386.22	5.5744	0.69843	1.0045	406.38	0.094163	2.8854e-05	0.038937	supercritical
432.00	86.000	75.828	0.013188	273.81	387.23	5.5767	0.69870	1.0045	406.83	0.093566	2.8899e-05	0.039001	supercritical
433.00	86.000	75.640	0.013220	274.54	388.23	5.5790	0.69896	1.0045	407.28	0.092972	2.8943e-05	0.039065	supercritical
434.00	86.000	75.454	0.013253	275.26	389.24	5.5813	0.69922	1.0045	407.74	0.092382	2.8988e-05	0.039129	supercritical
435.00	86.000	75.268	0.013286	275.98	390.24	5.5836	0.69948	1.0045	408.19	0.091794	2.9032e-05	0.039193	supercritical
436.00	86.000	75.084	0.013318	276.71	391.25	5.5859	0.69975	1.0045	408.64	0.091210	2.9077e-05	0.039257	supercritical
437.00	86.000	74.900	0.013351	277.43	392.25	5.5883	0.70001	1.0045	409.09	0.090629	2.9121e-05	0.039321	supercritical
438.00	86.000	74.718	0.013384	278.15	393.25	5.5905	0.70028	1.0045	409.54	0.090052	2.9165e-05	0.039385	supercritical
439.00	86.000	74.536	0.013416	278.88	394.26	5.5928	0.70055	1.0045	409.98	0.089477	2.9210e-05	0.039449	supercritical
440.00	86.000	74.355	0.013449	279.60	395.26	5.5951	0.70082	1.0046	410.43	0.088905	2.9254e-05	0.039513	supercritical
441.00	86.000	74.175	0.013482	280.33	396.27	5.5974	0.70108	1.0046	410.88	0.088336	2.9298e-05	0.039577	supercritical
442.00	86.000	73.997	0.013514	281.05	397.27	5.5997	0.70135	1.0046	411.32	0.087771	2.9342e-05	0.039641	supercritical
443.00	86.000	73.819	0.013547	281.78	398.28	5.6019	0.70162	1.0046	411.77	0.087208	2.9386e-05	0.039705	supercritical
444.00	86.000	73.642	0.013579	282.50	399.28	5.6042	0.70189	1.0046	412.21	0.086649	2.9431e-05	0.039769	supercritical
445.00	86.000	73.466	0.013612	283.23	400.29	5.6065	0.70216	1.0047	412.66	0.086092	2.9475e-05	0.039833	supercritical
446.00	86.000	73.291	0.013644	283.95	401.29	5.6087	0.70244	1.0047	413.10	0.085538	2.9519e-05	0.039897	supercritical
447.00	86.000	73.116	0.013677	284.68	402.30	5.6110	0.70271	1.0047	413.54	0.084988	2.9563e-05	0.039961	supercritical
448.00	86.000	72.943	0.013709	285.40	403.30	5.6132	0.70298	1.0048	413.98	0.084440	2.9607e-05	0.040025	supercritical
449.00	86.000	72.771	0.013742	286.13	404.31	5.6155	0.70326	1.0048	414.42	0.083895	2.9651e-05	0.040089	supercritical
450.00	86.000	72.599	0.013774	286.85	405.31	5.6177	0.70353	1.0049	414.86	0.083353	2.9695e-05	0.040153	supercritical
451.00	86.000	72.428	0.013807	287.58	406.32	5.6199	0.70381	1.0049	415.30	0.082813	2.9738e-05	0.040217	supercritical
452.00	86.000	72.259	0.013839	288.30	407.32	5.6222	0.70408	1.0050	415.74	0.082277	2.9782e-05	0.040281	supercritical
453.00	86.000	72.090	0.013872	289.03	408.33	5.6244	0.70436	1.0050	416.17	0.081743	2.9826e-05	0.040344	supercritical
454.00	86.000	71.921	0.013904	289.76	409.33	5.6266	0.70464	1.0051	416.61	0.081213	2.9870e-05	0.040408	supercritical
455.00	86.000	71.754	0.013936	290.48	410.34	5.6288	0.70491	1.0051	417.05	0.080685	2.9913e-05	0.040472	supercritical
456.00	86.000	71.588	0.013969	291.21	411.34	5.6310	0.70519	1.0052	417.48	0.080159	2.9957e-05	0.040536	supercritical
457.00	86.000	71.422	0.014001	291.93	412.35	5.6332	0.70547	1.0052	417.92	0.079637	3.0001e-05	0.040600	supercritical
458.00	86.000	71.257	0.014034	292.66	413.35	5.6354	0.70575	1.0053	418.35	0.079117	3.0044e-05	0.040664	supercritical
459.00	86.000	71.093	0.014066	293.39	414.36	5.6376	0.70603	1.0054	418.78	0.078600	3.0088e-05	0.040727	supercritical
460.00	86.000	70.930	0.014098	294.12	415.36	5.6398	0.70631	1.0054	419.21	0.078085	3.0132e-05	0.040791	supercritical
461.00	86.000	70.768	0.014131	294.84	416.37	5.6420	0.70659	1.0055	419.65	0.077573	3.0175e-05	0.040855	supercritical
462.00	86.000	70.606	0.014163	295.57	417.37	5.6442	0.70687	1.0056	420.08	0.077064	3.0219e-05	0.040919	supercritical
463.00	86.000	70.445	0.014195	296.30	418.38	5.6463	0.70715	1.0056	420.51	0.076558	3.0262e-05	0.040982	supercritical
464.00	86.000	70.285	0.014228	297.03	419.38	5.6485	0.70744	1.0057	420.94	0.076054	3.0305e-05	0.041046	supercritical
465.00	86.000	70.126	0.014260	297.75	420.39	5.6507	0.70772	1.0058	421.36	0.075552	3.0349e-05	0.041110	supercritical
466.00	86.000	69.968	0.014292	298.48	421.40	5.6528	0.70800	1.0059	421.79	0.075054	3.0392e-05	0.041173	supercritical
467.00	86.000	69.810	0.014325	299.21	422.40	5.6550	0.70829	1.0059	422.22	0.074557	3.0435e-05	0.041237	supercritical
468.00	86.000	69.653	0.014357	299.94	423.41	5.6571	0.70857	1.0060	422.65	0.074064	3.0479e-05	0.041301	supercritical
469.00	86.000	69.497	0.014389	300.67	424.41	5.6593	0.70886	1.0061	423.07	0.073573	3.0522e-05	0.041364	supercritical
470.00	86.000	69.341	0.014421	301.40	425.42	5.6614	0.70914	1.0062	423.50	0.073084	3.0565e-05	0.041428	supercritical
471.00	86.000	69.187	0.014454	302.12	426.43	5.6636	0.70943	1.0063	423.92	0.072598	3.0608e-05	0.041492	supercritical
472.00	86.000	69.033	0.014486	302.85	427.43	5.6657	0.70971	1.0064	424.35	0.072114	3.0651e-05	0.041555	supercritical
473.00	86.000	68.879	0.014518	303.58	428.44	5.6678	0.71000	1.0065	424.77	0.071633	3.0695e-05	0.041619	supercritical
474.00	86.000	68.727	0.014550	304.31	429.45	5.6700	0.71029	1.0066	425.19	0.071154	3.0738e-05	0.041682	supercritical
475.00	86.000	68.575	0.014583	305.04	430.45	5.6721	0.71057	1.0067	425.61	0.070678	3.0781e-05	0.041746	supercritical
476.00	86.000	68.424	0.014615	305.77	431.46	5.6742	0.71086	1.0068	426.03	0.070204	3.0824e-05	0.041810	supercritical
477.00	86.000	68.274	0.014647	306.50	432.47	5.6763	0.71115	1.0069	426.45	0.069732	3.0867e-05	0.041873	supercritical
478.00	86.000	68.124	0.014679	307.23	433.47	5.6784	0.71144	1.0070	426.87	0.069263	3.0910e-05	0.041937	supercritical
479.00	86.000	67.975	0.014711	307.96	434.48	5.6805	0.71173	1.0071	427.29	0.068796	3.0952e-05	0.042000	supercritical
480.00	86.000	67.827	0.014743	308.69	435.49	5.6826	0.71201	1.0072	427.71	0.068332	3.0995e-05	0.042064	supercritical
481.00	86.000	67.679	0.014776	309.42	436.49	5.6847	0.71230	1.0073	428.13	0.067870	3.1038e-05	0.042127	supercritical
482.00	86.000	67.533	0.014808	310.16	437.50	5.6868	0.71259	1.0074	428.55	0.067410	3.1081e-05	0.042190	supercritical
483.00	86.000	67.386	0.014840	310.89	438.51	5.6889	0.71288	1.0075	428.96	0.066952	3.1124e-05	0.042254	supercritical
484.00	86.000	67.241	0.014872	311.62	439.52	5.6910	0.71317	1.0076	429.38	0.066497	3.1166e-05	0.042317	supercritical
485.00	86.000	67.096	0.014904	312.35	440.52	5.6931	0.71346	1.0077	429.80	0.066044	3.1209e-05	0.042381	supercritical
486.00	86.000	66.952	0.014936	313.08	441.53	5.6951	0.71375	1.0079	430.21	0.065593	3.1252e-05	0.042444	supercritical
487.00	86.000	66.808	0.014968	313.81	442.54	5.6972	0.71405	1.0080	430.62	0.065145	3.1294e-05	0.042507	supercritical
488.00	86.000	66.665	0.015000	314.55	443.55	5.6993	0.71434	1.0081	431.04	0.064698	3.1337e-05	0.042571	supercritical
489.00	86.000	66.523	0.015032	315.28	444.56	5.7013	0.71463	1.0082	431.45	0.064254	3.1379e-05	0.042634	supercritical
490.00	86.000	66.382	0.015064	316.01	445.56	5.7034	0.71492	1.0083	431.86	0.063812	3.1422e-05	0.042697	supercritical
491.00	86.000	66.241	0.015096	316.74	446.57	5.7055	0.71521	1.0085	432.28	0.063373	3.1464e-05	0.042761	supercritical
492.00	86.000	66.100	0.015129	317.48	447.58	5.7075	0.71550	1.0086	432.69	0.062935	3.1507e-05	0.042824	supercritical
493.00	86.000	65.961	0.015161	318.21	448.59	5.7096	0.71580	1.0087	433.10	0.062500	3.1549e-05	0.042887	supercritical
494.00	86.000	65.822	0.015193	318.94	449.60	5.7116	0.71609	1.0088	433.51	0.062067	3.1592e-05	0.042950	supercritical
495.00	86.000	65.683	0.015225	319.68	450.61	5.7136	0.71638	1.0090	433.92	0.061636	3.1634e-05	0.043014	supercritical
496.00	86.000	65.545	0.015257	320.41	451.62	5.7157	0.71668	1.0091	434.32	0.061207	3.1676e-05	0.043077	supercritical
497.00	86.000	65.408	0.015289	321.14	452.63	5.7177	0.71697	1.0092	434.73	0.060780	3.1719e-05	0.043140	supercritical
498.00	86.000	65.272	0.015321	321.88	453.63	5.7197	0.71726	1.0094	435.14	0.060355	3.1761e-05	0.043203	supercritical
499.00	86.000	65.136	0.015353	322.61	454.64	5.7218	0.71756	1.0095	435.55	0.059932	3.1803e-05	0.043266	supercritical
500.00	86.000	65.000	0.015385	323.35	455.65	5.7238	0.71785	1.0096	435.95	0.059512	3.1845e-05	0.043330	supercritical
501.00	86.000	64.865	0.015417	324.08	456.66	5.7258	0.71815	1.0098	436.36	0.059093	3.1888e-05	0.043393	supercritical
502.00	86.000	64.731	0.015448	324.82	457.67	5.7278	0.71844	1.0099	436.77	0.058677	3.1930e-05	0.043456	supercritical
503.00	86.000	64.598	0.015480	325.55	458.68	5.7298	0.71873	1.0101	437.17	0.058262	3.1972e-05	0.043519	supercritical
504.00	86.000	64.465	0.015512	326.29	459.69	5.7318	0.71903	1.0102	437.57	0.057850	3.2014e-05	0.043582	supercritical
505.00	86.000	64.332	0.015544	327.02	460.70	5.7338	0.71932	1.0103	437.98	0.057439	3.2056e-05	0.043645	supercritical
506.00	86.000	64.200	0.015576	327.76	461.71	5.7358	0.71962	1.0105	438.38	0.057030	3.2098e-05	0.043708	supercritical
507.00	86.000	64.069	0.015608	328.49	462.72	5.7378	0.71991	1.0106	438.78	0.056624	3.2140e-05	0.043771	supercritical
508.00	86.000	63.938	0.015640	329.23	463.74	5.7398	0.72021	1.0108	439.19	0.056219	3.2182e-05	0.043834	supercritical
509.00	86.000	63.808	0.015672	329.97	464.75	5.7418	0.72050	1.0109	439.59	0.055817	3.2224e-05	0.043897	supercritical
510.00	86.000	63.679	0.015704	330.70	465.76	5.7438	0.72080	1.0111	439.99	0.055416	3.2266e-05	0.043960	supercritical
511.00	86.000	63.550	0.015736	331.44	466.77	5.7458	0.72109	1.0112	440.39	0.055017	3.2307e-05	0.044023	supercritical
512.00	86.000	63.421	0.015768	332.18	467.78	5.7477	0.72139	1.0114	440.79	0.054620	3.2349e-05	0.044086	supercritical
513.00	86.000	63.293	0.015799	332.92	468.79	5.7497	0.72169	1.0115	441.19	0.054225	3.2391e-05	0.044149	supercritical
514.00	86.000	63.166	0.015831	333.65	469.80	5.7517	0.72198	1.0117	441.59	0.053832	3.2433e-05	0.044212	supercritical
515.00	86.000	63.039	0.015863	334.39	470.81	5.7537	0.72228	1.0118	441.98	0.053441	3.2474e-05	0.044275	supercritical
516.00	86.000	62.913	0.015895	335.13	471.83	5.7556	0.72257	1.0120	442.38	0.053051	3.2516e-05	0.044337	supercritical
517.00	86.000	62.787	0.015927	335.87	472.84	5.7576	0.72287	1.0121	442.78	0.052664	3.2558e-05	0.044400	supercritical
518.00	86.000	62.662	0.015959	336.61	473.85	5.7595	0.72317	1.0123	443.18	0.052278	3.2599e-05	0.044463	supercritical
519.00	86.000	62.537	0.015991	337.34	474.86	5.7615	0.72346	1.0125	443.57	0.051894	3.2641e-05	0.044526	supercritical
520.00	86.000	62.413	0.016022	338.08	475.88	5.7634	0.72376	1.0126	443.97	0.051512	3.2682e-05	0.044589	supercritical
521.00	86.000	62.289	0.016054	338.82	476.89	5.7654	0.72405	1.0128	444.36	0.051132	3.2724e-05	0.044651	supercritical
522.00	86.000	62.166	0.016086	339.56	477.90	5.7673	0.72435	1.0129	444.76	0.050754	3.2765e-05	0.044714	supercritical
523.00	86.000	62.043	0.016118	340.30	478.91	5.7693	0.72465	1.0131	445.15	0.050377	3.2807e-05	0.044777	supercritical
524.00	86.000	61.921	0.016150	341.04	479.93	5.7712	0.72494	1.0133	445.54	0.050002	3.2848e-05	0.044840	supercritical
525.00	86.000	61.799	0.016181	341.78	480.94	5.7731	0.72524	1.0134	445.94	0.049629	3.2890e-05	0.044902	supercritical
526.00	86.000	61.678	0.016213	342.52	481.95	5.7751	0.72553	1.0136	446.33	0.049258	3.2931e-05	0.044965	supercritical
527.00	86.000	61.558	0.016245	343.26	482.97	5.7770	0.72583	1.0138	446.72	0.048888	3.2972e-05	0.045028	supercritical
528.00	86.000	61.438	0.016277	344.00	483.98	5.7789	0.72613	1.0139	447.11	0.048520	3.3014e-05	0.045090	supercritical
529.00	86.000	61.318	0.016308	344.74	485.00	5.7808	0.72642	1.0141	447.50	0.048154	3.3055e-05	0.045153	supercritical
530.00	86.000	61.199	0.016340	345.48	486.01	5.7827	0.72672	1.0143	447.90	0.047790	3.3096e-05	0.045215	supercritical
531.00	86.000	61.080	0.016372	346.23	487.02	5.7847	0.72702	1.0144	448.29	0.047427	3.3137e-05	0.045278	supercritical
532.00	86.000	60.962	0.016404	346.97	488.04	5.7866	0.72731	1.0146	448.67	0.047066	3.3179e-05	0.045341	supercritical
533.00	86.000	60.844	0.016435	347.71	489.05	5.7885	0.72761	1.0148	449.06	0.046707	3.3220e-05	0.045403	supercritical
534.00	86.000	60.727	0.016467	348.45	490.07	5.7904	0.72790	1.0149	449.45	0.046349	3.3261e-05	0.045466	supercritical
535.00	86.000	60.610	0.016499	349.19	491.08	5.7923	0.72820	1.0151	449.84	0.045993	3.3302e-05	0.045528	supercritical
536.00	86.000	60.494	0.016531	349.94	492.10	5.7942	0.72850	1.0153	450.23	0.045638	3.3343e-05	0.045591	supercritical
537.00	86.000	60.378	0.016562	350.68	493.11	5.7961	0.72879	1.0155	450.62	0.045286	3.3384e-05	0.045653	supercritical
538.00	86.000	60.263	0.016594	351.42	494.13	5.7979	0.72909	1.0156	451.00	0.044935	3.3425e-05	0.045716	supercritical
539.00	86.000	60.148	0.016626	352.16	495.14	5.7998	0.72938	1.0158	451.39	0.044585	3.3466e-05	0.045778	supercritical
540.00	86.000	60.034	0.016657	352.91	496.16	5.8017	0.72968	1.0160	451.77	0.044237	3.3507e-05	0.045840	supercritical
541.00	86.000	59.920	0.016689	353.65	497.18	5.8036	0.72998	1.0162	452.16	0.043891	3.3548e-05	0.045903	supercritical
542.00	86.000	59.806	0.016721	354.40	498.19	5.8055	0.73027	1.0163	452.54	0.043546	3.3589e-05	0.045965	supercritical
543.00	86.000	59.693	0.016752	355.14	499.21	5.8073	0.73057	1.0165	452.93	0.043203	3.3629e-05	0.046027	supercritical
544.00	86.000	59.581	0.016784	355.88	500.23	5.8092	0.73086	1.0167	453.31	0.042862	3.3670e-05	0.046090	supercritical
545.00	86.000	59.469	0.016816	356.63	501.24	5.8111	0.73116	1.0169	453.70	0.042522	3.3711e-05	0.046152	supercritical
546.00	86.000	59.357	0.016847	357.37	502.26	5.8129	0.73145	1.0171	454.08	0.042183	3.3752e-05	0.046214	supercritical
547.00	86.000	59.246	0.016879	358.12	503.28	5.8148	0.73175	1.0172	454.46	0.041846	3.3792e-05	0.046277	supercritical
548.00	86.000	59.135	0.016911	358.86	504.29	5.8167	0.73204	1.0174	454.84	0.041511	3.3833e-05	0.046339	supercritical
549.00	86.000	59.024	0.016942	359.61	505.31	5.8185	0.73234	1.0176	455.22	0.041177	3.3874e-05	0.046401	supercritical
550.00	86.000	58.914	0.016974	360.35	506.33	5.8204	0.73263	1.0178	455.61	0.040845	3.3914e-05	0.046463	supercritical
551.00	86.000	58.805	0.017005	361.10	507.35	5.8222	0.73293	1.0180	455.99	0.040514	3.3955e-05	0.046526	supercritical
552.00	86.000	58.696	0.017037	361.85	508.37	5.8241	0.73322	1.0181	456.37	0.040185	3.3996e-05	0.046588	supercritical
553.00	86.000	58.587	0.017069	362.59	509.38	5.8259	0.73352	1.0183	456.75	0.039857	3.4036e-05	0.046650	supercritical
554.00	86.000	58.479	0.017100	363.34	510.40	5.8278	0.73381	1.0185	457.13	0.039530	3.4077e-05	0.046712	supercritical
555.00	86.000	58.371	0.017132	364.09	511.42	5.8296	0.73411	1.0187	457.50	0.039206	3.4117e-05	0.046774	supercritical
556.00	86.000	58.264	0.017163	364.83	512.44	5.8314	0.73440	1.0189	457.88	0.038882	3.4158e-05	0.046836	supercritical
557.00	86.000	58.157	0.017195	365.58	513.46	5.8333	0.73469	1.0191	458.26	0.038560	3.4198e-05	0.046898	supercritical
558.00	86.000	58.050	0.017227	366.33	514.48	5.8351	0.73499	1.0193	458.64	0.038240	3.4238e-05	0.046960	supercritical
559.00	86.000	57.944	0.017258	367.08	515.50	5.8369	0.73528	1.0194	459.02	0.037921	3.4279e-05	0.047022	supercritical
560.00	86.000	57.838	0.017290	367.83	516.52	5.8387	0.73557	1.0196	459.39	0.037603	3.4319e-05	0.047084	supercritical
561.00	86.000	57.733	0.017321	368.57	517.54	5.8405	0.73587	1.0198	459.77	0.037287	3.4359e-05	0.047146	supercritical
562.00	86.000	57.628	0.017353	369.32	518.56	5.8424	0.73616	1.0200	460.14	0.036972	3.4400e-05	0.047208	supercritical
563.00	86.000	57.523	0.017384	370.07	519.58	5.8442	0.73645	1.0202	460.52	0.036658	3.4440e-05	0.047270	supercritical
564.00	86.000	57.419	0.017416	370.82	520.60	5.8460	0.73675	1.0204	460.89	0.036346	3.4480e-05	0.047332	supercritical
565.00	86.000	57.315	0.017447	371.57	521.62	5.8478	0.73704	1.0206	461.27	0.036036	3.4520e-05	0.047394	supercritical
566.00	86.000	57.212	0.017479	372.32	522.64	5.8496	0.73733	1.0208	461.64	0.035727	3.4560e-05	0.047456	supercritical
567.00	86.000	57.109	0.017510	373.07	523.66	5.8514	0.73762	1.0210	462.02	0.035419	3.4601e-05	0.047518	supercritical
568.00	86.000	57.006	0.017542	373.82	524.68	5.8532	0.73792	1.0212	462.39	0.035112	3.4641e-05	0.047580	supercritical
569.00	86.000	56.904	0.017573	374.57	525.70	5.8550	0.73821	1.0214	462.76	0.034807	3.4681e-05	0.047642	supercritical
570.00	86.000	56.802	0.017605	375.32	526.72	5.8568	0.73850	1.0215	463.14	0.034503	3.4721e-05	0.047704	supercritical
571.00	86.000	56.701	0.017636	376.07	527.74	5.8586	0.73879	1.0217	463.51	0.034201	3.4761e-05	0.047765	supercritical
572.00	86.000	56.600	0.017668	376.82	528.77	5.8604	0.73908	1.0219	463.88	0.033900	3.4801e-05	0.047827	supercritical
573.00	86.000	56.499	0.017699	377.57	529.79	5.8622	0.73937	1.0221	464.25	0.033600	3.4841e-05	0.047889	supercritical
574.00	86.000	56.399	0.017731	378.32	530.81	5.8639	0.73966	1.0223	464.62	0.033301	3.4881e-05	0.047951	supercritical
575.00	86.000	56.299	0.017762	379.08	531.83	5.8657	0.73996	1.0225	464.99	0.033004	3.4921e-05	0.048012	supercritical
576.00	86.000	56.199	0.017794	379.83	532.86	5.8675	0.74025	1.0227	465.36	0.032708	3.4960e-05	0.048074	supercritical
577.00	86.000	56.100	0.017825	380.58	533.88	5.8693	0.74054	1.0229	465.73	0.032414	3.5000e-05	0.048136	supercritical
578.00	86.000	56.001	0.017857	381.33	534.90	5.8710	0.74083	1.0231	466.10	0.032120	3.5040e-05	0.048198	supercritical
579.00	86.000	55.902	0.017888	382.08	535.92	5.8728	0.74112	1.0233	466.47	0.031828	3.5080e-05	0.048259	supercritical
580.00	86.000	55.804	0.017920	382.84	536.95	5.8746	0.74141	1.0235	466.84	0.031538	3.5120e-05	0.048321	supercritical
581.00	86.000	55.707	0.017951	383.59	537.97	5.8763	0.74169	1.0237	467.21	0.031248	3.5159e-05	0.048382	supercritical
582.00	86.000	55.609	0.017983	384.34	538.99	5.8781	0.74198	1.0239	467.57	0.030960	3.5199e-05	0.048444	supercritical
583.00	86.000	55.512	0.018014	385.10	540.02	5.8799	0.74227	1.0241	467.94	0.030673	3.5239e-05	0.048506	supercritical
584.00	86.000	55.415	0.018046	385.85	541.04	5.8816	0.74256	1.0243	468.31	0.030387	3.5278e-05	0.048567	supercritical
585.00	86.000	55.319	0.018077	386.61	542.07	5.8834	0.74285	1.0245	468.68	0.030103	3.5318e-05	0.048629	supercritical
586.00	86.000	55.223	0.018108	387.36	543.09	5.8851	0.74314	1.0247	469.04	0.029819	3.5358e-05	0.048690	supercritical
587.00	86.000	55.127	0.018140	388.11	544.12	5.8869	0.74343	1.0249	469.41	0.029537	3.5397e-05	0.048752	supercritical
588.00	86.000	55.032	0.018171	388.87	545.14	5.8886	0.74371	1.0251	469.77	0.029257	3.5437e-05	0.048813	supercritical
589.00	86.000	54.937	0.018203	389.62	546.17	5.8903	0.74400	1.0253	470.14	0.028977	3.5476e-05	0.048875	supercritical
590.00	86.000	54.842	0.018234	390.38	547.19	5.8921	0.74429	1.0255	470.50	0.028699	3.5516e-05	0.048936	supercritical
591.00	86.000	54.748	0.018265	391.14	548.22	5.8938	0.74458	1.0257	470.87	0.028421	3.5555e-05	0.048998	supercritical
592.00	86.000	54.654	0.018297	391.89	549.24	5.8956	0.74486	1.0259	471.23	0.028145	3.5595e-05	0.049059	supercritical
593.00	86.000	54.561	0.018328	392.65	550.27	5.8973	0.74515	1.0261	471.59	0.027870	3.5634e-05	0.049120	supercritical
594.00	86.000	54.467	0.018360	393.40	551.30	5.8990	0.74543	1.0263	471.96	0.027597	3.5673e-05	0.049182	supercritical
595.00	86.000	54.374	0.018391	394.16	552.32	5.9007	0.74572	1.0265	472.32	0.027324	3.5713e-05	0.049243	supercritical
596.00	86.000	54.282	0.018422	394.92	553.35	5.9025	0.74601	1.0267	472.68	0.027053	3.5752e-05	0.049304	supercritical
597.00	86.000	54.190	0.018454	395.67	554.38	5.9042	0.74629	1.0269	473.04	0.026783	3.5791e-05	0.049366	supercritical
598.00	86.000	54.098	0.018485	396.43	555.40	5.9059	0.74658	1.0271	473.41	0.026514	3.5831e-05	0.049427	supercritical
599.00	86.000	54.006	0.018516	397.19	556.43	5.9076	0.74686	1.0273	473.77	0.026246	3.5870e-05	0.049488	supercritical
600.00	86.000	53.915	0.018548	397.95	557.46	5.9093	0.74714	1.0275	474.13	0.025979	3.5909e-05	0.049549	supercritical
