Temperature (K)	Pressure (bar)	Density (kg/m3)	Volume (m3/kg)	Internal Energy (kJ/kg)	Enthalpy (kJ/kg)	Entropy (J/g*K)	Cv (J/g*K)	Cp (J/g*K)	Sound Spd. (m/s)	Joule-Thomson (K/bar)	Viscosity (Pa*s)	Therm. Cond. (W/m*K)	Phase
60.000	88.000	1292.3	0.00077379	-185.54	-178.73	2.2342	1.0919	1.6552	1151.4	-0.037560	0.00061953	0.19748	liquid
61.000	88.000	1288.1	0.00077634	-183.90	-177.07	2.2616	1.0836	1.6572	1147.5	-0.037403	0.00059036	0.19615	liquid
62.000	88.000	1283.8	0.00077892	-182.27	-175.41	2.2885	1.0761	1.6588	1142.8	-0.037260	0.00056313	0.19481	liquid
63.000	88.000	1279.5	0.00078153	-180.63	-173.75	2.3151	1.0693	1.6601	1137.7	-0.037131	0.00053770	0.19348	liquid
64.000	88.000	1275.3	0.00078416	-178.99	-172.09	2.3412	1.0631	1.6610	1132.0	-0.037012	0.00051393	0.19215	liquid
65.000	88.000	1270.9	0.00078682	-177.36	-170.43	2.3670	1.0572	1.6616	1126.0	-0.036903	0.00049171	0.19081	liquid
66.000	88.000	1266.6	0.00078950	-175.72	-168.77	2.3924	1.0516	1.6619	1119.6	-0.036800	0.00047092	0.18948	liquid
67.000	88.000	1262.3	0.00079221	-174.08	-167.11	2.4174	1.0463	1.6620	1113.1	-0.036702	0.00045145	0.18814	liquid
68.000	88.000	1258.0	0.00079494	-172.44	-165.45	2.4420	1.0411	1.6620	1106.3	-0.036608	0.00043320	0.18681	liquid
69.000	88.000	1253.6	0.00079770	-170.80	-163.78	2.4662	1.0361	1.6617	1099.4	-0.036515	0.00041607	0.18547	liquid
70.000	88.000	1249.3	0.00080047	-169.17	-162.12	2.4901	1.0313	1.6614	1092.4	-0.036423	0.00040000	0.18414	liquid
71.000	88.000	1244.9	0.00080328	-167.53	-160.46	2.5137	1.0265	1.6610	1085.2	-0.036331	0.00038489	0.18281	liquid
72.000	88.000	1240.5	0.00080610	-165.90	-158.80	2.5369	1.0218	1.6605	1078.0	-0.036236	0.00037068	0.18148	liquid
73.000	88.000	1236.2	0.00080896	-164.26	-157.14	2.5598	1.0172	1.6600	1070.8	-0.036139	0.00035730	0.18014	liquid
74.000	88.000	1231.8	0.00081183	-162.63	-155.48	2.5824	1.0126	1.6594	1063.5	-0.036038	0.00034468	0.17881	liquid
75.000	88.000	1227.4	0.00081473	-160.99	-153.82	2.6047	1.0081	1.6589	1056.1	-0.035932	0.00033278	0.17748	liquid
76.000	88.000	1223.0	0.00081766	-159.36	-152.16	2.6267	1.0036	1.6585	1048.8	-0.035822	0.00032154	0.17615	liquid
77.000	88.000	1218.6	0.00082062	-157.73	-150.51	2.6483	0.99925	1.6580	1041.4	-0.035705	0.00031092	0.17481	liquid
78.000	88.000	1214.2	0.00082360	-156.10	-148.85	2.6697	0.99490	1.6577	1034.0	-0.035582	0.00030086	0.17348	liquid
79.000	88.000	1209.8	0.00082661	-154.46	-147.19	2.6908	0.99060	1.6574	1026.6	-0.035452	0.00029134	0.17214	liquid
80.000	88.000	1205.3	0.00082965	-152.83	-145.53	2.7117	0.98634	1.6572	1019.2	-0.035315	0.00028231	0.17081	liquid
81.000	88.000	1200.9	0.00083272	-151.20	-143.88	2.7323	0.98214	1.6570	1011.8	-0.035170	0.00027374	0.16947	liquid
82.000	88.000	1196.4	0.00083582	-149.57	-142.22	2.7526	0.97798	1.6570	1004.4	-0.035016	0.00026559	0.16814	liquid
83.000	88.000	1192.0	0.00083896	-147.94	-140.56	2.7727	0.97387	1.6571	997.01	-0.034853	0.00025784	0.16680	liquid
84.000	88.000	1187.5	0.00084212	-146.32	-138.90	2.7925	0.96981	1.6573	989.60	-0.034682	0.00025047	0.16546	liquid
85.000	88.000	1183.0	0.00084532	-144.69	-137.25	2.8122	0.96580	1.6576	982.20	-0.034501	0.00024344	0.16412	liquid
86.000	88.000	1178.5	0.00084856	-143.06	-135.59	2.8315	0.96184	1.6581	974.80	-0.034310	0.00023674	0.16279	liquid
87.000	88.000	1173.9	0.00085183	-141.43	-133.93	2.8507	0.95792	1.6587	967.40	-0.034108	0.00023034	0.16144	liquid
88.000	88.000	1169.4	0.00085513	-139.80	-132.27	2.8697	0.95406	1.6594	960.00	-0.033897	0.00022422	0.16010	liquid
89.000	88.000	1164.9	0.00085848	-138.17	-130.61	2.8884	0.95024	1.6602	952.60	-0.033674	0.00021837	0.15876	liquid
90.000	88.000	1160.3	0.00086186	-136.54	-128.95	2.9070	0.94647	1.6612	945.20	-0.033440	0.00021277	0.15742	liquid
91.000	88.000	1155.7	0.00086529	-134.90	-127.29	2.9253	0.94275	1.6623	937.80	-0.033194	0.00020739	0.15607	liquid
92.000	88.000	1151.1	0.00086875	-133.27	-125.63	2.9435	0.93908	1.6635	930.39	-0.032937	0.00020224	0.15473	liquid
93.000	88.000	1146.4	0.00087226	-131.64	-123.96	2.9615	0.93546	1.6649	922.98	-0.032667	0.00019729	0.15338	liquid
94.000	88.000	1141.8	0.00087582	-130.00	-122.30	2.9793	0.93188	1.6665	915.56	-0.032385	0.00019254	0.15203	liquid
95.000	88.000	1137.1	0.00087942	-128.37	-120.63	2.9970	0.92836	1.6681	908.14	-0.032089	0.00018796	0.15068	liquid
96.000	88.000	1132.4	0.00088306	-126.73	-118.96	3.0144	0.92488	1.6700	900.71	-0.031780	0.00018356	0.14933	liquid
97.000	88.000	1127.7	0.00088676	-125.09	-117.29	3.0318	0.92145	1.6720	893.27	-0.031457	0.00017931	0.14798	liquid
98.000	88.000	1123.0	0.00089050	-123.45	-115.62	3.0489	0.91806	1.6741	885.83	-0.031120	0.00017522	0.14662	liquid
99.000	88.000	1118.2	0.00089430	-121.81	-113.94	3.0659	0.91473	1.6764	878.37	-0.030768	0.00017127	0.14527	liquid
100.00	88.000	1113.4	0.00089815	-120.17	-112.26	3.0828	0.91143	1.6789	870.90	-0.030400	0.00016745	0.14392	liquid
101.00	88.000	1108.6	0.00090205	-118.52	-110.58	3.0995	0.90819	1.6815	863.42	-0.030017	0.00016376	0.14256	liquid
102.00	88.000	1103.7	0.00090602	-116.87	-108.90	3.1161	0.90499	1.6844	855.92	-0.029617	0.00016019	0.14120	liquid
103.00	88.000	1098.9	0.00091004	-115.22	-107.21	3.1325	0.90183	1.6873	848.41	-0.029200	0.00015673	0.13984	liquid
104.00	88.000	1093.9	0.00091412	-113.57	-105.53	3.1489	0.89873	1.6905	840.89	-0.028766	0.00015338	0.13849	liquid
105.00	88.000	1089.0	0.00091827	-111.91	-103.83	3.1651	0.89566	1.6938	833.34	-0.028313	0.00015012	0.13713	liquid
106.00	88.000	1084.0	0.00092248	-110.26	-102.14	3.1811	0.89264	1.6974	825.78	-0.027842	0.00014697	0.13577	liquid
107.00	88.000	1079.0	0.00092676	-108.59	-100.44	3.1971	0.88967	1.7011	818.20	-0.027350	0.00014390	0.13440	liquid
108.00	88.000	1074.0	0.00093110	-106.93	-98.736	3.2129	0.88674	1.7050	810.60	-0.026839	0.00014092	0.13304	liquid
109.00	88.000	1068.9	0.00093553	-105.26	-97.029	3.2287	0.88385	1.7091	802.98	-0.026306	0.00013803	0.13168	liquid
110.00	88.000	1063.8	0.00094002	-103.59	-95.317	3.2443	0.88101	1.7135	795.33	-0.025750	0.00013521	0.13033	liquid
111.00	88.000	1058.7	0.00094460	-101.91	-93.602	3.2598	0.87821	1.7180	787.66	-0.025172	0.00013246	0.12897	liquid
112.00	88.000	1053.5	0.00094925	-100.23	-91.881	3.2752	0.87545	1.7228	779.96	-0.024569	0.00012978	0.12761	liquid
113.00	88.000	1048.2	0.00095399	-98.551	-90.156	3.2906	0.87274	1.7279	772.24	-0.023941	0.00012717	0.12625	liquid
114.00	88.000	1043.0	0.00095881	-96.863	-88.425	3.3058	0.87008	1.7331	764.49	-0.023287	0.00012462	0.12490	liquid
115.00	88.000	1037.6	0.00096373	-95.170	-86.689	3.3210	0.86745	1.7387	756.71	-0.022604	0.00012214	0.12354	liquid
116.00	88.000	1032.3	0.00096874	-93.473	-84.948	3.3361	0.86488	1.7445	748.89	-0.021893	0.00011971	0.12218	liquid
117.00	88.000	1026.9	0.00097385	-91.770	-83.200	3.3511	0.86235	1.7505	741.05	-0.021152	0.00011734	0.12082	liquid
118.00	88.000	1021.4	0.00097906	-90.062	-81.447	3.3660	0.85986	1.7569	733.17	-0.020379	0.00011501	0.11946	liquid
119.00	88.000	1015.9	0.00098438	-88.349	-79.687	3.3808	0.85742	1.7636	725.26	-0.019572	0.00011274	0.11811	liquid
120.00	88.000	1010.3	0.00098980	-86.630	-77.920	3.3956	0.85502	1.7706	717.31	-0.018730	0.00011052	0.11675	liquid
121.00	88.000	1004.7	0.00099535	-84.904	-76.145	3.4104	0.85268	1.7779	709.32	-0.017851	0.00010834	0.11539	liquid
122.00	88.000	998.99	0.0010010	-83.173	-74.364	3.4250	0.85037	1.7856	701.29	-0.016933	0.00010621	0.11404	liquid
123.00	88.000	993.24	0.0010068	-81.434	-72.574	3.4396	0.84812	1.7937	693.22	-0.015974	0.00010412	0.11268	liquid
124.00	88.000	987.43	0.0010127	-79.688	-70.776	3.4542	0.84592	1.8021	685.10	-0.014971	0.00010207	0.11133	liquid
125.00	88.000	981.56	0.0010188	-77.935	-68.970	3.4687	0.84377	1.8110	676.94	-0.013923	0.00010005	0.10997	liquid
126.00	88.000	975.61	0.0010250	-76.174	-67.154	3.4832	0.84167	1.8203	668.74	-0.012825	9.8078e-05	0.10862	liquid
127.00	88.000	969.60	0.0010314	-74.405	-65.329	3.4976	0.83962	1.8301	660.48	-0.011676	9.6138e-05	0.10727	liquid
128.00	88.000	963.51	0.0010379	-72.627	-63.494	3.5120	0.83763	1.8404	652.17	-0.010472	9.4233e-05	0.10592	liquid
129.00	88.000	957.34	0.0010446	-70.840	-61.648	3.5263	0.83569	1.8513	643.81	-0.0092102	9.2360e-05	0.10457	liquid
130.00	88.000	951.09	0.0010514	-69.043	-59.791	3.5407	0.83380	1.8627	635.40	-0.0078864	9.0518e-05	0.10322	liquid
131.00	88.000	944.75	0.0010585	-67.237	-57.922	3.5550	0.83198	1.8747	626.92	-0.0064965	8.8707e-05	0.10187	liquid
132.00	88.000	938.32	0.0010657	-65.420	-56.041	3.5693	0.83022	1.8874	618.39	-0.0050363	8.6925e-05	0.10053	liquid
133.00	88.000	931.80	0.0010732	-63.591	-54.147	3.5836	0.82852	1.9007	609.79	-0.0035009	8.5171e-05	0.099184	liquid
134.00	88.000	925.18	0.0010809	-61.751	-52.240	3.5979	0.82689	1.9149	601.12	-0.0018851	8.3443e-05	0.097843	liquid
135.00	88.000	918.45	0.0010888	-59.899	-50.317	3.6122	0.82533	1.9298	592.39	-0.00018313	8.1742e-05	0.096503	liquid
136.00	88.000	911.61	0.0010970	-58.033	-48.380	3.6265	0.82383	1.9456	583.58	0.0016114	8.0065e-05	0.095164	liquid
137.00	88.000	904.66	0.0011054	-56.153	-46.426	3.6408	0.82241	1.9624	574.70	0.0035055	7.8411e-05	0.093828	liquid
138.00	88.000	897.58	0.0011141	-54.259	-44.454	3.6551	0.82107	1.9802	565.75	0.0055067	7.6781e-05	0.092493	liquid
139.00	88.000	890.37	0.0011231	-52.348	-42.465	3.6695	0.81982	1.9992	556.71	0.0076236	7.5172e-05	0.091161	liquid
140.00	88.000	883.03	0.0011325	-50.421	-40.456	3.6839	0.81865	2.0193	547.58	0.0098655	7.3583e-05	0.089830	liquid
141.00	88.000	875.54	0.0011422	-48.477	-38.426	3.6984	0.81757	2.0408	538.37	0.012243	7.2015e-05	0.088501	liquid
142.00	88.000	867.89	0.0011522	-46.513	-36.374	3.7129	0.81659	2.0637	529.07	0.014767	7.0465e-05	0.087174	liquid
143.00	88.000	860.08	0.0011627	-44.529	-34.298	3.7274	0.81571	2.0883	519.67	0.017452	6.8933e-05	0.085849	liquid
144.00	88.000	852.09	0.0011736	-42.524	-32.196	3.7421	0.81494	2.1146	510.17	0.020310	6.7417e-05	0.084526	liquid
145.00	88.000	843.91	0.0011850	-40.496	-30.068	3.7568	0.81429	2.1429	500.57	0.023359	6.5918e-05	0.083204	liquid
146.00	88.000	835.52	0.0011969	-38.442	-27.910	3.7716	0.81376	2.1733	490.86	0.026617	6.4433e-05	0.081884	liquid
147.00	88.000	826.92	0.0012093	-36.362	-25.720	3.7866	0.81337	2.2062	481.04	0.030103	6.2962e-05	0.080566	liquid
148.00	88.000	818.09	0.0012224	-34.253	-23.497	3.8016	0.81312	2.2417	471.11	0.033841	6.1503e-05	0.079248	liquid
149.00	88.000	809.00	0.0012361	-32.114	-21.236	3.8169	0.81303	2.2802	461.06	0.037855	6.0056e-05	0.077932	liquid
150.00	88.000	799.64	0.0012506	-29.940	-18.935	3.8323	0.81311	2.3221	450.89	0.042177	5.8618e-05	0.076616	liquid
151.00	88.000	789.98	0.0012659	-27.730	-16.591	3.8478	0.81336	2.3678	440.60	0.046837	5.7190e-05	0.075300	liquid
152.00	88.000	780.00	0.0012821	-25.480	-14.198	3.8636	0.81381	2.4177	430.20	0.051875	5.5769e-05	0.073984	liquid
153.00	88.000	769.67	0.0012993	-23.187	-11.753	3.8797	0.81447	2.4725	419.68	0.057332	5.4353e-05	0.072667	liquid
154.00	88.000	758.95	0.0013176	-20.846	-9.2513	3.8960	0.81535	2.5328	409.04	0.063257	5.2942e-05	0.071348	liquid
155.00	88.000	747.81	0.0013372	-18.453	-6.6858	3.9126	0.81646	2.5993	398.30	0.069705	5.1534e-05	0.070028	supercritical
156.00	88.000	736.21	0.0013583	-16.003	-4.0502	3.9295	0.81782	2.6730	387.46	0.076740	5.0126e-05	0.068704	supercritical
157.00	88.000	724.10	0.0013810	-13.490	-1.3370	3.9469	0.81944	2.7549	376.54	0.084432	4.8716e-05	0.067376	supercritical
158.00	88.000	711.43	0.0014056	-10.907	1.4627	3.9646	0.82133	2.8460	365.54	0.092862	4.7304e-05	0.066043	supercritical
159.00	88.000	698.15	0.0014324	-8.2462	4.3586	3.9829	0.82350	2.9477	354.51	0.10212	4.5885e-05	0.064704	supercritical
160.00	88.000	684.18	0.0014616	-5.5003	7.3619	4.0017	0.82593	3.0610	343.46	0.11230	4.4458e-05	0.063356	supercritical
161.00	88.000	669.46	0.0014937	-2.6600	10.485	4.0212	0.82863	3.1872	332.44	0.12351	4.3022e-05	0.061999	supercritical
162.00	88.000	653.92	0.0015292	0.28359	13.741	4.0413	0.83157	3.3269	321.51	0.13585	4.1573e-05	0.060629	supercritical
163.00	88.000	637.50	0.0015686	3.3394	17.143	4.0623	0.83471	3.4800	310.73	0.14942	4.0112e-05	0.059245	supercritical
164.00	88.000	620.16	0.0016125	6.5150	20.705	4.0841	0.83799	3.6452	300.19	0.16430	3.8640e-05	0.057843	supercritical
165.00	88.000	601.85	0.0016615	9.8149	24.437	4.1068	0.84132	3.8188	290.01	0.18053	3.7157e-05	0.056420	supercritical
166.00	88.000	582.61	0.0017164	13.239	28.343	4.1304	0.84457	3.9947	280.33	0.19809	3.5672e-05	0.054970	supercritical
167.00	88.000	562.51	0.0017777	16.779	32.423	4.1549	0.84754	4.1631	271.29	0.21689	3.4192e-05	0.053490	supercritical
168.00	88.000	541.73	0.0018460	20.418	36.663	4.1802	0.84998	4.3107	263.05	0.23671	3.2733e-05	0.051976	supercritical
169.00	88.000	520.52	0.0019212	24.126	41.033	4.2061	0.85162	4.4214	255.78	0.25720	3.1312e-05	0.050429	supercritical
170.00	88.000	499.24	0.0020031	27.861	45.488	4.2324	0.85217	4.4789	249.58	0.27784	2.9952e-05	0.048856	supercritical
171.00	88.000	478.30	0.0020908	31.570	49.969	4.2587	0.85148	4.4719	244.51	0.29803	2.8675e-05	0.047270	supercritical
172.00	88.000	458.11	0.0021829	35.200	54.409	4.2846	0.84950	4.3989	240.56	0.31715	2.7501e-05	0.045699	supercritical
173.00	88.000	439.02	0.0022778	38.703	58.748	4.3097	0.84637	4.2698	237.63	0.33471	2.6442e-05	0.044170	supercritical
174.00	88.000	421.24	0.0023739	42.045	62.936	4.3339	0.84232	4.1017	235.58	0.35040	2.5502e-05	0.042715	supercritical
175.00	88.000	404.87	0.0024699	45.209	66.944	4.3568	0.83761	3.9132	234.25	0.36415	2.4677e-05	0.041354	supercritical
176.00	88.000	389.90	0.0025647	48.191	70.761	4.3786	0.83249	3.7192	233.50	0.37598	2.3959e-05	0.040100	supercritical
177.00	88.000	376.25	0.0026578	50.996	74.384	4.3991	0.82717	3.5299	233.19	0.38604	2.3335e-05	0.038957	supercritical
178.00	88.000	363.81	0.0027487	53.636	77.824	4.4185	0.82179	3.3514	233.23	0.39450	2.2794e-05	0.037920	supercritical
179.00	88.000	352.46	0.0028372	56.124	81.092	4.4368	0.81644	3.1862	233.53	0.40155	2.2325e-05	0.036984	supercritical
180.00	88.000	342.08	0.0029233	58.476	84.201	4.4541	0.81120	3.0352	234.03	0.40736	2.1917e-05	0.036140	supercritical
181.00	88.000	332.55	0.0030071	60.705	87.167	4.4705	0.80610	2.8980	234.68	0.41209	2.1561e-05	0.035378	supercritical
182.00	88.000	323.78	0.0030885	62.822	90.001	4.4862	0.80117	2.7737	235.46	0.41588	2.1251e-05	0.034691	supercritical
183.00	88.000	315.68	0.0031678	64.841	92.718	4.5010	0.79641	2.6613	236.32	0.41885	2.0979e-05	0.034069	supercritical
184.00	88.000	308.17	0.0032450	66.771	95.328	4.5153	0.79184	2.5594	237.26	0.42112	2.0740e-05	0.033507	supercritical
185.00	88.000	301.18	0.0033203	68.622	97.840	4.5289	0.78744	2.4670	238.25	0.42277	2.0530e-05	0.032996	supercritical
186.00	88.000	294.66	0.0033937	70.400	100.26	4.5420	0.78323	2.3829	239.28	0.42388	2.0345e-05	0.032533	supercritical
187.00	88.000	288.57	0.0034654	72.113	102.61	4.5545	0.77920	2.3064	240.34	0.42453	2.0182e-05	0.032110	supercritical
188.00	88.000	282.84	0.0035355	73.767	104.88	4.5666	0.77533	2.2364	241.43	0.42476	2.0038e-05	0.031725	supercritical
189.00	88.000	277.46	0.0036041	75.367	107.08	4.5783	0.77163	2.1723	242.54	0.42464	1.9911e-05	0.031374	supercritical
190.00	88.000	272.38	0.0036713	76.918	109.23	4.5896	0.76808	2.1135	243.65	0.42421	1.9799e-05	0.031052	supercritical
191.00	88.000	267.58	0.0037372	78.425	111.31	4.6006	0.76469	2.0593	244.78	0.42351	1.9700e-05	0.030758	supercritical
192.00	88.000	263.03	0.0038018	79.890	113.35	4.6112	0.76143	2.0092	245.91	0.42257	1.9613e-05	0.030487	supercritical
193.00	88.000	258.72	0.0038652	81.317	115.33	4.6215	0.75832	1.9629	247.05	0.42141	1.9537e-05	0.030240	supercritical
194.00	88.000	254.61	0.0039276	82.710	117.27	4.6316	0.75533	1.9200	248.18	0.42008	1.9470e-05	0.030012	supercritical
195.00	88.000	250.70	0.0039889	84.070	119.17	4.6413	0.75247	1.8800	249.32	0.41858	1.9411e-05	0.029803	supercritical
196.00	88.000	246.96	0.0040492	85.400	121.03	4.6508	0.74972	1.8428	250.45	0.41694	1.9361e-05	0.029610	supercritical
197.00	88.000	243.39	0.0041086	86.703	122.86	4.6601	0.74709	1.8081	251.58	0.41518	1.9317e-05	0.029433	supercritical
198.00	88.000	239.97	0.0041672	87.979	124.65	4.6692	0.74457	1.7756	252.70	0.41331	1.9280e-05	0.029271	supercritical
199.00	88.000	236.69	0.0042249	89.232	126.41	4.6781	0.74214	1.7451	253.82	0.41134	1.9249e-05	0.029121	supercritical
200.00	88.000	233.55	0.0042818	90.462	128.14	4.6867	0.73982	1.7165	254.93	0.40929	1.9222e-05	0.028983	supercritical
201.00	88.000	230.52	0.0043379	91.670	129.84	4.6952	0.73758	1.6896	256.04	0.40717	1.9201e-05	0.028856	supercritical
202.00	88.000	227.61	0.0043934	92.859	131.52	4.7036	0.73544	1.6643	257.14	0.40498	1.9184e-05	0.028740	supercritical
203.00	88.000	224.81	0.0044482	94.029	133.17	4.7117	0.73338	1.6404	258.23	0.40275	1.9172e-05	0.028633	supercritical
204.00	88.000	222.11	0.0045023	95.182	134.80	4.7197	0.73140	1.6178	259.31	0.40046	1.9163e-05	0.028535	supercritical
205.00	88.000	219.50	0.0045559	96.318	136.41	4.7276	0.72949	1.5965	260.39	0.39814	1.9157e-05	0.028445	supercritical
206.00	88.000	216.98	0.0046088	97.438	138.00	4.7353	0.72766	1.5763	261.46	0.39578	1.9155e-05	0.028363	supercritical
207.00	88.000	214.54	0.0046612	98.544	139.56	4.7429	0.72589	1.5571	262.52	0.39340	1.9155e-05	0.028287	supercritical
208.00	88.000	212.18	0.0047130	99.635	141.11	4.7503	0.72420	1.5388	263.57	0.39099	1.9159e-05	0.028219	supercritical
209.00	88.000	209.89	0.0047644	100.71	142.64	4.7577	0.72256	1.5215	264.62	0.38856	1.9165e-05	0.028157	supercritical
210.00	88.000	207.68	0.0048152	101.78	144.15	4.7649	0.72099	1.5050	265.65	0.38611	1.9173e-05	0.028100	supercritical
211.00	88.000	205.53	0.0048656	102.83	145.65	4.7720	0.71947	1.4893	266.68	0.38366	1.9184e-05	0.028049	supercritical
212.00	88.000	203.44	0.0049155	103.88	147.13	4.7790	0.71801	1.4743	267.71	0.38120	1.9197e-05	0.028004	supercritical
213.00	88.000	201.41	0.0049650	104.91	148.60	4.7859	0.71660	1.4600	268.72	0.37873	1.9211e-05	0.027963	supercritical
214.00	88.000	199.44	0.0050140	105.93	150.05	4.7927	0.71525	1.4464	269.73	0.37625	1.9228e-05	0.027926	supercritical
215.00	88.000	197.52	0.0050627	106.94	151.49	4.7994	0.71394	1.4333	270.73	0.37378	1.9246e-05	0.027894	supercritical
216.00	88.000	195.66	0.0051110	107.94	152.92	4.8061	0.71267	1.4208	271.72	0.37130	1.9266e-05	0.027866	supercritical
217.00	88.000	193.84	0.0051589	108.94	154.33	4.8126	0.71146	1.4088	272.71	0.36883	1.9287e-05	0.027842	supercritical
218.00	88.000	192.07	0.0052064	109.92	155.74	4.8191	0.71028	1.3973	273.68	0.36637	1.9310e-05	0.027821	supercritical
219.00	88.000	190.35	0.0052536	110.90	157.13	4.8254	0.70914	1.3862	274.65	0.36391	1.9334e-05	0.027804	supercritical
220.00	88.000	188.66	0.0053004	111.87	158.51	4.8317	0.70805	1.3756	275.62	0.36145	1.9359e-05	0.027790	supercritical
221.00	88.000	187.02	0.0053470	112.83	159.88	4.8379	0.70699	1.3654	276.57	0.35901	1.9386e-05	0.027779	supercritical
222.00	88.000	185.42	0.0053932	113.78	161.24	4.8441	0.70596	1.3556	277.52	0.35658	1.9413e-05	0.027771	supercritical
223.00	88.000	183.85	0.0054391	114.73	162.59	4.8501	0.70497	1.3462	278.47	0.35415	1.9442e-05	0.027766	supercritical
224.00	88.000	182.32	0.0054847	115.67	163.93	4.8561	0.70402	1.3371	279.40	0.35174	1.9472e-05	0.027764	supercritical
225.00	88.000	180.83	0.0055301	116.60	165.27	4.8621	0.70309	1.3284	280.33	0.34934	1.9502e-05	0.027763	supercritical
226.00	88.000	179.37	0.0055752	117.53	166.59	4.8680	0.70220	1.3200	281.26	0.34695	1.9533e-05	0.027766	supercritical
227.00	88.000	177.94	0.0056200	118.45	167.91	4.8738	0.70133	1.3118	282.18	0.34457	1.9566e-05	0.027770	supercritical
228.00	88.000	176.54	0.0056645	119.37	169.21	4.8795	0.70050	1.3040	283.09	0.34221	1.9599e-05	0.027777	supercritical
229.00	88.000	175.17	0.0057088	120.28	170.51	4.8852	0.69969	1.2964	283.99	0.33986	1.9632e-05	0.027786	supercritical
230.00	88.000	173.83	0.0057528	121.18	171.81	4.8908	0.69890	1.2891	284.89	0.33753	1.9667e-05	0.027796	supercritical
231.00	88.000	172.51	0.0057967	122.08	173.09	4.8964	0.69815	1.2820	285.78	0.33521	1.9702e-05	0.027809	supercritical
232.00	88.000	171.23	0.0058402	122.98	174.37	4.9019	0.69741	1.2752	286.67	0.33291	1.9738e-05	0.027823	supercritical
233.00	88.000	169.96	0.0058836	123.87	175.64	4.9074	0.69670	1.2685	287.55	0.33062	1.9774e-05	0.027840	supercritical
234.00	88.000	168.73	0.0059267	124.75	176.91	4.9128	0.69602	1.2621	288.43	0.32835	1.9811e-05	0.027857	supercritical
235.00	88.000	167.51	0.0059697	125.63	178.17	4.9182	0.69535	1.2559	289.30	0.32610	1.9849e-05	0.027877	supercritical
236.00	88.000	166.32	0.0060124	126.51	179.42	4.9235	0.69471	1.2499	290.16	0.32386	1.9887e-05	0.027897	supercritical
237.00	88.000	165.15	0.0060549	127.38	180.67	4.9288	0.69409	1.2441	291.02	0.32163	1.9925e-05	0.027920	supercritical
238.00	88.000	164.01	0.0060973	128.25	181.91	4.9340	0.69348	1.2384	291.88	0.31943	1.9964e-05	0.027943	supercritical
239.00	88.000	162.88	0.0061394	129.12	183.14	4.9392	0.69290	1.2329	292.73	0.31724	2.0004e-05	0.027968	supercritical
240.00	88.000	161.78	0.0061814	129.98	184.37	4.9443	0.69233	1.2276	293.57	0.31507	2.0044e-05	0.027994	supercritical
241.00	88.000	160.69	0.0062232	130.83	185.60	4.9494	0.69178	1.2224	294.41	0.31291	2.0084e-05	0.028022	supercritical
242.00	88.000	159.62	0.0062648	131.69	186.82	4.9545	0.69125	1.2174	295.25	0.31077	2.0124e-05	0.028050	supercritical
243.00	88.000	158.57	0.0063062	132.54	188.03	4.9595	0.69074	1.2125	296.08	0.30865	2.0165e-05	0.028080	supercritical
244.00	88.000	157.54	0.0063475	133.39	189.24	4.9645	0.69024	1.2078	296.90	0.30654	2.0207e-05	0.028111	supercritical
245.00	88.000	156.53	0.0063886	134.23	190.45	4.9694	0.68976	1.2032	297.72	0.30445	2.0249e-05	0.028143	supercritical
246.00	88.000	155.53	0.0064295	135.07	191.65	4.9743	0.68929	1.1987	298.53	0.30237	2.0291e-05	0.028176	supercritical
247.00	88.000	154.55	0.0064703	135.91	192.85	4.9791	0.68884	1.1943	299.35	0.30032	2.0333e-05	0.028209	supercritical
248.00	88.000	153.59	0.0065110	136.74	194.04	4.9839	0.68840	1.1901	300.15	0.29827	2.0376e-05	0.028244	supercritical
249.00	88.000	152.64	0.0065515	137.57	195.23	4.9887	0.68797	1.1860	300.95	0.29625	2.0418e-05	0.028280	supercritical
250.00	88.000	151.70	0.0065918	138.40	196.41	4.9935	0.68756	1.1820	301.75	0.29424	2.0462e-05	0.028316	supercritical
251.00	88.000	150.78	0.0066320	139.23	197.59	4.9982	0.68717	1.1781	302.54	0.29225	2.0505e-05	0.028353	supercritical
252.00	88.000	149.88	0.0066721	140.05	198.77	5.0029	0.68678	1.1742	303.33	0.29027	2.0549e-05	0.028392	supercritical
253.00	88.000	148.99	0.0067120	140.87	199.94	5.0075	0.68641	1.1705	304.12	0.28831	2.0593e-05	0.028430	supercritical
254.00	88.000	148.11	0.0067518	141.69	201.11	5.0121	0.68605	1.1669	304.90	0.28637	2.0637e-05	0.028470	supercritical
255.00	88.000	147.24	0.0067915	142.51	202.27	5.0167	0.68570	1.1634	305.67	0.28444	2.0681e-05	0.028510	supercritical
256.00	88.000	146.39	0.0068310	143.32	203.43	5.0212	0.68536	1.1600	306.45	0.28252	2.0725e-05	0.028551	supercritical
257.00	88.000	145.55	0.0068705	144.13	204.59	5.0258	0.68503	1.1566	307.22	0.28063	2.0770e-05	0.028593	supercritical
258.00	88.000	144.72	0.0069098	144.94	205.75	5.0302	0.68472	1.1533	307.98	0.27874	2.0815e-05	0.028635	supercritical
259.00	88.000	143.91	0.0069490	145.75	206.90	5.0347	0.68441	1.1501	308.74	0.27688	2.0860e-05	0.028678	supercritical
260.00	88.000	143.10	0.0069880	146.55	208.05	5.0391	0.68412	1.1470	309.50	0.27502	2.0905e-05	0.028722	supercritical
261.00	88.000	142.31	0.0070270	147.36	209.19	5.0435	0.68383	1.1440	310.25	0.27319	2.0951e-05	0.028766	supercritical
262.00	88.000	141.53	0.0070658	148.16	210.34	5.0479	0.68356	1.1410	311.00	0.27136	2.0996e-05	0.028811	supercritical
263.00	88.000	140.75	0.0071046	148.96	211.48	5.0522	0.68329	1.1381	311.75	0.26956	2.1042e-05	0.028856	supercritical
264.00	88.000	139.99	0.0071432	149.75	212.61	5.0565	0.68303	1.1353	312.49	0.26776	2.1088e-05	0.028902	supercritical
265.00	88.000	139.24	0.0071817	150.55	213.75	5.0608	0.68279	1.1325	313.23	0.26599	2.1134e-05	0.028948	supercritical
266.00	88.000	138.50	0.0072201	151.34	214.88	5.0651	0.68255	1.1298	313.97	0.26422	2.1180e-05	0.028995	supercritical
267.00	88.000	137.77	0.0072584	152.13	216.01	5.0693	0.68232	1.1272	314.70	0.26247	2.1226e-05	0.029042	supercritical
268.00	88.000	137.05	0.0072966	152.92	217.13	5.0735	0.68209	1.1246	315.43	0.26073	2.1272e-05	0.029090	supercritical
269.00	88.000	136.34	0.0073348	153.71	218.26	5.0777	0.68188	1.1221	316.15	0.25901	2.1318e-05	0.029138	supercritical
270.00	88.000	135.63	0.0073728	154.50	219.38	5.0819	0.68168	1.1196	316.87	0.25730	2.1365e-05	0.029186	supercritical
271.00	88.000	134.94	0.0074107	155.28	220.49	5.0860	0.68148	1.1172	317.59	0.25561	2.1411e-05	0.029235	supercritical
272.00	88.000	134.25	0.0074486	156.06	221.61	5.0901	0.68129	1.1148	318.31	0.25393	2.1458e-05	0.029285	supercritical
273.00	88.000	133.58	0.0074863	156.84	222.72	5.0942	0.68110	1.1125	319.02	0.25226	2.1505e-05	0.029335	supercritical
274.00	88.000	132.91	0.0075240	157.62	223.84	5.0983	0.68093	1.1103	319.73	0.25061	2.1552e-05	0.029385	supercritical
275.00	88.000	132.25	0.0075615	158.40	224.94	5.1023	0.68076	1.1081	320.44	0.24896	2.1599e-05	0.029435	supercritical
276.00	88.000	131.60	0.0075990	159.18	226.05	5.1063	0.68060	1.1059	321.14	0.24734	2.1646e-05	0.029486	supercritical
277.00	88.000	130.95	0.0076364	159.96	227.16	5.1103	0.68044	1.1038	321.84	0.24572	2.1693e-05	0.029538	supercritical
278.00	88.000	130.31	0.0076737	160.73	228.26	5.1143	0.68030	1.1017	322.54	0.24412	2.1740e-05	0.029589	supercritical
279.00	88.000	129.69	0.0077110	161.50	229.36	5.1183	0.68016	1.0997	323.23	0.24253	2.1787e-05	0.029641	supercritical
280.00	88.000	129.06	0.0077481	162.28	230.46	5.1222	0.68002	1.0977	323.92	0.24095	2.1834e-05	0.029693	supercritical
281.00	88.000	128.45	0.0077852	163.05	231.56	5.1261	0.67989	1.0958	324.61	0.23938	2.1882e-05	0.029746	supercritical
282.00	88.000	127.84	0.0078222	163.81	232.65	5.1300	0.67977	1.0939	325.30	0.23783	2.1929e-05	0.029799	supercritical
283.00	88.000	127.24	0.0078591	164.58	233.74	5.1339	0.67965	1.0920	325.98	0.23629	2.1977e-05	0.029852	supercritical
284.00	88.000	126.65	0.0078960	165.35	234.83	5.1377	0.67954	1.0902	326.66	0.23476	2.2024e-05	0.029905	supercritical
285.00	88.000	126.06	0.0079328	166.12	235.92	5.1415	0.67944	1.0884	327.34	0.23324	2.2072e-05	0.029959	supercritical
286.00	88.000	125.48	0.0079695	166.88	237.01	5.1453	0.67934	1.0866	328.01	0.23174	2.2119e-05	0.030013	supercritical
287.00	88.000	124.90	0.0080061	167.64	238.10	5.1491	0.67925	1.0849	328.68	0.23024	2.2167e-05	0.030067	supercritical
288.00	88.000	124.34	0.0080427	168.41	239.18	5.1529	0.67916	1.0832	329.35	0.22876	2.2214e-05	0.030121	supercritical
289.00	88.000	123.78	0.0080792	169.17	240.26	5.1567	0.67908	1.0816	330.02	0.22729	2.2262e-05	0.030176	supercritical
290.00	88.000	123.22	0.0081156	169.93	241.34	5.1604	0.67900	1.0800	330.68	0.22583	2.2310e-05	0.030231	supercritical
291.00	88.000	122.67	0.0081520	170.69	242.42	5.1641	0.67893	1.0784	331.34	0.22438	2.2357e-05	0.030286	supercritical
292.00	88.000	122.13	0.0081883	171.44	243.50	5.1678	0.67887	1.0768	332.00	0.22294	2.2405e-05	0.030341	supercritical
293.00	88.000	121.59	0.0082245	172.20	244.58	5.1715	0.67880	1.0753	332.66	0.22151	2.2453e-05	0.030397	supercritical
294.00	88.000	121.06	0.0082607	172.96	245.65	5.1751	0.67875	1.0738	333.31	0.22009	2.2501e-05	0.030453	supercritical
295.00	88.000	120.53	0.0082968	173.71	246.72	5.1788	0.67870	1.0724	333.96	0.21869	2.2549e-05	0.030508	supercritical
296.00	88.000	120.01	0.0083328	174.47	247.80	5.1824	0.67865	1.0709	334.61	0.21729	2.2597e-05	0.030564	supercritical
297.00	88.000	119.49	0.0083688	175.22	248.87	5.1860	0.67861	1.0695	335.26	0.21591	2.2644e-05	0.030621	supercritical
298.00	88.000	118.98	0.0084047	175.97	249.94	5.1896	0.67857	1.0681	335.90	0.21453	2.2692e-05	0.030677	supercritical
299.00	88.000	118.48	0.0084406	176.73	251.00	5.1932	0.67854	1.0668	336.54	0.21317	2.2740e-05	0.030733	supercritical
300.00	88.000	117.97	0.0084764	177.48	252.07	5.1967	0.67851	1.0655	337.18	0.21181	2.2788e-05	0.030790	supercritical
301.00	88.000	117.48	0.0085121	178.23	253.13	5.2003	0.67849	1.0642	337.82	0.21047	2.2836e-05	0.030847	supercritical
302.00	88.000	116.99	0.0085478	178.98	254.20	5.2038	0.67847	1.0629	338.45	0.20913	2.2884e-05	0.030904	supercritical
303.00	88.000	116.50	0.0085835	179.73	255.26	5.2073	0.67846	1.0616	339.09	0.20781	2.2932e-05	0.030960	supercritical
304.00	88.000	116.02	0.0086190	180.47	256.32	5.2108	0.67845	1.0604	339.72	0.20649	2.2980e-05	0.031017	supercritical
305.00	88.000	115.55	0.0086546	181.22	257.38	5.2143	0.67844	1.0592	340.34	0.20519	2.3028e-05	0.031074	supercritical
306.00	88.000	115.07	0.0086900	181.97	258.44	5.2178	0.67844	1.0580	340.97	0.20389	2.3076e-05	0.031131	supercritical
307.00	88.000	114.61	0.0087255	182.71	259.50	5.2212	0.67844	1.0569	341.59	0.20260	2.3124e-05	0.031187	supercritical
308.00	88.000	114.14	0.0087608	183.46	260.55	5.2247	0.67845	1.0557	342.22	0.20133	2.3172e-05	0.031243	supercritical
309.00	88.000	113.69	0.0087962	184.20	261.61	5.2281	0.67846	1.0546	342.83	0.20006	2.3220e-05	0.031296	supercritical
310.00	88.000	113.23	0.0088314	184.95	262.66	5.2315	0.67847	1.0535	343.45	0.19880	2.3268e-05	0.031352	supercritical
311.00	88.000	112.78	0.0088666	185.69	263.72	5.2349	0.67849	1.0525	344.07	0.19755	2.3316e-05	0.031413	supercritical
312.00	88.000	112.34	0.0089018	186.43	264.77	5.2383	0.67851	1.0514	344.68	0.19631	2.3363e-05	0.031473	supercritical
313.00	88.000	111.90	0.0089369	187.17	265.82	5.2416	0.67854	1.0504	345.29	0.19507	2.3411e-05	0.031534	supercritical
314.00	88.000	111.46	0.0089720	187.91	266.87	5.2450	0.67857	1.0494	345.90	0.19385	2.3459e-05	0.031595	supercritical
315.00	88.000	111.02	0.0090070	188.65	267.92	5.2483	0.67860	1.0484	346.51	0.19263	2.3507e-05	0.031655	supercritical
316.00	88.000	110.59	0.0090420	189.39	268.96	5.2516	0.67864	1.0474	347.11	0.19143	2.3555e-05	0.031716	supercritical
317.00	88.000	110.17	0.0090770	190.13	270.01	5.2549	0.67868	1.0464	347.71	0.19023	2.3603e-05	0.031777	supercritical
318.00	88.000	109.75	0.0091118	190.87	271.06	5.2582	0.67872	1.0455	348.31	0.18904	2.3651e-05	0.031838	supercritical
319.00	88.000	109.33	0.0091467	191.61	272.10	5.2615	0.67877	1.0446	348.91	0.18786	2.3699e-05	0.031900	supercritical
320.00	88.000	108.91	0.0091815	192.35	273.15	5.2648	0.67882	1.0437	349.51	0.18668	2.3747e-05	0.031961	supercritical
321.00	88.000	108.50	0.0092163	193.09	274.19	5.2680	0.67887	1.0428	350.11	0.18552	2.3795e-05	0.032022	supercritical
322.00	88.000	108.10	0.0092510	193.82	275.23	5.2713	0.67893	1.0419	350.70	0.18436	2.3842e-05	0.032084	supercritical
323.00	88.000	107.69	0.0092856	194.56	276.27	5.2745	0.67899	1.0411	351.29	0.18321	2.3890e-05	0.032145	supercritical
324.00	88.000	107.29	0.0093203	195.30	277.31	5.2777	0.67906	1.0402	351.88	0.18207	2.3938e-05	0.032207	supercritical
325.00	88.000	106.90	0.0093549	196.03	278.35	5.2809	0.67912	1.0394	352.47	0.18094	2.3986e-05	0.032269	supercritical
326.00	88.000	106.50	0.0093894	196.77	279.39	5.2841	0.67919	1.0386	353.05	0.17981	2.4034e-05	0.032331	supercritical
327.00	88.000	106.11	0.0094239	197.50	280.43	5.2873	0.67927	1.0378	353.64	0.17869	2.4082e-05	0.032392	supercritical
328.00	88.000	105.73	0.0094584	198.23	281.47	5.2905	0.67934	1.0370	354.22	0.17758	2.4129e-05	0.032454	supercritical
329.00	88.000	105.34	0.0094928	198.97	282.51	5.2936	0.67942	1.0363	354.80	0.17648	2.4177e-05	0.032516	supercritical
330.00	88.000	104.96	0.0095272	199.70	283.54	5.2968	0.67950	1.0355	355.38	0.17538	2.4225e-05	0.032578	supercritical
331.00	88.000	104.59	0.0095616	200.43	284.58	5.2999	0.67959	1.0348	355.96	0.17429	2.4272e-05	0.032641	supercritical
332.00	88.000	104.21	0.0095959	201.17	285.61	5.3030	0.67968	1.0341	356.53	0.17321	2.4320e-05	0.032703	supercritical
333.00	88.000	103.84	0.0096302	201.90	286.64	5.3061	0.67977	1.0333	357.10	0.17214	2.4368e-05	0.032765	supercritical
334.00	88.000	103.47	0.0096644	202.63	287.68	5.3092	0.67986	1.0327	357.68	0.17107	2.4415e-05	0.032827	supercritical
335.00	88.000	103.11	0.0096986	203.36	288.71	5.3123	0.67996	1.0320	358.25	0.17001	2.4463e-05	0.032890	supercritical
336.00	88.000	102.75	0.0097328	204.09	289.74	5.3154	0.68006	1.0313	358.81	0.16896	2.4511e-05	0.032952	supercritical
337.00	88.000	102.39	0.0097669	204.82	290.77	5.3184	0.68016	1.0307	359.38	0.16792	2.4558e-05	0.033015	supercritical
338.00	88.000	102.03	0.0098010	205.55	291.80	5.3215	0.68027	1.0300	359.95	0.16688	2.4606e-05	0.033077	supercritical
339.00	88.000	101.68	0.0098351	206.28	292.83	5.3245	0.68038	1.0294	360.51	0.16585	2.4653e-05	0.033140	supercritical
340.00	88.000	101.33	0.0098691	207.01	293.86	5.3276	0.68049	1.0288	361.07	0.16482	2.4701e-05	0.033203	supercritical
341.00	88.000	100.98	0.0099031	207.74	294.89	5.3306	0.68060	1.0282	361.63	0.16380	2.4748e-05	0.033265	supercritical
342.00	88.000	100.63	0.0099371	208.47	295.92	5.3336	0.68071	1.0276	362.19	0.16279	2.4796e-05	0.033328	supercritical
343.00	88.000	100.29	0.0099710	209.20	296.95	5.3366	0.68083	1.0270	362.75	0.16179	2.4843e-05	0.033391	supercritical
344.00	88.000	99.951	0.010005	209.93	297.97	5.3396	0.68095	1.0264	363.30	0.16079	2.4891e-05	0.033454	supercritical
345.00	88.000	99.614	0.010039	210.66	299.00	5.3426	0.68108	1.0258	363.86	0.15980	2.4938e-05	0.033517	supercritical
346.00	88.000	99.279	0.010073	211.38	300.02	5.3455	0.68120	1.0253	364.41	0.15881	2.4985e-05	0.033580	supercritical
347.00	88.000	98.947	0.010106	212.11	301.05	5.3485	0.68133	1.0248	364.96	0.15783	2.5033e-05	0.033643	supercritical
348.00	88.000	98.617	0.010140	212.84	302.07	5.3514	0.68146	1.0242	365.51	0.15686	2.5080e-05	0.033706	supercritical
349.00	88.000	98.290	0.010174	213.57	303.10	5.3544	0.68160	1.0237	366.06	0.15589	2.5127e-05	0.033769	supercritical
350.00	88.000	97.966	0.010208	214.29	304.12	5.3573	0.68173	1.0232	366.60	0.15493	2.5174e-05	0.033832	supercritical
351.00	88.000	97.644	0.010241	215.02	305.14	5.3602	0.68187	1.0227	367.15	0.15398	2.5222e-05	0.033895	supercritical
352.00	88.000	97.324	0.010275	215.75	306.17	5.3631	0.68201	1.0222	367.69	0.15303	2.5269e-05	0.033958	supercritical
353.00	88.000	97.007	0.010309	216.47	307.19	5.3660	0.68215	1.0217	368.23	0.15209	2.5316e-05	0.034021	supercritical
354.00	88.000	96.691	0.010342	217.20	308.21	5.3689	0.68230	1.0213	368.77	0.15115	2.5363e-05	0.034085	supercritical
355.00	88.000	96.379	0.010376	217.92	309.23	5.3718	0.68245	1.0208	369.31	0.15022	2.5410e-05	0.034148	supercritical
356.00	88.000	96.068	0.010409	218.65	310.25	5.3747	0.68259	1.0204	369.85	0.14930	2.5457e-05	0.034211	supercritical
357.00	88.000	95.760	0.010443	219.37	311.27	5.3775	0.68275	1.0199	370.38	0.14838	2.5504e-05	0.034275	supercritical
358.00	88.000	95.454	0.010476	220.10	312.29	5.3804	0.68290	1.0195	370.92	0.14746	2.5551e-05	0.034338	supercritical
359.00	88.000	95.150	0.010510	220.82	313.31	5.3832	0.68306	1.0191	371.45	0.14656	2.5598e-05	0.034401	supercritical
360.00	88.000	94.849	0.010543	221.55	314.33	5.3861	0.68321	1.0187	371.98	0.14566	2.5645e-05	0.034465	supercritical
361.00	88.000	94.549	0.010577	222.27	315.35	5.3889	0.68337	1.0183	372.51	0.14476	2.5692e-05	0.034528	supercritical
362.00	88.000	94.252	0.010610	223.00	316.37	5.3917	0.68354	1.0179	373.04	0.14387	2.5739e-05	0.034592	supercritical
363.00	88.000	93.956	0.010643	223.72	317.38	5.3945	0.68370	1.0175	373.57	0.14298	2.5786e-05	0.034655	supercritical
364.00	88.000	93.663	0.010677	224.45	318.40	5.3973	0.68387	1.0171	374.10	0.14211	2.5833e-05	0.034719	supercritical
365.00	88.000	93.372	0.010710	225.17	319.42	5.4001	0.68404	1.0167	374.62	0.14123	2.5879e-05	0.034783	supercritical
366.00	88.000	93.083	0.010743	225.89	320.43	5.4029	0.68421	1.0164	375.15	0.14036	2.5926e-05	0.034846	supercritical
367.00	88.000	92.796	0.010776	226.62	321.45	5.4057	0.68438	1.0160	375.67	0.13950	2.5973e-05	0.034910	supercritical
368.00	88.000	92.511	0.010810	227.34	322.47	5.4084	0.68455	1.0157	376.19	0.13864	2.6020e-05	0.034973	supercritical
369.00	88.000	92.228	0.010843	228.07	323.48	5.4112	0.68473	1.0153	376.71	0.13779	2.6066e-05	0.035037	supercritical
370.00	88.000	91.946	0.010876	228.79	324.50	5.4139	0.68491	1.0150	377.23	0.13694	2.6113e-05	0.035101	supercritical
371.00	88.000	91.667	0.010909	229.51	325.51	5.4167	0.68509	1.0147	377.75	0.13610	2.6159e-05	0.035164	supercritical
372.00	88.000	91.390	0.010942	230.24	326.53	5.4194	0.68527	1.0144	378.26	0.13526	2.6206e-05	0.035228	supercritical
373.00	88.000	91.114	0.010975	230.96	327.54	5.4221	0.68545	1.0141	378.78	0.13443	2.6253e-05	0.035292	supercritical
374.00	88.000	90.840	0.011008	231.68	328.55	5.4248	0.68564	1.0138	379.29	0.13360	2.6299e-05	0.035356	supercritical
375.00	88.000	90.569	0.011041	232.40	329.57	5.4275	0.68582	1.0135	379.80	0.13278	2.6345e-05	0.035419	supercritical
376.00	88.000	90.299	0.011074	233.13	330.58	5.4302	0.68601	1.0132	380.31	0.13196	2.6392e-05	0.035483	supercritical
377.00	88.000	90.030	0.011107	233.85	331.59	5.4329	0.68620	1.0129	380.82	0.13115	2.6438e-05	0.035547	supercritical
378.00	88.000	89.764	0.011140	234.57	332.61	5.4356	0.68640	1.0126	381.33	0.13034	2.6485e-05	0.035611	supercritical
379.00	88.000	89.499	0.011173	235.29	333.62	5.4383	0.68659	1.0123	381.84	0.12954	2.6531e-05	0.035675	supercritical
380.00	88.000	89.236	0.011206	236.02	334.63	5.4409	0.68679	1.0121	382.35	0.12874	2.6577e-05	0.035739	supercritical
381.00	88.000	88.975	0.011239	236.74	335.64	5.4436	0.68698	1.0118	382.85	0.12795	2.6624e-05	0.035802	supercritical
382.00	88.000	88.715	0.011272	237.46	336.66	5.4463	0.68718	1.0116	383.36	0.12716	2.6670e-05	0.035866	supercritical
383.00	88.000	88.457	0.011305	238.18	337.67	5.4489	0.68739	1.0113	383.86	0.12638	2.6716e-05	0.035930	supercritical
384.00	88.000	88.201	0.011338	238.91	338.68	5.4515	0.68759	1.0111	384.36	0.12560	2.6762e-05	0.035994	supercritical
385.00	88.000	87.946	0.011371	239.63	339.69	5.4542	0.68779	1.0109	384.86	0.12483	2.6808e-05	0.036058	supercritical
386.00	88.000	87.694	0.011403	240.35	340.70	5.4568	0.68800	1.0107	385.36	0.12406	2.6854e-05	0.036122	supercritical
387.00	88.000	87.442	0.011436	241.07	341.71	5.4594	0.68820	1.0104	385.86	0.12329	2.6900e-05	0.036186	supercritical
388.00	88.000	87.192	0.011469	241.79	342.72	5.4620	0.68841	1.0102	386.35	0.12253	2.6946e-05	0.036250	supercritical
389.00	88.000	86.944	0.011502	242.52	343.73	5.4646	0.68862	1.0100	386.85	0.12177	2.6992e-05	0.036314	supercritical
390.00	88.000	86.698	0.011534	243.24	344.74	5.4672	0.68884	1.0098	387.35	0.12102	2.7038e-05	0.036378	supercritical
391.00	88.000	86.452	0.011567	243.96	345.75	5.4698	0.68905	1.0096	387.84	0.12028	2.7084e-05	0.036442	supercritical
392.00	88.000	86.209	0.011600	244.68	346.76	5.4724	0.68926	1.0094	388.33	0.11953	2.7130e-05	0.036506	supercritical
393.00	88.000	85.967	0.011632	245.40	347.77	5.4749	0.68948	1.0092	388.82	0.11879	2.7176e-05	0.036570	supercritical
394.00	88.000	85.726	0.011665	246.13	348.78	5.4775	0.68970	1.0091	389.31	0.11806	2.7222e-05	0.036634	supercritical
395.00	88.000	85.487	0.011698	246.85	349.79	5.4801	0.68992	1.0089	389.80	0.11733	2.7267e-05	0.036698	supercritical
396.00	88.000	85.250	0.011730	247.57	350.80	5.4826	0.69014	1.0087	390.29	0.11660	2.7313e-05	0.036762	supercritical
397.00	88.000	85.014	0.011763	248.29	351.80	5.4852	0.69036	1.0086	390.78	0.11588	2.7359e-05	0.036826	supercritical
398.00	88.000	84.779	0.011795	249.01	352.81	5.4877	0.69058	1.0084	391.26	0.11516	2.7405e-05	0.036890	supercritical
399.00	88.000	84.546	0.011828	249.74	353.82	5.4902	0.69081	1.0083	391.75	0.11445	2.7450e-05	0.036954	supercritical
400.00	88.000	84.314	0.011860	250.46	354.83	5.4928	0.69103	1.0081	392.23	0.11374	2.7496e-05	0.037018	supercritical
401.00	88.000	84.083	0.011893	251.18	355.84	5.4953	0.69126	1.0080	392.72	0.11303	2.7541e-05	0.037082	supercritical
402.00	88.000	83.854	0.011925	251.90	356.85	5.4978	0.69149	1.0078	393.20	0.11233	2.7587e-05	0.037146	supercritical
403.00	88.000	83.626	0.011958	252.62	357.85	5.5003	0.69172	1.0077	393.68	0.11163	2.7632e-05	0.037210	supercritical
404.00	88.000	83.400	0.011990	253.35	358.86	5.5028	0.69195	1.0076	394.16	0.11094	2.7678e-05	0.037274	supercritical
405.00	88.000	83.175	0.012023	254.07	359.87	5.5053	0.69218	1.0075	394.64	0.11025	2.7723e-05	0.037338	supercritical
406.00	88.000	82.951	0.012055	254.79	360.88	5.5078	0.69241	1.0073	395.12	0.10957	2.7769e-05	0.037402	supercritical
407.00	88.000	82.729	0.012088	255.51	361.88	5.5102	0.69265	1.0072	395.59	0.10888	2.7814e-05	0.037466	supercritical
408.00	88.000	82.508	0.012120	256.23	362.89	5.5127	0.69289	1.0071	396.07	0.10821	2.7859e-05	0.037530	supercritical
409.00	88.000	82.288	0.012152	256.96	363.90	5.5152	0.69312	1.0070	396.54	0.10753	2.7905e-05	0.037594	supercritical
410.00	88.000	82.070	0.012185	257.68	364.90	5.5176	0.69336	1.0069	397.02	0.10686	2.7950e-05	0.037658	supercritical
411.00	88.000	81.853	0.012217	258.40	365.91	5.5201	0.69360	1.0068	397.49	0.10620	2.7995e-05	0.037722	supercritical
412.00	88.000	81.637	0.012249	259.12	366.92	5.5225	0.69384	1.0067	397.96	0.10553	2.8040e-05	0.037786	supercritical
413.00	88.000	81.422	0.012282	259.85	367.92	5.5250	0.69408	1.0066	398.43	0.10487	2.8085e-05	0.037850	supercritical
414.00	88.000	81.208	0.012314	260.57	368.93	5.5274	0.69433	1.0066	398.90	0.10422	2.8130e-05	0.037914	supercritical
415.00	88.000	80.996	0.012346	261.29	369.94	5.5298	0.69457	1.0065	399.37	0.10357	2.8175e-05	0.037978	supercritical
416.00	88.000	80.785	0.012379	262.01	370.94	5.5323	0.69481	1.0064	399.84	0.10292	2.8221e-05	0.038042	supercritical
417.00	88.000	80.575	0.012411	262.74	371.95	5.5347	0.69506	1.0063	400.31	0.10227	2.8266e-05	0.038106	supercritical
418.00	88.000	80.367	0.012443	263.46	372.96	5.5371	0.69531	1.0063	400.77	0.10163	2.8310e-05	0.038170	supercritical
419.00	88.000	80.159	0.012475	264.18	373.96	5.5395	0.69556	1.0062	401.24	0.10100	2.8355e-05	0.038234	supercritical
420.00	88.000	79.953	0.012507	264.90	374.97	5.5419	0.69581	1.0061	401.70	0.10036	2.8400e-05	0.038298	supercritical
421.00	88.000	79.748	0.012540	265.63	375.98	5.5443	0.69606	1.0061	402.17	0.099731	2.8445e-05	0.038362	supercritical
422.00	88.000	79.544	0.012572	266.35	376.98	5.5467	0.69631	1.0060	402.63	0.099104	2.8490e-05	0.038426	supercritical
423.00	88.000	79.341	0.012604	267.07	377.99	5.5490	0.69656	1.0060	403.09	0.098480	2.8535e-05	0.038490	supercritical
424.00	88.000	79.139	0.012636	267.80	378.99	5.5514	0.69681	1.0059	403.55	0.097860	2.8579e-05	0.038554	supercritical
425.00	88.000	78.938	0.012668	268.52	380.00	5.5538	0.69707	1.0059	404.01	0.097243	2.8624e-05	0.038617	supercritical
426.00	88.000	78.739	0.012700	269.24	381.01	5.5562	0.69732	1.0059	404.47	0.096630	2.8669e-05	0.038681	supercritical
427.00	88.000	78.540	0.012732	269.97	382.01	5.5585	0.69758	1.0058	404.93	0.096020	2.8713e-05	0.038745	supercritical
428.00	88.000	78.343	0.012764	270.69	383.02	5.5609	0.69783	1.0058	405.39	0.095413	2.8758e-05	0.038809	supercritical
429.00	88.000	78.147	0.012796	271.41	384.02	5.5632	0.69809	1.0058	405.84	0.094810	2.8803e-05	0.038873	supercritical
430.00	88.000	77.952	0.012828	272.14	385.03	5.5656	0.69835	1.0058	406.30	0.094210	2.8847e-05	0.038937	supercritical
431.00	88.000	77.757	0.012861	272.86	386.03	5.5679	0.69861	1.0057	406.75	0.093613	2.8892e-05	0.039001	supercritical
432.00	88.000	77.564	0.012893	273.59	387.04	5.5702	0.69887	1.0057	407.21	0.093019	2.8936e-05	0.039065	supercritical
433.00	88.000	77.372	0.012925	274.31	388.05	5.5725	0.69913	1.0057	407.66	0.092429	2.8981e-05	0.039129	supercritical
434.00	88.000	77.181	0.012957	275.03	389.05	5.5749	0.69939	1.0057	408.11	0.091842	2.9025e-05	0.039193	supercritical
435.00	88.000	76.991	0.012988	275.76	390.06	5.5772	0.69966	1.0057	408.57	0.091258	2.9069e-05	0.039257	supercritical
436.00	88.000	76.802	0.013020	276.48	391.06	5.5795	0.69992	1.0057	409.02	0.090677	2.9114e-05	0.039321	supercritical
437.00	88.000	76.614	0.013052	277.21	392.07	5.5818	0.70019	1.0057	409.47	0.090099	2.9158e-05	0.039384	supercritical
438.00	88.000	76.427	0.013084	277.93	393.07	5.5841	0.70045	1.0057	409.91	0.089524	2.9202e-05	0.039448	supercritical
439.00	88.000	76.241	0.013116	278.66	394.08	5.5864	0.70072	1.0057	410.36	0.088952	2.9246e-05	0.039512	supercritical
440.00	88.000	76.056	0.013148	279.38	395.09	5.5887	0.70098	1.0057	410.81	0.088384	2.9290e-05	0.039576	supercritical
441.00	88.000	75.872	0.013180	280.11	396.09	5.5910	0.70125	1.0057	411.26	0.087818	2.9335e-05	0.039640	supercritical
442.00	88.000	75.689	0.013212	280.83	397.10	5.5932	0.70152	1.0057	411.70	0.087256	2.9379e-05	0.039704	supercritical
443.00	88.000	75.507	0.013244	281.56	398.10	5.5955	0.70179	1.0057	412.15	0.086696	2.9423e-05	0.039767	supercritical
444.00	88.000	75.326	0.013276	282.28	399.11	5.5978	0.70206	1.0058	412.59	0.086139	2.9467e-05	0.039831	supercritical
445.00	88.000	75.145	0.013308	283.01	400.11	5.6000	0.70233	1.0058	413.04	0.085586	2.9511e-05	0.039895	supercritical
446.00	88.000	74.966	0.013339	283.73	401.12	5.6023	0.70260	1.0058	413.48	0.085035	2.9555e-05	0.039959	supercritical
447.00	88.000	74.788	0.013371	284.46	402.13	5.6045	0.70287	1.0058	413.92	0.084487	2.9599e-05	0.040023	supercritical
448.00	88.000	74.610	0.013403	285.19	403.13	5.6068	0.70314	1.0059	414.36	0.083942	2.9643e-05	0.040086	supercritical
449.00	88.000	74.434	0.013435	285.91	404.14	5.6090	0.70342	1.0059	414.80	0.083400	2.9686e-05	0.040150	supercritical
450.00	88.000	74.258	0.013467	286.64	405.14	5.6113	0.70369	1.0059	415.24	0.082861	2.9730e-05	0.040214	supercritical
451.00	88.000	74.083	0.013498	287.36	406.15	5.6135	0.70397	1.0060	415.68	0.082324	2.9774e-05	0.040278	supercritical
452.00	88.000	73.909	0.013530	288.09	407.16	5.6157	0.70424	1.0060	416.12	0.081791	2.9818e-05	0.040341	supercritical
453.00	88.000	73.736	0.013562	288.82	408.16	5.6180	0.70452	1.0061	416.55	0.081260	2.9862e-05	0.040405	supercritical
454.00	88.000	73.564	0.013594	289.54	409.17	5.6202	0.70479	1.0061	416.99	0.080732	2.9905e-05	0.040469	supercritical
455.00	88.000	73.393	0.013625	290.27	410.17	5.6224	0.70507	1.0062	417.43	0.080206	2.9949e-05	0.040532	supercritical
456.00	88.000	73.222	0.013657	291.00	411.18	5.6246	0.70535	1.0062	417.86	0.079684	2.9993e-05	0.040596	supercritical
457.00	88.000	73.053	0.013689	291.73	412.19	5.6268	0.70563	1.0063	418.30	0.079164	3.0036e-05	0.040660	supercritical
458.00	88.000	72.884	0.013720	292.45	413.19	5.6290	0.70590	1.0063	418.73	0.078647	3.0080e-05	0.040723	supercritical
459.00	88.000	72.716	0.013752	293.18	414.20	5.6312	0.70618	1.0064	419.16	0.078132	3.0123e-05	0.040787	supercritical
460.00	88.000	72.549	0.013784	293.91	415.21	5.6334	0.70646	1.0064	419.60	0.077621	3.0167e-05	0.040851	supercritical
461.00	88.000	72.383	0.013815	294.64	416.21	5.6356	0.70674	1.0065	420.03	0.077111	3.0210e-05	0.040914	supercritical
462.00	88.000	72.217	0.013847	295.36	417.22	5.6378	0.70702	1.0066	420.46	0.076605	3.0253e-05	0.040978	supercritical
463.00	88.000	72.053	0.013879	296.09	418.22	5.6399	0.70731	1.0066	420.89	0.076101	3.0297e-05	0.041041	supercritical
464.00	88.000	71.889	0.013910	296.82	419.23	5.6421	0.70759	1.0067	421.32	0.075599	3.0340e-05	0.041105	supercritical
465.00	88.000	71.726	0.013942	297.55	420.24	5.6443	0.70787	1.0068	421.75	0.075101	3.0383e-05	0.041169	supercritical
466.00	88.000	71.564	0.013974	298.28	421.25	5.6464	0.70815	1.0069	422.17	0.074604	3.0427e-05	0.041232	supercritical
467.00	88.000	71.402	0.014005	299.01	422.25	5.6486	0.70844	1.0069	422.60	0.074111	3.0470e-05	0.041296	supercritical
468.00	88.000	71.242	0.014037	299.74	423.26	5.6507	0.70872	1.0070	423.03	0.073619	3.0513e-05	0.041359	supercritical
469.00	88.000	71.082	0.014068	300.47	424.27	5.6529	0.70900	1.0071	423.45	0.073131	3.0556e-05	0.041423	supercritical
470.00	88.000	70.923	0.014100	301.19	425.27	5.6550	0.70929	1.0072	423.88	0.072645	3.0599e-05	0.041486	supercritical
471.00	88.000	70.764	0.014131	301.92	426.28	5.6572	0.70957	1.0073	424.30	0.072161	3.0643e-05	0.041550	supercritical
472.00	88.000	70.607	0.014163	302.65	427.29	5.6593	0.70986	1.0073	424.73	0.071680	3.0686e-05	0.041613	supercritical
473.00	88.000	70.450	0.014194	303.38	428.30	5.6615	0.71014	1.0074	425.15	0.071201	3.0729e-05	0.041676	supercritical
474.00	88.000	70.294	0.014226	304.11	429.30	5.6636	0.71043	1.0075	425.57	0.070724	3.0772e-05	0.041740	supercritical
475.00	88.000	70.139	0.014258	304.84	430.31	5.6657	0.71072	1.0076	425.99	0.070250	3.0815e-05	0.041803	supercritical
476.00	88.000	69.984	0.014289	305.57	431.32	5.6678	0.71100	1.0077	426.42	0.069779	3.0858e-05	0.041867	supercritical
477.00	88.000	69.830	0.014320	306.31	432.33	5.6699	0.71129	1.0078	426.84	0.069309	3.0900e-05	0.041930	supercritical
478.00	88.000	69.677	0.014352	307.04	433.33	5.6720	0.71158	1.0079	427.26	0.068842	3.0943e-05	0.041993	supercritical
479.00	88.000	69.524	0.014383	307.77	434.34	5.6742	0.71187	1.0080	427.68	0.068378	3.0986e-05	0.042057	supercritical
480.00	88.000	69.373	0.014415	308.50	435.35	5.6763	0.71215	1.0081	428.09	0.067916	3.1029e-05	0.042120	supercritical
481.00	88.000	69.222	0.014446	309.23	436.36	5.6784	0.71244	1.0082	428.51	0.067456	3.1072e-05	0.042183	supercritical
482.00	88.000	69.071	0.014478	309.96	437.37	5.6804	0.71273	1.0083	428.93	0.066998	3.1114e-05	0.042247	supercritical
483.00	88.000	68.922	0.014509	310.69	438.37	5.6825	0.71302	1.0084	429.35	0.066543	3.1157e-05	0.042310	supercritical
484.00	88.000	68.773	0.014541	311.42	439.38	5.6846	0.71331	1.0085	429.76	0.066090	3.1200e-05	0.042373	supercritical
485.00	88.000	68.624	0.014572	312.16	440.39	5.6867	0.71360	1.0086	430.18	0.065639	3.1242e-05	0.042437	supercritical
486.00	88.000	68.477	0.014603	312.89	441.40	5.6888	0.71389	1.0087	430.59	0.065190	3.1285e-05	0.042500	supercritical
487.00	88.000	68.330	0.014635	313.62	442.41	5.6909	0.71418	1.0089	431.01	0.064744	3.1328e-05	0.042563	supercritical
488.00	88.000	68.184	0.014666	314.35	443.42	5.6929	0.71447	1.0090	431.42	0.064300	3.1370e-05	0.042626	supercritical
489.00	88.000	68.038	0.014698	315.09	444.43	5.6950	0.71476	1.0091	431.83	0.063858	3.1413e-05	0.042689	supercritical
490.00	88.000	67.893	0.014729	315.82	445.44	5.6971	0.71505	1.0092	432.25	0.063418	3.1455e-05	0.042753	supercritical
491.00	88.000	67.749	0.014760	316.55	446.44	5.6991	0.71535	1.0093	432.66	0.062981	3.1497e-05	0.042816	supercritical
492.00	88.000	67.605	0.014792	317.29	447.45	5.7012	0.71564	1.0094	433.07	0.062545	3.1540e-05	0.042879	supercritical
493.00	88.000	67.462	0.014823	318.02	448.46	5.7032	0.71593	1.0096	433.48	0.062112	3.1582e-05	0.042942	supercritical
494.00	88.000	67.320	0.014854	318.75	449.47	5.7053	0.71622	1.0097	433.89	0.061681	3.1625e-05	0.043005	supercritical
495.00	88.000	67.178	0.014886	319.49	450.48	5.7073	0.71651	1.0098	434.30	0.061252	3.1667e-05	0.043068	supercritical
496.00	88.000	67.037	0.014917	320.22	451.49	5.7093	0.71681	1.0099	434.71	0.060825	3.1709e-05	0.043131	supercritical
497.00	88.000	66.897	0.014948	320.96	452.50	5.7114	0.71710	1.0101	435.12	0.060400	3.1751e-05	0.043194	supercritical
498.00	88.000	66.757	0.014980	321.69	453.51	5.7134	0.71739	1.0102	435.52	0.059977	3.1794e-05	0.043258	supercritical
499.00	88.000	66.618	0.015011	322.43	454.52	5.7154	0.71769	1.0103	435.93	0.059557	3.1836e-05	0.043321	supercritical
500.00	88.000	66.479	0.015042	323.16	455.53	5.7175	0.71798	1.0105	436.34	0.059138	3.1878e-05	0.043384	supercritical
501.00	88.000	66.342	0.015074	323.90	456.54	5.7195	0.71827	1.0106	436.74	0.058721	3.1920e-05	0.043447	supercritical
502.00	88.000	66.204	0.015105	324.63	457.56	5.7215	0.71857	1.0107	437.15	0.058307	3.1962e-05	0.043510	supercritical
503.00	88.000	66.067	0.015136	325.37	458.57	5.7235	0.71886	1.0109	437.55	0.057894	3.2004e-05	0.043573	supercritical
504.00	88.000	65.931	0.015167	326.10	459.58	5.7255	0.71915	1.0110	437.96	0.057483	3.2046e-05	0.043635	supercritical
505.00	88.000	65.796	0.015199	326.84	460.59	5.7275	0.71945	1.0111	438.36	0.057075	3.2088e-05	0.043698	supercritical
506.00	88.000	65.661	0.015230	327.58	461.60	5.7295	0.71974	1.0113	438.76	0.056668	3.2130e-05	0.043761	supercritical
507.00	88.000	65.527	0.015261	328.31	462.61	5.7315	0.72004	1.0114	439.17	0.056264	3.2172e-05	0.043824	supercritical
508.00	88.000	65.393	0.015292	329.05	463.62	5.7335	0.72033	1.0116	439.57	0.055861	3.2214e-05	0.043887	supercritical
509.00	88.000	65.260	0.015323	329.79	464.63	5.7355	0.72063	1.0117	439.97	0.055460	3.2256e-05	0.043950	supercritical
510.00	88.000	65.127	0.015355	330.52	465.65	5.7375	0.72092	1.0119	440.37	0.055061	3.2297e-05	0.044013	supercritical
511.00	88.000	64.995	0.015386	331.26	466.66	5.7395	0.72122	1.0120	440.77	0.054664	3.2339e-05	0.044076	supercritical
512.00	88.000	64.863	0.015417	332.00	467.67	5.7414	0.72151	1.0121	441.17	0.054269	3.2381e-05	0.044138	supercritical
513.00	88.000	64.732	0.015448	332.74	468.68	5.7434	0.72181	1.0123	441.57	0.053876	3.2423e-05	0.044201	supercritical
514.00	88.000	64.602	0.015479	333.48	469.69	5.7454	0.72210	1.0124	441.97	0.053485	3.2464e-05	0.044264	supercritical
515.00	88.000	64.472	0.015511	334.21	470.71	5.7474	0.72240	1.0126	442.37	0.053095	3.2506e-05	0.044327	supercritical
516.00	88.000	64.343	0.015542	334.95	471.72	5.7493	0.72269	1.0127	442.76	0.052707	3.2548e-05	0.044390	supercritical
517.00	88.000	64.214	0.015573	335.69	472.73	5.7513	0.72299	1.0129	443.16	0.052322	3.2589e-05	0.044452	supercritical
518.00	88.000	64.086	0.015604	336.43	473.75	5.7532	0.72328	1.0131	443.56	0.051938	3.2631e-05	0.044515	supercritical
519.00	88.000	63.959	0.015635	337.17	474.76	5.7552	0.72358	1.0132	443.95	0.051556	3.2672e-05	0.044578	supercritical
520.00	88.000	63.831	0.015666	337.91	475.77	5.7571	0.72388	1.0134	444.35	0.051175	3.2714e-05	0.044640	supercritical
521.00	88.000	63.705	0.015697	338.65	476.78	5.7591	0.72417	1.0135	444.75	0.050797	3.2755e-05	0.044703	supercritical
522.00	88.000	63.579	0.015728	339.39	477.80	5.7610	0.72447	1.0137	445.14	0.050420	3.2797e-05	0.044766	supercritical
523.00	88.000	63.453	0.015760	340.13	478.81	5.7630	0.72476	1.0138	445.53	0.050045	3.2838e-05	0.044828	supercritical
524.00	88.000	63.328	0.015791	340.87	479.83	5.7649	0.72506	1.0140	445.93	0.049672	3.2879e-05	0.044891	supercritical
525.00	88.000	63.204	0.015822	341.61	480.84	5.7668	0.72535	1.0142	446.32	0.049301	3.2921e-05	0.044953	supercritical
526.00	88.000	63.080	0.015853	342.35	481.85	5.7688	0.72565	1.0143	446.71	0.048931	3.2962e-05	0.045016	supercritical
527.00	88.000	62.957	0.015884	343.09	482.87	5.7707	0.72595	1.0145	447.11	0.048563	3.3003e-05	0.045078	supercritical
528.00	88.000	62.834	0.015915	343.83	483.88	5.7726	0.72624	1.0146	447.50	0.048197	3.3045e-05	0.045141	supercritical
529.00	88.000	62.711	0.015946	344.57	484.90	5.7745	0.72654	1.0148	447.89	0.047832	3.3086e-05	0.045203	supercritical
530.00	88.000	62.589	0.015977	345.31	485.91	5.7765	0.72683	1.0150	448.28	0.047469	3.3127e-05	0.045266	supercritical
531.00	88.000	62.468	0.016008	346.06	486.93	5.7784	0.72713	1.0151	448.67	0.047108	3.3168e-05	0.045328	supercritical
532.00	88.000	62.347	0.016039	346.80	487.94	5.7803	0.72742	1.0153	449.06	0.046749	3.3209e-05	0.045391	supercritical
533.00	88.000	62.227	0.016070	347.54	488.96	5.7822	0.72772	1.0155	449.45	0.046391	3.3250e-05	0.045453	supercritical
534.00	88.000	62.107	0.016101	348.28	489.97	5.7841	0.72802	1.0156	449.84	0.046035	3.3291e-05	0.045516	supercritical
535.00	88.000	61.987	0.016132	349.03	490.99	5.7860	0.72831	1.0158	450.22	0.045680	3.3332e-05	0.045578	supercritical
536.00	88.000	61.868	0.016163	349.77	492.01	5.7879	0.72861	1.0160	450.61	0.045328	3.3373e-05	0.045641	supercritical
537.00	88.000	61.750	0.016194	350.51	493.02	5.7898	0.72890	1.0162	451.00	0.044976	3.3414e-05	0.045703	supercritical
538.00	88.000	61.632	0.016225	351.25	494.04	5.7917	0.72920	1.0163	451.38	0.044627	3.3455e-05	0.045765	supercritical
539.00	88.000	61.514	0.016256	352.00	495.05	5.7936	0.72949	1.0165	451.77	0.044279	3.3496e-05	0.045828	supercritical
540.00	88.000	61.397	0.016287	352.74	496.07	5.7954	0.72979	1.0167	452.16	0.043932	3.3537e-05	0.045890	supercritical
541.00	88.000	61.281	0.016318	353.49	497.09	5.7973	0.73008	1.0168	452.54	0.043588	3.3578e-05	0.045952	supercritical
542.00	88.000	61.165	0.016349	354.23	498.10	5.7992	0.73038	1.0170	452.93	0.043244	3.3619e-05	0.046014	supercritical
543.00	88.000	61.049	0.016380	354.98	499.12	5.8011	0.73067	1.0172	453.31	0.042903	3.3660e-05	0.046077	supercritical
544.00	88.000	60.934	0.016411	355.72	500.14	5.8030	0.73097	1.0174	453.69	0.042563	3.3700e-05	0.046139	supercritical
545.00	88.000	60.819	0.016442	356.47	501.16	5.8048	0.73126	1.0175	454.08	0.042224	3.3741e-05	0.046201	supercritical
546.00	88.000	60.705	0.016473	357.21	502.17	5.8067	0.73156	1.0177	454.46	0.041887	3.3782e-05	0.046263	supercritical
547.00	88.000	60.591	0.016504	357.96	503.19	5.8085	0.73185	1.0179	454.84	0.041552	3.3822e-05	0.046325	supercritical
548.00	88.000	60.478	0.016535	358.70	504.21	5.8104	0.73215	1.0181	455.23	0.041218	3.3863e-05	0.046388	supercritical
549.00	88.000	60.365	0.016566	359.45	505.23	5.8123	0.73244	1.0183	455.61	0.040885	3.3904e-05	0.046450	supercritical
550.00	88.000	60.252	0.016597	360.19	506.25	5.8141	0.73274	1.0184	455.99	0.040554	3.3944e-05	0.046512	supercritical
551.00	88.000	60.140	0.016628	360.94	507.27	5.8160	0.73303	1.0186	456.37	0.040225	3.3985e-05	0.046574	supercritical
552.00	88.000	60.028	0.016659	361.69	508.28	5.8178	0.73333	1.0188	456.75	0.039897	3.4025e-05	0.046636	supercritical
553.00	88.000	59.917	0.016690	362.43	509.30	5.8197	0.73362	1.0190	457.13	0.039571	3.4066e-05	0.046698	supercritical
554.00	88.000	59.806	0.016721	363.18	510.32	5.8215	0.73391	1.0192	457.51	0.039246	3.4106e-05	0.046760	supercritical
555.00	88.000	59.696	0.016751	363.93	511.34	5.8233	0.73421	1.0193	457.89	0.038922	3.4147e-05	0.046822	supercritical
556.00	88.000	59.586	0.016782	364.68	512.36	5.8252	0.73450	1.0195	458.27	0.038600	3.4187e-05	0.046884	supercritical
557.00	88.000	59.477	0.016813	365.42	513.38	5.8270	0.73479	1.0197	458.64	0.038280	3.4228e-05	0.046946	supercritical
558.00	88.000	59.368	0.016844	366.17	514.40	5.8288	0.73509	1.0199	459.02	0.037960	3.4268e-05	0.047008	supercritical
559.00	88.000	59.259	0.016875	366.92	515.42	5.8307	0.73538	1.0201	459.40	0.037643	3.4308e-05	0.047070	supercritical
560.00	88.000	59.151	0.016906	367.67	516.44	5.8325	0.73567	1.0203	459.77	0.037326	3.4348e-05	0.047132	supercritical
561.00	88.000	59.043	0.016937	368.42	517.46	5.8343	0.73597	1.0205	460.15	0.037011	3.4389e-05	0.047194	supercritical
562.00	88.000	58.936	0.016968	369.17	518.48	5.8361	0.73626	1.0206	460.53	0.036698	3.4429e-05	0.047256	supercritical
563.00	88.000	58.829	0.016998	369.92	519.50	5.8379	0.73655	1.0208	460.90	0.036386	3.4469e-05	0.047318	supercritical
564.00	88.000	58.722	0.017029	370.66	520.52	5.8397	0.73685	1.0210	461.28	0.036075	3.4509e-05	0.047380	supercritical
565.00	88.000	58.616	0.017060	371.41	521.54	5.8416	0.73714	1.0212	461.65	0.035766	3.4549e-05	0.047441	supercritical
566.00	88.000	58.510	0.017091	372.16	522.57	5.8434	0.73743	1.0214	462.03	0.035458	3.4590e-05	0.047503	supercritical
567.00	88.000	58.405	0.017122	372.91	523.59	5.8452	0.73772	1.0216	462.40	0.035151	3.4630e-05	0.047565	supercritical
568.00	88.000	58.300	0.017153	373.66	524.61	5.8470	0.73801	1.0218	462.77	0.034846	3.4670e-05	0.047627	supercritical
569.00	88.000	58.195	0.017184	374.42	525.63	5.8488	0.73830	1.0220	463.15	0.034542	3.4710e-05	0.047688	supercritical
570.00	88.000	58.091	0.017214	375.17	526.65	5.8506	0.73860	1.0221	463.52	0.034240	3.4750e-05	0.047750	supercritical
571.00	88.000	57.987	0.017245	375.92	527.67	5.8524	0.73889	1.0223	463.89	0.033938	3.4790e-05	0.047812	supercritical
572.00	88.000	57.884	0.017276	376.67	528.70	5.8541	0.73918	1.0225	464.26	0.033638	3.4830e-05	0.047874	supercritical
573.00	88.000	57.781	0.017307	377.42	529.72	5.8559	0.73947	1.0227	464.63	0.033340	3.4870e-05	0.047935	supercritical
574.00	88.000	57.678	0.017338	378.17	530.74	5.8577	0.73976	1.0229	465.00	0.033043	3.4909e-05	0.047997	supercritical
575.00	88.000	57.576	0.017368	378.92	531.77	5.8595	0.74005	1.0231	465.37	0.032747	3.4949e-05	0.048059	supercritical
576.00	88.000	57.474	0.017399	379.68	532.79	5.8613	0.74034	1.0233	465.74	0.032452	3.4989e-05	0.048120	supercritical
577.00	88.000	57.373	0.017430	380.43	533.81	5.8630	0.74063	1.0235	466.11	0.032159	3.5029e-05	0.048182	supercritical
578.00	88.000	57.272	0.017461	381.18	534.84	5.8648	0.74092	1.0237	466.48	0.031866	3.5069e-05	0.048243	supercritical
579.00	88.000	57.171	0.017491	381.93	535.86	5.8666	0.74121	1.0239	466.85	0.031576	3.5108e-05	0.048305	supercritical
580.00	88.000	57.070	0.017522	382.69	536.88	5.8684	0.74150	1.0241	467.22	0.031286	3.5148e-05	0.048367	supercritical
581.00	88.000	56.970	0.017553	383.44	537.91	5.8701	0.74179	1.0243	467.59	0.030998	3.5188e-05	0.048428	supercritical
582.00	88.000	56.871	0.017584	384.19	538.93	5.8719	0.74208	1.0245	467.96	0.030711	3.5228e-05	0.048490	supercritical
583.00	88.000	56.771	0.017614	384.95	539.96	5.8736	0.74236	1.0247	468.32	0.030425	3.5267e-05	0.048551	supercritical
584.00	88.000	56.673	0.017645	385.70	540.98	5.8754	0.74265	1.0249	468.69	0.030140	3.5307e-05	0.048613	supercritical
585.00	88.000	56.574	0.017676	386.46	542.01	5.8771	0.74294	1.0250	469.06	0.029857	3.5346e-05	0.048674	supercritical
586.00	88.000	56.476	0.017707	387.21	543.03	5.8789	0.74323	1.0252	469.42	0.029575	3.5386e-05	0.048735	supercritical
587.00	88.000	56.378	0.017737	387.97	544.06	5.8806	0.74352	1.0254	469.79	0.029294	3.5425e-05	0.048797	supercritical
588.00	88.000	56.280	0.017768	388.72	545.08	5.8824	0.74380	1.0256	470.15	0.029014	3.5465e-05	0.048858	supercritical
589.00	88.000	56.183	0.017799	389.48	546.11	5.8841	0.74409	1.0258	470.52	0.028736	3.5504e-05	0.048920	supercritical
590.00	88.000	56.087	0.017830	390.23	547.13	5.8859	0.74438	1.0260	470.88	0.028458	3.5544e-05	0.048981	supercritical
591.00	88.000	55.990	0.017860	390.99	548.16	5.8876	0.74466	1.0262	471.25	0.028182	3.5583e-05	0.049042	supercritical
592.00	88.000	55.894	0.017891	391.75	549.19	5.8893	0.74495	1.0264	471.61	0.027907	3.5623e-05	0.049104	supercritical
593.00	88.000	55.798	0.017922	392.50	550.21	5.8911	0.74524	1.0266	471.98	0.027633	3.5662e-05	0.049165	supercritical
594.00	88.000	55.703	0.017952	393.26	551.24	5.8928	0.74552	1.0268	472.34	0.027361	3.5701e-05	0.049226	supercritical
595.00	88.000	55.608	0.017983	394.01	552.27	5.8945	0.74581	1.0270	472.70	0.027089	3.5741e-05	0.049287	supercritical
596.00	88.000	55.513	0.018014	394.77	553.29	5.8963	0.74609	1.0272	473.06	0.026819	3.5780e-05	0.049349	supercritical
597.00	88.000	55.419	0.018044	395.53	554.32	5.8980	0.74638	1.0274	473.43	0.026550	3.5819e-05	0.049410	supercritical
598.00	88.000	55.325	0.018075	396.29	555.35	5.8997	0.74666	1.0276	473.79	0.026282	3.5858e-05	0.049471	supercritical
599.00	88.000	55.231	0.018106	397.04	556.38	5.9014	0.74695	1.0278	474.15	0.026015	3.5898e-05	0.049532	supercritical
600.00	88.000	55.137	0.018137	397.80	557.40	5.9031	0.74723	1.0280	474.51	0.025749	3.5937e-05	0.049593	supercritical
