Temperature (K)	Pressure (bar)	Density (kg/m3)	Volume (m3/kg)	Internal Energy (kJ/kg)	Enthalpy (kJ/kg)	Entropy (J/g*K)	Cv (J/g*K)	Cp (J/g*K)	Sound Spd. (m/s)	Joule-Thomson (K/bar)	Viscosity (Pa*s)	Therm. Cond. (W/m*K)	Phase
60.000	80.000	1291.4	0.00077434	-185.42	-179.23	2.2362	1.0916	1.6567	1149.2	-0.037514	0.00061573	0.19717	liquid
61.000	80.000	1287.2	0.00077690	-183.78	-177.57	2.2636	1.0831	1.6586	1145.3	-0.037357	0.00058672	0.19582	liquid
62.000	80.000	1282.9	0.00077949	-182.14	-175.91	2.2906	1.0755	1.6602	1140.7	-0.037215	0.00055964	0.19448	liquid
63.000	80.000	1278.6	0.00078211	-180.50	-174.25	2.3172	1.0686	1.6614	1135.5	-0.037085	0.00053435	0.19314	liquid
64.000	80.000	1274.3	0.00078476	-178.86	-172.59	2.3434	1.0622	1.6623	1129.9	-0.036966	0.00051071	0.19180	liquid
65.000	80.000	1269.9	0.00078743	-177.22	-170.92	2.3691	1.0562	1.6629	1123.8	-0.036855	0.00048862	0.19046	liquid
66.000	80.000	1265.6	0.00079013	-175.58	-169.26	2.3945	1.0506	1.6632	1117.5	-0.036750	0.00046794	0.18911	liquid
67.000	80.000	1261.3	0.00079286	-173.94	-167.60	2.4195	1.0452	1.6633	1110.9	-0.036650	0.00044858	0.18777	liquid
68.000	80.000	1256.9	0.00079560	-172.30	-165.93	2.4442	1.0400	1.6633	1104.1	-0.036554	0.00043043	0.18643	liquid
69.000	80.000	1252.5	0.00079837	-170.66	-164.27	2.4685	1.0349	1.6631	1097.1	-0.036459	0.00041340	0.18509	liquid
70.000	80.000	1248.2	0.00080117	-169.02	-162.61	2.4924	1.0300	1.6627	1090.1	-0.036364	0.00039742	0.18375	liquid
71.000	80.000	1243.8	0.00080399	-167.38	-160.94	2.5160	1.0252	1.6623	1082.9	-0.036268	0.00038239	0.18241	liquid
72.000	80.000	1239.4	0.00080683	-165.74	-159.28	2.5392	1.0205	1.6619	1075.6	-0.036170	0.00036826	0.18107	liquid
73.000	80.000	1235.0	0.00080970	-164.10	-157.62	2.5621	1.0158	1.6614	1068.3	-0.036069	0.00035495	0.17973	liquid
74.000	80.000	1230.6	0.00081260	-162.46	-155.96	2.5847	1.0112	1.6610	1061.0	-0.035965	0.00034241	0.17839	liquid
75.000	80.000	1226.2	0.00081552	-160.82	-154.30	2.6070	1.0067	1.6605	1053.6	-0.035855	0.00033058	0.17705	liquid
76.000	80.000	1221.8	0.00081847	-159.19	-152.64	2.6290	1.0022	1.6601	1046.2	-0.035741	0.00031940	0.17571	liquid
77.000	80.000	1217.4	0.00082145	-157.55	-150.98	2.6507	0.99783	1.6597	1038.8	-0.035620	0.00030884	0.17436	liquid
78.000	80.000	1212.9	0.00082445	-155.91	-149.32	2.6721	0.99347	1.6595	1031.3	-0.035492	0.00029884	0.17302	liquid
79.000	80.000	1208.5	0.00082748	-154.28	-147.66	2.6933	0.98916	1.6592	1023.9	-0.035357	0.00028936	0.17168	liquid
80.000	80.000	1204.0	0.00083055	-152.64	-146.00	2.7141	0.98490	1.6591	1016.4	-0.035214	0.00028038	0.17034	liquid
81.000	80.000	1199.6	0.00083364	-151.01	-144.34	2.7348	0.98069	1.6591	1009.0	-0.035064	0.00027186	0.16899	liquid
82.000	80.000	1195.1	0.00083677	-149.38	-142.68	2.7551	0.97652	1.6591	1001.5	-0.034904	0.00026376	0.16765	liquid
83.000	80.000	1190.6	0.00083993	-147.74	-141.02	2.7752	0.97241	1.6593	994.06	-0.034736	0.00025605	0.16630	liquid
84.000	80.000	1186.1	0.00084312	-146.11	-139.36	2.7951	0.96835	1.6596	986.59	-0.034558	0.00024872	0.16496	liquid
85.000	80.000	1181.6	0.00084635	-144.47	-137.70	2.8147	0.96433	1.6600	979.13	-0.034370	0.00024173	0.16361	liquid
86.000	80.000	1177.0	0.00084961	-142.84	-136.04	2.8342	0.96036	1.6606	971.67	-0.034172	0.00023506	0.16226	liquid
87.000	80.000	1172.5	0.00085291	-141.21	-134.38	2.8534	0.95645	1.6613	964.20	-0.033964	0.00022869	0.16091	liquid
88.000	80.000	1167.9	0.00085625	-139.57	-132.72	2.8724	0.95258	1.6621	956.74	-0.033744	0.00022260	0.15956	liquid
89.000	80.000	1163.3	0.00085962	-137.94	-131.06	2.8911	0.94876	1.6630	949.27	-0.033514	0.00021678	0.15821	liquid
90.000	80.000	1158.7	0.00086304	-136.30	-129.39	2.9097	0.94499	1.6641	941.80	-0.033271	0.00021120	0.15686	liquid
91.000	80.000	1154.1	0.00086650	-134.66	-127.73	2.9281	0.94127	1.6653	934.33	-0.033017	0.00020586	0.15550	liquid
92.000	80.000	1149.4	0.00087000	-133.02	-126.06	2.9463	0.93760	1.6667	926.85	-0.032750	0.00020073	0.15415	liquid
93.000	80.000	1144.8	0.00087354	-131.38	-124.40	2.9644	0.93397	1.6683	919.36	-0.032471	0.00019580	0.15279	liquid
94.000	80.000	1140.1	0.00087714	-129.74	-122.73	2.9822	0.93040	1.6699	911.87	-0.032178	0.00019107	0.15143	liquid
95.000	80.000	1135.4	0.00088077	-128.10	-121.06	2.9999	0.92687	1.6718	904.37	-0.031872	0.00018652	0.15008	liquid
96.000	80.000	1130.6	0.00088446	-126.46	-119.38	3.0174	0.92339	1.6738	896.86	-0.031552	0.00018213	0.14872	liquid
97.000	80.000	1125.9	0.00088820	-124.81	-117.71	3.0348	0.91996	1.6759	889.34	-0.031217	0.00017790	0.14735	liquid
98.000	80.000	1121.1	0.00089199	-123.17	-116.03	3.0520	0.91657	1.6783	881.81	-0.030867	0.00017383	0.14599	liquid
99.000	80.000	1116.3	0.00089583	-121.52	-114.35	3.0690	0.91324	1.6807	874.27	-0.030502	0.00016989	0.14463	liquid
100.00	80.000	1111.4	0.00089973	-119.87	-112.67	3.0859	0.90995	1.6834	866.71	-0.030120	0.00016609	0.14326	liquid
101.00	80.000	1106.6	0.00090369	-118.22	-110.99	3.1027	0.90670	1.6862	859.14	-0.029722	0.00016241	0.14189	liquid
102.00	80.000	1101.7	0.00090770	-116.56	-109.30	3.1193	0.90350	1.6893	851.55	-0.029307	0.00015885	0.14053	liquid
103.00	80.000	1096.8	0.00091178	-114.90	-107.61	3.1358	0.90035	1.6925	843.94	-0.028874	0.00015540	0.13916	liquid
104.00	80.000	1091.8	0.00091592	-113.24	-105.91	3.1522	0.89724	1.6958	836.32	-0.028422	0.00015206	0.13779	liquid
105.00	80.000	1086.8	0.00092012	-111.58	-104.22	3.1684	0.89418	1.6994	828.67	-0.027952	0.00014881	0.13642	liquid
106.00	80.000	1081.8	0.00092440	-109.91	-102.51	3.1845	0.89116	1.7032	821.01	-0.027461	0.00014567	0.13504	liquid
107.00	80.000	1076.7	0.00092874	-108.24	-100.81	3.2006	0.88819	1.7072	813.32	-0.026949	0.00014261	0.13367	liquid
108.00	80.000	1071.6	0.00093316	-106.56	-99.100	3.2165	0.88526	1.7114	805.60	-0.026416	0.00013964	0.13230	liquid
109.00	80.000	1066.5	0.00093765	-104.89	-97.386	3.2322	0.88238	1.7158	797.87	-0.025859	0.00013674	0.13093	liquid
110.00	80.000	1061.3	0.00094222	-103.21	-95.668	3.2479	0.87955	1.7205	790.10	-0.025280	0.00013393	0.12956	liquid
111.00	80.000	1056.1	0.00094687	-101.52	-93.945	3.2635	0.87675	1.7254	782.31	-0.024675	0.00013119	0.12819	liquid
112.00	80.000	1050.8	0.00095161	-99.830	-92.217	3.2790	0.87401	1.7305	774.48	-0.024045	0.00012851	0.12682	liquid
113.00	80.000	1045.5	0.00095644	-98.135	-90.484	3.2944	0.87130	1.7359	766.63	-0.023388	0.00012591	0.12545	liquid
114.00	80.000	1040.2	0.00096135	-96.436	-88.745	3.3098	0.86865	1.7416	758.74	-0.022703	0.00012336	0.12408	liquid
115.00	80.000	1034.8	0.00096637	-94.731	-87.000	3.3250	0.86604	1.7476	750.82	-0.021987	0.00012088	0.12271	liquid
116.00	80.000	1029.4	0.00097148	-93.022	-85.250	3.3401	0.86347	1.7538	742.86	-0.021241	0.00011845	0.12134	liquid
117.00	80.000	1023.9	0.00097670	-91.306	-83.493	3.3552	0.86095	1.7604	734.87	-0.020462	0.00011608	0.11997	liquid
118.00	80.000	1018.3	0.00098202	-89.585	-81.729	3.3702	0.85848	1.7672	726.83	-0.019648	0.00011375	0.11859	liquid
119.00	80.000	1012.7	0.00098746	-87.858	-79.958	3.3852	0.85606	1.7744	718.76	-0.018798	0.00011148	0.11722	liquid
120.00	80.000	1007.0	0.00099301	-86.124	-78.180	3.4001	0.85368	1.7820	710.64	-0.017910	0.00010926	0.11585	liquid
121.00	80.000	1001.3	0.00099869	-84.383	-76.394	3.4149	0.85135	1.7900	702.48	-0.016982	0.00010708	0.11448	liquid
122.00	80.000	995.52	0.0010045	-82.636	-74.600	3.4297	0.84908	1.7983	694.27	-0.016011	0.00010494	0.11311	liquid
123.00	80.000	989.67	0.0010104	-80.881	-72.797	3.4444	0.84685	1.8071	686.01	-0.014994	0.00010285	0.11173	liquid
124.00	80.000	983.75	0.0010165	-79.118	-70.985	3.4590	0.84467	1.8164	677.70	-0.013930	0.00010079	0.11036	liquid
125.00	80.000	977.75	0.0010228	-77.346	-69.164	3.4737	0.84255	1.8261	669.33	-0.012815	9.8773e-05	0.10899	liquid
126.00	80.000	971.68	0.0010291	-75.566	-67.333	3.4883	0.84049	1.8363	660.91	-0.011646	9.6792e-05	0.10762	liquid
127.00	80.000	965.53	0.0010357	-73.777	-65.491	3.5028	0.83848	1.8471	652.43	-0.010420	9.4845e-05	0.10625	liquid
128.00	80.000	959.30	0.0010424	-71.978	-63.639	3.5173	0.83653	1.8584	643.89	-0.0091321	9.2932e-05	0.10489	liquid
129.00	80.000	952.98	0.0010493	-70.169	-61.774	3.5319	0.83463	1.8704	635.29	-0.0077794	9.1051e-05	0.10352	liquid
130.00	80.000	946.57	0.0010564	-68.349	-59.898	3.5463	0.83280	1.8830	626.62	-0.0063570	8.9200e-05	0.10215	liquid
131.00	80.000	940.07	0.0010638	-66.518	-58.008	3.5608	0.83104	1.8964	617.88	-0.0048601	8.7379e-05	0.10078	liquid
132.00	80.000	933.46	0.0010713	-64.675	-56.105	3.5753	0.82934	1.9106	609.06	-0.0032832	8.5585e-05	0.099419	liquid
133.00	80.000	926.75	0.0010790	-62.819	-54.187	3.5898	0.82771	1.9255	600.17	-0.0016205	8.3819e-05	0.098055	liquid
134.00	80.000	919.93	0.0010870	-60.950	-52.253	3.6043	0.82616	1.9414	591.20	0.00013458	8.2078e-05	0.096691	liquid
135.00	80.000	912.98	0.0010953	-59.066	-50.303	3.6188	0.82468	1.9583	582.14	0.0019893	8.0362e-05	0.095329	liquid
136.00	80.000	905.92	0.0011039	-57.167	-48.336	3.6333	0.82328	1.9763	572.99	0.0039515	7.8670e-05	0.093967	liquid
137.00	80.000	898.72	0.0011127	-55.252	-46.350	3.6478	0.82197	1.9954	563.75	0.0060301	7.6999e-05	0.092606	liquid
138.00	80.000	891.38	0.0011219	-53.320	-44.345	3.6624	0.82075	2.0159	554.42	0.0082351	7.5350e-05	0.091247	liquid
139.00	80.000	883.88	0.0011314	-51.369	-42.318	3.6770	0.81962	2.0377	544.98	0.010577	7.3721e-05	0.089888	liquid
140.00	80.000	876.23	0.0011413	-49.399	-40.269	3.6917	0.81860	2.0611	535.43	0.013069	7.2111e-05	0.088530	liquid
141.00	80.000	868.41	0.0011515	-47.408	-38.195	3.7065	0.81768	2.0862	525.76	0.015725	7.0519e-05	0.087172	liquid
142.00	80.000	860.40	0.0011623	-45.394	-36.096	3.7213	0.81688	2.1133	515.98	0.018559	6.8943e-05	0.085815	liquid
143.00	80.000	852.19	0.0011734	-43.356	-33.968	3.7363	0.81621	2.1425	506.07	0.021591	6.7383e-05	0.084459	liquid
144.00	80.000	843.78	0.0011851	-41.291	-31.810	3.7513	0.81567	2.1740	496.03	0.024839	6.5838e-05	0.083102	liquid
145.00	80.000	835.13	0.0011974	-39.199	-29.619	3.7665	0.81528	2.2083	485.85	0.028327	6.4305e-05	0.081745	liquid
146.00	80.000	826.23	0.0012103	-37.075	-27.393	3.7818	0.81505	2.2456	475.52	0.032081	6.2784e-05	0.080388	liquid
147.00	80.000	817.07	0.0012239	-34.918	-25.127	3.7972	0.81500	2.2862	465.05	0.036129	6.1273e-05	0.079029	liquid
148.00	80.000	807.61	0.0012382	-32.725	-22.819	3.8129	0.81513	2.3308	454.41	0.040508	5.9770e-05	0.077669	liquid
149.00	80.000	797.82	0.0012534	-30.491	-20.464	3.8287	0.81547	2.3798	443.60	0.045255	5.8274e-05	0.076307	liquid
150.00	80.000	787.68	0.0012695	-28.214	-18.057	3.8448	0.81605	2.4340	432.63	0.050417	5.6783e-05	0.074942	liquid
151.00	80.000	777.15	0.0012867	-25.888	-15.594	3.8612	0.81687	2.4941	421.47	0.056047	5.5295e-05	0.073573	liquid
152.00	80.000	766.19	0.0013052	-23.508	-13.067	3.8779	0.81798	2.5611	410.14	0.062208	5.3808e-05	0.072200	liquid
153.00	80.000	754.75	0.0013249	-21.069	-10.469	3.8949	0.81939	2.6361	398.62	0.068972	5.2318e-05	0.070821	liquid
154.00	80.000	742.77	0.0013463	-18.562	-7.7915	3.9124	0.82114	2.7208	386.92	0.076427	5.0824e-05	0.069435	liquid
155.00	80.000	730.18	0.0013695	-15.980	-5.0237	3.9303	0.82327	2.8167	375.04	0.084674	4.9321e-05	0.068040	supercritical
156.00	80.000	716.91	0.0013949	-13.312	-2.1535	3.9487	0.82580	2.9262	362.99	0.093835	4.7806e-05	0.066635	supercritical
157.00	80.000	702.86	0.0014228	-10.548	0.83408	3.9678	0.82879	3.0519	350.77	0.10405	4.6275e-05	0.065217	supercritical
158.00	80.000	687.93	0.0014536	-7.6723	3.9567	3.9876	0.83225	3.1969	338.41	0.11550	4.4722e-05	0.063784	supercritical
159.00	80.000	671.99	0.0014881	-4.6693	7.2356	4.0083	0.83624	3.3651	325.93	0.12837	4.3144e-05	0.062334	supercritical
160.00	80.000	654.89	0.0015270	-1.5198	10.696	4.0300	0.84078	3.5604	313.38	0.14288	4.1533e-05	0.060863	supercritical
161.00	80.000	636.48	0.0015711	1.7975	14.367	4.0529	0.84589	3.7865	300.85	0.15929	3.9884e-05	0.059366	supercritical
162.00	80.000	616.58	0.0016219	5.3052	18.280	4.0771	0.85154	4.0456	288.43	0.17784	3.8194e-05	0.057836	supercritical
163.00	80.000	595.06	0.0016805	9.0244	22.468	4.1029	0.85763	4.3361	276.30	0.19874	3.6461e-05	0.056265	supercritical
164.00	80.000	571.83	0.0017488	12.969	26.960	4.1304	0.86391	4.6482	264.70	0.22210	3.4691e-05	0.054638	supercritical
165.00	80.000	546.97	0.0018282	17.139	31.765	4.1596	0.86988	4.9588	253.98	0.24782	3.2898e-05	0.052935	supercritical
166.00	80.000	520.79	0.0019202	21.502	36.863	4.1904	0.87476	5.2265	244.52	0.27541	3.1113e-05	0.051136	supercritical
167.00	80.000	493.93	0.0020246	25.988	42.184	4.2223	0.87757	5.3941	236.68	0.30392	2.9383e-05	0.049234	supercritical
168.00	80.000	467.33	0.0021398	30.482	47.600	4.2547	0.87753	5.4103	230.70	0.33192	2.7765e-05	0.047248	supercritical
169.00	80.000	442.00	0.0022625	34.850	52.950	4.2864	0.87449	5.2643	226.54	0.35793	2.6313e-05	0.045238	supercritical
170.00	80.000	418.72	0.0023882	38.982	58.088	4.3167	0.86900	4.9966	223.95	0.38090	2.5055e-05	0.043291	supercritical
171.00	80.000	397.86	0.0025134	42.816	62.924	4.3451	0.86194	4.6694	222.56	0.40040	2.3992e-05	0.041479	supercritical
172.00	80.000	379.41	0.0026357	46.339	67.424	4.3713	0.85413	4.3336	222.01	0.41655	2.3107e-05	0.039845	supercritical
173.00	80.000	363.15	0.0027537	49.568	71.598	4.3955	0.84613	4.0182	222.05	0.42968	2.2373e-05	0.038397	supercritical
174.00	80.000	348.79	0.0028671	52.535	75.471	4.4179	0.83830	3.7349	222.50	0.44024	2.1762e-05	0.037126	supercritical
175.00	80.000	336.05	0.0029757	55.273	79.079	4.4385	0.83078	3.4858	223.21	0.44862	2.1252e-05	0.036013	supercritical
176.00	80.000	324.69	0.0030799	57.815	82.454	4.4578	0.82366	3.2686	224.11	0.45520	2.0823e-05	0.035038	supercritical
177.00	80.000	314.48	0.0031799	60.186	85.626	4.4757	0.81695	3.0796	225.14	0.46026	2.0461e-05	0.034180	supercritical
178.00	80.000	305.24	0.0032761	62.412	88.621	4.4926	0.81063	2.9148	226.27	0.46406	2.0153e-05	0.033424	supercritical
179.00	80.000	296.84	0.0033688	64.512	91.462	4.5085	0.80469	2.7705	227.46	0.46681	1.9890e-05	0.032754	supercritical
180.00	80.000	289.16	0.0034583	66.501	94.168	4.5236	0.79910	2.6434	228.69	0.46869	1.9664e-05	0.032158	supercritical
181.00	80.000	282.09	0.0035450	68.394	96.754	4.5379	0.79383	2.5311	229.95	0.46982	1.9470e-05	0.031627	supercritical
182.00	80.000	275.56	0.0036290	70.202	99.234	4.5516	0.78886	2.4312	231.23	0.47032	1.9302e-05	0.031150	supercritical
183.00	80.000	269.50	0.0037106	71.935	101.62	4.5647	0.78416	2.3418	232.52	0.47030	1.9157e-05	0.030723	supercritical
184.00	80.000	263.85	0.0037900	73.601	103.92	4.5772	0.77971	2.2616	233.81	0.46982	1.9031e-05	0.030337	supercritical
185.00	80.000	258.58	0.0038673	75.207	106.15	4.5893	0.77549	2.1892	235.11	0.46896	1.8923e-05	0.029989	supercritical
186.00	80.000	253.63	0.0039428	76.759	108.30	4.6009	0.77149	2.1236	236.41	0.46778	1.8829e-05	0.029674	supercritical
187.00	80.000	248.97	0.0040166	78.262	110.39	4.6121	0.76769	2.0639	237.70	0.46632	1.8748e-05	0.029389	supercritical
188.00	80.000	244.57	0.0040887	79.721	112.43	4.6230	0.76407	2.0093	238.98	0.46461	1.8678e-05	0.029129	supercritical
189.00	80.000	240.42	0.0041594	81.139	114.41	4.6335	0.76063	1.9593	240.26	0.46271	1.8619e-05	0.028893	supercritical
190.00	80.000	236.48	0.0042287	82.521	116.35	4.6437	0.75735	1.9133	241.52	0.46063	1.8568e-05	0.028678	supercritical
191.00	80.000	232.73	0.0042967	83.869	118.24	4.6537	0.75423	1.8709	242.78	0.45839	1.8525e-05	0.028482	supercritical
192.00	80.000	229.17	0.0043635	85.185	120.09	4.6633	0.75124	1.8316	244.03	0.45604	1.8489e-05	0.028303	supercritical
193.00	80.000	225.77	0.0044292	86.473	121.91	4.6727	0.74839	1.7952	245.26	0.45357	1.8460e-05	0.028140	supercritical
194.00	80.000	222.53	0.0044938	87.734	123.68	4.6819	0.74567	1.7613	246.49	0.45101	1.8437e-05	0.027991	supercritical
195.00	80.000	219.42	0.0045575	88.970	125.43	4.6909	0.74307	1.7297	247.70	0.44837	1.8419e-05	0.027855	supercritical
196.00	80.000	216.44	0.0046201	90.184	127.14	4.6997	0.74057	1.7001	248.90	0.44566	1.8405e-05	0.027731	supercritical
197.00	80.000	213.59	0.0046819	91.376	128.83	4.7083	0.73819	1.6725	250.09	0.44290	1.8396e-05	0.027618	supercritical
198.00	80.000	210.84	0.0047429	92.547	130.49	4.7167	0.73590	1.6466	251.27	0.44010	1.8391e-05	0.027515	supercritical
199.00	80.000	208.20	0.0048031	93.700	132.12	4.7249	0.73371	1.6222	252.43	0.43726	1.8390e-05	0.027421	supercritical
200.00	80.000	205.66	0.0048625	94.836	133.74	4.7330	0.73161	1.5992	253.59	0.43438	1.8392e-05	0.027336	supercritical
201.00	80.000	203.20	0.0049212	95.954	135.32	4.7409	0.72959	1.5776	254.73	0.43148	1.8397e-05	0.027259	supercritical
202.00	80.000	200.84	0.0049792	97.057	136.89	4.7487	0.72766	1.5571	255.87	0.42857	1.8404e-05	0.027189	supercritical
203.00	80.000	198.55	0.0050366	98.146	138.44	4.7563	0.72580	1.5378	256.99	0.42564	1.8415e-05	0.027126	supercritical
204.00	80.000	196.34	0.0050933	99.220	139.97	4.7638	0.72401	1.5195	258.10	0.42270	1.8427e-05	0.027070	supercritical
205.00	80.000	194.20	0.0051495	100.28	141.48	4.7712	0.72230	1.5021	259.20	0.41976	1.8442e-05	0.027019	supercritical
206.00	80.000	192.12	0.0052051	101.33	142.97	4.7785	0.72065	1.4856	260.29	0.41682	1.8459e-05	0.026974	supercritical
207.00	80.000	190.11	0.0052601	102.37	144.45	4.7856	0.71906	1.4699	261.37	0.41387	1.8478e-05	0.026935	supercritical
208.00	80.000	188.16	0.0053147	103.39	145.91	4.7927	0.71753	1.4549	262.44	0.41094	1.8499e-05	0.026900	supercritical
209.00	80.000	186.26	0.0053687	104.41	147.36	4.7996	0.71606	1.4407	263.50	0.40800	1.8521e-05	0.026870	supercritical
210.00	80.000	184.42	0.0054223	105.41	148.79	4.8065	0.71465	1.4271	264.55	0.40508	1.8545e-05	0.026843	supercritical
211.00	80.000	182.63	0.0054754	106.41	150.21	4.8132	0.71329	1.4141	265.59	0.40217	1.8571e-05	0.026821	supercritical
212.00	80.000	180.89	0.0055281	107.40	151.62	4.8199	0.71197	1.4017	266.63	0.39927	1.8597e-05	0.026803	supercritical
213.00	80.000	179.20	0.0055804	108.37	153.02	4.8264	0.71071	1.3899	267.65	0.39638	1.8625e-05	0.026789	supercritical
214.00	80.000	177.55	0.0056322	109.34	154.40	4.8329	0.70948	1.3785	268.67	0.39351	1.8655e-05	0.026777	supercritical
215.00	80.000	175.94	0.0056837	110.30	155.77	4.8393	0.70831	1.3676	269.67	0.39066	1.8685e-05	0.026769	supercritical
216.00	80.000	174.37	0.0057348	111.26	157.14	4.8456	0.70717	1.3572	270.67	0.38782	1.8716e-05	0.026764	supercritical
217.00	80.000	172.84	0.0057856	112.20	158.49	4.8519	0.70607	1.3472	271.66	0.38500	1.8749e-05	0.026762	supercritical
218.00	80.000	171.35	0.0058360	113.14	159.83	4.8581	0.70502	1.3375	272.64	0.38220	1.8782e-05	0.026763	supercritical
219.00	80.000	169.89	0.0058860	114.08	161.16	4.8642	0.70399	1.3283	273.62	0.37941	1.8816e-05	0.026766	supercritical
220.00	80.000	168.47	0.0059357	115.00	162.49	4.8702	0.70301	1.3194	274.58	0.37665	1.8851e-05	0.026771	supercritical
221.00	80.000	167.08	0.0059851	115.92	163.80	4.8762	0.70205	1.3108	275.54	0.37391	1.8887e-05	0.026779	supercritical
222.00	80.000	165.72	0.0060343	116.84	165.11	4.8821	0.70113	1.3025	276.49	0.37119	1.8923e-05	0.026789	supercritical
223.00	80.000	164.39	0.0060831	117.74	166.41	4.8879	0.70024	1.2946	277.44	0.36848	1.8960e-05	0.026801	supercritical
224.00	80.000	163.09	0.0061316	118.65	167.70	4.8937	0.69938	1.2869	278.37	0.36581	1.8998e-05	0.026815	supercritical
225.00	80.000	161.82	0.0061798	119.54	168.98	4.8994	0.69855	1.2795	279.30	0.36315	1.9036e-05	0.026831	supercritical
226.00	80.000	160.57	0.0062278	120.44	170.26	4.9050	0.69775	1.2723	280.23	0.36051	1.9075e-05	0.026849	supercritical
227.00	80.000	159.35	0.0062756	121.32	171.53	4.9106	0.69697	1.2654	281.14	0.35790	1.9115e-05	0.026868	supercritical
228.00	80.000	158.15	0.0063230	122.20	172.79	4.9162	0.69622	1.2588	282.05	0.35530	1.9155e-05	0.026889	supercritical
229.00	80.000	156.98	0.0063703	123.08	174.04	4.9217	0.69549	1.2523	282.96	0.35273	1.9196e-05	0.026912	supercritical
230.00	80.000	155.83	0.0064172	123.96	175.29	4.9271	0.69479	1.2461	283.86	0.35018	1.9237e-05	0.026936	supercritical
231.00	80.000	154.70	0.0064640	124.82	176.54	4.9325	0.69410	1.2400	284.75	0.34765	1.9278e-05	0.026961	supercritical
232.00	80.000	153.60	0.0065105	125.69	177.77	4.9379	0.69344	1.2342	285.63	0.34515	1.9320e-05	0.026988	supercritical
233.00	80.000	152.51	0.0065569	126.55	179.00	4.9432	0.69281	1.2285	286.51	0.34267	1.9362e-05	0.027016	supercritical
234.00	80.000	151.45	0.0066030	127.41	180.23	4.9484	0.69219	1.2230	287.39	0.34020	1.9405e-05	0.027046	supercritical
235.00	80.000	150.40	0.0066489	128.26	181.45	4.9536	0.69159	1.2177	288.25	0.33776	1.9448e-05	0.027076	supercritical
236.00	80.000	149.38	0.0066945	129.11	182.67	4.9588	0.69101	1.2125	289.12	0.33535	1.9491e-05	0.027108	supercritical
237.00	80.000	148.37	0.0067400	129.96	183.88	4.9639	0.69045	1.2075	289.97	0.33295	1.9535e-05	0.027141	supercritical
238.00	80.000	147.38	0.0067854	130.80	185.08	4.9690	0.68991	1.2027	290.82	0.33057	1.9579e-05	0.027175	supercritical
239.00	80.000	146.40	0.0068305	131.64	186.28	4.9740	0.68939	1.1979	291.67	0.32822	1.9623e-05	0.027210	supercritical
240.00	80.000	145.45	0.0068754	132.47	187.48	4.9790	0.68888	1.1933	292.51	0.32588	1.9668e-05	0.027246	supercritical
241.00	80.000	144.50	0.0069202	133.31	188.67	4.9839	0.68839	1.1889	293.35	0.32357	1.9713e-05	0.027283	supercritical
242.00	80.000	143.58	0.0069648	134.14	189.85	4.9889	0.68791	1.1845	294.18	0.32128	1.9758e-05	0.027321	supercritical
243.00	80.000	142.67	0.0070092	134.96	191.04	4.9937	0.68745	1.1803	295.00	0.31901	1.9803e-05	0.027359	supercritical
244.00	80.000	141.77	0.0070535	135.79	192.22	4.9986	0.68700	1.1762	295.83	0.31676	1.9849e-05	0.027399	supercritical
245.00	80.000	140.89	0.0070976	136.61	193.39	5.0034	0.68657	1.1723	296.64	0.31453	1.9894e-05	0.027439	supercritical
246.00	80.000	140.03	0.0071415	137.43	194.56	5.0081	0.68615	1.1684	297.45	0.31232	1.9940e-05	0.027480	supercritical
247.00	80.000	139.17	0.0071853	138.24	195.73	5.0129	0.68575	1.1646	298.26	0.31013	1.9987e-05	0.027522	supercritical
248.00	80.000	138.33	0.0072289	139.06	196.89	5.0176	0.68535	1.1609	299.06	0.30796	2.0033e-05	0.027565	supercritical
249.00	80.000	137.51	0.0072724	139.87	198.05	5.0222	0.68497	1.1573	299.86	0.30580	2.0079e-05	0.027608	supercritical
250.00	80.000	136.69	0.0073158	140.68	199.20	5.0269	0.68461	1.1538	300.65	0.30367	2.0126e-05	0.027652	supercritical
251.00	80.000	135.89	0.0073590	141.48	200.36	5.0315	0.68425	1.1504	301.44	0.30156	2.0173e-05	0.027696	supercritical
252.00	80.000	135.10	0.0074020	142.29	201.50	5.0360	0.68391	1.1471	302.23	0.29946	2.0220e-05	0.027741	supercritical
253.00	80.000	134.32	0.0074450	143.09	202.65	5.0406	0.68358	1.1439	303.01	0.29739	2.0267e-05	0.027787	supercritical
254.00	80.000	133.55	0.0074878	143.89	203.79	5.0451	0.68326	1.1408	303.79	0.29533	2.0314e-05	0.027833	supercritical
255.00	80.000	132.79	0.0075305	144.69	204.93	5.0495	0.68295	1.1377	304.56	0.29329	2.0362e-05	0.027880	supercritical
256.00	80.000	132.05	0.0075730	145.48	206.07	5.0540	0.68264	1.1347	305.33	0.29127	2.0409e-05	0.027928	supercritical
257.00	80.000	131.31	0.0076155	146.28	207.20	5.0584	0.68235	1.1318	306.09	0.28927	2.0457e-05	0.027976	supercritical
258.00	80.000	130.59	0.0076578	147.07	208.33	5.0628	0.68207	1.1289	306.85	0.28728	2.0505e-05	0.028024	supercritical
259.00	80.000	129.87	0.0077000	147.86	209.46	5.0672	0.68180	1.1261	307.61	0.28531	2.0552e-05	0.028073	supercritical
260.00	80.000	129.16	0.0077420	148.65	210.58	5.0715	0.68154	1.1234	308.36	0.28336	2.0600e-05	0.028122	supercritical
261.00	80.000	128.47	0.0077840	149.43	211.71	5.0758	0.68129	1.1207	309.11	0.28143	2.0648e-05	0.028172	supercritical
262.00	80.000	127.78	0.0078259	150.22	212.83	5.0801	0.68105	1.1181	309.86	0.27951	2.0697e-05	0.028223	supercritical
263.00	80.000	127.10	0.0078676	151.00	213.94	5.0843	0.68081	1.1156	310.60	0.27761	2.0745e-05	0.028273	supercritical
264.00	80.000	126.43	0.0079092	151.78	215.06	5.0886	0.68059	1.1131	311.34	0.27573	2.0793e-05	0.028324	supercritical
265.00	80.000	125.77	0.0079508	152.56	216.17	5.0928	0.68037	1.1107	312.07	0.27386	2.0841e-05	0.028376	supercritical
266.00	80.000	125.12	0.0079922	153.34	217.28	5.0970	0.68016	1.1083	312.81	0.27201	2.0890e-05	0.028428	supercritical
267.00	80.000	124.48	0.0080335	154.12	218.39	5.1011	0.67996	1.1060	313.53	0.27017	2.0938e-05	0.028480	supercritical
268.00	80.000	123.84	0.0080748	154.89	219.49	5.1052	0.67977	1.1037	314.26	0.26835	2.0987e-05	0.028533	supercritical
269.00	80.000	123.22	0.0081159	155.67	220.59	5.1093	0.67958	1.1015	314.98	0.26655	2.1036e-05	0.028586	supercritical
270.00	80.000	122.60	0.0081569	156.44	221.69	5.1134	0.67940	1.0994	315.70	0.26476	2.1084e-05	0.028639	supercritical
271.00	80.000	121.98	0.0081979	157.21	222.79	5.1175	0.67923	1.0972	316.41	0.26298	2.1133e-05	0.028693	supercritical
272.00	80.000	121.38	0.0082387	157.98	223.89	5.1215	0.67906	1.0952	317.12	0.26122	2.1182e-05	0.028747	supercritical
273.00	80.000	120.78	0.0082795	158.75	224.98	5.1255	0.67891	1.0932	317.83	0.25948	2.1231e-05	0.028801	supercritical
274.00	80.000	120.19	0.0083202	159.51	226.07	5.1295	0.67876	1.0912	318.54	0.25775	2.1279e-05	0.028856	supercritical
275.00	80.000	119.61	0.0083607	160.28	227.16	5.1335	0.67861	1.0892	319.24	0.25603	2.1328e-05	0.028910	supercritical
276.00	80.000	119.03	0.0084013	161.04	228.25	5.1375	0.67847	1.0873	319.94	0.25433	2.1377e-05	0.028966	supercritical
277.00	80.000	118.46	0.0084417	161.81	229.34	5.1414	0.67834	1.0855	320.64	0.25265	2.1426e-05	0.029021	supercritical
278.00	80.000	117.90	0.0084820	162.57	230.42	5.1453	0.67822	1.0836	321.33	0.25097	2.1475e-05	0.029077	supercritical
279.00	80.000	117.34	0.0085223	163.33	231.51	5.1492	0.67810	1.0819	322.02	0.24931	2.1524e-05	0.029133	supercritical
280.00	80.000	116.79	0.0085624	164.09	232.59	5.1530	0.67799	1.0801	322.71	0.24767	2.1573e-05	0.029189	supercritical
281.00	80.000	116.24	0.0086025	164.85	233.67	5.1569	0.67788	1.0784	323.39	0.24603	2.1622e-05	0.029245	supercritical
282.00	80.000	115.71	0.0086425	165.60	234.74	5.1607	0.67778	1.0767	324.08	0.24442	2.1672e-05	0.029302	supercritical
283.00	80.000	115.17	0.0086825	166.36	235.82	5.1645	0.67768	1.0751	324.75	0.24281	2.1721e-05	0.029359	supercritical
284.00	80.000	114.65	0.0087224	167.12	236.89	5.1683	0.67759	1.0735	325.43	0.24122	2.1770e-05	0.029416	supercritical
285.00	80.000	114.13	0.0087621	167.87	237.97	5.1721	0.67751	1.0719	326.10	0.23964	2.1819e-05	0.029473	supercritical
286.00	80.000	113.61	0.0088019	168.62	239.04	5.1758	0.67743	1.0704	326.78	0.23807	2.1868e-05	0.029531	supercritical
287.00	80.000	113.10	0.0088415	169.38	240.11	5.1796	0.67736	1.0688	327.44	0.23651	2.1917e-05	0.029588	supercritical
288.00	80.000	112.60	0.0088811	170.13	241.18	5.1833	0.67729	1.0674	328.11	0.23497	2.1966e-05	0.029646	supercritical
289.00	80.000	112.10	0.0089206	170.88	242.24	5.1870	0.67723	1.0659	328.77	0.23344	2.2016e-05	0.029704	supercritical
290.00	80.000	111.61	0.0089601	171.63	243.31	5.1907	0.67717	1.0645	329.43	0.23192	2.2065e-05	0.029762	supercritical
291.00	80.000	111.12	0.0089994	172.38	244.37	5.1943	0.67711	1.0631	330.09	0.23042	2.2114e-05	0.029821	supercritical
292.00	80.000	110.63	0.0090387	173.12	245.43	5.1980	0.67707	1.0617	330.75	0.22892	2.2163e-05	0.029879	supercritical
293.00	80.000	110.16	0.0090780	173.87	246.49	5.2016	0.67702	1.0604	331.40	0.22744	2.2212e-05	0.029938	supercritical
294.00	80.000	109.68	0.0091172	174.62	247.55	5.2052	0.67698	1.0591	332.05	0.22597	2.2262e-05	0.029997	supercritical
295.00	80.000	109.21	0.0091563	175.36	248.61	5.2088	0.67695	1.0578	332.70	0.22451	2.2311e-05	0.030056	supercritical
296.00	80.000	108.75	0.0091953	176.11	249.67	5.2124	0.67692	1.0565	333.34	0.22306	2.2360e-05	0.030115	supercritical
297.00	80.000	108.29	0.0092343	176.85	250.73	5.2159	0.67689	1.0553	333.99	0.22162	2.2409e-05	0.030174	supercritical
298.00	80.000	107.84	0.0092733	177.59	251.78	5.2195	0.67687	1.0541	334.63	0.22020	2.2458e-05	0.030233	supercritical
299.00	80.000	107.39	0.0093122	178.34	252.83	5.2230	0.67686	1.0529	335.27	0.21878	2.2508e-05	0.030293	supercritical
300.00	80.000	106.94	0.0093510	179.08	253.89	5.2265	0.67684	1.0517	335.90	0.21738	2.2557e-05	0.030352	supercritical
301.00	80.000	106.50	0.0093897	179.82	254.94	5.2300	0.67684	1.0506	336.54	0.21598	2.2606e-05	0.030412	supercritical
302.00	80.000	106.06	0.0094284	180.56	255.99	5.2335	0.67683	1.0494	337.17	0.21460	2.2655e-05	0.030472	supercritical
303.00	80.000	105.63	0.0094671	181.30	257.04	5.2370	0.67683	1.0483	337.80	0.21323	2.2704e-05	0.030531	supercritical
304.00	80.000	105.20	0.0095057	182.04	258.08	5.2404	0.67684	1.0473	338.42	0.21186	2.2753e-05	0.030591	supercritical
305.00	80.000	104.78	0.0095442	182.78	259.13	5.2439	0.67684	1.0462	339.05	0.21051	2.2802e-05	0.030651	supercritical
306.00	80.000	104.35	0.0095827	183.51	260.18	5.2473	0.67686	1.0452	339.67	0.20917	2.2852e-05	0.030710	supercritical
307.00	80.000	103.94	0.0096211	184.25	261.22	5.2507	0.67687	1.0441	340.29	0.20784	2.2901e-05	0.030770	supercritical
308.00	80.000	103.52	0.0096595	184.99	262.26	5.2541	0.67689	1.0431	340.91	0.20652	2.2950e-05	0.030829	supercritical
309.00	80.000	103.12	0.0096979	185.72	263.31	5.2575	0.67692	1.0422	341.53	0.20520	2.2999e-05	0.030885	supercritical
310.00	80.000	102.71	0.0097361	186.46	264.35	5.2608	0.67694	1.0412	342.14	0.20390	2.3048e-05	0.030944	supercritical
311.00	80.000	102.31	0.0097744	187.20	265.39	5.2642	0.67697	1.0403	342.75	0.20261	2.3097e-05	0.031007	supercritical
312.00	80.000	101.91	0.0098126	187.93	266.43	5.2675	0.67701	1.0393	343.36	0.20132	2.3146e-05	0.031069	supercritical
313.00	80.000	101.52	0.0098507	188.66	267.47	5.2709	0.67705	1.0384	343.97	0.20005	2.3195e-05	0.031132	supercritical
314.00	80.000	101.12	0.0098888	189.40	268.51	5.2742	0.67709	1.0375	344.58	0.19878	2.3244e-05	0.031195	supercritical
315.00	80.000	100.74	0.0099268	190.13	269.54	5.2775	0.67713	1.0367	345.18	0.19753	2.3293e-05	0.031258	supercritical
316.00	80.000	100.35	0.0099648	190.86	270.58	5.2808	0.67718	1.0358	345.79	0.19628	2.3342e-05	0.031321	supercritical
317.00	80.000	99.973	0.010003	191.59	271.62	5.2840	0.67723	1.0350	346.39	0.19504	2.3391e-05	0.031384	supercritical
318.00	80.000	99.595	0.010041	192.32	272.65	5.2873	0.67729	1.0341	346.98	0.19381	2.3439e-05	0.031447	supercritical
319.00	80.000	99.221	0.010078	193.06	273.68	5.2905	0.67735	1.0333	347.58	0.19259	2.3488e-05	0.031510	supercritical
320.00	80.000	98.850	0.010116	193.79	274.72	5.2938	0.67741	1.0325	348.17	0.19138	2.3537e-05	0.031573	supercritical
321.00	80.000	98.483	0.010154	194.52	275.75	5.2970	0.67747	1.0317	348.77	0.19018	2.3586e-05	0.031637	supercritical
322.00	80.000	98.118	0.010192	195.25	276.78	5.3002	0.67754	1.0310	349.36	0.18898	2.3635e-05	0.031700	supercritical
323.00	80.000	97.757	0.010229	195.97	277.81	5.3034	0.67761	1.0302	349.95	0.18780	2.3683e-05	0.031764	supercritical
324.00	80.000	97.398	0.010267	196.70	278.84	5.3066	0.67769	1.0295	350.53	0.18662	2.3732e-05	0.031827	supercritical
325.00	80.000	97.043	0.010305	197.43	279.87	5.3097	0.67777	1.0288	351.12	0.18545	2.3781e-05	0.031891	supercritical
326.00	80.000	96.691	0.010342	198.16	280.90	5.3129	0.67785	1.0281	351.70	0.18429	2.3829e-05	0.031954	supercritical
327.00	80.000	96.341	0.010380	198.89	281.93	5.3160	0.67793	1.0274	352.28	0.18313	2.3878e-05	0.032018	supercritical
328.00	80.000	95.994	0.010417	199.61	282.95	5.3192	0.67802	1.0267	352.86	0.18199	2.3927e-05	0.032082	supercritical
329.00	80.000	95.651	0.010455	200.34	283.98	5.3223	0.67811	1.0260	353.44	0.18085	2.3975e-05	0.032145	supercritical
330.00	80.000	95.310	0.010492	201.07	285.00	5.3254	0.67820	1.0254	354.02	0.17972	2.4024e-05	0.032209	supercritical
331.00	80.000	94.972	0.010529	201.79	286.03	5.3285	0.67829	1.0247	354.59	0.17860	2.4072e-05	0.032273	supercritical
332.00	80.000	94.636	0.010567	202.52	287.05	5.3316	0.67839	1.0241	355.17	0.17749	2.4121e-05	0.032337	supercritical
333.00	80.000	94.303	0.010604	203.25	288.08	5.3347	0.67849	1.0235	355.74	0.17638	2.4169e-05	0.032401	supercritical
334.00	80.000	93.973	0.010641	203.97	289.10	5.3378	0.67859	1.0229	356.31	0.17528	2.4218e-05	0.032465	supercritical
335.00	80.000	93.646	0.010679	204.70	290.12	5.3408	0.67870	1.0223	356.87	0.17419	2.4266e-05	0.032529	supercritical
336.00	80.000	93.321	0.010716	205.42	291.15	5.3439	0.67881	1.0217	357.44	0.17310	2.4314e-05	0.032593	supercritical
337.00	80.000	92.999	0.010753	206.14	292.17	5.3469	0.67892	1.0211	358.01	0.17203	2.4363e-05	0.032657	supercritical
338.00	80.000	92.679	0.010790	206.87	293.19	5.3499	0.67904	1.0206	358.57	0.17096	2.4411e-05	0.032721	supercritical
339.00	80.000	92.362	0.010827	207.59	294.21	5.3529	0.67915	1.0200	359.13	0.16990	2.4459e-05	0.032785	supercritical
340.00	80.000	92.047	0.010864	208.32	295.23	5.3559	0.67927	1.0195	359.69	0.16884	2.4508e-05	0.032849	supercritical
341.00	80.000	91.734	0.010901	209.04	296.25	5.3589	0.67939	1.0190	360.25	0.16779	2.4556e-05	0.032914	supercritical
342.00	80.000	91.424	0.010938	209.76	297.27	5.3619	0.67952	1.0185	360.80	0.16675	2.4604e-05	0.032978	supercritical
343.00	80.000	91.117	0.010975	210.49	298.28	5.3649	0.67964	1.0180	361.36	0.16572	2.4652e-05	0.033042	supercritical
344.00	80.000	90.811	0.011012	211.21	299.30	5.3679	0.67977	1.0175	361.91	0.16469	2.4700e-05	0.033107	supercritical
345.00	80.000	90.508	0.011049	211.93	300.32	5.3708	0.67990	1.0170	362.46	0.16367	2.4748e-05	0.033171	supercritical
346.00	80.000	90.208	0.011086	212.65	301.34	5.3737	0.68004	1.0165	363.01	0.16265	2.4796e-05	0.033235	supercritical
347.00	80.000	89.909	0.011122	213.37	302.35	5.3767	0.68018	1.0160	363.56	0.16165	2.4844e-05	0.033300	supercritical
348.00	80.000	89.613	0.011159	214.10	303.37	5.3796	0.68031	1.0156	364.11	0.16065	2.4892e-05	0.033364	supercritical
349.00	80.000	89.319	0.011196	214.82	304.38	5.3825	0.68045	1.0151	364.66	0.15965	2.4940e-05	0.033429	supercritical
350.00	80.000	89.027	0.011233	215.54	305.40	5.3854	0.68060	1.0147	365.20	0.15866	2.4988e-05	0.033493	supercritical
351.00	80.000	88.737	0.011269	216.26	306.41	5.3883	0.68074	1.0143	365.74	0.15768	2.5036e-05	0.033558	supercritical
352.00	80.000	88.450	0.011306	216.98	307.43	5.3912	0.68089	1.0139	366.29	0.15671	2.5084e-05	0.033622	supercritical
353.00	80.000	88.164	0.011342	217.70	308.44	5.3941	0.68104	1.0135	366.83	0.15574	2.5132e-05	0.033687	supercritical
354.00	80.000	87.881	0.011379	218.42	309.45	5.3969	0.68119	1.0131	367.36	0.15478	2.5179e-05	0.033752	supercritical
355.00	80.000	87.599	0.011416	219.14	310.47	5.3998	0.68135	1.0127	367.90	0.15382	2.5227e-05	0.033816	supercritical
356.00	80.000	87.320	0.011452	219.86	311.48	5.4026	0.68151	1.0123	368.44	0.15287	2.5275e-05	0.033881	supercritical
357.00	80.000	87.042	0.011489	220.58	312.49	5.4055	0.68166	1.0119	368.97	0.15193	2.5322e-05	0.033946	supercritical
358.00	80.000	86.767	0.011525	221.30	313.50	5.4083	0.68182	1.0115	369.51	0.15099	2.5370e-05	0.034010	supercritical
359.00	80.000	86.493	0.011562	222.02	314.51	5.4111	0.68199	1.0112	370.04	0.15006	2.5418e-05	0.034075	supercritical
360.00	80.000	86.222	0.011598	222.74	315.53	5.4140	0.68215	1.0108	370.57	0.14913	2.5465e-05	0.034140	supercritical
361.00	80.000	85.952	0.011634	223.46	316.54	5.4168	0.68232	1.0105	371.10	0.14821	2.5513e-05	0.034204	supercritical
362.00	80.000	85.684	0.011671	224.18	317.55	5.4195	0.68249	1.0102	371.62	0.14730	2.5560e-05	0.034269	supercritical
363.00	80.000	85.418	0.011707	224.90	318.56	5.4223	0.68266	1.0098	372.15	0.14639	2.5607e-05	0.034334	supercritical
364.00	80.000	85.154	0.011743	225.62	319.57	5.4251	0.68283	1.0095	372.67	0.14549	2.5655e-05	0.034399	supercritical
365.00	80.000	84.892	0.011780	226.34	320.58	5.4279	0.68301	1.0092	373.20	0.14459	2.5702e-05	0.034464	supercritical
366.00	80.000	84.631	0.011816	227.06	321.58	5.4306	0.68318	1.0089	373.72	0.14370	2.5750e-05	0.034528	supercritical
367.00	80.000	84.373	0.011852	227.78	322.59	5.4334	0.68336	1.0086	374.24	0.14281	2.5797e-05	0.034593	supercritical
368.00	80.000	84.116	0.011888	228.49	323.60	5.4361	0.68354	1.0083	374.76	0.14193	2.5844e-05	0.034658	supercritical
369.00	80.000	83.860	0.011925	229.21	324.61	5.4389	0.68373	1.0080	375.28	0.14105	2.5891e-05	0.034723	supercritical
370.00	80.000	83.607	0.011961	229.93	325.62	5.4416	0.68391	1.0077	375.80	0.14018	2.5938e-05	0.034788	supercritical
371.00	80.000	83.355	0.011997	230.65	326.63	5.4443	0.68410	1.0075	376.31	0.13932	2.5986e-05	0.034853	supercritical
372.00	80.000	83.105	0.012033	231.37	327.63	5.4470	0.68428	1.0072	376.83	0.13846	2.6033e-05	0.034917	supercritical
373.00	80.000	82.857	0.012069	232.09	328.64	5.4497	0.68447	1.0070	377.34	0.13761	2.6080e-05	0.034982	supercritical
374.00	80.000	82.610	0.012105	232.81	329.65	5.4524	0.68466	1.0067	377.85	0.13676	2.6127e-05	0.035047	supercritical
375.00	80.000	82.365	0.012141	233.52	330.65	5.4551	0.68486	1.0065	378.36	0.13592	2.6174e-05	0.035112	supercritical
376.00	80.000	82.121	0.012177	234.24	331.66	5.4578	0.68505	1.0062	378.87	0.13508	2.6221e-05	0.035177	supercritical
377.00	80.000	81.879	0.012213	234.96	332.67	5.4605	0.68525	1.0060	379.38	0.13424	2.6268e-05	0.035242	supercritical
378.00	80.000	81.639	0.012249	235.68	333.67	5.4631	0.68545	1.0058	379.89	0.13342	2.6314e-05	0.035307	supercritical
379.00	80.000	81.400	0.012285	236.40	334.68	5.4658	0.68565	1.0056	380.40	0.13259	2.6361e-05	0.035372	supercritical
380.00	80.000	81.162	0.012321	237.11	335.68	5.4684	0.68585	1.0053	380.90	0.13178	2.6408e-05	0.035437	supercritical
381.00	80.000	80.927	0.012357	237.83	336.69	5.4711	0.68605	1.0051	381.40	0.13096	2.6455e-05	0.035502	supercritical
382.00	80.000	80.692	0.012393	238.55	337.69	5.4737	0.68626	1.0049	381.91	0.13015	2.6501e-05	0.035566	supercritical
383.00	80.000	80.460	0.012429	239.27	338.70	5.4763	0.68646	1.0047	382.41	0.12935	2.6548e-05	0.035631	supercritical
384.00	80.000	80.228	0.012464	239.99	339.70	5.4790	0.68667	1.0046	382.91	0.12855	2.6595e-05	0.035696	supercritical
385.00	80.000	79.998	0.012500	240.70	340.71	5.4816	0.68688	1.0044	383.41	0.12776	2.6641e-05	0.035761	supercritical
386.00	80.000	79.770	0.012536	241.42	341.71	5.4842	0.68709	1.0042	383.91	0.12697	2.6688e-05	0.035826	supercritical
387.00	80.000	79.543	0.012572	242.14	342.72	5.4868	0.68730	1.0040	384.40	0.12619	2.6734e-05	0.035891	supercritical
388.00	80.000	79.317	0.012608	242.86	343.72	5.4894	0.68752	1.0039	384.90	0.12541	2.6781e-05	0.035956	supercritical
389.00	80.000	79.093	0.012643	243.58	344.72	5.4920	0.68773	1.0037	385.39	0.12463	2.6827e-05	0.036021	supercritical
390.00	80.000	78.871	0.012679	244.29	345.73	5.4945	0.68795	1.0035	385.89	0.12386	2.6874e-05	0.036086	supercritical
391.00	80.000	78.649	0.012715	245.01	346.73	5.4971	0.68817	1.0034	386.38	0.12309	2.6920e-05	0.036151	supercritical
392.00	80.000	78.429	0.012750	245.73	347.73	5.4997	0.68839	1.0032	386.87	0.12233	2.6966e-05	0.036216	supercritical
393.00	80.000	78.211	0.012786	246.45	348.74	5.5022	0.68861	1.0031	387.36	0.12158	2.7013e-05	0.036281	supercritical
394.00	80.000	77.993	0.012822	247.17	349.74	5.5048	0.68883	1.0030	387.85	0.12082	2.7059e-05	0.036346	supercritical
395.00	80.000	77.777	0.012857	247.88	350.74	5.5073	0.68906	1.0028	388.34	0.12008	2.7105e-05	0.036411	supercritical
396.00	80.000	77.563	0.012893	248.60	351.75	5.5098	0.68928	1.0027	388.83	0.11933	2.7151e-05	0.036476	supercritical
397.00	80.000	77.349	0.012928	249.32	352.75	5.5124	0.68951	1.0026	389.31	0.11859	2.7197e-05	0.036541	supercritical
398.00	80.000	77.137	0.012964	250.04	353.75	5.5149	0.68974	1.0025	389.80	0.11786	2.7244e-05	0.036605	supercritical
399.00	80.000	76.926	0.012999	250.76	354.75	5.5174	0.68996	1.0024	390.28	0.11713	2.7290e-05	0.036670	supercritical
400.00	80.000	76.717	0.013035	251.48	355.76	5.5199	0.69020	1.0022	390.76	0.11640	2.7336e-05	0.036735	supercritical
401.00	80.000	76.508	0.013070	252.19	356.76	5.5224	0.69043	1.0021	391.25	0.11568	2.7382e-05	0.036800	supercritical
402.00	80.000	76.301	0.013106	252.91	357.76	5.5249	0.69066	1.0020	391.73	0.11496	2.7427e-05	0.036865	supercritical
403.00	80.000	76.095	0.013141	253.63	358.76	5.5274	0.69089	1.0019	392.21	0.11425	2.7473e-05	0.036930	supercritical
404.00	80.000	75.891	0.013177	254.35	359.76	5.5299	0.69113	1.0019	392.69	0.11354	2.7519e-05	0.036995	supercritical
405.00	80.000	75.687	0.013212	255.07	360.77	5.5324	0.69137	1.0018	393.16	0.11283	2.7565e-05	0.037060	supercritical
406.00	80.000	75.485	0.013248	255.79	361.77	5.5348	0.69160	1.0017	393.64	0.11213	2.7611e-05	0.037125	supercritical
407.00	80.000	75.284	0.013283	256.50	362.77	5.5373	0.69184	1.0016	394.12	0.11143	2.7657e-05	0.037190	supercritical
408.00	80.000	75.084	0.013318	257.22	363.77	5.5398	0.69208	1.0015	394.59	0.11074	2.7702e-05	0.037254	supercritical
409.00	80.000	74.885	0.013354	257.94	364.77	5.5422	0.69233	1.0015	395.07	0.11005	2.7748e-05	0.037319	supercritical
410.00	80.000	74.687	0.013389	258.66	365.77	5.5447	0.69257	1.0014	395.54	0.10936	2.7794e-05	0.037384	supercritical
411.00	80.000	74.491	0.013424	259.38	366.77	5.5471	0.69281	1.0013	396.01	0.10868	2.7839e-05	0.037449	supercritical
412.00	80.000	74.296	0.013460	260.10	367.78	5.5495	0.69306	1.0013	396.48	0.10800	2.7885e-05	0.037514	supercritical
413.00	80.000	74.101	0.013495	260.82	368.78	5.5520	0.69330	1.0012	396.95	0.10733	2.7930e-05	0.037579	supercritical
414.00	80.000	73.908	0.013530	261.54	369.78	5.5544	0.69355	1.0012	397.42	0.10666	2.7976e-05	0.037643	supercritical
415.00	80.000	73.716	0.013566	262.25	370.78	5.5568	0.69380	1.0011	397.89	0.10599	2.8021e-05	0.037708	supercritical
416.00	80.000	73.525	0.013601	262.97	371.78	5.5592	0.69405	1.0011	398.36	0.10533	2.8067e-05	0.037773	supercritical
417.00	80.000	73.335	0.013636	263.69	372.78	5.5616	0.69430	1.0011	398.82	0.10467	2.8112e-05	0.037838	supercritical
418.00	80.000	73.146	0.013671	264.41	373.78	5.5640	0.69455	1.0010	399.29	0.10401	2.8157e-05	0.037903	supercritical
419.00	80.000	72.959	0.013706	265.13	374.78	5.5664	0.69480	1.0010	399.75	0.10336	2.8203e-05	0.037968	supercritical
420.00	80.000	72.772	0.013742	265.85	375.78	5.5688	0.69505	1.0010	400.22	0.10271	2.8248e-05	0.038032	supercritical
421.00	80.000	72.586	0.013777	266.57	376.79	5.5712	0.69531	1.0009	400.68	0.10207	2.8293e-05	0.038097	supercritical
422.00	80.000	72.401	0.013812	267.29	377.79	5.5735	0.69556	1.0009	401.14	0.10143	2.8338e-05	0.038162	supercritical
423.00	80.000	72.218	0.013847	268.01	378.79	5.5759	0.69582	1.0009	401.60	0.10079	2.8383e-05	0.038227	supercritical
424.00	80.000	72.035	0.013882	268.73	379.79	5.5783	0.69608	1.0009	402.06	0.10015	2.8428e-05	0.038291	supercritical
425.00	80.000	71.853	0.013917	269.45	380.79	5.5806	0.69633	1.0009	402.52	0.099523	2.8473e-05	0.038356	supercritical
426.00	80.000	71.673	0.013952	270.17	381.79	5.5830	0.69659	1.0009	402.98	0.098896	2.8518e-05	0.038421	supercritical
427.00	80.000	71.493	0.013987	270.89	382.79	5.5853	0.69685	1.0009	403.44	0.098272	2.8563e-05	0.038485	supercritical
428.00	80.000	71.314	0.014022	271.61	383.79	5.5877	0.69711	1.0009	403.90	0.097652	2.8608e-05	0.038550	supercritical
429.00	80.000	71.137	0.014057	272.33	384.79	5.5900	0.69737	1.0009	404.35	0.097036	2.8653e-05	0.038615	supercritical
430.00	80.000	70.960	0.014093	273.05	385.79	5.5923	0.69764	1.0009	404.81	0.096422	2.8698e-05	0.038679	supercritical
431.00	80.000	70.784	0.014128	273.77	386.79	5.5947	0.69790	1.0009	405.26	0.095812	2.8743e-05	0.038744	supercritical
432.00	80.000	70.609	0.014163	274.50	387.80	5.5970	0.69816	1.0009	405.71	0.095206	2.8788e-05	0.038809	supercritical
433.00	80.000	70.435	0.014197	275.22	388.80	5.5993	0.69843	1.0009	406.17	0.094602	2.8833e-05	0.038873	supercritical
434.00	80.000	70.262	0.014232	275.94	389.80	5.6016	0.69869	1.0009	406.62	0.094002	2.8877e-05	0.038938	supercritical
435.00	80.000	70.090	0.014267	276.66	390.80	5.6039	0.69896	1.0010	407.07	0.093405	2.8922e-05	0.039003	supercritical
436.00	80.000	69.919	0.014302	277.38	391.80	5.6062	0.69923	1.0010	407.52	0.092812	2.8967e-05	0.039067	supercritical
437.00	80.000	69.748	0.014337	278.10	392.80	5.6085	0.69950	1.0010	407.97	0.092221	2.9011e-05	0.039132	supercritical
438.00	80.000	69.579	0.014372	278.82	393.80	5.6108	0.69976	1.0010	408.42	0.091634	2.9056e-05	0.039196	supercritical
439.00	80.000	69.410	0.014407	279.55	394.80	5.6131	0.70003	1.0011	408.86	0.091050	2.9100e-05	0.039261	supercritical
440.00	80.000	69.243	0.014442	280.27	395.80	5.6153	0.70030	1.0011	409.31	0.090469	2.9145e-05	0.039325	supercritical
441.00	80.000	69.076	0.014477	280.99	396.80	5.6176	0.70058	1.0012	409.76	0.089892	2.9189e-05	0.039390	supercritical
442.00	80.000	68.910	0.014512	281.71	397.81	5.6199	0.70085	1.0012	410.20	0.089317	2.9234e-05	0.039454	supercritical
443.00	80.000	68.745	0.014547	282.43	398.81	5.6222	0.70112	1.0012	410.65	0.088745	2.9278e-05	0.039519	supercritical
444.00	80.000	68.580	0.014581	283.16	399.81	5.6244	0.70139	1.0013	411.09	0.088177	2.9322e-05	0.039583	supercritical
445.00	80.000	68.417	0.014616	283.88	400.81	5.6267	0.70167	1.0013	411.53	0.087612	2.9367e-05	0.039648	supercritical
446.00	80.000	68.255	0.014651	284.60	401.81	5.6289	0.70194	1.0014	411.97	0.087049	2.9411e-05	0.039712	supercritical
447.00	80.000	68.093	0.014686	285.33	402.81	5.6312	0.70222	1.0014	412.42	0.086490	2.9455e-05	0.039777	supercritical
448.00	80.000	67.932	0.014721	286.05	403.81	5.6334	0.70249	1.0015	412.86	0.085933	2.9499e-05	0.039841	supercritical
449.00	80.000	67.772	0.014755	286.77	404.82	5.6356	0.70277	1.0015	413.30	0.085380	2.9544e-05	0.039906	supercritical
450.00	80.000	67.613	0.014790	287.50	405.82	5.6379	0.70304	1.0016	413.74	0.084829	2.9588e-05	0.039970	supercritical
451.00	80.000	67.454	0.014825	288.22	406.82	5.6401	0.70332	1.0017	414.17	0.084281	2.9632e-05	0.040034	supercritical
452.00	80.000	67.296	0.014860	288.94	407.82	5.6423	0.70360	1.0017	414.61	0.083737	2.9676e-05	0.040099	supercritical
453.00	80.000	67.139	0.014894	289.67	408.82	5.6445	0.70388	1.0018	415.05	0.083195	2.9720e-05	0.040163	supercritical
454.00	80.000	66.983	0.014929	290.39	409.82	5.6467	0.70416	1.0019	415.48	0.082656	2.9764e-05	0.040227	supercritical
455.00	80.000	66.828	0.014964	291.12	410.83	5.6489	0.70444	1.0019	415.92	0.082120	2.9808e-05	0.040292	supercritical
456.00	80.000	66.673	0.014998	291.84	411.83	5.6511	0.70472	1.0020	416.35	0.081586	2.9852e-05	0.040356	supercritical
457.00	80.000	66.520	0.015033	292.56	412.83	5.6533	0.70500	1.0021	416.79	0.081055	2.9895e-05	0.040420	supercritical
458.00	80.000	66.367	0.015068	293.29	413.83	5.6555	0.70528	1.0022	417.22	0.080528	2.9939e-05	0.040485	supercritical
459.00	80.000	66.214	0.015102	294.01	414.83	5.6577	0.70556	1.0023	417.65	0.080003	2.9983e-05	0.040549	supercritical
460.00	80.000	66.063	0.015137	294.74	415.84	5.6599	0.70585	1.0023	418.09	0.079480	3.0027e-05	0.040613	supercritical
461.00	80.000	65.912	0.015172	295.46	416.84	5.6621	0.70613	1.0024	418.52	0.078961	3.0071e-05	0.040677	supercritical
462.00	80.000	65.762	0.015206	296.19	417.84	5.6642	0.70641	1.0025	418.95	0.078444	3.0114e-05	0.040741	supercritical
463.00	80.000	65.613	0.015241	296.92	418.84	5.6664	0.70670	1.0026	419.38	0.077929	3.0158e-05	0.040806	supercritical
464.00	80.000	65.464	0.015276	297.64	419.85	5.6686	0.70698	1.0027	419.81	0.077418	3.0202e-05	0.040870	supercritical
465.00	80.000	65.316	0.015310	298.37	420.85	5.6707	0.70727	1.0028	420.23	0.076909	3.0245e-05	0.040934	supercritical
466.00	80.000	65.169	0.015345	299.09	421.85	5.6729	0.70755	1.0029	420.66	0.076403	3.0289e-05	0.040998	supercritical
467.00	80.000	65.022	0.015379	299.82	422.85	5.6750	0.70784	1.0030	421.09	0.075899	3.0332e-05	0.041062	supercritical
468.00	80.000	64.877	0.015414	300.55	423.86	5.6772	0.70812	1.0031	421.51	0.075398	3.0376e-05	0.041126	supercritical
469.00	80.000	64.732	0.015448	301.27	424.86	5.6793	0.70841	1.0032	421.94	0.074899	3.0419e-05	0.041190	supercritical
470.00	80.000	64.587	0.015483	302.00	425.86	5.6814	0.70870	1.0033	422.37	0.074403	3.0462e-05	0.041254	supercritical
471.00	80.000	64.443	0.015517	302.73	426.87	5.6836	0.70899	1.0034	422.79	0.073910	3.0506e-05	0.041318	supercritical
472.00	80.000	64.300	0.015552	303.46	427.87	5.6857	0.70927	1.0035	423.21	0.073419	3.0549e-05	0.041382	supercritical
473.00	80.000	64.158	0.015587	304.18	428.87	5.6878	0.70956	1.0036	423.64	0.072931	3.0592e-05	0.041447	supercritical
474.00	80.000	64.016	0.015621	304.91	429.88	5.6899	0.70985	1.0037	424.06	0.072445	3.0636e-05	0.041511	supercritical
475.00	80.000	63.875	0.015655	305.64	430.88	5.6921	0.71014	1.0038	424.48	0.071961	3.0679e-05	0.041574	supercritical
476.00	80.000	63.735	0.015690	306.37	431.89	5.6942	0.71043	1.0039	424.90	0.071480	3.0722e-05	0.041638	supercritical
477.00	80.000	63.595	0.015724	307.09	432.89	5.6963	0.71072	1.0041	425.32	0.071002	3.0765e-05	0.041702	supercritical
478.00	80.000	63.456	0.015759	307.82	433.89	5.6984	0.71101	1.0042	425.74	0.070526	3.0808e-05	0.041766	supercritical
479.00	80.000	63.318	0.015793	308.55	434.90	5.7005	0.71130	1.0043	426.16	0.070052	3.0851e-05	0.041830	supercritical
480.00	80.000	63.180	0.015828	309.28	435.90	5.7026	0.71159	1.0044	426.58	0.069581	3.0895e-05	0.041894	supercritical
481.00	80.000	63.043	0.015862	310.01	436.91	5.7047	0.71188	1.0045	427.00	0.069112	3.0938e-05	0.041958	supercritical
482.00	80.000	62.907	0.015897	310.74	437.91	5.7068	0.71217	1.0047	427.41	0.068645	3.0981e-05	0.042022	supercritical
483.00	80.000	62.771	0.015931	311.47	438.92	5.7088	0.71247	1.0048	427.83	0.068181	3.1023e-05	0.042086	supercritical
484.00	80.000	62.635	0.015965	312.20	439.92	5.7109	0.71276	1.0049	428.24	0.067719	3.1066e-05	0.042149	supercritical
485.00	80.000	62.501	0.016000	312.93	440.93	5.7130	0.71305	1.0050	428.66	0.067260	3.1109e-05	0.042213	supercritical
486.00	80.000	62.367	0.016034	313.66	441.93	5.7151	0.71334	1.0052	429.07	0.066802	3.1152e-05	0.042277	supercritical
487.00	80.000	62.233	0.016069	314.39	442.94	5.7171	0.71364	1.0053	429.49	0.066347	3.1195e-05	0.042341	supercritical
488.00	80.000	62.101	0.016103	315.12	443.94	5.7192	0.71393	1.0054	429.90	0.065895	3.1238e-05	0.042405	supercritical
489.00	80.000	61.968	0.016137	315.85	444.95	5.7212	0.71422	1.0056	430.31	0.065444	3.1280e-05	0.042468	supercritical
490.00	80.000	61.837	0.016172	316.58	445.95	5.7233	0.71452	1.0057	430.73	0.064996	3.1323e-05	0.042532	supercritical
491.00	80.000	61.706	0.016206	317.31	446.96	5.7253	0.71481	1.0058	431.14	0.064550	3.1366e-05	0.042596	supercritical
492.00	80.000	61.575	0.016240	318.04	447.96	5.7274	0.71510	1.0060	431.55	0.064106	3.1408e-05	0.042659	supercritical
493.00	80.000	61.446	0.016275	318.77	448.97	5.7294	0.71540	1.0061	431.96	0.063665	3.1451e-05	0.042723	supercritical
494.00	80.000	61.316	0.016309	319.51	449.98	5.7315	0.71569	1.0063	432.37	0.063225	3.1494e-05	0.042787	supercritical
495.00	80.000	61.188	0.016343	320.24	450.98	5.7335	0.71599	1.0064	432.78	0.062788	3.1536e-05	0.042850	supercritical
496.00	80.000	61.060	0.016377	320.97	451.99	5.7355	0.71628	1.0065	433.19	0.062353	3.1579e-05	0.042914	supercritical
497.00	80.000	60.932	0.016412	321.70	453.00	5.7376	0.71658	1.0067	433.60	0.061920	3.1621e-05	0.042977	supercritical
498.00	80.000	60.805	0.016446	322.44	454.00	5.7396	0.71687	1.0068	434.00	0.061489	3.1663e-05	0.043041	supercritical
499.00	80.000	60.679	0.016480	323.17	455.01	5.7416	0.71717	1.0070	434.41	0.061061	3.1706e-05	0.043104	supercritical
500.00	80.000	60.553	0.016515	323.90	456.02	5.7436	0.71746	1.0071	434.82	0.060634	3.1748e-05	0.043168	supercritical
501.00	80.000	60.427	0.016549	324.63	457.02	5.7456	0.71776	1.0073	435.22	0.060210	3.1791e-05	0.043231	supercritical
502.00	80.000	60.303	0.016583	325.37	458.03	5.7477	0.71806	1.0074	435.63	0.059787	3.1833e-05	0.043295	supercritical
503.00	80.000	60.178	0.016617	326.10	459.04	5.7497	0.71835	1.0076	436.03	0.059367	3.1875e-05	0.043358	supercritical
504.00	80.000	60.055	0.016651	326.84	460.05	5.7517	0.71865	1.0077	436.44	0.058949	3.1917e-05	0.043422	supercritical
505.00	80.000	59.932	0.016686	327.57	461.05	5.7537	0.71894	1.0079	436.84	0.058533	3.1960e-05	0.043485	supercritical
506.00	80.000	59.809	0.016720	328.30	462.06	5.7556	0.71924	1.0080	437.24	0.058118	3.2002e-05	0.043549	supercritical
507.00	80.000	59.687	0.016754	329.04	463.07	5.7576	0.71954	1.0082	437.65	0.057706	3.2044e-05	0.043612	supercritical
508.00	80.000	59.565	0.016788	329.77	464.08	5.7596	0.71983	1.0084	438.05	0.057296	3.2086e-05	0.043675	supercritical
509.00	80.000	59.444	0.016822	330.51	465.09	5.7616	0.72013	1.0085	438.45	0.056888	3.2128e-05	0.043739	supercritical
510.00	80.000	59.324	0.016857	331.24	466.10	5.7636	0.72043	1.0087	438.85	0.056481	3.2170e-05	0.043802	supercritical
511.00	80.000	59.204	0.016891	331.98	467.10	5.7656	0.72073	1.0088	439.25	0.056077	3.2212e-05	0.043865	supercritical
512.00	80.000	59.084	0.016925	332.71	468.11	5.7675	0.72102	1.0090	439.65	0.055675	3.2254e-05	0.043929	supercritical
513.00	80.000	58.965	0.016959	333.45	469.12	5.7695	0.72132	1.0092	440.05	0.055274	3.2296e-05	0.043992	supercritical
514.00	80.000	58.847	0.016993	334.19	470.13	5.7715	0.72162	1.0093	440.45	0.054876	3.2338e-05	0.044055	supercritical
515.00	80.000	58.729	0.017027	334.92	471.14	5.7734	0.72191	1.0095	440.85	0.054479	3.2380e-05	0.044118	supercritical
516.00	80.000	58.612	0.017061	335.66	472.15	5.7754	0.72221	1.0097	441.24	0.054085	3.2422e-05	0.044181	supercritical
517.00	80.000	58.495	0.017096	336.40	473.16	5.7773	0.72251	1.0098	441.64	0.053692	3.2463e-05	0.044245	supercritical
518.00	80.000	58.378	0.017130	337.13	474.17	5.7793	0.72281	1.0100	442.04	0.053301	3.2505e-05	0.044308	supercritical
519.00	80.000	58.262	0.017164	337.87	475.18	5.7812	0.72310	1.0102	442.43	0.052912	3.2547e-05	0.044371	supercritical
520.00	80.000	58.147	0.017198	338.61	476.19	5.7832	0.72340	1.0103	442.83	0.052525	3.2589e-05	0.044434	supercritical
521.00	80.000	58.032	0.017232	339.35	477.20	5.7851	0.72370	1.0105	443.22	0.052139	3.2630e-05	0.044497	supercritical
522.00	80.000	57.917	0.017266	340.08	478.21	5.7871	0.72400	1.0107	443.62	0.051756	3.2672e-05	0.044560	supercritical
523.00	80.000	57.803	0.017300	340.82	479.22	5.7890	0.72429	1.0108	444.01	0.051374	3.2713e-05	0.044623	supercritical
524.00	80.000	57.689	0.017334	341.56	480.23	5.7909	0.72459	1.0110	444.40	0.050994	3.2755e-05	0.044686	supercritical
525.00	80.000	57.576	0.017368	342.30	481.24	5.7929	0.72489	1.0112	444.80	0.050616	3.2797e-05	0.044749	supercritical
526.00	80.000	57.463	0.017402	343.04	482.26	5.7948	0.72519	1.0114	445.19	0.050240	3.2838e-05	0.044812	supercritical
527.00	80.000	57.351	0.017436	343.78	483.27	5.7967	0.72549	1.0115	445.58	0.049865	3.2880e-05	0.044875	supercritical
528.00	80.000	57.240	0.017470	344.52	484.28	5.7986	0.72578	1.0117	445.97	0.049493	3.2921e-05	0.044938	supercritical
529.00	80.000	57.128	0.017504	345.26	485.29	5.8005	0.72608	1.0119	446.36	0.049122	3.2962e-05	0.045001	supercritical
530.00	80.000	57.017	0.017539	346.00	486.30	5.8025	0.72638	1.0121	446.75	0.048752	3.3004e-05	0.045064	supercritical
531.00	80.000	56.907	0.017573	346.74	487.32	5.8044	0.72668	1.0123	447.14	0.048385	3.3045e-05	0.045127	supercritical
532.00	80.000	56.797	0.017607	347.48	488.33	5.8063	0.72697	1.0124	447.53	0.048019	3.3086e-05	0.045190	supercritical
533.00	80.000	56.688	0.017641	348.22	489.34	5.8082	0.72727	1.0126	447.92	0.047655	3.3128e-05	0.045253	supercritical
534.00	80.000	56.579	0.017675	348.96	490.35	5.8101	0.72757	1.0128	448.31	0.047292	3.3169e-05	0.045315	supercritical
535.00	80.000	56.470	0.017709	349.70	491.37	5.8120	0.72787	1.0130	448.70	0.046932	3.3210e-05	0.045378	supercritical
536.00	80.000	56.362	0.017743	350.44	492.38	5.8139	0.72816	1.0132	449.09	0.046573	3.3251e-05	0.045441	supercritical
537.00	80.000	56.254	0.017776	351.18	493.39	5.8157	0.72846	1.0133	449.47	0.046215	3.3293e-05	0.045504	supercritical
538.00	80.000	56.147	0.017810	351.92	494.41	5.8176	0.72876	1.0135	449.86	0.045859	3.3334e-05	0.045567	supercritical
539.00	80.000	56.040	0.017844	352.66	495.42	5.8195	0.72906	1.0137	450.25	0.045505	3.3375e-05	0.045629	supercritical
540.00	80.000	55.933	0.017878	353.41	496.43	5.8214	0.72935	1.0139	450.63	0.045153	3.3416e-05	0.045692	supercritical
541.00	80.000	55.827	0.017912	354.15	497.45	5.8233	0.72965	1.0141	451.02	0.044802	3.3457e-05	0.045755	supercritical
542.00	80.000	55.722	0.017946	354.89	498.46	5.8251	0.72995	1.0143	451.40	0.044453	3.3498e-05	0.045817	supercritical
543.00	80.000	55.617	0.017980	355.63	499.48	5.8270	0.73024	1.0145	451.79	0.044105	3.3539e-05	0.045880	supercritical
544.00	80.000	55.512	0.018014	356.38	500.49	5.8289	0.73054	1.0146	452.17	0.043759	3.3580e-05	0.045943	supercritical
545.00	80.000	55.408	0.018048	357.12	501.50	5.8307	0.73084	1.0148	452.55	0.043415	3.3621e-05	0.046005	supercritical
546.00	80.000	55.304	0.018082	357.86	502.52	5.8326	0.73113	1.0150	452.94	0.043072	3.3662e-05	0.046068	supercritical
547.00	80.000	55.200	0.018116	358.61	503.53	5.8345	0.73143	1.0152	453.32	0.042731	3.3703e-05	0.046130	supercritical
548.00	80.000	55.097	0.018150	359.35	504.55	5.8363	0.73173	1.0154	453.70	0.042391	3.3743e-05	0.046193	supercritical
549.00	80.000	54.994	0.018184	360.10	505.57	5.8382	0.73202	1.0156	454.08	0.042053	3.3784e-05	0.046256	supercritical
550.00	80.000	54.892	0.018218	360.84	506.58	5.8400	0.73232	1.0158	454.46	0.041717	3.3825e-05	0.046318	supercritical
551.00	80.000	54.790	0.018252	361.59	507.60	5.8419	0.73261	1.0160	454.85	0.041382	3.3866e-05	0.046381	supercritical
552.00	80.000	54.688	0.018285	362.33	508.61	5.8437	0.73291	1.0162	455.23	0.041048	3.3906e-05	0.046443	supercritical
553.00	80.000	54.587	0.018319	363.08	509.63	5.8455	0.73321	1.0164	455.61	0.040716	3.3947e-05	0.046505	supercritical
554.00	80.000	54.487	0.018353	363.82	510.65	5.8474	0.73350	1.0166	455.98	0.040386	3.3988e-05	0.046568	supercritical
555.00	80.000	54.386	0.018387	364.57	511.66	5.8492	0.73380	1.0168	456.36	0.040057	3.4028e-05	0.046630	supercritical
556.00	80.000	54.286	0.018421	365.31	512.68	5.8510	0.73409	1.0169	456.74	0.039729	3.4069e-05	0.046693	supercritical
557.00	80.000	54.187	0.018455	366.06	513.70	5.8529	0.73439	1.0171	457.12	0.039403	3.4109e-05	0.046755	supercritical
558.00	80.000	54.087	0.018489	366.81	514.71	5.8547	0.73468	1.0173	457.50	0.039079	3.4150e-05	0.046817	supercritical
559.00	80.000	53.989	0.018522	367.55	515.73	5.8565	0.73498	1.0175	457.88	0.038755	3.4190e-05	0.046880	supercritical
560.00	80.000	53.890	0.018556	368.30	516.75	5.8583	0.73527	1.0177	458.25	0.038434	3.4231e-05	0.046942	supercritical
561.00	80.000	53.792	0.018590	369.05	517.77	5.8601	0.73557	1.0179	458.63	0.038114	3.4271e-05	0.047004	supercritical
562.00	80.000	53.694	0.018624	369.79	518.78	5.8620	0.73586	1.0181	459.00	0.037795	3.4312e-05	0.047067	supercritical
563.00	80.000	53.597	0.018658	370.54	519.80	5.8638	0.73615	1.0183	459.38	0.037478	3.4352e-05	0.047129	supercritical
564.00	80.000	53.500	0.018692	371.29	520.82	5.8656	0.73645	1.0185	459.75	0.037162	3.4392e-05	0.047191	supercritical
565.00	80.000	53.403	0.018725	372.04	521.84	5.8674	0.73674	1.0187	460.13	0.036847	3.4433e-05	0.047253	supercritical
566.00	80.000	53.307	0.018759	372.79	522.86	5.8692	0.73704	1.0189	460.50	0.036534	3.4473e-05	0.047315	supercritical
567.00	80.000	53.211	0.018793	373.53	523.88	5.8710	0.73733	1.0191	460.88	0.036222	3.4513e-05	0.047377	supercritical
568.00	80.000	53.116	0.018827	374.28	524.90	5.8728	0.73762	1.0193	461.25	0.035912	3.4554e-05	0.047440	supercritical
569.00	80.000	53.021	0.018861	375.03	525.92	5.8746	0.73792	1.0195	461.62	0.035603	3.4594e-05	0.047502	supercritical
570.00	80.000	52.926	0.018894	375.78	526.94	5.8764	0.73821	1.0197	462.00	0.035296	3.4634e-05	0.047564	supercritical
571.00	80.000	52.831	0.018928	376.53	527.96	5.8781	0.73850	1.0199	462.37	0.034989	3.4674e-05	0.047626	supercritical
572.00	80.000	52.737	0.018962	377.28	528.98	5.8799	0.73879	1.0201	462.74	0.034684	3.4714e-05	0.047688	supercritical
573.00	80.000	52.644	0.018996	378.03	530.00	5.8817	0.73909	1.0203	463.11	0.034381	3.4754e-05	0.047750	supercritical
574.00	80.000	52.550	0.019029	378.78	531.02	5.8835	0.73938	1.0205	463.48	0.034079	3.4794e-05	0.047812	supercritical
575.00	80.000	52.457	0.019063	379.53	532.04	5.8853	0.73967	1.0207	463.85	0.033778	3.4834e-05	0.047874	supercritical
576.00	80.000	52.364	0.019097	380.28	533.06	5.8870	0.73996	1.0209	464.22	0.033478	3.4874e-05	0.047936	supercritical
577.00	80.000	52.272	0.019131	381.03	534.08	5.8888	0.74025	1.0211	464.59	0.033180	3.4914e-05	0.047998	supercritical
578.00	80.000	52.180	0.019164	381.79	535.10	5.8906	0.74054	1.0213	464.96	0.032883	3.4954e-05	0.048060	supercritical
579.00	80.000	52.088	0.019198	382.54	536.12	5.8923	0.74083	1.0215	465.33	0.032588	3.4994e-05	0.048122	supercritical
580.00	80.000	51.997	0.019232	383.29	537.14	5.8941	0.74113	1.0217	465.70	0.032294	3.5034e-05	0.048184	supercritical
581.00	80.000	51.906	0.019266	384.04	538.17	5.8959	0.74142	1.0219	466.07	0.032001	3.5074e-05	0.048246	supercritical
582.00	80.000	51.815	0.019299	384.79	539.19	5.8976	0.74171	1.0221	466.44	0.031709	3.5114e-05	0.048307	supercritical
583.00	80.000	51.725	0.019333	385.55	540.21	5.8994	0.74200	1.0224	466.80	0.031418	3.5154e-05	0.048369	supercritical
584.00	80.000	51.635	0.019367	386.30	541.23	5.9011	0.74229	1.0226	467.17	0.031129	3.5193e-05	0.048431	supercritical
585.00	80.000	51.545	0.019400	387.05	542.25	5.9029	0.74257	1.0228	467.54	0.030841	3.5233e-05	0.048493	supercritical
586.00	80.000	51.456	0.019434	387.80	543.28	5.9046	0.74286	1.0230	467.90	0.030555	3.5273e-05	0.048555	supercritical
587.00	80.000	51.367	0.019468	388.56	544.30	5.9064	0.74315	1.0232	468.27	0.030269	3.5312e-05	0.048616	supercritical
588.00	80.000	51.278	0.019502	389.31	545.32	5.9081	0.74344	1.0234	468.63	0.029985	3.5352e-05	0.048678	supercritical
589.00	80.000	51.190	0.019535	390.07	546.35	5.9099	0.74373	1.0236	469.00	0.029702	3.5392e-05	0.048740	supercritical
590.00	80.000	51.101	0.019569	390.82	547.37	5.9116	0.74402	1.0238	469.36	0.029420	3.5431e-05	0.048801	supercritical
591.00	80.000	51.014	0.019603	391.57	548.39	5.9133	0.74431	1.0240	469.73	0.029140	3.5471e-05	0.048863	supercritical
592.00	80.000	50.926	0.019636	392.33	549.42	5.9151	0.74459	1.0242	470.09	0.028860	3.5510e-05	0.048925	supercritical
593.00	80.000	50.839	0.019670	393.08	550.44	5.9168	0.74488	1.0244	470.46	0.028582	3.5550e-05	0.048986	supercritical
594.00	80.000	50.752	0.019704	393.84	551.47	5.9185	0.74517	1.0246	470.82	0.028305	3.5589e-05	0.049048	supercritical
595.00	80.000	50.666	0.019737	394.59	552.49	5.9202	0.74545	1.0248	471.18	0.028030	3.5629e-05	0.049110	supercritical
596.00	80.000	50.579	0.019771	395.35	553.52	5.9220	0.74574	1.0250	471.55	0.027755	3.5668e-05	0.049171	supercritical
597.00	80.000	50.493	0.019805	396.11	554.54	5.9237	0.74603	1.0252	471.91	0.027482	3.5708e-05	0.049233	supercritical
598.00	80.000	50.408	0.019838	396.86	555.57	5.9254	0.74631	1.0254	472.27	0.027209	3.5747e-05	0.049294	supercritical
599.00	80.000	50.323	0.019872	397.62	556.59	5.9271	0.74660	1.0257	472.63	0.026938	3.5786e-05	0.049356	supercritical
600.00	80.000	50.238	0.019905	398.38	557.62	5.9288	0.74688	1.0259	472.99	0.026668	3.5826e-05	0.049417	supercritical
