Temperature (K)	Pressure (bar)	Density (kg/m3)	Volume (m3/kg)	Internal Energy (kJ/kg)	Enthalpy (kJ/kg)	Entropy (J/g*K)	Cv (J/g*K)	Cp (J/g*K)	Sound Spd. (m/s)	Joule-Thomson (K/bar)	Viscosity (Pa*s)	Therm. Cond. (W/m*K)	Phase
60.000	123.00	1296.3	0.00077142	-186.04	-176.55	2.2254	1.0932	1.6487	1160.5	-0.037751	0.00063626	0.19886	liquid
61.000	123.00	1292.1	0.00077392	-184.42	-174.90	2.2527	1.0857	1.6511	1156.6	-0.037591	0.00060638	0.19756	liquid
62.000	123.00	1287.9	0.00077645	-182.80	-173.25	2.2795	1.0789	1.6530	1152.0	-0.037449	0.00057848	0.19626	liquid
63.000	123.00	1283.7	0.00077900	-181.18	-171.60	2.3060	1.0727	1.6545	1146.8	-0.037321	0.00055243	0.19495	liquid
64.000	123.00	1279.5	0.00078157	-179.55	-169.94	2.3321	1.0669	1.6556	1141.2	-0.037206	0.00052808	0.19365	liquid
65.000	123.00	1275.2	0.00078417	-177.93	-168.28	2.3577	1.0614	1.6563	1135.3	-0.037102	0.00050532	0.19235	liquid
66.000	123.00	1271.0	0.00078679	-176.31	-166.63	2.3830	1.0562	1.6566	1129.0	-0.037006	0.00048401	0.19105	liquid
67.000	123.00	1266.7	0.00078944	-174.68	-164.97	2.4080	1.0511	1.6567	1122.6	-0.036916	0.00046406	0.18975	liquid
68.000	123.00	1262.5	0.00079210	-173.06	-163.31	2.4325	1.0462	1.6566	1115.9	-0.036831	0.00044536	0.18844	liquid
69.000	123.00	1258.2	0.00079479	-171.43	-161.66	2.4567	1.0414	1.6563	1109.2	-0.036749	0.00042781	0.18714	liquid
70.000	123.00	1253.9	0.00079750	-169.81	-160.00	2.4805	1.0367	1.6558	1102.3	-0.036668	0.00041134	0.18584	liquid
71.000	123.00	1249.6	0.00080023	-168.19	-158.35	2.5040	1.0321	1.6552	1095.3	-0.036588	0.00039586	0.18454	liquid
72.000	123.00	1245.4	0.00080298	-166.57	-156.69	2.5271	1.0275	1.6546	1088.3	-0.036507	0.00038129	0.18324	liquid
73.000	123.00	1241.1	0.00080575	-164.95	-155.04	2.5500	1.0229	1.6539	1081.2	-0.036424	0.00036758	0.18194	liquid
74.000	123.00	1236.8	0.00080855	-163.33	-153.38	2.5724	1.0185	1.6531	1074.1	-0.036338	0.00035465	0.18064	liquid
75.000	123.00	1232.5	0.00081137	-161.71	-151.73	2.5946	1.0140	1.6524	1067.0	-0.036249	0.00034245	0.17934	liquid
76.000	123.00	1228.2	0.00081422	-160.09	-150.08	2.6165	1.0096	1.6517	1059.8	-0.036155	0.00033094	0.17804	liquid
77.000	123.00	1223.9	0.00081708	-158.48	-148.43	2.6381	1.0053	1.6510	1052.6	-0.036057	0.00032005	0.17674	liquid
78.000	123.00	1219.5	0.00081998	-156.86	-146.78	2.6594	1.0010	1.6503	1045.5	-0.035953	0.00030975	0.17544	liquid
79.000	123.00	1215.2	0.00082290	-155.25	-145.13	2.6804	0.99673	1.6497	1038.3	-0.035843	0.00029999	0.17414	liquid
80.000	123.00	1210.9	0.00082584	-153.64	-143.48	2.7012	0.99251	1.6492	1031.1	-0.035726	0.00029074	0.17284	liquid
81.000	123.00	1206.5	0.00082881	-152.02	-141.83	2.7217	0.98833	1.6488	1024.0	-0.035603	0.00028196	0.17154	liquid
82.000	123.00	1202.2	0.00083181	-150.41	-140.18	2.7419	0.98420	1.6484	1016.8	-0.035472	0.00027362	0.17024	liquid
83.000	123.00	1197.8	0.00083484	-148.80	-138.53	2.7619	0.98011	1.6481	1009.6	-0.035334	0.00026569	0.16894	liquid
84.000	123.00	1193.5	0.00083790	-147.19	-136.88	2.7816	0.97606	1.6480	1002.5	-0.035188	0.00025814	0.16764	liquid
85.000	123.00	1189.1	0.00084098	-145.58	-135.24	2.8011	0.97207	1.6479	995.33	-0.035033	0.00025095	0.16633	liquid
86.000	123.00	1184.7	0.00084410	-143.97	-133.59	2.8204	0.96811	1.6479	988.18	-0.034869	0.00024409	0.16503	liquid
87.000	123.00	1180.3	0.00084725	-142.36	-131.94	2.8394	0.96421	1.6481	981.04	-0.034697	0.00023754	0.16373	liquid
88.000	123.00	1175.9	0.00085043	-140.75	-130.29	2.8583	0.96036	1.6484	973.91	-0.034516	0.00023129	0.16242	liquid
89.000	123.00	1171.4	0.00085365	-139.14	-128.64	2.8769	0.95655	1.6487	966.79	-0.034325	0.00022531	0.16112	liquid
90.000	123.00	1167.0	0.00085690	-137.53	-126.99	2.8953	0.95279	1.6492	959.66	-0.034124	0.00021958	0.15981	liquid
91.000	123.00	1162.5	0.00086018	-135.92	-125.34	2.9135	0.94907	1.6498	952.54	-0.033914	0.00021409	0.15850	liquid
92.000	123.00	1158.1	0.00086351	-134.32	-123.69	2.9316	0.94541	1.6506	945.43	-0.033693	0.00020883	0.15719	liquid
93.000	123.00	1153.6	0.00086687	-132.71	-122.04	2.9494	0.94179	1.6514	938.32	-0.033461	0.00020378	0.15589	liquid
94.000	123.00	1149.1	0.00087026	-131.10	-120.39	2.9671	0.93822	1.6524	931.20	-0.033219	0.00019893	0.15458	liquid
95.000	123.00	1144.6	0.00087370	-129.48	-118.74	2.9846	0.93470	1.6535	924.09	-0.032965	0.00019426	0.15327	liquid
96.000	123.00	1140.0	0.00087718	-127.87	-117.08	3.0019	0.93123	1.6548	916.98	-0.032700	0.00018978	0.15196	liquid
97.000	123.00	1135.5	0.00088071	-126.26	-115.43	3.0191	0.92780	1.6561	909.87	-0.032424	0.00018545	0.15065	liquid
98.000	123.00	1130.9	0.00088427	-124.65	-113.77	3.0361	0.92442	1.6576	902.76	-0.032135	0.00018128	0.14933	liquid
99.000	123.00	1126.3	0.00088788	-123.03	-112.11	3.0529	0.92108	1.6592	895.65	-0.031834	0.00017726	0.14802	liquid
100.00	123.00	1121.7	0.00089154	-121.42	-110.45	3.0696	0.91779	1.6610	888.53	-0.031520	0.00017338	0.14671	liquid
101.00	123.00	1117.0	0.00089524	-119.80	-108.79	3.0861	0.91454	1.6629	881.41	-0.031194	0.00016963	0.14540	liquid
102.00	123.00	1112.4	0.00089899	-118.19	-107.13	3.1025	0.91134	1.6649	874.28	-0.030853	0.00016600	0.14408	liquid
103.00	123.00	1107.7	0.00090280	-116.57	-105.46	3.1188	0.90818	1.6671	867.15	-0.030499	0.00016248	0.14277	liquid
104.00	123.00	1103.0	0.00090665	-114.95	-103.79	3.1349	0.90507	1.6694	860.01	-0.030131	0.00015908	0.14146	liquid
105.00	123.00	1098.2	0.00091056	-113.32	-102.12	3.1509	0.90200	1.6718	852.87	-0.029748	0.00015579	0.14014	liquid
106.00	123.00	1093.5	0.00091452	-111.70	-100.45	3.1667	0.89897	1.6744	845.72	-0.029349	0.00015259	0.13883	liquid
107.00	123.00	1088.7	0.00091854	-110.07	-98.774	3.1825	0.89599	1.6771	838.56	-0.028935	0.00014949	0.13751	liquid
108.00	123.00	1083.9	0.00092262	-108.44	-97.096	3.1981	0.89305	1.6800	831.39	-0.028505	0.00014647	0.13620	liquid
109.00	123.00	1079.0	0.00092676	-106.81	-95.414	3.2136	0.89015	1.6830	824.21	-0.028058	0.00014354	0.13489	liquid
110.00	123.00	1074.2	0.00093096	-105.18	-93.729	3.2290	0.88729	1.6862	817.02	-0.027593	0.00014069	0.13357	liquid
111.00	123.00	1069.3	0.00093523	-103.54	-92.041	3.2442	0.88447	1.6896	809.82	-0.027111	0.00013792	0.13226	liquid
112.00	123.00	1064.3	0.00093956	-101.91	-90.350	3.2594	0.88170	1.6931	802.61	-0.026610	0.00013522	0.13095	liquid
113.00	123.00	1059.4	0.00094396	-100.27	-88.655	3.2745	0.87896	1.6968	795.39	-0.026090	0.00013259	0.12964	liquid
114.00	123.00	1054.4	0.00094843	-98.622	-86.957	3.2894	0.87627	1.7006	788.15	-0.025550	0.00013003	0.12834	liquid
115.00	123.00	1049.3	0.00095298	-96.976	-85.254	3.3043	0.87361	1.7047	780.90	-0.024989	0.00012753	0.12703	liquid
116.00	123.00	1044.3	0.00095760	-95.326	-83.547	3.3191	0.87100	1.7089	773.63	-0.024406	0.00012509	0.12573	liquid
117.00	123.00	1039.2	0.00096230	-93.672	-81.836	3.3338	0.86843	1.7133	766.35	-0.023801	0.00012271	0.12443	liquid
118.00	123.00	1034.0	0.00096708	-92.016	-80.120	3.3484	0.86590	1.7179	759.06	-0.023173	0.00012038	0.12312	liquid
119.00	123.00	1028.9	0.00097195	-90.355	-78.400	3.3629	0.86340	1.7227	751.74	-0.022520	0.00011810	0.12182	liquid
120.00	123.00	1023.6	0.00097690	-88.691	-76.675	3.3773	0.86095	1.7277	744.42	-0.021842	0.00011588	0.12052	liquid
121.00	123.00	1018.4	0.00098194	-87.023	-74.945	3.3917	0.85854	1.7329	737.07	-0.021138	0.00011370	0.11922	liquid
122.00	123.00	1013.1	0.00098707	-85.350	-73.209	3.4060	0.85617	1.7383	729.70	-0.020407	0.00011157	0.11793	liquid
123.00	123.00	1007.8	0.00099231	-83.673	-71.468	3.4202	0.85384	1.7440	722.32	-0.019646	0.00010949	0.11663	liquid
124.00	123.00	1002.4	0.00099764	-81.992	-69.721	3.4343	0.85156	1.7499	714.92	-0.018856	0.00010745	0.11534	liquid
125.00	123.00	996.93	0.0010031	-80.306	-67.968	3.4484	0.84931	1.7561	707.49	-0.018035	0.00010545	0.11405	liquid
126.00	123.00	991.45	0.0010086	-78.615	-66.209	3.4624	0.84711	1.7625	700.05	-0.017180	0.00010349	0.11276	liquid
127.00	123.00	985.92	0.0010143	-76.919	-64.443	3.4764	0.84494	1.7692	692.58	-0.016292	0.00010156	0.11148	liquid
128.00	123.00	980.34	0.0010201	-75.217	-62.670	3.4903	0.84282	1.7762	685.10	-0.015367	9.9678e-05	0.11019	liquid
129.00	123.00	974.70	0.0010260	-73.510	-60.890	3.5041	0.84075	1.7835	677.59	-0.014405	9.7827e-05	0.10891	liquid
130.00	123.00	969.01	0.0010320	-71.797	-59.103	3.5179	0.83871	1.7910	670.05	-0.013404	9.6011e-05	0.10763	liquid
131.00	123.00	963.26	0.0010381	-70.077	-57.308	3.5317	0.83672	1.7989	662.50	-0.012362	9.4228e-05	0.10636	liquid
132.00	123.00	957.45	0.0010444	-68.352	-55.505	3.5454	0.83478	1.8072	654.91	-0.011276	9.2476e-05	0.10509	liquid
133.00	123.00	951.58	0.0010509	-66.620	-53.694	3.5591	0.83288	1.8158	647.31	-0.010144	9.0756e-05	0.10382	liquid
134.00	123.00	945.65	0.0010575	-64.880	-51.874	3.5727	0.83103	1.8247	639.68	-0.0089645	8.9065e-05	0.10255	liquid
135.00	123.00	939.65	0.0010642	-63.134	-50.044	3.5863	0.82922	1.8341	632.02	-0.0077346	8.7403e-05	0.10129	liquid
136.00	123.00	933.58	0.0010711	-61.380	-48.205	3.5999	0.82746	1.8439	624.34	-0.0064515	8.5770e-05	0.10004	liquid
137.00	123.00	927.45	0.0010782	-59.619	-46.356	3.6134	0.82575	1.8541	616.63	-0.0051126	8.4163e-05	0.098782	liquid
138.00	123.00	921.23	0.0010855	-57.849	-44.497	3.6269	0.82409	1.8647	608.89	-0.0037147	8.2583e-05	0.097533	liquid
139.00	123.00	914.95	0.0010930	-56.070	-42.627	3.6405	0.82249	1.8758	601.13	-0.0022545	8.1029e-05	0.096289	liquid
140.00	123.00	908.58	0.0011006	-54.283	-40.745	3.6539	0.82093	1.8875	593.33	-0.00072869	7.9499e-05	0.095049	liquid
141.00	123.00	902.13	0.0011085	-52.486	-38.852	3.6674	0.81943	1.8996	585.51	0.00086652	7.7993e-05	0.093814	liquid
142.00	123.00	895.59	0.0011166	-50.680	-36.946	3.6809	0.81798	1.9123	577.67	0.0025351	7.6511e-05	0.092583	liquid
143.00	123.00	888.96	0.0011249	-48.863	-35.027	3.6944	0.81659	1.9256	569.79	0.0042812	7.5052e-05	0.091358	liquid
144.00	123.00	882.24	0.0011335	-47.036	-33.094	3.7078	0.81526	1.9396	561.89	0.0061095	7.3615e-05	0.090138	liquid
145.00	123.00	875.43	0.0011423	-45.198	-31.147	3.7213	0.81398	1.9542	553.96	0.0080247	7.2200e-05	0.088924	liquid
146.00	123.00	868.51	0.0011514	-43.348	-29.186	3.7348	0.81277	1.9695	546.00	0.010032	7.0805e-05	0.087715	liquid
147.00	123.00	861.49	0.0011608	-41.486	-27.208	3.7483	0.81162	1.9855	538.02	0.012137	6.9431e-05	0.086513	liquid
148.00	123.00	854.36	0.0011705	-39.611	-25.214	3.7618	0.81054	2.0023	530.01	0.014346	6.8077e-05	0.085316	liquid
149.00	123.00	847.11	0.0011805	-37.723	-23.203	3.7753	0.80952	2.0199	521.98	0.016664	6.6743e-05	0.084126	liquid
150.00	123.00	839.74	0.0011908	-35.822	-21.174	3.7889	0.80857	2.0384	513.93	0.019099	6.5427e-05	0.082941	liquid
151.00	123.00	832.25	0.0012016	-33.906	-19.126	3.8025	0.80769	2.0578	505.85	0.021658	6.4130e-05	0.081764	liquid
152.00	123.00	824.63	0.0012127	-31.974	-17.059	3.8162	0.80688	2.0781	497.76	0.024348	6.2851e-05	0.080593	liquid
153.00	123.00	816.87	0.0012242	-30.027	-14.970	3.8299	0.80615	2.0995	489.66	0.027177	6.1590e-05	0.079430	liquid
154.00	123.00	808.97	0.0012361	-28.064	-12.859	3.8436	0.80549	2.1219	481.54	0.030155	6.0345e-05	0.078273	liquid
155.00	123.00	800.92	0.0012486	-26.083	-10.726	3.8574	0.80490	2.1455	473.42	0.033290	5.9118e-05	0.077124	supercritical
156.00	123.00	792.72	0.0012615	-24.084	-8.5678	3.8713	0.80440	2.1702	465.29	0.036591	5.7906e-05	0.075982	supercritical
157.00	123.00	784.36	0.0012749	-22.066	-6.3847	3.8852	0.80397	2.1962	457.17	0.040069	5.6711e-05	0.074848	supercritical
158.00	123.00	775.83	0.0012889	-20.029	-4.1749	3.8993	0.80361	2.2234	449.06	0.043734	5.5531e-05	0.073721	supercritical
159.00	123.00	767.13	0.0013036	-17.971	-1.9373	3.9134	0.80334	2.2520	440.97	0.047596	5.4367e-05	0.072602	supercritical
160.00	123.00	758.25	0.0013188	-15.892	0.32952	3.9276	0.80313	2.2819	432.90	0.051668	5.3218e-05	0.071491	supercritical
161.00	123.00	749.17	0.0013348	-13.791	2.6270	3.9419	0.80300	2.3132	424.88	0.055960	5.2083e-05	0.070388	supercritical
162.00	123.00	739.91	0.0013515	-11.667	4.9564	3.9563	0.80293	2.3459	416.90	0.060482	5.0963e-05	0.069293	supercritical
163.00	123.00	730.45	0.0013690	-9.5198	7.3191	3.9709	0.80293	2.3799	408.98	0.065247	4.9858e-05	0.068206	supercritical
164.00	123.00	720.78	0.0013874	-7.3483	9.7166	3.9855	0.80299	2.4152	401.13	0.070263	4.8767e-05	0.067127	supercritical
165.00	123.00	710.91	0.0014067	-5.1520	12.150	4.0003	0.80309	2.4517	393.37	0.075540	4.7690e-05	0.066056	supercritical
166.00	123.00	700.82	0.0014269	-2.9306	14.620	4.0153	0.80323	2.4893	385.72	0.081085	4.6627e-05	0.064993	supercritical
167.00	123.00	690.52	0.0014482	-0.68393	17.129	4.0303	0.80341	2.5277	378.19	0.086903	4.5579e-05	0.063939	supercritical
168.00	123.00	680.01	0.0014706	1.5879	19.676	4.0455	0.80360	2.5667	370.80	0.092996	4.4546e-05	0.062892	supercritical
169.00	123.00	669.28	0.0014941	3.8844	22.262	4.0609	0.80380	2.6059	363.58	0.099363	4.3528e-05	0.061854	supercritical
170.00	123.00	658.36	0.0015189	6.2049	24.888	4.0764	0.80400	2.6448	356.55	0.10600	4.2526e-05	0.060823	supercritical
171.00	123.00	647.25	0.0015450	8.5481	27.552	4.0920	0.80417	2.6829	349.72	0.11289	4.1540e-05	0.059801	supercritical
172.00	123.00	635.96	0.0015724	10.912	30.253	4.1078	0.80432	2.7197	343.13	0.12002	4.0573e-05	0.058788	supercritical
173.00	123.00	624.51	0.0016013	13.295	32.990	4.1236	0.80442	2.7544	336.79	0.12738	3.9624e-05	0.057783	supercritical
174.00	123.00	612.93	0.0016315	15.693	35.761	4.1396	0.80446	2.7864	330.73	0.13494	3.8695e-05	0.056787	supercritical
175.00	123.00	601.24	0.0016632	18.104	38.562	4.1556	0.80442	2.8149	324.97	0.14266	3.7788e-05	0.055800	supercritical
176.00	123.00	589.48	0.0016964	20.523	41.389	4.1718	0.80429	2.8395	319.53	0.15052	3.6904e-05	0.054824	supercritical
177.00	123.00	577.68	0.0017311	22.947	44.239	4.1879	0.80405	2.8593	314.41	0.15847	3.6044e-05	0.053860	supercritical
178.00	123.00	565.88	0.0017672	25.370	47.106	4.2040	0.80369	2.8739	309.62	0.16648	3.5211e-05	0.052908	supercritical
179.00	123.00	554.12	0.0018047	27.788	49.985	4.2202	0.80319	2.8829	305.19	0.17450	3.4406e-05	0.051969	supercritical
180.00	123.00	542.44	0.0018435	30.195	52.870	4.2362	0.80255	2.8858	301.10	0.18248	3.3629e-05	0.051045	supercritical
181.00	123.00	530.89	0.0018836	32.586	55.755	4.2522	0.80174	2.8824	297.35	0.19038	3.2884e-05	0.050139	supercritical
182.00	123.00	519.50	0.0019249	34.956	58.633	4.2681	0.80076	2.8727	293.95	0.19813	3.2169e-05	0.049251	supercritical
183.00	123.00	508.31	0.0019673	37.300	61.498	4.2838	0.79961	2.8567	290.89	0.20569	3.1487e-05	0.048383	supercritical
184.00	123.00	497.36	0.0020106	39.614	64.344	4.2993	0.79828	2.8348	288.15	0.21301	3.0839e-05	0.047537	supercritical
185.00	123.00	486.68	0.0020547	41.892	67.166	4.3146	0.79680	2.8072	285.73	0.22004	3.0223e-05	0.046715	supercritical
186.00	123.00	476.29	0.0020996	44.132	69.957	4.3296	0.79515	2.7747	283.60	0.22676	2.9642e-05	0.045919	supercritical
187.00	123.00	466.22	0.0021449	46.331	72.714	4.3444	0.79336	2.7379	281.76	0.23313	2.9093e-05	0.045149	supercritical
188.00	123.00	456.47	0.0021907	48.486	75.431	4.3589	0.79143	2.6975	280.17	0.23913	2.8577e-05	0.044408	supercritical
189.00	123.00	447.06	0.0022368	50.595	78.108	4.3731	0.78939	2.6543	278.83	0.24475	2.8093e-05	0.043696	supercritical
190.00	123.00	438.00	0.0022831	52.657	80.739	4.3870	0.78726	2.6091	277.71	0.24998	2.7640e-05	0.043015	supercritical
191.00	123.00	429.28	0.0023295	54.673	83.325	4.4006	0.78504	2.5625	276.80	0.25482	2.7216e-05	0.042363	supercritical
192.00	123.00	420.90	0.0023758	56.641	85.864	4.4138	0.78275	2.5152	276.07	0.25928	2.6821e-05	0.041741	supercritical
193.00	123.00	412.86	0.0024221	58.563	88.355	4.4268	0.78042	2.4677	275.50	0.26337	2.6453e-05	0.041150	supercritical
194.00	123.00	405.14	0.0024683	60.440	90.799	4.4394	0.77805	2.4204	275.09	0.26709	2.6110e-05	0.040588	supercritical
195.00	123.00	397.74	0.0025142	62.272	93.197	4.4517	0.77567	2.3738	274.80	0.27048	2.5790e-05	0.040054	supercritical
196.00	123.00	390.64	0.0025599	64.061	95.547	4.4638	0.77328	2.3280	274.64	0.27353	2.5494e-05	0.039548	supercritical
197.00	123.00	383.83	0.0026053	65.808	97.853	4.4755	0.77089	2.2834	274.59	0.27627	2.5218e-05	0.039069	supercritical
198.00	123.00	377.30	0.0026504	67.515	100.11	4.4869	0.76851	2.2400	274.63	0.27871	2.4962e-05	0.038616	supercritical
199.00	123.00	371.04	0.0026951	69.184	102.33	4.4981	0.76615	2.1981	274.76	0.28088	2.4724e-05	0.038188	supercritical
200.00	123.00	365.03	0.0027395	70.815	104.51	4.5090	0.76382	2.1575	274.96	0.28279	2.4503e-05	0.037783	supercritical
201.00	123.00	359.26	0.0027835	72.412	106.65	4.5197	0.76152	2.1185	275.23	0.28445	2.4298e-05	0.037400	supercritical
202.00	123.00	353.71	0.0028272	73.975	108.75	4.5301	0.75926	2.0809	275.56	0.28588	2.4108e-05	0.037039	supercritical
203.00	123.00	348.38	0.0028704	75.505	110.81	4.5403	0.75704	2.0449	275.94	0.28710	2.3932e-05	0.036698	supercritical
204.00	123.00	343.26	0.0029133	77.006	112.84	4.5503	0.75487	2.0103	276.37	0.28813	2.3769e-05	0.036376	supercritical
205.00	123.00	338.32	0.0029558	78.477	114.83	4.5600	0.75274	1.9772	276.85	0.28896	2.3617e-05	0.036072	supercritical
206.00	123.00	333.57	0.0029979	79.920	116.79	4.5696	0.75066	1.9454	277.36	0.28963	2.3477e-05	0.035785	supercritical
207.00	123.00	328.99	0.0030396	81.337	118.72	4.5789	0.74862	1.9150	277.90	0.29013	2.3347e-05	0.035514	supercritical
208.00	123.00	324.58	0.0030809	82.729	120.62	4.5881	0.74664	1.8859	278.48	0.29049	2.3226e-05	0.035258	supercritical
209.00	123.00	320.32	0.0031219	84.097	122.50	4.5970	0.74471	1.8580	279.08	0.29070	2.3115e-05	0.035017	supercritical
210.00	123.00	316.21	0.0031625	85.442	124.34	4.6058	0.74283	1.8313	279.70	0.29079	2.3012e-05	0.034789	supercritical
211.00	123.00	312.24	0.0032027	86.766	126.16	4.6145	0.74100	1.8058	280.34	0.29076	2.2917e-05	0.034574	supercritical
212.00	123.00	308.39	0.0032426	88.068	127.95	4.6230	0.73922	1.7813	281.00	0.29061	2.2829e-05	0.034372	supercritical
213.00	123.00	304.68	0.0032821	89.351	129.72	4.6313	0.73750	1.7579	281.68	0.29037	2.2748e-05	0.034180	supercritical
214.00	123.00	301.08	0.0033213	90.616	131.47	4.6395	0.73581	1.7354	282.38	0.29003	2.2674e-05	0.034000	supercritical
215.00	123.00	297.60	0.0033602	91.862	133.19	4.6475	0.73418	1.7139	283.08	0.28960	2.2605e-05	0.033830	supercritical
216.00	123.00	294.22	0.0033988	93.091	134.90	4.6554	0.73260	1.6933	283.80	0.28909	2.2543e-05	0.033670	supercritical
217.00	123.00	290.95	0.0034370	94.304	136.58	4.6632	0.73106	1.6735	284.53	0.28850	2.2485e-05	0.033518	supercritical
218.00	123.00	287.77	0.0034750	95.502	138.24	4.6708	0.72956	1.6545	285.26	0.28784	2.2433e-05	0.033376	supercritical
219.00	123.00	284.69	0.0035126	96.684	139.89	4.6784	0.72811	1.6363	286.01	0.28712	2.2385e-05	0.033242	supercritical
220.00	123.00	281.69	0.0035499	97.852	141.52	4.6858	0.72670	1.6188	286.76	0.28634	2.2341e-05	0.033115	supercritical
221.00	123.00	278.78	0.0035870	99.007	143.13	4.6931	0.72534	1.6019	287.51	0.28551	2.2302e-05	0.032996	supercritical
222.00	123.00	275.95	0.0036238	100.15	144.72	4.7003	0.72401	1.5858	288.27	0.28462	2.2267e-05	0.032884	supercritical
223.00	123.00	273.20	0.0036603	101.28	146.30	4.7074	0.72273	1.5702	289.04	0.28369	2.2235e-05	0.032779	supercritical
224.00	123.00	270.52	0.0036966	102.39	147.86	4.7144	0.72148	1.5553	289.81	0.28271	2.2207e-05	0.032680	supercritical
225.00	123.00	267.91	0.0037326	103.50	149.41	4.7213	0.72027	1.5409	290.58	0.28169	2.2182e-05	0.032587	supercritical
226.00	123.00	265.37	0.0037683	104.59	150.94	4.7281	0.71910	1.5270	291.35	0.28064	2.2160e-05	0.032500	supercritical
227.00	123.00	262.89	0.0038039	105.68	152.46	4.7348	0.71796	1.5137	292.13	0.27956	2.2141e-05	0.032419	supercritical
228.00	123.00	260.48	0.0038391	106.75	153.97	4.7414	0.71685	1.5008	292.90	0.27844	2.2125e-05	0.032342	supercritical
229.00	123.00	258.12	0.0038742	107.81	155.47	4.7479	0.71578	1.4884	293.68	0.27729	2.2112e-05	0.032271	supercritical
230.00	123.00	255.82	0.0039090	108.87	156.95	4.7544	0.71474	1.4764	294.46	0.27612	2.2101e-05	0.032204	supercritical
231.00	123.00	253.57	0.0039436	109.91	158.42	4.7608	0.71373	1.4648	295.24	0.27493	2.2092e-05	0.032142	supercritical
232.00	123.00	251.38	0.0039780	110.95	159.88	4.7671	0.71275	1.4537	296.02	0.27371	2.2086e-05	0.032084	supercritical
233.00	123.00	249.24	0.0040122	111.98	161.33	4.7733	0.71180	1.4429	296.80	0.27248	2.2081e-05	0.032030	supercritical
234.00	123.00	247.14	0.0040462	112.99	162.76	4.7795	0.71088	1.4325	297.58	0.27123	2.2079e-05	0.031980	supercritical
235.00	123.00	245.10	0.0040800	114.01	164.19	4.7856	0.70999	1.4224	298.36	0.26996	2.2079e-05	0.031934	supercritical
236.00	123.00	243.09	0.0041136	115.01	165.61	4.7916	0.70912	1.4127	299.13	0.26867	2.2080e-05	0.031891	supercritical
237.00	123.00	241.14	0.0041471	116.01	167.02	4.7975	0.70828	1.4032	299.91	0.26738	2.2084e-05	0.031852	supercritical
238.00	123.00	239.22	0.0041803	117.00	168.41	4.8034	0.70746	1.3941	300.68	0.26607	2.2089e-05	0.031816	supercritical
239.00	123.00	237.34	0.0042134	117.98	169.80	4.8092	0.70667	1.3853	301.46	0.26475	2.2095e-05	0.031784	supercritical
240.00	123.00	235.50	0.0042462	118.96	171.19	4.8150	0.70590	1.3767	302.23	0.26342	2.2103e-05	0.031754	supercritical
241.00	123.00	233.70	0.0042790	119.93	172.56	4.8207	0.70515	1.3684	303.00	0.26209	2.2113e-05	0.031727	supercritical
242.00	123.00	231.94	0.0043115	120.89	173.92	4.8264	0.70443	1.3604	303.77	0.26075	2.2124e-05	0.031703	supercritical
243.00	123.00	230.21	0.0043439	121.85	175.28	4.8320	0.70372	1.3526	304.54	0.25940	2.2136e-05	0.031682	supercritical
244.00	123.00	228.51	0.0043761	122.80	176.63	4.8375	0.70304	1.3450	305.30	0.25805	2.2149e-05	0.031663	supercritical
245.00	123.00	226.85	0.0044082	123.75	177.97	4.8430	0.70237	1.3377	306.06	0.25669	2.2164e-05	0.031647	supercritical
246.00	123.00	225.22	0.0044402	124.69	179.30	4.8484	0.70173	1.3306	306.83	0.25533	2.2179e-05	0.031633	supercritical
247.00	123.00	223.62	0.0044720	125.63	180.63	4.8538	0.70111	1.3236	307.58	0.25397	2.2196e-05	0.031621	supercritical
248.00	123.00	222.04	0.0045036	126.56	181.95	4.8591	0.70050	1.3169	308.34	0.25260	2.2214e-05	0.031612	supercritical
249.00	123.00	220.50	0.0045351	127.48	183.26	4.8644	0.69991	1.3104	309.10	0.25124	2.2233e-05	0.031604	supercritical
250.00	123.00	218.99	0.0045665	128.40	184.57	4.8697	0.69934	1.3040	309.85	0.24987	2.2253e-05	0.031599	supercritical
251.00	123.00	217.50	0.0045977	129.32	185.87	4.8749	0.69878	1.2979	310.60	0.24850	2.2274e-05	0.031595	supercritical
252.00	123.00	216.04	0.0046288	130.23	187.17	4.8800	0.69824	1.2919	311.35	0.24713	2.2295e-05	0.031594	supercritical
253.00	123.00	214.60	0.0046598	131.14	188.46	4.8851	0.69772	1.2860	312.09	0.24577	2.2318e-05	0.031594	supercritical
254.00	123.00	213.19	0.0046906	132.04	189.74	4.8902	0.69721	1.2804	312.84	0.24440	2.2341e-05	0.031596	supercritical
255.00	123.00	211.80	0.0047214	132.94	191.02	4.8952	0.69672	1.2748	313.58	0.24304	2.2365e-05	0.031599	supercritical
256.00	123.00	210.44	0.0047520	133.84	192.29	4.9002	0.69624	1.2694	314.31	0.24168	2.2390e-05	0.031604	supercritical
257.00	123.00	209.10	0.0047824	134.73	193.56	4.9051	0.69578	1.2642	315.05	0.24032	2.2415e-05	0.031611	supercritical
258.00	123.00	207.78	0.0048128	135.62	194.82	4.9100	0.69533	1.2591	315.78	0.23897	2.2442e-05	0.031619	supercritical
259.00	123.00	206.48	0.0048431	136.50	196.07	4.9149	0.69489	1.2541	316.51	0.23761	2.2468e-05	0.031629	supercritical
260.00	123.00	205.20	0.0048732	137.38	197.33	4.9197	0.69447	1.2492	317.24	0.23626	2.2496e-05	0.031640	supercritical
261.00	123.00	203.95	0.0049033	138.26	198.57	4.9245	0.69406	1.2445	317.97	0.23492	2.2524e-05	0.031653	supercritical
262.00	123.00	202.71	0.0049332	139.14	199.81	4.9292	0.69366	1.2399	318.69	0.23358	2.2553e-05	0.031666	supercritical
263.00	123.00	201.49	0.0049630	140.01	201.05	4.9340	0.69327	1.2354	319.41	0.23224	2.2582e-05	0.031681	supercritical
264.00	123.00	200.29	0.0049928	140.87	202.29	4.9386	0.69290	1.2310	320.13	0.23091	2.2612e-05	0.031697	supercritical
265.00	123.00	199.11	0.0050224	141.74	203.51	4.9433	0.69254	1.2267	320.84	0.22958	2.2642e-05	0.031715	supercritical
266.00	123.00	197.94	0.0050519	142.60	204.74	4.9479	0.69219	1.2226	321.56	0.22826	2.2673e-05	0.031733	supercritical
267.00	123.00	196.80	0.0050814	143.46	205.96	4.9525	0.69184	1.2185	322.27	0.22694	2.2704e-05	0.031753	supercritical
268.00	123.00	195.67	0.0051107	144.31	207.18	4.9570	0.69151	1.2145	322.98	0.22562	2.2736e-05	0.031773	supercritical
269.00	123.00	194.55	0.0051400	145.17	208.39	4.9615	0.69119	1.2106	323.68	0.22431	2.2768e-05	0.031795	supercritical
270.00	123.00	193.46	0.0051691	146.02	209.60	4.9660	0.69088	1.2068	324.38	0.22301	2.2801e-05	0.031818	supercritical
271.00	123.00	192.38	0.0051982	146.86	210.80	4.9705	0.69058	1.2031	325.09	0.22171	2.2834e-05	0.031841	supercritical
272.00	123.00	191.31	0.0052272	147.71	212.00	4.9749	0.69029	1.1995	325.78	0.22042	2.2867e-05	0.031866	supercritical
273.00	123.00	190.26	0.0052561	148.55	213.20	4.9793	0.69001	1.1959	326.48	0.21914	2.2901e-05	0.031891	supercritical
274.00	123.00	189.22	0.0052849	149.39	214.40	4.9837	0.68974	1.1925	327.17	0.21786	2.2935e-05	0.031918	supercritical
275.00	123.00	188.20	0.0053136	150.23	215.59	4.9880	0.68948	1.1891	327.86	0.21658	2.2970e-05	0.031945	supercritical
276.00	123.00	187.19	0.0053422	151.06	216.77	4.9923	0.68923	1.1858	328.55	0.21531	2.3005e-05	0.031973	supercritical
277.00	123.00	186.19	0.0053708	151.90	217.96	4.9966	0.68898	1.1825	329.24	0.21405	2.3040e-05	0.032002	supercritical
278.00	123.00	185.21	0.0053993	152.73	219.14	5.0008	0.68874	1.1794	329.92	0.21279	2.3076e-05	0.032031	supercritical
279.00	123.00	184.24	0.0054277	153.56	220.32	5.0051	0.68852	1.1763	330.60	0.21154	2.3112e-05	0.032062	supercritical
280.00	123.00	183.28	0.0054560	154.38	221.49	5.0093	0.68830	1.1732	331.28	0.21030	2.3148e-05	0.032093	supercritical
281.00	123.00	182.34	0.0054843	155.21	222.66	5.0135	0.68808	1.1703	331.96	0.20906	2.3184e-05	0.032124	supercritical
282.00	123.00	181.41	0.0055125	156.03	223.83	5.0176	0.68788	1.1674	332.63	0.20783	2.3221e-05	0.032157	supercritical
283.00	123.00	180.49	0.0055406	156.85	225.00	5.0217	0.68768	1.1645	333.30	0.20661	2.3258e-05	0.032190	supercritical
284.00	123.00	179.58	0.0055686	157.67	226.16	5.0258	0.68749	1.1617	333.97	0.20539	2.3295e-05	0.032224	supercritical
285.00	123.00	178.68	0.0055966	158.48	227.32	5.0299	0.68731	1.1590	334.64	0.20417	2.3333e-05	0.032258	supercritical
286.00	123.00	177.79	0.0056245	159.30	228.48	5.0340	0.68714	1.1564	335.30	0.20297	2.3370e-05	0.032293	supercritical
287.00	123.00	176.92	0.0056524	160.11	229.63	5.0380	0.68697	1.1537	335.96	0.20177	2.3408e-05	0.032328	supercritical
288.00	123.00	176.05	0.0056801	160.92	230.79	5.0420	0.68681	1.1512	336.62	0.20058	2.3447e-05	0.032364	supercritical
289.00	123.00	175.20	0.0057078	161.73	231.94	5.0460	0.68665	1.1487	337.28	0.19939	2.3485e-05	0.032401	supercritical
290.00	123.00	174.35	0.0057355	162.54	233.08	5.0500	0.68651	1.1462	337.94	0.19821	2.3524e-05	0.032438	supercritical
291.00	123.00	173.52	0.0057631	163.34	234.23	5.0539	0.68636	1.1438	338.59	0.19703	2.3562e-05	0.032475	supercritical
292.00	123.00	172.69	0.0057906	164.15	235.37	5.0578	0.68623	1.1415	339.24	0.19587	2.3601e-05	0.032514	supercritical
293.00	123.00	171.88	0.0058180	164.95	236.51	5.0617	0.68610	1.1392	339.89	0.19471	2.3641e-05	0.032552	supercritical
294.00	123.00	171.07	0.0058454	165.75	237.65	5.0656	0.68598	1.1369	340.54	0.19355	2.3680e-05	0.032591	supercritical
295.00	123.00	170.28	0.0058728	166.55	238.79	5.0695	0.68586	1.1347	341.18	0.19240	2.3720e-05	0.032630	supercritical
296.00	123.00	169.49	0.0059001	167.35	239.92	5.0733	0.68575	1.1325	341.82	0.19126	2.3759e-05	0.032670	supercritical
297.00	123.00	168.71	0.0059273	168.15	241.05	5.0771	0.68565	1.1304	342.46	0.19013	2.3799e-05	0.032710	supercritical
298.00	123.00	167.94	0.0059544	168.94	242.18	5.0809	0.68555	1.1283	343.10	0.18900	2.3839e-05	0.032751	supercritical
299.00	123.00	167.18	0.0059816	169.73	243.31	5.0847	0.68545	1.1262	343.74	0.18788	2.3880e-05	0.032792	supercritical
300.00	123.00	166.43	0.0060086	170.53	244.43	5.0884	0.68537	1.1242	344.37	0.18676	2.3920e-05	0.032833	supercritical
301.00	123.00	165.68	0.0060356	171.32	245.56	5.0922	0.68528	1.1222	345.00	0.18565	2.3960e-05	0.032874	supercritical
302.00	123.00	164.95	0.0060626	172.11	246.68	5.0959	0.68521	1.1203	345.63	0.18455	2.4001e-05	0.032916	supercritical
303.00	123.00	164.22	0.0060895	172.90	247.80	5.0996	0.68513	1.1184	346.26	0.18345	2.4042e-05	0.032958	supercritical
304.00	123.00	163.50	0.0061163	173.68	248.91	5.1033	0.68507	1.1165	346.88	0.18236	2.4083e-05	0.033000	supercritical
305.00	123.00	162.78	0.0061431	174.47	250.03	5.1069	0.68500	1.1147	347.51	0.18127	2.4124e-05	0.033042	supercritical
306.00	123.00	162.08	0.0061698	175.25	251.14	5.1106	0.68495	1.1129	348.13	0.18020	2.4165e-05	0.033083	supercritical
307.00	123.00	161.38	0.0061965	176.04	252.26	5.1142	0.68490	1.1112	348.75	0.17912	2.4206e-05	0.033125	supercritical
308.00	123.00	160.69	0.0062232	176.82	253.37	5.1178	0.68485	1.1094	349.37	0.17806	2.4247e-05	0.033164	supercritical
309.00	123.00	160.01	0.0062498	177.60	254.47	5.1214	0.68481	1.1077	349.98	0.17700	2.4289e-05	0.033199	supercritical
310.00	123.00	159.33	0.0062763	178.38	255.58	5.1250	0.68477	1.1061	350.59	0.17594	2.4330e-05	0.033240	supercritical
311.00	123.00	158.66	0.0063028	179.16	256.69	5.1286	0.68474	1.1044	351.21	0.17490	2.4372e-05	0.033289	supercritical
312.00	123.00	158.00	0.0063293	179.94	257.79	5.1321	0.68471	1.1028	351.81	0.17386	2.4414e-05	0.033339	supercritical
313.00	123.00	157.34	0.0063557	180.72	258.89	5.1356	0.68468	1.1013	352.42	0.17282	2.4456e-05	0.033389	supercritical
314.00	123.00	156.69	0.0063820	181.49	259.99	5.1391	0.68466	1.0997	353.03	0.17179	2.4498e-05	0.033439	supercritical
315.00	123.00	156.05	0.0064084	182.27	261.09	5.1426	0.68465	1.0982	353.63	0.17077	2.4540e-05	0.033489	supercritical
316.00	123.00	155.41	0.0064346	183.04	262.19	5.1461	0.68464	1.0967	354.23	0.16975	2.4582e-05	0.033539	supercritical
317.00	123.00	154.78	0.0064609	183.82	263.28	5.1496	0.68463	1.0953	354.83	0.16874	2.4624e-05	0.033590	supercritical
318.00	123.00	154.15	0.0064870	184.59	264.38	5.1530	0.68463	1.0938	355.43	0.16773	2.4666e-05	0.033641	supercritical
319.00	123.00	153.53	0.0065132	185.36	265.47	5.1564	0.68463	1.0924	356.03	0.16673	2.4709e-05	0.033692	supercritical
320.00	123.00	152.92	0.0065393	186.13	266.56	5.1599	0.68464	1.0910	356.62	0.16574	2.4751e-05	0.033744	supercritical
321.00	123.00	152.31	0.0065654	186.90	267.65	5.1633	0.68465	1.0897	357.22	0.16475	2.4794e-05	0.033795	supercritical
322.00	123.00	151.71	0.0065914	187.67	268.74	5.1667	0.68466	1.0883	357.81	0.16377	2.4836e-05	0.033847	supercritical
323.00	123.00	151.12	0.0066174	188.44	269.83	5.1700	0.68468	1.0870	358.40	0.16279	2.4879e-05	0.033899	supercritical
324.00	123.00	150.53	0.0066433	189.20	270.92	5.1734	0.68470	1.0857	358.98	0.16182	2.4921e-05	0.033951	supercritical
325.00	123.00	149.94	0.0066692	189.97	272.00	5.1767	0.68472	1.0845	359.57	0.16086	2.4964e-05	0.034004	supercritical
326.00	123.00	149.36	0.0066951	190.74	273.09	5.1801	0.68475	1.0832	360.15	0.15990	2.5007e-05	0.034057	supercritical
327.00	123.00	148.79	0.0067209	191.50	274.17	5.1834	0.68478	1.0820	360.73	0.15894	2.5050e-05	0.034109	supercritical
328.00	123.00	148.22	0.0067467	192.27	275.25	5.1867	0.68482	1.0808	361.31	0.15799	2.5093e-05	0.034162	supercritical
329.00	123.00	147.66	0.0067725	193.03	276.33	5.1900	0.68486	1.0796	361.89	0.15705	2.5135e-05	0.034216	supercritical
330.00	123.00	147.10	0.0067982	193.79	277.41	5.1932	0.68490	1.0785	362.47	0.15611	2.5178e-05	0.034269	supercritical
331.00	123.00	146.54	0.0068239	194.55	278.49	5.1965	0.68495	1.0773	363.05	0.15518	2.5222e-05	0.034322	supercritical
332.00	123.00	146.00	0.0068495	195.32	279.56	5.1997	0.68500	1.0762	363.62	0.15425	2.5265e-05	0.034376	supercritical
333.00	123.00	145.45	0.0068752	196.08	280.64	5.2030	0.68505	1.0751	364.19	0.15333	2.5308e-05	0.034430	supercritical
334.00	123.00	144.91	0.0069007	196.84	281.71	5.2062	0.68511	1.0741	364.76	0.15241	2.5351e-05	0.034484	supercritical
335.00	123.00	144.38	0.0069263	197.60	282.79	5.2094	0.68517	1.0730	365.33	0.15150	2.5394e-05	0.034538	supercritical
336.00	123.00	143.85	0.0069518	198.35	283.86	5.2126	0.68523	1.0720	365.90	0.15060	2.5437e-05	0.034593	supercritical
337.00	123.00	143.32	0.0069773	199.11	284.93	5.2158	0.68530	1.0709	366.46	0.14970	2.5481e-05	0.034647	supercritical
338.00	123.00	142.80	0.0070027	199.87	286.00	5.2190	0.68537	1.0699	367.03	0.14880	2.5524e-05	0.034702	supercritical
339.00	123.00	142.29	0.0070281	200.63	287.07	5.2221	0.68544	1.0690	367.59	0.14791	2.5567e-05	0.034756	supercritical
340.00	123.00	141.77	0.0070535	201.38	288.14	5.2253	0.68551	1.0680	368.15	0.14703	2.5610e-05	0.034811	supercritical
341.00	123.00	141.27	0.0070789	202.14	289.21	5.2284	0.68559	1.0670	368.71	0.14615	2.5654e-05	0.034866	supercritical
342.00	123.00	140.76	0.0071042	202.89	290.27	5.2315	0.68568	1.0661	369.27	0.14527	2.5697e-05	0.034922	supercritical
343.00	123.00	140.26	0.0071295	203.65	291.34	5.2346	0.68576	1.0652	369.82	0.14440	2.5741e-05	0.034977	supercritical
344.00	123.00	139.77	0.0071547	204.40	292.41	5.2377	0.68585	1.0643	370.38	0.14354	2.5784e-05	0.035032	supercritical
345.00	123.00	139.28	0.0071799	205.16	293.47	5.2408	0.68594	1.0634	370.93	0.14268	2.5828e-05	0.035088	supercritical
346.00	123.00	138.79	0.0072051	205.91	294.53	5.2439	0.68603	1.0625	371.48	0.14182	2.5871e-05	0.035144	supercritical
347.00	123.00	138.31	0.0072303	206.66	295.59	5.2470	0.68613	1.0617	372.03	0.14097	2.5915e-05	0.035200	supercritical
348.00	123.00	137.83	0.0072554	207.41	296.66	5.2500	0.68623	1.0608	372.58	0.14013	2.5958e-05	0.035255	supercritical
349.00	123.00	137.35	0.0072805	208.16	297.72	5.2531	0.68633	1.0600	373.13	0.13929	2.6002e-05	0.035312	supercritical
350.00	123.00	136.88	0.0073056	208.92	298.78	5.2561	0.68643	1.0592	373.67	0.13845	2.6045e-05	0.035368	supercritical
351.00	123.00	136.41	0.0073307	209.67	299.83	5.2591	0.68654	1.0584	374.22	0.13762	2.6089e-05	0.035424	supercritical
352.00	123.00	135.95	0.0073557	210.42	300.89	5.2621	0.68665	1.0576	374.76	0.13680	2.6133e-05	0.035480	supercritical
353.00	123.00	135.49	0.0073807	211.17	301.95	5.2651	0.68676	1.0568	375.30	0.13597	2.6176e-05	0.035537	supercritical
354.00	123.00	135.03	0.0074056	211.92	303.01	5.2681	0.68688	1.0561	375.84	0.13516	2.6220e-05	0.035594	supercritical
355.00	123.00	134.58	0.0074306	212.67	304.06	5.2711	0.68700	1.0553	376.38	0.13434	2.6263e-05	0.035650	supercritical
356.00	123.00	134.13	0.0074555	213.41	305.12	5.2741	0.68712	1.0546	376.91	0.13354	2.6307e-05	0.035707	supercritical
357.00	123.00	133.68	0.0074804	214.16	306.17	5.2770	0.68724	1.0539	377.45	0.13273	2.6351e-05	0.035764	supercritical
358.00	123.00	133.24	0.0075052	214.91	307.22	5.2800	0.68737	1.0532	377.98	0.13194	2.6394e-05	0.035821	supercritical
359.00	123.00	132.80	0.0075301	215.66	308.28	5.2829	0.68749	1.0525	378.52	0.13114	2.6438e-05	0.035878	supercritical
360.00	123.00	132.36	0.0075549	216.40	309.33	5.2858	0.68762	1.0518	379.05	0.13035	2.6482e-05	0.035935	supercritical
361.00	123.00	131.93	0.0075797	217.15	310.38	5.2888	0.68776	1.0512	379.58	0.12957	2.6525e-05	0.035993	supercritical
362.00	123.00	131.50	0.0076044	217.90	311.43	5.2917	0.68789	1.0505	380.11	0.12879	2.6569e-05	0.036050	supercritical
363.00	123.00	131.08	0.0076291	218.64	312.48	5.2946	0.68803	1.0499	380.63	0.12801	2.6613e-05	0.036107	supercritical
364.00	123.00	130.65	0.0076539	219.39	313.53	5.2974	0.68817	1.0492	381.16	0.12724	2.6657e-05	0.036165	supercritical
365.00	123.00	130.23	0.0076785	220.13	314.58	5.3003	0.68831	1.0486	381.68	0.12647	2.6700e-05	0.036223	supercritical
366.00	123.00	129.82	0.0077032	220.88	315.63	5.3032	0.68845	1.0480	382.21	0.12571	2.6744e-05	0.036280	supercritical
367.00	123.00	129.40	0.0077278	221.62	316.68	5.3060	0.68860	1.0474	382.73	0.12495	2.6788e-05	0.036338	supercritical
368.00	123.00	128.99	0.0077524	222.37	317.72	5.3089	0.68875	1.0468	383.25	0.12419	2.6831e-05	0.036396	supercritical
369.00	123.00	128.58	0.0077770	223.11	318.77	5.3117	0.68890	1.0462	383.77	0.12344	2.6875e-05	0.036454	supercritical
370.00	123.00	128.18	0.0078016	223.86	319.82	5.3146	0.68905	1.0457	384.29	0.12270	2.6919e-05	0.036512	supercritical
371.00	123.00	127.78	0.0078261	224.60	320.86	5.3174	0.68921	1.0451	384.80	0.12196	2.6962e-05	0.036570	supercritical
372.00	123.00	127.38	0.0078507	225.34	321.91	5.3202	0.68936	1.0446	385.32	0.12122	2.7006e-05	0.036628	supercritical
373.00	123.00	126.98	0.0078751	226.09	322.95	5.3230	0.68952	1.0440	385.83	0.12048	2.7050e-05	0.036686	supercritical
374.00	123.00	126.59	0.0078996	226.83	323.99	5.3258	0.68968	1.0435	386.35	0.11975	2.7093e-05	0.036745	supercritical
375.00	123.00	126.20	0.0079241	227.57	325.04	5.3286	0.68985	1.0430	386.86	0.11903	2.7137e-05	0.036803	supercritical
376.00	123.00	125.81	0.0079485	228.31	326.08	5.3314	0.69001	1.0425	387.37	0.11830	2.7181e-05	0.036861	supercritical
377.00	123.00	125.42	0.0079729	229.06	327.12	5.3341	0.69018	1.0420	387.88	0.11759	2.7224e-05	0.036920	supercritical
378.00	123.00	125.04	0.0079973	229.80	328.16	5.3369	0.69035	1.0415	388.39	0.11687	2.7268e-05	0.036978	supercritical
379.00	123.00	124.66	0.0080217	230.54	329.21	5.3396	0.69052	1.0410	388.90	0.11616	2.7312e-05	0.037037	supercritical
380.00	123.00	124.29	0.0080460	231.28	330.25	5.3424	0.69069	1.0406	389.40	0.11546	2.7355e-05	0.037096	supercritical
381.00	123.00	123.91	0.0080703	232.02	331.29	5.3451	0.69087	1.0401	389.91	0.11475	2.7399e-05	0.037154	supercritical
382.00	123.00	123.54	0.0080946	232.76	332.33	5.3478	0.69105	1.0397	390.41	0.11406	2.7443e-05	0.037213	supercritical
383.00	123.00	123.17	0.0081189	233.50	333.37	5.3506	0.69122	1.0392	390.91	0.11336	2.7486e-05	0.037272	supercritical
384.00	123.00	122.80	0.0081432	234.24	334.40	5.3533	0.69140	1.0388	391.41	0.11267	2.7530e-05	0.037331	supercritical
385.00	123.00	122.44	0.0081674	234.98	335.44	5.3560	0.69159	1.0383	391.91	0.11198	2.7574e-05	0.037390	supercritical
386.00	123.00	122.08	0.0081917	235.72	336.48	5.3587	0.69177	1.0379	392.41	0.11130	2.7617e-05	0.037449	supercritical
387.00	123.00	121.72	0.0082159	236.46	337.52	5.3613	0.69196	1.0375	392.91	0.11062	2.7661e-05	0.037508	supercritical
388.00	123.00	121.36	0.0082400	237.20	338.56	5.3640	0.69214	1.0371	393.41	0.10994	2.7704e-05	0.037567	supercritical
389.00	123.00	121.00	0.0082642	237.94	339.59	5.3667	0.69233	1.0367	393.90	0.10927	2.7748e-05	0.037626	supercritical
390.00	123.00	120.65	0.0082884	238.68	340.63	5.3694	0.69252	1.0363	394.40	0.10860	2.7791e-05	0.037686	supercritical
391.00	123.00	120.30	0.0083125	239.42	341.67	5.3720	0.69272	1.0360	394.89	0.10794	2.7835e-05	0.037745	supercritical
392.00	123.00	119.95	0.0083366	240.16	342.70	5.3747	0.69291	1.0356	395.38	0.10728	2.7878e-05	0.037804	supercritical
393.00	123.00	119.61	0.0083607	240.90	343.74	5.3773	0.69311	1.0352	395.87	0.10662	2.7922e-05	0.037863	supercritical
394.00	123.00	119.26	0.0083848	241.64	344.77	5.3799	0.69330	1.0349	396.36	0.10596	2.7965e-05	0.037923	supercritical
395.00	123.00	118.92	0.0084088	242.38	345.81	5.3825	0.69350	1.0345	396.85	0.10531	2.8009e-05	0.037982	supercritical
396.00	123.00	118.58	0.0084329	243.12	346.84	5.3852	0.69370	1.0342	397.34	0.10466	2.8052e-05	0.038042	supercritical
397.00	123.00	118.25	0.0084569	243.86	347.88	5.3878	0.69391	1.0339	397.83	0.10402	2.8096e-05	0.038101	supercritical
398.00	123.00	117.91	0.0084809	244.59	348.91	5.3904	0.69411	1.0335	398.31	0.10338	2.8139e-05	0.038161	supercritical
399.00	123.00	117.58	0.0085049	245.33	349.94	5.3930	0.69432	1.0332	398.80	0.10274	2.8183e-05	0.038220	supercritical
400.00	123.00	117.25	0.0085288	246.07	350.98	5.3955	0.69452	1.0329	399.28	0.10211	2.8226e-05	0.038280	supercritical
401.00	123.00	116.92	0.0085528	246.81	352.01	5.3981	0.69473	1.0326	399.76	0.10148	2.8269e-05	0.038340	supercritical
402.00	123.00	116.59	0.0085767	247.55	353.04	5.4007	0.69494	1.0323	400.24	0.10085	2.8313e-05	0.038399	supercritical
403.00	123.00	116.27	0.0086006	248.29	354.07	5.4033	0.69515	1.0320	400.72	0.10023	2.8356e-05	0.038459	supercritical
404.00	123.00	115.95	0.0086245	249.02	355.10	5.4058	0.69536	1.0317	401.20	0.099608	2.8399e-05	0.038519	supercritical
405.00	123.00	115.63	0.0086484	249.76	356.14	5.4084	0.69558	1.0314	401.68	0.098991	2.8443e-05	0.038579	supercritical
406.00	123.00	115.31	0.0086723	250.50	357.17	5.4109	0.69579	1.0312	402.16	0.098377	2.8486e-05	0.038639	supercritical
407.00	123.00	114.99	0.0086961	251.24	358.20	5.4135	0.69601	1.0309	402.64	0.097767	2.8529e-05	0.038699	supercritical
408.00	123.00	114.68	0.0087200	251.97	359.23	5.4160	0.69623	1.0306	403.11	0.097159	2.8573e-05	0.038758	supercritical
409.00	123.00	114.37	0.0087438	252.71	360.26	5.4185	0.69645	1.0304	403.59	0.096555	2.8616e-05	0.038818	supercritical
410.00	123.00	114.06	0.0087676	253.45	361.29	5.4210	0.69667	1.0301	404.06	0.095954	2.8659e-05	0.038878	supercritical
411.00	123.00	113.75	0.0087914	254.19	362.32	5.4235	0.69689	1.0299	404.53	0.095356	2.8702e-05	0.038938	supercritical
412.00	123.00	113.44	0.0088152	254.92	363.35	5.4260	0.69711	1.0296	405.00	0.094762	2.8745e-05	0.038998	supercritical
413.00	123.00	113.14	0.0088389	255.66	364.38	5.4285	0.69734	1.0294	405.47	0.094170	2.8789e-05	0.039058	supercritical
414.00	123.00	112.83	0.0088626	256.40	365.41	5.4310	0.69756	1.0292	405.94	0.093582	2.8832e-05	0.039119	supercritical
415.00	123.00	112.53	0.0088864	257.14	366.44	5.4335	0.69779	1.0290	406.41	0.092996	2.8875e-05	0.039179	supercritical
416.00	123.00	112.23	0.0089101	257.87	367.47	5.4360	0.69802	1.0287	406.88	0.092414	2.8918e-05	0.039239	supercritical
417.00	123.00	111.93	0.0089338	258.61	368.50	5.4384	0.69825	1.0285	407.35	0.091835	2.8961e-05	0.039299	supercritical
418.00	123.00	111.64	0.0089575	259.35	369.52	5.4409	0.69848	1.0283	407.81	0.091258	2.9004e-05	0.039359	supercritical
419.00	123.00	111.34	0.0089811	260.08	370.55	5.4434	0.69871	1.0281	408.28	0.090685	2.9047e-05	0.039419	supercritical
420.00	123.00	111.05	0.0090048	260.82	371.58	5.4458	0.69894	1.0279	408.74	0.090115	2.9090e-05	0.039480	supercritical
421.00	123.00	110.76	0.0090284	261.56	372.61	5.4483	0.69918	1.0277	409.20	0.089548	2.9133e-05	0.039540	supercritical
422.00	123.00	110.47	0.0090520	262.30	373.64	5.4507	0.69941	1.0276	409.67	0.088983	2.9176e-05	0.039600	supercritical
423.00	123.00	110.18	0.0090757	263.03	374.66	5.4531	0.69965	1.0274	410.13	0.088422	2.9219e-05	0.039660	supercritical
424.00	123.00	109.90	0.0090993	263.77	375.69	5.4556	0.69989	1.0272	410.59	0.087863	2.9262e-05	0.039721	supercritical
425.00	123.00	109.62	0.0091228	264.51	376.72	5.4580	0.70013	1.0270	411.05	0.087307	2.9305e-05	0.039781	supercritical
426.00	123.00	109.33	0.0091464	265.24	377.74	5.4604	0.70037	1.0269	411.51	0.086755	2.9348e-05	0.039842	supercritical
427.00	123.00	109.05	0.0091700	265.98	378.77	5.4628	0.70061	1.0267	411.96	0.086205	2.9391e-05	0.039902	supercritical
428.00	123.00	108.77	0.0091935	266.72	379.80	5.4652	0.70085	1.0266	412.42	0.085657	2.9434e-05	0.039962	supercritical
429.00	123.00	108.49	0.0092170	267.45	380.82	5.4676	0.70109	1.0264	412.88	0.085113	2.9476e-05	0.040023	supercritical
430.00	123.00	108.22	0.0092405	268.19	381.85	5.4700	0.70133	1.0263	413.33	0.084572	2.9519e-05	0.040083	supercritical
431.00	123.00	107.94	0.0092640	268.93	382.88	5.4724	0.70158	1.0261	413.79	0.084033	2.9562e-05	0.040144	supercritical
432.00	123.00	107.67	0.0092875	269.67	383.90	5.4747	0.70183	1.0260	414.24	0.083497	2.9605e-05	0.040204	supercritical
433.00	123.00	107.40	0.0093110	270.40	384.93	5.4771	0.70207	1.0258	414.69	0.082963	2.9647e-05	0.040265	supercritical
434.00	123.00	107.13	0.0093345	271.14	385.95	5.4795	0.70232	1.0257	415.14	0.082433	2.9690e-05	0.040325	supercritical
435.00	123.00	106.86	0.0093579	271.88	386.98	5.4818	0.70257	1.0256	415.59	0.081905	2.9733e-05	0.040386	supercritical
436.00	123.00	106.59	0.0093814	272.61	388.01	5.4842	0.70282	1.0255	416.04	0.081380	2.9775e-05	0.040446	supercritical
437.00	123.00	106.33	0.0094048	273.35	389.03	5.4865	0.70307	1.0254	416.49	0.080857	2.9818e-05	0.040507	supercritical
438.00	123.00	106.06	0.0094282	274.09	390.06	5.4889	0.70332	1.0252	416.94	0.080337	2.9861e-05	0.040567	supercritical
439.00	123.00	105.80	0.0094516	274.83	391.08	5.4912	0.70357	1.0251	417.39	0.079820	2.9903e-05	0.040628	supercritical
440.00	123.00	105.54	0.0094750	275.56	392.11	5.4936	0.70382	1.0250	417.84	0.079305	2.9946e-05	0.040688	supercritical
441.00	123.00	105.28	0.0094984	276.30	393.13	5.4959	0.70408	1.0249	418.28	0.078793	2.9988e-05	0.040749	supercritical
442.00	123.00	105.02	0.0095217	277.04	394.16	5.4982	0.70433	1.0248	418.73	0.078284	3.0031e-05	0.040810	supercritical
443.00	123.00	104.77	0.0095451	277.78	395.18	5.5005	0.70459	1.0247	419.17	0.077777	3.0073e-05	0.040870	supercritical
444.00	123.00	104.51	0.0095684	278.51	396.21	5.5028	0.70484	1.0247	419.61	0.077273	3.0116e-05	0.040931	supercritical
445.00	123.00	104.26	0.0095917	279.25	397.23	5.5051	0.70510	1.0246	420.06	0.076771	3.0158e-05	0.040992	supercritical
446.00	123.00	104.00	0.0096151	279.99	398.25	5.5074	0.70536	1.0245	420.50	0.076271	3.0201e-05	0.041052	supercritical
447.00	123.00	103.75	0.0096384	280.73	399.28	5.5097	0.70562	1.0244	420.94	0.075775	3.0243e-05	0.041113	supercritical
448.00	123.00	103.50	0.0096617	281.47	400.30	5.5120	0.70588	1.0243	421.38	0.075280	3.0286e-05	0.041174	supercritical
449.00	123.00	103.25	0.0096849	282.20	401.33	5.5143	0.70614	1.0243	421.82	0.074788	3.0328e-05	0.041234	supercritical
450.00	123.00	103.01	0.0097082	282.94	402.35	5.5166	0.70640	1.0242	422.26	0.074299	3.0370e-05	0.041295	supercritical
451.00	123.00	102.76	0.0097315	283.68	403.38	5.5189	0.70666	1.0241	422.70	0.073812	3.0413e-05	0.041356	supercritical
452.00	123.00	102.51	0.0097547	284.42	404.40	5.5211	0.70692	1.0241	423.13	0.073327	3.0455e-05	0.041416	supercritical
453.00	123.00	102.27	0.0097780	285.16	405.42	5.5234	0.70719	1.0240	423.57	0.072845	3.0497e-05	0.041477	supercritical
454.00	123.00	102.03	0.0098012	285.89	406.45	5.5256	0.70745	1.0240	424.01	0.072366	3.0539e-05	0.041538	supercritical
455.00	123.00	101.79	0.0098244	286.63	407.47	5.5279	0.70771	1.0239	424.44	0.071888	3.0581e-05	0.041599	supercritical
456.00	123.00	101.55	0.0098476	287.37	408.50	5.5301	0.70798	1.0239	424.88	0.071413	3.0624e-05	0.041659	supercritical
457.00	123.00	101.31	0.0098708	288.11	409.52	5.5324	0.70824	1.0238	425.31	0.070941	3.0666e-05	0.041720	supercritical
458.00	123.00	101.07	0.0098940	288.85	410.54	5.5346	0.70851	1.0238	425.74	0.070470	3.0708e-05	0.041781	supercritical
459.00	123.00	100.84	0.0099171	289.59	411.57	5.5369	0.70878	1.0238	426.17	0.070002	3.0750e-05	0.041842	supercritical
460.00	123.00	100.60	0.0099403	290.33	412.59	5.5391	0.70905	1.0237	426.61	0.069537	3.0792e-05	0.041902	supercritical
461.00	123.00	100.37	0.0099635	291.06	413.62	5.5413	0.70931	1.0237	427.04	0.069073	3.0834e-05	0.041963	supercritical
462.00	123.00	100.13	0.0099866	291.80	414.64	5.5435	0.70958	1.0237	427.47	0.068612	3.0876e-05	0.042024	supercritical
463.00	123.00	99.903	0.010010	292.54	415.66	5.5457	0.70985	1.0236	427.89	0.068153	3.0918e-05	0.042085	supercritical
464.00	123.00	99.673	0.010033	293.28	416.69	5.5480	0.71012	1.0236	428.32	0.067697	3.0960e-05	0.042146	supercritical
465.00	123.00	99.443	0.010056	294.02	417.71	5.5502	0.71039	1.0236	428.75	0.067242	3.1002e-05	0.042206	supercritical
466.00	123.00	99.216	0.010079	294.76	418.73	5.5524	0.71066	1.0236	429.18	0.066790	3.1044e-05	0.042267	supercritical
467.00	123.00	98.989	0.010102	295.50	419.76	5.5545	0.71093	1.0236	429.60	0.066340	3.1086e-05	0.042328	supercritical
468.00	123.00	98.763	0.010125	296.24	420.78	5.5567	0.71121	1.0236	430.03	0.065892	3.1128e-05	0.042389	supercritical
469.00	123.00	98.539	0.010148	296.98	421.80	5.5589	0.71148	1.0236	430.46	0.065447	3.1170e-05	0.042449	supercritical
470.00	123.00	98.315	0.010171	297.72	422.83	5.5611	0.71175	1.0235	430.88	0.065003	3.1211e-05	0.042510	supercritical
471.00	123.00	98.093	0.010194	298.46	423.85	5.5633	0.71203	1.0235	431.30	0.064562	3.1253e-05	0.042571	supercritical
472.00	123.00	97.872	0.010217	299.20	424.87	5.5655	0.71230	1.0235	431.73	0.064123	3.1295e-05	0.042632	supercritical
473.00	123.00	97.652	0.010240	299.94	425.90	5.5676	0.71258	1.0236	432.15	0.063686	3.1337e-05	0.042693	supercritical
474.00	123.00	97.432	0.010264	300.68	426.92	5.5698	0.71285	1.0236	432.57	0.063251	3.1378e-05	0.042753	supercritical
475.00	123.00	97.214	0.010287	301.42	427.95	5.5719	0.71313	1.0236	432.99	0.062818	3.1420e-05	0.042814	supercritical
476.00	123.00	96.998	0.010310	302.16	428.97	5.5741	0.71340	1.0236	433.41	0.062388	3.1462e-05	0.042875	supercritical
477.00	123.00	96.782	0.010333	302.90	429.99	5.5762	0.71368	1.0236	433.83	0.061959	3.1503e-05	0.042936	supercritical
478.00	123.00	96.567	0.010356	303.64	431.02	5.5784	0.71396	1.0236	434.25	0.061532	3.1545e-05	0.042997	supercritical
479.00	123.00	96.353	0.010378	304.38	432.04	5.5805	0.71423	1.0236	434.67	0.061108	3.1586e-05	0.043058	supercritical
480.00	123.00	96.140	0.010401	305.13	433.06	5.5827	0.71451	1.0236	435.09	0.060685	3.1628e-05	0.043118	supercritical
481.00	123.00	95.929	0.010424	305.87	434.09	5.5848	0.71479	1.0237	435.50	0.060265	3.1670e-05	0.043179	supercritical
482.00	123.00	95.718	0.010447	306.61	435.11	5.5869	0.71507	1.0237	435.92	0.059846	3.1711e-05	0.043240	supercritical
483.00	123.00	95.508	0.010470	307.35	436.13	5.5890	0.71535	1.0237	436.33	0.059430	3.1753e-05	0.043301	supercritical
484.00	123.00	95.299	0.010493	308.09	437.16	5.5911	0.71563	1.0238	436.75	0.059016	3.1794e-05	0.043362	supercritical
485.00	123.00	95.092	0.010516	308.83	438.18	5.5933	0.71591	1.0238	437.16	0.058603	3.1835e-05	0.043422	supercritical
486.00	123.00	94.885	0.010539	309.58	439.21	5.5954	0.71619	1.0238	437.58	0.058193	3.1877e-05	0.043483	supercritical
487.00	123.00	94.679	0.010562	310.32	440.23	5.5975	0.71647	1.0239	437.99	0.057784	3.1918e-05	0.043544	supercritical
488.00	123.00	94.474	0.010585	311.06	441.25	5.5996	0.71675	1.0239	438.40	0.057377	3.1959e-05	0.043605	supercritical
489.00	123.00	94.270	0.010608	311.80	442.28	5.6017	0.71703	1.0239	438.82	0.056973	3.2001e-05	0.043666	supercritical
490.00	123.00	94.067	0.010631	312.54	443.30	5.6038	0.71731	1.0240	439.23	0.056570	3.2042e-05	0.043726	supercritical
491.00	123.00	93.865	0.010654	313.29	444.33	5.6059	0.71759	1.0240	439.64	0.056169	3.2083e-05	0.043787	supercritical
492.00	123.00	93.664	0.010676	314.03	445.35	5.6079	0.71787	1.0241	440.05	0.055770	3.2125e-05	0.043848	supercritical
493.00	123.00	93.464	0.010699	314.77	446.37	5.6100	0.71815	1.0241	440.46	0.055373	3.2166e-05	0.043909	supercritical
494.00	123.00	93.265	0.010722	315.52	447.40	5.6121	0.71844	1.0242	440.87	0.054978	3.2207e-05	0.043969	supercritical
495.00	123.00	93.067	0.010745	316.26	448.42	5.6142	0.71872	1.0242	441.27	0.054584	3.2248e-05	0.044030	supercritical
496.00	123.00	92.870	0.010768	317.00	449.45	5.6162	0.71900	1.0243	441.68	0.054193	3.2289e-05	0.044091	supercritical
497.00	123.00	92.673	0.010791	317.75	450.47	5.6183	0.71929	1.0243	442.09	0.053803	3.2330e-05	0.044152	supercritical
498.00	123.00	92.478	0.010813	318.49	451.49	5.6204	0.71957	1.0244	442.50	0.053415	3.2371e-05	0.044213	supercritical
499.00	123.00	92.283	0.010836	319.23	452.52	5.6224	0.71985	1.0245	442.90	0.053029	3.2412e-05	0.044273	supercritical
500.00	123.00	92.089	0.010859	319.98	453.54	5.6245	0.72014	1.0245	443.31	0.052645	3.2453e-05	0.044334	supercritical
501.00	123.00	91.896	0.010882	320.72	454.57	5.6265	0.72042	1.0246	443.71	0.052263	3.2494e-05	0.044395	supercritical
502.00	123.00	91.704	0.010905	321.47	455.59	5.6285	0.72071	1.0247	444.12	0.051882	3.2535e-05	0.044456	supercritical
503.00	123.00	91.513	0.010927	322.21	456.62	5.6306	0.72099	1.0247	444.52	0.051503	3.2576e-05	0.044516	supercritical
504.00	123.00	91.323	0.010950	322.96	457.64	5.6326	0.72128	1.0248	444.92	0.051126	3.2617e-05	0.044577	supercritical
505.00	123.00	91.133	0.010973	323.70	458.67	5.6347	0.72156	1.0249	445.32	0.050751	3.2658e-05	0.044638	supercritical
506.00	123.00	90.945	0.010996	324.45	459.69	5.6367	0.72185	1.0249	445.73	0.050377	3.2699e-05	0.044698	supercritical
507.00	123.00	90.757	0.011018	325.19	460.72	5.6387	0.72213	1.0250	446.13	0.050005	3.2740e-05	0.044759	supercritical
508.00	123.00	90.570	0.011041	325.94	461.74	5.6407	0.72242	1.0251	446.53	0.049635	3.2781e-05	0.044820	supercritical
509.00	123.00	90.384	0.011064	326.68	462.77	5.6427	0.72271	1.0252	446.93	0.049267	3.2821e-05	0.044881	supercritical
510.00	123.00	90.199	0.011087	327.43	463.79	5.6448	0.72299	1.0253	447.33	0.048900	3.2862e-05	0.044941	supercritical
511.00	123.00	90.014	0.011109	328.17	464.82	5.6468	0.72328	1.0253	447.73	0.048535	3.2903e-05	0.045002	supercritical
512.00	123.00	89.831	0.011132	328.92	465.84	5.6488	0.72356	1.0254	448.13	0.048171	3.2944e-05	0.045063	supercritical
513.00	123.00	89.648	0.011155	329.67	466.87	5.6508	0.72385	1.0255	448.52	0.047810	3.2984e-05	0.045123	supercritical
514.00	123.00	89.466	0.011177	330.41	467.89	5.6528	0.72414	1.0256	448.92	0.047450	3.3025e-05	0.045184	supercritical
515.00	123.00	89.285	0.011200	331.16	468.92	5.6548	0.72442	1.0257	449.32	0.047091	3.3066e-05	0.045245	supercritical
516.00	123.00	89.104	0.011223	331.91	469.95	5.6567	0.72471	1.0258	449.72	0.046734	3.3106e-05	0.045305	supercritical
517.00	123.00	88.924	0.011245	332.65	470.97	5.6587	0.72500	1.0259	450.11	0.046379	3.3147e-05	0.045366	supercritical
518.00	123.00	88.746	0.011268	333.40	472.00	5.6607	0.72529	1.0260	450.51	0.046026	3.3187e-05	0.045427	supercritical
519.00	123.00	88.567	0.011291	334.15	473.02	5.6627	0.72557	1.0261	450.90	0.045674	3.3228e-05	0.045487	supercritical
520.00	123.00	88.390	0.011313	334.89	474.05	5.6647	0.72586	1.0262	451.30	0.045324	3.3268e-05	0.045548	supercritical
521.00	123.00	88.214	0.011336	335.64	475.08	5.6666	0.72615	1.0263	451.69	0.044975	3.3309e-05	0.045609	supercritical
522.00	123.00	88.038	0.011359	336.39	476.10	5.6686	0.72644	1.0264	452.08	0.044628	3.3349e-05	0.045669	supercritical
523.00	123.00	87.863	0.011381	337.14	477.13	5.6706	0.72672	1.0265	452.48	0.044282	3.3390e-05	0.045730	supercritical
524.00	123.00	87.688	0.011404	337.89	478.16	5.6725	0.72701	1.0266	452.87	0.043938	3.3430e-05	0.045790	supercritical
525.00	123.00	87.515	0.011427	338.63	479.18	5.6745	0.72730	1.0267	453.26	0.043596	3.3470e-05	0.045851	supercritical
526.00	123.00	87.342	0.011449	339.38	480.21	5.6764	0.72759	1.0268	453.65	0.043255	3.3511e-05	0.045912	supercritical
527.00	123.00	87.170	0.011472	340.13	481.24	5.6784	0.72787	1.0269	454.04	0.042916	3.3551e-05	0.045972	supercritical
528.00	123.00	86.998	0.011494	340.88	482.26	5.6803	0.72816	1.0270	454.43	0.042578	3.3591e-05	0.046033	supercritical
529.00	123.00	86.828	0.011517	341.63	483.29	5.6823	0.72845	1.0271	454.82	0.042242	3.3631e-05	0.046093	supercritical
530.00	123.00	86.658	0.011540	342.38	484.32	5.6842	0.72874	1.0272	455.21	0.041907	3.3672e-05	0.046154	supercritical
531.00	123.00	86.488	0.011562	343.13	485.34	5.6862	0.72903	1.0273	455.60	0.041574	3.3712e-05	0.046214	supercritical
532.00	123.00	86.320	0.011585	343.88	486.37	5.6881	0.72931	1.0274	455.99	0.041242	3.3752e-05	0.046275	supercritical
533.00	123.00	86.152	0.011607	344.63	487.40	5.6900	0.72960	1.0275	456.37	0.040912	3.3792e-05	0.046335	supercritical
534.00	123.00	85.985	0.011630	345.38	488.43	5.6919	0.72989	1.0276	456.76	0.040583	3.3832e-05	0.046396	supercritical
535.00	123.00	85.818	0.011653	346.13	489.45	5.6939	0.73018	1.0278	457.15	0.040256	3.3872e-05	0.046456	supercritical
536.00	123.00	85.653	0.011675	346.88	490.48	5.6958	0.73047	1.0279	457.53	0.039930	3.3913e-05	0.046517	supercritical
537.00	123.00	85.488	0.011698	347.63	491.51	5.6977	0.73075	1.0280	457.92	0.039605	3.3953e-05	0.046577	supercritical
538.00	123.00	85.323	0.011720	348.38	492.54	5.6996	0.73104	1.0281	458.31	0.039282	3.3993e-05	0.046638	supercritical
539.00	123.00	85.159	0.011743	349.13	493.57	5.7015	0.73133	1.0282	458.69	0.038961	3.4033e-05	0.046698	supercritical
540.00	123.00	84.996	0.011765	349.88	494.59	5.7034	0.73162	1.0284	459.07	0.038641	3.4073e-05	0.046759	supercritical
541.00	123.00	84.834	0.011788	350.63	495.62	5.7053	0.73191	1.0285	459.46	0.038322	3.4112e-05	0.046819	supercritical
542.00	123.00	84.672	0.011810	351.39	496.65	5.7072	0.73219	1.0286	459.84	0.038005	3.4152e-05	0.046880	supercritical
543.00	123.00	84.511	0.011833	352.14	497.68	5.7091	0.73248	1.0287	460.22	0.037689	3.4192e-05	0.046940	supercritical
544.00	123.00	84.351	0.011855	352.89	498.71	5.7110	0.73277	1.0288	460.61	0.037374	3.4232e-05	0.047000	supercritical
545.00	123.00	84.191	0.011878	353.64	499.74	5.7129	0.73306	1.0290	460.99	0.037061	3.4272e-05	0.047061	supercritical
546.00	123.00	84.032	0.011900	354.39	500.77	5.7148	0.73335	1.0291	461.37	0.036750	3.4312e-05	0.047121	supercritical
547.00	123.00	83.873	0.011923	355.15	501.80	5.7167	0.73363	1.0292	461.75	0.036439	3.4352e-05	0.047182	supercritical
548.00	123.00	83.716	0.011945	355.90	502.82	5.7186	0.73392	1.0294	462.13	0.036130	3.4391e-05	0.047242	supercritical
549.00	123.00	83.558	0.011968	356.65	503.85	5.7204	0.73421	1.0295	462.51	0.035823	3.4431e-05	0.047302	supercritical
550.00	123.00	83.402	0.011990	357.41	504.88	5.7223	0.73450	1.0296	462.89	0.035516	3.4471e-05	0.047363	supercritical
551.00	123.00	83.246	0.012013	358.16	505.91	5.7242	0.73478	1.0298	463.27	0.035212	3.4510e-05	0.047423	supercritical
552.00	123.00	83.091	0.012035	358.91	506.94	5.7261	0.73507	1.0299	463.65	0.034908	3.4550e-05	0.047483	supercritical
553.00	123.00	82.936	0.012058	359.67	507.97	5.7279	0.73536	1.0300	464.03	0.034606	3.4590e-05	0.047544	supercritical
554.00	123.00	82.782	0.012080	360.42	509.00	5.7298	0.73565	1.0302	464.41	0.034305	3.4629e-05	0.047604	supercritical
555.00	123.00	82.628	0.012102	361.17	510.03	5.7316	0.73593	1.0303	464.78	0.034005	3.4669e-05	0.047664	supercritical
556.00	123.00	82.475	0.012125	361.93	511.06	5.7335	0.73622	1.0304	465.16	0.033707	3.4708e-05	0.047725	supercritical
557.00	123.00	82.323	0.012147	362.68	512.09	5.7353	0.73651	1.0306	465.54	0.033410	3.4748e-05	0.047785	supercritical
558.00	123.00	82.171	0.012170	363.44	513.13	5.7372	0.73679	1.0307	465.91	0.033114	3.4787e-05	0.047845	supercritical
559.00	123.00	82.020	0.012192	364.19	514.16	5.7390	0.73708	1.0308	466.29	0.032820	3.4827e-05	0.047905	supercritical
560.00	123.00	81.870	0.012215	364.95	515.19	5.7409	0.73737	1.0310	466.66	0.032526	3.4866e-05	0.047966	supercritical
561.00	123.00	81.720	0.012237	365.70	516.22	5.7427	0.73765	1.0311	467.04	0.032235	3.4906e-05	0.048026	supercritical
562.00	123.00	81.571	0.012259	366.46	517.25	5.7446	0.73794	1.0313	467.41	0.031944	3.4945e-05	0.048086	supercritical
563.00	123.00	81.422	0.012282	367.22	518.28	5.7464	0.73823	1.0314	467.79	0.031654	3.4985e-05	0.048146	supercritical
564.00	123.00	81.274	0.012304	367.97	519.31	5.7482	0.73851	1.0315	468.16	0.031366	3.5024e-05	0.048207	supercritical
565.00	123.00	81.126	0.012327	368.73	520.34	5.7500	0.73880	1.0317	468.53	0.031079	3.5063e-05	0.048267	supercritical
566.00	123.00	80.979	0.012349	369.48	521.38	5.7519	0.73908	1.0318	468.91	0.030794	3.5103e-05	0.048327	supercritical
567.00	123.00	80.833	0.012371	370.24	522.41	5.7537	0.73937	1.0320	469.28	0.030509	3.5142e-05	0.048387	supercritical
568.00	123.00	80.687	0.012394	371.00	523.44	5.7555	0.73965	1.0321	469.65	0.030226	3.5181e-05	0.048447	supercritical
569.00	123.00	80.541	0.012416	371.75	524.47	5.7573	0.73994	1.0323	470.02	0.029944	3.5220e-05	0.048507	supercritical
570.00	123.00	80.396	0.012438	372.51	525.50	5.7591	0.74022	1.0324	470.39	0.029663	3.5260e-05	0.048567	supercritical
571.00	123.00	80.252	0.012461	373.27	526.54	5.7610	0.74051	1.0326	470.76	0.029383	3.5299e-05	0.048628	supercritical
572.00	123.00	80.109	0.012483	374.03	527.57	5.7628	0.74079	1.0327	471.13	0.029105	3.5338e-05	0.048688	supercritical
573.00	123.00	79.965	0.012505	374.79	528.60	5.7646	0.74108	1.0329	471.50	0.028828	3.5377e-05	0.048748	supercritical
574.00	123.00	79.823	0.012528	375.54	529.63	5.7664	0.74136	1.0330	471.87	0.028552	3.5416e-05	0.048808	supercritical
575.00	123.00	79.681	0.012550	376.30	530.67	5.7682	0.74165	1.0332	472.24	0.028277	3.5455e-05	0.048868	supercritical
576.00	123.00	79.539	0.012572	377.06	531.70	5.7700	0.74193	1.0333	472.61	0.028003	3.5494e-05	0.048928	supercritical
577.00	123.00	79.398	0.012595	377.82	532.73	5.7717	0.74222	1.0335	472.98	0.027731	3.5533e-05	0.048988	supercritical
578.00	123.00	79.258	0.012617	378.58	533.77	5.7735	0.74250	1.0336	473.35	0.027459	3.5572e-05	0.049048	supercritical
579.00	123.00	79.118	0.012639	379.34	534.80	5.7753	0.74278	1.0338	473.71	0.027189	3.5611e-05	0.049108	supercritical
580.00	123.00	78.978	0.012662	380.10	535.84	5.7771	0.74307	1.0339	474.08	0.026920	3.5650e-05	0.049168	supercritical
581.00	123.00	78.839	0.012684	380.86	536.87	5.7789	0.74335	1.0341	474.45	0.026652	3.5689e-05	0.049228	supercritical
582.00	123.00	78.701	0.012706	381.62	537.90	5.7807	0.74363	1.0342	474.81	0.026385	3.5728e-05	0.049288	supercritical
583.00	123.00	78.563	0.012729	382.38	538.94	5.7824	0.74392	1.0344	475.18	0.026119	3.5767e-05	0.049348	supercritical
584.00	123.00	78.426	0.012751	383.14	539.97	5.7842	0.74420	1.0346	475.54	0.025854	3.5806e-05	0.049408	supercritical
585.00	123.00	78.289	0.012773	383.90	541.01	5.7860	0.74448	1.0347	475.91	0.025591	3.5844e-05	0.049468	supercritical
586.00	123.00	78.153	0.012795	384.66	542.04	5.7878	0.74476	1.0349	476.27	0.025328	3.5883e-05	0.049528	supercritical
587.00	123.00	78.017	0.012818	385.42	543.08	5.7895	0.74504	1.0350	476.64	0.025067	3.5922e-05	0.049588	supercritical
588.00	123.00	77.881	0.012840	386.18	544.11	5.7913	0.74533	1.0352	477.00	0.024807	3.5961e-05	0.049648	supercritical
589.00	123.00	77.747	0.012862	386.94	545.15	5.7930	0.74561	1.0353	477.36	0.024548	3.5999e-05	0.049708	supercritical
590.00	123.00	77.612	0.012885	387.70	546.18	5.7948	0.74589	1.0355	477.73	0.024290	3.6038e-05	0.049767	supercritical
591.00	123.00	77.478	0.012907	388.46	547.22	5.7966	0.74617	1.0357	478.09	0.024033	3.6077e-05	0.049827	supercritical
592.00	123.00	77.345	0.012929	389.23	548.25	5.7983	0.74645	1.0358	478.45	0.023777	3.6115e-05	0.049887	supercritical
593.00	123.00	77.212	0.012951	389.99	549.29	5.8001	0.74673	1.0360	478.81	0.023522	3.6154e-05	0.049947	supercritical
594.00	123.00	77.080	0.012974	390.75	550.33	5.8018	0.74701	1.0361	479.17	0.023268	3.6193e-05	0.050007	supercritical
595.00	123.00	76.948	0.012996	391.51	551.36	5.8035	0.74729	1.0363	479.54	0.023015	3.6231e-05	0.050067	supercritical
596.00	123.00	76.816	0.013018	392.28	552.40	5.8053	0.74757	1.0365	479.90	0.022763	3.6270e-05	0.050126	supercritical
597.00	123.00	76.685	0.013040	393.04	553.43	5.8070	0.74785	1.0366	480.26	0.022513	3.6308e-05	0.050186	supercritical
598.00	123.00	76.555	0.013063	393.80	554.47	5.8088	0.74813	1.0368	480.62	0.022263	3.6347e-05	0.050246	supercritical
599.00	123.00	76.425	0.013085	394.57	555.51	5.8105	0.74841	1.0370	480.98	0.022014	3.6385e-05	0.050306	supercritical
600.00	123.00	76.295	0.013107	395.33	556.55	5.8122	0.74869	1.0371	481.34	0.021767	3.6424e-05	0.050365	supercritical
