Temperature (K)	Pressure (bar)	Density (kg/m3)	Volume (m3/kg)	Internal Energy (kJ/kg)	Enthalpy (kJ/kg)	Entropy (J/g*K)	Cv (J/g*K)	Cp (J/g*K)	Sound Spd. (m/s)	Joule-Thomson (K/bar)	Viscosity (Pa*s)	Therm. Cond. (W/m*K)	Phase
60.000	151.00	1299.4	0.00076958	-186.43	-174.81	2.2185	1.0943	1.6438	1167.8	-0.037894	0.00064974	0.19995	liquid
61.000	151.00	1295.3	0.00077203	-184.82	-173.16	2.2457	1.0873	1.6465	1163.8	-0.037731	0.00061929	0.19867	liquid
62.000	151.00	1291.1	0.00077452	-183.21	-171.51	2.2725	1.0811	1.6487	1159.2	-0.037588	0.00059086	0.19740	liquid
63.000	151.00	1287.0	0.00077703	-181.60	-169.86	2.2989	1.0753	1.6504	1154.0	-0.037462	0.00056430	0.19612	liquid
64.000	151.00	1282.8	0.00077956	-179.99	-168.21	2.3249	1.0698	1.6515	1148.5	-0.037349	0.00053948	0.19484	liquid
65.000	151.00	1278.6	0.00078211	-178.37	-166.56	2.3505	1.0647	1.6523	1142.6	-0.037248	0.00051627	0.19357	liquid
66.000	151.00	1274.4	0.00078469	-176.76	-164.91	2.3757	1.0597	1.6527	1136.4	-0.037157	0.00049455	0.19229	liquid
67.000	151.00	1270.2	0.00078728	-175.14	-163.26	2.4006	1.0548	1.6528	1130.1	-0.037073	0.00047421	0.19101	liquid
68.000	151.00	1266.0	0.00078990	-173.53	-161.60	2.4251	1.0501	1.6526	1123.5	-0.036994	0.00045514	0.18973	liquid
69.000	151.00	1261.8	0.00079253	-171.92	-159.95	2.4492	1.0455	1.6522	1116.9	-0.036920	0.00043726	0.18846	liquid
70.000	151.00	1257.6	0.00079519	-170.31	-158.30	2.4730	1.0409	1.6517	1110.1	-0.036847	0.00042046	0.18718	liquid
71.000	151.00	1253.3	0.00079786	-168.70	-156.65	2.4964	1.0364	1.6510	1103.3	-0.036776	0.00040467	0.18591	liquid
72.000	151.00	1249.1	0.00080056	-167.09	-155.00	2.5195	1.0319	1.6502	1096.4	-0.036704	0.00038982	0.18463	liquid
73.000	151.00	1244.9	0.00080328	-165.48	-153.35	2.5422	1.0274	1.6494	1089.4	-0.036632	0.00037584	0.18336	liquid
74.000	151.00	1240.7	0.00080601	-163.87	-151.70	2.5647	1.0230	1.6485	1082.5	-0.036557	0.00036266	0.18208	liquid
75.000	151.00	1236.4	0.00080877	-162.26	-150.05	2.5868	1.0186	1.6476	1075.5	-0.036479	0.00035022	0.18081	liquid
76.000	151.00	1232.2	0.00081155	-160.66	-148.40	2.6086	1.0143	1.6467	1068.5	-0.036398	0.00033848	0.17953	liquid
77.000	151.00	1228.0	0.00081436	-159.05	-146.76	2.6301	1.0100	1.6458	1061.4	-0.036313	0.00032738	0.17826	liquid
78.000	151.00	1223.7	0.00081718	-157.45	-145.11	2.6514	1.0057	1.6450	1054.4	-0.036222	0.00031688	0.17699	liquid
79.000	151.00	1219.5	0.00082003	-155.85	-143.47	2.6723	1.0015	1.6442	1047.4	-0.036127	0.00030693	0.17571	liquid
80.000	151.00	1215.2	0.00082291	-154.25	-141.82	2.6930	0.99726	1.6434	1040.4	-0.036025	0.00029750	0.17444	liquid
81.000	151.00	1210.9	0.00082580	-152.65	-140.18	2.7134	0.99310	1.6428	1033.4	-0.035917	0.00028855	0.17316	liquid
82.000	151.00	1206.7	0.00082873	-151.05	-138.54	2.7336	0.98898	1.6422	1026.4	-0.035803	0.00028005	0.17189	liquid
83.000	151.00	1202.4	0.00083168	-149.45	-136.90	2.7535	0.98491	1.6416	1019.4	-0.035682	0.00027197	0.17061	liquid
84.000	151.00	1198.1	0.00083465	-147.86	-135.25	2.7731	0.98087	1.6412	1012.5	-0.035553	0.00026428	0.16934	liquid
85.000	151.00	1193.8	0.00083766	-146.26	-133.61	2.7925	0.97689	1.6409	1005.5	-0.035417	0.00025695	0.16806	liquid
86.000	151.00	1189.5	0.00084069	-144.67	-131.97	2.8117	0.97295	1.6406	998.53	-0.035273	0.00024997	0.16678	liquid
87.000	151.00	1185.2	0.00084375	-143.07	-130.33	2.8307	0.96905	1.6405	991.58	-0.035122	0.00024330	0.16551	liquid
88.000	151.00	1180.9	0.00084684	-141.48	-128.69	2.8494	0.96520	1.6404	984.65	-0.034961	0.00023693	0.16423	liquid
89.000	151.00	1176.5	0.00084996	-139.89	-127.05	2.8680	0.96140	1.6405	977.72	-0.034793	0.00023084	0.16295	liquid
90.000	151.00	1172.2	0.00085311	-138.29	-125.41	2.8863	0.95765	1.6407	970.80	-0.034615	0.00022501	0.16167	liquid
91.000	151.00	1167.8	0.00085630	-136.70	-123.77	2.9044	0.95394	1.6410	963.88	-0.034429	0.00021943	0.16039	liquid
92.000	151.00	1163.4	0.00085952	-135.11	-122.13	2.9224	0.95028	1.6413	956.98	-0.034233	0.00021408	0.15911	liquid
93.000	151.00	1159.1	0.00086277	-133.52	-120.49	2.9401	0.94667	1.6418	950.08	-0.034028	0.00020894	0.15784	liquid
94.000	151.00	1154.7	0.00086606	-131.92	-118.85	2.9577	0.94310	1.6424	943.18	-0.033814	0.00020401	0.15656	liquid
95.000	151.00	1150.2	0.00086938	-130.33	-117.20	2.9751	0.93958	1.6432	936.29	-0.033589	0.00019927	0.15528	liquid
96.000	151.00	1145.8	0.00087274	-128.74	-115.56	2.9923	0.93611	1.6440	929.41	-0.033354	0.00019471	0.15399	liquid
97.000	151.00	1141.4	0.00087614	-127.14	-113.91	3.0093	0.93269	1.6449	922.53	-0.033109	0.00019032	0.15271	liquid
98.000	151.00	1136.9	0.00087958	-125.55	-112.27	3.0262	0.92931	1.6460	915.65	-0.032854	0.00018609	0.15143	liquid
99.000	151.00	1132.4	0.00088305	-123.96	-110.62	3.0429	0.92597	1.6472	908.78	-0.032588	0.00018201	0.15015	liquid
100.00	151.00	1127.9	0.00088657	-122.36	-108.97	3.0595	0.92268	1.6484	901.91	-0.032310	0.00017807	0.14887	liquid
101.00	151.00	1123.4	0.00089013	-120.77	-107.33	3.0759	0.91944	1.6498	895.04	-0.032021	0.00017426	0.14759	liquid
102.00	151.00	1118.9	0.00089374	-119.17	-105.67	3.0921	0.91624	1.6513	888.17	-0.031721	0.00017058	0.14631	liquid
103.00	151.00	1114.3	0.00089739	-117.57	-104.02	3.1083	0.91308	1.6530	881.30	-0.031408	0.00016703	0.14503	liquid
104.00	151.00	1109.8	0.00090108	-115.98	-102.37	3.1242	0.90997	1.6547	874.43	-0.031084	0.00016358	0.14375	liquid
105.00	151.00	1105.2	0.00090482	-114.38	-100.71	3.1401	0.90690	1.6566	867.56	-0.030746	0.00016024	0.14246	liquid
106.00	151.00	1100.6	0.00090862	-112.78	-99.056	3.1558	0.90387	1.6586	860.69	-0.030396	0.00015701	0.14118	liquid
107.00	151.00	1095.9	0.00091246	-111.17	-97.396	3.1714	0.90088	1.6607	853.82	-0.030032	0.00015387	0.13990	liquid
108.00	151.00	1091.3	0.00091635	-109.57	-95.734	3.1868	0.89794	1.6629	846.94	-0.029655	0.00015082	0.13862	liquid
109.00	151.00	1086.6	0.00092029	-107.97	-94.070	3.2022	0.89503	1.6653	840.07	-0.029264	0.00014786	0.13734	liquid
110.00	151.00	1081.9	0.00092429	-106.36	-92.404	3.2174	0.89217	1.6678	833.19	-0.028858	0.00014499	0.13607	liquid
111.00	151.00	1077.2	0.00092835	-104.75	-90.735	3.2325	0.88934	1.6704	826.30	-0.028437	0.00014219	0.13479	liquid
112.00	151.00	1072.4	0.00093246	-103.14	-89.063	3.2475	0.88656	1.6731	819.41	-0.028001	0.00013947	0.13351	liquid
113.00	151.00	1067.7	0.00093664	-101.53	-87.388	3.2624	0.88381	1.6760	812.52	-0.027549	0.00013682	0.13223	liquid
114.00	151.00	1062.8	0.00094087	-99.918	-85.711	3.2772	0.88111	1.6790	805.63	-0.027080	0.00013424	0.13096	liquid
115.00	151.00	1058.0	0.00094517	-98.302	-84.030	3.2918	0.87844	1.6821	798.72	-0.026595	0.00013172	0.12970	liquid
116.00	151.00	1053.2	0.00094953	-96.684	-82.347	3.3064	0.87581	1.6854	791.82	-0.026092	0.00012926	0.12843	liquid
117.00	151.00	1048.3	0.00095396	-95.064	-80.660	3.3209	0.87322	1.6888	784.90	-0.025571	0.00012687	0.12716	liquid
118.00	151.00	1043.3	0.00095845	-93.442	-78.969	3.3353	0.87067	1.6924	777.98	-0.025031	0.00012453	0.12590	liquid
119.00	151.00	1038.4	0.00096302	-91.816	-77.275	3.3496	0.86815	1.6961	771.06	-0.024472	0.00012224	0.12464	liquid
120.00	151.00	1033.4	0.00096766	-90.188	-75.577	3.3638	0.86568	1.6999	764.13	-0.023893	0.00012001	0.12338	liquid
121.00	151.00	1028.4	0.00097238	-88.558	-73.875	3.3779	0.86324	1.7040	757.19	-0.023293	0.00011783	0.12212	liquid
122.00	151.00	1023.4	0.00097718	-86.924	-72.169	3.3920	0.86083	1.7082	750.24	-0.022672	0.00011570	0.12086	liquid
123.00	151.00	1018.3	0.00098205	-85.287	-70.458	3.4059	0.85847	1.7125	743.29	-0.022028	0.00011361	0.11961	liquid
124.00	151.00	1013.2	0.00098701	-83.648	-68.744	3.4198	0.85614	1.7170	736.32	-0.021362	0.00011157	0.11836	liquid
125.00	151.00	1008.0	0.00099206	-82.004	-67.024	3.4336	0.85385	1.7217	729.36	-0.020671	0.00010957	0.11711	liquid
126.00	151.00	1002.8	0.00099719	-80.358	-65.300	3.4473	0.85160	1.7266	722.38	-0.019956	0.00010761	0.11586	liquid
127.00	151.00	997.59	0.0010024	-78.708	-63.571	3.4610	0.84939	1.7316	715.39	-0.019214	0.00010569	0.11462	liquid
128.00	151.00	992.32	0.0010077	-77.054	-61.837	3.4746	0.84721	1.7369	708.40	-0.018446	0.00010381	0.11338	liquid
129.00	151.00	987.01	0.0010132	-75.396	-60.097	3.4882	0.84507	1.7423	701.40	-0.017650	0.00010196	0.11214	liquid
130.00	151.00	981.66	0.0010187	-73.734	-58.352	3.5016	0.84297	1.7480	694.39	-0.016824	0.00010015	0.11091	liquid
131.00	151.00	976.27	0.0010243	-72.068	-56.601	3.5150	0.84090	1.7538	687.37	-0.015969	9.8378e-05	0.10968	liquid
132.00	151.00	970.83	0.0010300	-70.398	-54.844	3.5284	0.83888	1.7599	680.34	-0.015082	9.6637e-05	0.10846	liquid
133.00	151.00	965.35	0.0010359	-68.723	-53.081	3.5417	0.83689	1.7662	673.31	-0.014162	9.4929e-05	0.10724	liquid
134.00	151.00	959.82	0.0010419	-67.044	-51.312	3.5550	0.83494	1.7727	666.26	-0.013208	9.3252e-05	0.10602	liquid
135.00	151.00	954.24	0.0010480	-65.360	-49.536	3.5682	0.83303	1.7795	659.21	-0.012219	9.1605e-05	0.10481	liquid
136.00	151.00	948.62	0.0010542	-63.671	-47.753	3.5813	0.83116	1.7865	652.15	-0.011193	8.9987e-05	0.10360	liquid
137.00	151.00	942.94	0.0010605	-61.977	-45.963	3.5944	0.82933	1.7938	645.09	-0.010128	8.8399e-05	0.10239	liquid
138.00	151.00	937.21	0.0010670	-60.277	-44.165	3.6075	0.82754	1.8013	638.01	-0.0090224	8.6838e-05	0.10120	liquid
139.00	151.00	931.42	0.0010736	-58.572	-42.360	3.6206	0.82579	1.8091	630.93	-0.0078751	8.5305e-05	0.10000	liquid
140.00	151.00	925.58	0.0010804	-56.861	-40.547	3.6336	0.82408	1.8172	623.84	-0.0066840	8.3798e-05	0.098815	liquid
141.00	151.00	919.69	0.0010873	-55.144	-38.726	3.6465	0.82241	1.8256	616.75	-0.0054472	8.2316e-05	0.097632	liquid
142.00	151.00	913.73	0.0010944	-53.421	-36.896	3.6594	0.82078	1.8343	609.65	-0.0041625	8.0860e-05	0.096456	liquid
143.00	151.00	907.72	0.0011017	-51.692	-35.057	3.6724	0.81920	1.8433	602.54	-0.0028280	7.9428e-05	0.095285	liquid
144.00	151.00	901.64	0.0011091	-49.956	-33.209	3.6852	0.81765	1.8526	595.43	-0.0014414	7.8020e-05	0.094121	liquid
145.00	151.00	895.49	0.0011167	-48.214	-31.352	3.6981	0.81615	1.8623	588.32	-4.0161e-07	7.6636e-05	0.092963	liquid
146.00	151.00	889.28	0.0011245	-46.464	-29.484	3.7109	0.81470	1.8723	581.20	0.0014974	7.5275e-05	0.091811	liquid
147.00	151.00	883.01	0.0011325	-44.708	-27.607	3.7237	0.81329	1.8827	574.08	0.0030546	7.3935e-05	0.090667	liquid
148.00	151.00	876.66	0.0011407	-42.943	-25.719	3.7365	0.81192	1.8934	566.97	0.0046738	7.2618e-05	0.089530	liquid
149.00	151.00	870.24	0.0011491	-41.172	-23.820	3.7493	0.81060	1.9045	559.85	0.0063578	7.1323e-05	0.088399	liquid
150.00	151.00	863.75	0.0011577	-39.392	-21.910	3.7621	0.80932	1.9161	552.74	0.0081094	7.0048e-05	0.087277	liquid
151.00	151.00	857.18	0.0011666	-37.604	-19.988	3.7749	0.80809	1.9280	545.63	0.0099315	6.8794e-05	0.086162	liquid
152.00	151.00	850.53	0.0011757	-35.807	-18.054	3.7876	0.80690	1.9403	538.53	0.011827	6.7560e-05	0.085056	liquid
153.00	151.00	843.80	0.0011851	-34.002	-16.107	3.8004	0.80577	1.9531	531.43	0.013800	6.6346e-05	0.083957	liquid
154.00	151.00	836.99	0.0011948	-32.188	-14.147	3.8132	0.80468	1.9663	524.35	0.015853	6.5152e-05	0.082867	liquid
155.00	151.00	830.09	0.0012047	-30.365	-12.174	3.8259	0.80363	1.9800	517.29	0.017990	6.3977e-05	0.081786	supercritical
156.00	151.00	823.11	0.0012149	-28.532	-10.187	3.8387	0.80264	1.9941	510.24	0.020213	6.2821e-05	0.080713	supercritical
157.00	151.00	816.04	0.0012254	-26.690	-8.1860	3.8515	0.80169	2.0086	503.21	0.022527	6.1684e-05	0.079650	supercritical
158.00	151.00	808.88	0.0012363	-24.838	-6.1700	3.8643	0.80079	2.0236	496.21	0.024936	6.0565e-05	0.078596	supercritical
159.00	151.00	801.62	0.0012475	-22.975	-4.1386	3.8771	0.79993	2.0391	489.23	0.027442	5.9464e-05	0.077551	supercritical
160.00	151.00	794.27	0.0012590	-21.103	-2.0916	3.8900	0.79912	2.0550	482.29	0.030050	5.8382e-05	0.076517	supercritical
161.00	151.00	786.82	0.0012709	-19.220	-0.028457	3.9028	0.79836	2.0714	475.39	0.032762	5.7317e-05	0.075492	supercritical
162.00	151.00	779.28	0.0012832	-17.326	2.0513	3.9157	0.79764	2.0882	468.53	0.035584	5.6269e-05	0.074477	supercritical
163.00	151.00	771.63	0.0012960	-15.421	4.1481	3.9286	0.79696	2.1054	461.72	0.038517	5.5239e-05	0.073473	supercritical
164.00	151.00	763.88	0.0013091	-13.505	6.2623	3.9415	0.79632	2.1231	454.97	0.041565	5.4226e-05	0.072479	supercritical
165.00	151.00	756.04	0.0013227	-11.578	8.3944	3.9545	0.79571	2.1411	448.27	0.044732	5.3230e-05	0.071496	supercritical
166.00	151.00	748.08	0.0013367	-9.6403	10.545	3.9675	0.79514	2.1594	441.65	0.048019	5.2251e-05	0.070523	supercritical
167.00	151.00	740.03	0.0013513	-7.6913	12.713	3.9805	0.79461	2.1780	435.10	0.051429	5.1289e-05	0.069562	supercritical
168.00	151.00	731.88	0.0013664	-5.7313	14.901	3.9936	0.79410	2.1968	428.63	0.054964	5.0343e-05	0.068611	supercritical
169.00	151.00	723.62	0.0013819	-3.7604	17.107	4.0066	0.79362	2.2157	422.25	0.058623	4.9415e-05	0.067672	supercritical
170.00	151.00	715.26	0.0013981	-1.7790	19.332	4.0198	0.79316	2.2347	415.98	0.062408	4.8503e-05	0.066744	supercritical
171.00	151.00	706.81	0.0014148	0.21269	21.576	4.0329	0.79271	2.2536	409.81	0.066318	4.7608e-05	0.065827	supercritical
172.00	151.00	698.27	0.0014321	2.2142	23.839	4.0461	0.79228	2.2723	403.77	0.070349	4.6730e-05	0.064922	supercritical
173.00	151.00	689.63	0.0014501	4.2249	26.121	4.0594	0.79186	2.2907	397.85	0.074499	4.5868e-05	0.064028	supercritical
174.00	151.00	680.91	0.0014686	6.2442	28.420	4.0726	0.79144	2.3085	392.07	0.078764	4.5024e-05	0.063146	supercritical
175.00	151.00	672.12	0.0014878	8.2712	30.738	4.0859	0.79102	2.3258	386.44	0.083137	4.4197e-05	0.062276	supercritical
176.00	151.00	663.25	0.0015077	10.305	33.072	4.0992	0.79059	2.3422	380.96	0.087612	4.3387e-05	0.061417	supercritical
177.00	151.00	654.32	0.0015283	12.344	35.422	4.1125	0.79015	2.3576	375.65	0.092180	4.2596e-05	0.060571	supercritical
178.00	151.00	645.35	0.0015496	14.388	37.786	4.1258	0.78970	2.3718	370.52	0.096831	4.1822e-05	0.059736	supercritical
179.00	151.00	636.33	0.0015715	16.435	40.165	4.1392	0.78922	2.3847	365.58	0.10155	4.1066e-05	0.058914	supercritical
180.00	151.00	627.28	0.0015942	18.483	42.555	4.1525	0.78872	2.3960	360.82	0.10634	4.0329e-05	0.058103	supercritical
181.00	151.00	618.22	0.0016175	20.532	44.956	4.1658	0.78818	2.4057	356.26	0.11117	3.9610e-05	0.057306	supercritical
182.00	151.00	609.16	0.0016416	22.578	47.366	4.1791	0.78760	2.4136	351.91	0.11604	3.8911e-05	0.056521	supercritical
183.00	151.00	600.12	0.0016663	24.621	49.783	4.1923	0.78699	2.4195	347.76	0.12092	3.8231e-05	0.055749	supercritical
184.00	151.00	591.09	0.0016918	26.659	52.204	4.2055	0.78632	2.4234	343.83	0.12582	3.7571e-05	0.054990	supercritical
185.00	151.00	582.12	0.0017179	28.689	54.629	4.2186	0.78560	2.4252	340.10	0.13071	3.6930e-05	0.054245	supercritical
186.00	151.00	573.19	0.0017446	30.710	57.054	4.2317	0.78482	2.4248	336.59	0.13557	3.6309e-05	0.053513	supercritical
187.00	151.00	564.34	0.0017720	32.721	59.478	4.2447	0.78398	2.4223	333.28	0.14040	3.5709e-05	0.052796	supercritical
188.00	151.00	555.58	0.0017999	34.719	61.898	4.2576	0.78307	2.4175	330.19	0.14517	3.5128e-05	0.052093	supercritical
189.00	151.00	546.91	0.0018284	36.703	64.312	4.2704	0.78210	2.4105	327.29	0.14987	3.4568e-05	0.051405	supercritical
190.00	151.00	538.36	0.0018575	38.670	66.718	4.2831	0.78105	2.4014	324.60	0.15449	3.4028e-05	0.050733	supercritical
191.00	151.00	529.93	0.0018870	40.620	69.114	4.2957	0.77994	2.3902	322.11	0.15901	3.3508e-05	0.050075	supercritical
192.00	151.00	521.64	0.0019170	42.551	71.498	4.3081	0.77877	2.3770	319.80	0.16341	3.3009e-05	0.049434	supercritical
193.00	151.00	513.49	0.0019475	44.461	73.868	4.3204	0.77752	2.3620	317.68	0.16770	3.2529e-05	0.048809	supercritical
194.00	151.00	505.50	0.0019782	46.350	76.221	4.3326	0.77622	2.3451	315.74	0.17184	3.2069e-05	0.048201	supercritical
195.00	151.00	497.67	0.0020094	48.216	78.557	4.3446	0.77485	2.3267	313.97	0.17584	3.1629e-05	0.047609	supercritical
196.00	151.00	490.00	0.0020408	50.058	80.874	4.3565	0.77344	2.3068	312.36	0.17968	3.1207e-05	0.047035	supercritical
197.00	151.00	482.51	0.0020725	51.876	83.171	4.3682	0.77197	2.2857	310.91	0.18336	3.0805e-05	0.046478	supercritical
198.00	151.00	475.20	0.0021044	53.669	85.445	4.3797	0.77046	2.2635	309.60	0.18688	3.0421e-05	0.045938	supercritical
199.00	151.00	468.06	0.0021365	55.437	87.697	4.3910	0.76891	2.2403	308.43	0.19022	3.0054e-05	0.045416	supercritical
200.00	151.00	461.11	0.0021687	57.179	89.926	4.4022	0.76734	2.2165	307.40	0.19339	2.9705e-05	0.044911	supercritical
201.00	151.00	454.34	0.0022010	58.895	92.130	4.4132	0.76573	2.1920	306.48	0.19638	2.9373e-05	0.044423	supercritical
202.00	151.00	447.75	0.0022334	60.585	94.310	4.4240	0.76411	2.1672	305.69	0.19920	2.9057e-05	0.043953	supercritical
203.00	151.00	441.34	0.0022658	62.250	96.464	4.4346	0.76247	2.1421	305.00	0.20185	2.8757e-05	0.043499	supercritical
204.00	151.00	435.10	0.0022983	63.889	98.594	4.4451	0.76083	2.1169	304.41	0.20433	2.8472e-05	0.043063	supercritical
205.00	151.00	429.04	0.0023308	65.503	100.70	4.4554	0.75917	2.0917	303.92	0.20665	2.8202e-05	0.042643	supercritical
206.00	151.00	423.15	0.0023632	67.093	102.78	4.4655	0.75752	2.0665	303.52	0.20880	2.7945e-05	0.042239	supercritical
207.00	151.00	417.43	0.0023956	68.657	104.83	4.4755	0.75588	2.0416	303.19	0.21079	2.7702e-05	0.041851	supercritical
208.00	151.00	411.87	0.0024279	70.199	106.86	4.4852	0.75424	2.0169	302.94	0.21263	2.7471e-05	0.041479	supercritical
209.00	151.00	406.47	0.0024602	71.716	108.87	4.4949	0.75261	1.9926	302.77	0.21433	2.7253e-05	0.041122	supercritical
210.00	151.00	401.23	0.0024923	73.211	110.85	4.5043	0.75100	1.9687	302.65	0.21588	2.7047e-05	0.040779	supercritical
211.00	151.00	396.14	0.0025244	74.684	112.80	4.5136	0.74940	1.9452	302.60	0.21729	2.6851e-05	0.040451	supercritical
212.00	151.00	391.19	0.0025563	76.136	114.74	4.5227	0.74782	1.9221	302.60	0.21858	2.6666e-05	0.040136	supercritical
213.00	151.00	386.38	0.0025881	77.566	116.65	4.5317	0.74627	1.8996	302.66	0.21974	2.6491e-05	0.039835	supercritical
214.00	151.00	381.71	0.0026198	78.976	118.54	4.5406	0.74473	1.8776	302.76	0.22078	2.6326e-05	0.039546	supercritical
215.00	151.00	377.16	0.0026514	80.367	120.40	4.5493	0.74322	1.8561	302.90	0.22170	2.6170e-05	0.039270	supercritical
216.00	151.00	372.75	0.0026828	81.738	122.25	4.5579	0.74174	1.8352	303.09	0.22252	2.6022e-05	0.039005	supercritical
217.00	151.00	368.46	0.0027140	83.091	124.07	4.5663	0.74028	1.8148	303.31	0.22323	2.5883e-05	0.038753	supercritical
218.00	151.00	364.28	0.0027451	84.427	125.88	4.5746	0.73885	1.7950	303.56	0.22384	2.5751e-05	0.038511	supercritical
219.00	151.00	360.22	0.0027761	85.745	127.66	4.5828	0.73745	1.7757	303.85	0.22436	2.5627e-05	0.038280	supercritical
220.00	151.00	356.27	0.0028068	87.046	129.43	4.5908	0.73607	1.7569	304.17	0.22479	2.5510e-05	0.038059	supercritical
221.00	151.00	352.43	0.0028375	88.331	131.18	4.5987	0.73473	1.7387	304.52	0.22514	2.5400e-05	0.037848	supercritical
222.00	151.00	348.68	0.0028679	89.601	132.91	4.6065	0.73341	1.7210	304.89	0.22540	2.5297e-05	0.037646	supercritical
223.00	151.00	345.03	0.0028983	90.855	134.62	4.6142	0.73212	1.7039	305.28	0.22559	2.5199e-05	0.037453	supercritical
224.00	151.00	341.48	0.0029284	92.096	136.31	4.6218	0.73086	1.6872	305.69	0.22571	2.5107e-05	0.037269	supercritical
225.00	151.00	338.02	0.0029584	93.322	137.99	4.6293	0.72963	1.6710	306.13	0.22576	2.5021e-05	0.037093	supercritical
226.00	151.00	334.64	0.0029882	94.534	139.66	4.6367	0.72843	1.6554	306.58	0.22574	2.4939e-05	0.036926	supercritical
227.00	151.00	331.35	0.0030179	95.734	141.30	4.6439	0.72725	1.6401	307.05	0.22567	2.4863e-05	0.036766	supercritical
228.00	151.00	328.14	0.0030474	96.921	142.94	4.6511	0.72611	1.6254	307.54	0.22553	2.4792e-05	0.036613	supercritical
229.00	151.00	325.01	0.0030768	98.096	144.56	4.6582	0.72499	1.6111	308.03	0.22535	2.4725e-05	0.036467	supercritical
230.00	151.00	321.95	0.0031060	99.259	146.16	4.6652	0.72390	1.5972	308.55	0.22511	2.4663e-05	0.036329	supercritical
231.00	151.00	318.97	0.0031351	100.41	147.75	4.6721	0.72283	1.5837	309.07	0.22482	2.4604e-05	0.036196	supercritical
232.00	151.00	316.06	0.0031640	101.55	149.33	4.6789	0.72179	1.5706	309.61	0.22448	2.4550e-05	0.036070	supercritical
233.00	151.00	313.21	0.0031928	102.68	150.89	4.6856	0.72078	1.5580	310.15	0.22411	2.4499e-05	0.035950	supercritical
234.00	151.00	310.43	0.0032214	103.80	152.44	4.6923	0.71980	1.5457	310.71	0.22369	2.4452e-05	0.035836	supercritical
235.00	151.00	307.71	0.0032498	104.91	153.98	4.6988	0.71883	1.5337	311.27	0.22323	2.4408e-05	0.035727	supercritical
236.00	151.00	305.05	0.0032782	106.01	155.51	4.7053	0.71790	1.5221	311.85	0.22274	2.4367e-05	0.035624	supercritical
237.00	151.00	302.45	0.0033064	107.10	157.03	4.7117	0.71698	1.5109	312.43	0.22221	2.4330e-05	0.035525	supercritical
238.00	151.00	299.90	0.0033344	108.18	158.53	4.7181	0.71609	1.4999	313.01	0.22165	2.4295e-05	0.035432	supercritical
239.00	151.00	297.41	0.0033623	109.26	160.03	4.7244	0.71523	1.4893	313.61	0.22107	2.4264e-05	0.035343	supercritical
240.00	151.00	294.98	0.0033901	110.32	161.51	4.7306	0.71438	1.4790	314.21	0.22045	2.4235e-05	0.035259	supercritical
241.00	151.00	292.59	0.0034177	111.38	162.99	4.7367	0.71356	1.4690	314.81	0.21981	2.4209e-05	0.035179	supercritical
242.00	151.00	290.25	0.0034453	112.43	164.45	4.7427	0.71276	1.4593	315.42	0.21914	2.4185e-05	0.035104	supercritical
243.00	151.00	287.97	0.0034726	113.47	165.90	4.7487	0.71198	1.4499	316.03	0.21845	2.4163e-05	0.035032	supercritical
244.00	151.00	285.72	0.0034999	114.50	167.35	4.7547	0.71122	1.4407	316.65	0.21773	2.4144e-05	0.034964	supercritical
245.00	151.00	283.52	0.0035270	115.53	168.79	4.7605	0.71048	1.4317	317.27	0.21700	2.4127e-05	0.034900	supercritical
246.00	151.00	281.37	0.0035541	116.55	170.21	4.7664	0.70976	1.4231	317.89	0.21625	2.4112e-05	0.034840	supercritical
247.00	151.00	279.26	0.0035810	117.56	171.63	4.7721	0.70906	1.4146	318.52	0.21548	2.4099e-05	0.034783	supercritical
248.00	151.00	277.18	0.0036077	118.57	173.04	4.7778	0.70837	1.4064	319.15	0.21469	2.4088e-05	0.034730	supercritical
249.00	151.00	275.15	0.0036344	119.57	174.44	4.7835	0.70771	1.3984	319.78	0.21389	2.4079e-05	0.034679	supercritical
250.00	151.00	273.15	0.0036610	120.56	175.84	4.7891	0.70706	1.3906	320.42	0.21307	2.4071e-05	0.034632	supercritical
251.00	151.00	271.19	0.0036874	121.55	177.23	4.7946	0.70643	1.3831	321.05	0.21224	2.4066e-05	0.034588	supercritical
252.00	151.00	269.27	0.0037137	122.53	178.61	4.8001	0.70582	1.3757	321.69	0.21139	2.4062e-05	0.034546	supercritical
253.00	151.00	267.38	0.0037399	123.50	179.98	4.8055	0.70522	1.3685	322.33	0.21054	2.4059e-05	0.034508	supercritical
254.00	151.00	265.53	0.0037661	124.47	181.34	4.8109	0.70464	1.3615	322.97	0.20967	2.4058e-05	0.034472	supercritical
255.00	151.00	263.71	0.0037921	125.44	182.70	4.8162	0.70408	1.3547	323.61	0.20879	2.4058e-05	0.034439	supercritical
256.00	151.00	261.92	0.0038180	126.40	184.05	4.8215	0.70353	1.3481	324.25	0.20791	2.4060e-05	0.034408	supercritical
257.00	151.00	260.16	0.0038438	127.36	185.40	4.8268	0.70300	1.3416	324.89	0.20701	2.4063e-05	0.034379	supercritical
258.00	151.00	258.43	0.0038695	128.31	186.74	4.8320	0.70248	1.3353	325.54	0.20611	2.4068e-05	0.034353	supercritical
259.00	151.00	256.73	0.0038951	129.25	188.07	4.8371	0.70197	1.3291	326.18	0.20520	2.4073e-05	0.034330	supercritical
260.00	151.00	255.06	0.0039207	130.19	189.39	4.8422	0.70148	1.3231	326.83	0.20429	2.4080e-05	0.034308	supercritical
261.00	151.00	253.42	0.0039461	131.13	190.71	4.8473	0.70100	1.3173	327.47	0.20337	2.4088e-05	0.034289	supercritical
262.00	151.00	251.80	0.0039714	132.06	192.03	4.8523	0.70053	1.3116	328.12	0.20244	2.4097e-05	0.034271	supercritical
263.00	151.00	250.21	0.0039967	132.99	193.34	4.8573	0.70008	1.3060	328.76	0.20151	2.4107e-05	0.034256	supercritical
264.00	151.00	248.64	0.0040218	133.91	194.64	4.8622	0.69964	1.3006	329.40	0.20057	2.4119e-05	0.034242	supercritical
265.00	151.00	247.10	0.0040469	134.83	195.94	4.8672	0.69922	1.2953	330.05	0.19963	2.4131e-05	0.034230	supercritical
266.00	151.00	245.59	0.0040719	135.75	197.23	4.8720	0.69880	1.2901	330.69	0.19868	2.4144e-05	0.034220	supercritical
267.00	151.00	244.09	0.0040968	136.66	198.52	4.8769	0.69840	1.2850	331.33	0.19774	2.4158e-05	0.034212	supercritical
268.00	151.00	242.62	0.0041216	137.56	199.80	4.8816	0.69800	1.2801	331.98	0.19679	2.4173e-05	0.034205	supercritical
269.00	151.00	241.18	0.0041463	138.47	201.08	4.8864	0.69762	1.2753	332.62	0.19583	2.4188e-05	0.034200	supercritical
270.00	151.00	239.75	0.0041710	139.37	202.35	4.8911	0.69725	1.2706	333.26	0.19488	2.4205e-05	0.034197	supercritical
271.00	151.00	238.35	0.0041956	140.27	203.62	4.8958	0.69690	1.2659	333.90	0.19392	2.4222e-05	0.034195	supercritical
272.00	151.00	236.96	0.0042201	141.16	204.88	4.9005	0.69655	1.2614	334.54	0.19297	2.4240e-05	0.034195	supercritical
273.00	151.00	235.60	0.0042445	142.05	206.14	4.9051	0.69621	1.2570	335.18	0.19201	2.4259e-05	0.034196	supercritical
274.00	151.00	234.25	0.0042689	142.94	207.40	4.9097	0.69588	1.2527	335.82	0.19105	2.4279e-05	0.034198	supercritical
275.00	151.00	232.93	0.0042931	143.82	208.65	4.9142	0.69556	1.2485	336.46	0.19009	2.4299e-05	0.034202	supercritical
276.00	151.00	231.62	0.0043174	144.70	209.89	4.9188	0.69525	1.2444	337.09	0.18913	2.4320e-05	0.034207	supercritical
277.00	151.00	230.34	0.0043415	145.58	211.14	4.9233	0.69495	1.2404	337.73	0.18817	2.4342e-05	0.034213	supercritical
278.00	151.00	229.07	0.0043655	146.46	212.38	4.9277	0.69466	1.2365	338.36	0.18721	2.4364e-05	0.034220	supercritical
279.00	151.00	227.81	0.0043895	147.33	213.61	4.9322	0.69438	1.2326	339.00	0.18625	2.4387e-05	0.034229	supercritical
280.00	151.00	226.58	0.0044135	148.20	214.84	4.9366	0.69411	1.2288	339.63	0.18529	2.4410e-05	0.034239	supercritical
281.00	151.00	225.36	0.0044373	149.06	216.07	4.9409	0.69385	1.2251	340.26	0.18434	2.4434e-05	0.034250	supercritical
282.00	151.00	224.16	0.0044611	149.93	217.29	4.9453	0.69359	1.2215	340.89	0.18338	2.4459e-05	0.034262	supercritical
283.00	151.00	222.97	0.0044849	150.79	218.51	4.9496	0.69335	1.2180	341.52	0.18243	2.4484e-05	0.034275	supercritical
284.00	151.00	221.80	0.0045085	151.65	219.73	4.9539	0.69311	1.2145	342.14	0.18147	2.4509e-05	0.034289	supercritical
285.00	151.00	220.65	0.0045321	152.50	220.94	4.9581	0.69288	1.2112	342.77	0.18052	2.4535e-05	0.034304	supercritical
286.00	151.00	219.51	0.0045557	153.36	222.15	4.9624	0.69265	1.2078	343.40	0.17957	2.4562e-05	0.034320	supercritical
287.00	151.00	218.38	0.0045792	154.21	223.36	4.9666	0.69244	1.2046	344.02	0.17862	2.4589e-05	0.034336	supercritical
288.00	151.00	217.27	0.0046026	155.06	224.56	4.9708	0.69223	1.2014	344.64	0.17768	2.4616e-05	0.034354	supercritical
289.00	151.00	216.17	0.0046259	155.91	225.76	4.9749	0.69203	1.1983	345.26	0.17673	2.4644e-05	0.034373	supercritical
290.00	151.00	215.09	0.0046493	156.75	226.95	4.9791	0.69184	1.1952	345.88	0.17579	2.4672e-05	0.034392	supercritical
291.00	151.00	214.02	0.0046725	157.59	228.15	4.9832	0.69165	1.1922	346.50	0.17485	2.4701e-05	0.034412	supercritical
292.00	151.00	212.96	0.0046957	158.43	229.34	4.9873	0.69147	1.1893	347.12	0.17391	2.4730e-05	0.034433	supercritical
293.00	151.00	211.92	0.0047188	159.27	230.53	4.9913	0.69130	1.1864	347.73	0.17298	2.4760e-05	0.034455	supercritical
294.00	151.00	210.89	0.0047419	160.11	231.71	4.9954	0.69114	1.1836	348.35	0.17205	2.4789e-05	0.034477	supercritical
295.00	151.00	209.87	0.0047649	160.94	232.89	4.9994	0.69098	1.1808	348.96	0.17112	2.4820e-05	0.034500	supercritical
296.00	151.00	208.86	0.0047879	161.78	234.07	5.0034	0.69082	1.1781	349.57	0.17019	2.4850e-05	0.034524	supercritical
297.00	151.00	207.86	0.0048108	162.61	235.25	5.0073	0.69068	1.1754	350.18	0.16927	2.4881e-05	0.034548	supercritical
298.00	151.00	206.88	0.0048337	163.44	236.42	5.0113	0.69054	1.1728	350.79	0.16835	2.4912e-05	0.034573	supercritical
299.00	151.00	205.91	0.0048565	164.26	237.60	5.0152	0.69041	1.1703	351.39	0.16743	2.4944e-05	0.034599	supercritical
300.00	151.00	204.95	0.0048793	165.09	238.77	5.0191	0.69028	1.1678	352.00	0.16652	2.4976e-05	0.034624	supercritical
301.00	151.00	204.00	0.0049020	165.91	239.93	5.0230	0.69016	1.1653	352.60	0.16560	2.5008e-05	0.034651	supercritical
302.00	151.00	203.06	0.0049247	166.73	241.10	5.0269	0.69004	1.1629	353.21	0.16470	2.5040e-05	0.034678	supercritical
303.00	151.00	202.13	0.0049473	167.55	242.26	5.0307	0.68993	1.1605	353.81	0.16379	2.5073e-05	0.034705	supercritical
304.00	151.00	201.21	0.0049699	168.37	243.42	5.0345	0.68983	1.1582	354.41	0.16289	2.5106e-05	0.034732	supercritical
305.00	151.00	200.30	0.0049924	169.19	244.57	5.0383	0.68973	1.1559	355.00	0.16199	2.5139e-05	0.034759	supercritical
306.00	151.00	199.41	0.0050149	170.00	245.73	5.0421	0.68964	1.1537	355.60	0.16110	2.5173e-05	0.034786	supercritical
307.00	151.00	198.52	0.0050374	170.82	246.88	5.0459	0.68955	1.1515	356.20	0.16021	2.5206e-05	0.034812	supercritical
308.00	151.00	197.64	0.0050597	171.63	248.03	5.0496	0.68947	1.1493	356.79	0.15932	2.5240e-05	0.034837	supercritical
309.00	151.00	196.77	0.0050821	172.44	249.18	5.0533	0.68939	1.1472	357.38	0.15843	2.5274e-05	0.034853	supercritical
310.00	151.00	195.91	0.0051044	173.25	250.33	5.0570	0.68932	1.1451	357.97	0.15755	2.5309e-05	0.034879	supercritical
311.00	151.00	195.06	0.0051267	174.06	251.47	5.0607	0.68925	1.1431	358.56	0.15667	2.5344e-05	0.034917	supercritical
312.00	151.00	194.22	0.0051489	174.86	252.61	5.0644	0.68919	1.1411	359.15	0.15580	2.5378e-05	0.034956	supercritical
313.00	151.00	193.38	0.0051711	175.67	253.75	5.0680	0.68913	1.1391	359.74	0.15493	2.5414e-05	0.034995	supercritical
314.00	151.00	192.56	0.0051932	176.47	254.89	5.0717	0.68908	1.1372	360.32	0.15406	2.5449e-05	0.035035	supercritical
315.00	151.00	191.74	0.0052153	177.28	256.03	5.0753	0.68903	1.1353	360.90	0.15320	2.5484e-05	0.035075	supercritical
316.00	151.00	190.94	0.0052374	178.08	257.16	5.0789	0.68899	1.1334	361.49	0.15234	2.5520e-05	0.035115	supercritical
317.00	151.00	190.14	0.0052594	178.88	258.29	5.0824	0.68895	1.1316	362.07	0.15149	2.5556e-05	0.035156	supercritical
318.00	151.00	189.34	0.0052814	179.68	259.42	5.0860	0.68892	1.1298	362.64	0.15064	2.5592e-05	0.035197	supercritical
319.00	151.00	188.56	0.0053033	180.47	260.55	5.0895	0.68889	1.1280	363.22	0.14979	2.5628e-05	0.035238	supercritical
320.00	151.00	187.79	0.0053252	181.27	261.68	5.0931	0.68886	1.1263	363.80	0.14894	2.5664e-05	0.035280	supercritical
321.00	151.00	187.02	0.0053471	182.07	262.81	5.0966	0.68884	1.1246	364.37	0.14810	2.5701e-05	0.035322	supercritical
322.00	151.00	186.26	0.0053689	182.86	263.93	5.1001	0.68882	1.1229	364.95	0.14726	2.5738e-05	0.035365	supercritical
323.00	151.00	185.50	0.0053907	183.65	265.05	5.1036	0.68881	1.1213	365.52	0.14643	2.5775e-05	0.035407	supercritical
324.00	151.00	184.76	0.0054124	184.44	266.17	5.1070	0.68880	1.1197	366.09	0.14560	2.5812e-05	0.035450	supercritical
325.00	151.00	184.02	0.0054342	185.24	267.29	5.1105	0.68880	1.1181	366.66	0.14478	2.5849e-05	0.035494	supercritical
326.00	151.00	183.29	0.0054558	186.03	268.41	5.1139	0.68880	1.1165	367.22	0.14395	2.5886e-05	0.035538	supercritical
327.00	151.00	182.57	0.0054775	186.81	269.52	5.1173	0.68880	1.1150	367.79	0.14314	2.5923e-05	0.035582	supercritical
328.00	151.00	181.85	0.0054991	187.60	270.64	5.1207	0.68881	1.1135	368.35	0.14232	2.5961e-05	0.035626	supercritical
329.00	151.00	181.14	0.0055207	188.39	271.75	5.1241	0.68883	1.1120	368.92	0.14151	2.5999e-05	0.035671	supercritical
330.00	151.00	180.43	0.0055422	189.17	272.86	5.1275	0.68884	1.1105	369.48	0.14070	2.6037e-05	0.035716	supercritical
331.00	151.00	179.73	0.0055638	189.96	273.97	5.1308	0.68886	1.1091	370.04	0.13990	2.6074e-05	0.035761	supercritical
332.00	151.00	179.04	0.0055852	190.74	275.08	5.1342	0.68888	1.1077	370.60	0.13910	2.6113e-05	0.035807	supercritical
333.00	151.00	178.36	0.0056067	191.53	276.19	5.1375	0.68891	1.1063	371.15	0.13831	2.6151e-05	0.035852	supercritical
334.00	151.00	177.68	0.0056281	192.31	277.29	5.1408	0.68894	1.1049	371.71	0.13751	2.6189e-05	0.035899	supercritical
335.00	151.00	177.01	0.0056495	193.09	278.40	5.1441	0.68898	1.1036	372.26	0.13673	2.6227e-05	0.035945	supercritical
336.00	151.00	176.34	0.0056708	193.87	279.50	5.1474	0.68901	1.1023	372.82	0.13594	2.6266e-05	0.035991	supercritical
337.00	151.00	175.68	0.0056922	194.65	280.60	5.1507	0.68906	1.1010	373.37	0.13516	2.6304e-05	0.036038	supercritical
338.00	151.00	175.03	0.0057134	195.43	281.70	5.1540	0.68910	1.0997	373.92	0.13438	2.6343e-05	0.036085	supercritical
339.00	151.00	174.38	0.0057347	196.21	282.80	5.1572	0.68915	1.0985	374.47	0.13361	2.6382e-05	0.036133	supercritical
340.00	151.00	173.73	0.0057559	196.98	283.90	5.1604	0.68920	1.0973	375.02	0.13284	2.6421e-05	0.036180	supercritical
341.00	151.00	173.10	0.0057771	197.76	285.00	5.1637	0.68925	1.0961	375.56	0.13207	2.6460e-05	0.036228	supercritical
342.00	151.00	172.46	0.0057983	198.54	286.09	5.1669	0.68931	1.0949	376.11	0.13131	2.6499e-05	0.036276	supercritical
343.00	151.00	171.84	0.0058195	199.31	287.19	5.1701	0.68937	1.0937	376.65	0.13055	2.6538e-05	0.036324	supercritical
344.00	151.00	171.22	0.0058406	200.09	288.28	5.1732	0.68944	1.0926	377.19	0.12980	2.6577e-05	0.036373	supercritical
345.00	151.00	170.60	0.0058617	200.86	289.37	5.1764	0.68951	1.0914	377.74	0.12905	2.6617e-05	0.036421	supercritical
346.00	151.00	169.99	0.0058827	201.63	290.46	5.1796	0.68958	1.0903	378.28	0.12830	2.6656e-05	0.036470	supercritical
347.00	151.00	169.38	0.0059037	202.41	291.55	5.1827	0.68965	1.0892	378.81	0.12755	2.6695e-05	0.036519	supercritical
348.00	151.00	168.78	0.0059248	203.18	292.64	5.1858	0.68973	1.0882	379.35	0.12681	2.6735e-05	0.036568	supercritical
349.00	151.00	168.19	0.0059457	203.95	293.73	5.1890	0.68981	1.0871	379.89	0.12608	2.6775e-05	0.036618	supercritical
350.00	151.00	167.60	0.0059667	204.72	294.81	5.1921	0.68989	1.0861	380.42	0.12534	2.6814e-05	0.036667	supercritical
351.00	151.00	167.01	0.0059876	205.49	295.90	5.1952	0.68998	1.0850	380.95	0.12461	2.6854e-05	0.036717	supercritical
352.00	151.00	166.43	0.0060085	206.26	296.98	5.1983	0.69006	1.0840	381.49	0.12389	2.6894e-05	0.036767	supercritical
353.00	151.00	165.85	0.0060294	207.02	298.07	5.2013	0.69016	1.0831	382.02	0.12316	2.6934e-05	0.036817	supercritical
354.00	151.00	165.28	0.0060502	207.79	299.15	5.2044	0.69025	1.0821	382.55	0.12245	2.6974e-05	0.036868	supercritical
355.00	151.00	164.72	0.0060710	208.56	300.23	5.2074	0.69035	1.0811	383.07	0.12173	2.7013e-05	0.036918	supercritical
356.00	151.00	164.15	0.0060918	209.33	301.31	5.2105	0.69045	1.0802	383.60	0.12102	2.7054e-05	0.036969	supercritical
357.00	151.00	163.60	0.0061126	210.09	302.39	5.2135	0.69055	1.0793	384.13	0.12031	2.7094e-05	0.037020	supercritical
358.00	151.00	163.04	0.0061334	210.86	303.47	5.2165	0.69066	1.0784	384.65	0.11960	2.7134e-05	0.037071	supercritical
359.00	151.00	162.49	0.0061541	211.62	304.55	5.2195	0.69076	1.0775	385.17	0.11890	2.7174e-05	0.037122	supercritical
360.00	151.00	161.95	0.0061748	212.39	305.63	5.2225	0.69087	1.0766	385.70	0.11820	2.7214e-05	0.037173	supercritical
361.00	151.00	161.41	0.0061955	213.15	306.70	5.2255	0.69099	1.0757	386.22	0.11751	2.7254e-05	0.037225	supercritical
362.00	151.00	160.87	0.0062161	213.91	307.78	5.2285	0.69110	1.0749	386.74	0.11682	2.7295e-05	0.037277	supercritical
363.00	151.00	160.34	0.0062367	214.68	308.85	5.2315	0.69122	1.0741	387.25	0.11613	2.7335e-05	0.037328	supercritical
364.00	151.00	159.81	0.0062573	215.44	309.93	5.2344	0.69134	1.0733	387.77	0.11545	2.7376e-05	0.037380	supercritical
365.00	151.00	159.29	0.0062779	216.20	311.00	5.2374	0.69146	1.0724	388.29	0.11477	2.7416e-05	0.037432	supercritical
366.00	151.00	158.77	0.0062985	216.96	312.07	5.2403	0.69159	1.0717	388.80	0.11409	2.7457e-05	0.037485	supercritical
367.00	151.00	158.25	0.0063190	217.73	313.14	5.2432	0.69172	1.0709	389.31	0.11341	2.7497e-05	0.037537	supercritical
368.00	151.00	157.74	0.0063395	218.49	314.21	5.2461	0.69185	1.0701	389.83	0.11274	2.7538e-05	0.037590	supercritical
369.00	151.00	157.23	0.0063600	219.25	315.28	5.2490	0.69198	1.0694	390.34	0.11207	2.7578e-05	0.037642	supercritical
370.00	151.00	156.73	0.0063805	220.01	316.35	5.2519	0.69212	1.0686	390.85	0.11141	2.7619e-05	0.037695	supercritical
371.00	151.00	156.23	0.0064010	220.77	317.42	5.2548	0.69225	1.0679	391.36	0.11075	2.7660e-05	0.037748	supercritical
372.00	151.00	155.73	0.0064214	221.52	318.49	5.2577	0.69239	1.0672	391.86	0.11009	2.7700e-05	0.037801	supercritical
373.00	151.00	155.24	0.0064418	222.28	319.55	5.2605	0.69253	1.0665	392.37	0.10944	2.7741e-05	0.037854	supercritical
374.00	151.00	154.75	0.0064622	223.04	320.62	5.2634	0.69268	1.0658	392.88	0.10878	2.7782e-05	0.037907	supercritical
375.00	151.00	154.26	0.0064826	223.80	321.69	5.2662	0.69282	1.0651	393.38	0.10814	2.7823e-05	0.037961	supercritical
376.00	151.00	153.78	0.0065029	224.56	322.75	5.2691	0.69297	1.0644	393.88	0.10749	2.7863e-05	0.038014	supercritical
377.00	151.00	153.30	0.0065232	225.31	323.81	5.2719	0.69312	1.0638	394.38	0.10685	2.7904e-05	0.038068	supercritical
378.00	151.00	152.82	0.0065435	226.07	324.88	5.2747	0.69328	1.0631	394.89	0.10621	2.7945e-05	0.038121	supercritical
379.00	151.00	152.35	0.0065638	226.83	325.94	5.2775	0.69343	1.0625	395.38	0.10558	2.7986e-05	0.038175	supercritical
380.00	151.00	151.88	0.0065841	227.58	327.00	5.2803	0.69359	1.0619	395.88	0.10494	2.8027e-05	0.038229	supercritical
381.00	151.00	151.42	0.0066043	228.34	328.06	5.2831	0.69375	1.0613	396.38	0.10431	2.8068e-05	0.038283	supercritical
382.00	151.00	150.95	0.0066246	229.09	329.13	5.2859	0.69391	1.0607	396.88	0.10369	2.8109e-05	0.038337	supercritical
383.00	151.00	150.49	0.0066448	229.85	330.19	5.2887	0.69407	1.0601	397.37	0.10306	2.8150e-05	0.038391	supercritical
384.00	151.00	150.04	0.0066650	230.60	331.25	5.2914	0.69423	1.0595	397.87	0.10244	2.8191e-05	0.038446	supercritical
385.00	151.00	149.59	0.0066852	231.36	332.31	5.2942	0.69440	1.0589	398.36	0.10183	2.8232e-05	0.038500	supercritical
386.00	151.00	149.14	0.0067053	232.11	333.36	5.2969	0.69457	1.0584	398.85	0.10121	2.8273e-05	0.038555	supercritical
387.00	151.00	148.69	0.0067254	232.87	334.42	5.2997	0.69474	1.0578	399.34	0.10060	2.8314e-05	0.038609	supercritical
388.00	151.00	148.25	0.0067456	233.62	335.48	5.3024	0.69491	1.0573	399.83	0.099995	2.8355e-05	0.038664	supercritical
389.00	151.00	147.81	0.0067657	234.37	336.54	5.3051	0.69509	1.0567	400.32	0.099390	2.8396e-05	0.038719	supercritical
390.00	151.00	147.37	0.0067858	235.13	337.59	5.3078	0.69526	1.0562	400.81	0.098789	2.8437e-05	0.038774	supercritical
391.00	151.00	146.93	0.0068058	235.88	338.65	5.3105	0.69544	1.0557	401.30	0.098190	2.8478e-05	0.038829	supercritical
392.00	151.00	146.50	0.0068259	236.63	339.70	5.3132	0.69562	1.0552	401.78	0.097594	2.8519e-05	0.038884	supercritical
393.00	151.00	146.07	0.0068459	237.39	340.76	5.3159	0.69580	1.0547	402.27	0.097001	2.8560e-05	0.038939	supercritical
394.00	151.00	145.65	0.0068659	238.14	341.81	5.3186	0.69598	1.0542	402.75	0.096411	2.8602e-05	0.038994	supercritical
395.00	151.00	145.22	0.0068859	238.89	342.87	5.3213	0.69617	1.0537	403.23	0.095824	2.8643e-05	0.039049	supercritical
396.00	151.00	144.80	0.0069059	239.64	343.92	5.3239	0.69635	1.0533	403.71	0.095239	2.8684e-05	0.039105	supercritical
397.00	151.00	144.39	0.0069259	240.39	344.97	5.3266	0.69654	1.0528	404.20	0.094658	2.8725e-05	0.039160	supercritical
398.00	151.00	143.97	0.0069458	241.15	346.03	5.3292	0.69673	1.0523	404.67	0.094080	2.8766e-05	0.039216	supercritical
399.00	151.00	143.56	0.0069657	241.90	347.08	5.3319	0.69692	1.0519	405.15	0.093504	2.8807e-05	0.039271	supercritical
400.00	151.00	143.15	0.0069856	242.65	348.13	5.3345	0.69712	1.0515	405.63	0.092931	2.8849e-05	0.039327	supercritical
401.00	151.00	142.74	0.0070055	243.40	349.18	5.3371	0.69731	1.0510	406.11	0.092361	2.8890e-05	0.039383	supercritical
402.00	151.00	142.34	0.0070254	244.15	350.23	5.3398	0.69751	1.0506	406.58	0.091794	2.8931e-05	0.039439	supercritical
403.00	151.00	141.94	0.0070453	244.90	351.28	5.3424	0.69770	1.0502	407.06	0.091229	2.8972e-05	0.039494	supercritical
404.00	151.00	141.54	0.0070651	245.65	352.33	5.3450	0.69790	1.0498	407.53	0.090668	2.9013e-05	0.039550	supercritical
405.00	151.00	141.14	0.0070850	246.40	353.38	5.3476	0.69810	1.0494	408.00	0.090109	2.9054e-05	0.039606	supercritical
406.00	151.00	140.75	0.0071048	247.15	354.43	5.3501	0.69831	1.0490	408.48	0.089552	2.9096e-05	0.039663	supercritical
407.00	151.00	140.36	0.0071246	247.90	355.48	5.3527	0.69851	1.0486	408.95	0.088999	2.9137e-05	0.039719	supercritical
408.00	151.00	139.97	0.0071444	248.65	356.53	5.3553	0.69872	1.0483	409.42	0.088448	2.9178e-05	0.039775	supercritical
409.00	151.00	139.58	0.0071642	249.40	357.58	5.3579	0.69892	1.0479	409.89	0.087900	2.9219e-05	0.039831	supercritical
410.00	151.00	139.20	0.0071839	250.15	358.62	5.3604	0.69913	1.0475	410.35	0.087355	2.9260e-05	0.039888	supercritical
411.00	151.00	138.82	0.0072037	250.90	359.67	5.3630	0.69934	1.0472	410.82	0.086812	2.9302e-05	0.039944	supercritical
412.00	151.00	138.44	0.0072234	251.65	360.72	5.3655	0.69955	1.0468	411.29	0.086272	2.9343e-05	0.040000	supercritical
413.00	151.00	138.06	0.0072431	252.39	361.77	5.3681	0.69976	1.0465	411.75	0.085734	2.9384e-05	0.040057	supercritical
414.00	151.00	137.69	0.0072628	253.14	362.81	5.3706	0.69998	1.0461	412.22	0.085199	2.9425e-05	0.040114	supercritical
415.00	151.00	137.32	0.0072825	253.89	363.86	5.3731	0.70019	1.0458	412.68	0.084667	2.9466e-05	0.040170	supercritical
416.00	151.00	136.95	0.0073022	254.64	364.90	5.3756	0.70041	1.0455	413.14	0.084137	2.9508e-05	0.040227	supercritical
417.00	151.00	136.58	0.0073219	255.39	365.95	5.3781	0.70062	1.0452	413.61	0.083610	2.9549e-05	0.040284	supercritical
418.00	151.00	136.21	0.0073415	256.14	366.99	5.3806	0.70084	1.0449	414.07	0.083086	2.9590e-05	0.040340	supercritical
419.00	151.00	135.85	0.0073611	256.89	368.04	5.3831	0.70106	1.0446	414.53	0.082564	2.9631e-05	0.040397	supercritical
420.00	151.00	135.49	0.0073808	257.63	369.08	5.3856	0.70128	1.0443	414.99	0.082044	2.9672e-05	0.040454	supercritical
421.00	151.00	135.13	0.0074004	258.38	370.13	5.3881	0.70151	1.0440	415.44	0.081527	2.9714e-05	0.040511	supercritical
422.00	151.00	134.77	0.0074200	259.13	371.17	5.3906	0.70173	1.0437	415.90	0.081013	2.9755e-05	0.040568	supercritical
423.00	151.00	134.42	0.0074395	259.88	372.21	5.3931	0.70196	1.0434	416.36	0.080501	2.9796e-05	0.040625	supercritical
424.00	151.00	134.06	0.0074591	260.63	373.26	5.3955	0.70218	1.0432	416.81	0.079991	2.9837e-05	0.040682	supercritical
425.00	151.00	133.71	0.0074787	261.37	374.30	5.3980	0.70241	1.0429	417.27	0.079484	2.9878e-05	0.040739	supercritical
426.00	151.00	133.37	0.0074982	262.12	375.34	5.4004	0.70264	1.0426	417.72	0.078979	2.9919e-05	0.040796	supercritical
427.00	151.00	133.02	0.0075177	262.87	376.39	5.4029	0.70287	1.0424	418.17	0.078477	2.9960e-05	0.040854	supercritical
428.00	151.00	132.67	0.0075372	263.62	377.43	5.4053	0.70310	1.0421	418.63	0.077978	3.0002e-05	0.040911	supercritical
429.00	151.00	132.33	0.0075567	264.36	378.47	5.4077	0.70333	1.0419	419.08	0.077480	3.0043e-05	0.040968	supercritical
430.00	151.00	131.99	0.0075762	265.11	379.51	5.4102	0.70356	1.0416	419.53	0.076985	3.0084e-05	0.041026	supercritical
431.00	151.00	131.65	0.0075957	265.86	380.55	5.4126	0.70380	1.0414	419.98	0.076493	3.0125e-05	0.041083	supercritical
432.00	151.00	131.32	0.0076152	266.61	381.60	5.4150	0.70403	1.0412	420.43	0.076002	3.0166e-05	0.041140	supercritical
433.00	151.00	130.98	0.0076346	267.35	382.64	5.4174	0.70427	1.0410	420.88	0.075515	3.0207e-05	0.041198	supercritical
434.00	151.00	130.65	0.0076541	268.10	383.68	5.4198	0.70450	1.0407	421.32	0.075029	3.0248e-05	0.041255	supercritical
435.00	151.00	130.32	0.0076735	268.85	384.72	5.4222	0.70474	1.0405	421.77	0.074546	3.0289e-05	0.041313	supercritical
436.00	151.00	129.99	0.0076929	269.59	385.76	5.4246	0.70498	1.0403	422.21	0.074065	3.0330e-05	0.041371	supercritical
437.00	151.00	129.66	0.0077123	270.34	386.80	5.4270	0.70522	1.0401	422.66	0.073586	3.0371e-05	0.041428	supercritical
438.00	151.00	129.34	0.0077317	271.09	387.84	5.4294	0.70546	1.0399	423.10	0.073110	3.0412e-05	0.041486	supercritical
439.00	151.00	129.01	0.0077511	271.84	388.88	5.4317	0.70570	1.0397	423.55	0.072636	3.0453e-05	0.041543	supercritical
440.00	151.00	128.69	0.0077705	272.58	389.92	5.4341	0.70595	1.0396	423.99	0.072164	3.0494e-05	0.041601	supercritical
441.00	151.00	128.37	0.0077898	273.33	390.96	5.4364	0.70619	1.0394	424.43	0.071695	3.0535e-05	0.041659	supercritical
442.00	151.00	128.05	0.0078092	274.08	392.00	5.4388	0.70643	1.0392	424.87	0.071227	3.0576e-05	0.041717	supercritical
443.00	151.00	127.74	0.0078285	274.83	393.04	5.4411	0.70668	1.0390	425.31	0.070762	3.0617e-05	0.041775	supercritical
444.00	151.00	127.42	0.0078478	275.57	394.07	5.4435	0.70693	1.0388	425.75	0.070299	3.0658e-05	0.041832	supercritical
445.00	151.00	127.11	0.0078672	276.32	395.11	5.4458	0.70717	1.0387	426.19	0.069839	3.0699e-05	0.041890	supercritical
446.00	151.00	126.80	0.0078865	277.07	396.15	5.4482	0.70742	1.0385	426.63	0.069380	3.0740e-05	0.041948	supercritical
447.00	151.00	126.49	0.0079058	277.81	397.19	5.4505	0.70767	1.0384	427.06	0.068924	3.0781e-05	0.042006	supercritical
448.00	151.00	126.18	0.0079250	278.56	398.23	5.4528	0.70792	1.0382	427.50	0.068470	3.0822e-05	0.042064	supercritical
449.00	151.00	125.88	0.0079443	279.31	399.27	5.4551	0.70817	1.0381	427.94	0.068018	3.0863e-05	0.042122	supercritical
450.00	151.00	125.57	0.0079636	280.05	400.30	5.4574	0.70842	1.0379	428.37	0.067568	3.0904e-05	0.042180	supercritical
451.00	151.00	125.27	0.0079828	280.80	401.34	5.4597	0.70867	1.0378	428.81	0.067120	3.0945e-05	0.042238	supercritical
452.00	151.00	124.97	0.0080021	281.55	402.38	5.4620	0.70893	1.0377	429.24	0.066675	3.0985e-05	0.042296	supercritical
453.00	151.00	124.67	0.0080213	282.30	403.42	5.4643	0.70918	1.0375	429.67	0.066231	3.1026e-05	0.042354	supercritical
454.00	151.00	124.37	0.0080405	283.04	404.46	5.4666	0.70944	1.0374	430.10	0.065790	3.1067e-05	0.042412	supercritical
455.00	151.00	124.07	0.0080597	283.79	405.49	5.4689	0.70969	1.0373	430.53	0.065350	3.1108e-05	0.042471	supercritical
456.00	151.00	123.78	0.0080789	284.54	406.53	5.4712	0.70995	1.0372	430.97	0.064913	3.1149e-05	0.042529	supercritical
457.00	151.00	123.49	0.0080981	285.29	407.57	5.4734	0.71020	1.0370	431.39	0.064478	3.1189e-05	0.042587	supercritical
458.00	151.00	123.19	0.0081173	286.03	408.60	5.4757	0.71046	1.0369	431.82	0.064044	3.1230e-05	0.042645	supercritical
459.00	151.00	122.90	0.0081365	286.78	409.64	5.4780	0.71072	1.0368	432.25	0.063613	3.1271e-05	0.042703	supercritical
460.00	151.00	122.61	0.0081556	287.53	410.68	5.4802	0.71098	1.0367	432.68	0.063184	3.1312e-05	0.042762	supercritical
461.00	151.00	122.33	0.0081748	288.28	411.71	5.4825	0.71124	1.0366	433.11	0.062757	3.1352e-05	0.042820	supercritical
462.00	151.00	122.04	0.0081939	289.02	412.75	5.4847	0.71150	1.0365	433.53	0.062332	3.1393e-05	0.042878	supercritical
463.00	151.00	121.76	0.0082130	289.77	413.79	5.4870	0.71176	1.0364	433.96	0.061909	3.1434e-05	0.042937	supercritical
464.00	151.00	121.47	0.0082321	290.52	414.82	5.4892	0.71202	1.0363	434.38	0.061487	3.1474e-05	0.042995	supercritical
465.00	151.00	121.19	0.0082513	291.27	415.86	5.4914	0.71228	1.0363	434.81	0.061068	3.1515e-05	0.043053	supercritical
466.00	151.00	120.91	0.0082704	292.01	416.90	5.4937	0.71254	1.0362	435.23	0.060651	3.1556e-05	0.043112	supercritical
467.00	151.00	120.64	0.0082894	292.76	417.93	5.4959	0.71281	1.0361	435.65	0.060235	3.1596e-05	0.043170	supercritical
468.00	151.00	120.36	0.0083085	293.51	418.97	5.4981	0.71307	1.0360	436.08	0.059822	3.1637e-05	0.043229	supercritical
469.00	151.00	120.08	0.0083276	294.26	420.00	5.5003	0.71333	1.0359	436.50	0.059410	3.1677e-05	0.043287	supercritical
470.00	151.00	119.81	0.0083467	295.01	421.04	5.5025	0.71360	1.0359	436.92	0.059001	3.1718e-05	0.043345	supercritical
471.00	151.00	119.54	0.0083657	295.75	422.08	5.5047	0.71386	1.0358	437.34	0.058593	3.1759e-05	0.043404	supercritical
472.00	151.00	119.26	0.0083848	296.50	423.11	5.5069	0.71413	1.0357	437.76	0.058187	3.1799e-05	0.043462	supercritical
473.00	151.00	118.99	0.0084038	297.25	424.15	5.5091	0.71440	1.0357	438.18	0.057783	3.1840e-05	0.043521	supercritical
474.00	151.00	118.72	0.0084228	298.00	425.18	5.5113	0.71466	1.0356	438.59	0.057381	3.1880e-05	0.043579	supercritical
475.00	151.00	118.46	0.0084419	298.75	426.22	5.5135	0.71493	1.0356	439.01	0.056981	3.1921e-05	0.043638	supercritical
476.00	151.00	118.19	0.0084609	299.50	427.25	5.5157	0.71520	1.0355	439.43	0.056583	3.1961e-05	0.043697	supercritical
477.00	151.00	117.93	0.0084799	300.24	428.29	5.5178	0.71547	1.0355	439.84	0.056186	3.2001e-05	0.043755	supercritical
478.00	151.00	117.66	0.0084989	300.99	429.33	5.5200	0.71574	1.0354	440.26	0.055791	3.2042e-05	0.043814	supercritical
479.00	151.00	117.40	0.0085178	301.74	430.36	5.5222	0.71601	1.0354	440.67	0.055399	3.2082e-05	0.043872	supercritical
480.00	151.00	117.14	0.0085368	302.49	431.40	5.5243	0.71628	1.0354	441.09	0.055007	3.2123e-05	0.043931	supercritical
481.00	151.00	116.88	0.0085558	303.24	432.43	5.5265	0.71655	1.0353	441.50	0.054618	3.2163e-05	0.043990	supercritical
482.00	151.00	116.62	0.0085747	303.99	433.47	5.5286	0.71682	1.0353	441.92	0.054231	3.2203e-05	0.044048	supercritical
483.00	151.00	116.36	0.0085937	304.74	434.50	5.5308	0.71709	1.0353	442.33	0.053845	3.2244e-05	0.044107	supercritical
484.00	151.00	116.11	0.0086126	305.49	435.54	5.5329	0.71736	1.0352	442.74	0.053461	3.2284e-05	0.044165	supercritical
485.00	151.00	115.85	0.0086316	306.24	436.57	5.5350	0.71763	1.0352	443.15	0.053079	3.2324e-05	0.044224	supercritical
486.00	151.00	115.60	0.0086505	306.99	437.61	5.5372	0.71791	1.0352	443.56	0.052698	3.2365e-05	0.044283	supercritical
487.00	151.00	115.35	0.0086694	307.73	438.64	5.5393	0.71818	1.0352	443.97	0.052319	3.2405e-05	0.044342	supercritical
488.00	151.00	115.10	0.0086883	308.48	439.68	5.5414	0.71845	1.0351	444.38	0.051942	3.2445e-05	0.044400	supercritical
489.00	151.00	114.85	0.0087072	309.23	440.71	5.5435	0.71873	1.0351	444.79	0.051567	3.2485e-05	0.044459	supercritical
490.00	151.00	114.60	0.0087261	309.98	441.75	5.5457	0.71900	1.0351	445.20	0.051193	3.2525e-05	0.044518	supercritical
491.00	151.00	114.35	0.0087450	310.73	442.78	5.5478	0.71927	1.0351	445.61	0.050821	3.2566e-05	0.044576	supercritical
492.00	151.00	114.10	0.0087639	311.48	443.82	5.5499	0.71955	1.0351	446.01	0.050451	3.2606e-05	0.044635	supercritical
493.00	151.00	113.86	0.0087828	312.23	444.85	5.5520	0.71982	1.0351	446.42	0.050082	3.2646e-05	0.044694	supercritical
494.00	151.00	113.62	0.0088016	312.98	445.89	5.5541	0.72010	1.0351	446.82	0.049715	3.2686e-05	0.044753	supercritical
495.00	151.00	113.37	0.0088205	313.73	446.92	5.5562	0.72038	1.0351	447.23	0.049350	3.2726e-05	0.044811	supercritical
496.00	151.00	113.13	0.0088393	314.49	447.96	5.5583	0.72065	1.0351	447.63	0.048987	3.2766e-05	0.044870	supercritical
497.00	151.00	112.89	0.0088582	315.24	448.99	5.5603	0.72093	1.0351	448.04	0.048625	3.2806e-05	0.044929	supercritical
498.00	151.00	112.65	0.0088770	315.99	450.03	5.5624	0.72120	1.0351	448.44	0.048264	3.2846e-05	0.044988	supercritical
499.00	151.00	112.41	0.0088958	316.74	451.06	5.5645	0.72148	1.0351	448.84	0.047906	3.2886e-05	0.045047	supercritical
500.00	151.00	112.18	0.0089146	317.49	452.10	5.5666	0.72176	1.0351	449.25	0.047548	3.2926e-05	0.045105	supercritical
501.00	151.00	111.94	0.0089334	318.24	453.13	5.5686	0.72204	1.0352	449.65	0.047193	3.2966e-05	0.045164	supercritical
502.00	151.00	111.70	0.0089522	318.99	454.17	5.5707	0.72231	1.0352	450.05	0.046839	3.3006e-05	0.045223	supercritical
503.00	151.00	111.47	0.0089710	319.74	455.21	5.5728	0.72259	1.0352	450.45	0.046487	3.3046e-05	0.045282	supercritical
504.00	151.00	111.24	0.0089898	320.49	456.24	5.5748	0.72287	1.0352	450.85	0.046136	3.3086e-05	0.045341	supercritical
505.00	151.00	111.00	0.0090086	321.25	457.28	5.5769	0.72315	1.0352	451.25	0.045787	3.3126e-05	0.045400	supercritical
506.00	151.00	110.77	0.0090274	322.00	458.31	5.5789	0.72343	1.0353	451.65	0.045439	3.3166e-05	0.045458	supercritical
507.00	151.00	110.54	0.0090462	322.75	459.35	5.5810	0.72371	1.0353	452.05	0.045093	3.3206e-05	0.045517	supercritical
508.00	151.00	110.32	0.0090649	323.50	460.38	5.5830	0.72399	1.0353	452.44	0.044748	3.3245e-05	0.045576	supercritical
509.00	151.00	110.09	0.0090837	324.25	461.42	5.5850	0.72427	1.0353	452.84	0.044405	3.3285e-05	0.045635	supercritical
510.00	151.00	109.86	0.0091024	325.01	462.45	5.5871	0.72454	1.0354	453.24	0.044064	3.3325e-05	0.045694	supercritical
511.00	151.00	109.64	0.0091211	325.76	463.49	5.5891	0.72482	1.0354	453.63	0.043724	3.3365e-05	0.045753	supercritical
512.00	151.00	109.41	0.0091399	326.51	464.52	5.5911	0.72510	1.0355	454.03	0.043386	3.3404e-05	0.045812	supercritical
513.00	151.00	109.19	0.0091586	327.26	465.56	5.5931	0.72539	1.0355	454.43	0.043049	3.3444e-05	0.045870	supercritical
514.00	151.00	108.96	0.0091773	328.02	466.59	5.5952	0.72567	1.0355	454.82	0.042713	3.3484e-05	0.045929	supercritical
515.00	151.00	108.74	0.0091960	328.77	467.63	5.5972	0.72595	1.0356	455.21	0.042379	3.3524e-05	0.045988	supercritical
516.00	151.00	108.52	0.0092147	329.52	468.67	5.5992	0.72623	1.0356	455.61	0.042047	3.3563e-05	0.046047	supercritical
517.00	151.00	108.30	0.0092334	330.28	469.70	5.6012	0.72651	1.0357	456.00	0.041716	3.3603e-05	0.046106	supercritical
518.00	151.00	108.08	0.0092521	331.03	470.74	5.6032	0.72679	1.0357	456.39	0.041386	3.3643e-05	0.046165	supercritical
519.00	151.00	107.87	0.0092708	331.78	471.77	5.6052	0.72707	1.0358	456.78	0.041058	3.3682e-05	0.046224	supercritical
520.00	151.00	107.65	0.0092895	332.54	472.81	5.6072	0.72735	1.0358	457.18	0.040731	3.3722e-05	0.046283	supercritical
521.00	151.00	107.43	0.0093082	333.29	473.84	5.6092	0.72763	1.0359	457.57	0.040406	3.3761e-05	0.046341	supercritical
522.00	151.00	107.22	0.0093268	334.04	474.88	5.6112	0.72791	1.0359	457.96	0.040082	3.3801e-05	0.046400	supercritical
523.00	151.00	107.00	0.0093455	334.80	475.92	5.6131	0.72820	1.0360	458.35	0.039760	3.3840e-05	0.046459	supercritical
524.00	151.00	106.79	0.0093641	335.55	476.95	5.6151	0.72848	1.0360	458.74	0.039439	3.3880e-05	0.046518	supercritical
525.00	151.00	106.58	0.0093828	336.31	477.99	5.6171	0.72876	1.0361	459.13	0.039119	3.3919e-05	0.046577	supercritical
526.00	151.00	106.37	0.0094014	337.06	479.02	5.6191	0.72904	1.0362	459.51	0.038801	3.3959e-05	0.046636	supercritical
527.00	151.00	106.16	0.0094201	337.82	480.06	5.6210	0.72932	1.0362	459.90	0.038484	3.3998e-05	0.046695	supercritical
528.00	151.00	105.95	0.0094387	338.57	481.10	5.6230	0.72960	1.0363	460.29	0.038168	3.4037e-05	0.046754	supercritical
529.00	151.00	105.74	0.0094573	339.33	482.13	5.6250	0.72989	1.0364	460.68	0.037854	3.4077e-05	0.046813	supercritical
530.00	151.00	105.53	0.0094759	340.08	483.17	5.6269	0.73017	1.0364	461.06	0.037542	3.4116e-05	0.046871	supercritical
531.00	151.00	105.32	0.0094945	340.84	484.21	5.6289	0.73045	1.0365	461.45	0.037230	3.4156e-05	0.046930	supercritical
532.00	151.00	105.12	0.0095132	341.59	485.24	5.6308	0.73073	1.0366	461.83	0.036920	3.4195e-05	0.046989	supercritical
533.00	151.00	104.91	0.0095318	342.35	486.28	5.6328	0.73102	1.0366	462.22	0.036612	3.4234e-05	0.047048	supercritical
534.00	151.00	104.71	0.0095503	343.11	487.32	5.6347	0.73130	1.0367	462.60	0.036304	3.4273e-05	0.047107	supercritical
535.00	151.00	104.50	0.0095689	343.86	488.35	5.6367	0.73158	1.0368	462.99	0.035998	3.4313e-05	0.047166	supercritical
536.00	151.00	104.30	0.0095875	344.62	489.39	5.6386	0.73186	1.0369	463.37	0.035694	3.4352e-05	0.047225	supercritical
537.00	151.00	104.10	0.0096061	345.37	490.43	5.6405	0.73215	1.0369	463.75	0.035390	3.4391e-05	0.047284	supercritical
538.00	151.00	103.90	0.0096247	346.13	491.46	5.6425	0.73243	1.0370	464.14	0.035088	3.4430e-05	0.047343	supercritical
539.00	151.00	103.70	0.0096432	346.89	492.50	5.6444	0.73271	1.0371	464.52	0.034787	3.4469e-05	0.047402	supercritical
540.00	151.00	103.50	0.0096618	347.64	493.54	5.6463	0.73299	1.0372	464.90	0.034488	3.4509e-05	0.047460	supercritical
541.00	151.00	103.30	0.0096803	348.40	494.57	5.6482	0.73328	1.0373	465.28	0.034190	3.4548e-05	0.047519	supercritical
542.00	151.00	103.10	0.0096989	349.16	495.61	5.6501	0.73356	1.0374	465.66	0.033893	3.4587e-05	0.047578	supercritical
543.00	151.00	102.91	0.0097174	349.92	496.65	5.6520	0.73384	1.0374	466.04	0.033597	3.4626e-05	0.047637	supercritical
544.00	151.00	102.71	0.0097359	350.67	497.69	5.6540	0.73412	1.0375	466.42	0.033303	3.4665e-05	0.047696	supercritical
545.00	151.00	102.52	0.0097545	351.43	498.72	5.6559	0.73441	1.0376	466.80	0.033010	3.4704e-05	0.047755	supercritical
546.00	151.00	102.32	0.0097730	352.19	499.76	5.6578	0.73469	1.0377	467.18	0.032718	3.4743e-05	0.047814	supercritical
547.00	151.00	102.13	0.0097915	352.95	500.80	5.6597	0.73497	1.0378	467.56	0.032427	3.4782e-05	0.047873	supercritical
548.00	151.00	101.94	0.0098100	353.71	501.84	5.6616	0.73525	1.0379	467.94	0.032138	3.4821e-05	0.047931	supercritical
549.00	151.00	101.74	0.0098285	354.46	502.88	5.6635	0.73554	1.0380	468.31	0.031850	3.4860e-05	0.047990	supercritical
550.00	151.00	101.55	0.0098470	355.22	503.91	5.6653	0.73582	1.0381	468.69	0.031563	3.4899e-05	0.048049	supercritical
551.00	151.00	101.36	0.0098655	355.98	504.95	5.6672	0.73610	1.0382	469.07	0.031277	3.4938e-05	0.048108	supercritical
552.00	151.00	101.17	0.0098840	356.74	505.99	5.6691	0.73638	1.0383	469.44	0.030993	3.4977e-05	0.048167	supercritical
553.00	151.00	100.98	0.0099025	357.50	507.03	5.6710	0.73667	1.0384	469.82	0.030709	3.5015e-05	0.048226	supercritical
554.00	151.00	100.80	0.0099210	358.26	508.07	5.6729	0.73695	1.0385	470.19	0.030427	3.5054e-05	0.048285	supercritical
555.00	151.00	100.61	0.0099395	359.02	509.10	5.6747	0.73723	1.0386	470.57	0.030146	3.5093e-05	0.048343	supercritical
556.00	151.00	100.42	0.0099579	359.78	510.14	5.6766	0.73751	1.0387	470.94	0.029867	3.5132e-05	0.048402	supercritical
557.00	151.00	100.24	0.0099764	360.54	511.18	5.6785	0.73779	1.0388	471.32	0.029588	3.5171e-05	0.048461	supercritical
558.00	151.00	100.05	0.0099949	361.30	512.22	5.6803	0.73808	1.0389	471.69	0.029311	3.5209e-05	0.048520	supercritical
559.00	151.00	99.867	0.010013	362.06	513.26	5.6822	0.73836	1.0390	472.06	0.029034	3.5248e-05	0.048579	supercritical
560.00	151.00	99.683	0.010032	362.82	514.30	5.6841	0.73864	1.0391	472.44	0.028759	3.5287e-05	0.048638	supercritical
561.00	151.00	99.500	0.010050	363.58	515.34	5.6859	0.73892	1.0392	472.81	0.028485	3.5325e-05	0.048696	supercritical
562.00	151.00	99.318	0.010069	364.34	516.38	5.6878	0.73920	1.0393	473.18	0.028213	3.5364e-05	0.048755	supercritical
563.00	151.00	99.137	0.010087	365.10	517.42	5.6896	0.73948	1.0394	473.55	0.027941	3.5403e-05	0.048814	supercritical
564.00	151.00	98.956	0.010106	365.86	518.46	5.6915	0.73976	1.0395	473.92	0.027671	3.5441e-05	0.048873	supercritical
565.00	151.00	98.776	0.010124	366.62	519.50	5.6933	0.74005	1.0396	474.29	0.027401	3.5480e-05	0.048932	supercritical
566.00	151.00	98.596	0.010142	367.39	520.54	5.6951	0.74033	1.0397	474.66	0.027133	3.5519e-05	0.048990	supercritical
567.00	151.00	98.418	0.010161	368.15	521.58	5.6970	0.74061	1.0399	475.03	0.026866	3.5557e-05	0.049049	supercritical
568.00	151.00	98.240	0.010179	368.91	522.62	5.6988	0.74089	1.0400	475.40	0.026600	3.5596e-05	0.049108	supercritical
569.00	151.00	98.062	0.010198	369.67	523.66	5.7006	0.74117	1.0401	475.77	0.026335	3.5634e-05	0.049167	supercritical
570.00	151.00	97.886	0.010216	370.43	524.70	5.7025	0.74145	1.0402	476.14	0.026071	3.5673e-05	0.049226	supercritical
571.00	151.00	97.710	0.010234	371.20	525.74	5.7043	0.74173	1.0403	476.51	0.025808	3.5711e-05	0.049284	supercritical
572.00	151.00	97.534	0.010253	371.96	526.78	5.7061	0.74201	1.0404	476.88	0.025547	3.5750e-05	0.049343	supercritical
573.00	151.00	97.360	0.010271	372.72	527.82	5.7079	0.74229	1.0406	477.24	0.025286	3.5788e-05	0.049402	supercritical
574.00	151.00	97.186	0.010290	373.48	528.86	5.7097	0.74257	1.0407	477.61	0.025027	3.5826e-05	0.049461	supercritical
575.00	151.00	97.013	0.010308	374.25	529.90	5.7115	0.74285	1.0408	477.98	0.024768	3.5865e-05	0.049519	supercritical
576.00	151.00	96.840	0.010326	375.01	530.94	5.7134	0.74313	1.0409	478.34	0.024511	3.5903e-05	0.049578	supercritical
577.00	151.00	96.668	0.010345	375.77	531.98	5.7152	0.74341	1.0410	478.71	0.024255	3.5941e-05	0.049637	supercritical
578.00	151.00	96.497	0.010363	376.54	533.02	5.7170	0.74369	1.0412	479.07	0.023999	3.5980e-05	0.049696	supercritical
579.00	151.00	96.326	0.010381	377.30	534.06	5.7188	0.74397	1.0413	479.44	0.023745	3.6018e-05	0.049754	supercritical
580.00	151.00	96.156	0.010400	378.07	535.10	5.7206	0.74425	1.0414	479.80	0.023492	3.6056e-05	0.049813	supercritical
581.00	151.00	95.987	0.010418	378.83	536.14	5.7224	0.74452	1.0415	480.17	0.023240	3.6095e-05	0.049872	supercritical
582.00	151.00	95.818	0.010436	379.60	537.19	5.7241	0.74480	1.0417	480.53	0.022989	3.6133e-05	0.049930	supercritical
583.00	151.00	95.650	0.010455	380.36	538.23	5.7259	0.74508	1.0418	480.89	0.022739	3.6171e-05	0.049989	supercritical
584.00	151.00	95.482	0.010473	381.13	539.27	5.7277	0.74536	1.0419	481.26	0.022490	3.6209e-05	0.050048	supercritical
585.00	151.00	95.316	0.010491	381.89	540.31	5.7295	0.74564	1.0420	481.62	0.022242	3.6247e-05	0.050106	supercritical
586.00	151.00	95.149	0.010510	382.66	541.35	5.7313	0.74592	1.0422	481.98	0.021995	3.6285e-05	0.050165	supercritical
587.00	151.00	94.984	0.010528	383.42	542.40	5.7331	0.74619	1.0423	482.34	0.021749	3.6324e-05	0.050224	supercritical
588.00	151.00	94.819	0.010546	384.19	543.44	5.7348	0.74647	1.0424	482.70	0.021504	3.6362e-05	0.050282	supercritical
589.00	151.00	94.654	0.010565	384.95	544.48	5.7366	0.74675	1.0426	483.07	0.021260	3.6400e-05	0.050341	supercritical
590.00	151.00	94.491	0.010583	385.72	545.52	5.7384	0.74703	1.0427	483.43	0.021017	3.6438e-05	0.050400	supercritical
591.00	151.00	94.327	0.010601	386.49	546.57	5.7401	0.74730	1.0428	483.79	0.020775	3.6476e-05	0.050458	supercritical
592.00	151.00	94.165	0.010620	387.25	547.61	5.7419	0.74758	1.0429	484.15	0.020534	3.6514e-05	0.050517	supercritical
593.00	151.00	94.003	0.010638	388.02	548.65	5.7437	0.74786	1.0431	484.51	0.020294	3.6552e-05	0.050576	supercritical
594.00	151.00	93.842	0.010656	388.79	549.70	5.7454	0.74813	1.0432	484.86	0.020054	3.6590e-05	0.050634	supercritical
595.00	151.00	93.681	0.010675	389.55	550.74	5.7472	0.74841	1.0433	485.22	0.019816	3.6628e-05	0.050693	supercritical
596.00	151.00	93.521	0.010693	390.32	551.78	5.7489	0.74868	1.0435	485.58	0.019579	3.6666e-05	0.050751	supercritical
597.00	151.00	93.361	0.010711	391.09	552.83	5.7507	0.74896	1.0436	485.94	0.019343	3.6703e-05	0.050810	supercritical
598.00	151.00	93.202	0.010729	391.86	553.87	5.7524	0.74923	1.0438	486.30	0.019108	3.6741e-05	0.050868	supercritical
599.00	151.00	93.043	0.010748	392.62	554.91	5.7542	0.74951	1.0439	486.65	0.018873	3.6779e-05	0.050927	supercritical
600.00	151.00	92.886	0.010766	393.39	555.96	5.7559	0.74978	1.0440	487.01	0.018640	3.6817e-05	0.050986	supercritical
