Temperature (K)	Pressure (bar)	Density (kg/m3)	Volume (m3/kg)	Internal Energy (kJ/kg)	Enthalpy (kJ/kg)	Entropy (J/g*K)	Cv (J/g*K)	Cp (J/g*K)	Sound Spd. (m/s)	Joule-Thomson (K/bar)	Viscosity (Pa*s)	Therm. Cond. (W/m*K)	Phase
60.000	89.000	1292.5	0.00077372	-185.55	-178.67	2.2339	1.0920	1.6550	1151.6	-0.037565	0.00062001	0.19752	liquid
61.000	89.000	1288.2	0.00077627	-183.92	-177.01	2.2613	1.0836	1.6570	1147.7	-0.037408	0.00059082	0.19619	liquid
62.000	89.000	1284.0	0.00077885	-182.28	-175.35	2.2883	1.0762	1.6586	1143.1	-0.037266	0.00056357	0.19486	liquid
63.000	89.000	1279.7	0.00078145	-180.65	-173.69	2.3148	1.0694	1.6599	1137.9	-0.037137	0.00053812	0.19352	liquid
64.000	89.000	1275.4	0.00078408	-179.01	-172.03	2.3410	1.0632	1.6608	1132.3	-0.037018	0.00051434	0.19219	liquid
65.000	89.000	1271.1	0.00078674	-177.37	-170.37	2.3667	1.0573	1.6614	1126.2	-0.036909	0.00049210	0.19085	liquid
66.000	89.000	1266.7	0.00078942	-175.74	-168.71	2.3921	1.0517	1.6618	1119.9	-0.036806	0.00047129	0.18952	liquid
67.000	89.000	1262.4	0.00079213	-174.10	-167.05	2.4171	1.0464	1.6619	1113.3	-0.036709	0.00045181	0.18819	liquid
68.000	89.000	1258.1	0.00079486	-172.46	-165.39	2.4417	1.0413	1.6618	1106.6	-0.036614	0.00043354	0.18686	liquid
69.000	89.000	1253.7	0.00079761	-170.82	-163.72	2.4660	1.0363	1.6616	1099.7	-0.036522	0.00041641	0.18552	liquid
70.000	89.000	1249.4	0.00080039	-169.19	-162.06	2.4899	1.0314	1.6612	1092.6	-0.036431	0.00040032	0.18419	liquid
71.000	89.000	1245.0	0.00080319	-167.55	-160.40	2.5134	1.0266	1.6608	1085.5	-0.036338	0.00038520	0.18286	liquid
72.000	89.000	1240.7	0.00080601	-165.91	-158.74	2.5367	1.0220	1.6603	1078.3	-0.036244	0.00037098	0.18153	liquid
73.000	89.000	1236.3	0.00080886	-164.28	-157.08	2.5596	1.0173	1.6598	1071.1	-0.036147	0.00035759	0.18020	liquid
74.000	89.000	1231.9	0.00081174	-162.65	-155.42	2.5821	1.0128	1.6592	1063.8	-0.036047	0.00034497	0.17886	liquid
75.000	89.000	1227.5	0.00081464	-161.01	-153.76	2.6044	1.0083	1.6587	1056.4	-0.035942	0.00033306	0.17753	liquid
76.000	89.000	1223.1	0.00081756	-159.38	-152.10	2.6264	1.0038	1.6582	1049.1	-0.035832	0.00032181	0.17620	liquid
77.000	89.000	1218.7	0.00082051	-157.75	-150.45	2.6480	0.99942	1.6578	1041.7	-0.035716	0.00031118	0.17487	liquid
78.000	89.000	1214.3	0.00082350	-156.12	-148.79	2.6694	0.99507	1.6574	1034.3	-0.035594	0.00030112	0.17353	liquid
79.000	89.000	1209.9	0.00082650	-154.49	-147.13	2.6905	0.99077	1.6571	1026.9	-0.035464	0.00029159	0.17220	liquid
80.000	89.000	1205.5	0.00082954	-152.86	-145.47	2.7114	0.98652	1.6569	1019.6	-0.035327	0.00028255	0.17087	liquid
81.000	89.000	1201.0	0.00083261	-151.23	-143.82	2.7320	0.98232	1.6568	1012.2	-0.035183	0.00027397	0.16953	liquid
82.000	89.000	1196.6	0.00083571	-149.60	-142.16	2.7523	0.97816	1.6568	1004.8	-0.035030	0.00026582	0.16820	liquid
83.000	89.000	1192.1	0.00083884	-147.97	-140.50	2.7724	0.97405	1.6568	997.37	-0.034868	0.00025807	0.16686	liquid
84.000	89.000	1187.6	0.00084200	-146.34	-138.85	2.7922	0.97000	1.6570	989.98	-0.034697	0.00025069	0.16553	liquid
85.000	89.000	1183.2	0.00084520	-144.71	-137.19	2.8118	0.96598	1.6574	982.58	-0.034517	0.00024366	0.16419	liquid
86.000	89.000	1178.7	0.00084843	-143.08	-135.53	2.8312	0.96202	1.6578	975.19	-0.034327	0.00023695	0.16285	liquid
87.000	89.000	1174.1	0.00085169	-141.45	-133.87	2.8504	0.95811	1.6583	967.80	-0.034126	0.00023054	0.16151	liquid
88.000	89.000	1169.6	0.00085500	-139.82	-132.22	2.8693	0.95424	1.6590	960.41	-0.033915	0.00022442	0.16017	liquid
89.000	89.000	1165.0	0.00085834	-138.20	-130.56	2.8881	0.95042	1.6598	953.02	-0.033694	0.00021857	0.15883	liquid
90.000	89.000	1160.5	0.00086172	-136.56	-128.90	2.9066	0.94666	1.6608	945.62	-0.033461	0.00021296	0.15749	liquid
91.000	89.000	1155.9	0.00086514	-134.93	-127.23	2.9250	0.94294	1.6619	938.23	-0.033216	0.00020759	0.15614	liquid
92.000	89.000	1151.3	0.00086860	-133.30	-125.57	2.9432	0.93927	1.6631	930.83	-0.032960	0.00020243	0.15480	liquid
93.000	89.000	1146.7	0.00087210	-131.67	-123.91	2.9612	0.93564	1.6645	923.43	-0.032691	0.00019748	0.15345	liquid
94.000	89.000	1142.0	0.00087565	-130.04	-122.24	2.9790	0.93207	1.6660	916.02	-0.032410	0.00019272	0.15210	liquid
95.000	89.000	1137.3	0.00087925	-128.40	-120.58	2.9966	0.92854	1.6677	908.61	-0.032116	0.00018814	0.15076	liquid
96.000	89.000	1132.6	0.00088289	-126.77	-118.91	3.0141	0.92506	1.6695	901.19	-0.031808	0.00018374	0.14941	liquid
97.000	89.000	1127.9	0.00088658	-125.13	-117.24	3.0314	0.92163	1.6715	893.76	-0.031487	0.00017949	0.14806	liquid
98.000	89.000	1123.2	0.00089032	-123.49	-115.56	3.0485	0.91825	1.6736	886.32	-0.031151	0.00017540	0.14670	liquid
99.000	89.000	1118.4	0.00089411	-121.85	-113.89	3.0656	0.91491	1.6759	878.88	-0.030800	0.00017144	0.14535	liquid
100.00	89.000	1113.6	0.00089795	-120.20	-112.21	3.0824	0.91162	1.6784	871.42	-0.030435	0.00016762	0.14400	liquid
101.00	89.000	1108.8	0.00090185	-118.56	-110.53	3.0991	0.90837	1.6810	863.95	-0.030053	0.00016393	0.14264	liquid
102.00	89.000	1104.0	0.00090581	-116.91	-108.85	3.1157	0.90517	1.6838	856.47	-0.029655	0.00016036	0.14129	liquid
103.00	89.000	1099.1	0.00090982	-115.26	-107.17	3.1321	0.90202	1.6867	848.97	-0.029240	0.00015689	0.13993	liquid
104.00	89.000	1094.2	0.00091390	-113.61	-105.48	3.1484	0.89891	1.6898	841.45	-0.028808	0.00015354	0.13857	liquid
105.00	89.000	1089.3	0.00091804	-111.96	-103.79	3.1646	0.89585	1.6932	833.92	-0.028358	0.00015029	0.13721	liquid
106.00	89.000	1084.3	0.00092224	-110.30	-102.09	3.1807	0.89283	1.6967	826.37	-0.027888	0.00014713	0.13585	liquid
107.00	89.000	1079.3	0.00092651	-108.64	-100.39	3.1966	0.88985	1.7003	818.81	-0.027400	0.00014406	0.13450	liquid
108.00	89.000	1074.3	0.00093085	-106.97	-98.690	3.2125	0.88692	1.7042	811.22	-0.026890	0.00014108	0.13313	liquid
109.00	89.000	1069.2	0.00093526	-105.31	-96.984	3.2282	0.88403	1.7083	803.61	-0.026360	0.00013819	0.13178	liquid
110.00	89.000	1064.1	0.00093975	-103.64	-95.273	3.2438	0.88119	1.7126	795.98	-0.025808	0.00013536	0.13042	liquid
111.00	89.000	1059.0	0.00094431	-101.96	-93.558	3.2593	0.87839	1.7171	788.32	-0.025232	0.00013262	0.12907	liquid
112.00	89.000	1053.8	0.00094896	-100.28	-91.839	3.2748	0.87563	1.7219	780.64	-0.024633	0.00012994	0.12771	liquid
113.00	89.000	1048.6	0.00095369	-98.602	-90.114	3.2901	0.87292	1.7269	772.93	-0.024008	0.00012733	0.12635	liquid
114.00	89.000	1043.3	0.00095850	-96.916	-88.385	3.3053	0.87025	1.7321	765.20	-0.023358	0.00012478	0.12500	liquid
115.00	89.000	1038.0	0.00096341	-95.224	-86.650	3.3205	0.86763	1.7376	757.43	-0.022680	0.00012229	0.12364	liquid
116.00	89.000	1032.6	0.00096840	-93.528	-84.910	3.3356	0.86505	1.7433	749.64	-0.021973	0.00011987	0.12228	liquid
117.00	89.000	1027.2	0.00097350	-91.828	-83.163	3.3505	0.86252	1.7493	741.81	-0.021236	0.00011749	0.12093	liquid
118.00	89.000	1021.8	0.00097870	-90.121	-81.411	3.3655	0.86003	1.7556	733.95	-0.020468	0.00011517	0.11957	liquid
119.00	89.000	1016.3	0.00098400	-88.410	-79.652	3.3803	0.85759	1.7623	726.06	-0.019666	0.00011290	0.11822	liquid
120.00	89.000	1010.7	0.00098941	-86.692	-77.886	3.3951	0.85519	1.7692	718.13	-0.018830	0.00011068	0.11686	liquid
121.00	89.000	1005.1	0.00099494	-84.968	-76.114	3.4098	0.85284	1.7764	710.16	-0.017956	0.00010850	0.11551	liquid
122.00	89.000	999.41	0.0010006	-83.239	-74.333	3.4244	0.85054	1.7841	702.15	-0.017045	0.00010637	0.11415	liquid
123.00	89.000	993.68	0.0010064	-81.502	-72.545	3.4390	0.84828	1.7920	694.10	-0.016092	0.00010427	0.11280	liquid
124.00	89.000	987.89	0.0010123	-79.758	-70.749	3.4536	0.84608	1.8004	686.01	-0.015097	0.00010222	0.11144	liquid
125.00	89.000	982.03	0.0010183	-78.007	-68.944	3.4681	0.84392	1.8092	677.88	-0.014056	0.00010021	0.11009	liquid
126.00	89.000	976.10	0.0010245	-76.249	-67.131	3.4825	0.84182	1.8184	669.70	-0.012967	9.8237e-05	0.10874	liquid
127.00	89.000	970.10	0.0010308	-74.482	-65.307	3.4969	0.83976	1.8281	661.47	-0.011827	9.6298e-05	0.10739	liquid
128.00	89.000	964.02	0.0010373	-72.706	-63.474	3.5113	0.83777	1.8383	653.19	-0.010633	9.4394e-05	0.10604	liquid
129.00	89.000	957.87	0.0010440	-70.922	-61.631	3.5257	0.83582	1.8490	644.85	-0.0093816	9.2522e-05	0.10470	liquid
130.00	89.000	951.64	0.0010508	-69.128	-59.776	3.5400	0.83393	1.8603	636.47	-0.0080692	9.0681e-05	0.10335	liquid
131.00	89.000	945.32	0.0010578	-67.325	-57.910	3.5543	0.83210	1.8721	628.02	-0.0066919	8.8871e-05	0.10201	liquid
132.00	89.000	938.91	0.0010651	-65.511	-56.032	3.5686	0.83034	1.8846	619.52	-0.0052452	8.7090e-05	0.10066	liquid
133.00	89.000	932.41	0.0010725	-63.686	-54.140	3.5828	0.82863	1.8978	610.96	-0.0037246	8.5338e-05	0.099324	liquid
134.00	89.000	925.82	0.0010801	-61.849	-52.236	3.5971	0.82699	1.9117	602.33	-0.0021249	8.3612e-05	0.097984	liquid
135.00	89.000	919.11	0.0010880	-60.000	-50.317	3.6114	0.82541	1.9265	593.63	-0.00044045	8.1912e-05	0.096647	liquid
136.00	89.000	912.30	0.0010961	-58.138	-48.382	3.6257	0.82391	1.9421	584.87	0.0013349	8.0236e-05	0.095312	liquid
137.00	89.000	905.38	0.0011045	-56.262	-46.432	3.6399	0.82248	1.9586	576.03	0.0032078	7.8585e-05	0.093978	liquid
138.00	89.000	898.33	0.0011132	-54.372	-44.465	3.6543	0.82113	1.9761	567.12	0.0051859	7.6956e-05	0.092646	liquid
139.00	89.000	891.16	0.0011221	-52.467	-42.480	3.6686	0.81986	1.9947	558.13	0.0072773	7.5350e-05	0.091317	liquid
140.00	89.000	883.85	0.0011314	-50.545	-40.475	3.6830	0.81867	2.0145	549.05	0.0094910	7.3764e-05	0.089989	liquid
141.00	89.000	876.39	0.0011410	-48.606	-38.450	3.6974	0.81757	2.0356	539.89	0.011837	7.2198e-05	0.088664	liquid
142.00	89.000	868.79	0.0011510	-46.648	-36.404	3.7118	0.81657	2.0581	530.64	0.014327	7.0651e-05	0.087340	liquid
143.00	89.000	861.02	0.0011614	-44.670	-34.334	3.7264	0.81567	2.0821	521.30	0.016973	6.9122e-05	0.086019	liquid
144.00	89.000	853.08	0.0011722	-42.672	-32.239	3.7410	0.81488	2.1079	511.86	0.019789	6.7610e-05	0.084700	liquid
145.00	89.000	844.95	0.0011835	-40.650	-30.117	3.7556	0.81420	2.1355	502.32	0.022790	6.6114e-05	0.083382	liquid
146.00	89.000	836.63	0.0011953	-38.605	-27.967	3.7704	0.81364	2.1653	492.68	0.025994	6.4633e-05	0.082066	liquid
147.00	89.000	828.09	0.0012076	-36.534	-25.786	3.7853	0.81321	2.1973	482.94	0.029419	6.3166e-05	0.080752	liquid
148.00	89.000	819.32	0.0012205	-34.434	-23.572	3.8003	0.81293	2.2319	473.08	0.033089	6.1712e-05	0.079439	liquid
149.00	89.000	810.31	0.0012341	-32.305	-21.321	3.8155	0.81279	2.2694	463.12	0.037026	6.0270e-05	0.078128	liquid
150.00	89.000	801.03	0.0012484	-30.142	-19.032	3.8308	0.81281	2.3100	453.04	0.041260	5.8838e-05	0.076817	liquid
151.00	89.000	791.47	0.0012635	-27.945	-16.700	3.8463	0.81301	2.3543	442.84	0.045820	5.7416e-05	0.075507	liquid
152.00	89.000	781.59	0.0012794	-25.709	-14.322	3.8620	0.81340	2.4026	432.54	0.050744	5.6001e-05	0.074197	liquid
153.00	89.000	771.38	0.0012964	-23.431	-11.893	3.8779	0.81398	2.4555	422.12	0.056069	5.4594e-05	0.072887	liquid
154.00	89.000	760.79	0.0013144	-21.107	-9.4091	3.8941	0.81477	2.5135	411.60	0.061843	5.3191e-05	0.071575	liquid
155.00	89.000	749.80	0.0013337	-18.734	-6.8641	3.9106	0.81579	2.5774	400.98	0.068116	5.1792e-05	0.070263	supercritical
156.00	89.000	738.37	0.0013543	-16.306	-4.2520	3.9274	0.81705	2.6480	390.26	0.074948	5.0394e-05	0.068947	supercritical
157.00	89.000	726.45	0.0013766	-13.817	-1.5656	3.9445	0.81855	2.7262	379.47	0.082404	4.8996e-05	0.067629	supercritical
158.00	89.000	713.99	0.0014006	-11.262	1.2032	3.9621	0.82030	2.8129	368.61	0.090558	4.7597e-05	0.066306	supercritical
159.00	89.000	700.95	0.0014266	-8.6336	4.0634	3.9801	0.82231	2.9093	357.72	0.099492	4.6193e-05	0.064978	supercritical
160.00	89.000	687.27	0.0014550	-5.9246	7.0253	3.9987	0.82458	3.0163	346.82	0.10930	4.4783e-05	0.063642	supercritical
161.00	89.000	672.88	0.0014862	-3.1268	10.100	4.0179	0.82708	3.1351	335.95	0.12006	4.3364e-05	0.062298	supercritical
162.00	89.000	657.72	0.0015204	-0.23201	13.300	4.0377	0.82981	3.2662	325.16	0.13189	4.1937e-05	0.060944	supercritical
163.00	89.000	641.73	0.0015583	2.7678	16.637	4.0582	0.83273	3.4095	314.51	0.14486	4.0499e-05	0.059577	supercritical
164.00	89.000	624.87	0.0016003	5.8795	20.122	4.0795	0.83578	3.5639	304.09	0.15906	3.9051e-05	0.058194	supercritical
165.00	89.000	607.12	0.0016471	9.1075	23.767	4.1017	0.83889	3.7264	294.01	0.17451	3.7596e-05	0.056792	supercritical
166.00	89.000	588.47	0.0016993	12.452	27.576	4.1247	0.84193	3.8917	284.38	0.19122	3.6138e-05	0.055368	supercritical
167.00	89.000	569.01	0.0017574	15.908	31.549	4.1486	0.84475	4.0520	275.34	0.20912	3.4685e-05	0.053918	supercritical
168.00	89.000	548.86	0.0018220	19.459	35.675	4.1732	0.84714	4.1959	267.03	0.22802	3.3250e-05	0.052439	supercritical
169.00	89.000	528.25	0.0018930	23.083	39.931	4.1985	0.84885	4.3100	259.61	0.24765	3.1849e-05	0.050930	supercritical
170.00	89.000	507.47	0.0019705	26.742	44.280	4.2241	0.84964	4.3798	253.17	0.26758	3.0499e-05	0.049397	supercritical
171.00	89.000	486.90	0.0020538	30.393	48.672	4.2499	0.84934	4.3935	247.81	0.28726	2.9223e-05	0.047850	supercritical
172.00	89.000	466.91	0.0021417	33.985	53.047	4.2754	0.84785	4.3466	243.51	0.30614	2.8039e-05	0.046310	supercritical
173.00	89.000	447.84	0.0022329	37.473	57.346	4.3003	0.84525	4.2443	240.22	0.32372	2.6960e-05	0.044802	supercritical
174.00	89.000	429.94	0.0023259	40.820	61.521	4.3244	0.84171	4.0996	237.83	0.33965	2.5994e-05	0.043354	supercritical
175.00	89.000	413.34	0.0024193	44.005	65.537	4.3474	0.83745	3.9290	236.20	0.35376	2.5139e-05	0.041989	supercritical
176.00	89.000	398.07	0.0025121	47.017	69.375	4.3693	0.83271	3.7473	235.18	0.36605	2.4389e-05	0.040720	supercritical
177.00	89.000	384.09	0.0026035	49.860	73.031	4.3900	0.82768	3.5657	234.65	0.37659	2.3734e-05	0.039555	supercritical
178.00	89.000	371.31	0.0026931	52.540	76.509	4.4096	0.82253	3.3911	234.50	0.38555	2.3164e-05	0.038493	supercritical
179.00	89.000	359.63	0.0027807	55.070	79.817	4.4281	0.81735	3.2276	234.64	0.39308	2.2668e-05	0.037530	supercritical
180.00	89.000	348.92	0.0028660	57.461	82.968	4.4457	0.81223	3.0767	235.01	0.39935	2.2235e-05	0.036659	supercritical
181.00	89.000	339.10	0.0029490	59.729	85.975	4.4623	0.80722	2.9386	235.56	0.40452	2.1857e-05	0.035871	supercritical
182.00	89.000	330.04	0.0030299	61.884	88.850	4.4782	0.80235	2.8129	236.24	0.40871	2.1527e-05	0.035158	supercritical
183.00	89.000	321.68	0.0031087	63.937	91.605	4.4932	0.79764	2.6986	237.03	0.41206	2.1237e-05	0.034513	supercritical
184.00	89.000	313.93	0.0031854	65.900	94.251	4.5077	0.79309	2.5949	237.89	0.41468	2.0982e-05	0.033928	supercritical
185.00	89.000	306.72	0.0032603	67.781	96.798	4.5215	0.78871	2.5005	238.83	0.41665	2.0757e-05	0.033397	supercritical
186.00	89.000	300.00	0.0033334	69.588	99.254	4.5347	0.78450	2.4146	239.81	0.41806	2.0559e-05	0.032913	supercritical
187.00	89.000	293.71	0.0034047	71.327	101.63	4.5474	0.78046	2.3363	240.83	0.41898	2.0384e-05	0.032473	supercritical
188.00	89.000	287.81	0.0034745	73.006	103.93	4.5597	0.77658	2.2646	241.88	0.41948	2.0229e-05	0.032072	supercritical
189.00	89.000	282.26	0.0035428	74.630	106.16	4.5716	0.77287	2.1989	242.96	0.41959	2.0092e-05	0.031705	supercritical
190.00	89.000	277.03	0.0036097	76.203	108.33	4.5830	0.76930	2.1386	244.05	0.41938	1.9971e-05	0.031369	supercritical
191.00	89.000	272.09	0.0036752	77.730	110.44	4.5941	0.76588	2.0830	245.15	0.41888	1.9864e-05	0.031061	supercritical
192.00	89.000	267.41	0.0037395	79.214	112.50	4.6048	0.76261	2.0317	246.26	0.41813	1.9770e-05	0.030779	supercritical
193.00	89.000	262.97	0.0038027	80.660	114.50	4.6152	0.75947	1.9841	247.38	0.41716	1.9686e-05	0.030519	supercritical
194.00	89.000	258.75	0.0038647	82.070	116.47	4.6254	0.75646	1.9401	248.49	0.41598	1.9613e-05	0.030281	supercritical
195.00	89.000	254.73	0.0039257	83.446	118.39	4.6353	0.75357	1.8991	249.61	0.41464	1.9549e-05	0.030062	supercritical
196.00	89.000	250.89	0.0039858	84.791	120.26	4.6449	0.75080	1.8609	250.73	0.41314	1.9493e-05	0.029860	supercritical
197.00	89.000	247.23	0.0040449	86.108	122.11	4.6542	0.74814	1.8253	251.85	0.41152	1.9444e-05	0.029675	supercritical
198.00	89.000	243.72	0.0041031	87.399	123.92	4.6634	0.74559	1.7920	252.96	0.40977	1.9402e-05	0.029504	supercritical
199.00	89.000	240.35	0.0041605	88.664	125.69	4.6724	0.74315	1.7608	254.07	0.40792	1.9367e-05	0.029346	supercritical
200.00	89.000	237.13	0.0042171	89.906	127.44	4.6811	0.74080	1.7315	255.17	0.40599	1.9336e-05	0.029201	supercritical
201.00	89.000	234.03	0.0042730	91.126	129.16	4.6897	0.73854	1.7039	256.27	0.40397	1.9311e-05	0.029068	supercritical
202.00	89.000	231.05	0.0043281	92.326	130.85	4.6981	0.73637	1.6780	257.36	0.40188	1.9291e-05	0.028945	supercritical
203.00	89.000	228.17	0.0043826	93.507	132.51	4.7063	0.73429	1.6535	258.44	0.39974	1.9275e-05	0.028832	supercritical
204.00	89.000	225.41	0.0044365	94.670	134.15	4.7144	0.73228	1.6304	259.52	0.39755	1.9263e-05	0.028728	supercritical
205.00	89.000	222.73	0.0044897	95.815	135.77	4.7223	0.73036	1.6085	260.59	0.39531	1.9254e-05	0.028633	supercritical
206.00	89.000	220.15	0.0045423	96.945	137.37	4.7300	0.72850	1.5878	261.66	0.39303	1.9249e-05	0.028545	supercritical
207.00	89.000	217.66	0.0045944	98.060	138.95	4.7377	0.72672	1.5682	262.71	0.39072	1.9247e-05	0.028465	supercritical
208.00	89.000	215.24	0.0046459	99.160	140.51	4.7452	0.72500	1.5495	263.76	0.38838	1.9248e-05	0.028392	supercritical
209.00	89.000	212.91	0.0046969	100.25	142.05	4.7526	0.72335	1.5318	264.81	0.38602	1.9252e-05	0.028326	supercritical
210.00	89.000	210.64	0.0047474	101.32	143.57	4.7599	0.72176	1.5149	265.84	0.38364	1.9258e-05	0.028265	supercritical
211.00	89.000	208.44	0.0047975	102.38	145.08	4.7670	0.72023	1.4989	266.87	0.38125	1.9267e-05	0.028210	supercritical
212.00	89.000	206.31	0.0048471	103.43	146.57	4.7741	0.71875	1.4836	267.89	0.37884	1.9278e-05	0.028161	supercritical
213.00	89.000	204.24	0.0048962	104.47	148.05	4.7810	0.71732	1.4689	268.90	0.37643	1.9290e-05	0.028116	supercritical
214.00	89.000	202.23	0.0049450	105.50	149.51	4.7879	0.71595	1.4550	269.90	0.37401	1.9305e-05	0.028077	supercritical
215.00	89.000	200.27	0.0049933	106.52	150.96	4.7946	0.71462	1.4416	270.90	0.37158	1.9322e-05	0.028041	supercritical
216.00	89.000	198.36	0.0050413	107.52	152.39	4.8013	0.71335	1.4288	271.89	0.36916	1.9340e-05	0.028010	supercritical
217.00	89.000	196.51	0.0050888	108.52	153.81	4.8078	0.71211	1.4166	272.88	0.36674	1.9359e-05	0.027983	supercritical
218.00	89.000	194.70	0.0051361	109.51	155.23	4.8143	0.71092	1.4048	273.85	0.36432	1.9381e-05	0.027959	supercritical
219.00	89.000	192.94	0.0051829	110.50	156.62	4.8207	0.70977	1.3936	274.82	0.36190	1.9403e-05	0.027940	supercritical
220.00	89.000	191.22	0.0052294	111.47	158.01	4.8271	0.70866	1.3828	275.78	0.35949	1.9427e-05	0.027923	supercritical
221.00	89.000	189.55	0.0052757	112.44	159.39	4.8333	0.70759	1.3724	276.74	0.35708	1.9452e-05	0.027910	supercritical
222.00	89.000	187.92	0.0053215	113.40	160.76	4.8395	0.70655	1.3624	277.69	0.35469	1.9479e-05	0.027899	supercritical
223.00	89.000	186.32	0.0053671	114.35	162.11	4.8456	0.70555	1.3528	278.63	0.35230	1.9506e-05	0.027892	supercritical
224.00	89.000	184.76	0.0054124	115.29	163.46	4.8516	0.70458	1.3435	279.57	0.34992	1.9534e-05	0.027887	supercritical
225.00	89.000	183.24	0.0054574	116.23	164.80	4.8576	0.70365	1.3346	280.49	0.34755	1.9564e-05	0.027885	supercritical
226.00	89.000	181.75	0.0055022	117.16	166.13	4.8635	0.70274	1.3260	281.42	0.34520	1.9594e-05	0.027885	supercritical
227.00	89.000	180.29	0.0055466	118.09	167.45	4.8693	0.70187	1.3177	282.33	0.34285	1.9625e-05	0.027887	supercritical
228.00	89.000	178.86	0.0055908	119.01	168.77	4.8751	0.70102	1.3097	283.24	0.34052	1.9657e-05	0.027892	supercritical
229.00	89.000	177.47	0.0056348	119.92	170.07	4.8808	0.70020	1.3020	284.15	0.33821	1.9690e-05	0.027899	supercritical
230.00	89.000	176.10	0.0056785	120.83	171.37	4.8865	0.69941	1.2945	285.05	0.33590	1.9724e-05	0.027908	supercritical
231.00	89.000	174.76	0.0057220	121.74	172.66	4.8921	0.69864	1.2873	285.94	0.33361	1.9758e-05	0.027919	supercritical
232.00	89.000	173.45	0.0057652	122.64	173.95	4.8976	0.69790	1.2803	286.83	0.33134	1.9793e-05	0.027932	supercritical
233.00	89.000	172.17	0.0058083	123.53	175.22	4.9031	0.69718	1.2736	287.71	0.32908	1.9829e-05	0.027946	supercritical
234.00	89.000	170.91	0.0058511	124.42	176.49	4.9085	0.69649	1.2670	288.58	0.32683	1.9865e-05	0.027962	supercritical
235.00	89.000	169.67	0.0058937	125.30	177.76	4.9139	0.69581	1.2607	289.46	0.32460	1.9901e-05	0.027980	supercritical
236.00	89.000	168.46	0.0059361	126.18	179.01	4.9193	0.69516	1.2546	290.32	0.32238	1.9939e-05	0.027999	supercritical
237.00	89.000	167.27	0.0059783	127.06	180.27	4.9246	0.69453	1.2487	291.18	0.32018	1.9977e-05	0.028020	supercritical
238.00	89.000	166.11	0.0060203	127.93	181.51	4.9298	0.69392	1.2429	292.03	0.31800	2.0015e-05	0.028042	supercritical
239.00	89.000	164.96	0.0060621	128.80	182.75	4.9350	0.69333	1.2373	292.88	0.31583	2.0054e-05	0.028066	supercritical
240.00	89.000	163.84	0.0061037	129.66	183.99	4.9402	0.69276	1.2319	293.73	0.31368	2.0093e-05	0.028091	supercritical
241.00	89.000	162.73	0.0061451	130.52	185.22	4.9453	0.69220	1.2266	294.57	0.31154	2.0132e-05	0.028117	supercritical
242.00	89.000	161.65	0.0061864	131.38	186.44	4.9503	0.69166	1.2215	295.40	0.30942	2.0173e-05	0.028144	supercritical
243.00	89.000	160.58	0.0062275	132.23	187.66	4.9554	0.69114	1.2166	296.23	0.30732	2.0213e-05	0.028173	supercritical
244.00	89.000	159.53	0.0062684	133.08	188.87	4.9604	0.69064	1.2118	297.05	0.30523	2.0254e-05	0.028203	supercritical
245.00	89.000	158.50	0.0063092	133.93	190.08	4.9653	0.69015	1.2071	297.87	0.30316	2.0295e-05	0.028233	supercritical
246.00	89.000	157.49	0.0063498	134.77	191.29	4.9702	0.68968	1.2025	298.69	0.30110	2.0336e-05	0.028265	supercritical
247.00	89.000	156.49	0.0063903	135.61	192.49	4.9751	0.68922	1.1981	299.50	0.29906	2.0378e-05	0.028298	supercritical
248.00	89.000	155.51	0.0064306	136.45	193.68	4.9799	0.68877	1.1938	300.31	0.29704	2.0420e-05	0.028331	supercritical
249.00	89.000	154.54	0.0064707	137.29	194.88	4.9847	0.68834	1.1896	301.11	0.29503	2.0463e-05	0.028366	supercritical
250.00	89.000	153.59	0.0065107	138.12	196.06	4.9895	0.68793	1.1855	301.91	0.29304	2.0505e-05	0.028401	supercritical
251.00	89.000	152.66	0.0065506	138.95	197.25	4.9942	0.68752	1.1815	302.70	0.29106	2.0548e-05	0.028438	supercritical
252.00	89.000	151.74	0.0065903	139.77	198.43	4.9989	0.68713	1.1777	303.49	0.28910	2.0591e-05	0.028475	supercritical
253.00	89.000	150.83	0.0066299	140.60	199.60	5.0035	0.68676	1.1739	304.27	0.28716	2.0635e-05	0.028513	supercritical
254.00	89.000	149.94	0.0066694	141.42	200.77	5.0082	0.68639	1.1702	305.05	0.28523	2.0679e-05	0.028552	supercritical
255.00	89.000	149.06	0.0067087	142.23	201.94	5.0128	0.68604	1.1666	305.83	0.28331	2.0722e-05	0.028591	supercritical
256.00	89.000	148.19	0.0067479	143.05	203.11	5.0173	0.68569	1.1631	306.60	0.28141	2.0767e-05	0.028631	supercritical
257.00	89.000	147.34	0.0067870	143.86	204.27	5.0218	0.68536	1.1597	307.37	0.27953	2.0811e-05	0.028672	supercritical
258.00	89.000	146.50	0.0068260	144.68	205.43	5.0263	0.68504	1.1564	308.14	0.27766	2.0855e-05	0.028714	supercritical
259.00	89.000	145.67	0.0068648	145.48	206.58	5.0308	0.68473	1.1532	308.90	0.27580	2.0900e-05	0.028756	supercritical
260.00	89.000	144.85	0.0069035	146.29	207.73	5.0352	0.68443	1.1500	309.66	0.27396	2.0945e-05	0.028798	supercritical
261.00	89.000	144.05	0.0069421	147.10	208.88	5.0396	0.68415	1.1469	310.41	0.27214	2.0990e-05	0.028842	supercritical
262.00	89.000	143.25	0.0069807	147.90	210.03	5.0440	0.68387	1.1439	311.16	0.27033	2.1035e-05	0.028886	supercritical
263.00	89.000	142.47	0.0070190	148.70	211.17	5.0484	0.68360	1.1409	311.91	0.26853	2.1080e-05	0.028930	supercritical
264.00	89.000	141.70	0.0070573	149.50	212.31	5.0527	0.68334	1.1381	312.65	0.26675	2.1126e-05	0.028975	supercritical
265.00	89.000	140.93	0.0070955	150.30	213.45	5.0570	0.68308	1.1353	313.39	0.26499	2.1171e-05	0.029021	supercritical
266.00	89.000	140.18	0.0071336	151.09	214.58	5.0613	0.68284	1.1325	314.12	0.26323	2.1217e-05	0.029067	supercritical
267.00	89.000	139.44	0.0071716	151.88	215.71	5.0655	0.68261	1.1298	314.86	0.26149	2.1263e-05	0.029114	supercritical
268.00	89.000	138.71	0.0072094	152.68	216.84	5.0697	0.68238	1.1272	315.59	0.25977	2.1309e-05	0.029161	supercritical
269.00	89.000	137.98	0.0072472	153.46	217.97	5.0739	0.68216	1.1246	316.31	0.25806	2.1355e-05	0.029208	supercritical
270.00	89.000	137.27	0.0072849	154.25	219.09	5.0781	0.68196	1.1221	317.03	0.25636	2.1401e-05	0.029256	supercritical
271.00	89.000	136.57	0.0073225	155.04	220.21	5.0822	0.68175	1.1197	317.75	0.25468	2.1447e-05	0.029305	supercritical
272.00	89.000	135.87	0.0073600	155.82	221.33	5.0864	0.68156	1.1173	318.47	0.25300	2.1494e-05	0.029353	supercritical
273.00	89.000	135.18	0.0073974	156.61	222.44	5.0905	0.68137	1.1150	319.18	0.25135	2.1540e-05	0.029403	supercritical
274.00	89.000	134.50	0.0074347	157.39	223.56	5.0945	0.68120	1.1127	319.89	0.24970	2.1587e-05	0.029452	supercritical
275.00	89.000	133.83	0.0074719	158.17	224.67	5.0986	0.68102	1.1104	320.60	0.24807	2.1634e-05	0.029502	supercritical
276.00	89.000	133.17	0.0075091	158.95	225.78	5.1026	0.68086	1.1082	321.30	0.24645	2.1680e-05	0.029553	supercritical
277.00	89.000	132.52	0.0075461	159.73	226.89	5.1066	0.68070	1.1061	322.00	0.24484	2.1727e-05	0.029603	supercritical
278.00	89.000	131.87	0.0075831	160.50	227.99	5.1106	0.68055	1.1040	322.70	0.24325	2.1774e-05	0.029654	supercritical
279.00	89.000	131.23	0.0076200	161.28	229.09	5.1146	0.68041	1.1019	323.39	0.24167	2.1821e-05	0.029706	supercritical
280.00	89.000	130.60	0.0076568	162.05	230.19	5.1185	0.68027	1.0999	324.09	0.24010	2.1868e-05	0.029758	supercritical
281.00	89.000	129.98	0.0076936	162.82	231.29	5.1224	0.68014	1.0979	324.77	0.23854	2.1915e-05	0.029810	supercritical
282.00	89.000	129.36	0.0077302	163.59	232.39	5.1263	0.68002	1.0960	325.46	0.23700	2.1962e-05	0.029862	supercritical
283.00	89.000	128.75	0.0077668	164.36	233.49	5.1302	0.67990	1.0941	326.14	0.23546	2.2009e-05	0.029915	supercritical
284.00	89.000	128.15	0.0078033	165.13	234.58	5.1340	0.67978	1.0923	326.82	0.23394	2.2057e-05	0.029967	supercritical
285.00	89.000	127.55	0.0078398	165.90	235.67	5.1379	0.67968	1.0904	327.50	0.23243	2.2104e-05	0.030021	supercritical
286.00	89.000	126.97	0.0078761	166.66	236.76	5.1417	0.67958	1.0887	328.18	0.23094	2.2151e-05	0.030074	supercritical
287.00	89.000	126.38	0.0079124	167.43	237.85	5.1455	0.67948	1.0869	328.85	0.22945	2.2199e-05	0.030128	supercritical
288.00	89.000	125.81	0.0079487	168.19	238.93	5.1493	0.67939	1.0852	329.52	0.22797	2.2246e-05	0.030182	supercritical
289.00	89.000	125.24	0.0079848	168.95	240.02	5.1530	0.67931	1.0835	330.18	0.22651	2.2294e-05	0.030236	supercritical
290.00	89.000	124.67	0.0080209	169.71	241.10	5.1568	0.67923	1.0819	330.85	0.22506	2.2341e-05	0.030290	supercritical
291.00	89.000	124.12	0.0080569	170.48	242.18	5.1605	0.67916	1.0803	331.51	0.22361	2.2389e-05	0.030345	supercritical
292.00	89.000	123.57	0.0080929	171.23	243.26	5.1642	0.67909	1.0787	332.17	0.22218	2.2436e-05	0.030400	supercritical
293.00	89.000	123.02	0.0081288	171.99	244.34	5.1679	0.67902	1.0772	332.82	0.22076	2.2484e-05	0.030455	supercritical
294.00	89.000	122.48	0.0081646	172.75	245.42	5.1715	0.67897	1.0757	333.48	0.21935	2.2531e-05	0.030510	supercritical
295.00	89.000	121.95	0.0082004	173.51	246.49	5.1752	0.67891	1.0742	334.13	0.21795	2.2579e-05	0.030566	supercritical
296.00	89.000	121.42	0.0082361	174.26	247.56	5.1788	0.67887	1.0727	334.78	0.21656	2.2627e-05	0.030621	supercritical
297.00	89.000	120.89	0.0082717	175.02	248.64	5.1824	0.67882	1.0713	335.43	0.21519	2.2674e-05	0.030677	supercritical
298.00	89.000	120.38	0.0083073	175.77	249.71	5.1860	0.67878	1.0699	336.07	0.21382	2.2722e-05	0.030733	supercritical
299.00	89.000	119.86	0.0083428	176.52	250.78	5.1896	0.67875	1.0685	336.71	0.21246	2.2770e-05	0.030789	supercritical
300.00	89.000	119.36	0.0083783	177.28	251.84	5.1932	0.67872	1.0672	337.35	0.21111	2.2818e-05	0.030846	supercritical
301.00	89.000	118.85	0.0084137	178.03	252.91	5.1967	0.67870	1.0659	337.99	0.20977	2.2865e-05	0.030902	supercritical
302.00	89.000	118.36	0.0084490	178.78	253.98	5.2003	0.67867	1.0646	338.62	0.20844	2.2913e-05	0.030958	supercritical
303.00	89.000	117.86	0.0084843	179.53	255.04	5.2038	0.67866	1.0633	339.26	0.20712	2.2961e-05	0.031015	supercritical
304.00	89.000	117.38	0.0085196	180.28	256.10	5.2073	0.67865	1.0621	339.89	0.20582	2.3009e-05	0.031071	supercritical
305.00	89.000	116.89	0.0085548	181.03	257.16	5.2108	0.67864	1.0608	340.52	0.20452	2.3057e-05	0.031128	supercritical
306.00	89.000	116.42	0.0085899	181.77	258.22	5.2142	0.67864	1.0596	341.14	0.20323	2.3104e-05	0.031184	supercritical
307.00	89.000	115.94	0.0086250	182.52	259.28	5.2177	0.67864	1.0585	341.77	0.20194	2.3152e-05	0.031240	supercritical
308.00	89.000	115.47	0.0086600	183.27	260.34	5.2211	0.67864	1.0573	342.39	0.20067	2.3200e-05	0.031295	supercritical
309.00	89.000	115.01	0.0086950	184.01	261.40	5.2246	0.67865	1.0562	343.01	0.19941	2.3248e-05	0.031348	supercritical
310.00	89.000	114.55	0.0087299	184.76	262.45	5.2280	0.67866	1.0551	343.62	0.19815	2.3296e-05	0.031404	supercritical
311.00	89.000	114.09	0.0087648	185.50	263.51	5.2314	0.67868	1.0540	344.24	0.19691	2.3343e-05	0.031464	supercritical
312.00	89.000	113.64	0.0087996	186.24	264.56	5.2348	0.67870	1.0529	344.85	0.19567	2.3391e-05	0.031524	supercritical
313.00	89.000	113.19	0.0088344	186.99	265.61	5.2381	0.67872	1.0519	345.46	0.19445	2.3439e-05	0.031585	supercritical
314.00	89.000	112.75	0.0088692	187.73	266.66	5.2415	0.67875	1.0508	346.07	0.19323	2.3487e-05	0.031645	supercritical
315.00	89.000	112.31	0.0089038	188.47	267.71	5.2448	0.67878	1.0498	346.68	0.19202	2.3535e-05	0.031706	supercritical
316.00	89.000	111.88	0.0089385	189.21	268.76	5.2481	0.67882	1.0488	347.28	0.19082	2.3582e-05	0.031766	supercritical
317.00	89.000	111.44	0.0089731	189.95	269.81	5.2515	0.67886	1.0479	347.89	0.18962	2.3630e-05	0.031827	supercritical
318.00	89.000	111.02	0.0090076	190.69	270.86	5.2548	0.67890	1.0469	348.49	0.18844	2.3678e-05	0.031888	supercritical
319.00	89.000	110.59	0.0090421	191.43	271.91	5.2580	0.67895	1.0460	349.09	0.18726	2.3726e-05	0.031949	supercritical
320.00	89.000	110.17	0.0090766	192.17	272.95	5.2613	0.67899	1.0451	349.69	0.18609	2.3773e-05	0.032010	supercritical
321.00	89.000	109.76	0.0091110	192.91	274.00	5.2646	0.67905	1.0442	350.28	0.18493	2.3821e-05	0.032071	supercritical
322.00	89.000	109.34	0.0091454	193.65	275.04	5.2678	0.67910	1.0433	350.87	0.18378	2.3869e-05	0.032132	supercritical
323.00	89.000	108.94	0.0091797	194.38	276.08	5.2710	0.67916	1.0424	351.47	0.18263	2.3917e-05	0.032194	supercritical
324.00	89.000	108.53	0.0092140	195.12	277.13	5.2743	0.67922	1.0416	352.06	0.18150	2.3964e-05	0.032255	supercritical
325.00	89.000	108.13	0.0092483	195.86	278.17	5.2775	0.67929	1.0407	352.64	0.18037	2.4012e-05	0.032317	supercritical
326.00	89.000	107.73	0.0092825	196.59	279.21	5.2807	0.67936	1.0399	353.23	0.17925	2.4060e-05	0.032378	supercritical
327.00	89.000	107.33	0.0093167	197.33	280.25	5.2839	0.67943	1.0391	353.81	0.17813	2.4107e-05	0.032440	supercritical
328.00	89.000	106.94	0.0093508	198.06	281.28	5.2870	0.67951	1.0383	354.40	0.17703	2.4155e-05	0.032501	supercritical
329.00	89.000	106.55	0.0093849	198.80	282.32	5.2902	0.67958	1.0375	354.98	0.17593	2.4203e-05	0.032563	supercritical
330.00	89.000	106.17	0.0094189	199.53	283.36	5.2933	0.67967	1.0368	355.55	0.17484	2.4250e-05	0.032625	supercritical
331.00	89.000	105.79	0.0094530	200.26	284.40	5.2965	0.67975	1.0360	356.13	0.17375	2.4298e-05	0.032687	supercritical
332.00	89.000	105.41	0.0094869	201.00	285.43	5.2996	0.67984	1.0353	356.71	0.17268	2.4345e-05	0.032749	supercritical
333.00	89.000	105.03	0.0095209	201.73	286.47	5.3027	0.67993	1.0346	357.28	0.17161	2.4393e-05	0.032811	supercritical
334.00	89.000	104.66	0.0095548	202.46	287.50	5.3058	0.68002	1.0339	357.85	0.17054	2.4441e-05	0.032873	supercritical
335.00	89.000	104.29	0.0095887	203.20	288.53	5.3089	0.68012	1.0332	358.42	0.16949	2.4488e-05	0.032935	supercritical
336.00	89.000	103.92	0.0096225	203.93	289.57	5.3120	0.68021	1.0325	358.99	0.16844	2.4536e-05	0.032998	supercritical
337.00	89.000	103.56	0.0096563	204.66	290.60	5.3150	0.68032	1.0318	359.56	0.16740	2.4583e-05	0.033060	supercritical
338.00	89.000	103.20	0.0096900	205.39	291.63	5.3181	0.68042	1.0312	360.12	0.16636	2.4630e-05	0.033122	supercritical
339.00	89.000	102.84	0.0097238	206.12	292.66	5.3211	0.68053	1.0305	360.69	0.16534	2.4678e-05	0.033185	supercritical
340.00	89.000	102.49	0.0097575	206.85	293.69	5.3242	0.68064	1.0299	361.25	0.16432	2.4725e-05	0.033247	supercritical
341.00	89.000	102.13	0.0097911	207.58	294.72	5.3272	0.68075	1.0293	361.81	0.16330	2.4773e-05	0.033310	supercritical
342.00	89.000	101.78	0.0098248	208.31	295.75	5.3302	0.68086	1.0287	362.37	0.16229	2.4820e-05	0.033372	supercritical
343.00	89.000	101.44	0.0098583	209.04	296.78	5.3332	0.68098	1.0281	362.93	0.16129	2.4867e-05	0.033435	supercritical
344.00	89.000	101.09	0.0098919	209.77	297.81	5.3362	0.68110	1.0275	363.48	0.16030	2.4915e-05	0.033497	supercritical
345.00	89.000	100.75	0.0099254	210.50	298.83	5.3392	0.68122	1.0270	364.04	0.15931	2.4962e-05	0.033560	supercritical
346.00	89.000	100.41	0.0099589	211.23	299.86	5.3422	0.68135	1.0264	364.59	0.15833	2.5009e-05	0.033623	supercritical
347.00	89.000	100.08	0.0099924	211.95	300.89	5.3451	0.68148	1.0258	365.14	0.15735	2.5056e-05	0.033686	supercritical
348.00	89.000	99.742	0.010026	212.68	301.91	5.3481	0.68161	1.0253	365.69	0.15638	2.5104e-05	0.033749	supercritical
349.00	89.000	99.411	0.010059	213.41	302.94	5.3510	0.68174	1.0248	366.24	0.15542	2.5151e-05	0.033812	supercritical
350.00	89.000	99.083	0.010093	214.14	303.96	5.3540	0.68187	1.0243	366.78	0.15446	2.5198e-05	0.033874	supercritical
351.00	89.000	98.756	0.010126	214.87	304.99	5.3569	0.68201	1.0238	367.33	0.15351	2.5245e-05	0.033937	supercritical
352.00	89.000	98.432	0.010159	215.59	306.01	5.3598	0.68215	1.0233	367.87	0.15257	2.5292e-05	0.034000	supercritical
353.00	89.000	98.111	0.010193	216.32	307.03	5.3627	0.68229	1.0228	368.41	0.15163	2.5339e-05	0.034063	supercritical
354.00	89.000	97.792	0.010226	217.05	308.06	5.3656	0.68243	1.0223	368.95	0.15070	2.5386e-05	0.034127	supercritical
355.00	89.000	97.475	0.010259	217.77	309.08	5.3685	0.68258	1.0218	369.49	0.14977	2.5433e-05	0.034190	supercritical
356.00	89.000	97.161	0.010292	218.50	310.10	5.3713	0.68273	1.0214	370.03	0.14885	2.5480e-05	0.034253	supercritical
357.00	89.000	96.849	0.010325	219.22	311.12	5.3742	0.68288	1.0209	370.57	0.14793	2.5527e-05	0.034316	supercritical
358.00	89.000	96.539	0.010359	219.95	312.14	5.3771	0.68303	1.0205	371.10	0.14702	2.5574e-05	0.034379	supercritical
359.00	89.000	96.231	0.010392	220.68	313.16	5.3799	0.68319	1.0201	371.63	0.14612	2.5621e-05	0.034443	supercritical
360.00	89.000	95.926	0.010425	221.40	314.18	5.3827	0.68335	1.0196	372.17	0.14522	2.5668e-05	0.034506	supercritical
361.00	89.000	95.623	0.010458	222.13	315.20	5.3856	0.68350	1.0192	372.70	0.14433	2.5715e-05	0.034569	supercritical
362.00	89.000	95.322	0.010491	222.85	316.22	5.3884	0.68367	1.0188	373.23	0.14344	2.5762e-05	0.034632	supercritical
363.00	89.000	95.023	0.010524	223.58	317.24	5.3912	0.68383	1.0184	373.75	0.14256	2.5808e-05	0.034696	supercritical
364.00	89.000	94.726	0.010557	224.30	318.26	5.3940	0.68400	1.0181	374.28	0.14168	2.5855e-05	0.034759	supercritical
365.00	89.000	94.431	0.010590	225.03	319.27	5.3968	0.68416	1.0177	374.81	0.14081	2.5902e-05	0.034823	supercritical
366.00	89.000	94.138	0.010623	225.75	320.29	5.3996	0.68433	1.0173	375.33	0.13995	2.5948e-05	0.034886	supercritical
367.00	89.000	93.848	0.010656	226.47	321.31	5.4023	0.68450	1.0169	375.85	0.13909	2.5995e-05	0.034950	supercritical
368.00	89.000	93.559	0.010688	227.20	322.33	5.4051	0.68468	1.0166	376.37	0.13823	2.6042e-05	0.035013	supercritical
369.00	89.000	93.272	0.010721	227.92	323.34	5.4079	0.68485	1.0162	376.89	0.13738	2.6088e-05	0.035077	supercritical
370.00	89.000	92.988	0.010754	228.65	324.36	5.4106	0.68503	1.0159	377.41	0.13654	2.6135e-05	0.035140	supercritical
371.00	89.000	92.705	0.010787	229.37	325.37	5.4134	0.68521	1.0156	377.93	0.13570	2.6181e-05	0.035204	supercritical
372.00	89.000	92.424	0.010820	230.09	326.39	5.4161	0.68539	1.0153	378.45	0.13486	2.6228e-05	0.035267	supercritical
373.00	89.000	92.145	0.010852	230.82	327.40	5.4188	0.68557	1.0149	378.96	0.13403	2.6274e-05	0.035331	supercritical
374.00	89.000	91.868	0.010885	231.54	328.42	5.4215	0.68576	1.0146	379.48	0.13321	2.6321e-05	0.035394	supercritical
375.00	89.000	91.593	0.010918	232.26	329.43	5.4242	0.68594	1.0143	379.99	0.13239	2.6367e-05	0.035458	supercritical
376.00	89.000	91.320	0.010951	232.99	330.45	5.4269	0.68613	1.0140	380.50	0.13157	2.6414e-05	0.035522	supercritical
377.00	89.000	91.048	0.010983	233.71	331.46	5.4296	0.68632	1.0137	381.01	0.13077	2.6460e-05	0.035585	supercritical
378.00	89.000	90.778	0.011016	234.43	332.48	5.4323	0.68651	1.0135	381.52	0.12996	2.6506e-05	0.035649	supercritical
379.00	89.000	90.510	0.011048	235.16	333.49	5.4350	0.68671	1.0132	382.03	0.12916	2.6552e-05	0.035713	supercritical
380.00	89.000	90.244	0.011081	235.88	334.50	5.4377	0.68690	1.0129	382.53	0.12837	2.6599e-05	0.035777	supercritical
381.00	89.000	89.980	0.011114	236.60	335.51	5.4403	0.68710	1.0127	383.04	0.12757	2.6645e-05	0.035840	supercritical
382.00	89.000	89.717	0.011146	237.33	336.53	5.4430	0.68730	1.0124	383.54	0.12679	2.6691e-05	0.035904	supercritical
383.00	89.000	89.456	0.011179	238.05	337.54	5.4456	0.68750	1.0122	384.04	0.12601	2.6737e-05	0.035968	supercritical
384.00	89.000	89.196	0.011211	238.77	338.55	5.4483	0.68770	1.0119	384.55	0.12523	2.6783e-05	0.036032	supercritical
385.00	89.000	88.939	0.011244	239.49	339.56	5.4509	0.68790	1.0117	385.05	0.12446	2.6829e-05	0.036095	supercritical
386.00	89.000	88.683	0.011276	240.22	340.57	5.4535	0.68811	1.0115	385.55	0.12369	2.6875e-05	0.036159	supercritical
387.00	89.000	88.428	0.011309	240.94	341.59	5.4561	0.68832	1.0112	386.04	0.12293	2.6921e-05	0.036223	supercritical
388.00	89.000	88.175	0.011341	241.66	342.60	5.4588	0.68852	1.0110	386.54	0.12217	2.6967e-05	0.036287	supercritical
389.00	89.000	87.924	0.011373	242.38	343.61	5.4614	0.68873	1.0108	387.04	0.12142	2.7013e-05	0.036351	supercritical
390.00	89.000	87.674	0.011406	243.11	344.62	5.4640	0.68894	1.0106	387.53	0.12067	2.7059e-05	0.036414	supercritical
391.00	89.000	87.426	0.011438	243.83	345.63	5.4665	0.68916	1.0104	388.03	0.11992	2.7105e-05	0.036478	supercritical
392.00	89.000	87.180	0.011471	244.55	346.64	5.4691	0.68937	1.0102	388.52	0.11918	2.7151e-05	0.036542	supercritical
393.00	89.000	86.935	0.011503	245.27	347.65	5.4717	0.68959	1.0100	389.01	0.11844	2.7196e-05	0.036606	supercritical
394.00	89.000	86.691	0.011535	246.00	348.66	5.4743	0.68980	1.0098	389.50	0.11771	2.7242e-05	0.036670	supercritical
395.00	89.000	86.450	0.011567	246.72	349.67	5.4768	0.69002	1.0097	389.99	0.11698	2.7288e-05	0.036734	supercritical
396.00	89.000	86.209	0.011600	247.44	350.68	5.4794	0.69024	1.0095	390.48	0.11626	2.7334e-05	0.036797	supercritical
397.00	89.000	85.970	0.011632	248.16	351.69	5.4819	0.69046	1.0093	390.96	0.11554	2.7379e-05	0.036861	supercritical
398.00	89.000	85.733	0.011664	248.89	352.70	5.4845	0.69069	1.0092	391.45	0.11483	2.7425e-05	0.036925	supercritical
399.00	89.000	85.496	0.011696	249.61	353.71	5.4870	0.69091	1.0090	391.94	0.11411	2.7470e-05	0.036989	supercritical
400.00	89.000	85.262	0.011729	250.33	354.72	5.4895	0.69114	1.0088	392.42	0.11341	2.7516e-05	0.037053	supercritical
401.00	89.000	85.029	0.011761	251.05	355.72	5.4920	0.69136	1.0087	392.90	0.11270	2.7562e-05	0.037117	supercritical
402.00	89.000	84.797	0.011793	251.78	356.73	5.4945	0.69159	1.0086	393.39	0.11200	2.7607e-05	0.037181	supercritical
403.00	89.000	84.566	0.011825	252.50	357.74	5.4971	0.69182	1.0084	393.87	0.11131	2.7652e-05	0.037245	supercritical
404.00	89.000	84.337	0.011857	253.22	358.75	5.4996	0.69205	1.0083	394.35	0.11062	2.7698e-05	0.037309	supercritical
405.00	89.000	84.109	0.011889	253.94	359.76	5.5020	0.69228	1.0082	394.83	0.10993	2.7743e-05	0.037372	supercritical
406.00	89.000	83.883	0.011921	254.67	360.77	5.5045	0.69251	1.0080	395.30	0.10925	2.7789e-05	0.037436	supercritical
407.00	89.000	83.658	0.011953	255.39	361.77	5.5070	0.69275	1.0079	395.78	0.10857	2.7834e-05	0.037500	supercritical
408.00	89.000	83.434	0.011985	256.11	362.78	5.5095	0.69298	1.0078	396.26	0.10789	2.7879e-05	0.037564	supercritical
409.00	89.000	83.212	0.012018	256.83	363.79	5.5120	0.69322	1.0077	396.73	0.10722	2.7924e-05	0.037628	supercritical
410.00	89.000	82.991	0.012050	257.56	364.80	5.5144	0.69346	1.0076	397.20	0.10655	2.7969e-05	0.037692	supercritical
411.00	89.000	82.771	0.012082	258.28	365.80	5.5169	0.69370	1.0075	397.68	0.10589	2.8015e-05	0.037756	supercritical
412.00	89.000	82.553	0.012113	259.00	366.81	5.5193	0.69394	1.0074	398.15	0.10522	2.8060e-05	0.037820	supercritical
413.00	89.000	82.335	0.012145	259.72	367.82	5.5218	0.69418	1.0073	398.62	0.10457	2.8105e-05	0.037884	supercritical
414.00	89.000	82.119	0.012177	260.45	368.83	5.5242	0.69442	1.0072	399.09	0.10391	2.8150e-05	0.037948	supercritical
415.00	89.000	81.904	0.012209	261.17	369.83	5.5266	0.69466	1.0071	399.56	0.10326	2.8195e-05	0.038011	supercritical
416.00	89.000	81.691	0.012241	261.89	370.84	5.5290	0.69491	1.0071	400.03	0.10262	2.8240e-05	0.038075	supercritical
417.00	89.000	81.479	0.012273	262.62	371.85	5.5315	0.69516	1.0070	400.50	0.10197	2.8285e-05	0.038139	supercritical
418.00	89.000	81.267	0.012305	263.34	372.85	5.5339	0.69540	1.0069	400.96	0.10134	2.8330e-05	0.038203	supercritical
419.00	89.000	81.057	0.012337	264.06	373.86	5.5363	0.69565	1.0068	401.43	0.10070	2.8375e-05	0.038267	supercritical
420.00	89.000	80.849	0.012369	264.79	374.87	5.5387	0.69590	1.0068	401.89	0.10007	2.8419e-05	0.038331	supercritical
421.00	89.000	80.641	0.012401	265.51	375.88	5.5411	0.69615	1.0067	402.36	0.099439	2.8464e-05	0.038395	supercritical
422.00	89.000	80.435	0.012432	266.23	376.88	5.5435	0.69640	1.0067	402.82	0.098814	2.8509e-05	0.038459	supercritical
423.00	89.000	80.229	0.012464	266.96	377.89	5.5458	0.69665	1.0066	403.28	0.098192	2.8554e-05	0.038523	supercritical
424.00	89.000	80.025	0.012496	267.68	378.90	5.5482	0.69690	1.0066	403.74	0.097573	2.8598e-05	0.038586	supercritical
425.00	89.000	79.822	0.012528	268.40	379.90	5.5506	0.69716	1.0065	404.20	0.096958	2.8643e-05	0.038650	supercritical
426.00	89.000	79.620	0.012560	269.13	380.91	5.5530	0.69741	1.0065	404.66	0.096347	2.8688e-05	0.038714	supercritical
427.00	89.000	79.420	0.012591	269.85	381.91	5.5553	0.69767	1.0064	405.12	0.095739	2.8732e-05	0.038778	supercritical
428.00	89.000	79.220	0.012623	270.58	382.92	5.5577	0.69792	1.0064	405.58	0.095134	2.8777e-05	0.038842	supercritical
429.00	89.000	79.021	0.012655	271.30	383.93	5.5600	0.69818	1.0064	406.03	0.094532	2.8821e-05	0.038906	supercritical
430.00	89.000	78.824	0.012687	272.02	384.93	5.5624	0.69844	1.0064	406.49	0.093933	2.8866e-05	0.038969	supercritical
431.00	89.000	78.627	0.012718	272.75	385.94	5.5647	0.69870	1.0063	406.94	0.093338	2.8910e-05	0.039033	supercritical
432.00	89.000	78.432	0.012750	273.47	386.95	5.5670	0.69896	1.0063	407.40	0.092746	2.8955e-05	0.039097	supercritical
433.00	89.000	78.238	0.012782	274.20	387.95	5.5694	0.69922	1.0063	407.85	0.092157	2.8999e-05	0.039161	supercritical
434.00	89.000	78.044	0.012813	274.92	388.96	5.5717	0.69948	1.0063	408.30	0.091572	2.9043e-05	0.039225	supercritical
435.00	89.000	77.852	0.012845	275.65	389.97	5.5740	0.69974	1.0063	408.76	0.090989	2.9088e-05	0.039289	supercritical
436.00	89.000	77.661	0.012876	276.37	390.97	5.5763	0.70001	1.0063	409.21	0.090410	2.9132e-05	0.039352	supercritical
437.00	89.000	77.471	0.012908	277.10	391.98	5.5786	0.70027	1.0063	409.66	0.089834	2.9176e-05	0.039416	supercritical
438.00	89.000	77.282	0.012940	277.82	392.98	5.5809	0.70054	1.0063	410.10	0.089260	2.9220e-05	0.039480	supercritical
439.00	89.000	77.093	0.012971	278.55	393.99	5.5832	0.70080	1.0063	410.55	0.088690	2.9265e-05	0.039544	supercritical
440.00	89.000	76.906	0.013003	279.27	395.00	5.5855	0.70107	1.0063	411.00	0.088123	2.9309e-05	0.039607	supercritical
441.00	89.000	76.720	0.013034	280.00	396.00	5.5878	0.70134	1.0063	411.45	0.087559	2.9353e-05	0.039671	supercritical
442.00	89.000	76.535	0.013066	280.72	397.01	5.5901	0.70160	1.0063	411.89	0.086998	2.9397e-05	0.039735	supercritical
443.00	89.000	76.350	0.013098	281.45	398.02	5.5923	0.70187	1.0063	412.34	0.086440	2.9441e-05	0.039799	supercritical
444.00	89.000	76.167	0.013129	282.17	399.02	5.5946	0.70214	1.0063	412.78	0.085885	2.9485e-05	0.039862	supercritical
445.00	89.000	75.985	0.013161	282.90	400.03	5.5969	0.70241	1.0063	413.23	0.085333	2.9529e-05	0.039926	supercritical
446.00	89.000	75.803	0.013192	283.63	401.03	5.5991	0.70268	1.0064	413.67	0.084783	2.9573e-05	0.039990	supercritical
447.00	89.000	75.623	0.013224	284.35	402.04	5.6014	0.70295	1.0064	414.11	0.084237	2.9617e-05	0.040053	supercritical
448.00	89.000	75.443	0.013255	285.08	403.05	5.6036	0.70323	1.0064	414.55	0.083693	2.9661e-05	0.040117	supercritical
449.00	89.000	75.265	0.013286	285.80	404.05	5.6059	0.70350	1.0064	414.99	0.083153	2.9704e-05	0.040181	supercritical
450.00	89.000	75.087	0.013318	286.53	405.06	5.6081	0.70377	1.0065	415.43	0.082615	2.9748e-05	0.040244	supercritical
451.00	89.000	74.910	0.013349	287.26	406.07	5.6103	0.70405	1.0065	415.87	0.082080	2.9792e-05	0.040308	supercritical
452.00	89.000	74.734	0.013381	287.98	407.07	5.6126	0.70432	1.0066	416.31	0.081548	2.9836e-05	0.040372	supercritical
453.00	89.000	74.559	0.013412	288.71	408.08	5.6148	0.70460	1.0066	416.75	0.081018	2.9879e-05	0.040435	supercritical
454.00	89.000	74.385	0.013444	289.44	409.09	5.6170	0.70487	1.0066	417.18	0.080491	2.9923e-05	0.040499	supercritical
455.00	89.000	74.212	0.013475	290.17	410.09	5.6192	0.70515	1.0067	417.62	0.079968	2.9967e-05	0.040563	supercritical
456.00	89.000	74.039	0.013506	290.89	411.10	5.6214	0.70543	1.0067	418.05	0.079446	3.0010e-05	0.040626	supercritical
457.00	89.000	73.868	0.013538	291.62	412.11	5.6237	0.70570	1.0068	418.49	0.078928	3.0054e-05	0.040690	supercritical
458.00	89.000	73.697	0.013569	292.35	413.11	5.6259	0.70598	1.0068	418.92	0.078412	3.0097e-05	0.040753	supercritical
459.00	89.000	73.527	0.013600	293.08	414.12	5.6281	0.70626	1.0069	419.35	0.077899	3.0141e-05	0.040817	supercritical
460.00	89.000	73.358	0.013632	293.80	415.13	5.6302	0.70654	1.0069	419.79	0.077388	3.0184e-05	0.040880	supercritical
461.00	89.000	73.190	0.013663	294.53	416.13	5.6324	0.70682	1.0070	420.22	0.076880	3.0228e-05	0.040944	supercritical
462.00	89.000	73.023	0.013694	295.26	417.14	5.6346	0.70710	1.0071	420.65	0.076375	3.0271e-05	0.041007	supercritical
463.00	89.000	72.856	0.013726	295.99	418.15	5.6368	0.70738	1.0071	421.08	0.075872	3.0314e-05	0.041071	supercritical
464.00	89.000	72.690	0.013757	296.72	419.16	5.6390	0.70766	1.0072	421.51	0.075372	3.0358e-05	0.041134	supercritical
465.00	89.000	72.525	0.013788	297.45	420.16	5.6411	0.70794	1.0073	421.94	0.074875	3.0401e-05	0.041198	supercritical
466.00	89.000	72.361	0.013820	298.18	421.17	5.6433	0.70823	1.0073	422.36	0.074380	3.0444e-05	0.041261	supercritical
467.00	89.000	72.198	0.013851	298.91	422.18	5.6455	0.70851	1.0074	422.79	0.073887	3.0487e-05	0.041325	supercritical
468.00	89.000	72.036	0.013882	299.63	423.18	5.6476	0.70879	1.0075	423.22	0.073397	3.0530e-05	0.041388	supercritical
469.00	89.000	71.874	0.013913	300.36	424.19	5.6498	0.70908	1.0076	423.64	0.072910	3.0574e-05	0.041452	supercritical
470.00	89.000	71.713	0.013945	301.09	425.20	5.6519	0.70936	1.0077	424.07	0.072425	3.0617e-05	0.041515	supercritical
471.00	89.000	71.553	0.013976	301.82	426.21	5.6540	0.70964	1.0077	424.49	0.071942	3.0660e-05	0.041578	supercritical
472.00	89.000	71.393	0.014007	302.55	427.22	5.6562	0.70993	1.0078	424.92	0.071462	3.0703e-05	0.041642	supercritical
473.00	89.000	71.235	0.014038	303.28	428.22	5.6583	0.71022	1.0079	425.34	0.070985	3.0746e-05	0.041705	supercritical
474.00	89.000	71.077	0.014069	304.01	429.23	5.6604	0.71050	1.0080	425.76	0.070509	3.0789e-05	0.041769	supercritical
475.00	89.000	70.920	0.014100	304.75	430.24	5.6626	0.71079	1.0081	426.19	0.070037	3.0832e-05	0.041832	supercritical
476.00	89.000	70.763	0.014132	305.48	431.25	5.6647	0.71107	1.0082	426.61	0.069566	3.0875e-05	0.041895	supercritical
477.00	89.000	70.607	0.014163	306.21	432.26	5.6668	0.71136	1.0083	427.03	0.069098	3.0917e-05	0.041959	supercritical
478.00	89.000	70.453	0.014194	306.94	433.26	5.6689	0.71165	1.0084	427.45	0.068632	3.0960e-05	0.042022	supercritical
479.00	89.000	70.298	0.014225	307.67	434.27	5.6710	0.71194	1.0085	427.87	0.068169	3.1003e-05	0.042085	supercritical
480.00	89.000	70.145	0.014256	308.40	435.28	5.6731	0.71222	1.0086	428.29	0.067708	3.1046e-05	0.042148	supercritical
481.00	89.000	69.992	0.014287	309.13	436.29	5.6752	0.71251	1.0087	428.70	0.067249	3.1089e-05	0.042212	supercritical
482.00	89.000	69.840	0.014318	309.86	437.30	5.6773	0.71280	1.0088	429.12	0.066793	3.1131e-05	0.042275	supercritical
483.00	89.000	69.689	0.014350	310.60	438.31	5.6794	0.71309	1.0089	429.54	0.066338	3.1174e-05	0.042338	supercritical
484.00	89.000	69.538	0.014381	311.33	439.32	5.6815	0.71338	1.0090	429.95	0.065886	3.1217e-05	0.042401	supercritical
485.00	89.000	69.388	0.014412	312.06	440.32	5.6836	0.71367	1.0091	430.37	0.065437	3.1259e-05	0.042465	supercritical
486.00	89.000	69.239	0.014443	312.79	441.33	5.6857	0.71396	1.0092	430.78	0.064989	3.1302e-05	0.042528	supercritical
487.00	89.000	69.090	0.014474	313.53	442.34	5.6877	0.71425	1.0093	431.20	0.064544	3.1344e-05	0.042591	supercritical
488.00	89.000	68.942	0.014505	314.26	443.35	5.6898	0.71454	1.0094	431.61	0.064101	3.1387e-05	0.042654	supercritical
489.00	89.000	68.795	0.014536	314.99	444.36	5.6919	0.71483	1.0095	432.03	0.063660	3.1429e-05	0.042717	supercritical
490.00	89.000	68.648	0.014567	315.73	445.37	5.6939	0.71512	1.0096	432.44	0.063221	3.1472e-05	0.042780	supercritical
491.00	89.000	68.502	0.014598	316.46	446.38	5.6960	0.71541	1.0098	432.85	0.062785	3.1514e-05	0.042843	supercritical
492.00	89.000	68.357	0.014629	317.19	447.39	5.6980	0.71570	1.0099	433.26	0.062350	3.1556e-05	0.042906	supercritical
493.00	89.000	68.213	0.014660	317.93	448.40	5.7001	0.71600	1.0100	433.67	0.061918	3.1599e-05	0.042970	supercritical
494.00	89.000	68.069	0.014691	318.66	449.41	5.7021	0.71629	1.0101	434.08	0.061488	3.1641e-05	0.043033	supercritical
495.00	89.000	67.925	0.014722	319.40	450.42	5.7042	0.71658	1.0102	434.49	0.061060	3.1683e-05	0.043096	supercritical
496.00	89.000	67.783	0.014753	320.13	451.43	5.7062	0.71687	1.0104	434.90	0.060634	3.1725e-05	0.043159	supercritical
497.00	89.000	67.641	0.014784	320.86	452.44	5.7083	0.71716	1.0105	435.31	0.060210	3.1768e-05	0.043222	supercritical
498.00	89.000	67.499	0.014815	321.60	453.45	5.7103	0.71746	1.0106	435.72	0.059789	3.1810e-05	0.043285	supercritical
499.00	89.000	67.359	0.014846	322.33	454.46	5.7123	0.71775	1.0107	436.12	0.059369	3.1852e-05	0.043348	supercritical
500.00	89.000	67.218	0.014877	323.07	455.47	5.7143	0.71804	1.0109	436.53	0.058951	3.1894e-05	0.043411	supercritical
501.00	89.000	67.079	0.014908	323.81	456.49	5.7164	0.71834	1.0110	436.93	0.058535	3.1936e-05	0.043473	supercritical
502.00	89.000	66.940	0.014939	324.54	457.50	5.7184	0.71863	1.0111	437.34	0.058122	3.1978e-05	0.043536	supercritical
503.00	89.000	66.802	0.014970	325.28	458.51	5.7204	0.71892	1.0113	437.75	0.057710	3.2020e-05	0.043599	supercritical
504.00	89.000	66.664	0.015001	326.01	459.52	5.7224	0.71922	1.0114	438.15	0.057301	3.2062e-05	0.043662	supercritical
505.00	89.000	66.527	0.015031	326.75	460.53	5.7244	0.71951	1.0115	438.55	0.056893	3.2104e-05	0.043725	supercritical
506.00	89.000	66.391	0.015062	327.49	461.54	5.7264	0.71981	1.0117	438.96	0.056487	3.2146e-05	0.043788	supercritical
507.00	89.000	66.255	0.015093	328.22	462.55	5.7284	0.72010	1.0118	439.36	0.056083	3.2188e-05	0.043851	supercritical
508.00	89.000	66.119	0.015124	328.96	463.57	5.7304	0.72039	1.0120	439.76	0.055682	3.2230e-05	0.043914	supercritical
509.00	89.000	65.985	0.015155	329.70	464.58	5.7324	0.72069	1.0121	440.16	0.055282	3.2272e-05	0.043976	supercritical
510.00	89.000	65.850	0.015186	330.44	465.59	5.7344	0.72098	1.0123	440.56	0.054884	3.2313e-05	0.044039	supercritical
511.00	89.000	65.717	0.015217	331.17	466.60	5.7364	0.72128	1.0124	440.96	0.054488	3.2355e-05	0.044102	supercritical
512.00	89.000	65.584	0.015248	331.91	467.61	5.7383	0.72157	1.0125	441.36	0.054094	3.2397e-05	0.044165	supercritical
513.00	89.000	65.452	0.015278	332.65	468.63	5.7403	0.72187	1.0127	441.76	0.053701	3.2439e-05	0.044227	supercritical
514.00	89.000	65.320	0.015309	333.39	469.64	5.7423	0.72216	1.0128	442.16	0.053311	3.2480e-05	0.044290	supercritical
515.00	89.000	65.188	0.015340	334.13	470.65	5.7443	0.72246	1.0130	442.56	0.052922	3.2522e-05	0.044353	supercritical
516.00	89.000	65.058	0.015371	334.86	471.67	5.7462	0.72275	1.0131	442.96	0.052536	3.2563e-05	0.044416	supercritical
517.00	89.000	64.928	0.015402	335.60	472.68	5.7482	0.72305	1.0133	443.35	0.052151	3.2605e-05	0.044478	supercritical
518.00	89.000	64.798	0.015433	336.34	473.69	5.7501	0.72334	1.0134	443.75	0.051768	3.2646e-05	0.044541	supercritical
519.00	89.000	64.669	0.015463	337.08	474.71	5.7521	0.72364	1.0136	444.15	0.051386	3.2688e-05	0.044603	supercritical
520.00	89.000	64.540	0.015494	337.82	475.72	5.7540	0.72393	1.0137	444.54	0.051007	3.2729e-05	0.044666	supercritical
521.00	89.000	64.412	0.015525	338.56	476.73	5.7560	0.72423	1.0139	444.94	0.050629	3.2771e-05	0.044729	supercritical
522.00	89.000	64.285	0.015556	339.30	477.75	5.7579	0.72452	1.0141	445.33	0.050253	3.2812e-05	0.044791	supercritical
523.00	89.000	64.158	0.015587	340.04	478.76	5.7599	0.72482	1.0142	445.73	0.049879	3.2854e-05	0.044854	supercritical
524.00	89.000	64.032	0.015617	340.78	479.78	5.7618	0.72512	1.0144	446.12	0.049507	3.2895e-05	0.044916	supercritical
525.00	89.000	63.906	0.015648	341.52	480.79	5.7638	0.72541	1.0145	446.51	0.049136	3.2936e-05	0.044979	supercritical
526.00	89.000	63.780	0.015679	342.26	481.80	5.7657	0.72571	1.0147	446.91	0.048768	3.2978e-05	0.045041	supercritical
527.00	89.000	63.656	0.015710	343.00	482.82	5.7676	0.72600	1.0148	447.30	0.048400	3.3019e-05	0.045104	supercritical
528.00	89.000	63.531	0.015740	343.75	483.83	5.7695	0.72630	1.0150	447.69	0.048035	3.3060e-05	0.045166	supercritical
529.00	89.000	63.407	0.015771	344.49	484.85	5.7715	0.72659	1.0152	448.08	0.047671	3.3101e-05	0.045229	supercritical
530.00	89.000	63.284	0.015802	345.23	485.86	5.7734	0.72689	1.0153	448.47	0.047309	3.3142e-05	0.045291	supercritical
531.00	89.000	63.161	0.015832	345.97	486.88	5.7753	0.72718	1.0155	448.86	0.046949	3.3184e-05	0.045354	supercritical
532.00	89.000	63.039	0.015863	346.71	487.90	5.7772	0.72748	1.0157	449.25	0.046590	3.3225e-05	0.045416	supercritical
533.00	89.000	62.917	0.015894	347.46	488.91	5.7791	0.72778	1.0158	449.64	0.046233	3.3266e-05	0.045478	supercritical
534.00	89.000	62.796	0.015925	348.20	489.93	5.7810	0.72807	1.0160	450.03	0.045878	3.3307e-05	0.045541	supercritical
535.00	89.000	62.675	0.015955	348.94	490.94	5.7829	0.72837	1.0162	450.42	0.045524	3.3348e-05	0.045603	supercritical
536.00	89.000	62.555	0.015986	349.68	491.96	5.7848	0.72866	1.0163	450.80	0.045172	3.3389e-05	0.045665	supercritical
537.00	89.000	62.435	0.016017	350.43	492.98	5.7867	0.72896	1.0165	451.19	0.044822	3.3430e-05	0.045728	supercritical
538.00	89.000	62.316	0.016047	351.17	493.99	5.7886	0.72925	1.0167	451.58	0.044473	3.3471e-05	0.045790	supercritical
539.00	89.000	62.197	0.016078	351.92	495.01	5.7905	0.72955	1.0168	451.96	0.044126	3.3511e-05	0.045852	supercritical
540.00	89.000	62.079	0.016109	352.66	496.03	5.7924	0.72984	1.0170	452.35	0.043780	3.3552e-05	0.045915	supercritical
541.00	89.000	61.961	0.016139	353.40	497.04	5.7942	0.73014	1.0172	452.73	0.043436	3.3593e-05	0.045977	supercritical
542.00	89.000	61.843	0.016170	354.15	498.06	5.7961	0.73043	1.0174	453.12	0.043093	3.3634e-05	0.046039	supercritical
543.00	89.000	61.726	0.016201	354.89	499.08	5.7980	0.73073	1.0175	453.50	0.042753	3.3675e-05	0.046101	supercritical
544.00	89.000	61.610	0.016231	355.64	500.10	5.7999	0.73102	1.0177	453.89	0.042413	3.3715e-05	0.046163	supercritical
545.00	89.000	61.494	0.016262	356.38	501.11	5.8017	0.73132	1.0179	454.27	0.042075	3.3756e-05	0.046226	supercritical
546.00	89.000	61.378	0.016292	357.13	502.13	5.8036	0.73161	1.0181	454.65	0.041739	3.3797e-05	0.046288	supercritical
547.00	89.000	61.263	0.016323	357.87	503.15	5.8055	0.73191	1.0182	455.04	0.041404	3.3837e-05	0.046350	supercritical
548.00	89.000	61.148	0.016354	358.62	504.17	5.8073	0.73220	1.0184	455.42	0.041071	3.3878e-05	0.046412	supercritical
549.00	89.000	61.034	0.016384	359.37	505.19	5.8092	0.73249	1.0186	455.80	0.040740	3.3919e-05	0.046474	supercritical
550.00	89.000	60.920	0.016415	360.11	506.21	5.8110	0.73279	1.0188	456.18	0.040409	3.3959e-05	0.046536	supercritical
551.00	89.000	60.807	0.016445	360.86	507.22	5.8129	0.73308	1.0189	456.56	0.040081	3.4000e-05	0.046598	supercritical
552.00	89.000	60.694	0.016476	361.61	508.24	5.8147	0.73338	1.0191	456.94	0.039753	3.4040e-05	0.046660	supercritical
553.00	89.000	60.582	0.016507	362.35	509.26	5.8166	0.73367	1.0193	457.32	0.039428	3.4081e-05	0.046722	supercritical
554.00	89.000	60.470	0.016537	363.10	510.28	5.8184	0.73396	1.0195	457.70	0.039103	3.4121e-05	0.046784	supercritical
555.00	89.000	60.358	0.016568	363.85	511.30	5.8203	0.73426	1.0197	458.08	0.038781	3.4162e-05	0.046846	supercritical
556.00	89.000	60.247	0.016598	364.60	512.32	5.8221	0.73455	1.0198	458.46	0.038459	3.4202e-05	0.046908	supercritical
557.00	89.000	60.136	0.016629	365.34	513.34	5.8239	0.73485	1.0200	458.83	0.038139	3.4242e-05	0.046970	supercritical
558.00	89.000	60.026	0.016659	366.09	514.36	5.8258	0.73514	1.0202	459.21	0.037821	3.4283e-05	0.047032	supercritical
559.00	89.000	59.916	0.016690	366.84	515.38	5.8276	0.73543	1.0204	459.59	0.037504	3.4323e-05	0.047094	supercritical
560.00	89.000	59.807	0.016721	367.59	516.40	5.8294	0.73572	1.0206	459.97	0.037188	3.4363e-05	0.047156	supercritical
561.00	89.000	59.698	0.016751	368.34	517.42	5.8312	0.73602	1.0208	460.34	0.036874	3.4403e-05	0.047218	supercritical
562.00	89.000	59.589	0.016782	369.09	518.44	5.8331	0.73631	1.0210	460.72	0.036561	3.4444e-05	0.047279	supercritical
563.00	89.000	59.481	0.016812	369.84	519.46	5.8349	0.73660	1.0211	461.09	0.036250	3.4484e-05	0.047341	supercritical
564.00	89.000	59.373	0.016843	370.59	520.49	5.8367	0.73689	1.0213	461.47	0.035940	3.4524e-05	0.047403	supercritical
565.00	89.000	59.266	0.016873	371.34	521.51	5.8385	0.73719	1.0215	461.84	0.035631	3.4564e-05	0.047465	supercritical
566.00	89.000	59.159	0.016904	372.09	522.53	5.8403	0.73748	1.0217	462.22	0.035324	3.4604e-05	0.047527	supercritical
567.00	89.000	59.052	0.016934	372.84	523.55	5.8421	0.73777	1.0219	462.59	0.035018	3.4644e-05	0.047588	supercritical
568.00	89.000	58.946	0.016965	373.59	524.57	5.8439	0.73806	1.0221	462.96	0.034713	3.4684e-05	0.047650	supercritical
569.00	89.000	58.840	0.016995	374.34	525.59	5.8457	0.73835	1.0223	463.34	0.034410	3.4724e-05	0.047712	supercritical
570.00	89.000	58.735	0.017026	375.09	526.62	5.8475	0.73864	1.0225	463.71	0.034108	3.4764e-05	0.047774	supercritical
571.00	89.000	58.630	0.017056	375.84	527.64	5.8493	0.73894	1.0226	464.08	0.033807	3.4804e-05	0.047835	supercritical
572.00	89.000	58.526	0.017087	376.59	528.66	5.8511	0.73923	1.0228	464.45	0.033508	3.4844e-05	0.047897	supercritical
573.00	89.000	58.421	0.017117	377.34	529.69	5.8529	0.73952	1.0230	464.82	0.033210	3.4884e-05	0.047959	supercritical
574.00	89.000	58.318	0.017147	378.10	530.71	5.8546	0.73981	1.0232	465.20	0.032913	3.4924e-05	0.048020	supercritical
575.00	89.000	58.214	0.017178	378.85	531.73	5.8564	0.74010	1.0234	465.57	0.032618	3.4964e-05	0.048082	supercritical
576.00	89.000	58.111	0.017208	379.60	532.76	5.8582	0.74039	1.0236	465.94	0.032324	3.5003e-05	0.048143	supercritical
577.00	89.000	58.009	0.017239	380.35	533.78	5.8600	0.74068	1.0238	466.31	0.032031	3.5043e-05	0.048205	supercritical
578.00	89.000	57.906	0.017269	381.11	534.80	5.8618	0.74097	1.0240	466.67	0.031740	3.5083e-05	0.048266	supercritical
579.00	89.000	57.804	0.017300	381.86	535.83	5.8635	0.74126	1.0242	467.04	0.031449	3.5123e-05	0.048328	supercritical
580.00	89.000	57.703	0.017330	382.61	536.85	5.8653	0.74154	1.0244	467.41	0.031160	3.5162e-05	0.048389	supercritical
581.00	89.000	57.602	0.017361	383.37	537.88	5.8671	0.74183	1.0246	467.78	0.030873	3.5202e-05	0.048451	supercritical
582.00	89.000	57.501	0.017391	384.12	538.90	5.8688	0.74212	1.0247	468.15	0.030586	3.5242e-05	0.048512	supercritical
583.00	89.000	57.401	0.017421	384.87	539.93	5.8706	0.74241	1.0249	468.51	0.030301	3.5281e-05	0.048574	supercritical
584.00	89.000	57.301	0.017452	385.63	540.95	5.8723	0.74270	1.0251	468.88	0.030017	3.5321e-05	0.048635	supercritical
585.00	89.000	57.201	0.017482	386.38	541.98	5.8741	0.74299	1.0253	469.25	0.029734	3.5360e-05	0.048697	supercritical
586.00	89.000	57.102	0.017513	387.14	543.00	5.8758	0.74327	1.0255	469.61	0.029452	3.5400e-05	0.048758	supercritical
587.00	89.000	57.003	0.017543	387.89	544.03	5.8776	0.74356	1.0257	469.98	0.029172	3.5440e-05	0.048819	supercritical
588.00	89.000	56.904	0.017573	388.65	545.05	5.8793	0.74385	1.0259	470.35	0.028893	3.5479e-05	0.048881	supercritical
589.00	89.000	56.806	0.017604	389.40	546.08	5.8811	0.74414	1.0261	470.71	0.028615	3.5518e-05	0.048942	supercritical
590.00	89.000	56.708	0.017634	390.16	547.10	5.8828	0.74442	1.0263	471.07	0.028338	3.5558e-05	0.049003	supercritical
591.00	89.000	56.610	0.017665	390.92	548.13	5.8846	0.74471	1.0265	471.44	0.028063	3.5597e-05	0.049065	supercritical
592.00	89.000	56.513	0.017695	391.67	549.16	5.8863	0.74499	1.0267	471.80	0.027788	3.5637e-05	0.049126	supercritical
593.00	89.000	56.416	0.017725	392.43	550.18	5.8880	0.74528	1.0269	472.17	0.027515	3.5676e-05	0.049187	supercritical
594.00	89.000	56.320	0.017756	393.19	551.21	5.8898	0.74557	1.0271	472.53	0.027243	3.5715e-05	0.049248	supercritical
595.00	89.000	56.224	0.017786	393.94	552.24	5.8915	0.74585	1.0273	472.89	0.026972	3.5755e-05	0.049310	supercritical
596.00	89.000	56.128	0.017816	394.70	553.27	5.8932	0.74614	1.0275	473.25	0.026702	3.5794e-05	0.049371	supercritical
597.00	89.000	56.033	0.017847	395.46	554.29	5.8949	0.74642	1.0277	473.62	0.026434	3.5833e-05	0.049432	supercritical
598.00	89.000	55.937	0.017877	396.22	555.32	5.8967	0.74671	1.0279	473.98	0.026166	3.5872e-05	0.049493	supercritical
599.00	89.000	55.843	0.017907	396.97	556.35	5.8984	0.74699	1.0281	474.34	0.025900	3.5911e-05	0.049554	supercritical
600.00	89.000	55.748	0.017938	397.73	557.38	5.9001	0.74727	1.0283	474.70	0.025635	3.5951e-05	0.049616	supercritical
