Temperature (K)	Pressure (bar)	Density (kg/m3)	Volume (m3/kg)	Internal Energy (kJ/kg)	Enthalpy (kJ/kg)	Entropy (J/g*K)	Cv (J/g*K)	Cp (J/g*K)	Sound Spd. (m/s)	Joule-Thomson (K/bar)	Viscosity (Pa*s)	Therm. Cond. (W/m*K)	Phase
60.000	83.000	1291.8	0.00077413	-185.46	-179.04	2.2355	1.0917	1.6561	1150.0	-0.037531	0.00061715	0.19728	liquid
61.000	83.000	1287.5	0.00077669	-183.83	-177.38	2.2629	1.0833	1.6581	1146.1	-0.037374	0.00058808	0.19595	liquid
62.000	83.000	1283.2	0.00077928	-182.19	-175.72	2.2898	1.0757	1.6597	1141.5	-0.037232	0.00056095	0.19461	liquid
63.000	83.000	1278.9	0.00078189	-180.55	-174.06	2.3164	1.0688	1.6609	1136.3	-0.037102	0.00053560	0.19327	liquid
64.000	83.000	1274.6	0.00078453	-178.91	-172.40	2.3426	1.0625	1.6618	1130.7	-0.036983	0.00051192	0.19193	liquid
65.000	83.000	1270.3	0.00078720	-177.27	-170.74	2.3683	1.0566	1.6624	1124.6	-0.036873	0.00048978	0.19059	liquid
66.000	83.000	1266.0	0.00078990	-175.63	-169.08	2.3937	1.0510	1.6627	1118.3	-0.036769	0.00046906	0.18925	liquid
67.000	83.000	1261.7	0.00079261	-173.99	-167.41	2.4187	1.0456	1.6628	1111.7	-0.036670	0.00044965	0.18791	liquid
68.000	83.000	1257.3	0.00079535	-172.35	-165.75	2.4434	1.0404	1.6628	1104.9	-0.036574	0.00043146	0.18657	liquid
69.000	83.000	1252.9	0.00079812	-170.71	-164.09	2.4676	1.0354	1.6626	1098.0	-0.036480	0.00041440	0.18523	liquid
70.000	83.000	1248.6	0.00080091	-169.07	-162.43	2.4915	1.0305	1.6622	1090.9	-0.036386	0.00039839	0.18390	liquid
71.000	83.000	1244.2	0.00080372	-167.43	-160.76	2.5151	1.0257	1.6618	1083.8	-0.036292	0.00038333	0.18256	liquid
72.000	83.000	1239.8	0.00080656	-165.80	-159.10	2.5384	1.0210	1.6614	1076.5	-0.036195	0.00036917	0.18122	liquid
73.000	83.000	1235.4	0.00080942	-164.16	-157.44	2.5613	1.0163	1.6609	1069.2	-0.036096	0.00035583	0.17988	liquid
74.000	83.000	1231.1	0.00081231	-162.52	-155.78	2.5839	1.0117	1.6604	1061.9	-0.035992	0.00034326	0.17855	liquid
75.000	83.000	1226.7	0.00081523	-160.89	-154.12	2.6062	1.0072	1.6599	1054.6	-0.035884	0.00033140	0.17721	liquid
76.000	83.000	1222.2	0.00081817	-159.25	-152.46	2.6281	1.0028	1.6595	1047.2	-0.035771	0.00032020	0.17587	liquid
77.000	83.000	1217.8	0.00082113	-157.62	-150.80	2.6498	0.99836	1.6591	1039.8	-0.035652	0.00030962	0.17453	liquid
78.000	83.000	1213.4	0.00082413	-155.98	-149.14	2.6712	0.99400	1.6588	1032.3	-0.035526	0.00029960	0.17319	liquid
79.000	83.000	1209.0	0.00082716	-154.35	-147.48	2.6924	0.98970	1.6585	1024.9	-0.035393	0.00029010	0.17185	liquid
80.000	83.000	1204.5	0.00083021	-152.72	-145.83	2.7132	0.98544	1.6584	1017.5	-0.035252	0.00028110	0.17051	liquid
81.000	83.000	1200.1	0.00083330	-151.08	-144.17	2.7338	0.98123	1.6583	1010.0	-0.035104	0.00027256	0.16917	liquid
82.000	83.000	1195.6	0.00083641	-149.45	-142.51	2.7542	0.97707	1.6583	1002.6	-0.034946	0.00026444	0.16783	liquid
83.000	83.000	1191.1	0.00083956	-147.82	-140.85	2.7743	0.97296	1.6585	995.16	-0.034780	0.00025672	0.16649	liquid
84.000	83.000	1186.6	0.00084274	-146.19	-139.19	2.7941	0.96890	1.6588	987.73	-0.034605	0.00024937	0.16515	liquid
85.000	83.000	1182.1	0.00084596	-144.55	-137.53	2.8138	0.96488	1.6591	980.29	-0.034419	0.00024237	0.16380	liquid
86.000	83.000	1177.6	0.00084921	-142.92	-135.87	2.8332	0.96092	1.6596	972.85	-0.034224	0.00023569	0.16246	liquid
87.000	83.000	1173.0	0.00085250	-141.29	-134.21	2.8524	0.95700	1.6603	965.41	-0.034018	0.00022931	0.16111	liquid
88.000	83.000	1168.5	0.00085583	-139.66	-132.55	2.8713	0.95314	1.6610	957.97	-0.033802	0.00022321	0.15977	liquid
89.000	83.000	1163.9	0.00085919	-138.02	-130.89	2.8901	0.94932	1.6620	950.53	-0.033574	0.00021738	0.15842	liquid
90.000	83.000	1159.3	0.00086260	-136.39	-129.23	2.9087	0.94555	1.6630	943.08	-0.033335	0.00021179	0.15707	liquid
91.000	83.000	1154.7	0.00086604	-134.75	-127.57	2.9271	0.94183	1.6642	935.63	-0.033084	0.00020643	0.15572	liquid
92.000	83.000	1150.0	0.00086953	-133.12	-125.90	2.9453	0.93816	1.6655	928.18	-0.032821	0.00020130	0.15437	liquid
93.000	83.000	1145.4	0.00087306	-131.48	-124.23	2.9633	0.93453	1.6670	920.72	-0.032545	0.00019636	0.15301	liquid
94.000	83.000	1140.7	0.00087664	-129.84	-122.57	2.9811	0.93096	1.6686	913.26	-0.032256	0.00019162	0.15166	liquid
95.000	83.000	1136.0	0.00088026	-128.20	-120.90	2.9988	0.92743	1.6704	905.79	-0.031954	0.00018706	0.15030	liquid
96.000	83.000	1131.3	0.00088393	-126.56	-119.23	3.0163	0.92395	1.6723	898.31	-0.031638	0.00018267	0.14895	liquid
97.000	83.000	1126.6	0.00088765	-124.92	-117.55	3.0336	0.92052	1.6744	890.82	-0.031308	0.00017843	0.14759	liquid
98.000	83.000	1121.8	0.00089143	-123.28	-115.88	3.0508	0.91713	1.6767	883.32	-0.030963	0.00017435	0.14623	liquid
99.000	83.000	1117.0	0.00089525	-121.63	-114.20	3.0679	0.91380	1.6791	875.81	-0.030602	0.00017041	0.14487	liquid
100.00	83.000	1112.2	0.00089913	-119.98	-112.52	3.0847	0.91051	1.6817	868.29	-0.030226	0.00016660	0.14351	liquid
101.00	83.000	1107.3	0.00090307	-118.33	-110.84	3.1015	0.90726	1.6845	860.75	-0.029834	0.00016291	0.14214	liquid
102.00	83.000	1102.5	0.00090707	-116.68	-109.15	3.1181	0.90406	1.6874	853.20	-0.029425	0.00015935	0.14078	liquid
103.00	83.000	1097.5	0.00091112	-115.02	-107.46	3.1346	0.90091	1.6905	845.63	-0.028998	0.00015590	0.13942	liquid
104.00	83.000	1092.6	0.00091524	-113.36	-105.77	3.1509	0.89780	1.6938	838.04	-0.028553	0.00015255	0.13805	liquid
105.00	83.000	1087.6	0.00091942	-111.70	-104.07	3.1671	0.89474	1.6973	830.43	-0.028089	0.00014931	0.13668	liquid
106.00	83.000	1082.6	0.00092367	-110.04	-102.37	3.1833	0.89172	1.7010	822.81	-0.027605	0.00014616	0.13532	liquid
107.00	83.000	1077.6	0.00092799	-108.37	-100.67	3.1992	0.88875	1.7049	815.16	-0.027101	0.00014310	0.13395	liquid
108.00	83.000	1072.5	0.00093238	-106.70	-98.964	3.2151	0.88582	1.7090	807.49	-0.026576	0.00014012	0.13258	liquid
109.00	83.000	1067.4	0.00093685	-105.03	-97.252	3.2309	0.88293	1.7133	799.79	-0.026029	0.00013723	0.13122	liquid
110.00	83.000	1062.3	0.00094139	-103.35	-95.537	3.2466	0.88009	1.7178	792.07	-0.025459	0.00013441	0.12985	liquid
111.00	83.000	1057.1	0.00094601	-101.67	-93.817	3.2621	0.87730	1.7226	784.33	-0.024864	0.00013167	0.12849	liquid
112.00	83.000	1051.8	0.00095072	-99.983	-92.092	3.2776	0.87455	1.7276	776.55	-0.024244	0.00012899	0.12712	liquid
113.00	83.000	1046.6	0.00095551	-98.292	-90.361	3.2930	0.87184	1.7329	768.75	-0.023598	0.00012638	0.12575	liquid
114.00	83.000	1041.2	0.00096039	-96.597	-88.626	3.3083	0.86918	1.7384	760.91	-0.022925	0.00012384	0.12439	liquid
115.00	83.000	1035.9	0.00096537	-94.897	-86.885	3.3235	0.86657	1.7442	753.04	-0.022222	0.00012135	0.12302	liquid
116.00	83.000	1030.5	0.00097044	-93.192	-85.137	3.3386	0.86400	1.7502	745.14	-0.021490	0.00011892	0.12165	liquid
117.00	83.000	1025.0	0.00097562	-91.482	-83.384	3.3537	0.86147	1.7566	737.21	-0.020725	0.00011655	0.12029	liquid
118.00	83.000	1019.5	0.00098090	-89.766	-81.624	3.3686	0.85900	1.7633	729.23	-0.019927	0.00011423	0.11892	liquid
119.00	83.000	1013.9	0.00098629	-88.044	-79.857	3.3835	0.85657	1.7703	721.22	-0.019094	0.00011196	0.11755	liquid
120.00	83.000	1008.3	0.00099180	-86.315	-78.083	3.3984	0.85418	1.7776	713.16	-0.018223	0.00010973	0.11619	liquid
121.00	83.000	1002.6	0.00099742	-84.581	-76.302	3.4132	0.85185	1.7854	705.07	-0.017314	0.00010755	0.11482	liquid
122.00	83.000	996.83	0.0010032	-82.839	-74.513	3.4279	0.84956	1.7935	696.93	-0.016363	0.00010542	0.11346	liquid
123.00	83.000	991.02	0.0010091	-81.090	-72.715	3.4426	0.84732	1.8020	688.74	-0.015369	0.00010332	0.11209	liquid
124.00	83.000	985.14	0.0010151	-79.334	-70.909	3.4572	0.84514	1.8109	680.50	-0.014328	0.00010127	0.11073	liquid
125.00	83.000	979.19	0.0010212	-77.569	-69.093	3.4718	0.84301	1.8203	672.22	-0.013239	9.9256e-05	0.10936	liquid
126.00	83.000	973.17	0.0010276	-75.797	-67.268	3.4863	0.84093	1.8302	663.88	-0.012098	9.7277e-05	0.10800	liquid
127.00	83.000	967.07	0.0010340	-74.015	-65.432	3.5008	0.83890	1.8406	655.49	-0.010901	9.5333e-05	0.10664	liquid
128.00	83.000	960.90	0.0010407	-72.224	-63.586	3.5153	0.83693	1.8515	647.04	-0.0096462	9.3422e-05	0.10527	liquid
129.00	83.000	954.63	0.0010475	-70.424	-61.729	3.5298	0.83502	1.8630	638.53	-0.0083288	9.1545e-05	0.10391	liquid
130.00	83.000	948.29	0.0010545	-68.613	-59.860	3.5442	0.83317	1.8752	629.95	-0.0069448	8.9698e-05	0.10255	liquid
131.00	83.000	941.85	0.0010617	-66.791	-57.979	3.5586	0.83138	1.8880	621.32	-0.0054896	8.7880e-05	0.10120	liquid
132.00	83.000	935.31	0.0010692	-64.958	-56.084	3.5730	0.82966	1.9016	612.61	-0.0039583	8.6091e-05	0.099838	liquid
133.00	83.000	928.67	0.0010768	-63.113	-54.175	3.5874	0.82801	1.9159	603.83	-0.0023453	8.4330e-05	0.098482	liquid
134.00	83.000	921.92	0.0010847	-61.255	-52.252	3.6018	0.82642	1.9311	594.98	-0.00064481	8.2594e-05	0.097127	liquid
135.00	83.000	915.07	0.0010928	-59.383	-50.313	3.6163	0.82491	1.9473	586.05	0.0011499	8.0884e-05	0.095773	liquid
136.00	83.000	908.09	0.0011012	-57.497	-48.357	3.6307	0.82347	1.9644	577.03	0.0030462	7.9198e-05	0.094420	liquid
137.00	83.000	900.98	0.0011099	-55.596	-46.384	3.6451	0.82212	1.9826	567.93	0.0050521	7.7534e-05	0.093069	liquid
138.00	83.000	893.75	0.0011189	-53.678	-44.391	3.6596	0.82085	2.0020	558.74	0.0071766	7.5892e-05	0.091719	liquid
139.00	83.000	886.36	0.0011282	-51.743	-42.379	3.6742	0.81967	2.0226	549.46	0.0094296	7.4271e-05	0.090371	liquid
140.00	83.000	878.83	0.0011379	-49.790	-40.346	3.6887	0.81859	2.0447	540.08	0.011822	7.2670e-05	0.089023	liquid
141.00	83.000	871.14	0.0011479	-47.817	-38.289	3.7034	0.81761	2.0684	530.59	0.014367	7.1087e-05	0.087677	liquid
142.00	83.000	863.27	0.0011584	-45.823	-36.208	3.7181	0.81673	2.0938	521.00	0.017078	6.9522e-05	0.086332	liquid
143.00	83.000	855.22	0.0011693	-43.806	-34.101	3.7329	0.81598	2.1211	511.29	0.019970	6.7973e-05	0.084987	liquid
144.00	83.000	846.97	0.0011807	-41.765	-31.965	3.7478	0.81535	2.1505	501.47	0.023062	6.6439e-05	0.083644	liquid
145.00	83.000	838.51	0.0011926	-39.698	-29.799	3.7627	0.81485	2.1823	491.51	0.026372	6.4920e-05	0.082301	liquid
146.00	83.000	829.82	0.0012051	-37.602	-27.600	3.7779	0.81450	2.2167	481.43	0.029925	6.3414e-05	0.080958	liquid
147.00	83.000	820.88	0.0012182	-35.476	-25.365	3.7931	0.81430	2.2542	471.22	0.033745	6.1919e-05	0.079616	liquid
148.00	83.000	811.67	0.0012320	-33.316	-23.091	3.8085	0.81428	2.2950	460.86	0.037861	6.0434e-05	0.078272	liquid
149.00	83.000	802.17	0.0012466	-31.121	-20.774	3.8241	0.81444	2.3396	450.36	0.042307	5.8958e-05	0.076929	liquid
150.00	83.000	792.35	0.0012621	-28.885	-18.410	3.8399	0.81481	2.3885	439.72	0.047121	5.7489e-05	0.075583	liquid
151.00	83.000	782.17	0.0012785	-26.606	-15.995	3.8560	0.81539	2.4424	428.92	0.052348	5.6026e-05	0.074236	liquid
152.00	83.000	771.61	0.0012960	-24.280	-13.523	3.8723	0.81622	2.5020	417.96	0.058038	5.4566e-05	0.072886	liquid
153.00	83.000	760.63	0.0013147	-21.901	-10.989	3.8889	0.81731	2.5683	406.85	0.064251	5.3107e-05	0.071532	liquid
154.00	83.000	749.17	0.0013348	-19.463	-8.3842	3.9059	0.81868	2.6422	395.59	0.071055	5.1648e-05	0.070174	liquid
155.00	83.000	737.20	0.0013565	-16.960	-5.7014	3.9233	0.82036	2.7250	384.19	0.078530	5.0185e-05	0.068810	supercritical
156.00	83.000	724.63	0.0013800	-14.385	-2.9307	3.9411	0.82238	2.8183	372.64	0.086769	4.8716e-05	0.067438	supercritical
157.00	83.000	711.42	0.0014056	-11.728	-0.060772	3.9594	0.82475	2.9238	360.97	0.095881	4.7238e-05	0.066058	supercritical
158.00	83.000	697.47	0.0014338	-8.9785	2.9217	3.9784	0.82750	3.0437	349.19	0.10599	4.5746e-05	0.064667	supercritical
159.00	83.000	682.69	0.0014648	-6.1255	6.0323	3.9980	0.83065	3.1804	337.33	0.11724	4.4238e-05	0.063264	supercritical
160.00	83.000	666.99	0.0014993	-3.1552	9.2889	4.0184	0.83420	3.3362	325.43	0.12979	4.2710e-05	0.061845	supercritical
161.00	83.000	650.24	0.0015379	-0.052720	12.712	4.0397	0.83816	3.5135	313.55	0.14381	4.1157e-05	0.060408	supercritical
162.00	83.000	632.33	0.0015814	3.1975	16.324	4.0621	0.84250	3.7137	301.77	0.15947	3.9578e-05	0.058949	supercritical
163.00	83.000	613.17	0.0016309	6.6104	20.147	4.0856	0.84716	3.9362	290.21	0.17694	3.7970e-05	0.057461	supercritical
164.00	83.000	592.66	0.0016873	10.198	24.202	4.1104	0.85201	4.1768	279.02	0.19631	3.6337e-05	0.055939	supercritical
165.00	83.000	570.83	0.0017518	13.963	28.503	4.1366	0.85683	4.4254	268.41	0.21761	3.4684e-05	0.054371	supercritical
166.00	83.000	547.77	0.0018256	17.897	33.049	4.1640	0.86124	4.6634	258.63	0.24068	3.3028e-05	0.052747	supercritical
167.00	83.000	523.78	0.0019092	21.971	37.817	4.1927	0.86470	4.8624	249.95	0.26510	3.1393e-05	0.051057	supercritical
168.00	83.000	499.34	0.0020026	26.128	42.750	4.2221	0.86663	4.9874	242.63	0.29017	2.9812e-05	0.049300	supercritical
169.00	83.000	475.12	0.0021047	30.287	47.757	4.2518	0.86656	5.0079	236.81	0.31490	2.8326e-05	0.047492	supercritical
170.00	83.000	451.82	0.0022133	34.357	52.727	4.2812	0.86436	4.9145	232.50	0.33821	2.6972e-05	0.045673	supercritical
171.00	83.000	430.04	0.0023253	38.254	57.554	4.3095	0.86027	4.7265	229.54	0.35929	2.5772e-05	0.043898	supercritical
172.00	83.000	410.13	0.0024383	41.923	62.161	4.3363	0.85481	4.4804	227.69	0.37769	2.4733e-05	0.042219	supercritical
173.00	83.000	392.17	0.0025499	45.344	66.508	4.3615	0.84852	4.2123	226.69	0.39334	2.3846e-05	0.040675	supercritical
174.00	83.000	376.09	0.0026589	48.517	70.587	4.3850	0.84184	3.9475	226.32	0.40641	2.3094e-05	0.039280	supercritical
175.00	83.000	361.70	0.0027647	51.461	74.409	4.4069	0.83509	3.6999	226.40	0.41719	2.2458e-05	0.038033	supercritical
176.00	83.000	348.81	0.0028669	54.199	77.994	4.4274	0.82844	3.4752	226.80	0.42597	2.1919e-05	0.036926	supercritical
177.00	83.000	337.21	0.0029655	56.753	81.367	4.4465	0.82201	3.2743	227.44	0.43305	2.1461e-05	0.035943	supercritical
178.00	83.000	326.72	0.0030607	59.146	84.550	4.4644	0.81584	3.0960	228.24	0.43869	2.1069e-05	0.035070	supercritical
179.00	83.000	317.20	0.0031526	61.399	87.566	4.4813	0.80996	2.9381	229.17	0.44309	2.0733e-05	0.034294	supercritical
180.00	83.000	308.50	0.0032415	63.528	90.433	4.4973	0.80437	2.7982	230.19	0.44645	2.0444e-05	0.033603	supercritical
181.00	83.000	300.53	0.0033275	65.549	93.167	4.5124	0.79905	2.6737	231.28	0.44892	2.0194e-05	0.032984	supercritical
182.00	83.000	293.18	0.0034109	67.474	95.785	4.5269	0.79400	2.5628	232.42	0.45064	1.9977e-05	0.032429	supercritical
183.00	83.000	286.37	0.0034920	69.314	98.297	4.5406	0.78920	2.4635	233.59	0.45172	1.9789e-05	0.031930	supercritical
184.00	83.000	280.05	0.0035708	71.078	100.71	4.5538	0.78464	2.3742	234.78	0.45224	1.9625e-05	0.031479	supercritical
185.00	83.000	274.16	0.0036475	72.774	103.05	4.5664	0.78031	2.2937	235.99	0.45229	1.9482e-05	0.031072	supercritical
186.00	83.000	268.64	0.0037224	74.409	105.30	4.5786	0.77619	2.2208	237.21	0.45194	1.9357e-05	0.030704	supercritical
187.00	83.000	263.47	0.0037955	75.989	107.49	4.5903	0.77226	2.1544	238.44	0.45123	1.9248e-05	0.030369	supercritical
188.00	83.000	258.60	0.0038670	77.519	109.62	4.6017	0.76852	2.0939	239.67	0.45023	1.9153e-05	0.030064	supercritical
189.00	83.000	254.00	0.0039370	79.004	111.68	4.6126	0.76496	2.0385	240.90	0.44896	1.9071e-05	0.029787	supercritical
190.00	83.000	249.65	0.0040056	80.448	113.69	4.6232	0.76156	1.9876	242.12	0.44747	1.8999e-05	0.029534	supercritical
191.00	83.000	245.53	0.0040728	81.854	115.66	4.6336	0.75831	1.9407	243.34	0.44579	1.8938e-05	0.029302	supercritical
192.00	83.000	241.61	0.0041388	83.225	117.58	4.6436	0.75521	1.8974	244.56	0.44393	1.8885e-05	0.029091	supercritical
193.00	83.000	237.89	0.0042037	84.563	119.45	4.6533	0.75224	1.8573	245.77	0.44193	1.8839e-05	0.028898	supercritical
194.00	83.000	234.33	0.0042675	85.872	121.29	4.6628	0.74941	1.8200	246.97	0.43981	1.8801e-05	0.028721	supercritical
195.00	83.000	230.94	0.0043302	87.154	123.09	4.6721	0.74670	1.7853	248.16	0.43758	1.8769e-05	0.028559	supercritical
196.00	83.000	227.69	0.0043920	88.410	124.86	4.6811	0.74410	1.7529	249.34	0.43525	1.8743e-05	0.028410	supercritical
197.00	83.000	224.57	0.0044529	89.642	126.60	4.6900	0.74161	1.7226	250.52	0.43285	1.8722e-05	0.028275	supercritical
198.00	83.000	221.59	0.0045129	90.852	128.31	4.6986	0.73923	1.6943	251.68	0.43037	1.8706e-05	0.028150	supercritical
199.00	83.000	218.72	0.0045722	92.041	129.99	4.7071	0.73695	1.6676	252.83	0.42784	1.8694e-05	0.028037	supercritical
200.00	83.000	215.95	0.0046306	93.211	131.65	4.7154	0.73476	1.6426	253.98	0.42526	1.8687e-05	0.027933	supercritical
201.00	83.000	213.30	0.0046883	94.363	133.28	4.7235	0.73265	1.6190	255.11	0.42264	1.8683e-05	0.027838	supercritical
202.00	83.000	210.73	0.0047454	95.497	134.88	4.7315	0.73063	1.5968	256.24	0.41999	1.8682e-05	0.027752	supercritical
203.00	83.000	208.26	0.0048017	96.616	136.47	4.7393	0.72870	1.5757	257.35	0.41731	1.8684e-05	0.027673	supercritical
204.00	83.000	205.87	0.0048575	97.719	138.04	4.7470	0.72683	1.5559	258.46	0.41460	1.8690e-05	0.027602	supercritical
205.00	83.000	203.56	0.0049126	98.807	139.58	4.7546	0.72504	1.5370	259.55	0.41188	1.8697e-05	0.027538	supercritical
206.00	83.000	201.32	0.0049672	99.883	141.11	4.7620	0.72332	1.5191	260.64	0.40914	1.8708e-05	0.027479	supercritical
207.00	83.000	199.16	0.0050212	100.94	142.62	4.7693	0.72167	1.5022	261.71	0.40640	1.8720e-05	0.027427	supercritical
208.00	83.000	197.06	0.0050747	101.99	144.11	4.7765	0.72007	1.4860	262.78	0.40365	1.8735e-05	0.027380	supercritical
209.00	83.000	195.02	0.0051276	103.03	145.59	4.7836	0.71854	1.4706	263.84	0.40090	1.8752e-05	0.027338	supercritical
210.00	83.000	193.04	0.0051802	104.06	147.06	4.7906	0.71706	1.4560	264.89	0.39815	1.8770e-05	0.027302	supercritical
211.00	83.000	191.12	0.0052322	105.08	148.51	4.7975	0.71564	1.4420	265.93	0.39540	1.8791e-05	0.027269	supercritical
212.00	83.000	189.26	0.0052838	106.08	149.94	4.8043	0.71427	1.4287	266.96	0.39266	1.8813e-05	0.027241	supercritical
213.00	83.000	187.44	0.0053350	107.08	151.36	4.8110	0.71295	1.4159	267.98	0.38992	1.8836e-05	0.027217	supercritical
214.00	83.000	185.68	0.0053857	108.07	152.77	4.8176	0.71167	1.4037	269.00	0.38719	1.8861e-05	0.027197	supercritical
215.00	83.000	183.96	0.0054361	109.05	154.17	4.8241	0.71045	1.3920	270.00	0.38447	1.8887e-05	0.027180	supercritical
216.00	83.000	182.28	0.0054861	110.02	155.56	4.8305	0.70926	1.3808	271.00	0.38176	1.8914e-05	0.027167	supercritical
217.00	83.000	180.65	0.0055357	110.99	156.93	4.8369	0.70812	1.3700	271.99	0.37907	1.8943e-05	0.027157	supercritical
218.00	83.000	179.05	0.0055850	111.94	158.30	4.8432	0.70701	1.3597	272.97	0.37639	1.8972e-05	0.027150	supercritical
219.00	83.000	177.50	0.0056339	112.89	159.65	4.8494	0.70595	1.3498	273.95	0.37372	1.9003e-05	0.027146	supercritical
220.00	83.000	175.98	0.0056825	113.83	161.00	4.8555	0.70492	1.3403	274.91	0.37107	1.9035e-05	0.027144	supercritical
221.00	83.000	174.50	0.0057308	114.77	162.33	4.8615	0.70392	1.3311	275.87	0.36843	1.9067e-05	0.027145	supercritical
222.00	83.000	173.05	0.0057788	115.69	163.66	4.8675	0.70296	1.3223	276.83	0.36582	1.9100e-05	0.027149	supercritical
223.00	83.000	171.63	0.0058264	116.62	164.98	4.8735	0.70204	1.3138	277.77	0.36321	1.9134e-05	0.027155	supercritical
224.00	83.000	170.25	0.0058738	117.53	166.29	4.8793	0.70114	1.3056	278.71	0.36063	1.9169e-05	0.027163	supercritical
225.00	83.000	168.89	0.0059209	118.44	167.59	4.8851	0.70027	1.2977	279.64	0.35806	1.9205e-05	0.027173	supercritical
226.00	83.000	167.57	0.0059677	119.35	168.88	4.8909	0.69943	1.2901	280.56	0.35552	1.9241e-05	0.027185	supercritical
227.00	83.000	166.27	0.0060143	120.25	170.17	4.8965	0.69862	1.2827	281.48	0.35299	1.9278e-05	0.027199	supercritical
228.00	83.000	165.00	0.0060606	121.14	171.45	4.9022	0.69784	1.2756	282.39	0.35048	1.9316e-05	0.027215	supercritical
229.00	83.000	163.75	0.0061067	122.03	172.72	4.9077	0.69708	1.2687	283.30	0.34799	1.9354e-05	0.027233	supercritical
230.00	83.000	162.53	0.0061525	122.92	173.98	4.9132	0.69635	1.2621	284.20	0.34552	1.9393e-05	0.027252	supercritical
231.00	83.000	161.34	0.0061981	123.80	175.24	4.9187	0.69564	1.2557	285.09	0.34307	1.9432e-05	0.027273	supercritical
232.00	83.000	160.17	0.0062435	124.68	176.50	4.9241	0.69495	1.2494	285.98	0.34063	1.9472e-05	0.027295	supercritical
233.00	83.000	159.02	0.0062886	125.55	177.74	4.9295	0.69428	1.2434	286.86	0.33822	1.9512e-05	0.027319	supercritical
234.00	83.000	157.89	0.0063336	126.41	178.98	4.9348	0.69364	1.2376	287.74	0.33583	1.9553e-05	0.027344	supercritical
235.00	83.000	156.78	0.0063783	127.28	180.22	4.9401	0.69302	1.2319	288.61	0.33346	1.9594e-05	0.027371	supercritical
236.00	83.000	155.70	0.0064228	128.14	181.45	4.9453	0.69241	1.2265	289.47	0.33110	1.9635e-05	0.027399	supercritical
237.00	83.000	154.63	0.0064671	128.99	182.67	4.9504	0.69183	1.2211	290.33	0.32877	1.9677e-05	0.027428	supercritical
238.00	83.000	153.58	0.0065113	129.85	183.89	4.9556	0.69126	1.2160	291.18	0.32645	1.9719e-05	0.027458	supercritical
239.00	83.000	152.55	0.0065552	130.69	185.10	4.9607	0.69072	1.2110	292.03	0.32416	1.9762e-05	0.027489	supercritical
240.00	83.000	151.54	0.0065990	131.54	186.31	4.9657	0.69018	1.2061	292.87	0.32188	1.9805e-05	0.027522	supercritical
241.00	83.000	150.54	0.0066426	132.38	187.52	4.9707	0.68967	1.2014	293.71	0.31963	1.9848e-05	0.027555	supercritical
242.00	83.000	149.57	0.0066860	133.22	188.71	4.9757	0.68917	1.1968	294.54	0.31739	1.9892e-05	0.027590	supercritical
243.00	83.000	148.61	0.0067292	134.06	189.91	4.9806	0.68869	1.1924	295.37	0.31517	1.9935e-05	0.027625	supercritical
244.00	83.000	147.66	0.0067723	134.89	191.10	4.9855	0.68823	1.1880	296.19	0.31298	1.9980e-05	0.027662	supercritical
245.00	83.000	146.73	0.0068152	135.72	192.28	4.9903	0.68778	1.1838	297.01	0.31080	2.0024e-05	0.027699	supercritical
246.00	83.000	145.82	0.0068580	136.55	193.47	4.9952	0.68734	1.1797	297.83	0.30864	2.0068e-05	0.027737	supercritical
247.00	83.000	144.92	0.0069006	137.37	194.64	4.9999	0.68692	1.1757	298.63	0.30649	2.0113e-05	0.027776	supercritical
248.00	83.000	144.03	0.0069430	138.19	195.82	5.0047	0.68651	1.1718	299.44	0.30437	2.0158e-05	0.027816	supercritical
249.00	83.000	143.16	0.0069853	139.01	196.99	5.0094	0.68611	1.1680	300.24	0.30226	2.0203e-05	0.027856	supercritical
250.00	83.000	142.30	0.0070275	139.83	198.15	5.0141	0.68573	1.1644	301.03	0.30018	2.0249e-05	0.027897	supercritical
251.00	83.000	141.45	0.0070695	140.64	199.32	5.0187	0.68535	1.1608	301.83	0.29811	2.0295e-05	0.027939	supercritical
252.00	83.000	140.62	0.0071114	141.45	200.48	5.0233	0.68499	1.1573	302.61	0.29606	2.0340e-05	0.027982	supercritical
253.00	83.000	139.80	0.0071531	142.26	201.63	5.0279	0.68465	1.1539	303.40	0.29402	2.0386e-05	0.028025	supercritical
254.00	83.000	138.99	0.0071947	143.07	202.78	5.0324	0.68431	1.1505	304.17	0.29201	2.0432e-05	0.028069	supercritical
255.00	83.000	138.19	0.0072362	143.87	203.93	5.0369	0.68399	1.1473	304.95	0.29001	2.0479e-05	0.028113	supercritical
256.00	83.000	137.41	0.0072776	144.67	205.08	5.0414	0.68367	1.1441	305.72	0.28802	2.0525e-05	0.028158	supercritical
257.00	83.000	136.63	0.0073188	145.47	206.22	5.0459	0.68337	1.1411	306.49	0.28606	2.0572e-05	0.028204	supercritical
258.00	83.000	135.87	0.0073600	146.27	207.36	5.0503	0.68307	1.1380	307.25	0.28411	2.0619e-05	0.028250	supercritical
259.00	83.000	135.12	0.0074010	147.07	208.50	5.0547	0.68279	1.1351	308.01	0.28218	2.0665e-05	0.028297	supercritical
260.00	83.000	134.38	0.0074418	147.86	209.63	5.0591	0.68252	1.1322	308.76	0.28027	2.0712e-05	0.028344	supercritical
261.00	83.000	133.64	0.0074826	148.66	210.76	5.0634	0.68225	1.1294	309.51	0.27837	2.0759e-05	0.028392	supercritical
262.00	83.000	132.92	0.0075233	149.45	211.89	5.0677	0.68200	1.1267	310.26	0.27648	2.0807e-05	0.028440	supercritical
263.00	83.000	132.21	0.0075638	150.24	213.01	5.0720	0.68175	1.1240	311.01	0.27462	2.0854e-05	0.028489	supercritical
264.00	83.000	131.51	0.0076043	151.02	214.14	5.0763	0.68151	1.1214	311.75	0.27277	2.0901e-05	0.028538	supercritical
265.00	83.000	130.81	0.0076446	151.81	215.26	5.0805	0.68128	1.1189	312.48	0.27093	2.0949e-05	0.028588	supercritical
266.00	83.000	130.13	0.0076848	152.59	216.38	5.0847	0.68106	1.1164	313.22	0.26911	2.0996e-05	0.028638	supercritical
267.00	83.000	129.45	0.0077250	153.37	217.49	5.0889	0.68085	1.1139	313.95	0.26731	2.1044e-05	0.028688	supercritical
268.00	83.000	128.78	0.0077650	154.15	218.60	5.0931	0.68065	1.1116	314.67	0.26552	2.1092e-05	0.028739	supercritical
269.00	83.000	128.12	0.0078049	154.93	219.71	5.0972	0.68045	1.1092	315.40	0.26374	2.1140e-05	0.028790	supercritical
270.00	83.000	127.47	0.0078448	155.71	220.82	5.1013	0.68026	1.1070	316.12	0.26198	2.1188e-05	0.028842	supercritical
271.00	83.000	126.83	0.0078845	156.49	221.93	5.1054	0.68008	1.1047	316.83	0.26024	2.1236e-05	0.028894	supercritical
272.00	83.000	126.20	0.0079242	157.26	223.03	5.1095	0.67990	1.1025	317.55	0.25851	2.1284e-05	0.028946	supercritical
273.00	83.000	125.57	0.0079638	158.03	224.13	5.1135	0.67974	1.1004	318.26	0.25679	2.1332e-05	0.028999	supercritical
274.00	83.000	124.95	0.0080032	158.80	225.23	5.1175	0.67958	1.0983	318.96	0.25509	2.1380e-05	0.029052	supercritical
275.00	83.000	124.34	0.0080426	159.58	226.33	5.1215	0.67942	1.0963	319.67	0.25340	2.1428e-05	0.029105	supercritical
276.00	83.000	123.73	0.0080819	160.34	227.42	5.1255	0.67928	1.0943	320.37	0.25173	2.1476e-05	0.029159	supercritical
277.00	83.000	123.14	0.0081212	161.11	228.52	5.1295	0.67914	1.0923	321.07	0.25007	2.1525e-05	0.029213	supercritical
278.00	83.000	122.54	0.0081603	161.88	229.61	5.1334	0.67900	1.0904	321.76	0.24842	2.1573e-05	0.029267	supercritical
279.00	83.000	121.96	0.0081994	162.64	230.70	5.1373	0.67888	1.0885	322.45	0.24679	2.1621e-05	0.029321	supercritical
280.00	83.000	121.38	0.0082383	163.41	231.79	5.1412	0.67876	1.0867	323.14	0.24517	2.1670e-05	0.029376	supercritical
281.00	83.000	120.81	0.0082772	164.17	232.87	5.1451	0.67864	1.0849	323.83	0.24356	2.1718e-05	0.029431	supercritical
282.00	83.000	120.25	0.0083160	164.93	233.96	5.1489	0.67853	1.0832	324.51	0.24196	2.1767e-05	0.029486	supercritical
283.00	83.000	119.69	0.0083548	165.69	235.04	5.1527	0.67843	1.0814	325.19	0.24038	2.1815e-05	0.029542	supercritical
284.00	83.000	119.14	0.0083935	166.45	236.12	5.1566	0.67833	1.0797	325.87	0.23881	2.1864e-05	0.029598	supercritical
285.00	83.000	118.59	0.0084321	167.21	237.20	5.1603	0.67824	1.0781	326.55	0.23725	2.1912e-05	0.029654	supercritical
286.00	83.000	118.06	0.0084706	167.97	238.28	5.1641	0.67815	1.0765	327.22	0.23571	2.1961e-05	0.029710	supercritical
287.00	83.000	117.52	0.0085090	168.73	239.35	5.1679	0.67807	1.0749	327.89	0.23418	2.2009e-05	0.029766	supercritical
288.00	83.000	116.99	0.0085474	169.48	240.42	5.1716	0.67800	1.0733	328.56	0.23266	2.2058e-05	0.029823	supercritical
289.00	83.000	116.47	0.0085857	170.24	241.50	5.1753	0.67793	1.0718	329.22	0.23115	2.2107e-05	0.029880	supercritical
290.00	83.000	115.96	0.0086240	170.99	242.57	5.1790	0.67786	1.0703	329.88	0.22965	2.2155e-05	0.029937	supercritical
291.00	83.000	115.44	0.0086622	171.74	243.64	5.1827	0.67780	1.0688	330.54	0.22816	2.2204e-05	0.029994	supercritical
292.00	83.000	114.94	0.0087003	172.49	244.71	5.1864	0.67775	1.0674	331.20	0.22669	2.2253e-05	0.030051	supercritical
293.00	83.000	114.44	0.0087383	173.24	245.77	5.1900	0.67770	1.0660	331.85	0.22523	2.2301e-05	0.030109	supercritical
294.00	83.000	113.94	0.0087763	173.99	246.84	5.1937	0.67765	1.0646	332.51	0.22378	2.2350e-05	0.030166	supercritical
295.00	83.000	113.45	0.0088142	174.74	247.90	5.1973	0.67761	1.0633	333.16	0.22234	2.2399e-05	0.030224	supercritical
296.00	83.000	112.97	0.0088521	175.49	248.96	5.2009	0.67757	1.0619	333.80	0.22091	2.2448e-05	0.030282	supercritical
297.00	83.000	112.49	0.0088899	176.24	250.03	5.2044	0.67754	1.0606	334.45	0.21949	2.2496e-05	0.030340	supercritical
298.00	83.000	112.01	0.0089276	176.99	251.09	5.2080	0.67752	1.0594	335.09	0.21808	2.2545e-05	0.030399	supercritical
299.00	83.000	111.54	0.0089653	177.73	252.14	5.2115	0.67749	1.0581	335.73	0.21669	2.2594e-05	0.030457	supercritical
300.00	83.000	111.07	0.0090029	178.48	253.20	5.2151	0.67747	1.0569	336.37	0.21530	2.2642e-05	0.030515	supercritical
301.00	83.000	110.61	0.0090405	179.22	254.26	5.2186	0.67746	1.0557	337.00	0.21392	2.2691e-05	0.030574	supercritical
302.00	83.000	110.16	0.0090780	179.97	255.31	5.2221	0.67745	1.0545	337.64	0.21256	2.2740e-05	0.030633	supercritical
303.00	83.000	109.70	0.0091155	180.71	256.37	5.2256	0.67745	1.0533	338.27	0.21120	2.2789e-05	0.030691	supercritical
304.00	83.000	109.26	0.0091529	181.45	257.42	5.2290	0.67744	1.0522	338.89	0.20986	2.2837e-05	0.030750	supercritical
305.00	83.000	108.81	0.0091902	182.19	258.47	5.2325	0.67745	1.0511	339.52	0.20852	2.2886e-05	0.030808	supercritical
306.00	83.000	108.37	0.0092275	182.93	259.52	5.2359	0.67745	1.0500	340.14	0.20720	2.2935e-05	0.030867	supercritical
307.00	83.000	107.94	0.0092648	183.67	260.57	5.2394	0.67747	1.0489	340.77	0.20588	2.2983e-05	0.030925	supercritical
308.00	83.000	107.50	0.0093019	184.41	261.62	5.2428	0.67748	1.0479	341.39	0.20458	2.3032e-05	0.030983	supercritical
309.00	83.000	107.08	0.0093391	185.15	262.67	5.2462	0.67750	1.0468	342.00	0.20328	2.3081e-05	0.031038	supercritical
310.00	83.000	106.65	0.0093762	185.89	263.71	5.2495	0.67752	1.0458	342.62	0.20199	2.3129e-05	0.031096	supercritical
311.00	83.000	106.23	0.0094132	186.63	264.76	5.2529	0.67755	1.0448	343.23	0.20072	2.3178e-05	0.031158	supercritical
312.00	83.000	105.82	0.0094502	187.37	265.80	5.2563	0.67758	1.0439	343.84	0.19945	2.3227e-05	0.031220	supercritical
313.00	83.000	105.41	0.0094871	188.10	266.85	5.2596	0.67761	1.0429	344.45	0.19819	2.3275e-05	0.031282	supercritical
314.00	83.000	105.00	0.0095240	188.84	267.89	5.2629	0.67765	1.0420	345.06	0.19694	2.3324e-05	0.031344	supercritical
315.00	83.000	104.59	0.0095609	189.58	268.93	5.2662	0.67769	1.0411	345.67	0.19570	2.3372e-05	0.031406	supercritical
316.00	83.000	104.19	0.0095977	190.31	269.97	5.2695	0.67773	1.0402	346.27	0.19447	2.3421e-05	0.031468	supercritical
317.00	83.000	103.79	0.0096344	191.05	271.01	5.2728	0.67778	1.0393	346.87	0.19324	2.3469e-05	0.031531	supercritical
318.00	83.000	103.40	0.0096711	191.78	272.05	5.2761	0.67783	1.0384	347.47	0.19203	2.3518e-05	0.031593	supercritical
319.00	83.000	103.01	0.0097078	192.51	273.09	5.2794	0.67788	1.0375	348.07	0.19082	2.3566e-05	0.031655	supercritical
320.00	83.000	102.62	0.0097444	193.25	274.13	5.2826	0.67794	1.0367	348.66	0.18962	2.3615e-05	0.031718	supercritical
321.00	83.000	102.24	0.0097810	193.98	275.16	5.2858	0.67800	1.0359	349.26	0.18844	2.3663e-05	0.031781	supercritical
322.00	83.000	101.86	0.0098175	194.71	276.20	5.2891	0.67807	1.0351	349.85	0.18725	2.3712e-05	0.031843	supercritical
323.00	83.000	101.48	0.0098540	195.44	277.23	5.2923	0.67813	1.0343	350.44	0.18608	2.3760e-05	0.031906	supercritical
324.00	83.000	101.11	0.0098904	196.18	278.27	5.2955	0.67820	1.0335	351.03	0.18492	2.3809e-05	0.031969	supercritical
325.00	83.000	100.74	0.0099268	196.91	279.30	5.2986	0.67828	1.0328	351.61	0.18376	2.3857e-05	0.032032	supercritical
326.00	83.000	100.37	0.0099632	197.64	280.33	5.3018	0.67835	1.0320	352.20	0.18261	2.3905e-05	0.032095	supercritical
327.00	83.000	100.00	0.0099995	198.37	281.36	5.3050	0.67843	1.0313	352.78	0.18147	2.3954e-05	0.032158	supercritical
328.00	83.000	99.643	0.010036	199.10	282.39	5.3081	0.67852	1.0306	353.36	0.18034	2.4002e-05	0.032221	supercritical
329.00	83.000	99.285	0.010072	199.83	283.42	5.3113	0.67860	1.0299	353.94	0.17922	2.4050e-05	0.032284	supercritical
330.00	83.000	98.929	0.010108	200.56	284.45	5.3144	0.67869	1.0292	354.52	0.17810	2.4098e-05	0.032347	supercritical
331.00	83.000	98.576	0.010144	201.28	285.48	5.3175	0.67878	1.0285	355.09	0.17699	2.4147e-05	0.032410	supercritical
332.00	83.000	98.227	0.010181	202.01	286.51	5.3206	0.67888	1.0278	355.67	0.17589	2.4195e-05	0.032473	supercritical
333.00	83.000	97.880	0.010217	202.74	287.54	5.3237	0.67897	1.0272	356.24	0.17479	2.4243e-05	0.032537	supercritical
334.00	83.000	97.535	0.010253	203.47	288.56	5.3268	0.67907	1.0266	356.81	0.17371	2.4291e-05	0.032600	supercritical
335.00	83.000	97.194	0.010289	204.20	289.59	5.3298	0.67918	1.0259	357.38	0.17263	2.4339e-05	0.032664	supercritical
336.00	83.000	96.855	0.010325	204.92	290.62	5.3329	0.67928	1.0253	357.95	0.17155	2.4387e-05	0.032727	supercritical
337.00	83.000	96.519	0.010361	205.65	291.64	5.3359	0.67939	1.0247	358.51	0.17049	2.4435e-05	0.032791	supercritical
338.00	83.000	96.186	0.010397	206.38	292.67	5.3390	0.67950	1.0241	359.07	0.16943	2.4483e-05	0.032854	supercritical
339.00	83.000	95.855	0.010432	207.10	293.69	5.3420	0.67961	1.0236	359.64	0.16838	2.4531e-05	0.032918	supercritical
340.00	83.000	95.527	0.010468	207.83	294.71	5.3450	0.67973	1.0230	360.20	0.16734	2.4579e-05	0.032981	supercritical
341.00	83.000	95.201	0.010504	208.55	295.74	5.3480	0.67985	1.0224	360.76	0.16630	2.4627e-05	0.033045	supercritical
342.00	83.000	94.878	0.010540	209.28	296.76	5.3510	0.67997	1.0219	361.31	0.16527	2.4675e-05	0.033109	supercritical
343.00	83.000	94.558	0.010576	210.00	297.78	5.3540	0.68009	1.0214	361.87	0.16425	2.4723e-05	0.033172	supercritical
344.00	83.000	94.239	0.010611	210.73	298.80	5.3570	0.68022	1.0208	362.42	0.16323	2.4771e-05	0.033236	supercritical
345.00	83.000	93.924	0.010647	211.45	299.82	5.3599	0.68035	1.0203	362.98	0.16222	2.4819e-05	0.033300	supercritical
346.00	83.000	93.610	0.010683	212.18	300.84	5.3629	0.68048	1.0198	363.53	0.16122	2.4867e-05	0.033364	supercritical
347.00	83.000	93.299	0.010718	212.90	301.86	5.3658	0.68061	1.0193	364.08	0.16022	2.4914e-05	0.033428	supercritical
348.00	83.000	92.991	0.010754	213.62	302.88	5.3688	0.68075	1.0188	364.63	0.15923	2.4962e-05	0.033492	supercritical
349.00	83.000	92.684	0.010789	214.35	303.90	5.3717	0.68089	1.0184	365.17	0.15824	2.5010e-05	0.033556	supercritical
350.00	83.000	92.380	0.010825	215.07	304.92	5.3746	0.68103	1.0179	365.72	0.15727	2.5057e-05	0.033620	supercritical
351.00	83.000	92.078	0.010860	215.79	305.93	5.3775	0.68117	1.0175	366.26	0.15630	2.5105e-05	0.033684	supercritical
352.00	83.000	91.779	0.010896	216.52	306.95	5.3804	0.68131	1.0170	366.80	0.15533	2.5153e-05	0.033748	supercritical
353.00	83.000	91.481	0.010931	217.24	307.97	5.3833	0.68146	1.0166	367.34	0.15437	2.5200e-05	0.033812	supercritical
354.00	83.000	91.186	0.010967	217.96	308.99	5.3862	0.68161	1.0161	367.88	0.15342	2.5248e-05	0.033876	supercritical
355.00	83.000	90.893	0.011002	218.68	310.00	5.3890	0.68176	1.0157	368.42	0.15247	2.5295e-05	0.033940	supercritical
356.00	83.000	90.602	0.011037	219.41	311.02	5.3919	0.68192	1.0153	368.96	0.15153	2.5343e-05	0.034004	supercritical
357.00	83.000	90.313	0.011073	220.13	312.03	5.3947	0.68207	1.0149	369.49	0.15060	2.5390e-05	0.034069	supercritical
358.00	83.000	90.026	0.011108	220.85	313.05	5.3976	0.68223	1.0145	370.03	0.14967	2.5437e-05	0.034133	supercritical
359.00	83.000	89.741	0.011143	221.57	314.06	5.4004	0.68239	1.0142	370.56	0.14875	2.5485e-05	0.034197	supercritical
360.00	83.000	89.458	0.011178	222.29	315.07	5.4032	0.68255	1.0138	371.09	0.14783	2.5532e-05	0.034261	supercritical
361.00	83.000	89.177	0.011214	223.02	316.09	5.4060	0.68272	1.0134	371.62	0.14692	2.5579e-05	0.034325	supercritical
362.00	83.000	88.899	0.011249	223.74	317.10	5.4088	0.68288	1.0131	372.15	0.14601	2.5627e-05	0.034390	supercritical
363.00	83.000	88.622	0.011284	224.46	318.11	5.4116	0.68305	1.0127	372.67	0.14511	2.5674e-05	0.034454	supercritical
364.00	83.000	88.347	0.011319	225.18	319.13	5.4144	0.68322	1.0124	373.20	0.14422	2.5721e-05	0.034518	supercritical
365.00	83.000	88.074	0.011354	225.90	320.14	5.4172	0.68340	1.0120	373.72	0.14333	2.5768e-05	0.034583	supercritical
366.00	83.000	87.802	0.011389	226.62	321.15	5.4199	0.68357	1.0117	374.25	0.14245	2.5815e-05	0.034647	supercritical
367.00	83.000	87.533	0.011424	227.34	322.16	5.4227	0.68375	1.0114	374.77	0.14157	2.5862e-05	0.034711	supercritical
368.00	83.000	87.266	0.011459	228.06	323.17	5.4255	0.68392	1.0111	375.29	0.14070	2.5909e-05	0.034776	supercritical
369.00	83.000	87.000	0.011494	228.78	324.18	5.4282	0.68410	1.0108	375.81	0.13983	2.5956e-05	0.034840	supercritical
370.00	83.000	86.736	0.011529	229.50	325.20	5.4309	0.68429	1.0105	376.33	0.13897	2.6003e-05	0.034905	supercritical
371.00	83.000	86.474	0.011564	230.22	326.21	5.4337	0.68447	1.0102	376.84	0.13811	2.6050e-05	0.034969	supercritical
372.00	83.000	86.214	0.011599	230.94	327.22	5.4364	0.68466	1.0099	377.36	0.13726	2.6097e-05	0.035034	supercritical
373.00	83.000	85.955	0.011634	231.66	328.23	5.4391	0.68484	1.0096	377.87	0.13642	2.6144e-05	0.035098	supercritical
374.00	83.000	85.698	0.011669	232.38	329.23	5.4418	0.68503	1.0094	378.38	0.13558	2.6191e-05	0.035163	supercritical
375.00	83.000	85.443	0.011704	233.10	330.24	5.4445	0.68522	1.0091	378.90	0.13474	2.6238e-05	0.035227	supercritical
376.00	83.000	85.190	0.011739	233.82	331.25	5.4472	0.68542	1.0088	379.41	0.13391	2.6284e-05	0.035291	supercritical
377.00	83.000	84.938	0.011773	234.54	332.26	5.4499	0.68561	1.0086	379.92	0.13309	2.6331e-05	0.035356	supercritical
378.00	83.000	84.688	0.011808	235.26	333.27	5.4525	0.68581	1.0083	380.42	0.13227	2.6378e-05	0.035420	supercritical
379.00	83.000	84.439	0.011843	235.98	334.28	5.4552	0.68600	1.0081	380.93	0.13145	2.6425e-05	0.035485	supercritical
380.00	83.000	84.192	0.011878	236.70	335.29	5.4579	0.68620	1.0079	381.44	0.13064	2.6471e-05	0.035550	supercritical
381.00	83.000	83.947	0.011912	237.42	336.29	5.4605	0.68640	1.0077	381.94	0.12983	2.6518e-05	0.035614	supercritical
382.00	83.000	83.703	0.011947	238.14	337.30	5.4631	0.68661	1.0074	382.44	0.12903	2.6564e-05	0.035679	supercritical
383.00	83.000	83.461	0.011982	238.86	338.31	5.4658	0.68681	1.0072	382.94	0.12824	2.6611e-05	0.035743	supercritical
384.00	83.000	83.220	0.012016	239.58	339.32	5.4684	0.68702	1.0070	383.45	0.12745	2.6657e-05	0.035808	supercritical
385.00	83.000	82.981	0.012051	240.30	340.32	5.4710	0.68722	1.0068	383.95	0.12666	2.6704e-05	0.035872	supercritical
386.00	83.000	82.744	0.012086	241.02	341.33	5.4736	0.68743	1.0066	384.44	0.12588	2.6750e-05	0.035937	supercritical
387.00	83.000	82.507	0.012120	241.74	342.34	5.4762	0.68764	1.0064	384.94	0.12510	2.6796e-05	0.036001	supercritical
388.00	83.000	82.273	0.012155	242.46	343.34	5.4788	0.68786	1.0062	385.44	0.12433	2.6843e-05	0.036066	supercritical
389.00	83.000	82.040	0.012189	243.18	344.35	5.4814	0.68807	1.0061	385.93	0.12356	2.6889e-05	0.036131	supercritical
390.00	83.000	81.808	0.012224	243.90	345.35	5.4840	0.68828	1.0059	386.43	0.12280	2.6935e-05	0.036195	supercritical
391.00	83.000	81.578	0.012258	244.62	346.36	5.4866	0.68850	1.0057	386.92	0.12204	2.6981e-05	0.036260	supercritical
392.00	83.000	81.349	0.012293	245.34	347.37	5.4891	0.68872	1.0056	387.41	0.12128	2.7027e-05	0.036324	supercritical
393.00	83.000	81.122	0.012327	246.06	348.37	5.4917	0.68894	1.0054	387.90	0.12053	2.7074e-05	0.036389	supercritical
394.00	83.000	80.896	0.012362	246.78	349.38	5.4943	0.68916	1.0053	388.39	0.11979	2.7120e-05	0.036453	supercritical
395.00	83.000	80.671	0.012396	247.50	350.38	5.4968	0.68938	1.0051	388.88	0.11905	2.7166e-05	0.036518	supercritical
396.00	83.000	80.448	0.012430	248.21	351.39	5.4994	0.68960	1.0050	389.37	0.11831	2.7212e-05	0.036583	supercritical
397.00	83.000	80.226	0.012465	248.93	352.39	5.5019	0.68983	1.0048	389.86	0.11758	2.7258e-05	0.036647	supercritical
398.00	83.000	80.005	0.012499	249.65	353.40	5.5044	0.69005	1.0047	390.34	0.11685	2.7304e-05	0.036712	supercritical
399.00	83.000	79.786	0.012534	250.37	354.40	5.5069	0.69028	1.0046	390.82	0.11612	2.7350e-05	0.036776	supercritical
400.00	83.000	79.568	0.012568	251.09	355.41	5.5095	0.69051	1.0045	391.31	0.11540	2.7395e-05	0.036841	supercritical
401.00	83.000	79.351	0.012602	251.81	356.41	5.5120	0.69074	1.0043	391.79	0.11469	2.7441e-05	0.036905	supercritical
402.00	83.000	79.136	0.012636	252.53	357.41	5.5145	0.69097	1.0042	392.27	0.11397	2.7487e-05	0.036970	supercritical
403.00	83.000	78.922	0.012671	253.25	358.42	5.5170	0.69120	1.0041	392.75	0.11327	2.7533e-05	0.037035	supercritical
404.00	83.000	78.709	0.012705	253.97	359.42	5.5194	0.69144	1.0040	393.23	0.11256	2.7578e-05	0.037099	supercritical
405.00	83.000	78.498	0.012739	254.69	360.43	5.5219	0.69167	1.0039	393.71	0.11186	2.7624e-05	0.037164	supercritical
406.00	83.000	78.287	0.012773	255.41	361.43	5.5244	0.69191	1.0038	394.19	0.11117	2.7670e-05	0.037228	supercritical
407.00	83.000	78.078	0.012808	256.13	362.43	5.5269	0.69215	1.0037	394.66	0.11048	2.7715e-05	0.037293	supercritical
408.00	83.000	77.871	0.012842	256.85	363.44	5.5293	0.69239	1.0036	395.14	0.10979	2.7761e-05	0.037357	supercritical
409.00	83.000	77.664	0.012876	257.57	364.44	5.5318	0.69263	1.0036	395.61	0.10910	2.7806e-05	0.037422	supercritical
410.00	83.000	77.458	0.012910	258.29	365.45	5.5342	0.69287	1.0035	396.09	0.10842	2.7852e-05	0.037486	supercritical
411.00	83.000	77.254	0.012944	259.01	366.45	5.5367	0.69311	1.0034	396.56	0.10775	2.7897e-05	0.037551	supercritical
412.00	83.000	77.051	0.012978	259.73	367.45	5.5391	0.69335	1.0033	397.03	0.10708	2.7943e-05	0.037616	supercritical
413.00	83.000	76.849	0.013012	260.45	368.46	5.5416	0.69360	1.0033	397.50	0.10641	2.7988e-05	0.037680	supercritical
414.00	83.000	76.648	0.013047	261.17	369.46	5.5440	0.69384	1.0032	397.97	0.10574	2.8034e-05	0.037745	supercritical
415.00	83.000	76.449	0.013081	261.89	370.46	5.5464	0.69409	1.0032	398.44	0.10508	2.8079e-05	0.037809	supercritical
416.00	83.000	76.250	0.013115	262.61	371.47	5.5488	0.69434	1.0031	398.91	0.10442	2.8124e-05	0.037874	supercritical
417.00	83.000	76.053	0.013149	263.33	372.47	5.5512	0.69458	1.0030	399.37	0.10377	2.8169e-05	0.037938	supercritical
418.00	83.000	75.857	0.013183	264.05	373.47	5.5536	0.69483	1.0030	399.84	0.10312	2.8214e-05	0.038003	supercritical
419.00	83.000	75.662	0.013217	264.78	374.47	5.5560	0.69509	1.0030	400.31	0.10247	2.8260e-05	0.038067	supercritical
420.00	83.000	75.467	0.013251	265.50	375.48	5.5584	0.69534	1.0029	400.77	0.10183	2.8305e-05	0.038132	supercritical
421.00	83.000	75.274	0.013285	266.22	376.48	5.5608	0.69559	1.0029	401.23	0.10119	2.8350e-05	0.038196	supercritical
422.00	83.000	75.083	0.013319	266.94	377.48	5.5632	0.69584	1.0029	401.69	0.10055	2.8395e-05	0.038261	supercritical
423.00	83.000	74.892	0.013353	267.66	378.49	5.5656	0.69610	1.0028	402.16	0.099922	2.8440e-05	0.038325	supercritical
424.00	83.000	74.702	0.013387	268.38	379.49	5.5679	0.69635	1.0028	402.62	0.099294	2.8485e-05	0.038389	supercritical
425.00	83.000	74.513	0.013420	269.10	380.49	5.5703	0.69661	1.0028	403.08	0.098668	2.8530e-05	0.038454	supercritical
426.00	83.000	74.325	0.013454	269.82	381.49	5.5726	0.69687	1.0028	403.53	0.098046	2.8575e-05	0.038518	supercritical
427.00	83.000	74.139	0.013488	270.54	382.50	5.5750	0.69713	1.0027	403.99	0.097428	2.8620e-05	0.038583	supercritical
428.00	83.000	73.953	0.013522	271.27	383.50	5.5773	0.69738	1.0027	404.45	0.096813	2.8664e-05	0.038647	supercritical
429.00	83.000	73.768	0.013556	271.99	384.50	5.5797	0.69764	1.0027	404.91	0.096201	2.8709e-05	0.038712	supercritical
430.00	83.000	73.585	0.013590	272.71	385.51	5.5820	0.69791	1.0027	405.36	0.095593	2.8754e-05	0.038776	supercritical
431.00	83.000	73.402	0.013624	273.43	386.51	5.5843	0.69817	1.0027	405.82	0.094987	2.8799e-05	0.038840	supercritical
432.00	83.000	73.220	0.013657	274.15	387.51	5.5867	0.69843	1.0027	406.27	0.094386	2.8843e-05	0.038905	supercritical
433.00	83.000	73.039	0.013691	274.88	388.51	5.5890	0.69869	1.0027	406.72	0.093787	2.8888e-05	0.038969	supercritical
434.00	83.000	72.860	0.013725	275.60	389.52	5.5913	0.69896	1.0027	407.17	0.093192	2.8932e-05	0.039033	supercritical
435.00	83.000	72.681	0.013759	276.32	390.52	5.5936	0.69922	1.0027	407.63	0.092600	2.8977e-05	0.039098	supercritical
436.00	83.000	72.503	0.013793	277.04	391.52	5.5959	0.69949	1.0028	408.08	0.092011	2.9022e-05	0.039162	supercritical
437.00	83.000	72.326	0.013826	277.77	392.52	5.5982	0.69976	1.0028	408.52	0.091425	2.9066e-05	0.039226	supercritical
438.00	83.000	72.150	0.013860	278.49	393.53	5.6005	0.70002	1.0028	408.97	0.090843	2.9110e-05	0.039291	supercritical
439.00	83.000	71.975	0.013894	279.21	394.53	5.6028	0.70029	1.0028	409.42	0.090263	2.9155e-05	0.039355	supercritical
440.00	83.000	71.801	0.013927	279.93	395.53	5.6051	0.70056	1.0028	409.87	0.089687	2.9199e-05	0.039419	supercritical
441.00	83.000	71.627	0.013961	280.66	396.54	5.6073	0.70083	1.0029	410.31	0.089114	2.9244e-05	0.039483	supercritical
442.00	83.000	71.455	0.013995	281.38	397.54	5.6096	0.70110	1.0029	410.76	0.088544	2.9288e-05	0.039548	supercritical
443.00	83.000	71.284	0.014028	282.10	398.54	5.6119	0.70137	1.0029	411.20	0.087977	2.9332e-05	0.039612	supercritical
444.00	83.000	71.113	0.014062	282.83	399.54	5.6141	0.70164	1.0030	411.65	0.087413	2.9376e-05	0.039676	supercritical
445.00	83.000	70.943	0.014096	283.55	400.55	5.6164	0.70192	1.0030	412.09	0.086852	2.9421e-05	0.039740	supercritical
446.00	83.000	70.774	0.014129	284.28	401.55	5.6186	0.70219	1.0030	412.53	0.086294	2.9465e-05	0.039805	supercritical
447.00	83.000	70.606	0.014163	285.00	402.55	5.6209	0.70246	1.0031	412.98	0.085739	2.9509e-05	0.039869	supercritical
448.00	83.000	70.439	0.014197	285.72	403.56	5.6231	0.70274	1.0031	413.42	0.085186	2.9553e-05	0.039933	supercritical
449.00	83.000	70.273	0.014230	286.45	404.56	5.6254	0.70301	1.0032	413.86	0.084637	2.9597e-05	0.039997	supercritical
450.00	83.000	70.108	0.014264	287.17	405.56	5.6276	0.70329	1.0032	414.30	0.084091	2.9641e-05	0.040061	supercritical
451.00	83.000	69.943	0.014297	287.90	406.57	5.6298	0.70357	1.0033	414.73	0.083547	2.9685e-05	0.040125	supercritical
452.00	83.000	69.779	0.014331	288.62	407.57	5.6321	0.70384	1.0033	415.17	0.083007	2.9729e-05	0.040190	supercritical
453.00	83.000	69.616	0.014364	289.35	408.57	5.6343	0.70412	1.0034	415.61	0.082469	2.9773e-05	0.040254	supercritical
454.00	83.000	69.454	0.014398	290.07	409.58	5.6365	0.70440	1.0035	416.05	0.081934	2.9817e-05	0.040318	supercritical
455.00	83.000	69.293	0.014432	290.80	410.58	5.6387	0.70468	1.0035	416.48	0.081402	2.9861e-05	0.040382	supercritical
456.00	83.000	69.132	0.014465	291.52	411.58	5.6409	0.70496	1.0036	416.92	0.080873	2.9904e-05	0.040446	supercritical
457.00	83.000	68.973	0.014499	292.25	412.59	5.6431	0.70524	1.0037	417.35	0.080346	2.9948e-05	0.040510	supercritical
458.00	83.000	68.814	0.014532	292.98	413.59	5.6453	0.70552	1.0037	417.78	0.079822	2.9992e-05	0.040574	supercritical
459.00	83.000	68.656	0.014565	293.70	414.59	5.6475	0.70580	1.0038	418.22	0.079301	3.0035e-05	0.040638	supercritical
460.00	83.000	68.498	0.014599	294.43	415.60	5.6497	0.70608	1.0039	418.65	0.078783	3.0079e-05	0.040702	supercritical
461.00	83.000	68.342	0.014632	295.15	416.60	5.6518	0.70636	1.0040	419.08	0.078267	3.0123e-05	0.040766	supercritical
462.00	83.000	68.186	0.014666	295.88	417.61	5.6540	0.70664	1.0040	419.51	0.077754	3.0166e-05	0.040830	supercritical
463.00	83.000	68.031	0.014699	296.61	418.61	5.6562	0.70693	1.0041	419.94	0.077243	3.0210e-05	0.040894	supercritical
464.00	83.000	67.876	0.014733	297.33	419.61	5.6584	0.70721	1.0042	420.37	0.076736	3.0253e-05	0.040958	supercritical
465.00	83.000	67.723	0.014766	298.06	420.62	5.6605	0.70749	1.0043	420.80	0.076231	3.0297e-05	0.041022	supercritical
466.00	83.000	67.570	0.014799	298.79	421.62	5.6627	0.70778	1.0044	421.22	0.075728	3.0340e-05	0.041086	supercritical
467.00	83.000	67.418	0.014833	299.51	422.63	5.6648	0.70806	1.0045	421.65	0.075228	3.0384e-05	0.041150	supercritical
468.00	83.000	67.267	0.014866	300.24	423.63	5.6670	0.70835	1.0046	422.08	0.074731	3.0427e-05	0.041213	supercritical
469.00	83.000	67.116	0.014900	300.97	424.64	5.6691	0.70863	1.0047	422.50	0.074236	3.0470e-05	0.041277	supercritical
470.00	83.000	66.966	0.014933	301.70	425.64	5.6713	0.70892	1.0047	422.93	0.073744	3.0514e-05	0.041341	supercritical
471.00	83.000	66.817	0.014966	302.43	426.65	5.6734	0.70921	1.0048	423.35	0.073254	3.0557e-05	0.041405	supercritical
472.00	83.000	66.668	0.015000	303.15	427.65	5.6755	0.70949	1.0049	423.78	0.072766	3.0600e-05	0.041469	supercritical
473.00	83.000	66.521	0.015033	303.88	428.66	5.6777	0.70978	1.0050	424.20	0.072282	3.0643e-05	0.041533	supercritical
474.00	83.000	66.374	0.015066	304.61	429.66	5.6798	0.71007	1.0051	424.62	0.071799	3.0687e-05	0.041596	supercritical
475.00	83.000	66.227	0.015100	305.34	430.67	5.6819	0.71036	1.0053	425.04	0.071319	3.0730e-05	0.041660	supercritical
476.00	83.000	66.081	0.015133	306.07	431.67	5.6840	0.71065	1.0054	425.46	0.070842	3.0773e-05	0.041724	supercritical
477.00	83.000	65.936	0.015166	306.80	432.68	5.6861	0.71093	1.0055	425.89	0.070367	3.0816e-05	0.041788	supercritical
478.00	83.000	65.792	0.015199	307.53	433.68	5.6882	0.71122	1.0056	426.31	0.069894	3.0859e-05	0.041851	supercritical
479.00	83.000	65.648	0.015233	308.26	434.69	5.6903	0.71151	1.0057	426.72	0.069424	3.0902e-05	0.041915	supercritical
480.00	83.000	65.505	0.015266	308.99	435.69	5.6924	0.71180	1.0058	427.14	0.068956	3.0945e-05	0.041979	supercritical
481.00	83.000	65.363	0.015299	309.72	436.70	5.6945	0.71209	1.0059	427.56	0.068491	3.0988e-05	0.042042	supercritical
482.00	83.000	65.221	0.015332	310.45	437.71	5.6966	0.71238	1.0060	427.98	0.068027	3.1031e-05	0.042106	supercritical
483.00	83.000	65.080	0.015366	311.18	438.71	5.6987	0.71267	1.0062	428.39	0.067566	3.1073e-05	0.042170	supercritical
484.00	83.000	64.940	0.015399	311.91	439.72	5.7008	0.71297	1.0063	428.81	0.067108	3.1116e-05	0.042233	supercritical
485.00	83.000	64.800	0.015432	312.64	440.72	5.7029	0.71326	1.0064	429.23	0.066652	3.1159e-05	0.042297	supercritical
486.00	83.000	64.661	0.015465	313.37	441.73	5.7049	0.71355	1.0065	429.64	0.066198	3.1202e-05	0.042361	supercritical
487.00	83.000	64.523	0.015498	314.10	442.74	5.7070	0.71384	1.0066	430.05	0.065746	3.1245e-05	0.042424	supercritical
488.00	83.000	64.385	0.015532	314.83	443.74	5.7091	0.71413	1.0068	430.47	0.065296	3.1287e-05	0.042488	supercritical
489.00	83.000	64.248	0.015565	315.56	444.75	5.7111	0.71443	1.0069	430.88	0.064849	3.1330e-05	0.042551	supercritical
490.00	83.000	64.111	0.015598	316.29	445.76	5.7132	0.71472	1.0070	431.29	0.064404	3.1372e-05	0.042615	supercritical
491.00	83.000	63.975	0.015631	317.03	446.76	5.7152	0.71501	1.0072	431.70	0.063961	3.1415e-05	0.042678	supercritical
492.00	83.000	63.840	0.015664	317.76	447.77	5.7173	0.71530	1.0073	432.12	0.063521	3.1458e-05	0.042742	supercritical
493.00	83.000	63.705	0.015697	318.49	448.78	5.7193	0.71560	1.0074	432.53	0.063082	3.1500e-05	0.042805	supercritical
494.00	83.000	63.571	0.015730	319.22	449.79	5.7214	0.71589	1.0075	432.94	0.062646	3.1543e-05	0.042868	supercritical
495.00	83.000	63.437	0.015764	319.96	450.79	5.7234	0.71619	1.0077	433.35	0.062212	3.1585e-05	0.042932	supercritical
496.00	83.000	63.304	0.015797	320.69	451.80	5.7254	0.71648	1.0078	433.75	0.061780	3.1627e-05	0.042995	supercritical
497.00	83.000	63.172	0.015830	321.42	452.81	5.7275	0.71677	1.0080	434.16	0.061350	3.1670e-05	0.043059	supercritical
498.00	83.000	63.040	0.015863	322.16	453.82	5.7295	0.71707	1.0081	434.57	0.060922	3.1712e-05	0.043122	supercritical
499.00	83.000	62.909	0.015896	322.89	454.83	5.7315	0.71736	1.0082	434.98	0.060496	3.1754e-05	0.043185	supercritical
500.00	83.000	62.778	0.015929	323.62	455.83	5.7335	0.71766	1.0084	435.38	0.060073	3.1797e-05	0.043249	supercritical
501.00	83.000	62.648	0.015962	324.36	456.84	5.7355	0.71795	1.0085	435.79	0.059651	3.1839e-05	0.043312	supercritical
502.00	83.000	62.519	0.015995	325.09	457.85	5.7376	0.71825	1.0087	436.19	0.059232	3.1881e-05	0.043375	supercritical
503.00	83.000	62.390	0.016028	325.83	458.86	5.7396	0.71854	1.0088	436.60	0.058814	3.1923e-05	0.043439	supercritical
504.00	83.000	62.262	0.016061	326.56	459.87	5.7416	0.71884	1.0090	437.00	0.058399	3.1966e-05	0.043502	supercritical
505.00	83.000	62.134	0.016094	327.30	460.88	5.7436	0.71913	1.0091	437.41	0.057986	3.2008e-05	0.043565	supercritical
506.00	83.000	62.007	0.016127	328.03	461.89	5.7456	0.71943	1.0093	437.81	0.057574	3.2050e-05	0.043628	supercritical
507.00	83.000	61.880	0.016160	328.77	462.90	5.7476	0.71973	1.0094	438.21	0.057165	3.2092e-05	0.043691	supercritical
508.00	83.000	61.754	0.016193	329.50	463.91	5.7495	0.72002	1.0096	438.61	0.056757	3.2134e-05	0.043755	supercritical
509.00	83.000	61.628	0.016226	330.24	464.92	5.7515	0.72032	1.0097	439.02	0.056352	3.2176e-05	0.043818	supercritical
510.00	83.000	61.503	0.016259	330.97	465.93	5.7535	0.72061	1.0099	439.42	0.055948	3.2218e-05	0.043881	supercritical
511.00	83.000	61.379	0.016292	331.71	466.94	5.7555	0.72091	1.0100	439.82	0.055547	3.2260e-05	0.043944	supercritical
512.00	83.000	61.255	0.016325	332.45	467.95	5.7575	0.72121	1.0102	440.22	0.055147	3.2302e-05	0.044007	supercritical
513.00	83.000	61.131	0.016358	333.18	468.96	5.7594	0.72150	1.0103	440.62	0.054750	3.2343e-05	0.044070	supercritical
514.00	83.000	61.008	0.016391	333.92	469.97	5.7614	0.72180	1.0105	441.01	0.054354	3.2385e-05	0.044133	supercritical
515.00	83.000	60.886	0.016424	334.66	470.98	5.7634	0.72210	1.0107	441.41	0.053960	3.2427e-05	0.044196	supercritical
516.00	83.000	60.764	0.016457	335.39	471.99	5.7653	0.72239	1.0108	441.81	0.053568	3.2469e-05	0.044259	supercritical
517.00	83.000	60.642	0.016490	336.13	473.00	5.7673	0.72269	1.0110	442.21	0.053178	3.2510e-05	0.044322	supercritical
518.00	83.000	60.522	0.016523	336.87	474.01	5.7692	0.72299	1.0111	442.60	0.052789	3.2552e-05	0.044385	supercritical
519.00	83.000	60.401	0.016556	337.61	475.02	5.7712	0.72328	1.0113	443.00	0.052403	3.2594e-05	0.044448	supercritical
520.00	83.000	60.281	0.016589	338.35	476.03	5.7731	0.72358	1.0115	443.40	0.052018	3.2635e-05	0.044511	supercritical
521.00	83.000	60.162	0.016622	339.08	477.04	5.7751	0.72388	1.0116	443.79	0.051636	3.2677e-05	0.044574	supercritical
522.00	83.000	60.043	0.016655	339.82	478.06	5.7770	0.72417	1.0118	444.19	0.051255	3.2719e-05	0.044637	supercritical
523.00	83.000	59.925	0.016688	340.56	479.07	5.7790	0.72447	1.0120	444.58	0.050875	3.2760e-05	0.044700	supercritical
524.00	83.000	59.807	0.016720	341.30	480.08	5.7809	0.72477	1.0121	444.97	0.050498	3.2802e-05	0.044763	supercritical
525.00	83.000	59.690	0.016753	342.04	481.09	5.7828	0.72506	1.0123	445.37	0.050122	3.2843e-05	0.044826	supercritical
526.00	83.000	59.573	0.016786	342.78	482.10	5.7848	0.72536	1.0125	445.76	0.049749	3.2885e-05	0.044889	supercritical
527.00	83.000	59.456	0.016819	343.52	483.12	5.7867	0.72566	1.0127	446.15	0.049377	3.2926e-05	0.044951	supercritical
528.00	83.000	59.340	0.016852	344.26	484.13	5.7886	0.72596	1.0128	446.54	0.049006	3.2967e-05	0.045014	supercritical
529.00	83.000	59.225	0.016885	345.00	485.14	5.7905	0.72625	1.0130	446.93	0.048638	3.3009e-05	0.045077	supercritical
530.00	83.000	59.110	0.016918	345.74	486.16	5.7924	0.72655	1.0132	447.32	0.048271	3.3050e-05	0.045140	supercritical
531.00	83.000	58.995	0.016950	346.48	487.17	5.7943	0.72685	1.0133	447.71	0.047906	3.3091e-05	0.045202	supercritical
532.00	83.000	58.881	0.016983	347.22	488.18	5.7962	0.72714	1.0135	448.10	0.047542	3.3132e-05	0.045265	supercritical
533.00	83.000	58.768	0.017016	347.96	489.20	5.7981	0.72744	1.0137	448.49	0.047180	3.3174e-05	0.045328	supercritical
534.00	83.000	58.655	0.017049	348.70	490.21	5.8000	0.72774	1.0139	448.88	0.046820	3.3215e-05	0.045391	supercritical
535.00	83.000	58.542	0.017082	349.45	491.22	5.8019	0.72803	1.0140	449.27	0.046462	3.3256e-05	0.045453	supercritical
536.00	83.000	58.430	0.017115	350.19	492.24	5.8038	0.72833	1.0142	449.66	0.046105	3.3297e-05	0.045516	supercritical
537.00	83.000	58.318	0.017147	350.93	493.25	5.8057	0.72863	1.0144	450.04	0.045750	3.3338e-05	0.045578	supercritical
538.00	83.000	58.207	0.017180	351.67	494.27	5.8076	0.72892	1.0146	450.43	0.045397	3.3379e-05	0.045641	supercritical
539.00	83.000	58.096	0.017213	352.41	495.28	5.8095	0.72922	1.0148	450.82	0.045045	3.3420e-05	0.045704	supercritical
540.00	83.000	57.985	0.017246	353.16	496.30	5.8114	0.72952	1.0149	451.20	0.044695	3.3461e-05	0.045766	supercritical
541.00	83.000	57.875	0.017279	353.90	497.31	5.8133	0.72981	1.0151	451.59	0.044346	3.3502e-05	0.045829	supercritical
542.00	83.000	57.766	0.017311	354.64	498.33	5.8151	0.73011	1.0153	451.97	0.043999	3.3543e-05	0.045891	supercritical
543.00	83.000	57.657	0.017344	355.39	499.34	5.8170	0.73041	1.0155	452.36	0.043654	3.3584e-05	0.045954	supercritical
544.00	83.000	57.548	0.017377	356.13	500.36	5.8189	0.73070	1.0157	452.74	0.043310	3.3625e-05	0.046016	supercritical
545.00	83.000	57.440	0.017410	356.87	501.37	5.8207	0.73100	1.0159	453.12	0.042968	3.3666e-05	0.046079	supercritical
546.00	83.000	57.332	0.017442	357.62	502.39	5.8226	0.73129	1.0160	453.51	0.042627	3.3707e-05	0.046141	supercritical
547.00	83.000	57.225	0.017475	358.36	503.41	5.8245	0.73159	1.0162	453.89	0.042288	3.3747e-05	0.046204	supercritical
548.00	83.000	57.118	0.017508	359.11	504.42	5.8263	0.73189	1.0164	454.27	0.041951	3.3788e-05	0.046266	supercritical
549.00	83.000	57.011	0.017540	359.85	505.44	5.8282	0.73218	1.0166	454.65	0.041615	3.3829e-05	0.046328	supercritical
550.00	83.000	56.905	0.017573	360.60	506.45	5.8300	0.73248	1.0168	455.03	0.041280	3.3870e-05	0.046391	supercritical
551.00	83.000	56.799	0.017606	361.34	507.47	5.8319	0.73277	1.0170	455.41	0.040948	3.3910e-05	0.046453	supercritical
552.00	83.000	56.694	0.017639	362.09	508.49	5.8337	0.73307	1.0172	455.79	0.040616	3.3951e-05	0.046515	supercritical
553.00	83.000	56.589	0.017671	362.83	509.51	5.8356	0.73336	1.0173	456.17	0.040286	3.3992e-05	0.046578	supercritical
554.00	83.000	56.484	0.017704	363.58	510.52	5.8374	0.73366	1.0175	456.55	0.039958	3.4032e-05	0.046640	supercritical
555.00	83.000	56.380	0.017737	364.33	511.54	5.8392	0.73395	1.0177	456.93	0.039631	3.4073e-05	0.046702	supercritical
556.00	83.000	56.277	0.017769	365.07	512.56	5.8411	0.73425	1.0179	457.31	0.039305	3.4113e-05	0.046764	supercritical
557.00	83.000	56.173	0.017802	365.82	513.58	5.8429	0.73454	1.0181	457.69	0.038981	3.4154e-05	0.046827	supercritical
558.00	83.000	56.070	0.017835	366.57	514.60	5.8447	0.73484	1.0183	458.07	0.038659	3.4194e-05	0.046889	supercritical
559.00	83.000	55.968	0.017867	367.31	515.61	5.8465	0.73513	1.0185	458.44	0.038338	3.4235e-05	0.046951	supercritical
560.00	83.000	55.866	0.017900	368.06	516.63	5.8484	0.73542	1.0187	458.82	0.038018	3.4275e-05	0.047013	supercritical
561.00	83.000	55.764	0.017933	368.81	517.65	5.8502	0.73572	1.0189	459.20	0.037700	3.4315e-05	0.047075	supercritical
562.00	83.000	55.663	0.017965	369.56	518.67	5.8520	0.73601	1.0191	459.57	0.037383	3.4356e-05	0.047137	supercritical
563.00	83.000	55.562	0.017998	370.31	519.69	5.8538	0.73630	1.0193	459.95	0.037068	3.4396e-05	0.047200	supercritical
564.00	83.000	55.461	0.018031	371.05	520.71	5.8556	0.73660	1.0195	460.32	0.036754	3.4436e-05	0.047262	supercritical
565.00	83.000	55.361	0.018063	371.80	521.73	5.8574	0.73689	1.0197	460.70	0.036441	3.4477e-05	0.047324	supercritical
566.00	83.000	55.261	0.018096	372.55	522.75	5.8592	0.73718	1.0198	461.07	0.036130	3.4517e-05	0.047386	supercritical
567.00	83.000	55.162	0.018128	373.30	523.77	5.8610	0.73748	1.0200	461.45	0.035820	3.4557e-05	0.047448	supercritical
568.00	83.000	55.063	0.018161	374.05	524.79	5.8628	0.73777	1.0202	461.82	0.035512	3.4597e-05	0.047510	supercritical
569.00	83.000	54.964	0.018194	374.80	525.81	5.8646	0.73806	1.0204	462.19	0.035205	3.4637e-05	0.047572	supercritical
570.00	83.000	54.866	0.018226	375.55	526.83	5.8664	0.73835	1.0206	462.56	0.034899	3.4677e-05	0.047634	supercritical
571.00	83.000	54.768	0.018259	376.30	527.85	5.8682	0.73865	1.0208	462.94	0.034595	3.4717e-05	0.047696	supercritical
572.00	83.000	54.670	0.018292	377.05	528.87	5.8700	0.73894	1.0210	463.31	0.034292	3.4757e-05	0.047758	supercritical
573.00	83.000	54.573	0.018324	377.80	529.89	5.8718	0.73923	1.0212	463.68	0.033990	3.4797e-05	0.047819	supercritical
574.00	83.000	54.476	0.018357	378.55	530.91	5.8735	0.73952	1.0214	464.05	0.033690	3.4837e-05	0.047881	supercritical
575.00	83.000	54.380	0.018389	379.30	531.93	5.8753	0.73981	1.0216	464.42	0.033391	3.4877e-05	0.047943	supercritical
576.00	83.000	54.283	0.018422	380.05	532.96	5.8771	0.74010	1.0218	464.79	0.033093	3.4917e-05	0.048005	supercritical
577.00	83.000	54.188	0.018454	380.81	533.98	5.8789	0.74039	1.0220	465.16	0.032797	3.4957e-05	0.048067	supercritical
578.00	83.000	54.092	0.018487	381.56	535.00	5.8806	0.74069	1.0222	465.53	0.032502	3.4997e-05	0.048129	supercritical
579.00	83.000	53.997	0.018520	382.31	536.02	5.8824	0.74098	1.0224	465.90	0.032208	3.5037e-05	0.048190	supercritical
580.00	83.000	53.902	0.018552	383.06	537.04	5.8842	0.74127	1.0226	466.27	0.031915	3.5077e-05	0.048252	supercritical
581.00	83.000	53.808	0.018585	383.82	538.07	5.8859	0.74156	1.0228	466.64	0.031624	3.5117e-05	0.048314	supercritical
582.00	83.000	53.714	0.018617	384.57	539.09	5.8877	0.74185	1.0230	467.00	0.031334	3.5156e-05	0.048376	supercritical
583.00	83.000	53.620	0.018650	385.32	540.11	5.8895	0.74213	1.0232	467.37	0.031045	3.5196e-05	0.048437	supercritical
584.00	83.000	53.527	0.018682	386.07	541.14	5.8912	0.74242	1.0234	467.74	0.030758	3.5236e-05	0.048499	supercritical
585.00	83.000	53.434	0.018715	386.83	542.16	5.8930	0.74271	1.0236	468.11	0.030472	3.5275e-05	0.048561	supercritical
586.00	83.000	53.341	0.018747	387.58	543.18	5.8947	0.74300	1.0238	468.47	0.030187	3.5315e-05	0.048622	supercritical
587.00	83.000	53.249	0.018780	388.34	544.21	5.8964	0.74329	1.0240	468.84	0.029903	3.5355e-05	0.048684	supercritical
588.00	83.000	53.157	0.018812	389.09	545.23	5.8982	0.74358	1.0242	469.20	0.029621	3.5394e-05	0.048746	supercritical
589.00	83.000	53.065	0.018845	389.84	546.26	5.8999	0.74387	1.0244	469.57	0.029339	3.5434e-05	0.048807	supercritical
590.00	83.000	52.974	0.018877	390.60	547.28	5.9017	0.74415	1.0246	469.93	0.029059	3.5473e-05	0.048869	supercritical
591.00	83.000	52.883	0.018910	391.35	548.31	5.9034	0.74444	1.0248	470.30	0.028780	3.5513e-05	0.048930	supercritical
592.00	83.000	52.792	0.018942	392.11	549.33	5.9051	0.74473	1.0250	470.66	0.028503	3.5552e-05	0.048992	supercritical
593.00	83.000	52.702	0.018975	392.87	550.36	5.9069	0.74501	1.0252	471.02	0.028226	3.5592e-05	0.049053	supercritical
594.00	83.000	52.611	0.019007	393.62	551.38	5.9086	0.74530	1.0254	471.39	0.027951	3.5631e-05	0.049115	supercritical
595.00	83.000	52.522	0.019040	394.38	552.41	5.9103	0.74559	1.0257	471.75	0.027677	3.5671e-05	0.049176	supercritical
596.00	83.000	52.432	0.019072	395.13	553.43	5.9120	0.74587	1.0259	472.11	0.027404	3.5710e-05	0.049238	supercritical
597.00	83.000	52.343	0.019105	395.89	554.46	5.9138	0.74616	1.0261	472.47	0.027132	3.5749e-05	0.049299	supercritical
598.00	83.000	52.254	0.019137	396.65	555.48	5.9155	0.74644	1.0263	472.84	0.026861	3.5789e-05	0.049361	supercritical
599.00	83.000	52.166	0.019170	397.40	556.51	5.9172	0.74673	1.0265	473.20	0.026592	3.5828e-05	0.049422	supercritical
600.00	83.000	52.078	0.019202	398.16	557.54	5.9189	0.74701	1.0267	473.56	0.026323	3.5867e-05	0.049483	supercritical
