Temperature (K)	Pressure (bar)	Density (kg/m3)	Volume (m3/kg)	Internal Energy (kJ/kg)	Enthalpy (kJ/kg)	Entropy (J/g*K)	Cv (J/g*K)	Cp (J/g*K)	Sound Spd. (m/s)	Joule-Thomson (K/bar)	Viscosity (Pa*s)	Therm. Cond. (W/m*K)	Phase
60.000	117.00	1295.6	0.00077182	-185.95	-176.92	2.2269	1.0930	1.6498	1159.0	-0.037719	0.00063338	0.19862	liquid
61.000	117.00	1291.4	0.00077433	-184.33	-175.27	2.2542	1.0853	1.6521	1155.0	-0.037560	0.00060362	0.19732	liquid
62.000	117.00	1287.2	0.00077687	-182.71	-173.62	2.2811	1.0784	1.6540	1150.4	-0.037417	0.00057584	0.19601	liquid
63.000	117.00	1283.0	0.00077943	-181.08	-171.97	2.3076	1.0721	1.6554	1145.3	-0.037290	0.00054990	0.19470	liquid
64.000	117.00	1278.8	0.00078201	-179.46	-170.31	2.3336	1.0662	1.6565	1139.7	-0.037174	0.00052565	0.19339	liquid
65.000	117.00	1274.5	0.00078462	-177.83	-168.65	2.3593	1.0607	1.6571	1133.7	-0.037069	0.00050298	0.19209	liquid
66.000	117.00	1270.2	0.00078725	-176.21	-167.00	2.3846	1.0554	1.6575	1127.4	-0.036972	0.00048176	0.19078	liquid
67.000	117.00	1266.0	0.00078991	-174.58	-165.34	2.4095	1.0503	1.6576	1121.0	-0.036881	0.00046189	0.18947	liquid
68.000	117.00	1261.7	0.00079258	-172.95	-163.68	2.4341	1.0453	1.6575	1114.3	-0.036794	0.00044327	0.18817	liquid
69.000	117.00	1257.4	0.00079528	-171.33	-162.02	2.4583	1.0405	1.6572	1107.5	-0.036710	0.00042580	0.18686	liquid
70.000	117.00	1253.1	0.00079800	-169.70	-160.37	2.4821	1.0358	1.6567	1100.6	-0.036628	0.00040939	0.18555	liquid
71.000	117.00	1248.8	0.00080074	-168.08	-158.71	2.5056	1.0311	1.6562	1093.6	-0.036546	0.00039397	0.18425	liquid
72.000	117.00	1244.5	0.00080351	-166.45	-157.05	2.5288	1.0265	1.6555	1086.6	-0.036462	0.00037947	0.18294	liquid
73.000	117.00	1240.2	0.00080630	-164.83	-155.40	2.5516	1.0220	1.6549	1079.4	-0.036377	0.00036581	0.18164	liquid
74.000	117.00	1235.9	0.00080911	-163.21	-153.74	2.5741	1.0175	1.6542	1072.3	-0.036289	0.00035294	0.18033	liquid
75.000	117.00	1231.6	0.00081194	-161.59	-152.09	2.5963	1.0130	1.6535	1065.1	-0.036197	0.00034079	0.17903	liquid
76.000	117.00	1227.3	0.00081480	-159.97	-150.44	2.6182	1.0086	1.6528	1057.9	-0.036101	0.00032932	0.17772	liquid
77.000	117.00	1223.0	0.00081768	-158.35	-148.78	2.6398	1.0043	1.6521	1050.7	-0.035999	0.00031848	0.17642	liquid
78.000	117.00	1218.6	0.00082059	-156.73	-147.13	2.6611	0.99997	1.6515	1043.5	-0.035892	0.00030822	0.17511	liquid
79.000	117.00	1214.3	0.00082352	-155.12	-145.48	2.6822	0.99570	1.6510	1036.3	-0.035779	0.00029851	0.17380	liquid
80.000	117.00	1209.9	0.00082648	-153.50	-143.83	2.7029	0.99147	1.6505	1029.1	-0.035659	0.00028929	0.17250	liquid
81.000	117.00	1205.6	0.00082947	-151.89	-142.18	2.7234	0.98729	1.6501	1021.9	-0.035532	0.00028055	0.17119	liquid
82.000	117.00	1201.2	0.00083249	-150.27	-140.53	2.7437	0.98315	1.6498	1014.7	-0.035398	0.00027224	0.16988	liquid
83.000	117.00	1196.8	0.00083553	-148.66	-138.88	2.7637	0.97906	1.6496	1007.5	-0.035255	0.00026434	0.16858	liquid
84.000	117.00	1192.5	0.00083861	-147.04	-137.23	2.7834	0.97501	1.6495	1000.3	-0.035105	0.00025683	0.16727	liquid
85.000	117.00	1188.1	0.00084171	-145.43	-135.58	2.8030	0.97101	1.6495	993.11	-0.034946	0.00024966	0.16596	liquid
86.000	117.00	1183.6	0.00084485	-143.82	-133.93	2.8223	0.96706	1.6496	985.92	-0.034778	0.00024283	0.16465	liquid
87.000	117.00	1179.2	0.00084802	-142.20	-132.28	2.8413	0.96315	1.6498	978.74	-0.034601	0.00023631	0.16334	liquid
88.000	117.00	1174.8	0.00085122	-140.59	-130.63	2.8602	0.95930	1.6501	971.57	-0.034415	0.00023008	0.16203	liquid
89.000	117.00	1170.3	0.00085446	-138.98	-128.98	2.8788	0.95549	1.6506	964.40	-0.034219	0.00022412	0.16072	liquid
90.000	117.00	1165.9	0.00085773	-137.37	-127.33	2.8973	0.95172	1.6512	957.23	-0.034013	0.00021841	0.15940	liquid
91.000	117.00	1161.4	0.00086104	-135.75	-125.68	2.9155	0.94801	1.6519	950.06	-0.033796	0.00021295	0.15809	liquid
92.000	117.00	1156.9	0.00086438	-134.14	-124.03	2.9336	0.94434	1.6527	942.90	-0.033570	0.00020771	0.15678	liquid
93.000	117.00	1152.4	0.00086777	-132.53	-122.37	2.9515	0.94073	1.6536	935.74	-0.033332	0.00020267	0.15546	liquid
94.000	117.00	1147.9	0.00087119	-130.91	-120.72	2.9692	0.93716	1.6547	928.58	-0.033083	0.00019784	0.15415	liquid
95.000	117.00	1143.3	0.00087466	-129.30	-119.06	2.9867	0.93363	1.6559	921.42	-0.032823	0.00019319	0.15283	liquid
96.000	117.00	1138.7	0.00087816	-127.68	-117.41	3.0040	0.93016	1.6572	914.26	-0.032551	0.00018871	0.15151	liquid
97.000	117.00	1134.2	0.00088171	-126.07	-115.75	3.0212	0.92673	1.6587	907.09	-0.032267	0.00018440	0.15020	liquid
98.000	117.00	1129.5	0.00088531	-124.45	-114.09	3.0382	0.92335	1.6603	899.93	-0.031971	0.00018025	0.14888	liquid
99.000	117.00	1124.9	0.00088895	-122.83	-112.43	3.0551	0.92001	1.6620	892.76	-0.031662	0.00017624	0.14756	liquid
100.00	117.00	1120.3	0.00089264	-121.21	-110.77	3.0718	0.91672	1.6639	885.58	-0.031340	0.00017237	0.14624	liquid
101.00	117.00	1115.6	0.00089637	-119.59	-109.10	3.0884	0.91347	1.6659	878.40	-0.031004	0.00016863	0.14492	liquid
102.00	117.00	1110.9	0.00090016	-117.97	-107.44	3.1048	0.91027	1.6680	871.22	-0.030654	0.00016501	0.14360	liquid
103.00	117.00	1106.2	0.00090400	-116.34	-105.77	3.1211	0.90711	1.6703	864.03	-0.030290	0.00016150	0.14228	liquid
104.00	117.00	1101.5	0.00090789	-114.72	-104.09	3.1372	0.90400	1.6727	856.83	-0.029912	0.00015811	0.14096	liquid
105.00	117.00	1096.7	0.00091184	-113.09	-102.42	3.1532	0.90093	1.6753	849.62	-0.029518	0.00015482	0.13964	liquid
106.00	117.00	1091.9	0.00091584	-111.46	-100.74	3.1691	0.89790	1.6781	842.40	-0.029108	0.00015163	0.13831	liquid
107.00	117.00	1087.1	0.00091990	-109.83	-99.064	3.1849	0.89492	1.6809	835.18	-0.028682	0.00014854	0.13699	liquid
108.00	117.00	1082.2	0.00092402	-108.19	-97.382	3.2006	0.89198	1.6840	827.94	-0.028239	0.00014553	0.13567	liquid
109.00	117.00	1077.3	0.00092821	-106.56	-95.696	3.2161	0.88908	1.6872	820.69	-0.027778	0.00014261	0.13435	liquid
110.00	117.00	1072.4	0.00093246	-104.92	-94.007	3.2315	0.88623	1.6905	813.43	-0.027300	0.00013976	0.13303	liquid
111.00	117.00	1067.5	0.00093677	-103.28	-92.315	3.2468	0.88341	1.6941	806.15	-0.026803	0.00013699	0.13171	liquid
112.00	117.00	1062.5	0.00094115	-101.63	-90.619	3.2620	0.88064	1.6978	798.87	-0.026286	0.00013430	0.13039	liquid
113.00	117.00	1057.5	0.00094561	-99.983	-88.919	3.2771	0.87791	1.7017	791.56	-0.025750	0.00013167	0.12908	liquid
114.00	117.00	1052.5	0.00095014	-98.332	-87.216	3.2922	0.87522	1.7057	784.25	-0.025192	0.00012911	0.12776	liquid
115.00	117.00	1047.4	0.00095474	-96.678	-85.508	3.3071	0.87257	1.7100	776.91	-0.024613	0.00012662	0.12645	liquid
116.00	117.00	1042.3	0.00095942	-95.021	-83.796	3.3219	0.86996	1.7144	769.56	-0.024011	0.00012418	0.12513	liquid
117.00	117.00	1037.1	0.00096418	-93.360	-82.079	3.3366	0.86739	1.7191	762.20	-0.023385	0.00012180	0.12382	liquid
118.00	117.00	1032.0	0.00096903	-91.695	-80.357	3.3513	0.86486	1.7239	754.81	-0.022735	0.00011947	0.12251	liquid
119.00	117.00	1026.7	0.00097397	-90.026	-78.631	3.3658	0.86238	1.7290	747.41	-0.022059	0.00011720	0.12120	liquid
120.00	117.00	1021.5	0.00097899	-88.354	-76.899	3.3803	0.85994	1.7343	739.98	-0.021357	0.00011498	0.11989	liquid
121.00	117.00	1016.1	0.00098411	-86.676	-75.162	3.3948	0.85753	1.7398	732.54	-0.020627	0.00011280	0.11859	liquid
122.00	117.00	1010.8	0.00098933	-84.995	-73.420	3.4091	0.85517	1.7456	725.07	-0.019868	0.00011067	0.11728	liquid
123.00	117.00	1005.4	0.00099465	-83.308	-71.671	3.4234	0.85285	1.7516	717.58	-0.019078	0.00010859	0.11598	liquid
124.00	117.00	999.93	0.0010001	-81.617	-69.916	3.4376	0.85058	1.7579	710.07	-0.018257	0.00010655	0.11467	liquid
125.00	117.00	994.43	0.0010056	-79.921	-68.155	3.4517	0.84834	1.7644	702.54	-0.017402	0.00010454	0.11337	liquid
126.00	117.00	988.88	0.0010112	-78.219	-66.387	3.4658	0.84615	1.7713	694.98	-0.016513	0.00010258	0.11207	liquid
127.00	117.00	983.27	0.0010170	-76.512	-64.613	3.4798	0.84400	1.7784	687.39	-0.015587	0.00010066	0.11078	liquid
128.00	117.00	977.61	0.0010229	-74.798	-62.830	3.4938	0.84190	1.7858	679.78	-0.014623	9.8769e-05	0.10948	liquid
129.00	117.00	971.90	0.0010289	-73.079	-61.041	3.5077	0.83984	1.7936	672.15	-0.013618	9.6916e-05	0.10819	liquid
130.00	117.00	966.12	0.0010351	-71.354	-59.243	3.5216	0.83783	1.8017	664.49	-0.012571	9.5097e-05	0.10690	liquid
131.00	117.00	960.28	0.0010414	-69.621	-57.437	3.5355	0.83586	1.8101	656.79	-0.011480	9.3310e-05	0.10562	liquid
132.00	117.00	954.39	0.0010478	-67.882	-55.623	3.5493	0.83394	1.8190	649.07	-0.010342	9.1555e-05	0.10434	liquid
133.00	117.00	948.42	0.0010544	-66.136	-53.799	3.5630	0.83206	1.8282	641.32	-0.0091543	8.9831e-05	0.10306	liquid
134.00	117.00	942.39	0.0010611	-64.382	-51.966	3.5768	0.83024	1.8378	633.54	-0.0079150	8.8136e-05	0.10178	liquid
135.00	117.00	936.28	0.0010681	-62.620	-50.123	3.5905	0.82846	1.8479	625.73	-0.0066209	8.6469e-05	0.10051	liquid
136.00	117.00	930.10	0.0010751	-60.850	-48.270	3.6041	0.82674	1.8584	617.89	-0.0052689	8.4831e-05	0.099237	liquid
137.00	117.00	923.85	0.0010824	-59.071	-46.406	3.6178	0.82506	1.8695	610.01	-0.0038559	8.3218e-05	0.097972	liquid
138.00	117.00	917.51	0.0010899	-57.283	-44.531	3.6314	0.82344	1.8810	602.11	-0.0023783	8.1632e-05	0.096710	liquid
139.00	117.00	911.10	0.0010976	-55.486	-42.644	3.6451	0.82188	1.8931	594.17	-0.00083225	8.0071e-05	0.095453	liquid
140.00	117.00	904.59	0.0011055	-53.679	-40.745	3.6587	0.82037	1.9058	586.19	0.00078616	7.8534e-05	0.094200	liquid
141.00	117.00	898.00	0.0011136	-51.862	-38.833	3.6723	0.81892	1.9190	578.18	0.0024813	7.7021e-05	0.092951	liquid
142.00	117.00	891.31	0.0011219	-50.033	-36.907	3.6859	0.81752	1.9329	570.13	0.0042578	7.5531e-05	0.091707	liquid
143.00	117.00	884.52	0.0011306	-48.194	-34.966	3.6995	0.81619	1.9475	562.05	0.0061208	7.4063e-05	0.090468	liquid
144.00	117.00	877.63	0.0011394	-46.343	-33.011	3.7131	0.81493	1.9629	553.94	0.0080755	7.2617e-05	0.089234	liquid
145.00	117.00	870.63	0.0011486	-44.479	-31.040	3.7268	0.81372	1.9790	545.79	0.010128	7.1192e-05	0.088005	liquid
146.00	117.00	863.52	0.0011580	-42.602	-29.053	3.7404	0.81259	1.9959	537.60	0.012284	6.9787e-05	0.086782	liquid
147.00	117.00	856.30	0.0011678	-40.712	-27.048	3.7541	0.81152	2.0137	529.38	0.014551	6.8402e-05	0.085563	liquid
148.00	117.00	848.95	0.0011779	-38.807	-25.025	3.7678	0.81053	2.0324	521.13	0.016935	6.7037e-05	0.084351	liquid
149.00	117.00	841.47	0.0011884	-36.887	-22.983	3.7816	0.80960	2.0522	512.85	0.019445	6.5690e-05	0.083144	liquid
150.00	117.00	833.86	0.0011992	-34.952	-20.921	3.7954	0.80876	2.0729	504.53	0.022088	6.4361e-05	0.081943	liquid
151.00	117.00	826.11	0.0012105	-33.000	-18.837	3.8092	0.80800	2.0948	496.18	0.024874	6.3050e-05	0.080749	liquid
152.00	117.00	818.21	0.0012222	-31.030	-16.731	3.8231	0.80731	2.1179	487.81	0.027812	6.1756e-05	0.079560	liquid
153.00	117.00	810.15	0.0012343	-29.042	-14.601	3.8371	0.80671	2.1423	479.42	0.030913	6.0478e-05	0.078378	liquid
154.00	117.00	801.93	0.0012470	-27.035	-12.446	3.8511	0.80620	2.1679	471.01	0.034187	5.9217e-05	0.077202	liquid
155.00	117.00	793.54	0.0012602	-25.008	-10.264	3.8653	0.80577	2.1950	462.58	0.037646	5.7972e-05	0.076033	supercritical
156.00	117.00	784.98	0.0012739	-22.960	-8.0550	3.8795	0.80543	2.2236	454.14	0.041302	5.6742e-05	0.074871	supercritical
157.00	117.00	776.22	0.0012883	-20.889	-5.8164	3.8938	0.80518	2.2538	445.70	0.045168	5.5526e-05	0.073715	supercritical
158.00	117.00	767.27	0.0013033	-18.796	-3.5468	3.9082	0.80502	2.2857	437.27	0.049259	5.4326e-05	0.072567	supercritical
159.00	117.00	758.12	0.0013191	-16.678	-1.2445	3.9227	0.80494	2.3192	428.85	0.053587	5.3139e-05	0.071425	supercritical
160.00	117.00	748.75	0.0013356	-14.534	1.0922	3.9373	0.80495	2.3546	420.45	0.058169	5.1966e-05	0.070290	supercritical
161.00	117.00	739.15	0.0013529	-12.364	3.4653	3.9521	0.80504	2.3918	412.09	0.063018	5.0806e-05	0.069162	supercritical
162.00	117.00	729.33	0.0013711	-10.166	5.8764	3.9671	0.80521	2.4308	403.78	0.068150	4.9660e-05	0.068041	supercritical
163.00	117.00	719.27	0.0013903	-7.9389	8.3276	3.9821	0.80545	2.4717	395.54	0.073580	4.8526e-05	0.066927	supercritical
164.00	117.00	708.96	0.0014105	-5.6826	10.820	3.9974	0.80575	2.5144	387.38	0.079319	4.7406e-05	0.065819	supercritical
165.00	117.00	698.40	0.0014319	-3.3958	13.357	4.0128	0.80610	2.5586	379.32	0.085381	4.6298e-05	0.064719	supercritical
166.00	117.00	687.58	0.0014544	-1.0781	15.938	4.0284	0.80649	2.6043	371.38	0.091774	4.5204e-05	0.063625	supercritical
167.00	117.00	676.50	0.0014782	1.2709	18.566	4.0442	0.80690	2.6510	363.58	0.098504	4.4123e-05	0.062537	supercritical
168.00	117.00	665.16	0.0015034	3.6508	21.240	4.0602	0.80733	2.6984	355.96	0.10557	4.3056e-05	0.061456	supercritical
169.00	117.00	653.58	0.0015300	6.0611	23.963	4.0763	0.80775	2.7458	348.54	0.11297	4.2003e-05	0.060381	supercritical
170.00	117.00	641.75	0.0015582	8.5005	26.732	4.0927	0.80815	2.7926	341.34	0.12069	4.0967e-05	0.059313	supercritical
171.00	117.00	629.70	0.0015880	10.967	29.547	4.1092	0.80851	2.8379	334.41	0.12872	3.9947e-05	0.058252	supercritical
172.00	117.00	617.46	0.0016196	13.458	32.407	4.1258	0.80881	2.8808	327.75	0.13703	3.8947e-05	0.057197	supercritical
173.00	117.00	605.03	0.0016528	15.970	35.308	4.1427	0.80903	2.9203	321.41	0.14560	3.7966e-05	0.056149	supercritical
174.00	117.00	592.48	0.0016878	18.498	38.246	4.1596	0.80915	2.9556	315.40	0.15437	3.7008e-05	0.055110	supercritical
175.00	117.00	579.83	0.0017246	21.039	41.217	4.1766	0.80914	2.9855	309.76	0.16331	3.6075e-05	0.054080	supercritical
176.00	117.00	567.14	0.0017632	23.585	44.215	4.1937	0.80899	3.0092	304.49	0.17236	3.5169e-05	0.053060	supercritical
177.00	117.00	554.45	0.0018036	26.131	47.233	4.2108	0.80868	3.0258	299.60	0.18148	3.4291e-05	0.052051	supercritical
178.00	117.00	541.82	0.0018456	28.670	50.264	4.2279	0.80819	3.0348	295.12	0.19058	3.3445e-05	0.051057	supercritical
179.00	117.00	529.30	0.0018893	31.195	53.300	4.2449	0.80749	3.0355	291.03	0.19961	3.2633e-05	0.050078	supercritical
180.00	117.00	516.95	0.0019344	33.699	56.332	4.2618	0.80659	3.0277	287.34	0.20850	3.1856e-05	0.049118	supercritical
181.00	117.00	504.83	0.0019809	36.176	59.352	4.2785	0.80547	3.0115	284.04	0.21717	3.1115e-05	0.048178	supercritical
182.00	117.00	492.97	0.0020285	38.619	62.352	4.2950	0.80413	2.9871	281.13	0.22555	3.0412e-05	0.047262	supercritical
183.00	117.00	481.43	0.0020771	41.021	65.324	4.3113	0.80258	2.9551	278.57	0.23359	2.9748e-05	0.046372	supercritical
184.00	117.00	470.24	0.0021266	43.379	68.260	4.3273	0.80083	2.9165	276.37	0.24123	2.9124e-05	0.045510	supercritical
185.00	117.00	459.42	0.0021767	45.688	71.155	4.3430	0.79890	2.8721	274.48	0.24843	2.8537e-05	0.044680	supercritical
186.00	117.00	448.99	0.0022272	47.945	74.003	4.3584	0.79680	2.8232	272.90	0.25518	2.7989e-05	0.043881	supercritical
187.00	117.00	438.98	0.0022780	50.147	76.800	4.3734	0.79456	2.7708	271.58	0.26144	2.7478e-05	0.043117	supercritical
188.00	117.00	429.37	0.0023290	52.295	79.544	4.3880	0.79220	2.7162	270.52	0.26723	2.7003e-05	0.042388	supercritical
189.00	117.00	420.17	0.0023800	54.386	82.232	4.4023	0.78975	2.6601	269.68	0.27254	2.6562e-05	0.041694	supercritical
190.00	117.00	411.38	0.0024309	56.423	84.864	4.4161	0.78722	2.6036	269.05	0.27738	2.6153e-05	0.041035	supercritical
191.00	117.00	402.97	0.0024816	58.405	87.439	4.4297	0.78464	2.5473	268.59	0.28178	2.5774e-05	0.040411	supercritical
192.00	117.00	394.95	0.0025320	60.335	89.959	4.4428	0.78202	2.4917	268.28	0.28574	2.5424e-05	0.039821	supercritical
193.00	117.00	387.28	0.0025821	62.213	92.423	4.4556	0.77938	2.4372	268.12	0.28930	2.5101e-05	0.039264	supercritical
194.00	117.00	379.97	0.0026318	64.042	94.834	4.4681	0.77675	2.3843	268.08	0.29247	2.4802e-05	0.038739	supercritical
195.00	117.00	372.98	0.0026811	65.824	97.192	4.4802	0.77412	2.3331	268.15	0.29528	2.4527e-05	0.038244	supercritical
196.00	117.00	366.31	0.0027299	67.560	99.501	4.4920	0.77151	2.2837	268.32	0.29776	2.4272e-05	0.037778	supercritical
197.00	117.00	359.93	0.0027783	69.254	101.76	4.5035	0.76893	2.2363	268.57	0.29992	2.4038e-05	0.037339	supercritical
198.00	117.00	353.83	0.0028262	70.907	103.97	4.5147	0.76639	2.1908	268.89	0.30178	2.3821e-05	0.036926	supercritical
199.00	117.00	347.99	0.0028737	72.521	106.14	4.5256	0.76389	2.1474	269.28	0.30338	2.3621e-05	0.036538	supercritical
200.00	117.00	342.40	0.0029206	74.098	108.27	4.5363	0.76143	2.1058	269.72	0.30472	2.3437e-05	0.036174	supercritical
201.00	117.00	337.04	0.0029670	75.641	110.36	4.5467	0.75903	2.0662	270.22	0.30582	2.3267e-05	0.035831	supercritical
202.00	117.00	331.90	0.0030130	77.150	112.40	4.5569	0.75669	2.0284	270.76	0.30671	2.3111e-05	0.035508	supercritical
203.00	117.00	326.96	0.0030585	78.628	114.41	4.5668	0.75439	1.9923	271.33	0.30740	2.2967e-05	0.035205	supercritical
204.00	117.00	322.22	0.0031035	80.077	116.39	4.5765	0.75216	1.9580	271.94	0.30791	2.2834e-05	0.034920	supercritical
205.00	117.00	317.66	0.0031480	81.497	118.33	4.5860	0.74998	1.9253	272.58	0.30824	2.2712e-05	0.034652	supercritical
206.00	117.00	313.28	0.0031921	82.891	120.24	4.5953	0.74787	1.8941	273.25	0.30842	2.2599e-05	0.034400	supercritical
207.00	117.00	309.05	0.0032357	84.260	122.12	4.6044	0.74581	1.8644	273.94	0.30845	2.2495e-05	0.034163	supercritical
208.00	117.00	304.98	0.0032789	85.604	123.97	4.6133	0.74381	1.8360	274.65	0.30835	2.2400e-05	0.033940	supercritical
209.00	117.00	301.05	0.0033217	86.926	125.79	4.6220	0.74187	1.8090	275.37	0.30812	2.2313e-05	0.033731	supercritical
210.00	117.00	297.26	0.0033640	88.227	127.59	4.6306	0.73998	1.7832	276.11	0.30778	2.2233e-05	0.033534	supercritical
211.00	117.00	293.60	0.0034060	89.507	129.36	4.6390	0.73815	1.7586	276.87	0.30734	2.2160e-05	0.033349	supercritical
212.00	117.00	290.06	0.0034476	90.767	131.10	4.6473	0.73638	1.7351	277.63	0.30680	2.2093e-05	0.033175	supercritical
213.00	117.00	286.64	0.0034887	92.009	132.83	4.6554	0.73466	1.7126	278.41	0.30617	2.2032e-05	0.033011	supercritical
214.00	117.00	283.32	0.0035296	93.233	134.53	4.6634	0.73299	1.6911	279.19	0.30546	2.1977e-05	0.032857	supercritical
215.00	117.00	280.11	0.0035700	94.441	136.21	4.6712	0.73137	1.6706	279.98	0.30467	2.1927e-05	0.032713	supercritical
216.00	117.00	277.00	0.0036101	95.632	137.87	4.6789	0.72981	1.6509	280.78	0.30381	2.1881e-05	0.032577	supercritical
217.00	117.00	273.98	0.0036499	96.809	139.51	4.6865	0.72829	1.6321	281.58	0.30289	2.1840e-05	0.032450	supercritical
218.00	117.00	271.05	0.0036893	97.970	141.14	4.6940	0.72682	1.6141	282.39	0.30192	2.1804e-05	0.032330	supercritical
219.00	117.00	268.21	0.0037284	99.118	142.74	4.7013	0.72539	1.5968	283.20	0.30089	2.1771e-05	0.032218	supercritical
220.00	117.00	265.45	0.0037673	100.25	144.33	4.7085	0.72401	1.5802	284.02	0.29981	2.1742e-05	0.032113	supercritical
221.00	117.00	262.76	0.0038058	101.37	145.90	4.7157	0.72267	1.5643	284.83	0.29868	2.1717e-05	0.032015	supercritical
222.00	117.00	260.15	0.0038440	102.48	147.46	4.7227	0.72137	1.5490	285.65	0.29752	2.1695e-05	0.031923	supercritical
223.00	117.00	257.60	0.0038819	103.58	149.00	4.7296	0.72012	1.5343	286.47	0.29631	2.1676e-05	0.031837	supercritical
224.00	117.00	255.13	0.0039196	104.67	150.53	4.7365	0.71890	1.5202	287.29	0.29508	2.1660e-05	0.031756	supercritical
225.00	117.00	252.72	0.0039570	105.74	152.04	4.7432	0.71772	1.5066	288.11	0.29381	2.1647e-05	0.031681	supercritical
226.00	117.00	250.37	0.0039941	106.81	153.54	4.7499	0.71658	1.4935	288.93	0.29251	2.1637e-05	0.031611	supercritical
227.00	117.00	248.08	0.0040310	107.86	155.03	4.7564	0.71547	1.4809	289.74	0.29119	2.1629e-05	0.031546	supercritical
228.00	117.00	245.84	0.0040676	108.91	156.50	4.7629	0.71439	1.4688	290.56	0.28985	2.1623e-05	0.031486	supercritical
229.00	117.00	243.66	0.0041040	109.95	157.96	4.7693	0.71335	1.4571	291.38	0.28849	2.1619e-05	0.031430	supercritical
230.00	117.00	241.54	0.0041402	110.98	159.42	4.7756	0.71234	1.4458	292.20	0.28710	2.1618e-05	0.031378	supercritical
231.00	117.00	239.46	0.0041761	112.00	160.86	4.7819	0.71136	1.4349	293.01	0.28570	2.1619e-05	0.031331	supercritical
232.00	117.00	237.43	0.0042118	113.01	162.29	4.7881	0.71041	1.4244	293.82	0.28429	2.1622e-05	0.031287	supercritical
233.00	117.00	235.44	0.0042473	114.01	163.71	4.7942	0.70949	1.4143	294.64	0.28286	2.1626e-05	0.031247	supercritical
234.00	117.00	233.50	0.0042826	115.01	165.12	4.8002	0.70860	1.4045	295.44	0.28142	2.1632e-05	0.031210	supercritical
235.00	117.00	231.60	0.0043177	116.00	166.51	4.8062	0.70774	1.3950	296.25	0.27997	2.1640e-05	0.031177	supercritical
236.00	117.00	229.75	0.0043526	116.98	167.91	4.8121	0.70690	1.3859	297.06	0.27851	2.1649e-05	0.031146	supercritical
237.00	117.00	227.93	0.0043873	117.96	169.29	4.8179	0.70608	1.3770	297.86	0.27704	2.1660e-05	0.031119	supercritical
238.00	117.00	226.15	0.0044218	118.92	170.66	4.8237	0.70529	1.3684	298.66	0.27557	2.1672e-05	0.031095	supercritical
239.00	117.00	224.41	0.0044562	119.89	172.02	4.8294	0.70453	1.3601	299.46	0.27409	2.1686e-05	0.031074	supercritical
240.00	117.00	222.70	0.0044903	120.84	173.38	4.8351	0.70379	1.3521	300.25	0.27261	2.1700e-05	0.031055	supercritical
241.00	117.00	221.03	0.0045243	121.79	174.73	4.8407	0.70306	1.3443	301.05	0.27112	2.1716e-05	0.031039	supercritical
242.00	117.00	219.39	0.0045581	122.74	176.07	4.8462	0.70237	1.3367	301.84	0.26964	2.1734e-05	0.031025	supercritical
243.00	117.00	217.78	0.0045917	123.68	177.40	4.8517	0.70169	1.3294	302.63	0.26815	2.1752e-05	0.031014	supercritical
244.00	117.00	216.21	0.0046252	124.61	178.73	4.8572	0.70103	1.3223	303.41	0.26665	2.1771e-05	0.031005	supercritical
245.00	117.00	214.66	0.0046586	125.54	180.05	4.8626	0.70039	1.3154	304.19	0.26516	2.1791e-05	0.030998	supercritical
246.00	117.00	213.14	0.0046917	126.46	181.36	4.8679	0.69977	1.3087	304.97	0.26367	2.1813e-05	0.030993	supercritical
247.00	117.00	211.65	0.0047248	127.38	182.66	4.8732	0.69917	1.3022	305.75	0.26218	2.1835e-05	0.030990	supercritical
248.00	117.00	210.19	0.0047576	128.30	183.96	4.8785	0.69859	1.2958	306.52	0.26069	2.1858e-05	0.030989	supercritical
249.00	117.00	208.75	0.0047904	129.21	185.25	4.8837	0.69802	1.2897	307.29	0.25920	2.1882e-05	0.030990	supercritical
250.00	117.00	207.34	0.0048230	130.11	186.54	4.8888	0.69747	1.2837	308.06	0.25772	2.1907e-05	0.030993	supercritical
251.00	117.00	205.96	0.0048554	131.01	187.82	4.8939	0.69694	1.2779	308.83	0.25624	2.1932e-05	0.030997	supercritical
252.00	117.00	204.59	0.0048877	131.91	189.10	4.8990	0.69643	1.2723	309.59	0.25476	2.1959e-05	0.031004	supercritical
253.00	117.00	203.25	0.0049199	132.80	190.37	4.9040	0.69592	1.2668	310.35	0.25328	2.1986e-05	0.031011	supercritical
254.00	117.00	201.94	0.0049520	133.69	191.63	4.9090	0.69544	1.2615	311.11	0.25181	2.2013e-05	0.031021	supercritical
255.00	117.00	200.64	0.0049839	134.58	192.89	4.9140	0.69497	1.2562	311.86	0.25035	2.2042e-05	0.031031	supercritical
256.00	117.00	199.37	0.0050158	135.46	194.14	4.9189	0.69451	1.2512	312.61	0.24888	2.2071e-05	0.031043	supercritical
257.00	117.00	198.12	0.0050475	136.34	195.39	4.9237	0.69407	1.2463	313.36	0.24743	2.2100e-05	0.031057	supercritical
258.00	117.00	196.89	0.0050790	137.21	196.64	4.9286	0.69364	1.2414	314.10	0.24598	2.2130e-05	0.031072	supercritical
259.00	117.00	195.68	0.0051105	138.08	197.88	4.9334	0.69322	1.2368	314.84	0.24453	2.2161e-05	0.031088	supercritical
260.00	117.00	194.48	0.0051419	138.95	199.11	4.9381	0.69281	1.2322	315.58	0.24309	2.2192e-05	0.031105	supercritical
261.00	117.00	193.31	0.0051731	139.81	200.34	4.9428	0.69242	1.2277	316.32	0.24165	2.2224e-05	0.031124	supercritical
262.00	117.00	192.15	0.0052042	140.68	201.57	4.9475	0.69204	1.2234	317.05	0.24022	2.2256e-05	0.031144	supercritical
263.00	117.00	191.01	0.0052353	141.53	202.79	4.9522	0.69167	1.2192	317.78	0.23880	2.2289e-05	0.031165	supercritical
264.00	117.00	189.89	0.0052662	142.39	204.00	4.9568	0.69132	1.2150	318.51	0.23738	2.2322e-05	0.031187	supercritical
265.00	117.00	188.79	0.0052970	143.24	205.22	4.9614	0.69097	1.2110	319.23	0.23597	2.2356e-05	0.031210	supercritical
266.00	117.00	187.70	0.0053277	144.09	206.43	4.9659	0.69064	1.2071	319.96	0.23457	2.2390e-05	0.031234	supercritical
267.00	117.00	186.62	0.0053584	144.94	207.63	4.9705	0.69031	1.2032	320.68	0.23317	2.2424e-05	0.031258	supercritical
268.00	117.00	185.57	0.0053889	145.78	208.83	4.9749	0.69000	1.1995	321.39	0.23178	2.2459e-05	0.031284	supercritical
269.00	117.00	184.52	0.0054193	146.62	210.03	4.9794	0.68969	1.1958	322.11	0.23040	2.2494e-05	0.031311	supercritical
270.00	117.00	183.50	0.0054497	147.46	211.22	4.9838	0.68940	1.1922	322.82	0.22902	2.2529e-05	0.031339	supercritical
271.00	117.00	182.48	0.0054799	148.30	212.41	4.9882	0.68912	1.1888	323.52	0.22765	2.2565e-05	0.031367	supercritical
272.00	117.00	181.49	0.0055101	149.13	213.60	4.9926	0.68884	1.1853	324.23	0.22629	2.2602e-05	0.031397	supercritical
273.00	117.00	180.50	0.0055402	149.97	214.79	4.9970	0.68857	1.1820	324.93	0.22493	2.2638e-05	0.031427	supercritical
274.00	117.00	179.53	0.0055701	150.79	215.97	5.0013	0.68832	1.1787	325.63	0.22358	2.2675e-05	0.031458	supercritical
275.00	117.00	178.57	0.0056000	151.62	217.14	5.0056	0.68807	1.1755	326.33	0.22224	2.2712e-05	0.031490	supercritical
276.00	117.00	177.62	0.0056299	152.45	218.32	5.0098	0.68783	1.1724	327.02	0.22091	2.2749e-05	0.031522	supercritical
277.00	117.00	176.69	0.0056596	153.27	219.49	5.0141	0.68760	1.1694	327.72	0.21958	2.2787e-05	0.031555	supercritical
278.00	117.00	175.77	0.0056893	154.09	220.66	5.0183	0.68738	1.1664	328.41	0.21826	2.2825e-05	0.031589	supercritical
279.00	117.00	174.86	0.0057189	154.91	221.82	5.0224	0.68716	1.1635	329.09	0.21695	2.2863e-05	0.031624	supercritical
280.00	117.00	173.96	0.0057484	155.73	222.98	5.0266	0.68695	1.1606	329.78	0.21565	2.2902e-05	0.031659	supercritical
281.00	117.00	173.08	0.0057778	156.54	224.14	5.0307	0.68676	1.1578	330.46	0.21435	2.2940e-05	0.031694	supercritical
282.00	117.00	172.20	0.0058072	157.35	225.30	5.0348	0.68656	1.1551	331.14	0.21306	2.2979e-05	0.031731	supercritical
283.00	117.00	171.34	0.0058364	158.17	226.45	5.0389	0.68638	1.1524	331.81	0.21178	2.3019e-05	0.031768	supercritical
284.00	117.00	170.48	0.0058656	158.97	227.60	5.0430	0.68620	1.1498	332.49	0.21051	2.3058e-05	0.031805	supercritical
285.00	117.00	169.64	0.0058948	159.78	228.75	5.0470	0.68603	1.1472	333.16	0.20924	2.3098e-05	0.031843	supercritical
286.00	117.00	168.81	0.0059239	160.59	229.90	5.0510	0.68587	1.1447	333.83	0.20798	2.3137e-05	0.031882	supercritical
287.00	117.00	167.99	0.0059529	161.39	231.04	5.0550	0.68571	1.1422	334.50	0.20673	2.3177e-05	0.031921	supercritical
288.00	117.00	167.17	0.0059818	162.19	232.18	5.0590	0.68556	1.1398	335.16	0.20548	2.3217e-05	0.031960	supercritical
289.00	117.00	166.37	0.0060107	163.00	233.32	5.0629	0.68542	1.1375	335.82	0.20424	2.3258e-05	0.032000	supercritical
290.00	117.00	165.58	0.0060395	163.79	234.46	5.0669	0.68528	1.1352	336.48	0.20301	2.3298e-05	0.032041	supercritical
291.00	117.00	164.79	0.0060682	164.59	235.59	5.0708	0.68515	1.1329	337.14	0.20179	2.3339e-05	0.032082	supercritical
292.00	117.00	164.02	0.0060969	165.39	236.72	5.0747	0.68503	1.1307	337.79	0.20057	2.3380e-05	0.032123	supercritical
293.00	117.00	163.25	0.0061255	166.18	237.85	5.0785	0.68491	1.1285	338.45	0.19936	2.3421e-05	0.032165	supercritical
294.00	117.00	162.49	0.0061541	166.98	238.98	5.0824	0.68480	1.1264	339.10	0.19816	2.3462e-05	0.032207	supercritical
295.00	117.00	161.75	0.0061826	167.77	240.10	5.0862	0.68469	1.1243	339.75	0.19697	2.3503e-05	0.032250	supercritical
296.00	117.00	161.00	0.0062110	168.56	241.23	5.0900	0.68459	1.1222	340.39	0.19578	2.3544e-05	0.032293	supercritical
297.00	117.00	160.27	0.0062394	169.35	242.35	5.0938	0.68450	1.1202	341.04	0.19460	2.3586e-05	0.032336	supercritical
298.00	117.00	159.55	0.0062677	170.14	243.47	5.0975	0.68441	1.1182	341.68	0.19343	2.3628e-05	0.032379	supercritical
299.00	117.00	158.83	0.0062959	170.92	244.59	5.1013	0.68432	1.1163	342.32	0.19226	2.3669e-05	0.032423	supercritical
300.00	117.00	158.12	0.0063242	171.71	245.70	5.1050	0.68425	1.1144	342.95	0.19110	2.3711e-05	0.032467	supercritical
301.00	117.00	157.42	0.0063523	172.49	246.81	5.1087	0.68417	1.1125	343.59	0.18995	2.3753e-05	0.032512	supercritical
302.00	117.00	156.73	0.0063804	173.28	247.93	5.1124	0.68410	1.1107	344.22	0.18881	2.3795e-05	0.032556	supercritical
303.00	117.00	156.04	0.0064085	174.06	249.04	5.1161	0.68404	1.1089	344.85	0.18767	2.3838e-05	0.032601	supercritical
304.00	117.00	155.37	0.0064364	174.84	250.14	5.1197	0.68398	1.1072	345.48	0.18654	2.3880e-05	0.032646	supercritical
305.00	117.00	154.69	0.0064644	175.62	251.25	5.1233	0.68393	1.1054	346.10	0.18541	2.3922e-05	0.032690	supercritical
306.00	117.00	154.03	0.0064923	176.40	252.35	5.1270	0.68388	1.1038	346.73	0.18430	2.3965e-05	0.032735	supercritical
307.00	117.00	153.37	0.0065201	177.17	253.46	5.1306	0.68384	1.1021	347.35	0.18319	2.4008e-05	0.032779	supercritical
308.00	117.00	152.72	0.0065479	177.95	254.56	5.1341	0.68380	1.1005	347.97	0.18208	2.4050e-05	0.032822	supercritical
309.00	117.00	152.08	0.0065756	178.72	255.66	5.1377	0.68377	1.0989	348.59	0.18099	2.4093e-05	0.032860	supercritical
310.00	117.00	151.44	0.0066033	179.50	256.76	5.1412	0.68374	1.0973	349.20	0.17990	2.4136e-05	0.032904	supercritical
311.00	117.00	150.81	0.0066310	180.27	257.85	5.1448	0.68371	1.0958	349.82	0.17881	2.4179e-05	0.032955	supercritical
312.00	117.00	150.18	0.0066586	181.04	258.95	5.1483	0.68369	1.0943	350.43	0.17774	2.4222e-05	0.033007	supercritical
313.00	117.00	149.56	0.0066861	181.81	260.04	5.1518	0.68368	1.0928	351.04	0.17667	2.4265e-05	0.033059	supercritical
314.00	117.00	148.95	0.0067136	182.58	261.13	5.1553	0.68366	1.0913	351.65	0.17560	2.4308e-05	0.033111	supercritical
315.00	117.00	148.34	0.0067411	183.35	262.22	5.1587	0.68366	1.0899	352.25	0.17454	2.4351e-05	0.033163	supercritical
316.00	117.00	147.74	0.0067685	184.12	263.31	5.1622	0.68365	1.0885	352.86	0.17349	2.4395e-05	0.033216	supercritical
317.00	117.00	147.15	0.0067959	184.89	264.40	5.1656	0.68365	1.0871	353.46	0.17245	2.4438e-05	0.033268	supercritical
318.00	117.00	146.56	0.0068232	185.66	265.49	5.1691	0.68366	1.0858	354.06	0.17141	2.4481e-05	0.033321	supercritical
319.00	117.00	145.97	0.0068505	186.42	266.57	5.1725	0.68367	1.0844	354.66	0.17038	2.4525e-05	0.033374	supercritical
320.00	117.00	145.40	0.0068778	187.19	267.66	5.1759	0.68368	1.0831	355.26	0.16935	2.4568e-05	0.033427	supercritical
321.00	117.00	144.82	0.0069050	187.95	268.74	5.1792	0.68370	1.0818	355.85	0.16833	2.4612e-05	0.033481	supercritical
322.00	117.00	144.26	0.0069321	188.71	269.82	5.1826	0.68372	1.0806	356.44	0.16732	2.4655e-05	0.033535	supercritical
323.00	117.00	143.69	0.0069592	189.48	270.90	5.1859	0.68374	1.0794	357.03	0.16631	2.4699e-05	0.033588	supercritical
324.00	117.00	143.14	0.0069863	190.24	271.98	5.1893	0.68377	1.0781	357.62	0.16531	2.4743e-05	0.033642	supercritical
325.00	117.00	142.58	0.0070134	191.00	273.06	5.1926	0.68380	1.0770	358.21	0.16432	2.4787e-05	0.033697	supercritical
326.00	117.00	142.04	0.0070404	191.76	274.13	5.1959	0.68384	1.0758	358.80	0.16333	2.4830e-05	0.033751	supercritical
327.00	117.00	141.50	0.0070673	192.52	275.21	5.1992	0.68388	1.0746	359.38	0.16234	2.4874e-05	0.033806	supercritical
328.00	117.00	140.96	0.0070943	193.28	276.28	5.2025	0.68392	1.0735	359.96	0.16137	2.4918e-05	0.033860	supercritical
329.00	117.00	140.43	0.0071212	194.04	277.36	5.2057	0.68396	1.0724	360.54	0.16040	2.4962e-05	0.033915	supercritical
330.00	117.00	139.90	0.0071480	194.80	278.43	5.2090	0.68401	1.0713	361.12	0.15943	2.5006e-05	0.033970	supercritical
331.00	117.00	139.38	0.0071748	195.55	279.50	5.2122	0.68407	1.0702	361.70	0.15847	2.5050e-05	0.034025	supercritical
332.00	117.00	138.86	0.0072016	196.31	280.57	5.2155	0.68412	1.0692	362.27	0.15752	2.5094e-05	0.034080	supercritical
333.00	117.00	138.34	0.0072284	197.06	281.64	5.2187	0.68418	1.0682	362.85	0.15657	2.5138e-05	0.034136	supercritical
334.00	117.00	137.83	0.0072551	197.82	282.70	5.2219	0.68424	1.0672	363.42	0.15563	2.5182e-05	0.034192	supercritical
335.00	117.00	137.33	0.0072818	198.57	283.77	5.2251	0.68431	1.0662	363.99	0.15469	2.5226e-05	0.034247	supercritical
336.00	117.00	136.83	0.0073084	199.33	284.84	5.2282	0.68438	1.0652	364.56	0.15376	2.5270e-05	0.034303	supercritical
337.00	117.00	136.33	0.0073350	200.08	285.90	5.2314	0.68445	1.0642	365.12	0.15283	2.5314e-05	0.034359	supercritical
338.00	117.00	135.84	0.0073616	200.83	286.96	5.2346	0.68453	1.0633	365.69	0.15191	2.5358e-05	0.034415	supercritical
339.00	117.00	135.35	0.0073881	201.59	288.03	5.2377	0.68460	1.0624	366.25	0.15100	2.5402e-05	0.034471	supercritical
340.00	117.00	134.87	0.0074146	202.34	289.09	5.2408	0.68469	1.0614	366.82	0.15009	2.5447e-05	0.034528	supercritical
341.00	117.00	134.39	0.0074411	203.09	290.15	5.2439	0.68477	1.0605	367.38	0.14918	2.5491e-05	0.034584	supercritical
342.00	117.00	133.91	0.0074676	203.84	291.21	5.2470	0.68486	1.0597	367.93	0.14828	2.5535e-05	0.034641	supercritical
343.00	117.00	133.44	0.0074940	204.59	292.27	5.2501	0.68495	1.0588	368.49	0.14739	2.5579e-05	0.034698	supercritical
344.00	117.00	132.97	0.0075204	205.34	293.33	5.2532	0.68504	1.0580	369.05	0.14650	2.5623e-05	0.034754	supercritical
345.00	117.00	132.51	0.0075467	206.09	294.39	5.2563	0.68514	1.0571	369.60	0.14562	2.5668e-05	0.034811	supercritical
346.00	117.00	132.05	0.0075730	206.84	295.44	5.2593	0.68524	1.0563	370.15	0.14474	2.5712e-05	0.034868	supercritical
347.00	117.00	131.59	0.0075993	207.59	296.50	5.2624	0.68534	1.0555	370.71	0.14387	2.5756e-05	0.034926	supercritical
348.00	117.00	131.14	0.0076256	208.33	297.55	5.2654	0.68544	1.0547	371.26	0.14300	2.5801e-05	0.034983	supercritical
349.00	117.00	130.69	0.0076518	209.08	298.61	5.2685	0.68555	1.0540	371.80	0.14214	2.5845e-05	0.035040	supercritical
350.00	117.00	130.24	0.0076780	209.83	299.66	5.2715	0.68566	1.0532	372.35	0.14128	2.5889e-05	0.035098	supercritical
351.00	117.00	129.80	0.0077042	210.58	300.71	5.2745	0.68577	1.0524	372.90	0.14043	2.5933e-05	0.035155	supercritical
352.00	117.00	129.36	0.0077303	211.32	301.77	5.2775	0.68589	1.0517	373.44	0.13958	2.5978e-05	0.035213	supercritical
353.00	117.00	128.92	0.0077565	212.07	302.82	5.2805	0.68600	1.0510	373.98	0.13874	2.6022e-05	0.035271	supercritical
354.00	117.00	128.49	0.0077825	212.81	303.87	5.2834	0.68612	1.0503	374.52	0.13790	2.6066e-05	0.035328	supercritical
355.00	117.00	128.06	0.0078086	213.56	304.92	5.2864	0.68625	1.0496	375.06	0.13707	2.6111e-05	0.035386	supercritical
356.00	117.00	127.64	0.0078346	214.30	305.97	5.2893	0.68637	1.0489	375.60	0.13624	2.6155e-05	0.035444	supercritical
357.00	117.00	127.22	0.0078606	215.05	307.02	5.2923	0.68650	1.0482	376.14	0.13542	2.6199e-05	0.035503	supercritical
358.00	117.00	126.80	0.0078866	215.79	308.06	5.2952	0.68663	1.0476	376.67	0.13460	2.6244e-05	0.035561	supercritical
359.00	117.00	126.38	0.0079126	216.53	309.11	5.2981	0.68676	1.0469	377.21	0.13379	2.6288e-05	0.035619	supercritical
360.00	117.00	125.97	0.0079385	217.28	310.16	5.3010	0.68689	1.0463	377.74	0.13298	2.6332e-05	0.035677	supercritical
361.00	117.00	125.56	0.0079644	218.02	311.20	5.3039	0.68703	1.0457	378.27	0.13217	2.6377e-05	0.035736	supercritical
362.00	117.00	125.15	0.0079903	218.76	312.25	5.3068	0.68717	1.0451	378.80	0.13137	2.6421e-05	0.035794	supercritical
363.00	117.00	124.75	0.0080161	219.51	313.29	5.3097	0.68731	1.0445	379.33	0.13058	2.6465e-05	0.035853	supercritical
364.00	117.00	124.35	0.0080420	220.25	314.34	5.3126	0.68746	1.0439	379.85	0.12979	2.6510e-05	0.035911	supercritical
365.00	117.00	123.95	0.0080678	220.99	315.38	5.3155	0.68760	1.0433	380.38	0.12900	2.6554e-05	0.035970	supercritical
366.00	117.00	123.56	0.0080936	221.73	316.42	5.3183	0.68775	1.0427	380.90	0.12822	2.6598e-05	0.036029	supercritical
367.00	117.00	123.16	0.0081193	222.47	317.47	5.3212	0.68790	1.0422	381.43	0.12744	2.6642e-05	0.036088	supercritical
368.00	117.00	122.77	0.0081450	223.21	318.51	5.3240	0.68805	1.0416	381.95	0.12667	2.6687e-05	0.036147	supercritical
369.00	117.00	122.39	0.0081707	223.95	319.55	5.3268	0.68821	1.0411	382.47	0.12590	2.6731e-05	0.036206	supercritical
370.00	117.00	122.00	0.0081964	224.69	320.59	5.3296	0.68837	1.0406	382.99	0.12514	2.6775e-05	0.036265	supercritical
371.00	117.00	121.62	0.0082221	225.43	321.63	5.3324	0.68853	1.0400	383.50	0.12438	2.6820e-05	0.036324	supercritical
372.00	117.00	121.25	0.0082477	226.17	322.67	5.3352	0.68869	1.0395	384.02	0.12362	2.6864e-05	0.036383	supercritical
373.00	117.00	120.87	0.0082733	226.91	323.71	5.3380	0.68885	1.0390	384.54	0.12287	2.6908e-05	0.036442	supercritical
374.00	117.00	120.50	0.0082989	227.65	324.75	5.3408	0.68901	1.0386	385.05	0.12212	2.6952e-05	0.036502	supercritical
375.00	117.00	120.13	0.0083245	228.39	325.79	5.3436	0.68918	1.0381	385.56	0.12138	2.6996e-05	0.036561	supercritical
376.00	117.00	119.76	0.0083501	229.13	326.83	5.3463	0.68935	1.0376	386.07	0.12064	2.7041e-05	0.036620	supercritical
377.00	117.00	119.39	0.0083756	229.87	327.86	5.3491	0.68952	1.0371	386.58	0.11991	2.7085e-05	0.036680	supercritical
378.00	117.00	119.03	0.0084011	230.61	328.90	5.3518	0.68970	1.0367	387.09	0.11918	2.7129e-05	0.036739	supercritical
379.00	117.00	118.67	0.0084266	231.35	329.94	5.3546	0.68987	1.0362	387.60	0.11845	2.7173e-05	0.036799	supercritical
380.00	117.00	118.31	0.0084520	232.08	330.97	5.3573	0.69005	1.0358	388.11	0.11773	2.7217e-05	0.036859	supercritical
381.00	117.00	117.96	0.0084775	232.82	332.01	5.3600	0.69023	1.0354	388.61	0.11701	2.7262e-05	0.036918	supercritical
382.00	117.00	117.61	0.0085029	233.56	333.04	5.3627	0.69041	1.0350	389.12	0.11630	2.7306e-05	0.036978	supercritical
383.00	117.00	117.26	0.0085283	234.30	334.08	5.3655	0.69059	1.0346	389.62	0.11559	2.7350e-05	0.037038	supercritical
384.00	117.00	116.91	0.0085537	235.03	335.11	5.3682	0.69077	1.0342	390.12	0.11488	2.7394e-05	0.037098	supercritical
385.00	117.00	116.56	0.0085790	235.77	336.15	5.3708	0.69096	1.0338	390.62	0.11418	2.7438e-05	0.037157	supercritical
386.00	117.00	116.22	0.0086044	236.51	337.18	5.3735	0.69115	1.0334	391.12	0.11348	2.7482e-05	0.037217	supercritical
387.00	117.00	115.88	0.0086297	237.25	338.21	5.3762	0.69134	1.0330	391.62	0.11279	2.7526e-05	0.037277	supercritical
388.00	117.00	115.54	0.0086550	237.98	339.25	5.3789	0.69153	1.0326	392.12	0.11210	2.7570e-05	0.037337	supercritical
389.00	117.00	115.20	0.0086803	238.72	340.28	5.3815	0.69172	1.0323	392.62	0.11141	2.7614e-05	0.037397	supercritical
390.00	117.00	114.87	0.0087055	239.46	341.31	5.3842	0.69191	1.0319	393.11	0.11073	2.7658e-05	0.037457	supercritical
391.00	117.00	114.54	0.0087308	240.19	342.34	5.3868	0.69211	1.0316	393.60	0.11005	2.7702e-05	0.037518	supercritical
392.00	117.00	114.21	0.0087560	240.93	343.37	5.3894	0.69231	1.0312	394.10	0.10937	2.7746e-05	0.037578	supercritical
393.00	117.00	113.88	0.0087812	241.66	344.40	5.3921	0.69251	1.0309	394.59	0.10870	2.7790e-05	0.037638	supercritical
394.00	117.00	113.55	0.0088064	242.40	345.44	5.3947	0.69271	1.0306	395.08	0.10803	2.7834e-05	0.037698	supercritical
395.00	117.00	113.23	0.0088316	243.14	346.47	5.3973	0.69291	1.0303	395.57	0.10737	2.7878e-05	0.037758	supercritical
396.00	117.00	112.91	0.0088567	243.87	347.50	5.3999	0.69311	1.0299	396.06	0.10670	2.7922e-05	0.037819	supercritical
397.00	117.00	112.59	0.0088818	244.61	348.53	5.4025	0.69332	1.0296	396.54	0.10605	2.7966e-05	0.037879	supercritical
398.00	117.00	112.27	0.0089069	245.34	349.56	5.4051	0.69353	1.0293	397.03	0.10539	2.8010e-05	0.037939	supercritical
399.00	117.00	111.96	0.0089320	246.08	350.58	5.4077	0.69373	1.0290	397.52	0.10474	2.8053e-05	0.038000	supercritical
400.00	117.00	111.64	0.0089571	246.81	351.61	5.4103	0.69394	1.0288	398.00	0.10410	2.8097e-05	0.038060	supercritical
401.00	117.00	111.33	0.0089822	247.55	352.64	5.4128	0.69416	1.0285	398.48	0.10345	2.8141e-05	0.038121	supercritical
402.00	117.00	111.02	0.0090072	248.29	353.67	5.4154	0.69437	1.0282	398.97	0.10281	2.8185e-05	0.038181	supercritical
403.00	117.00	110.71	0.0090323	249.02	354.70	5.4179	0.69458	1.0279	399.45	0.10218	2.8229e-05	0.038242	supercritical
404.00	117.00	110.41	0.0090573	249.76	355.73	5.4205	0.69480	1.0277	399.93	0.10154	2.8272e-05	0.038302	supercritical
405.00	117.00	110.10	0.0090823	250.49	356.75	5.4230	0.69501	1.0274	400.41	0.10091	2.8316e-05	0.038363	supercritical
406.00	117.00	109.80	0.0091072	251.23	357.78	5.4256	0.69523	1.0272	400.88	0.10029	2.8360e-05	0.038423	supercritical
407.00	117.00	109.50	0.0091322	251.96	358.81	5.4281	0.69545	1.0269	401.36	0.099665	2.8403e-05	0.038484	supercritical
408.00	117.00	109.20	0.0091571	252.70	359.83	5.4306	0.69567	1.0267	401.84	0.099045	2.8447e-05	0.038545	supercritical
409.00	117.00	108.91	0.0091821	253.43	360.86	5.4331	0.69590	1.0265	402.31	0.098429	2.8491e-05	0.038605	supercritical
410.00	117.00	108.61	0.0092070	254.17	361.89	5.4356	0.69612	1.0262	402.79	0.097816	2.8534e-05	0.038666	supercritical
411.00	117.00	108.32	0.0092319	254.90	362.91	5.4381	0.69634	1.0260	403.26	0.097206	2.8578e-05	0.038727	supercritical
412.00	117.00	108.03	0.0092568	255.64	363.94	5.4406	0.69657	1.0258	403.73	0.096600	2.8621e-05	0.038788	supercritical
413.00	117.00	107.74	0.0092816	256.37	364.97	5.4431	0.69680	1.0256	404.20	0.095997	2.8665e-05	0.038848	supercritical
414.00	117.00	107.45	0.0093065	257.11	365.99	5.4456	0.69703	1.0254	404.67	0.095397	2.8708e-05	0.038909	supercritical
415.00	117.00	107.17	0.0093313	257.84	367.02	5.4481	0.69726	1.0252	405.14	0.094800	2.8752e-05	0.038970	supercritical
416.00	117.00	106.88	0.0093561	258.57	368.04	5.4505	0.69749	1.0250	405.61	0.094206	2.8795e-05	0.039031	supercritical
417.00	117.00	106.60	0.0093809	259.31	369.07	5.4530	0.69772	1.0248	406.08	0.093616	2.8839e-05	0.039092	supercritical
418.00	117.00	106.32	0.0094057	260.04	370.09	5.4554	0.69795	1.0246	406.54	0.093028	2.8882e-05	0.039153	supercritical
419.00	117.00	106.04	0.0094305	260.78	371.12	5.4579	0.69819	1.0245	407.01	0.092444	2.8926e-05	0.039213	supercritical
420.00	117.00	105.76	0.0094553	261.51	372.14	5.4603	0.69842	1.0243	407.47	0.091863	2.8969e-05	0.039274	supercritical
421.00	117.00	105.49	0.0094800	262.25	373.16	5.4628	0.69866	1.0241	407.94	0.091285	2.9012e-05	0.039335	supercritical
422.00	117.00	105.21	0.0095047	262.98	374.19	5.4652	0.69890	1.0240	408.40	0.090710	2.9056e-05	0.039396	supercritical
423.00	117.00	104.94	0.0095295	263.72	375.21	5.4676	0.69914	1.0238	408.86	0.090137	2.9099e-05	0.039457	supercritical
424.00	117.00	104.67	0.0095542	264.45	376.24	5.4700	0.69938	1.0237	409.32	0.089568	2.9142e-05	0.039518	supercritical
425.00	117.00	104.40	0.0095788	265.19	377.26	5.4724	0.69962	1.0235	409.78	0.089002	2.9186e-05	0.039579	supercritical
426.00	117.00	104.13	0.0096035	265.92	378.28	5.4749	0.69986	1.0234	410.24	0.088439	2.9229e-05	0.039640	supercritical
427.00	117.00	103.86	0.0096282	266.66	379.31	5.4773	0.70010	1.0232	410.70	0.087879	2.9272e-05	0.039701	supercritical
428.00	117.00	103.60	0.0096528	267.39	380.33	5.4796	0.70035	1.0231	411.16	0.087321	2.9315e-05	0.039762	supercritical
429.00	117.00	103.33	0.0096775	268.13	381.35	5.4820	0.70059	1.0230	411.61	0.086767	2.9358e-05	0.039823	supercritical
430.00	117.00	103.07	0.0097021	268.86	382.38	5.4844	0.70084	1.0228	412.07	0.086215	2.9401e-05	0.039884	supercritical
431.00	117.00	102.81	0.0097267	269.60	383.40	5.4868	0.70109	1.0227	412.52	0.085666	2.9445e-05	0.039945	supercritical
432.00	117.00	102.55	0.0097513	270.33	384.42	5.4892	0.70133	1.0226	412.98	0.085120	2.9488e-05	0.040007	supercritical
433.00	117.00	102.29	0.0097759	271.07	385.44	5.4915	0.70158	1.0225	413.43	0.084577	2.9531e-05	0.040068	supercritical
434.00	117.00	102.04	0.0098004	271.80	386.47	5.4939	0.70183	1.0224	413.88	0.084037	2.9574e-05	0.040129	supercritical
435.00	117.00	101.78	0.0098250	272.54	387.49	5.4962	0.70208	1.0223	414.33	0.083499	2.9617e-05	0.040190	supercritical
436.00	117.00	101.53	0.0098495	273.27	388.51	5.4986	0.70234	1.0222	414.78	0.082965	2.9660e-05	0.040251	supercritical
437.00	117.00	101.28	0.0098741	274.01	389.53	5.5009	0.70259	1.0221	415.23	0.082432	2.9703e-05	0.040312	supercritical
438.00	117.00	101.02	0.0098986	274.74	390.55	5.5033	0.70284	1.0220	415.68	0.081903	2.9746e-05	0.040373	supercritical
439.00	117.00	100.78	0.0099231	275.48	391.58	5.5056	0.70310	1.0219	416.13	0.081377	2.9788e-05	0.040435	supercritical
440.00	117.00	100.53	0.0099476	276.21	392.60	5.5079	0.70335	1.0218	416.58	0.080853	2.9831e-05	0.040496	supercritical
441.00	117.00	100.28	0.0099720	276.95	393.62	5.5102	0.70361	1.0217	417.02	0.080331	2.9874e-05	0.040557	supercritical
442.00	117.00	100.03	0.0099965	277.68	394.64	5.5125	0.70387	1.0216	417.47	0.079813	2.9917e-05	0.040618	supercritical
443.00	117.00	99.791	0.010021	278.42	395.66	5.5149	0.70412	1.0216	417.91	0.079297	2.9960e-05	0.040679	supercritical
444.00	117.00	99.548	0.010045	279.15	396.68	5.5172	0.70438	1.0215	418.36	0.078784	3.0002e-05	0.040740	supercritical
445.00	117.00	99.306	0.010070	279.89	397.71	5.5195	0.70464	1.0214	418.80	0.078273	3.0045e-05	0.040802	supercritical
446.00	117.00	99.066	0.010094	280.62	398.73	5.5218	0.70490	1.0214	419.24	0.077765	3.0088e-05	0.040863	supercritical
447.00	117.00	98.827	0.010119	281.36	399.75	5.5240	0.70516	1.0213	419.69	0.077259	3.0131e-05	0.040924	supercritical
448.00	117.00	98.589	0.010143	282.10	400.77	5.5263	0.70542	1.0213	420.13	0.076756	3.0173e-05	0.040985	supercritical
449.00	117.00	98.353	0.010167	282.83	401.79	5.5286	0.70569	1.0212	420.57	0.076256	3.0216e-05	0.041047	supercritical
450.00	117.00	98.118	0.010192	283.57	402.81	5.5309	0.70595	1.0212	421.01	0.075758	3.0259e-05	0.041108	supercritical
451.00	117.00	97.884	0.010216	284.30	403.83	5.5331	0.70621	1.0211	421.44	0.075262	3.0301e-05	0.041169	supercritical
452.00	117.00	97.651	0.010241	285.04	404.85	5.5354	0.70648	1.0211	421.88	0.074769	3.0344e-05	0.041230	supercritical
453.00	117.00	97.420	0.010265	285.78	405.88	5.5377	0.70674	1.0210	422.32	0.074279	3.0386e-05	0.041292	supercritical
454.00	117.00	97.189	0.010289	286.51	406.90	5.5399	0.70701	1.0210	422.76	0.073791	3.0429e-05	0.041353	supercritical
455.00	117.00	96.960	0.010314	287.25	407.92	5.5422	0.70727	1.0210	423.19	0.073305	3.0471e-05	0.041414	supercritical
456.00	117.00	96.732	0.010338	287.99	408.94	5.5444	0.70754	1.0209	423.63	0.072822	3.0514e-05	0.041475	supercritical
457.00	117.00	96.505	0.010362	288.72	409.96	5.5466	0.70781	1.0209	424.06	0.072341	3.0556e-05	0.041537	supercritical
458.00	117.00	96.280	0.010386	289.46	410.98	5.5489	0.70808	1.0209	424.49	0.071863	3.0598e-05	0.041598	supercritical
459.00	117.00	96.055	0.010411	290.20	412.00	5.5511	0.70835	1.0209	424.93	0.071387	3.0641e-05	0.041659	supercritical
460.00	117.00	95.832	0.010435	290.93	413.02	5.5533	0.70862	1.0208	425.36	0.070914	3.0683e-05	0.041720	supercritical
461.00	117.00	95.610	0.010459	291.67	414.04	5.5555	0.70889	1.0208	425.79	0.070442	3.0725e-05	0.041782	supercritical
462.00	117.00	95.388	0.010483	292.41	415.06	5.5577	0.70916	1.0208	426.22	0.069973	3.0768e-05	0.041843	supercritical
463.00	117.00	95.168	0.010508	293.14	416.08	5.5599	0.70943	1.0208	426.65	0.069507	3.0810e-05	0.041904	supercritical
464.00	117.00	94.950	0.010532	293.88	417.11	5.5621	0.70970	1.0208	427.08	0.069043	3.0852e-05	0.041966	supercritical
465.00	117.00	94.732	0.010556	294.62	418.13	5.5643	0.70997	1.0208	427.51	0.068581	3.0894e-05	0.042027	supercritical
466.00	117.00	94.515	0.010580	295.36	419.15	5.5665	0.71025	1.0208	427.93	0.068121	3.0936e-05	0.042088	supercritical
467.00	117.00	94.300	0.010605	296.10	420.17	5.5687	0.71052	1.0208	428.36	0.067663	3.0979e-05	0.042149	supercritical
468.00	117.00	94.085	0.010629	296.83	421.19	5.5709	0.71079	1.0208	428.79	0.067208	3.1021e-05	0.042211	supercritical
469.00	117.00	93.871	0.010653	297.57	422.21	5.5731	0.71107	1.0208	429.21	0.066755	3.1063e-05	0.042272	supercritical
470.00	117.00	93.659	0.010677	298.31	423.23	5.5753	0.71134	1.0208	429.64	0.066304	3.1105e-05	0.042333	supercritical
471.00	117.00	93.448	0.010701	299.05	424.25	5.5774	0.71162	1.0208	430.06	0.065856	3.1147e-05	0.042395	supercritical
472.00	117.00	93.237	0.010725	299.79	425.27	5.5796	0.71189	1.0208	430.48	0.065410	3.1189e-05	0.042456	supercritical
473.00	117.00	93.028	0.010749	300.52	426.29	5.5818	0.71217	1.0209	430.91	0.064965	3.1231e-05	0.042517	supercritical
474.00	117.00	92.820	0.010774	301.26	427.31	5.5839	0.71245	1.0209	431.33	0.064523	3.1273e-05	0.042578	supercritical
475.00	117.00	92.612	0.010798	302.00	428.33	5.5861	0.71273	1.0209	431.75	0.064084	3.1315e-05	0.042640	supercritical
476.00	117.00	92.406	0.010822	302.74	429.36	5.5882	0.71300	1.0209	432.17	0.063646	3.1357e-05	0.042701	supercritical
477.00	117.00	92.201	0.010846	303.48	430.38	5.5904	0.71328	1.0210	432.59	0.063210	3.1398e-05	0.042762	supercritical
478.00	117.00	91.997	0.010870	304.22	431.40	5.5925	0.71356	1.0210	433.01	0.062777	3.1440e-05	0.042823	supercritical
479.00	117.00	91.793	0.010894	304.96	432.42	5.5946	0.71384	1.0210	433.43	0.062346	3.1482e-05	0.042885	supercritical
480.00	117.00	91.591	0.010918	305.70	433.44	5.5968	0.71412	1.0211	433.85	0.061916	3.1524e-05	0.042946	supercritical
481.00	117.00	91.389	0.010942	306.44	434.46	5.5989	0.71440	1.0211	434.26	0.061489	3.1566e-05	0.043007	supercritical
482.00	117.00	91.189	0.010966	307.18	435.48	5.6010	0.71468	1.0211	434.68	0.061064	3.1607e-05	0.043068	supercritical
483.00	117.00	90.990	0.010990	307.92	436.50	5.6031	0.71496	1.0212	435.10	0.060641	3.1649e-05	0.043130	supercritical
484.00	117.00	90.791	0.011014	308.66	437.52	5.6052	0.71524	1.0212	435.51	0.060220	3.1691e-05	0.043191	supercritical
485.00	117.00	90.593	0.011038	309.40	438.55	5.6073	0.71552	1.0213	435.93	0.059801	3.1732e-05	0.043252	supercritical
486.00	117.00	90.397	0.011062	310.14	439.57	5.6094	0.71580	1.0213	436.34	0.059384	3.1774e-05	0.043313	supercritical
487.00	117.00	90.201	0.011086	310.88	440.59	5.6115	0.71609	1.0214	436.75	0.058969	3.1816e-05	0.043375	supercritical
488.00	117.00	90.006	0.011110	311.62	441.61	5.6136	0.71637	1.0214	437.17	0.058556	3.1857e-05	0.043436	supercritical
489.00	117.00	89.812	0.011134	312.36	442.63	5.6157	0.71665	1.0215	437.58	0.058145	3.1899e-05	0.043497	supercritical
490.00	117.00	89.619	0.011158	313.10	443.65	5.6178	0.71693	1.0215	437.99	0.057736	3.1940e-05	0.043558	supercritical
491.00	117.00	89.427	0.011182	313.84	444.67	5.6199	0.71722	1.0216	438.40	0.057328	3.1982e-05	0.043620	supercritical
492.00	117.00	89.236	0.011206	314.58	445.70	5.6220	0.71750	1.0216	438.81	0.056923	3.2023e-05	0.043681	supercritical
493.00	117.00	89.046	0.011230	315.32	446.72	5.6240	0.71778	1.0217	439.22	0.056520	3.2065e-05	0.043742	supercritical
494.00	117.00	88.856	0.011254	316.07	447.74	5.6261	0.71807	1.0218	439.63	0.056119	3.2106e-05	0.043803	supercritical
495.00	117.00	88.668	0.011278	316.81	448.76	5.6282	0.71835	1.0218	440.04	0.055719	3.2147e-05	0.043864	supercritical
496.00	117.00	88.480	0.011302	317.55	449.78	5.6302	0.71864	1.0219	440.45	0.055322	3.2189e-05	0.043925	supercritical
497.00	117.00	88.293	0.011326	318.29	450.80	5.6323	0.71892	1.0220	440.86	0.054926	3.2230e-05	0.043987	supercritical
498.00	117.00	88.107	0.011350	319.03	451.83	5.6344	0.71921	1.0220	441.26	0.054532	3.2271e-05	0.044048	supercritical
499.00	117.00	87.922	0.011374	319.78	452.85	5.6364	0.71949	1.0221	441.67	0.054140	3.2312e-05	0.044109	supercritical
500.00	117.00	87.737	0.011398	320.52	453.87	5.6385	0.71978	1.0222	442.08	0.053750	3.2354e-05	0.044170	supercritical
501.00	117.00	87.554	0.011422	321.26	454.89	5.6405	0.72007	1.0223	442.48	0.053362	3.2395e-05	0.044231	supercritical
502.00	117.00	87.371	0.011445	322.00	455.92	5.6425	0.72035	1.0223	442.89	0.052975	3.2436e-05	0.044292	supercritical
503.00	117.00	87.189	0.011469	322.75	456.94	5.6446	0.72064	1.0224	443.29	0.052591	3.2477e-05	0.044354	supercritical
504.00	117.00	87.008	0.011493	323.49	457.96	5.6466	0.72092	1.0225	443.69	0.052208	3.2518e-05	0.044415	supercritical
505.00	117.00	86.828	0.011517	324.23	458.98	5.6486	0.72121	1.0226	444.10	0.051827	3.2559e-05	0.044476	supercritical
506.00	117.00	86.649	0.011541	324.98	460.01	5.6507	0.72150	1.0227	444.50	0.051448	3.2600e-05	0.044537	supercritical
507.00	117.00	86.470	0.011565	325.72	461.03	5.6527	0.72178	1.0228	444.90	0.051070	3.2641e-05	0.044598	supercritical
508.00	117.00	86.292	0.011589	326.46	462.05	5.6547	0.72207	1.0228	445.30	0.050694	3.2682e-05	0.044659	supercritical
509.00	117.00	86.115	0.011612	327.21	463.07	5.6567	0.72236	1.0229	445.70	0.050320	3.2723e-05	0.044720	supercritical
510.00	117.00	85.939	0.011636	327.95	464.10	5.6587	0.72265	1.0230	446.10	0.049948	3.2764e-05	0.044781	supercritical
511.00	117.00	85.763	0.011660	328.70	465.12	5.6607	0.72293	1.0231	446.50	0.049578	3.2805e-05	0.044842	supercritical
512.00	117.00	85.588	0.011684	329.44	466.14	5.6627	0.72322	1.0232	446.90	0.049209	3.2846e-05	0.044903	supercritical
513.00	117.00	85.414	0.011708	330.19	467.17	5.6647	0.72351	1.0233	447.30	0.048842	3.2887e-05	0.044964	supercritical
514.00	117.00	85.241	0.011731	330.93	468.19	5.6667	0.72380	1.0234	447.70	0.048476	3.2928e-05	0.045025	supercritical
515.00	117.00	85.069	0.011755	331.68	469.21	5.6687	0.72409	1.0235	448.09	0.048113	3.2969e-05	0.045087	supercritical
516.00	117.00	84.897	0.011779	332.42	470.24	5.6707	0.72438	1.0236	448.49	0.047751	3.3009e-05	0.045148	supercritical
517.00	117.00	84.726	0.011803	333.17	471.26	5.6727	0.72466	1.0237	448.89	0.047390	3.3050e-05	0.045209	supercritical
518.00	117.00	84.556	0.011827	333.91	472.28	5.6746	0.72495	1.0238	449.28	0.047032	3.3091e-05	0.045270	supercritical
519.00	117.00	84.386	0.011850	334.66	473.31	5.6766	0.72524	1.0239	449.68	0.046675	3.3132e-05	0.045331	supercritical
520.00	117.00	84.217	0.011874	335.41	474.33	5.6786	0.72553	1.0240	450.07	0.046319	3.3172e-05	0.045392	supercritical
521.00	117.00	84.049	0.011898	336.15	475.36	5.6805	0.72582	1.0241	450.47	0.045966	3.3213e-05	0.045453	supercritical
522.00	117.00	83.882	0.011922	336.90	476.38	5.6825	0.72611	1.0242	450.86	0.045613	3.3254e-05	0.045514	supercritical
523.00	117.00	83.715	0.011945	337.64	477.40	5.6845	0.72640	1.0243	451.25	0.045263	3.3294e-05	0.045574	supercritical
524.00	117.00	83.549	0.011969	338.39	478.43	5.6864	0.72669	1.0245	451.65	0.044914	3.3335e-05	0.045635	supercritical
525.00	117.00	83.384	0.011993	339.14	479.45	5.6884	0.72697	1.0246	452.04	0.044567	3.3375e-05	0.045696	supercritical
526.00	117.00	83.220	0.012016	339.89	480.48	5.6903	0.72726	1.0247	452.43	0.044221	3.3416e-05	0.045757	supercritical
527.00	117.00	83.056	0.012040	340.63	481.50	5.6923	0.72755	1.0248	452.82	0.043877	3.3456e-05	0.045818	supercritical
528.00	117.00	82.893	0.012064	341.38	482.53	5.6942	0.72784	1.0249	453.21	0.043534	3.3497e-05	0.045879	supercritical
529.00	117.00	82.730	0.012087	342.13	483.55	5.6962	0.72813	1.0250	453.60	0.043193	3.3537e-05	0.045940	supercritical
530.00	117.00	82.568	0.012111	342.88	484.58	5.6981	0.72842	1.0252	453.99	0.042853	3.3578e-05	0.046001	supercritical
531.00	117.00	82.407	0.012135	343.62	485.60	5.7000	0.72871	1.0253	454.38	0.042515	3.3618e-05	0.046062	supercritical
532.00	117.00	82.247	0.012159	344.37	486.63	5.7020	0.72900	1.0254	454.77	0.042179	3.3658e-05	0.046123	supercritical
533.00	117.00	82.087	0.012182	345.12	487.65	5.7039	0.72929	1.0255	455.16	0.041844	3.3699e-05	0.046184	supercritical
534.00	117.00	81.928	0.012206	345.87	488.68	5.7058	0.72958	1.0256	455.54	0.041510	3.3739e-05	0.046244	supercritical
535.00	117.00	81.770	0.012229	346.62	489.70	5.7077	0.72987	1.0258	455.93	0.041178	3.3779e-05	0.046305	supercritical
536.00	117.00	81.612	0.012253	347.37	490.73	5.7096	0.73016	1.0259	456.32	0.040848	3.3819e-05	0.046366	supercritical
537.00	117.00	81.455	0.012277	348.12	491.76	5.7116	0.73045	1.0260	456.70	0.040519	3.3860e-05	0.046427	supercritical
538.00	117.00	81.298	0.012300	348.87	492.78	5.7135	0.73074	1.0261	457.09	0.040192	3.3900e-05	0.046488	supercritical
539.00	117.00	81.142	0.012324	349.62	493.81	5.7154	0.73102	1.0263	457.48	0.039866	3.3940e-05	0.046548	supercritical
540.00	117.00	80.987	0.012348	350.37	494.83	5.7173	0.73131	1.0264	457.86	0.039541	3.3980e-05	0.046609	supercritical
541.00	117.00	80.833	0.012371	351.12	495.86	5.7192	0.73160	1.0265	458.24	0.039218	3.4020e-05	0.046670	supercritical
542.00	117.00	80.679	0.012395	351.87	496.89	5.7211	0.73189	1.0267	458.63	0.038896	3.4060e-05	0.046731	supercritical
543.00	117.00	80.525	0.012418	352.62	497.91	5.7230	0.73218	1.0268	459.01	0.038576	3.4100e-05	0.046792	supercritical
544.00	117.00	80.372	0.012442	353.37	498.94	5.7248	0.73247	1.0269	459.39	0.038257	3.4140e-05	0.046852	supercritical
545.00	117.00	80.220	0.012466	354.12	499.97	5.7267	0.73276	1.0271	459.78	0.037940	3.4180e-05	0.046913	supercritical
546.00	117.00	80.069	0.012489	354.87	501.00	5.7286	0.73305	1.0272	460.16	0.037624	3.4220e-05	0.046974	supercritical
547.00	117.00	79.918	0.012513	355.62	502.02	5.7305	0.73334	1.0273	460.54	0.037309	3.4260e-05	0.047034	supercritical
548.00	117.00	79.768	0.012536	356.37	503.05	5.7324	0.73363	1.0275	460.92	0.036996	3.4300e-05	0.047095	supercritical
549.00	117.00	79.618	0.012560	357.13	504.08	5.7342	0.73391	1.0276	461.30	0.036684	3.4340e-05	0.047156	supercritical
550.00	117.00	79.469	0.012584	357.88	505.11	5.7361	0.73420	1.0278	461.68	0.036374	3.4380e-05	0.047216	supercritical
551.00	117.00	79.321	0.012607	358.63	506.13	5.7380	0.73449	1.0279	462.06	0.036064	3.4420e-05	0.047277	supercritical
552.00	117.00	79.173	0.012631	359.38	507.16	5.7398	0.73478	1.0280	462.44	0.035757	3.4460e-05	0.047338	supercritical
553.00	117.00	79.025	0.012654	360.14	508.19	5.7417	0.73507	1.0282	462.82	0.035450	3.4499e-05	0.047398	supercritical
554.00	117.00	78.879	0.012678	360.89	509.22	5.7436	0.73536	1.0283	463.20	0.035145	3.4539e-05	0.047459	supercritical
555.00	117.00	78.732	0.012701	361.64	510.25	5.7454	0.73565	1.0285	463.57	0.034842	3.4579e-05	0.047520	supercritical
556.00	117.00	78.587	0.012725	362.39	511.27	5.7473	0.73593	1.0286	463.95	0.034539	3.4619e-05	0.047580	supercritical
557.00	117.00	78.442	0.012748	363.15	512.30	5.7491	0.73622	1.0287	464.33	0.034238	3.4658e-05	0.047641	supercritical
558.00	117.00	78.297	0.012772	363.90	513.33	5.7510	0.73651	1.0289	464.70	0.033939	3.4698e-05	0.047701	supercritical
559.00	117.00	78.154	0.012795	364.66	514.36	5.7528	0.73680	1.0290	465.08	0.033640	3.4737e-05	0.047762	supercritical
560.00	117.00	78.010	0.012819	365.41	515.39	5.7546	0.73708	1.0292	465.46	0.033343	3.4777e-05	0.047822	supercritical
561.00	117.00	77.867	0.012842	366.16	516.42	5.7565	0.73737	1.0293	465.83	0.033047	3.4817e-05	0.047883	supercritical
562.00	117.00	77.725	0.012866	366.92	517.45	5.7583	0.73766	1.0295	466.21	0.032753	3.4856e-05	0.047943	supercritical
563.00	117.00	77.584	0.012889	367.67	518.48	5.7601	0.73795	1.0296	466.58	0.032459	3.4896e-05	0.048004	supercritical
564.00	117.00	77.443	0.012913	368.43	519.51	5.7620	0.73823	1.0298	466.95	0.032167	3.4935e-05	0.048064	supercritical
565.00	117.00	77.302	0.012936	369.18	520.54	5.7638	0.73852	1.0299	467.33	0.031877	3.4975e-05	0.048125	supercritical
566.00	117.00	77.162	0.012960	369.94	521.57	5.7656	0.73881	1.0301	467.70	0.031587	3.5014e-05	0.048185	supercritical
567.00	117.00	77.022	0.012983	370.69	522.60	5.7674	0.73909	1.0302	468.07	0.031299	3.5054e-05	0.048246	supercritical
568.00	117.00	76.883	0.013007	371.45	523.63	5.7693	0.73938	1.0304	468.45	0.031012	3.5093e-05	0.048306	supercritical
569.00	117.00	76.745	0.013030	372.21	524.66	5.7711	0.73967	1.0305	468.82	0.030726	3.5132e-05	0.048367	supercritical
570.00	117.00	76.607	0.013054	372.96	525.69	5.7729	0.73995	1.0307	469.19	0.030442	3.5172e-05	0.048427	supercritical
571.00	117.00	76.470	0.013077	373.72	526.72	5.7747	0.74024	1.0309	469.56	0.030158	3.5211e-05	0.048487	supercritical
572.00	117.00	76.333	0.013100	374.48	527.75	5.7765	0.74052	1.0310	469.93	0.029876	3.5250e-05	0.048548	supercritical
573.00	117.00	76.197	0.013124	375.23	528.78	5.7783	0.74081	1.0312	470.30	0.029595	3.5290e-05	0.048608	supercritical
574.00	117.00	76.061	0.013147	375.99	529.81	5.7801	0.74110	1.0313	470.67	0.029316	3.5329e-05	0.048669	supercritical
575.00	117.00	75.926	0.013171	376.75	530.85	5.7819	0.74138	1.0315	471.04	0.029037	3.5368e-05	0.048729	supercritical
576.00	117.00	75.791	0.013194	377.50	531.88	5.7837	0.74167	1.0316	471.41	0.028760	3.5407e-05	0.048789	supercritical
577.00	117.00	75.656	0.013218	378.26	532.91	5.7855	0.74195	1.0318	471.78	0.028484	3.5446e-05	0.048850	supercritical
578.00	117.00	75.523	0.013241	379.02	533.94	5.7873	0.74224	1.0320	472.14	0.028209	3.5485e-05	0.048910	supercritical
579.00	117.00	75.389	0.013264	379.78	534.97	5.7890	0.74252	1.0321	472.51	0.027935	3.5525e-05	0.048970	supercritical
580.00	117.00	75.257	0.013288	380.54	536.00	5.7908	0.74280	1.0323	472.88	0.027662	3.5564e-05	0.049030	supercritical
581.00	117.00	75.124	0.013311	381.30	537.04	5.7926	0.74309	1.0324	473.25	0.027391	3.5603e-05	0.049091	supercritical
582.00	117.00	74.992	0.013335	382.05	538.07	5.7944	0.74337	1.0326	473.61	0.027121	3.5642e-05	0.049151	supercritical
583.00	117.00	74.861	0.013358	382.81	539.10	5.7961	0.74366	1.0328	473.98	0.026852	3.5681e-05	0.049211	supercritical
584.00	117.00	74.730	0.013381	383.57	540.13	5.7979	0.74394	1.0329	474.35	0.026584	3.5720e-05	0.049271	supercritical
585.00	117.00	74.600	0.013405	384.33	541.17	5.7997	0.74422	1.0331	474.71	0.026317	3.5759e-05	0.049332	supercritical
586.00	117.00	74.470	0.013428	385.09	542.20	5.8014	0.74451	1.0333	475.08	0.026051	3.5798e-05	0.049392	supercritical
587.00	117.00	74.341	0.013452	385.85	543.23	5.8032	0.74479	1.0334	475.44	0.025786	3.5837e-05	0.049452	supercritical
588.00	117.00	74.212	0.013475	386.61	544.27	5.8050	0.74507	1.0336	475.80	0.025523	3.5875e-05	0.049512	supercritical
589.00	117.00	74.083	0.013498	387.37	545.30	5.8067	0.74535	1.0338	476.17	0.025260	3.5914e-05	0.049572	supercritical
590.00	117.00	73.955	0.013522	388.13	546.34	5.8085	0.74564	1.0339	476.53	0.024999	3.5953e-05	0.049632	supercritical
591.00	117.00	73.828	0.013545	388.89	547.37	5.8102	0.74592	1.0341	476.89	0.024739	3.5992e-05	0.049693	supercritical
592.00	117.00	73.701	0.013568	389.65	548.40	5.8120	0.74620	1.0343	477.26	0.024479	3.6031e-05	0.049753	supercritical
593.00	117.00	73.574	0.013592	390.41	549.44	5.8137	0.74648	1.0344	477.62	0.024221	3.6069e-05	0.049813	supercritical
594.00	117.00	73.448	0.013615	391.18	550.47	5.8155	0.74676	1.0346	477.98	0.023964	3.6108e-05	0.049873	supercritical
595.00	117.00	73.322	0.013638	391.94	551.51	5.8172	0.74704	1.0348	478.34	0.023708	3.6147e-05	0.049933	supercritical
596.00	117.00	73.197	0.013662	392.70	552.54	5.8189	0.74732	1.0349	478.70	0.023453	3.6186e-05	0.049993	supercritical
597.00	117.00	73.072	0.013685	393.46	553.58	5.8207	0.74760	1.0351	479.06	0.023200	3.6224e-05	0.050053	supercritical
598.00	117.00	72.948	0.013708	394.22	554.61	5.8224	0.74788	1.0353	479.42	0.022947	3.6263e-05	0.050113	supercritical
599.00	117.00	72.824	0.013732	394.99	555.65	5.8241	0.74816	1.0354	479.78	0.022695	3.6301e-05	0.050173	supercritical
600.00	117.00	72.701	0.013755	395.75	556.68	5.8259	0.74844	1.0356	480.14	0.022444	3.6340e-05	0.050233	supercritical
