Temperature (K)	Pressure (bar)	Density (kg/m3)	Volume (m3/kg)	Internal Energy (kJ/kg)	Enthalpy (kJ/kg)	Entropy (J/g*K)	Cv (J/g*K)	Cp (J/g*K)	Sound Spd. (m/s)	Joule-Thomson (K/bar)	Viscosity (Pa*s)	Therm. Cond. (W/m*K)	Phase
60.000	111.00	1295.0	0.00077223	-185.87	-177.30	2.2284	1.0928	1.6509	1157.4	-0.037687	0.00063051	0.19839	liquid
61.000	111.00	1290.8	0.00077474	-184.25	-175.65	2.2557	1.0850	1.6531	1153.5	-0.037528	0.00060087	0.19708	liquid
62.000	111.00	1286.5	0.00077729	-182.62	-173.99	2.2826	1.0780	1.6550	1148.9	-0.037386	0.00057321	0.19576	liquid
63.000	111.00	1282.3	0.00077986	-180.99	-172.34	2.3091	1.0715	1.6564	1143.7	-0.037258	0.00054737	0.19445	liquid
64.000	111.00	1278.0	0.00078245	-179.36	-170.68	2.3352	1.0656	1.6574	1138.1	-0.037142	0.00052322	0.19314	liquid
65.000	111.00	1273.8	0.00078507	-177.74	-169.02	2.3609	1.0600	1.6580	1132.1	-0.037036	0.00050064	0.19182	liquid
66.000	111.00	1269.5	0.00078771	-176.11	-167.36	2.3862	1.0546	1.6584	1125.8	-0.036937	0.00047951	0.19051	liquid
67.000	111.00	1265.2	0.00079038	-174.48	-165.70	2.4112	1.0495	1.6585	1119.3	-0.036845	0.00045973	0.18920	liquid
68.000	111.00	1260.9	0.00079307	-172.85	-164.05	2.4357	1.0445	1.6584	1112.7	-0.036757	0.00044118	0.18789	liquid
69.000	111.00	1256.6	0.00079578	-171.22	-162.39	2.4599	1.0396	1.6581	1105.8	-0.036671	0.00042378	0.18657	liquid
70.000	111.00	1252.3	0.00079851	-169.59	-160.73	2.4838	1.0349	1.6577	1098.9	-0.036587	0.00040744	0.18526	liquid
71.000	111.00	1248.0	0.00080126	-167.97	-159.07	2.5073	1.0302	1.6571	1091.9	-0.036503	0.00039209	0.18395	liquid
72.000	111.00	1243.7	0.00080404	-166.34	-157.42	2.5305	1.0255	1.6565	1084.8	-0.036417	0.00037765	0.18264	liquid
73.000	111.00	1239.4	0.00080684	-164.72	-155.76	2.5533	1.0210	1.6559	1077.7	-0.036329	0.00036405	0.18133	liquid
74.000	111.00	1235.1	0.00080966	-163.09	-154.10	2.5758	1.0165	1.6552	1070.5	-0.036239	0.00035123	0.18002	liquid
75.000	111.00	1230.8	0.00081251	-161.47	-152.45	2.5980	1.0120	1.6546	1063.3	-0.036144	0.00033913	0.17871	liquid
76.000	111.00	1226.4	0.00081538	-159.85	-150.79	2.6200	1.0076	1.6539	1056.1	-0.036045	0.00032771	0.17740	liquid
77.000	111.00	1222.1	0.00081828	-158.22	-149.14	2.6416	1.0033	1.6533	1048.8	-0.035941	0.00031692	0.17609	liquid
78.000	111.00	1217.7	0.00082120	-156.60	-147.49	2.6629	0.99893	1.6527	1041.6	-0.035830	0.00030670	0.17477	liquid
79.000	111.00	1213.4	0.00082415	-154.98	-145.84	2.6840	0.99465	1.6523	1034.3	-0.035714	0.00029702	0.17346	liquid
80.000	111.00	1209.0	0.00082713	-153.36	-144.18	2.7047	0.99042	1.6518	1027.1	-0.035590	0.00028785	0.17215	liquid
81.000	111.00	1204.6	0.00083013	-151.75	-142.53	2.7253	0.98624	1.6515	1019.8	-0.035460	0.00027914	0.17084	liquid
82.000	111.00	1200.2	0.00083317	-150.13	-140.88	2.7455	0.98209	1.6513	1012.6	-0.035322	0.00027087	0.16953	liquid
83.000	111.00	1195.8	0.00083623	-148.51	-139.23	2.7655	0.97800	1.6511	1005.4	-0.035175	0.00026300	0.16821	liquid
84.000	111.00	1191.4	0.00083932	-146.89	-137.58	2.7853	0.97395	1.6511	998.11	-0.035021	0.00025551	0.16690	liquid
85.000	111.00	1187.0	0.00084245	-145.28	-135.93	2.8048	0.96995	1.6511	990.88	-0.034857	0.00024838	0.16558	liquid
86.000	111.00	1182.6	0.00084560	-143.66	-134.28	2.8242	0.96599	1.6513	983.65	-0.034685	0.00024157	0.16427	liquid
87.000	111.00	1178.1	0.00084879	-142.05	-132.62	2.8432	0.96209	1.6516	976.43	-0.034503	0.00023508	0.16295	liquid
88.000	111.00	1173.7	0.00085202	-140.43	-130.97	2.8621	0.95823	1.6520	969.21	-0.034312	0.00022887	0.16163	liquid
89.000	111.00	1169.2	0.00085527	-138.81	-129.32	2.8808	0.95442	1.6525	961.99	-0.034110	0.00022293	0.16032	liquid
90.000	111.00	1164.7	0.00085857	-137.20	-127.67	2.8993	0.95065	1.6531	954.78	-0.033899	0.00021725	0.15900	liquid
91.000	111.00	1160.2	0.00086190	-135.58	-126.01	2.9175	0.94694	1.6539	947.56	-0.033677	0.00021180	0.15768	liquid
92.000	111.00	1155.7	0.00086527	-133.96	-124.36	2.9356	0.94327	1.6548	940.35	-0.033444	0.00020658	0.15636	liquid
93.000	111.00	1151.2	0.00086868	-132.35	-122.70	2.9535	0.93965	1.6559	933.14	-0.033200	0.00020156	0.15504	liquid
94.000	111.00	1146.6	0.00087213	-130.73	-121.05	2.9712	0.93608	1.6570	925.93	-0.032945	0.00019674	0.15371	liquid
95.000	111.00	1142.0	0.00087562	-129.11	-119.39	2.9888	0.93256	1.6583	918.72	-0.032678	0.00019211	0.15239	liquid
96.000	111.00	1137.5	0.00087916	-127.49	-117.73	3.0061	0.92908	1.6597	911.50	-0.032399	0.00018765	0.15107	liquid
97.000	111.00	1132.8	0.00088273	-125.87	-116.07	3.0233	0.92565	1.6613	904.29	-0.032107	0.00018335	0.14974	liquid
98.000	111.00	1128.2	0.00088636	-124.25	-114.41	3.0404	0.92227	1.6630	897.06	-0.031803	0.00017921	0.14842	liquid
99.000	111.00	1123.6	0.00089003	-122.62	-112.74	3.0573	0.91893	1.6648	889.84	-0.031485	0.00017521	0.14709	liquid
100.00	111.00	1118.9	0.00089375	-121.00	-111.08	3.0740	0.91564	1.6668	882.61	-0.031154	0.00017135	0.14576	liquid
101.00	111.00	1114.2	0.00089752	-119.37	-109.41	3.0906	0.91239	1.6690	875.37	-0.030809	0.00016762	0.14444	liquid
102.00	111.00	1109.5	0.00090134	-117.75	-107.74	3.1071	0.90919	1.6712	868.12	-0.030450	0.00016401	0.14311	liquid
103.00	111.00	1104.7	0.00090522	-116.12	-106.07	3.1234	0.90603	1.6736	860.87	-0.030076	0.00016052	0.14178	liquid
104.00	111.00	1099.9	0.00090915	-114.49	-104.39	3.1396	0.90292	1.6762	853.60	-0.029687	0.00015714	0.14045	liquid
105.00	111.00	1095.1	0.00091313	-112.85	-102.72	3.1556	0.89985	1.6789	846.33	-0.029281	0.00015386	0.13912	liquid
106.00	111.00	1090.3	0.00091717	-111.22	-101.04	3.1716	0.89683	1.6818	839.05	-0.028860	0.00015067	0.13779	liquid
107.00	111.00	1085.4	0.00092128	-109.58	-99.353	3.1874	0.89385	1.6849	831.75	-0.028421	0.00014758	0.13646	liquid
108.00	111.00	1080.6	0.00092544	-107.94	-97.666	3.2031	0.89091	1.6881	824.44	-0.027965	0.00014458	0.13513	liquid
109.00	111.00	1075.6	0.00092968	-106.30	-95.976	3.2186	0.88801	1.6915	817.12	-0.027491	0.00014167	0.13380	liquid
110.00	111.00	1070.7	0.00093397	-104.65	-94.283	3.2341	0.88516	1.6950	809.79	-0.026998	0.00013883	0.13247	liquid
111.00	111.00	1065.7	0.00093834	-103.00	-92.586	3.2494	0.88234	1.6987	802.44	-0.026485	0.00013606	0.13115	liquid
112.00	111.00	1060.7	0.00094277	-101.35	-90.886	3.2647	0.87957	1.7026	795.07	-0.025952	0.00013337	0.12983	liquid
113.00	111.00	1055.7	0.00094728	-99.696	-89.181	3.2799	0.87685	1.7067	787.69	-0.025398	0.00013075	0.12850	liquid
114.00	111.00	1050.6	0.00095187	-98.038	-87.472	3.2949	0.87416	1.7110	780.29	-0.024823	0.00012819	0.12718	liquid
115.00	111.00	1045.4	0.00095653	-96.376	-85.759	3.3099	0.87151	1.7155	772.87	-0.024224	0.00012570	0.12586	liquid
116.00	111.00	1040.3	0.00096128	-94.711	-84.041	3.3247	0.86891	1.7202	765.43	-0.023601	0.00012327	0.12454	liquid
117.00	111.00	1035.1	0.00096611	-93.042	-82.318	3.3395	0.86635	1.7251	757.97	-0.022954	0.00012089	0.12321	liquid
118.00	111.00	1029.8	0.00097102	-91.369	-80.591	3.3542	0.86383	1.7302	750.49	-0.022281	0.00011856	0.12189	liquid
119.00	111.00	1024.6	0.00097603	-89.692	-78.858	3.3689	0.86135	1.7356	742.99	-0.021581	0.00011629	0.12057	liquid
120.00	111.00	1019.2	0.00098113	-88.010	-77.119	3.3834	0.85892	1.7412	735.46	-0.020853	0.00011407	0.11926	liquid
121.00	111.00	1013.9	0.00098633	-86.324	-75.375	3.3979	0.85652	1.7471	727.92	-0.020096	0.00011189	0.11794	liquid
122.00	111.00	1008.4	0.00099163	-84.632	-73.625	3.4123	0.85417	1.7532	720.35	-0.019307	0.00010976	0.11662	liquid
123.00	111.00	1003.0	0.00099704	-82.936	-71.869	3.4266	0.85187	1.7595	712.75	-0.018487	0.00010768	0.11531	liquid
124.00	111.00	997.45	0.0010026	-81.234	-70.106	3.4409	0.84960	1.7662	705.12	-0.017633	0.00010564	0.11400	liquid
125.00	111.00	991.88	0.0010082	-79.527	-68.336	3.4551	0.84738	1.7732	697.47	-0.016743	0.00010363	0.11269	liquid
126.00	111.00	986.25	0.0010139	-77.814	-66.560	3.4693	0.84520	1.7804	689.79	-0.015816	0.00010167	0.11138	liquid
127.00	111.00	980.57	0.0010198	-76.095	-64.775	3.4834	0.84307	1.7880	682.09	-0.014850	9.9742e-05	0.11007	liquid
128.00	111.00	974.83	0.0010258	-74.370	-62.983	3.4974	0.84099	1.7960	674.35	-0.013843	9.7851e-05	0.10877	liquid
129.00	111.00	969.03	0.0010320	-72.638	-61.183	3.5114	0.83895	1.8042	666.58	-0.012792	9.5995e-05	0.10746	liquid
130.00	111.00	963.16	0.0010382	-70.899	-59.375	3.5254	0.83696	1.8129	658.78	-0.011696	9.4173e-05	0.10616	liquid
131.00	111.00	957.23	0.0010447	-69.153	-57.557	3.5393	0.83501	1.8220	650.94	-0.010552	9.2382e-05	0.10487	liquid
132.00	111.00	951.24	0.0010513	-67.400	-55.731	3.5532	0.83312	1.8315	643.07	-0.0093580	9.0623e-05	0.10357	liquid
133.00	111.00	945.17	0.0010580	-65.638	-53.894	3.5671	0.83127	1.8414	635.17	-0.0081102	8.8894e-05	0.10228	liquid
134.00	111.00	939.03	0.0010649	-63.869	-52.048	3.5809	0.82948	1.8518	627.23	-0.0068058	8.7194e-05	0.10099	liquid
135.00	111.00	932.81	0.0010720	-62.090	-50.191	3.5947	0.82774	1.8626	619.26	-0.0054418	8.5522e-05	0.099707	liquid
136.00	111.00	926.52	0.0010793	-60.303	-48.322	3.6085	0.82605	1.8740	611.24	-0.0040145	8.3877e-05	0.098425	liquid
137.00	111.00	920.14	0.0010868	-58.506	-46.442	3.6223	0.82441	1.8860	603.19	-0.0025203	8.2258e-05	0.097147	liquid
138.00	111.00	913.67	0.0010945	-56.699	-44.550	3.6360	0.82284	1.8985	595.10	-0.00095494	8.0665e-05	0.095872	liquid
139.00	111.00	907.11	0.0011024	-54.882	-42.645	3.6498	0.82132	1.9117	586.97	0.00068583	7.9096e-05	0.094601	liquid
140.00	111.00	900.46	0.0011105	-53.054	-40.727	3.6635	0.81986	1.9255	578.79	0.0024068	7.7552e-05	0.093334	liquid
141.00	111.00	893.71	0.0011189	-51.214	-38.794	3.6773	0.81847	1.9401	570.57	0.0042130	7.6030e-05	0.092071	liquid
142.00	111.00	886.86	0.0011276	-49.362	-36.846	3.6911	0.81714	1.9553	562.31	0.0061101	7.4531e-05	0.090812	liquid
143.00	111.00	879.89	0.0011365	-47.498	-34.883	3.7048	0.81588	1.9714	554.01	0.0081039	7.3053e-05	0.089558	liquid
144.00	111.00	872.82	0.0011457	-45.621	-32.903	3.7186	0.81468	1.9884	545.66	0.010201	7.1596e-05	0.088309	liquid
145.00	111.00	865.62	0.0011552	-43.729	-30.906	3.7325	0.81356	2.0062	537.27	0.012408	7.0160e-05	0.087064	liquid
146.00	111.00	858.30	0.0011651	-41.823	-28.890	3.7463	0.81251	2.0251	528.83	0.014733	6.8743e-05	0.085824	liquid
147.00	111.00	850.85	0.0011753	-39.901	-26.855	3.7602	0.81154	2.0450	520.35	0.017185	6.7345e-05	0.084589	liquid
148.00	111.00	843.26	0.0011859	-37.963	-24.800	3.7741	0.81066	2.0660	511.83	0.019771	6.5966e-05	0.083359	liquid
149.00	111.00	835.53	0.0011968	-36.008	-22.723	3.7881	0.80985	2.0883	503.26	0.022501	6.4604e-05	0.082134	liquid
150.00	111.00	827.64	0.0012082	-34.035	-20.623	3.8022	0.80913	2.1118	494.65	0.025386	6.3260e-05	0.080915	liquid
151.00	111.00	819.60	0.0012201	-32.042	-18.499	3.8163	0.80850	2.1367	486.00	0.028438	6.1932e-05	0.079701	liquid
152.00	111.00	811.38	0.0012325	-30.030	-16.349	3.8305	0.80797	2.1631	477.31	0.031667	6.0621e-05	0.078492	liquid
153.00	111.00	802.98	0.0012454	-27.996	-14.172	3.8448	0.80753	2.1911	468.59	0.035088	5.9325e-05	0.077289	liquid
154.00	111.00	794.40	0.0012588	-25.939	-11.966	3.8591	0.80719	2.2208	459.84	0.038714	5.8043e-05	0.076092	liquid
155.00	111.00	785.62	0.0012729	-23.859	-9.7299	3.8736	0.80695	2.2523	451.07	0.042561	5.6777e-05	0.074901	supercritical
156.00	111.00	776.62	0.0012876	-21.754	-7.4610	3.8882	0.80682	2.2858	442.27	0.046645	5.5524e-05	0.073715	supercritical
157.00	111.00	767.41	0.0013031	-19.622	-5.1576	3.9029	0.80679	2.3214	433.47	0.050984	5.4284e-05	0.072535	supercritical
158.00	111.00	757.96	0.0013193	-17.462	-2.8175	3.9178	0.80686	2.3592	424.67	0.055594	5.3057e-05	0.071361	supercritical
159.00	111.00	748.27	0.0013364	-15.273	-0.43842	3.9328	0.80704	2.3993	415.87	0.060497	5.1843e-05	0.070192	supercritical
160.00	111.00	738.33	0.0013544	-13.052	1.9819	3.9480	0.80732	2.4418	407.09	0.065712	5.0640e-05	0.069029	supercritical
161.00	111.00	728.11	0.0013734	-10.799	4.4460	3.9633	0.80769	2.4869	398.36	0.071260	4.9449e-05	0.067871	supercritical
162.00	111.00	717.61	0.0013935	-8.5116	6.9565	3.9788	0.80815	2.5345	389.67	0.077161	4.8269e-05	0.066719	supercritical
163.00	111.00	706.81	0.0014148	-6.1885	9.5158	3.9946	0.80869	2.5846	381.06	0.083435	4.7100e-05	0.065572	supercritical
164.00	111.00	695.71	0.0014374	-3.8283	12.127	4.0106	0.80929	2.6372	372.54	0.090099	4.5943e-05	0.064429	supercritical
165.00	111.00	684.30	0.0014613	-1.4300	14.791	4.0268	0.80995	2.6920	364.14	0.097170	4.4796e-05	0.063292	supercritical
166.00	111.00	672.57	0.0014868	1.0074	17.511	4.0432	0.81065	2.7487	355.88	0.10466	4.3661e-05	0.062159	supercritical
167.00	111.00	660.52	0.0015140	3.4839	20.289	4.0599	0.81136	2.8067	347.81	0.11257	4.2537e-05	0.061030	supercritical
168.00	111.00	648.15	0.0015428	5.9993	23.125	4.0768	0.81207	2.8653	339.94	0.12090	4.1427e-05	0.059905	supercritical
169.00	111.00	635.48	0.0015736	8.5524	26.019	4.0940	0.81275	2.9236	332.33	0.12965	4.0331e-05	0.058784	supercritical
170.00	111.00	622.52	0.0016064	11.141	28.972	4.1114	0.81338	2.9804	324.99	0.13878	3.9250e-05	0.057668	supercritical
171.00	111.00	609.31	0.0016412	13.762	31.979	4.1290	0.81393	3.0343	317.98	0.14828	3.8188e-05	0.056555	supercritical
172.00	111.00	595.88	0.0016782	16.411	35.039	4.1469	0.81438	3.0840	311.33	0.15810	3.7147e-05	0.055447	supercritical
173.00	111.00	582.27	0.0017174	19.082	38.145	4.1649	0.81469	3.1279	305.07	0.16819	3.6129e-05	0.054345	supercritical
174.00	111.00	568.55	0.0017589	21.769	41.292	4.1830	0.81483	3.1645	299.22	0.17848	3.5138e-05	0.053250	supercritical
175.00	111.00	554.77	0.0018025	24.463	44.471	4.2013	0.81477	3.1924	293.81	0.18891	3.4176e-05	0.052163	supercritical
176.00	111.00	541.02	0.0018484	27.157	47.674	4.2195	0.81449	3.2104	288.86	0.19939	3.3248e-05	0.051088	supercritical
177.00	111.00	527.36	0.0018962	29.840	50.888	4.2377	0.81396	3.2174	284.37	0.20982	3.2357e-05	0.050026	supercritical
178.00	111.00	513.87	0.0019460	32.504	54.105	4.2558	0.81315	3.2128	280.35	0.22010	3.1505e-05	0.048981	supercritical
179.00	111.00	500.63	0.0019975	35.138	57.310	4.2738	0.81207	3.1964	276.79	0.23014	3.0696e-05	0.047958	supercritical
180.00	111.00	487.70	0.0020504	37.734	60.494	4.2915	0.81070	3.1686	273.69	0.23982	2.9930e-05	0.046958	supercritical
181.00	111.00	475.14	0.0021046	40.282	63.644	4.3090	0.80906	3.1302	271.01	0.24907	2.9210e-05	0.045988	supercritical
182.00	111.00	463.01	0.0021598	42.777	66.751	4.3261	0.80716	3.0825	268.74	0.25781	2.8537e-05	0.045049	supercritical
183.00	111.00	451.34	0.0022156	45.213	69.806	4.3428	0.80502	3.0273	266.84	0.26600	2.7910e-05	0.044147	supercritical
184.00	111.00	440.16	0.0022719	47.585	72.804	4.3592	0.80268	2.9663	265.29	0.27359	2.7327e-05	0.043282	supercritical
185.00	111.00	429.47	0.0023284	49.892	75.738	4.3751	0.80017	2.9012	264.05	0.28058	2.6789e-05	0.042459	supercritical
186.00	111.00	419.28	0.0023850	52.131	78.605	4.3905	0.79751	2.8337	263.08	0.28696	2.6292e-05	0.041677	supercritical
187.00	111.00	409.59	0.0024415	54.304	81.405	4.4055	0.79475	2.7651	262.36	0.29275	2.5835e-05	0.040937	supercritical
188.00	111.00	400.37	0.0024977	56.411	84.135	4.4201	0.79191	2.6966	261.86	0.29796	2.5415e-05	0.040238	supercritical
189.00	111.00	391.62	0.0025535	58.454	86.798	4.4342	0.78901	2.6291	261.54	0.30264	2.5030e-05	0.039581	supercritical
190.00	111.00	383.31	0.0026089	60.436	89.394	4.4479	0.78608	2.5632	261.39	0.30680	2.4676e-05	0.038964	supercritical
191.00	111.00	375.42	0.0026637	62.358	91.925	4.4612	0.78314	2.4994	261.38	0.31048	2.4352e-05	0.038384	supercritical
192.00	111.00	367.92	0.0027180	64.224	94.394	4.4741	0.78021	2.4380	261.49	0.31371	2.4055e-05	0.037841	supercritical
193.00	111.00	360.79	0.0027717	66.037	96.802	4.4866	0.77731	2.3792	261.71	0.31652	2.3783e-05	0.037333	supercritical
194.00	111.00	354.01	0.0028248	67.798	99.153	4.4988	0.77443	2.3231	262.02	0.31896	2.3534e-05	0.036857	supercritical
195.00	111.00	347.56	0.0028772	69.512	101.45	4.5106	0.77160	2.2696	262.41	0.32103	2.3306e-05	0.036411	supercritical
196.00	111.00	341.41	0.0029290	71.181	103.69	4.5221	0.76882	2.2189	262.87	0.32278	2.3097e-05	0.035994	supercritical
197.00	111.00	335.55	0.0029802	72.808	105.89	4.5332	0.76610	2.1707	263.40	0.32424	2.2906e-05	0.035604	supercritical
198.00	111.00	329.96	0.0030307	74.395	108.04	4.5441	0.76343	2.1250	263.97	0.32541	2.2731e-05	0.035239	supercritical
199.00	111.00	324.61	0.0030806	75.944	110.14	4.5547	0.76084	2.0816	264.58	0.32633	2.2570e-05	0.034898	supercritical
200.00	111.00	319.49	0.0031299	77.457	112.20	4.5650	0.75831	2.0406	265.24	0.32702	2.2423e-05	0.034578	supercritical
201.00	111.00	314.60	0.0031787	78.937	114.22	4.5751	0.75584	2.0017	265.93	0.32750	2.2289e-05	0.034279	supercritical
202.00	111.00	309.90	0.0032268	80.386	116.20	4.5849	0.75345	1.9649	266.64	0.32778	2.2166e-05	0.033999	supercritical
203.00	111.00	305.40	0.0032744	81.805	118.15	4.5946	0.75112	1.9300	267.39	0.32789	2.2053e-05	0.033737	supercritical
204.00	111.00	301.08	0.0033214	83.196	120.06	4.6040	0.74887	1.8968	268.15	0.32783	2.1950e-05	0.033492	supercritical
205.00	111.00	296.92	0.0033679	84.561	121.95	4.6132	0.74668	1.8654	268.93	0.32762	2.1857e-05	0.033262	supercritical
206.00	111.00	292.92	0.0034139	85.901	123.80	4.6222	0.74456	1.8356	269.73	0.32727	2.1771e-05	0.033046	supercritical
207.00	111.00	289.07	0.0034594	87.218	125.62	4.6310	0.74250	1.8072	270.54	0.32680	2.1693e-05	0.032845	supercritical
208.00	111.00	285.36	0.0035044	88.512	127.41	4.6396	0.74051	1.7803	271.36	0.32622	2.1622e-05	0.032656	supercritical
209.00	111.00	281.77	0.0035489	89.785	129.18	4.6481	0.73859	1.7546	272.19	0.32553	2.1558e-05	0.032479	supercritical
210.00	111.00	278.32	0.0035930	91.038	130.92	4.6564	0.73672	1.7302	273.03	0.32474	2.1500e-05	0.032313	supercritical
211.00	111.00	274.98	0.0036367	92.272	132.64	4.6646	0.73492	1.7070	273.88	0.32387	2.1448e-05	0.032158	supercritical
212.00	111.00	271.75	0.0036799	93.488	134.33	4.6726	0.73317	1.6848	274.73	0.32291	2.1401e-05	0.032012	supercritical
213.00	111.00	268.62	0.0037227	94.686	136.01	4.6805	0.73148	1.6637	275.58	0.32189	2.1359e-05	0.031876	supercritical
214.00	111.00	265.59	0.0037651	95.869	137.66	4.6882	0.72984	1.6435	276.44	0.32079	2.1321e-05	0.031749	supercritical
215.00	111.00	262.66	0.0038072	97.036	139.30	4.6958	0.72826	1.6242	277.31	0.31964	2.1288e-05	0.031630	supercritical
216.00	111.00	259.82	0.0038489	98.188	140.91	4.7033	0.72673	1.6058	278.17	0.31843	2.1259e-05	0.031519	supercritical
217.00	111.00	257.06	0.0038902	99.327	142.51	4.7107	0.72525	1.5881	279.03	0.31718	2.1234e-05	0.031415	supercritical
218.00	111.00	254.38	0.0039311	100.45	144.09	4.7180	0.72381	1.5713	279.90	0.31587	2.1212e-05	0.031318	supercritical
219.00	111.00	251.78	0.0039718	101.56	145.65	4.7251	0.72243	1.5551	280.77	0.31453	2.1194e-05	0.031228	supercritical
220.00	111.00	249.25	0.0040121	102.66	147.20	4.7322	0.72108	1.5396	281.63	0.31315	2.1178e-05	0.031143	supercritical
221.00	111.00	246.79	0.0040521	103.75	148.73	4.7391	0.71978	1.5247	282.50	0.31173	2.1166e-05	0.031065	supercritical
222.00	111.00	244.39	0.0040918	104.83	150.25	4.7460	0.71853	1.5104	283.36	0.31029	2.1156e-05	0.030993	supercritical
223.00	111.00	242.06	0.0041312	105.89	151.75	4.7527	0.71731	1.4967	284.22	0.30882	2.1149e-05	0.030925	supercritical
224.00	111.00	239.79	0.0041703	106.95	153.24	4.7594	0.71613	1.4835	285.08	0.30732	2.1145e-05	0.030863	supercritical
225.00	111.00	237.58	0.0042091	108.00	154.72	4.7660	0.71499	1.4709	285.94	0.30580	2.1143e-05	0.030805	supercritical
226.00	111.00	235.42	0.0042477	109.03	156.18	4.7725	0.71388	1.4587	286.80	0.30426	2.1143e-05	0.030752	supercritical
227.00	111.00	233.32	0.0042860	110.06	157.64	4.7789	0.71281	1.4469	287.65	0.30271	2.1145e-05	0.030703	supercritical
228.00	111.00	231.27	0.0043240	111.08	159.08	4.7852	0.71177	1.4356	288.50	0.30114	2.1149e-05	0.030658	supercritical
229.00	111.00	229.26	0.0043618	112.09	160.51	4.7915	0.71077	1.4247	289.35	0.29956	2.1155e-05	0.030617	supercritical
230.00	111.00	227.30	0.0043994	113.09	161.93	4.7977	0.70980	1.4142	290.20	0.29796	2.1162e-05	0.030580	supercritical
231.00	111.00	225.39	0.0044367	114.09	163.34	4.8038	0.70885	1.4041	291.04	0.29636	2.1172e-05	0.030546	supercritical
232.00	111.00	223.52	0.0044738	115.08	164.73	4.8098	0.70794	1.3943	291.88	0.29475	2.1183e-05	0.030516	supercritical
233.00	111.00	221.69	0.0045107	116.06	166.12	4.8158	0.70706	1.3848	292.72	0.29313	2.1195e-05	0.030489	supercritical
234.00	111.00	219.91	0.0045474	117.03	167.50	4.8217	0.70620	1.3757	293.55	0.29151	2.1209e-05	0.030465	supercritical
235.00	111.00	218.16	0.0045839	117.99	168.88	4.8276	0.70537	1.3669	294.38	0.28988	2.1224e-05	0.030444	supercritical
236.00	111.00	216.44	0.0046201	118.95	170.24	4.8334	0.70456	1.3583	295.21	0.28825	2.1241e-05	0.030425	supercritical
237.00	111.00	214.77	0.0046562	119.91	171.59	4.8391	0.70378	1.3500	296.03	0.28661	2.1258e-05	0.030410	supercritical
238.00	111.00	213.12	0.0046921	120.86	172.94	4.8447	0.70302	1.3420	296.86	0.28498	2.1277e-05	0.030396	supercritical
239.00	111.00	211.52	0.0047278	121.80	174.28	4.8504	0.70229	1.3343	297.67	0.28334	2.1297e-05	0.030386	supercritical
240.00	111.00	209.94	0.0047633	122.73	175.61	4.8559	0.70158	1.3268	298.49	0.28171	2.1318e-05	0.030378	supercritical
241.00	111.00	208.39	0.0047986	123.67	176.93	4.8614	0.70089	1.3195	299.30	0.28007	2.1340e-05	0.030371	supercritical
242.00	111.00	206.88	0.0048338	124.59	178.25	4.8669	0.70022	1.3125	300.11	0.27844	2.1363e-05	0.030368	supercritical
243.00	111.00	205.39	0.0048688	125.51	179.56	4.8723	0.69957	1.3056	300.91	0.27681	2.1387e-05	0.030366	supercritical
244.00	111.00	203.93	0.0049036	126.43	180.86	4.8776	0.69894	1.2990	301.71	0.27518	2.1412e-05	0.030366	supercritical
245.00	111.00	202.50	0.0049383	127.34	182.15	4.8829	0.69833	1.2926	302.51	0.27355	2.1438e-05	0.030368	supercritical
246.00	111.00	201.09	0.0049728	128.24	183.44	4.8882	0.69774	1.2863	303.30	0.27193	2.1464e-05	0.030372	supercritical
247.00	111.00	199.71	0.0050071	129.15	184.73	4.8934	0.69716	1.2802	304.09	0.27032	2.1491e-05	0.030378	supercritical
248.00	111.00	198.36	0.0050413	130.04	186.00	4.8985	0.69661	1.2743	304.88	0.26871	2.1519e-05	0.030385	supercritical
249.00	111.00	197.03	0.0050754	130.94	187.27	4.9036	0.69607	1.2686	305.66	0.26710	2.1548e-05	0.030394	supercritical
250.00	111.00	195.72	0.0051093	131.83	188.54	4.9087	0.69554	1.2630	306.44	0.26550	2.1577e-05	0.030405	supercritical
251.00	111.00	194.43	0.0051431	132.71	189.80	4.9138	0.69503	1.2576	307.22	0.26391	2.1607e-05	0.030417	supercritical
252.00	111.00	193.17	0.0051768	133.59	191.06	4.9187	0.69454	1.2523	307.99	0.26232	2.1638e-05	0.030430	supercritical
253.00	111.00	191.93	0.0052103	134.47	192.31	4.9237	0.69406	1.2472	308.76	0.26074	2.1669e-05	0.030445	supercritical
254.00	111.00	190.71	0.0052437	135.35	193.55	4.9286	0.69360	1.2422	309.53	0.25916	2.1701e-05	0.030461	supercritical
255.00	111.00	189.50	0.0052769	136.22	194.79	4.9335	0.69315	1.2374	310.29	0.25759	2.1733e-05	0.030479	supercritical
256.00	111.00	188.32	0.0053100	137.08	196.02	4.9383	0.69272	1.2326	311.05	0.25603	2.1766e-05	0.030498	supercritical
257.00	111.00	187.16	0.0053430	137.95	197.26	4.9431	0.69229	1.2280	311.81	0.25448	2.1799e-05	0.030518	supercritical
258.00	111.00	186.01	0.0053759	138.81	198.48	4.9479	0.69189	1.2235	312.57	0.25293	2.1833e-05	0.030539	supercritical
259.00	111.00	184.89	0.0054087	139.67	199.70	4.9526	0.69149	1.2191	313.32	0.25139	2.1867e-05	0.030561	supercritical
260.00	111.00	183.78	0.0054414	140.52	200.92	4.9573	0.69110	1.2149	314.06	0.24986	2.1901e-05	0.030585	supercritical
261.00	111.00	182.68	0.0054739	141.37	202.13	4.9619	0.69073	1.2107	314.81	0.24834	2.1937e-05	0.030609	supercritical
262.00	111.00	181.61	0.0055064	142.22	203.34	4.9666	0.69037	1.2066	315.55	0.24682	2.1972e-05	0.030635	supercritical
263.00	111.00	180.55	0.0055387	143.07	204.55	4.9711	0.69002	1.2027	316.29	0.24531	2.2008e-05	0.030661	supercritical
264.00	111.00	179.50	0.0055709	143.91	205.75	4.9757	0.68969	1.1988	317.02	0.24381	2.2044e-05	0.030689	supercritical
265.00	111.00	178.47	0.0056030	144.75	206.94	4.9802	0.68936	1.1950	317.75	0.24232	2.2081e-05	0.030717	supercritical
266.00	111.00	177.46	0.0056351	145.59	208.14	4.9847	0.68904	1.1913	318.48	0.24084	2.2118e-05	0.030746	supercritical
267.00	111.00	176.46	0.0056670	146.42	209.33	4.9892	0.68873	1.1878	319.21	0.23937	2.2155e-05	0.030776	supercritical
268.00	111.00	175.48	0.0056988	147.26	210.51	4.9936	0.68844	1.1842	319.93	0.23790	2.2193e-05	0.030807	supercritical
269.00	111.00	174.50	0.0057305	148.09	211.69	4.9980	0.68815	1.1808	320.65	0.23644	2.2230e-05	0.030839	supercritical
270.00	111.00	173.55	0.0057622	148.91	212.87	5.0024	0.68787	1.1775	321.36	0.23499	2.2269e-05	0.030871	supercritical
271.00	111.00	172.60	0.0057937	149.74	214.05	5.0067	0.68761	1.1742	322.08	0.23355	2.2307e-05	0.030905	supercritical
272.00	111.00	171.67	0.0058252	150.56	215.22	5.0111	0.68735	1.1710	322.79	0.23212	2.2346e-05	0.030939	supercritical
273.00	111.00	170.75	0.0058565	151.38	216.39	5.0154	0.68710	1.1679	323.50	0.23070	2.2385e-05	0.030973	supercritical
274.00	111.00	169.84	0.0058878	152.20	217.56	5.0196	0.68686	1.1648	324.20	0.22928	2.2424e-05	0.031009	supercritical
275.00	111.00	168.95	0.0059190	153.02	218.72	5.0239	0.68662	1.1618	324.90	0.22788	2.2464e-05	0.031045	supercritical
276.00	111.00	168.06	0.0059501	153.83	219.88	5.0281	0.68640	1.1589	325.60	0.22648	2.2503e-05	0.031081	supercritical
277.00	111.00	167.19	0.0059811	154.65	221.04	5.0323	0.68618	1.1560	326.30	0.22509	2.2543e-05	0.031119	supercritical
278.00	111.00	166.33	0.0060121	155.46	222.19	5.0364	0.68597	1.1532	326.99	0.22371	2.2584e-05	0.031157	supercritical
279.00	111.00	165.48	0.0060429	156.27	223.35	5.0406	0.68577	1.1505	327.69	0.22234	2.2624e-05	0.031195	supercritical
280.00	111.00	164.64	0.0060737	157.08	224.49	5.0447	0.68558	1.1478	328.37	0.22097	2.2665e-05	0.031234	supercritical
281.00	111.00	163.81	0.0061045	157.88	225.64	5.0487	0.68539	1.1452	329.06	0.21962	2.2705e-05	0.031274	supercritical
282.00	111.00	163.00	0.0061351	158.69	226.78	5.0528	0.68522	1.1426	329.74	0.21827	2.2746e-05	0.031314	supercritical
283.00	111.00	162.19	0.0061657	159.49	227.93	5.0569	0.68504	1.1401	330.42	0.21693	2.2788e-05	0.031354	supercritical
284.00	111.00	161.39	0.0061961	160.29	229.06	5.0609	0.68488	1.1377	331.10	0.21560	2.2829e-05	0.031396	supercritical
285.00	111.00	160.60	0.0062266	161.09	230.20	5.0649	0.68472	1.1353	331.78	0.21428	2.2870e-05	0.031437	supercritical
286.00	111.00	159.82	0.0062569	161.88	231.34	5.0688	0.68457	1.1329	332.45	0.21297	2.2912e-05	0.031479	supercritical
287.00	111.00	159.05	0.0062872	162.68	232.47	5.0728	0.68443	1.1306	333.12	0.21166	2.2954e-05	0.031522	supercritical
288.00	111.00	158.29	0.0063174	163.47	233.60	5.0767	0.68429	1.1283	333.79	0.21037	2.2996e-05	0.031565	supercritical
289.00	111.00	157.54	0.0063475	164.27	234.72	5.0806	0.68416	1.1261	334.45	0.20908	2.3038e-05	0.031608	supercritical
290.00	111.00	156.80	0.0063776	165.06	235.85	5.0845	0.68403	1.1239	335.12	0.20780	2.3080e-05	0.031652	supercritical
291.00	111.00	156.06	0.0064076	165.85	236.97	5.0884	0.68392	1.1218	335.78	0.20652	2.3122e-05	0.031696	supercritical
292.00	111.00	155.34	0.0064376	166.64	238.09	5.0922	0.68380	1.1197	336.43	0.20526	2.3165e-05	0.031740	supercritical
293.00	111.00	154.62	0.0064675	167.42	239.21	5.0960	0.68370	1.1177	337.09	0.20400	2.3208e-05	0.031785	supercritical
294.00	111.00	153.91	0.0064973	168.21	240.33	5.0998	0.68359	1.1157	337.74	0.20276	2.3250e-05	0.031831	supercritical
295.00	111.00	153.21	0.0065271	168.99	241.44	5.1036	0.68350	1.1137	338.39	0.20152	2.3293e-05	0.031876	supercritical
296.00	111.00	152.51	0.0065568	169.78	242.56	5.1074	0.68341	1.1118	339.04	0.20028	2.3336e-05	0.031922	supercritical
297.00	111.00	151.83	0.0065864	170.56	243.67	5.1111	0.68332	1.1099	339.69	0.19906	2.3379e-05	0.031968	supercritical
298.00	111.00	151.15	0.0066160	171.34	244.78	5.1149	0.68325	1.1080	340.33	0.19784	2.3422e-05	0.032015	supercritical
299.00	111.00	150.48	0.0066455	172.12	245.88	5.1186	0.68317	1.1062	340.97	0.19664	2.3466e-05	0.032061	supercritical
300.00	111.00	149.81	0.0066750	172.90	246.99	5.1223	0.68310	1.1045	341.61	0.19544	2.3509e-05	0.032108	supercritical
301.00	111.00	149.16	0.0067044	173.67	248.09	5.1259	0.68304	1.1027	342.25	0.19424	2.3552e-05	0.032155	supercritical
302.00	111.00	148.51	0.0067338	174.45	249.19	5.1296	0.68298	1.1010	342.88	0.19306	2.3596e-05	0.032203	supercritical
303.00	111.00	147.86	0.0067631	175.22	250.29	5.1332	0.68293	1.0993	343.52	0.19188	2.3639e-05	0.032250	supercritical
304.00	111.00	147.22	0.0067923	176.00	251.39	5.1369	0.68288	1.0977	344.15	0.19071	2.3683e-05	0.032298	supercritical
305.00	111.00	146.59	0.0068215	176.77	252.49	5.1405	0.68284	1.0961	344.77	0.18955	2.3727e-05	0.032345	supercritical
306.00	111.00	145.97	0.0068507	177.54	253.58	5.1440	0.68280	1.0945	345.40	0.18839	2.3771e-05	0.032392	supercritical
307.00	111.00	145.35	0.0068798	178.31	254.68	5.1476	0.68276	1.0929	346.02	0.18724	2.3814e-05	0.032439	supercritical
308.00	111.00	144.74	0.0069088	179.08	255.77	5.1512	0.68273	1.0914	346.65	0.18610	2.3858e-05	0.032485	supercritical
309.00	111.00	144.14	0.0069378	179.85	256.86	5.1547	0.68271	1.0899	347.27	0.18497	2.3902e-05	0.032527	supercritical
310.00	111.00	143.54	0.0069668	180.62	257.95	5.1582	0.68269	1.0884	347.88	0.18384	2.3947e-05	0.032573	supercritical
311.00	111.00	142.94	0.0069957	181.38	259.04	5.1617	0.68267	1.0870	348.50	0.18272	2.3991e-05	0.032627	supercritical
312.00	111.00	142.36	0.0070246	182.15	260.12	5.1652	0.68266	1.0856	349.11	0.18161	2.4035e-05	0.032680	supercritical
313.00	111.00	141.78	0.0070534	182.92	261.21	5.1687	0.68265	1.0842	349.72	0.18050	2.4079e-05	0.032734	supercritical
314.00	111.00	141.20	0.0070821	183.68	262.29	5.1721	0.68265	1.0828	350.33	0.17941	2.4123e-05	0.032788	supercritical
315.00	111.00	140.63	0.0071108	184.44	263.37	5.1756	0.68265	1.0815	350.94	0.17832	2.4168e-05	0.032842	supercritical
316.00	111.00	140.07	0.0071395	185.21	264.45	5.1790	0.68265	1.0801	351.55	0.17723	2.4212e-05	0.032896	supercritical
317.00	111.00	139.51	0.0071682	185.97	265.53	5.1824	0.68266	1.0789	352.15	0.17615	2.4256e-05	0.032951	supercritical
318.00	111.00	138.95	0.0071967	186.73	266.61	5.1858	0.68267	1.0776	352.75	0.17508	2.4301e-05	0.033006	supercritical
319.00	111.00	138.40	0.0072253	187.49	267.69	5.1892	0.68269	1.0763	353.35	0.17402	2.4345e-05	0.033061	supercritical
320.00	111.00	137.86	0.0072538	188.25	268.77	5.1926	0.68271	1.0751	353.95	0.17296	2.4390e-05	0.033116	supercritical
321.00	111.00	137.32	0.0072822	189.01	269.84	5.1959	0.68273	1.0739	354.55	0.17191	2.4435e-05	0.033171	supercritical
322.00	111.00	136.79	0.0073107	189.76	270.91	5.1992	0.68276	1.0727	355.14	0.17087	2.4479e-05	0.033226	supercritical
323.00	111.00	136.26	0.0073390	190.52	271.99	5.2026	0.68279	1.0716	355.73	0.16983	2.4524e-05	0.033282	supercritical
324.00	111.00	135.73	0.0073674	191.28	273.06	5.2059	0.68283	1.0704	356.32	0.16880	2.4569e-05	0.033338	supercritical
325.00	111.00	135.21	0.0073957	192.03	274.13	5.2092	0.68286	1.0693	356.91	0.16777	2.4613e-05	0.033394	supercritical
326.00	111.00	134.70	0.0074239	192.79	275.19	5.2125	0.68291	1.0682	357.50	0.16676	2.4658e-05	0.033450	supercritical
327.00	111.00	134.19	0.0074521	193.54	276.26	5.2157	0.68295	1.0672	358.08	0.16574	2.4703e-05	0.033506	supercritical
328.00	111.00	133.68	0.0074803	194.30	277.33	5.2190	0.68300	1.0661	358.67	0.16474	2.4747e-05	0.033562	supercritical
329.00	111.00	133.18	0.0075085	195.05	278.39	5.2222	0.68305	1.0651	359.25	0.16374	2.4792e-05	0.033618	supercritical
330.00	111.00	132.69	0.0075366	195.80	279.46	5.2255	0.68311	1.0640	359.83	0.16275	2.4837e-05	0.033675	supercritical
331.00	111.00	132.19	0.0075646	196.56	280.52	5.2287	0.68317	1.0630	360.41	0.16176	2.4882e-05	0.033732	supercritical
332.00	111.00	131.71	0.0075927	197.31	281.59	5.2319	0.68323	1.0621	360.98	0.16078	2.4927e-05	0.033789	supercritical
333.00	111.00	131.22	0.0076207	198.06	282.65	5.2351	0.68330	1.0611	361.56	0.15980	2.4972e-05	0.033846	supercritical
334.00	111.00	130.74	0.0076486	198.81	283.71	5.2383	0.68337	1.0602	362.13	0.15884	2.5017e-05	0.033903	supercritical
335.00	111.00	130.27	0.0076765	199.56	284.77	5.2414	0.68344	1.0592	362.70	0.15787	2.5061e-05	0.033960	supercritical
336.00	111.00	129.80	0.0077044	200.31	285.83	5.2446	0.68351	1.0583	363.27	0.15692	2.5106e-05	0.034017	supercritical
337.00	111.00	129.33	0.0077323	201.06	286.88	5.2477	0.68359	1.0574	363.84	0.15596	2.5151e-05	0.034075	supercritical
338.00	111.00	128.86	0.0077601	201.80	287.94	5.2509	0.68367	1.0565	364.40	0.15502	2.5196e-05	0.034132	supercritical
339.00	111.00	128.40	0.0077879	202.55	289.00	5.2540	0.68376	1.0557	364.97	0.15408	2.5241e-05	0.034190	supercritical
340.00	111.00	127.95	0.0078156	203.30	290.05	5.2571	0.68384	1.0548	365.53	0.15315	2.5286e-05	0.034248	supercritical
341.00	111.00	127.50	0.0078434	204.05	291.11	5.2602	0.68393	1.0540	366.09	0.15222	2.5331e-05	0.034305	supercritical
342.00	111.00	127.05	0.0078711	204.79	292.16	5.2633	0.68403	1.0532	366.65	0.15129	2.5376e-05	0.034363	supercritical
343.00	111.00	126.60	0.0078987	205.54	293.21	5.2663	0.68412	1.0524	367.21	0.15038	2.5421e-05	0.034421	supercritical
344.00	111.00	126.16	0.0079263	206.28	294.26	5.2694	0.68422	1.0516	367.77	0.14947	2.5466e-05	0.034480	supercritical
345.00	111.00	125.72	0.0079539	207.03	295.32	5.2725	0.68432	1.0508	368.32	0.14856	2.5511e-05	0.034538	supercritical
346.00	111.00	125.29	0.0079815	207.77	296.37	5.2755	0.68443	1.0500	368.88	0.14766	2.5556e-05	0.034596	supercritical
347.00	111.00	124.86	0.0080090	208.52	297.42	5.2785	0.68453	1.0493	369.43	0.14676	2.5601e-05	0.034655	supercritical
348.00	111.00	124.43	0.0080365	209.26	298.46	5.2815	0.68464	1.0485	369.98	0.14587	2.5646e-05	0.034713	supercritical
349.00	111.00	124.01	0.0080640	210.00	299.51	5.2846	0.68475	1.0478	370.53	0.14499	2.5691e-05	0.034772	supercritical
350.00	111.00	123.59	0.0080915	210.75	300.56	5.2876	0.68487	1.0471	371.07	0.14411	2.5736e-05	0.034831	supercritical
351.00	111.00	123.17	0.0081189	211.49	301.61	5.2905	0.68499	1.0464	371.62	0.14324	2.5781e-05	0.034889	supercritical
352.00	111.00	122.76	0.0081463	212.23	302.65	5.2935	0.68511	1.0457	372.16	0.14237	2.5826e-05	0.034948	supercritical
353.00	111.00	122.34	0.0081736	212.97	303.70	5.2965	0.68523	1.0451	372.71	0.14151	2.5871e-05	0.035007	supercritical
354.00	111.00	121.94	0.0082010	213.71	304.74	5.2994	0.68535	1.0444	373.25	0.14065	2.5916e-05	0.035066	supercritical
355.00	111.00	121.53	0.0082283	214.45	305.79	5.3024	0.68548	1.0438	373.79	0.13979	2.5961e-05	0.035125	supercritical
356.00	111.00	121.13	0.0082555	215.19	306.83	5.3053	0.68561	1.0431	374.33	0.13895	2.6006e-05	0.035184	supercritical
357.00	111.00	120.73	0.0082828	215.94	307.87	5.3082	0.68574	1.0425	374.87	0.13810	2.6051e-05	0.035244	supercritical
358.00	111.00	120.34	0.0083100	216.68	308.92	5.3112	0.68588	1.0419	375.40	0.13726	2.6096e-05	0.035303	supercritical
359.00	111.00	119.94	0.0083372	217.41	309.96	5.3141	0.68602	1.0413	375.94	0.13643	2.6141e-05	0.035362	supercritical
360.00	111.00	119.55	0.0083644	218.15	311.00	5.3170	0.68615	1.0407	376.47	0.13560	2.6185e-05	0.035422	supercritical
361.00	111.00	119.17	0.0083915	218.89	312.04	5.3198	0.68630	1.0401	377.00	0.13478	2.6230e-05	0.035481	supercritical
362.00	111.00	118.78	0.0084186	219.63	313.08	5.3227	0.68644	1.0396	377.53	0.13396	2.6275e-05	0.035541	supercritical
363.00	111.00	118.40	0.0084457	220.37	314.12	5.3256	0.68659	1.0390	378.06	0.13315	2.6320e-05	0.035601	supercritical
364.00	111.00	118.03	0.0084728	221.11	315.16	5.3284	0.68674	1.0385	378.59	0.13234	2.6365e-05	0.035660	supercritical
365.00	111.00	117.65	0.0084998	221.85	316.20	5.3313	0.68689	1.0379	379.11	0.13153	2.6410e-05	0.035720	supercritical
366.00	111.00	117.28	0.0085268	222.59	317.23	5.3341	0.68704	1.0374	379.64	0.13073	2.6455e-05	0.035780	supercritical
367.00	111.00	116.91	0.0085538	223.32	318.27	5.3370	0.68719	1.0369	380.16	0.12994	2.6500e-05	0.035840	supercritical
368.00	111.00	116.54	0.0085808	224.06	319.31	5.3398	0.68735	1.0364	380.68	0.12915	2.6544e-05	0.035900	supercritical
369.00	111.00	116.17	0.0086077	224.80	320.34	5.3426	0.68751	1.0359	381.20	0.12836	2.6589e-05	0.035960	supercritical
370.00	111.00	115.81	0.0086346	225.53	321.38	5.3454	0.68767	1.0354	381.72	0.12758	2.6634e-05	0.036020	supercritical
371.00	111.00	115.45	0.0086615	226.27	322.41	5.3482	0.68783	1.0349	382.24	0.12680	2.6679e-05	0.036080	supercritical
372.00	111.00	115.10	0.0086884	227.01	323.45	5.3510	0.68800	1.0344	382.76	0.12603	2.6724e-05	0.036140	supercritical
373.00	111.00	114.74	0.0087153	227.74	324.48	5.3538	0.68817	1.0340	383.27	0.12526	2.6768e-05	0.036201	supercritical
374.00	111.00	114.39	0.0087421	228.48	325.52	5.3565	0.68834	1.0335	383.79	0.12450	2.6813e-05	0.036261	supercritical
375.00	111.00	114.04	0.0087689	229.21	326.55	5.3593	0.68851	1.0331	384.30	0.12374	2.6858e-05	0.036321	supercritical
376.00	111.00	113.69	0.0087957	229.95	327.58	5.3620	0.68868	1.0327	384.81	0.12298	2.6903e-05	0.036381	supercritical
377.00	111.00	113.35	0.0088224	230.69	328.61	5.3648	0.68885	1.0322	385.32	0.12223	2.6947e-05	0.036442	supercritical
378.00	111.00	113.00	0.0088492	231.42	329.65	5.3675	0.68903	1.0318	385.83	0.12149	2.6992e-05	0.036502	supercritical
379.00	111.00	112.66	0.0088759	232.16	330.68	5.3702	0.68921	1.0314	386.34	0.12074	2.7037e-05	0.036563	supercritical
380.00	111.00	112.33	0.0089026	232.89	331.71	5.3729	0.68939	1.0310	386.85	0.12001	2.7081e-05	0.036623	supercritical
381.00	111.00	111.99	0.0089292	233.63	332.74	5.3757	0.68957	1.0306	387.36	0.11927	2.7126e-05	0.036684	supercritical
382.00	111.00	111.66	0.0089559	234.36	333.77	5.3784	0.68976	1.0302	387.86	0.11854	2.7171e-05	0.036745	supercritical
383.00	111.00	111.33	0.0089825	235.09	334.80	5.3811	0.68994	1.0299	388.36	0.11782	2.7215e-05	0.036805	supercritical
384.00	111.00	111.00	0.0090091	235.83	335.83	5.3837	0.69013	1.0295	388.87	0.11710	2.7260e-05	0.036866	supercritical
385.00	111.00	110.67	0.0090357	236.56	336.86	5.3864	0.69032	1.0291	389.37	0.11638	2.7304e-05	0.036927	supercritical
386.00	111.00	110.35	0.0090623	237.30	337.89	5.3891	0.69051	1.0288	389.87	0.11567	2.7349e-05	0.036988	supercritical
387.00	111.00	110.02	0.0090889	238.03	338.92	5.3917	0.69070	1.0284	390.37	0.11496	2.7393e-05	0.037048	supercritical
388.00	111.00	109.70	0.0091154	238.76	339.95	5.3944	0.69090	1.0281	390.86	0.11425	2.7438e-05	0.037109	supercritical
389.00	111.00	109.39	0.0091419	239.50	340.97	5.3970	0.69110	1.0278	391.36	0.11355	2.7482e-05	0.037170	supercritical
390.00	111.00	109.07	0.0091684	240.23	342.00	5.3997	0.69129	1.0274	391.86	0.11285	2.7527e-05	0.037231	supercritical
391.00	111.00	108.76	0.0091949	240.97	343.03	5.4023	0.69149	1.0271	392.35	0.11216	2.7571e-05	0.037292	supercritical
392.00	111.00	108.44	0.0092213	241.70	344.06	5.4049	0.69169	1.0268	392.84	0.11147	2.7616e-05	0.037353	supercritical
393.00	111.00	108.13	0.0092477	242.43	345.08	5.4076	0.69190	1.0265	393.34	0.11078	2.7660e-05	0.037414	supercritical
394.00	111.00	107.83	0.0092742	243.17	346.11	5.4102	0.69210	1.0262	393.83	0.11010	2.7704e-05	0.037475	supercritical
395.00	111.00	107.52	0.0093006	243.90	347.13	5.4128	0.69231	1.0259	394.32	0.10942	2.7749e-05	0.037536	supercritical
396.00	111.00	107.22	0.0093269	244.63	348.16	5.4154	0.69251	1.0256	394.81	0.10875	2.7793e-05	0.037597	supercritical
397.00	111.00	106.91	0.0093533	245.36	349.19	5.4179	0.69272	1.0254	395.29	0.10808	2.7837e-05	0.037658	supercritical
398.00	111.00	106.61	0.0093796	246.10	350.21	5.4205	0.69293	1.0251	395.78	0.10741	2.7881e-05	0.037719	supercritical
399.00	111.00	106.32	0.0094060	246.83	351.24	5.4231	0.69314	1.0248	396.27	0.10675	2.7926e-05	0.037781	supercritical
400.00	111.00	106.02	0.0094323	247.56	352.26	5.4257	0.69336	1.0246	396.75	0.10609	2.7970e-05	0.037842	supercritical
401.00	111.00	105.72	0.0094586	248.30	353.29	5.4282	0.69357	1.0243	397.23	0.10543	2.8014e-05	0.037903	supercritical
402.00	111.00	105.43	0.0094848	249.03	354.31	5.4308	0.69379	1.0241	397.72	0.10478	2.8058e-05	0.037964	supercritical
403.00	111.00	105.14	0.0095111	249.76	355.33	5.4333	0.69400	1.0238	398.20	0.10413	2.8102e-05	0.038026	supercritical
404.00	111.00	104.85	0.0095373	250.49	356.36	5.4358	0.69422	1.0236	398.68	0.10348	2.8147e-05	0.038087	supercritical
405.00	111.00	104.56	0.0095635	251.23	357.38	5.4384	0.69444	1.0234	399.16	0.10284	2.8191e-05	0.038148	supercritical
406.00	111.00	104.28	0.0095898	251.96	358.40	5.4409	0.69466	1.0232	399.64	0.10220	2.8235e-05	0.038210	supercritical
407.00	111.00	103.99	0.0096159	252.69	359.43	5.4434	0.69489	1.0229	400.11	0.10157	2.8279e-05	0.038271	supercritical
408.00	111.00	103.71	0.0096421	253.42	360.45	5.4459	0.69511	1.0227	400.59	0.10094	2.8323e-05	0.038332	supercritical
409.00	111.00	103.43	0.0096683	254.15	361.47	5.4484	0.69534	1.0225	401.07	0.10031	2.8367e-05	0.038394	supercritical
410.00	111.00	103.15	0.0096944	254.89	362.49	5.4509	0.69556	1.0223	401.54	0.099683	2.8411e-05	0.038455	supercritical
411.00	111.00	102.88	0.0097205	255.62	363.52	5.4534	0.69579	1.0221	402.01	0.099061	2.8455e-05	0.038517	supercritical
412.00	111.00	102.60	0.0097466	256.35	364.54	5.4559	0.69602	1.0219	402.49	0.098443	2.8499e-05	0.038578	supercritical
413.00	111.00	102.33	0.0097727	257.08	365.56	5.4584	0.69625	1.0218	402.96	0.097828	2.8543e-05	0.038639	supercritical
414.00	111.00	102.05	0.0097988	257.82	366.58	5.4608	0.69648	1.0216	403.43	0.097217	2.8586e-05	0.038701	supercritical
415.00	111.00	101.78	0.0098249	258.55	367.60	5.4633	0.69671	1.0214	403.90	0.096608	2.8630e-05	0.038762	supercritical
416.00	111.00	101.51	0.0098509	259.28	368.63	5.4658	0.69695	1.0212	404.37	0.096003	2.8674e-05	0.038824	supercritical
417.00	111.00	101.25	0.0098769	260.01	369.65	5.4682	0.69718	1.0211	404.83	0.095402	2.8718e-05	0.038886	supercritical
418.00	111.00	100.98	0.0099029	260.74	370.67	5.4707	0.69742	1.0209	405.30	0.094803	2.8762e-05	0.038947	supercritical
419.00	111.00	100.72	0.0099289	261.48	371.69	5.4731	0.69766	1.0208	405.77	0.094208	2.8805e-05	0.039009	supercritical
420.00	111.00	100.45	0.0099549	262.21	372.71	5.4755	0.69790	1.0206	406.23	0.093616	2.8849e-05	0.039070	supercritical
421.00	111.00	100.19	0.0099809	262.94	373.73	5.4780	0.69813	1.0205	406.70	0.093027	2.8893e-05	0.039132	supercritical
422.00	111.00	99.932	0.010007	263.67	374.75	5.4804	0.69838	1.0203	407.16	0.092441	2.8936e-05	0.039193	supercritical
423.00	111.00	99.673	0.010033	264.41	375.77	5.4828	0.69862	1.0202	407.62	0.091858	2.8980e-05	0.039255	supercritical
424.00	111.00	99.416	0.010059	265.14	376.79	5.4852	0.69886	1.0201	408.08	0.091278	2.9024e-05	0.039317	supercritical
425.00	111.00	99.161	0.010085	265.87	377.81	5.4876	0.69910	1.0199	408.54	0.090701	2.9067e-05	0.039378	supercritical
426.00	111.00	98.907	0.010111	266.60	378.83	5.4900	0.69935	1.0198	409.00	0.090128	2.9111e-05	0.039440	supercritical
427.00	111.00	98.654	0.010136	267.34	379.85	5.4924	0.69959	1.0197	409.46	0.089557	2.9154e-05	0.039502	supercritical
428.00	111.00	98.403	0.010162	268.07	380.87	5.4948	0.69984	1.0196	409.92	0.088990	2.9198e-05	0.039563	supercritical
429.00	111.00	98.153	0.010188	268.80	381.89	5.4972	0.70009	1.0195	410.37	0.088425	2.9241e-05	0.039625	supercritical
430.00	111.00	97.905	0.010214	269.53	382.91	5.4995	0.70034	1.0194	410.83	0.087863	2.9285e-05	0.039687	supercritical
431.00	111.00	97.658	0.010240	270.27	383.93	5.5019	0.70059	1.0193	411.29	0.087304	2.9328e-05	0.039748	supercritical
432.00	111.00	97.412	0.010266	271.00	384.95	5.5043	0.70084	1.0192	411.74	0.086749	2.9372e-05	0.039810	supercritical
433.00	111.00	97.168	0.010291	271.73	385.97	5.5066	0.70109	1.0191	412.19	0.086196	2.9415e-05	0.039872	supercritical
434.00	111.00	96.925	0.010317	272.46	386.99	5.5090	0.70134	1.0190	412.65	0.085646	2.9458e-05	0.039933	supercritical
435.00	111.00	96.684	0.010343	273.20	388.00	5.5113	0.70159	1.0189	413.10	0.085098	2.9502e-05	0.039995	supercritical
436.00	111.00	96.443	0.010369	273.93	389.02	5.5137	0.70185	1.0188	413.55	0.084554	2.9545e-05	0.040057	supercritical
437.00	111.00	96.205	0.010395	274.66	390.04	5.5160	0.70210	1.0188	414.00	0.084012	2.9588e-05	0.040119	supercritical
438.00	111.00	95.967	0.010420	275.40	391.06	5.5183	0.70236	1.0187	414.45	0.083474	2.9631e-05	0.040180	supercritical
439.00	111.00	95.731	0.010446	276.13	392.08	5.5206	0.70262	1.0186	414.90	0.082938	2.9674e-05	0.040242	supercritical
440.00	111.00	95.496	0.010472	276.86	393.10	5.5230	0.70287	1.0185	415.34	0.082405	2.9718e-05	0.040304	supercritical
441.00	111.00	95.262	0.010497	277.60	394.12	5.5253	0.70313	1.0185	415.79	0.081874	2.9761e-05	0.040366	supercritical
442.00	111.00	95.029	0.010523	278.33	395.13	5.5276	0.70339	1.0184	416.24	0.081346	2.9804e-05	0.040427	supercritical
443.00	111.00	94.798	0.010549	279.06	396.15	5.5299	0.70365	1.0184	416.68	0.080822	2.9847e-05	0.040489	supercritical
444.00	111.00	94.568	0.010574	279.80	397.17	5.5322	0.70391	1.0183	417.12	0.080299	2.9890e-05	0.040551	supercritical
445.00	111.00	94.339	0.010600	280.53	398.19	5.5345	0.70417	1.0183	417.57	0.079780	2.9933e-05	0.040613	supercritical
446.00	111.00	94.111	0.010626	281.26	399.21	5.5368	0.70444	1.0182	418.01	0.079263	2.9976e-05	0.040674	supercritical
447.00	111.00	93.885	0.010651	282.00	400.23	5.5390	0.70470	1.0182	418.45	0.078748	3.0019e-05	0.040736	supercritical
448.00	111.00	93.660	0.010677	282.73	401.24	5.5413	0.70496	1.0181	418.89	0.078237	3.0062e-05	0.040798	supercritical
449.00	111.00	93.436	0.010703	283.46	402.26	5.5436	0.70523	1.0181	419.33	0.077728	3.0105e-05	0.040860	supercritical
450.00	111.00	93.213	0.010728	284.20	403.28	5.5458	0.70549	1.0181	419.77	0.077221	3.0148e-05	0.040921	supercritical
451.00	111.00	92.991	0.010754	284.93	404.30	5.5481	0.70576	1.0180	420.21	0.076717	3.0191e-05	0.040983	supercritical
452.00	111.00	92.770	0.010779	285.67	405.32	5.5504	0.70603	1.0180	420.65	0.076216	3.0233e-05	0.041045	supercritical
453.00	111.00	92.551	0.010805	286.40	406.33	5.5526	0.70629	1.0180	421.09	0.075717	3.0276e-05	0.041107	supercritical
454.00	111.00	92.333	0.010830	287.14	407.35	5.5549	0.70656	1.0180	421.52	0.075221	3.0319e-05	0.041169	supercritical
455.00	111.00	92.115	0.010856	287.87	408.37	5.5571	0.70683	1.0180	421.96	0.074727	3.0362e-05	0.041230	supercritical
456.00	111.00	91.899	0.010881	288.60	409.39	5.5593	0.70710	1.0179	422.39	0.074235	3.0404e-05	0.041292	supercritical
457.00	111.00	91.684	0.010907	289.34	410.41	5.5616	0.70737	1.0179	422.83	0.073747	3.0447e-05	0.041354	supercritical
458.00	111.00	91.470	0.010932	290.07	411.42	5.5638	0.70764	1.0179	423.26	0.073260	3.0490e-05	0.041416	supercritical
459.00	111.00	91.258	0.010958	290.81	412.44	5.5660	0.70791	1.0179	423.70	0.072776	3.0532e-05	0.041477	supercritical
460.00	111.00	91.046	0.010983	291.54	413.46	5.5682	0.70818	1.0179	424.13	0.072295	3.0575e-05	0.041539	supercritical
461.00	111.00	90.835	0.011009	292.28	414.48	5.5704	0.70845	1.0179	424.56	0.071816	3.0617e-05	0.041601	supercritical
462.00	111.00	90.626	0.011034	293.01	415.50	5.5726	0.70873	1.0179	424.99	0.071339	3.0660e-05	0.041663	supercritical
463.00	111.00	90.417	0.011060	293.75	416.51	5.5748	0.70900	1.0179	425.42	0.070865	3.0702e-05	0.041725	supercritical
464.00	111.00	90.210	0.011085	294.49	417.53	5.5770	0.70927	1.0179	425.85	0.070393	3.0745e-05	0.041786	supercritical
465.00	111.00	90.003	0.011111	295.22	418.55	5.5792	0.70955	1.0180	426.28	0.069923	3.0787e-05	0.041848	supercritical
466.00	111.00	89.798	0.011136	295.96	419.57	5.5814	0.70982	1.0180	426.71	0.069456	3.0830e-05	0.041910	supercritical
467.00	111.00	89.593	0.011162	296.69	420.59	5.5836	0.71010	1.0180	427.13	0.068991	3.0872e-05	0.041972	supercritical
468.00	111.00	89.390	0.011187	297.43	421.60	5.5858	0.71037	1.0180	427.56	0.068528	3.0914e-05	0.042033	supercritical
469.00	111.00	89.187	0.011212	298.16	422.62	5.5879	0.71065	1.0180	427.98	0.068068	3.0957e-05	0.042095	supercritical
470.00	111.00	88.986	0.011238	298.90	423.64	5.5901	0.71093	1.0180	428.41	0.067610	3.0999e-05	0.042157	supercritical
471.00	111.00	88.786	0.011263	299.64	424.66	5.5923	0.71120	1.0181	428.83	0.067154	3.1041e-05	0.042219	supercritical
472.00	111.00	88.586	0.011288	300.37	425.68	5.5944	0.71148	1.0181	429.26	0.066701	3.1084e-05	0.042280	supercritical
473.00	111.00	88.388	0.011314	301.11	426.69	5.5966	0.71176	1.0181	429.68	0.066249	3.1126e-05	0.042342	supercritical
474.00	111.00	88.190	0.011339	301.85	427.71	5.5987	0.71204	1.0182	430.10	0.065800	3.1168e-05	0.042404	supercritical
475.00	111.00	87.994	0.011364	302.58	428.73	5.6009	0.71232	1.0182	430.52	0.065353	3.1210e-05	0.042466	supercritical
476.00	111.00	87.798	0.011390	303.32	429.75	5.6030	0.71260	1.0182	430.95	0.064909	3.1252e-05	0.042527	supercritical
477.00	111.00	87.603	0.011415	304.06	430.77	5.6052	0.71288	1.0183	431.37	0.064466	3.1294e-05	0.042589	supercritical
478.00	111.00	87.409	0.011440	304.80	431.79	5.6073	0.71316	1.0183	431.79	0.064026	3.1336e-05	0.042651	supercritical
479.00	111.00	87.217	0.011466	305.53	432.80	5.6094	0.71344	1.0184	432.20	0.063587	3.1378e-05	0.042712	supercritical
480.00	111.00	87.025	0.011491	306.27	433.82	5.6116	0.71372	1.0184	432.62	0.063151	3.1420e-05	0.042774	supercritical
481.00	111.00	86.834	0.011516	307.01	434.84	5.6137	0.71400	1.0185	433.04	0.062717	3.1462e-05	0.042836	supercritical
482.00	111.00	86.644	0.011542	307.75	435.86	5.6158	0.71429	1.0185	433.46	0.062286	3.1504e-05	0.042898	supercritical
483.00	111.00	86.454	0.011567	308.49	436.88	5.6179	0.71457	1.0186	433.87	0.061856	3.1546e-05	0.042959	supercritical
484.00	111.00	86.266	0.011592	309.22	437.90	5.6200	0.71485	1.0186	434.29	0.061428	3.1588e-05	0.043021	supercritical
485.00	111.00	86.079	0.011617	309.96	438.91	5.6221	0.71513	1.0187	434.71	0.061003	3.1630e-05	0.043083	supercritical
486.00	111.00	85.892	0.011643	310.70	439.93	5.6242	0.71542	1.0188	435.12	0.060579	3.1672e-05	0.043144	supercritical
487.00	111.00	85.707	0.011668	311.44	440.95	5.6263	0.71570	1.0188	435.53	0.060158	3.1714e-05	0.043206	supercritical
488.00	111.00	85.522	0.011693	312.18	441.97	5.6284	0.71598	1.0189	435.95	0.059738	3.1755e-05	0.043268	supercritical
489.00	111.00	85.338	0.011718	312.92	442.99	5.6305	0.71627	1.0190	436.36	0.059321	3.1797e-05	0.043329	supercritical
490.00	111.00	85.155	0.011743	313.66	444.01	5.6326	0.71655	1.0190	436.77	0.058905	3.1839e-05	0.043391	supercritical
491.00	111.00	84.972	0.011769	314.40	445.03	5.6346	0.71684	1.0191	437.18	0.058492	3.1881e-05	0.043452	supercritical
492.00	111.00	84.791	0.011794	315.14	446.05	5.6367	0.71712	1.0192	437.59	0.058080	3.1922e-05	0.043514	supercritical
493.00	111.00	84.610	0.011819	315.88	447.07	5.6388	0.71741	1.0192	438.00	0.057671	3.1964e-05	0.043576	supercritical
494.00	111.00	84.431	0.011844	316.62	448.09	5.6408	0.71770	1.0193	438.41	0.057263	3.2005e-05	0.043637	supercritical
495.00	111.00	84.252	0.011869	317.36	449.11	5.6429	0.71798	1.0194	438.82	0.056858	3.2047e-05	0.043699	supercritical
496.00	111.00	84.074	0.011894	318.10	450.12	5.6450	0.71827	1.0195	439.23	0.056454	3.2089e-05	0.043760	supercritical
497.00	111.00	83.896	0.011919	318.84	451.14	5.6470	0.71855	1.0196	439.64	0.056053	3.2130e-05	0.043822	supercritical
498.00	111.00	83.720	0.011945	319.58	452.16	5.6491	0.71884	1.0196	440.05	0.055653	3.2171e-05	0.043884	supercritical
499.00	111.00	83.544	0.011970	320.32	453.18	5.6511	0.71913	1.0197	440.45	0.055255	3.2213e-05	0.043945	supercritical
500.00	111.00	83.369	0.011995	321.06	454.20	5.6532	0.71942	1.0198	440.86	0.054859	3.2254e-05	0.044007	supercritical
501.00	111.00	83.195	0.012020	321.80	455.22	5.6552	0.71970	1.0199	441.26	0.054465	3.2296e-05	0.044068	supercritical
502.00	111.00	83.022	0.012045	322.54	456.24	5.6572	0.71999	1.0200	441.67	0.054073	3.2337e-05	0.044130	supercritical
503.00	111.00	82.849	0.012070	323.28	457.26	5.6593	0.72028	1.0201	442.07	0.053682	3.2378e-05	0.044191	supercritical
504.00	111.00	82.677	0.012095	324.03	458.28	5.6613	0.72057	1.0202	442.48	0.053294	3.2420e-05	0.044253	supercritical
505.00	111.00	82.506	0.012120	324.77	459.30	5.6633	0.72085	1.0203	442.88	0.052907	3.2461e-05	0.044314	supercritical
506.00	111.00	82.336	0.012145	325.51	460.32	5.6653	0.72114	1.0204	443.28	0.052522	3.2502e-05	0.044376	supercritical
507.00	111.00	82.167	0.012170	326.25	461.34	5.6673	0.72143	1.0205	443.69	0.052139	3.2544e-05	0.044437	supercritical
508.00	111.00	81.998	0.012195	327.00	462.36	5.6693	0.72172	1.0206	444.09	0.051758	3.2585e-05	0.044499	supercritical
509.00	111.00	81.830	0.012220	327.74	463.39	5.6714	0.72201	1.0207	444.49	0.051378	3.2626e-05	0.044560	supercritical
510.00	111.00	81.662	0.012246	328.48	464.41	5.6734	0.72230	1.0208	444.89	0.051000	3.2667e-05	0.044622	supercritical
511.00	111.00	81.496	0.012271	329.22	465.43	5.6754	0.72259	1.0209	445.29	0.050624	3.2708e-05	0.044683	supercritical
512.00	111.00	81.330	0.012296	329.97	466.45	5.6774	0.72288	1.0210	445.69	0.050250	3.2749e-05	0.044745	supercritical
513.00	111.00	81.165	0.012321	330.71	467.47	5.6793	0.72317	1.0211	446.09	0.049878	3.2790e-05	0.044806	supercritical
514.00	111.00	81.001	0.012346	331.45	468.49	5.6813	0.72346	1.0212	446.48	0.049507	3.2831e-05	0.044867	supercritical
515.00	111.00	80.837	0.012371	332.20	469.51	5.6833	0.72375	1.0213	446.88	0.049138	3.2872e-05	0.044929	supercritical
516.00	111.00	80.674	0.012396	332.94	470.53	5.6853	0.72404	1.0214	447.28	0.048771	3.2913e-05	0.044990	supercritical
517.00	111.00	80.512	0.012421	333.69	471.55	5.6873	0.72432	1.0215	447.68	0.048405	3.2954e-05	0.045052	supercritical
518.00	111.00	80.350	0.012446	334.43	472.58	5.6893	0.72461	1.0216	448.07	0.048041	3.2995e-05	0.045113	supercritical
519.00	111.00	80.189	0.012471	335.17	473.60	5.6912	0.72490	1.0217	448.47	0.047679	3.3036e-05	0.045174	supercritical
520.00	111.00	80.029	0.012495	335.92	474.62	5.6932	0.72520	1.0219	448.86	0.047318	3.3077e-05	0.045236	supercritical
521.00	111.00	79.869	0.012520	336.66	475.64	5.6952	0.72549	1.0220	449.26	0.046960	3.3118e-05	0.045297	supercritical
522.00	111.00	79.711	0.012545	337.41	476.66	5.6971	0.72578	1.0221	449.65	0.046602	3.3158e-05	0.045358	supercritical
523.00	111.00	79.552	0.012570	338.15	477.69	5.6991	0.72607	1.0222	450.04	0.046247	3.3199e-05	0.045420	supercritical
524.00	111.00	79.395	0.012595	338.90	478.71	5.7010	0.72636	1.0223	450.44	0.045893	3.3240e-05	0.045481	supercritical
525.00	111.00	79.238	0.012620	339.65	479.73	5.7030	0.72665	1.0225	450.83	0.045541	3.3281e-05	0.045542	supercritical
526.00	111.00	79.082	0.012645	340.39	480.75	5.7049	0.72694	1.0226	451.22	0.045190	3.3321e-05	0.045603	supercritical
527.00	111.00	78.926	0.012670	341.14	481.77	5.7069	0.72723	1.0227	451.61	0.044841	3.3362e-05	0.045665	supercritical
528.00	111.00	78.772	0.012695	341.88	482.80	5.7088	0.72752	1.0228	452.00	0.044493	3.3403e-05	0.045726	supercritical
529.00	111.00	78.617	0.012720	342.63	483.82	5.7107	0.72781	1.0230	452.39	0.044147	3.3443e-05	0.045787	supercritical
530.00	111.00	78.464	0.012745	343.38	484.84	5.7127	0.72810	1.0231	452.78	0.043803	3.3484e-05	0.045848	supercritical
531.00	111.00	78.311	0.012770	344.12	485.87	5.7146	0.72839	1.0232	453.17	0.043460	3.3524e-05	0.045910	supercritical
532.00	111.00	78.159	0.012795	344.87	486.89	5.7165	0.72868	1.0233	453.56	0.043119	3.3565e-05	0.045971	supercritical
533.00	111.00	78.007	0.012819	345.62	487.91	5.7184	0.72897	1.0235	453.95	0.042779	3.3605e-05	0.046032	supercritical
534.00	111.00	77.856	0.012844	346.37	488.94	5.7204	0.72926	1.0236	454.34	0.042441	3.3646e-05	0.046093	supercritical
535.00	111.00	77.705	0.012869	347.11	489.96	5.7223	0.72955	1.0237	454.73	0.042105	3.3686e-05	0.046154	supercritical
536.00	111.00	77.556	0.012894	347.86	490.98	5.7242	0.72984	1.0239	455.11	0.041770	3.3727e-05	0.046216	supercritical
537.00	111.00	77.406	0.012919	348.61	492.01	5.7261	0.73013	1.0240	455.50	0.041436	3.3767e-05	0.046277	supercritical
538.00	111.00	77.258	0.012944	349.36	493.03	5.7280	0.73042	1.0241	455.89	0.041104	3.3807e-05	0.046338	supercritical
539.00	111.00	77.110	0.012969	350.11	494.06	5.7299	0.73071	1.0243	456.27	0.040773	3.3848e-05	0.046399	supercritical
540.00	111.00	76.963	0.012993	350.86	495.08	5.7318	0.73101	1.0244	456.66	0.040444	3.3888e-05	0.046460	supercritical
541.00	111.00	76.816	0.013018	351.60	496.11	5.7337	0.73130	1.0246	457.04	0.040117	3.3928e-05	0.046521	supercritical
542.00	111.00	76.670	0.013043	352.35	497.13	5.7356	0.73159	1.0247	457.43	0.039791	3.3968e-05	0.046582	supercritical
543.00	111.00	76.524	0.013068	353.10	498.15	5.7375	0.73188	1.0248	457.81	0.039466	3.4009e-05	0.046643	supercritical
544.00	111.00	76.379	0.013093	353.85	499.18	5.7394	0.73217	1.0250	458.19	0.039143	3.4049e-05	0.046704	supercritical
545.00	111.00	76.235	0.013117	354.60	500.20	5.7412	0.73246	1.0251	458.57	0.038821	3.4089e-05	0.046765	supercritical
546.00	111.00	76.091	0.013142	355.35	501.23	5.7431	0.73275	1.0253	458.96	0.038501	3.4129e-05	0.046826	supercritical
547.00	111.00	75.948	0.013167	356.10	502.26	5.7450	0.73304	1.0254	459.34	0.038182	3.4169e-05	0.046887	supercritical
548.00	111.00	75.805	0.013192	356.85	503.28	5.7469	0.73333	1.0256	459.72	0.037864	3.4209e-05	0.046948	supercritical
549.00	111.00	75.663	0.013217	357.60	504.31	5.7487	0.73362	1.0257	460.10	0.037548	3.4249e-05	0.047009	supercritical
550.00	111.00	75.521	0.013241	358.35	505.33	5.7506	0.73391	1.0259	460.48	0.037234	3.4289e-05	0.047070	supercritical
551.00	111.00	75.380	0.013266	359.10	506.36	5.7525	0.73420	1.0260	460.86	0.036920	3.4329e-05	0.047131	supercritical
552.00	111.00	75.240	0.013291	359.86	507.38	5.7543	0.73449	1.0262	461.24	0.036608	3.4369e-05	0.047192	supercritical
553.00	111.00	75.100	0.013316	360.61	508.41	5.7562	0.73478	1.0263	461.62	0.036298	3.4409e-05	0.047253	supercritical
554.00	111.00	74.961	0.013340	361.36	509.44	5.7580	0.73507	1.0265	462.00	0.035989	3.4449e-05	0.047314	supercritical
555.00	111.00	74.822	0.013365	362.11	510.46	5.7599	0.73535	1.0266	462.38	0.035681	3.4489e-05	0.047375	supercritical
556.00	111.00	74.683	0.013390	362.86	511.49	5.7617	0.73564	1.0268	462.75	0.035375	3.4529e-05	0.047436	supercritical
557.00	111.00	74.546	0.013415	363.62	512.52	5.7636	0.73593	1.0269	463.13	0.035070	3.4569e-05	0.047497	supercritical
558.00	111.00	74.409	0.013439	364.37	513.54	5.7654	0.73622	1.0271	463.51	0.034766	3.4608e-05	0.047558	supercritical
559.00	111.00	74.272	0.013464	365.12	514.57	5.7673	0.73651	1.0272	463.88	0.034463	3.4648e-05	0.047618	supercritical
560.00	111.00	74.136	0.013489	365.87	515.60	5.7691	0.73680	1.0274	464.26	0.034162	3.4688e-05	0.047679	supercritical
561.00	111.00	74.000	0.013513	366.63	516.63	5.7709	0.73709	1.0275	464.64	0.033863	3.4728e-05	0.047740	supercritical
562.00	111.00	73.865	0.013538	367.38	517.65	5.7728	0.73738	1.0277	465.01	0.033564	3.4767e-05	0.047801	supercritical
563.00	111.00	73.731	0.013563	368.13	518.68	5.7746	0.73766	1.0278	465.39	0.033267	3.4807e-05	0.047862	supercritical
564.00	111.00	73.597	0.013588	368.89	519.71	5.7764	0.73795	1.0280	465.76	0.032971	3.4847e-05	0.047922	supercritical
565.00	111.00	73.463	0.013612	369.64	520.74	5.7782	0.73824	1.0282	466.13	0.032677	3.4886e-05	0.047983	supercritical
566.00	111.00	73.330	0.013637	370.40	521.77	5.7801	0.73853	1.0283	466.51	0.032383	3.4926e-05	0.048044	supercritical
567.00	111.00	73.198	0.013662	371.15	522.79	5.7819	0.73882	1.0285	466.88	0.032091	3.4965e-05	0.048105	supercritical
568.00	111.00	73.066	0.013686	371.90	523.82	5.7837	0.73910	1.0286	467.25	0.031801	3.5005e-05	0.048165	supercritical
569.00	111.00	72.934	0.013711	372.66	524.85	5.7855	0.73939	1.0288	467.62	0.031511	3.5045e-05	0.048226	supercritical
570.00	111.00	72.803	0.013736	373.41	525.88	5.7873	0.73968	1.0290	468.00	0.031223	3.5084e-05	0.048287	supercritical
571.00	111.00	72.673	0.013760	374.17	526.91	5.7891	0.73997	1.0291	468.37	0.030936	3.5123e-05	0.048347	supercritical
572.00	111.00	72.543	0.013785	374.93	527.94	5.7909	0.74025	1.0293	468.74	0.030650	3.5163e-05	0.048408	supercritical
573.00	111.00	72.414	0.013810	375.68	528.97	5.7927	0.74054	1.0295	469.11	0.030366	3.5202e-05	0.048469	supercritical
574.00	111.00	72.285	0.013834	376.44	530.00	5.7945	0.74083	1.0296	469.48	0.030082	3.5242e-05	0.048529	supercritical
575.00	111.00	72.156	0.013859	377.19	531.03	5.7963	0.74111	1.0298	469.85	0.029800	3.5281e-05	0.048590	supercritical
576.00	111.00	72.028	0.013883	377.95	532.06	5.7981	0.74140	1.0300	470.22	0.029519	3.5320e-05	0.048651	supercritical
577.00	111.00	71.900	0.013908	378.71	533.09	5.7999	0.74168	1.0301	470.59	0.029240	3.5360e-05	0.048711	supercritical
578.00	111.00	71.773	0.013933	379.46	534.12	5.8017	0.74197	1.0303	470.95	0.028961	3.5399e-05	0.048772	supercritical
579.00	111.00	71.647	0.013957	380.22	535.15	5.8034	0.74226	1.0305	471.32	0.028684	3.5438e-05	0.048832	supercritical
580.00	111.00	71.521	0.013982	380.98	536.18	5.8052	0.74254	1.0306	471.69	0.028408	3.5477e-05	0.048893	supercritical
581.00	111.00	71.395	0.014007	381.74	537.21	5.8070	0.74283	1.0308	472.06	0.028133	3.5517e-05	0.048953	supercritical
582.00	111.00	71.270	0.014031	382.49	538.24	5.8088	0.74311	1.0310	472.42	0.027859	3.5556e-05	0.049014	supercritical
583.00	111.00	71.145	0.014056	383.25	539.27	5.8105	0.74340	1.0311	472.79	0.027587	3.5595e-05	0.049074	supercritical
584.00	111.00	71.021	0.014080	384.01	540.30	5.8123	0.74368	1.0313	473.16	0.027315	3.5634e-05	0.049135	supercritical
585.00	111.00	70.897	0.014105	384.77	541.33	5.8141	0.74396	1.0315	473.52	0.027045	3.5673e-05	0.049195	supercritical
586.00	111.00	70.774	0.014130	385.53	542.36	5.8158	0.74425	1.0316	473.89	0.026776	3.5712e-05	0.049256	supercritical
587.00	111.00	70.651	0.014154	386.29	543.40	5.8176	0.74453	1.0318	474.25	0.026508	3.5751e-05	0.049316	supercritical
588.00	111.00	70.528	0.014179	387.04	544.43	5.8193	0.74482	1.0320	474.62	0.026241	3.5790e-05	0.049377	supercritical
589.00	111.00	70.406	0.014203	387.80	545.46	5.8211	0.74510	1.0321	474.98	0.025975	3.5829e-05	0.049437	supercritical
590.00	111.00	70.285	0.014228	388.56	546.49	5.8228	0.74538	1.0323	475.34	0.025710	3.5868e-05	0.049497	supercritical
591.00	111.00	70.164	0.014252	389.32	547.53	5.8246	0.74566	1.0325	475.71	0.025447	3.5907e-05	0.049558	supercritical
592.00	111.00	70.043	0.014277	390.08	548.56	5.8263	0.74595	1.0327	476.07	0.025185	3.5946e-05	0.049618	supercritical
593.00	111.00	69.923	0.014302	390.84	549.59	5.8281	0.74623	1.0328	476.43	0.024923	3.5985e-05	0.049679	supercritical
594.00	111.00	69.803	0.014326	391.60	550.62	5.8298	0.74651	1.0330	476.80	0.024663	3.6024e-05	0.049739	supercritical
595.00	111.00	69.683	0.014351	392.36	551.66	5.8316	0.74679	1.0332	477.16	0.024404	3.6063e-05	0.049799	supercritical
596.00	111.00	69.564	0.014375	393.13	552.69	5.8333	0.74708	1.0334	477.52	0.024146	3.6101e-05	0.049860	supercritical
597.00	111.00	69.446	0.014400	393.89	553.72	5.8350	0.74736	1.0335	477.88	0.023889	3.6140e-05	0.049920	supercritical
598.00	111.00	69.328	0.014424	394.65	554.76	5.8368	0.74764	1.0337	478.24	0.023633	3.6179e-05	0.049980	supercritical
599.00	111.00	69.210	0.014449	395.41	555.79	5.8385	0.74792	1.0339	478.60	0.023378	3.6218e-05	0.050040	supercritical
600.00	111.00	69.093	0.014473	396.17	556.82	5.8402	0.74820	1.0341	478.96	0.023124	3.6256e-05	0.050101	supercritical
