Temperature (K)	Pressure (bar)	Density (kg/m3)	Volume (m3/kg)	Internal Energy (kJ/kg)	Enthalpy (kJ/kg)	Entropy (J/g*K)	Cv (J/g*K)	Cp (J/g*K)	Sound Spd. (m/s)	Joule-Thomson (K/bar)	Viscosity (Pa*s)	Therm. Cond. (W/m*K)	Phase
60.000	152.00	1299.5	0.00076951	-186.44	-174.75	2.2183	1.0943	1.6437	1168.0	-0.037899	0.00065023	0.19999	liquid
61.000	152.00	1295.4	0.00077197	-184.83	-173.10	2.2455	1.0874	1.6464	1164.1	-0.037736	0.00061975	0.19871	liquid
62.000	152.00	1291.2	0.00077445	-183.22	-171.45	2.2722	1.0811	1.6486	1159.4	-0.037593	0.00059130	0.19744	liquid
63.000	152.00	1287.1	0.00077696	-181.61	-169.80	2.2986	1.0754	1.6502	1154.3	-0.037467	0.00056472	0.19616	liquid
64.000	152.00	1282.9	0.00077949	-180.00	-168.15	2.3246	1.0699	1.6514	1148.7	-0.037354	0.00053989	0.19488	liquid
65.000	152.00	1278.7	0.00078204	-178.39	-166.50	2.3502	1.0648	1.6522	1142.9	-0.037253	0.00051667	0.19361	liquid
66.000	152.00	1274.5	0.00078461	-176.77	-164.85	2.3755	1.0598	1.6526	1136.7	-0.037162	0.00049493	0.19233	liquid
67.000	152.00	1270.3	0.00078721	-175.16	-163.20	2.4003	1.0550	1.6527	1130.3	-0.037078	0.00047457	0.19106	liquid
68.000	152.00	1266.1	0.00078982	-173.55	-161.54	2.4248	1.0503	1.6525	1123.8	-0.037000	0.00045549	0.18978	liquid
69.000	152.00	1261.9	0.00079245	-171.94	-159.89	2.4489	1.0456	1.6521	1117.1	-0.036925	0.00043759	0.18851	liquid
70.000	152.00	1257.7	0.00079511	-170.32	-158.24	2.4727	1.0410	1.6516	1110.4	-0.036853	0.00042079	0.18723	liquid
71.000	152.00	1253.5	0.00079778	-168.71	-156.59	2.4961	1.0365	1.6509	1103.5	-0.036782	0.00040499	0.18596	liquid
72.000	152.00	1249.3	0.00080047	-167.10	-154.94	2.5192	1.0320	1.6501	1096.7	-0.036711	0.00039013	0.18468	liquid
73.000	152.00	1245.0	0.00080319	-165.50	-153.29	2.5420	1.0276	1.6492	1089.7	-0.036639	0.00037613	0.18341	liquid
74.000	152.00	1240.8	0.00080592	-163.89	-151.64	2.5644	1.0232	1.6484	1082.7	-0.036565	0.00036294	0.18213	liquid
75.000	152.00	1236.6	0.00080868	-162.28	-149.99	2.5865	1.0188	1.6474	1075.8	-0.036487	0.00035050	0.18086	liquid
76.000	152.00	1232.3	0.00081146	-160.68	-148.34	2.6083	1.0144	1.6465	1068.8	-0.036406	0.00033875	0.17959	liquid
77.000	152.00	1228.1	0.00081426	-159.07	-146.70	2.6298	1.0101	1.6457	1061.8	-0.036321	0.00032764	0.17831	liquid
78.000	152.00	1223.9	0.00081708	-157.47	-145.05	2.6511	1.0059	1.6448	1054.7	-0.036231	0.00031713	0.17704	liquid
79.000	152.00	1219.6	0.00081993	-155.87	-143.41	2.6720	1.0016	1.6440	1047.7	-0.036136	0.00030718	0.17577	liquid
80.000	152.00	1215.4	0.00082280	-154.27	-141.76	2.6927	0.99742	1.6432	1040.7	-0.036035	0.00029774	0.17449	liquid
81.000	152.00	1211.1	0.00082570	-152.67	-140.12	2.7131	0.99326	1.6426	1033.7	-0.035928	0.00028879	0.17322	liquid
82.000	152.00	1206.8	0.00082862	-151.07	-138.48	2.7333	0.98915	1.6420	1026.8	-0.035814	0.00028028	0.17194	liquid
83.000	152.00	1202.6	0.00083157	-149.48	-136.84	2.7532	0.98507	1.6414	1019.8	-0.035694	0.00027219	0.17067	liquid
84.000	152.00	1198.3	0.00083454	-147.88	-135.20	2.7728	0.98104	1.6410	1012.8	-0.035566	0.00026450	0.16940	liquid
85.000	152.00	1194.0	0.00083754	-146.29	-133.56	2.7922	0.97706	1.6406	1005.8	-0.035430	0.00025717	0.16812	liquid
86.000	152.00	1189.7	0.00084057	-144.69	-131.91	2.8114	0.97312	1.6404	998.90	-0.035287	0.00025018	0.16684	liquid
87.000	152.00	1185.4	0.00084363	-143.10	-130.27	2.8304	0.96922	1.6402	991.96	-0.035136	0.00024350	0.16557	liquid
88.000	152.00	1181.0	0.00084671	-141.50	-128.63	2.8491	0.96537	1.6402	985.02	-0.034977	0.00023713	0.16429	liquid
89.000	152.00	1176.7	0.00084983	-139.91	-126.99	2.8677	0.96157	1.6402	978.10	-0.034809	0.00023104	0.16302	liquid
90.000	152.00	1172.4	0.00085298	-138.32	-125.35	2.8860	0.95782	1.6404	971.19	-0.034632	0.00022521	0.16174	liquid
91.000	152.00	1168.0	0.00085616	-136.73	-123.71	2.9041	0.95411	1.6407	964.28	-0.034446	0.00021962	0.16046	liquid
92.000	152.00	1163.6	0.00085938	-135.14	-122.07	2.9220	0.95045	1.6410	957.38	-0.034252	0.00021427	0.15918	liquid
93.000	152.00	1159.2	0.00086263	-133.54	-120.43	2.9398	0.94684	1.6415	950.49	-0.034047	0.00020913	0.15790	liquid
94.000	152.00	1154.9	0.00086591	-131.95	-118.79	2.9574	0.94327	1.6421	943.60	-0.033834	0.00020419	0.15662	liquid
95.000	152.00	1150.4	0.00086923	-130.36	-117.15	2.9747	0.93976	1.6428	936.72	-0.033610	0.00019945	0.15535	liquid
96.000	152.00	1146.0	0.00087259	-128.77	-115.50	2.9919	0.93628	1.6436	929.84	-0.033377	0.00019489	0.15407	liquid
97.000	152.00	1141.6	0.00087598	-127.17	-113.86	3.0090	0.93286	1.6446	922.97	-0.033133	0.00019049	0.15279	liquid
98.000	152.00	1137.1	0.00087941	-125.58	-112.21	3.0258	0.92948	1.6456	916.10	-0.032878	0.00018626	0.15151	liquid
99.000	152.00	1132.6	0.00088289	-123.99	-110.57	3.0426	0.92614	1.6467	909.24	-0.032613	0.00018217	0.15023	liquid
100.00	152.00	1128.2	0.00088640	-122.39	-108.92	3.0591	0.92286	1.6480	902.38	-0.032337	0.00017823	0.14895	liquid
101.00	152.00	1123.7	0.00088996	-120.80	-107.27	3.0755	0.91961	1.6494	895.51	-0.032049	0.00017443	0.14767	liquid
102.00	152.00	1119.1	0.00089356	-119.20	-105.62	3.0918	0.91641	1.6509	888.65	-0.031750	0.00017075	0.14639	liquid
103.00	152.00	1114.6	0.00089720	-117.61	-103.97	3.1079	0.91325	1.6525	881.79	-0.031439	0.00016719	0.14511	liquid
104.00	152.00	1110.0	0.00090089	-116.01	-102.32	3.1239	0.91014	1.6542	874.93	-0.031116	0.00016374	0.14383	liquid
105.00	152.00	1105.4	0.00090463	-114.41	-100.66	3.1397	0.90707	1.6561	868.07	-0.030780	0.00016040	0.14255	liquid
106.00	152.00	1100.8	0.00090841	-112.81	-99.005	3.1554	0.90404	1.6581	861.21	-0.030431	0.00015717	0.14127	liquid
107.00	152.00	1096.2	0.00091225	-111.21	-97.346	3.1710	0.90105	1.6601	854.35	-0.030069	0.00015403	0.13999	liquid
108.00	152.00	1091.5	0.00091613	-109.61	-95.685	3.1864	0.89811	1.6623	847.48	-0.029694	0.00015098	0.13871	liquid
109.00	152.00	1086.9	0.00092007	-108.01	-94.021	3.2018	0.89520	1.6647	840.62	-0.029304	0.00014802	0.13743	liquid
110.00	152.00	1082.2	0.00092406	-106.40	-92.355	3.2170	0.89234	1.6671	833.75	-0.028900	0.00014514	0.13615	liquid
111.00	152.00	1077.5	0.00092811	-104.79	-90.687	3.2321	0.88951	1.6697	826.87	-0.028481	0.00014234	0.13488	liquid
112.00	152.00	1072.7	0.00093222	-103.19	-89.016	3.2471	0.88673	1.6724	820.00	-0.028047	0.00013962	0.13360	liquid
113.00	152.00	1067.9	0.00093638	-101.58	-87.342	3.2620	0.88398	1.6753	813.11	-0.027597	0.00013697	0.13233	liquid
114.00	152.00	1063.1	0.00094061	-99.963	-85.665	3.2767	0.88128	1.6782	806.23	-0.027131	0.00013438	0.13106	liquid
115.00	152.00	1058.3	0.00094490	-98.348	-83.986	3.2914	0.87861	1.6814	799.34	-0.026648	0.00013187	0.12979	liquid
116.00	152.00	1053.5	0.00094925	-96.731	-82.303	3.3060	0.87598	1.6846	792.44	-0.026148	0.00012941	0.12852	liquid
117.00	152.00	1048.6	0.00095367	-95.112	-80.616	3.3204	0.87339	1.6880	785.54	-0.025629	0.00012701	0.12726	liquid
118.00	152.00	1043.7	0.00095816	-93.491	-78.927	3.3348	0.87084	1.6915	778.63	-0.025092	0.00012468	0.12600	liquid
119.00	152.00	1038.7	0.00096272	-91.867	-77.233	3.3491	0.86832	1.6952	771.72	-0.024536	0.00012239	0.12473	liquid
120.00	152.00	1033.8	0.00096735	-90.240	-75.536	3.3633	0.86584	1.6990	764.80	-0.023961	0.00012016	0.12348	liquid
121.00	152.00	1028.7	0.00097206	-88.610	-73.835	3.3774	0.86340	1.7030	757.88	-0.023364	0.00011798	0.12222	liquid
122.00	152.00	1023.7	0.00097684	-86.978	-72.130	3.3915	0.86100	1.7072	750.94	-0.022746	0.00011584	0.12096	liquid
123.00	152.00	1018.6	0.00098170	-85.343	-70.421	3.4054	0.85864	1.7115	744.00	-0.022106	0.00011375	0.11971	liquid
124.00	152.00	1013.5	0.00098665	-83.704	-68.707	3.4193	0.85631	1.7160	737.06	-0.021443	0.00011171	0.11846	liquid
125.00	152.00	1008.4	0.00099168	-82.062	-66.989	3.4331	0.85402	1.7206	730.10	-0.020757	0.00010971	0.11722	liquid
126.00	152.00	1003.2	0.00099681	-80.417	-65.266	3.4468	0.85176	1.7254	723.14	-0.020046	0.00010775	0.11597	liquid
127.00	152.00	997.99	0.0010020	-78.768	-63.538	3.4605	0.84955	1.7304	716.17	-0.019309	0.00010583	0.11473	liquid
128.00	152.00	992.73	0.0010073	-77.116	-61.805	3.4741	0.84737	1.7356	709.19	-0.018545	0.00010395	0.11349	liquid
129.00	152.00	987.43	0.0010127	-75.460	-60.066	3.4876	0.84523	1.7410	702.21	-0.017754	0.00010211	0.11226	liquid
130.00	152.00	982.09	0.0010182	-73.800	-58.323	3.5011	0.84312	1.7466	695.21	-0.016934	0.00010030	0.11103	liquid
131.00	152.00	976.71	0.0010238	-72.136	-56.573	3.5145	0.84106	1.7524	688.21	-0.016084	9.8523e-05	0.10980	liquid
132.00	152.00	971.28	0.0010296	-70.467	-54.818	3.5278	0.83903	1.7584	681.20	-0.015203	9.6782e-05	0.10857	liquid
133.00	152.00	965.81	0.0010354	-68.794	-53.056	3.5411	0.83704	1.7646	674.18	-0.014290	9.5074e-05	0.10735	liquid
134.00	152.00	960.30	0.0010413	-67.117	-51.288	3.5544	0.83509	1.7711	667.16	-0.013343	9.3397e-05	0.10614	liquid
135.00	152.00	954.73	0.0010474	-65.435	-49.514	3.5676	0.83317	1.7778	660.13	-0.012361	9.1751e-05	0.10493	liquid
136.00	152.00	949.12	0.0010536	-63.748	-47.733	3.5807	0.83130	1.7847	653.09	-0.011342	9.0134e-05	0.10372	liquid
137.00	152.00	943.46	0.0010599	-62.055	-45.944	3.5938	0.82947	1.7919	646.04	-0.010285	8.8546e-05	0.10252	liquid
138.00	152.00	937.74	0.0010664	-60.358	-44.149	3.6069	0.82767	1.7993	638.98	-0.0091883	8.6985e-05	0.10132	liquid
139.00	152.00	931.97	0.0010730	-58.655	-42.346	3.6199	0.82592	1.8071	631.92	-0.0080501	8.5452e-05	0.10013	liquid
140.00	152.00	926.15	0.0010797	-56.947	-40.535	3.6329	0.82420	1.8151	624.86	-0.0068687	8.3946e-05	0.098944	liquid
141.00	152.00	920.27	0.0010866	-55.232	-38.716	3.6458	0.82253	1.8233	617.78	-0.0056421	8.2465e-05	0.097763	liquid
142.00	152.00	914.33	0.0010937	-53.512	-36.888	3.6587	0.82090	1.8319	610.70	-0.0043684	8.1009e-05	0.096588	liquid
143.00	152.00	908.33	0.0011009	-51.786	-35.052	3.6716	0.81931	1.8408	603.62	-0.0030455	7.9578e-05	0.095419	liquid
144.00	152.00	902.27	0.0011083	-50.053	-33.206	3.6845	0.81776	1.8500	596.54	-0.0016713	7.8171e-05	0.094256	liquid
145.00	152.00	896.15	0.0011159	-48.313	-31.351	3.6973	0.81625	1.8595	589.45	-0.00024352	7.6788e-05	0.093100	liquid
146.00	152.00	889.96	0.0011236	-46.566	-29.487	3.7101	0.81479	1.8694	582.35	0.0012402	7.5427e-05	0.091951	liquid
147.00	152.00	883.71	0.0011316	-44.813	-27.612	3.7229	0.81337	1.8797	575.26	0.0027824	7.4089e-05	0.090808	liquid
148.00	152.00	877.38	0.0011398	-43.052	-25.728	3.7357	0.81200	1.8902	568.17	0.0043856	7.2772e-05	0.089672	liquid
149.00	152.00	870.99	0.0011481	-41.283	-23.832	3.7485	0.81067	1.9012	561.08	0.0060525	7.1478e-05	0.088544	liquid
150.00	152.00	864.52	0.0011567	-39.507	-21.925	3.7612	0.80938	1.9126	554.00	0.0077858	7.0204e-05	0.087424	liquid
151.00	152.00	857.98	0.0011655	-37.723	-20.007	3.7740	0.80814	1.9243	546.92	0.0095886	6.8951e-05	0.086311	liquid
152.00	152.00	851.36	0.0011746	-35.930	-18.076	3.7867	0.80695	1.9365	539.84	0.011464	6.7719e-05	0.085206	liquid
153.00	152.00	844.66	0.0011839	-34.129	-16.134	3.7995	0.80580	1.9490	532.78	0.013414	6.6506e-05	0.084109	liquid
154.00	152.00	837.88	0.0011935	-32.319	-14.178	3.8122	0.80470	1.9620	525.73	0.015444	6.5313e-05	0.083021	liquid
155.00	152.00	831.01	0.0012034	-30.500	-12.209	3.8249	0.80365	1.9754	518.69	0.017555	6.4139e-05	0.081942	supercritical
156.00	152.00	824.06	0.0012135	-28.672	-10.227	3.8377	0.80264	1.9893	511.67	0.019751	6.2985e-05	0.080871	supercritical
157.00	152.00	817.03	0.0012240	-26.835	-8.2307	3.8504	0.80168	2.0036	504.68	0.022037	6.1849e-05	0.079810	supercritical
158.00	152.00	809.90	0.0012347	-24.988	-6.2198	3.8632	0.80076	2.0183	497.70	0.024414	6.0731e-05	0.078758	supercritical
159.00	152.00	802.68	0.0012458	-23.130	-4.1940	3.8760	0.79989	2.0335	490.76	0.026888	5.9632e-05	0.077715	supercritical
160.00	152.00	795.37	0.0012573	-21.263	-2.1527	3.8888	0.79907	2.0491	483.85	0.029460	5.8551e-05	0.076683	supercritical
161.00	152.00	787.97	0.0012691	-19.386	-0.095569	3.9016	0.79829	2.0652	476.98	0.032135	5.7487e-05	0.075660	supercritical
162.00	152.00	780.46	0.0012813	-17.498	1.9778	3.9144	0.79755	2.0817	470.15	0.034917	5.6441e-05	0.074647	supercritical
163.00	152.00	772.86	0.0012939	-15.599	4.0679	3.9273	0.79686	2.0986	463.37	0.037808	5.5413e-05	0.073645	supercritical
164.00	152.00	765.16	0.0013069	-13.690	6.1751	3.9402	0.79620	2.1158	456.65	0.040811	5.4401e-05	0.072653	supercritical
165.00	152.00	757.37	0.0013204	-11.770	8.2997	3.9531	0.79558	2.1334	449.98	0.043930	5.3407e-05	0.071672	supercritical
166.00	152.00	749.47	0.0013343	-9.8390	10.442	3.9660	0.79500	2.1514	443.39	0.047166	5.2430e-05	0.070702	supercritical
167.00	152.00	741.47	0.0013487	-7.8973	12.602	3.9790	0.79444	2.1696	436.86	0.050523	5.1470e-05	0.069743	supercritical
168.00	152.00	733.37	0.0013636	-5.9450	14.781	3.9920	0.79392	2.1880	430.42	0.054000	5.0526e-05	0.068794	supercritical
169.00	152.00	725.17	0.0013790	-3.9820	16.978	4.0051	0.79342	2.2065	424.08	0.057601	4.9599e-05	0.067857	supercritical
170.00	152.00	716.88	0.0013949	-2.0088	19.194	4.0181	0.79294	2.2250	417.83	0.061323	4.8689e-05	0.066932	supercritical
171.00	152.00	708.49	0.0014114	-0.025569	21.428	4.0312	0.79248	2.2435	411.68	0.065167	4.7796e-05	0.066017	supercritical
172.00	152.00	700.01	0.0014285	1.9672	23.681	4.0444	0.79204	2.2618	405.66	0.069130	4.6920e-05	0.065114	supercritical
173.00	152.00	691.45	0.0014462	3.9690	25.952	4.0575	0.79160	2.2798	399.76	0.073209	4.6060e-05	0.064223	supercritical
174.00	152.00	682.80	0.0014646	5.9791	28.241	4.0707	0.79116	2.2973	393.99	0.077401	4.5218e-05	0.063344	supercritical
175.00	152.00	674.07	0.0014835	7.9968	30.546	4.0840	0.79073	2.3142	388.37	0.081699	4.4393e-05	0.062476	supercritical
176.00	152.00	665.28	0.0015031	10.021	32.869	4.0972	0.79029	2.3303	382.91	0.086097	4.3585e-05	0.061620	supercritical
177.00	152.00	656.42	0.0015234	12.051	35.207	4.1104	0.78984	2.3455	377.61	0.090586	4.2795e-05	0.060776	supercritical
178.00	152.00	647.52	0.0015444	14.085	37.559	4.1237	0.78938	2.3595	372.48	0.095158	4.2022e-05	0.059944	supercritical
179.00	152.00	638.57	0.0015660	16.122	39.925	4.1369	0.78889	2.3723	367.53	0.099802	4.1268e-05	0.059124	supercritical
180.00	152.00	629.60	0.0015883	18.161	42.303	4.1502	0.78838	2.3835	362.77	0.10451	4.0532e-05	0.058316	supercritical
181.00	152.00	620.61	0.0016113	20.200	44.692	4.1634	0.78784	2.3932	358.21	0.10926	3.9815e-05	0.057521	supercritical
182.00	152.00	611.62	0.0016350	22.237	47.089	4.1766	0.78726	2.4011	353.84	0.11405	3.9117e-05	0.056739	supercritical
183.00	152.00	602.64	0.0016594	24.271	49.493	4.1898	0.78665	2.4072	349.68	0.11886	3.8437e-05	0.055969	supercritical
184.00	152.00	593.68	0.0016844	26.300	51.903	4.2029	0.78598	2.4113	345.72	0.12368	3.7777e-05	0.055213	supercritical
185.00	152.00	584.76	0.0017101	28.322	54.315	4.2160	0.78527	2.4134	341.98	0.12850	3.7137e-05	0.054470	supercritical
186.00	152.00	575.90	0.0017364	30.335	56.729	4.2290	0.78449	2.4133	338.44	0.13329	3.6516e-05	0.053740	supercritical
187.00	152.00	567.10	0.0017633	32.339	59.141	4.2420	0.78366	2.4112	335.10	0.13805	3.5915e-05	0.053025	supercritical
188.00	152.00	558.39	0.0017909	34.329	61.551	4.2548	0.78277	2.4069	331.98	0.14276	3.5334e-05	0.052324	supercritical
189.00	152.00	549.77	0.0018189	36.307	63.954	4.2676	0.78181	2.4005	329.05	0.14741	3.4774e-05	0.051638	supercritical
190.00	152.00	541.26	0.0018475	38.268	66.351	4.2802	0.78079	2.3920	326.33	0.15198	3.4233e-05	0.050967	supercritical
191.00	152.00	532.87	0.0018766	40.213	68.738	4.2927	0.77970	2.3815	323.80	0.15646	3.3712e-05	0.050311	supercritical
192.00	152.00	524.60	0.0019062	42.139	71.113	4.3051	0.77854	2.3690	321.45	0.16082	3.3211e-05	0.049670	supercritical
193.00	152.00	516.48	0.0019362	44.045	73.475	4.3174	0.77732	2.3546	319.30	0.16507	3.2729e-05	0.049046	supercritical
194.00	152.00	508.51	0.0019665	45.931	75.822	4.3295	0.77604	2.3386	317.31	0.16919	3.2267e-05	0.048438	supercritical
195.00	152.00	500.69	0.0019972	47.794	78.152	4.3415	0.77470	2.3209	315.50	0.17317	3.1825e-05	0.047847	supercritical
196.00	152.00	493.04	0.0020282	49.634	80.463	4.3533	0.77331	2.3018	313.85	0.17700	3.1401e-05	0.047272	supercritical
197.00	152.00	485.56	0.0020595	51.451	82.755	4.3650	0.77187	2.2814	312.35	0.18068	3.0996e-05	0.046714	supercritical
198.00	152.00	478.25	0.0020910	53.243	85.026	4.3765	0.77038	2.2598	311.01	0.18419	3.0609e-05	0.046174	supercritical
199.00	152.00	471.11	0.0021226	55.010	87.274	4.3878	0.76886	2.2374	309.80	0.18753	3.0240e-05	0.045650	supercritical
200.00	152.00	464.15	0.0021545	56.752	89.500	4.3990	0.76731	2.2142	308.72	0.19071	2.9888e-05	0.045144	supercritical
201.00	152.00	457.37	0.0021864	58.469	91.702	4.4100	0.76573	2.1904	307.77	0.19371	2.9553e-05	0.044655	supercritical
202.00	152.00	450.77	0.0022184	60.161	93.881	4.4208	0.76413	2.1661	306.94	0.19655	2.9234e-05	0.044183	supercritical
203.00	152.00	444.34	0.0022505	61.827	96.035	4.4314	0.76251	2.1416	306.21	0.19922	2.8930e-05	0.043727	supercritical
204.00	152.00	438.09	0.0022826	63.468	98.164	4.4419	0.76089	2.1169	305.59	0.20172	2.8642e-05	0.043289	supercritical
205.00	152.00	432.01	0.0023147	65.084	100.27	4.4522	0.75925	2.0921	305.06	0.20406	2.8368e-05	0.042866	supercritical
206.00	152.00	426.10	0.0023468	66.676	102.35	4.4623	0.75762	2.0674	304.62	0.20624	2.8108e-05	0.042460	supercritical
207.00	152.00	420.36	0.0023789	68.244	104.40	4.4722	0.75599	2.0428	304.27	0.20826	2.7862e-05	0.042070	supercritical
208.00	152.00	414.78	0.0024109	69.788	106.43	4.4820	0.75437	2.0185	303.99	0.21013	2.7628e-05	0.041695	supercritical
209.00	152.00	409.35	0.0024429	71.309	108.44	4.4917	0.75275	1.9945	303.78	0.21186	2.7407e-05	0.041335	supercritical
210.00	152.00	404.08	0.0024747	72.807	110.42	4.5011	0.75115	1.9708	303.64	0.21344	2.7197e-05	0.040989	supercritical
211.00	152.00	398.96	0.0025065	74.283	112.38	4.5104	0.74957	1.9475	303.56	0.21489	2.6998e-05	0.040658	supercritical
212.00	152.00	393.99	0.0025382	75.738	114.32	4.5196	0.74800	1.9247	303.53	0.21621	2.6810e-05	0.040340	supercritical
213.00	152.00	389.15	0.0025697	77.172	116.23	4.5286	0.74646	1.9023	303.56	0.21740	2.6632e-05	0.040036	supercritical
214.00	152.00	384.45	0.0026011	78.586	118.12	4.5374	0.74493	1.8805	303.64	0.21848	2.6464e-05	0.039744	supercritical
215.00	152.00	379.88	0.0026324	79.980	119.99	4.5462	0.74343	1.8591	303.76	0.21944	2.6305e-05	0.039465	supercritical
216.00	152.00	375.44	0.0026636	81.355	121.84	4.5547	0.74196	1.8383	303.92	0.22029	2.6154e-05	0.039197	supercritical
217.00	152.00	371.12	0.0026946	82.712	123.67	4.5632	0.74050	1.8180	304.12	0.22104	2.6012e-05	0.038941	supercritical
218.00	152.00	366.92	0.0027254	84.051	125.48	4.5715	0.73908	1.7983	304.36	0.22168	2.5878e-05	0.038697	supercritical
219.00	152.00	362.83	0.0027561	85.373	127.27	4.5797	0.73768	1.7790	304.63	0.22224	2.5751e-05	0.038463	supercritical
220.00	152.00	358.85	0.0027867	86.678	129.04	4.5877	0.73631	1.7603	304.92	0.22270	2.5632e-05	0.038239	supercritical
221.00	152.00	354.97	0.0028171	87.967	130.79	4.5957	0.73497	1.7422	305.25	0.22308	2.5519e-05	0.038025	supercritical
222.00	152.00	351.20	0.0028474	89.240	132.52	4.6035	0.73366	1.7245	305.61	0.22338	2.5413e-05	0.037820	supercritical
223.00	152.00	347.53	0.0028775	90.499	134.24	4.6112	0.73237	1.7074	305.98	0.22360	2.5313e-05	0.037624	supercritical
224.00	152.00	343.95	0.0029074	91.742	135.94	4.6188	0.73112	1.6907	306.38	0.22375	2.5219e-05	0.037438	supercritical
225.00	152.00	340.46	0.0029372	92.972	137.62	4.6263	0.72989	1.6746	306.80	0.22384	2.5130e-05	0.037259	supercritical
226.00	152.00	337.06	0.0029668	94.188	139.28	4.6337	0.72869	1.6589	307.24	0.22385	2.5047e-05	0.037089	supercritical
227.00	152.00	333.74	0.0029963	95.392	140.94	4.6410	0.72752	1.6437	307.69	0.22381	2.4969e-05	0.036926	supercritical
228.00	152.00	330.51	0.0030256	96.582	142.57	4.6482	0.72637	1.6289	308.17	0.22370	2.4895e-05	0.036771	supercritical
229.00	152.00	327.35	0.0030548	97.760	144.19	4.6553	0.72525	1.6146	308.65	0.22354	2.4826e-05	0.036623	supercritical
230.00	152.00	324.27	0.0030838	98.927	145.80	4.6623	0.72416	1.6006	309.15	0.22333	2.4762e-05	0.036482	supercritical
231.00	152.00	321.26	0.0031127	100.08	147.39	4.6692	0.72310	1.5872	309.67	0.22307	2.4702e-05	0.036347	supercritical
232.00	152.00	318.32	0.0031415	101.23	148.98	4.6760	0.72206	1.5741	310.19	0.22277	2.4645e-05	0.036218	supercritical
233.00	152.00	315.45	0.0031700	102.36	150.54	4.6828	0.72105	1.5614	310.73	0.22242	2.4593e-05	0.036096	supercritical
234.00	152.00	312.65	0.0031985	103.48	152.10	4.6894	0.72006	1.5490	311.27	0.22203	2.4544e-05	0.035979	supercritical
235.00	152.00	309.91	0.0032268	104.59	153.64	4.6960	0.71910	1.5370	311.83	0.22160	2.4498e-05	0.035869	supercritical
236.00	152.00	307.23	0.0032549	105.70	155.17	4.7025	0.71816	1.5254	312.39	0.22113	2.4456e-05	0.035763	supercritical
237.00	152.00	304.60	0.0032829	106.79	156.69	4.7089	0.71725	1.5141	312.96	0.22063	2.4417e-05	0.035662	supercritical
238.00	152.00	302.04	0.0033108	107.88	158.20	4.7153	0.71636	1.5032	313.54	0.22010	2.4381e-05	0.035567	supercritical
239.00	152.00	299.53	0.0033386	108.95	159.70	4.7216	0.71549	1.4925	314.12	0.21953	2.4348e-05	0.035476	supercritical
240.00	152.00	297.07	0.0033662	110.02	161.19	4.7278	0.71464	1.4822	314.71	0.21894	2.4318e-05	0.035390	supercritical
241.00	152.00	294.67	0.0033937	111.08	162.66	4.7339	0.71382	1.4721	315.31	0.21832	2.4290e-05	0.035308	supercritical
242.00	152.00	292.31	0.0034210	112.13	164.13	4.7400	0.71302	1.4624	315.91	0.21767	2.4265e-05	0.035231	supercritical
243.00	152.00	290.00	0.0034482	113.17	165.59	4.7460	0.71223	1.4529	316.52	0.21701	2.4242e-05	0.035157	supercritical
244.00	152.00	287.74	0.0034753	114.21	167.04	4.7520	0.71147	1.4437	317.13	0.21631	2.4222e-05	0.035088	supercritical
245.00	152.00	285.52	0.0035023	115.24	168.48	4.7578	0.71073	1.4347	317.74	0.21560	2.4203e-05	0.035022	supercritical
246.00	152.00	283.35	0.0035292	116.26	169.91	4.7637	0.71001	1.4260	318.36	0.21487	2.4187e-05	0.034960	supercritical
247.00	152.00	281.22	0.0035559	117.28	171.33	4.7694	0.70931	1.4175	318.98	0.21412	2.4173e-05	0.034902	supercritical
248.00	152.00	279.13	0.0035826	118.29	172.74	4.7752	0.70862	1.4092	319.61	0.21335	2.4161e-05	0.034846	supercritical
249.00	152.00	277.08	0.0036091	119.29	174.15	4.7808	0.70796	1.4012	320.23	0.21257	2.4151e-05	0.034795	supercritical
250.00	152.00	275.07	0.0036355	120.28	175.54	4.7864	0.70731	1.3934	320.86	0.21177	2.4142e-05	0.034746	supercritical
251.00	152.00	273.09	0.0036618	121.27	176.93	4.7920	0.70668	1.3858	321.49	0.21096	2.4135e-05	0.034700	supercritical
252.00	152.00	271.15	0.0036879	122.26	178.32	4.7975	0.70606	1.3784	322.12	0.21013	2.4130e-05	0.034657	supercritical
253.00	152.00	269.25	0.0037140	123.24	179.69	4.8029	0.70546	1.3712	322.76	0.20929	2.4127e-05	0.034617	supercritical
254.00	152.00	267.38	0.0037400	124.21	181.06	4.8083	0.70488	1.3641	323.39	0.20844	2.4125e-05	0.034580	supercritical
255.00	152.00	265.54	0.0037659	125.18	182.42	4.8136	0.70432	1.3573	324.03	0.20758	2.4124e-05	0.034545	supercritical
256.00	152.00	263.74	0.0037916	126.14	183.77	4.8189	0.70376	1.3506	324.67	0.20671	2.4125e-05	0.034513	supercritical
257.00	152.00	261.97	0.0038173	127.10	185.12	4.8242	0.70323	1.3441	325.30	0.20584	2.4127e-05	0.034483	supercritical
258.00	152.00	260.22	0.0038429	128.05	186.46	4.8294	0.70271	1.3378	325.94	0.20495	2.4131e-05	0.034456	supercritical
259.00	152.00	258.51	0.0038683	129.00	187.79	4.8346	0.70220	1.3316	326.58	0.20406	2.4136e-05	0.034431	supercritical
260.00	152.00	256.82	0.0038937	129.94	189.12	4.8397	0.70171	1.3255	327.22	0.20316	2.4142e-05	0.034408	supercritical
261.00	152.00	255.17	0.0039190	130.88	190.45	4.8448	0.70123	1.3197	327.86	0.20225	2.4149e-05	0.034387	supercritical
262.00	152.00	253.54	0.0039442	131.81	191.76	4.8498	0.70076	1.3139	328.51	0.20134	2.4157e-05	0.034369	supercritical
263.00	152.00	251.93	0.0039693	132.74	193.07	4.8548	0.70030	1.3083	329.15	0.20042	2.4166e-05	0.034352	supercritical
264.00	152.00	250.36	0.0039943	133.67	194.38	4.8597	0.69986	1.3029	329.79	0.19949	2.4177e-05	0.034337	supercritical
265.00	152.00	248.80	0.0040193	134.59	195.68	4.8647	0.69943	1.2975	330.43	0.19857	2.4188e-05	0.034324	supercritical
266.00	152.00	247.27	0.0040441	135.50	196.97	4.8695	0.69902	1.2923	331.07	0.19764	2.4201e-05	0.034313	supercritical
267.00	152.00	245.77	0.0040689	136.42	198.26	4.8744	0.69861	1.2872	331.71	0.19670	2.4214e-05	0.034304	supercritical
268.00	152.00	244.29	0.0040935	137.33	199.55	4.8792	0.69822	1.2823	332.35	0.19576	2.4228e-05	0.034296	supercritical
269.00	152.00	242.83	0.0041181	138.23	200.83	4.8839	0.69784	1.2774	332.99	0.19482	2.4243e-05	0.034290	supercritical
270.00	152.00	241.39	0.0041427	139.14	202.10	4.8887	0.69746	1.2727	333.62	0.19388	2.4259e-05	0.034286	supercritical
271.00	152.00	239.97	0.0041671	140.03	203.37	4.8934	0.69710	1.2680	334.26	0.19294	2.4276e-05	0.034283	supercritical
272.00	152.00	238.58	0.0041915	140.93	204.64	4.8980	0.69675	1.2635	334.90	0.19199	2.4293e-05	0.034282	supercritical
273.00	152.00	237.20	0.0042158	141.82	205.90	4.9027	0.69641	1.2591	335.54	0.19105	2.4312e-05	0.034282	supercritical
274.00	152.00	235.85	0.0042400	142.71	207.16	4.9073	0.69608	1.2547	336.17	0.19010	2.4331e-05	0.034283	supercritical
275.00	152.00	234.51	0.0042641	143.60	208.41	4.9118	0.69576	1.2505	336.81	0.18915	2.4350e-05	0.034286	supercritical
276.00	152.00	233.20	0.0042882	144.48	209.66	4.9164	0.69545	1.2464	337.44	0.18820	2.4371e-05	0.034290	supercritical
277.00	152.00	231.90	0.0043122	145.36	210.90	4.9209	0.69515	1.2423	338.07	0.18725	2.4392e-05	0.034296	supercritical
278.00	152.00	230.62	0.0043361	146.23	212.14	4.9253	0.69486	1.2384	338.71	0.18630	2.4413e-05	0.034302	supercritical
279.00	152.00	229.36	0.0043600	147.11	213.38	4.9298	0.69458	1.2345	339.34	0.18536	2.4436e-05	0.034310	supercritical
280.00	152.00	228.11	0.0043838	147.98	214.61	4.9342	0.69430	1.2307	339.97	0.18441	2.4459e-05	0.034319	supercritical
281.00	152.00	226.89	0.0044075	148.85	215.84	4.9386	0.69404	1.2270	340.59	0.18346	2.4482e-05	0.034329	supercritical
282.00	152.00	225.67	0.0044312	149.71	217.07	4.9429	0.69378	1.2234	341.22	0.18251	2.4506e-05	0.034340	supercritical
283.00	152.00	224.48	0.0044548	150.58	218.29	4.9472	0.69353	1.2198	341.85	0.18157	2.4531e-05	0.034352	supercritical
284.00	152.00	223.30	0.0044783	151.44	219.51	4.9515	0.69329	1.2163	342.47	0.18062	2.4556e-05	0.034366	supercritical
285.00	152.00	222.13	0.0045018	152.29	220.72	4.9558	0.69306	1.2129	343.10	0.17968	2.4581e-05	0.034380	supercritical
286.00	152.00	220.98	0.0045252	153.15	221.93	4.9600	0.69284	1.2096	343.72	0.17874	2.4607e-05	0.034395	supercritical
287.00	152.00	219.85	0.0045486	154.00	223.14	4.9643	0.69262	1.2063	344.34	0.17780	2.4634e-05	0.034411	supercritical
288.00	152.00	218.73	0.0045718	154.85	224.35	4.9684	0.69241	1.2031	344.96	0.17686	2.4661e-05	0.034428	supercritical
289.00	152.00	217.62	0.0045951	155.70	225.55	4.9726	0.69221	1.1999	345.58	0.17593	2.4688e-05	0.034446	supercritical
290.00	152.00	216.53	0.0046183	156.55	226.75	4.9767	0.69202	1.1969	346.20	0.17499	2.4716e-05	0.034465	supercritical
291.00	152.00	215.45	0.0046414	157.39	227.94	4.9809	0.69183	1.1939	346.82	0.17406	2.4744e-05	0.034484	supercritical
292.00	152.00	214.39	0.0046644	158.23	229.13	4.9850	0.69165	1.1909	347.43	0.17313	2.4773e-05	0.034505	supercritical
293.00	152.00	213.34	0.0046874	159.07	230.32	4.9890	0.69148	1.1880	348.05	0.17221	2.4802e-05	0.034526	supercritical
294.00	152.00	212.30	0.0047104	159.91	231.51	4.9931	0.69131	1.1852	348.66	0.17128	2.4832e-05	0.034547	supercritical
295.00	152.00	211.27	0.0047333	160.75	232.69	4.9971	0.69115	1.1824	349.27	0.17036	2.4862e-05	0.034570	supercritical
296.00	152.00	210.25	0.0047561	161.58	233.87	5.0011	0.69100	1.1797	349.88	0.16944	2.4892e-05	0.034593	supercritical
297.00	152.00	209.25	0.0047789	162.41	235.05	5.0051	0.69085	1.1770	350.49	0.16853	2.4922e-05	0.034617	supercritical
298.00	152.00	208.26	0.0048017	163.24	236.23	5.0090	0.69071	1.1744	351.09	0.16762	2.4953e-05	0.034641	supercritical
299.00	152.00	207.28	0.0048244	164.07	237.40	5.0129	0.69057	1.1718	351.70	0.16670	2.4984e-05	0.034666	supercritical
300.00	152.00	206.31	0.0048470	164.90	238.57	5.0168	0.69044	1.1693	352.30	0.16580	2.5016e-05	0.034691	supercritical
301.00	152.00	205.36	0.0048696	165.72	239.74	5.0207	0.69032	1.1668	352.91	0.16489	2.5048e-05	0.034717	supercritical
302.00	152.00	204.41	0.0048922	166.54	240.90	5.0246	0.69021	1.1643	353.51	0.16399	2.5080e-05	0.034743	supercritical
303.00	152.00	203.47	0.0049147	167.37	242.07	5.0284	0.69009	1.1620	354.11	0.16309	2.5112e-05	0.034769	supercritical
304.00	152.00	202.55	0.0049371	168.18	243.23	5.0323	0.68999	1.1596	354.70	0.16220	2.5145e-05	0.034796	supercritical
305.00	152.00	201.63	0.0049595	169.00	244.39	5.0361	0.68989	1.1573	355.30	0.16131	2.5178e-05	0.034823	supercritical
306.00	152.00	200.73	0.0049819	169.82	245.54	5.0399	0.68979	1.1551	355.90	0.16042	2.5211e-05	0.034849	supercritical
307.00	152.00	199.83	0.0050042	170.63	246.70	5.0436	0.68971	1.1529	356.49	0.15953	2.5244e-05	0.034875	supercritical
308.00	152.00	198.95	0.0050265	171.45	247.85	5.0474	0.68962	1.1507	357.08	0.15865	2.5278e-05	0.034899	supercritical
309.00	152.00	198.07	0.0050487	172.26	249.00	5.0511	0.68954	1.1486	357.67	0.15778	2.5312e-05	0.034915	supercritical
310.00	152.00	197.21	0.0050709	173.07	250.15	5.0548	0.68947	1.1465	358.26	0.15690	2.5346e-05	0.034940	supercritical
311.00	152.00	196.35	0.0050930	173.88	251.29	5.0585	0.68940	1.1444	358.85	0.15603	2.5380e-05	0.034978	supercritical
312.00	152.00	195.50	0.0051151	174.69	252.44	5.0622	0.68934	1.1424	359.44	0.15516	2.5415e-05	0.035016	supercritical
313.00	152.00	194.66	0.0051372	175.49	253.58	5.0658	0.68928	1.1404	360.02	0.15430	2.5450e-05	0.035055	supercritical
314.00	152.00	193.83	0.0051592	176.30	254.72	5.0694	0.68923	1.1385	360.61	0.15344	2.5485e-05	0.035094	supercritical
315.00	152.00	193.01	0.0051811	177.10	255.85	5.0731	0.68918	1.1366	361.19	0.15258	2.5520e-05	0.035133	supercritical
316.00	152.00	192.19	0.0052031	177.90	256.99	5.0767	0.68914	1.1347	361.77	0.15173	2.5555e-05	0.035173	supercritical
317.00	152.00	191.39	0.0052250	178.70	258.12	5.0802	0.68910	1.1328	362.35	0.15088	2.5591e-05	0.035213	supercritical
318.00	152.00	190.59	0.0052468	179.50	259.25	5.0838	0.68906	1.1310	362.93	0.15003	2.5627e-05	0.035254	supercritical
319.00	152.00	189.80	0.0052686	180.30	260.38	5.0874	0.68903	1.1292	363.50	0.14919	2.5663e-05	0.035295	supercritical
320.00	152.00	189.02	0.0052904	181.10	261.51	5.0909	0.68900	1.1275	364.08	0.14835	2.5699e-05	0.035337	supercritical
321.00	152.00	188.25	0.0053122	181.89	262.64	5.0944	0.68898	1.1258	364.65	0.14751	2.5735e-05	0.035378	supercritical
322.00	152.00	187.48	0.0053339	182.69	263.76	5.0979	0.68897	1.1241	365.22	0.14668	2.5772e-05	0.035421	supercritical
323.00	152.00	186.72	0.0053555	183.48	264.89	5.1014	0.68895	1.1224	365.79	0.14585	2.5808e-05	0.035463	supercritical
324.00	152.00	185.97	0.0053772	184.28	266.01	5.1049	0.68894	1.1208	366.36	0.14503	2.5845e-05	0.035506	supercritical
325.00	152.00	185.23	0.0053988	185.07	267.13	5.1083	0.68894	1.1192	366.93	0.14421	2.5882e-05	0.035549	supercritical
326.00	152.00	184.49	0.0054203	185.86	268.25	5.1117	0.68894	1.1176	367.50	0.14339	2.5919e-05	0.035592	supercritical
327.00	152.00	183.76	0.0054418	186.65	269.36	5.1152	0.68894	1.1161	368.06	0.14258	2.5956e-05	0.035636	supercritical
328.00	152.00	183.04	0.0054633	187.44	270.48	5.1186	0.68895	1.1146	368.63	0.14177	2.5994e-05	0.035680	supercritical
329.00	152.00	182.32	0.0054848	188.23	271.59	5.1220	0.68896	1.1131	369.19	0.14096	2.6031e-05	0.035724	supercritical
330.00	152.00	181.61	0.0055062	189.01	272.71	5.1253	0.68898	1.1116	369.75	0.14016	2.6069e-05	0.035769	supercritical
331.00	152.00	180.91	0.0055276	189.80	273.82	5.1287	0.68899	1.1102	370.31	0.13936	2.6107e-05	0.035814	supercritical
332.00	152.00	180.21	0.0055490	190.58	274.93	5.1320	0.68902	1.1088	370.87	0.13857	2.6144e-05	0.035859	supercritical
333.00	152.00	179.52	0.0055703	191.37	276.03	5.1354	0.68904	1.1074	371.42	0.13777	2.6182e-05	0.035905	supercritical
334.00	152.00	178.84	0.0055916	192.15	277.14	5.1387	0.68907	1.1060	371.98	0.13699	2.6220e-05	0.035951	supercritical
335.00	152.00	178.16	0.0056128	192.93	278.25	5.1420	0.68911	1.1047	372.53	0.13620	2.6259e-05	0.035997	supercritical
336.00	152.00	177.49	0.0056341	193.71	279.35	5.1453	0.68914	1.1033	373.09	0.13542	2.6297e-05	0.036043	supercritical
337.00	152.00	176.83	0.0056553	194.49	280.45	5.1486	0.68918	1.1020	373.64	0.13465	2.6335e-05	0.036089	supercritical
338.00	152.00	176.17	0.0056764	195.27	281.55	5.1518	0.68923	1.1008	374.19	0.13387	2.6374e-05	0.036136	supercritical
339.00	152.00	175.51	0.0056976	196.05	282.66	5.1551	0.68928	1.0995	374.73	0.13310	2.6412e-05	0.036183	supercritical
340.00	152.00	174.87	0.0057187	196.83	283.75	5.1583	0.68933	1.0983	375.28	0.13234	2.6451e-05	0.036230	supercritical
341.00	152.00	174.22	0.0057398	197.61	284.85	5.1615	0.68938	1.0970	375.83	0.13158	2.6490e-05	0.036278	supercritical
342.00	152.00	173.59	0.0057608	198.38	285.95	5.1647	0.68944	1.0959	376.37	0.13082	2.6529e-05	0.036326	supercritical
343.00	152.00	172.96	0.0057818	199.16	287.04	5.1679	0.68950	1.0947	376.91	0.13006	2.6568e-05	0.036374	supercritical
344.00	152.00	172.33	0.0058028	199.93	288.14	5.1711	0.68956	1.0935	377.46	0.12931	2.6607e-05	0.036422	supercritical
345.00	152.00	171.71	0.0058238	200.71	289.23	5.1743	0.68963	1.0924	378.00	0.12856	2.6646e-05	0.036470	supercritical
346.00	152.00	171.09	0.0058447	201.48	290.32	5.1775	0.68970	1.0913	378.54	0.12782	2.6685e-05	0.036519	supercritical
347.00	152.00	170.48	0.0058656	202.26	291.41	5.1806	0.68977	1.0902	379.07	0.12708	2.6725e-05	0.036568	supercritical
348.00	152.00	169.88	0.0058865	203.03	292.50	5.1837	0.68985	1.0891	379.61	0.12634	2.6764e-05	0.036617	supercritical
349.00	152.00	169.28	0.0059074	203.80	293.59	5.1869	0.68993	1.0880	380.15	0.12561	2.6803e-05	0.036666	supercritical
350.00	152.00	168.68	0.0059282	204.57	294.68	5.1900	0.69001	1.0870	380.68	0.12488	2.6843e-05	0.036715	supercritical
351.00	152.00	168.09	0.0059490	205.34	295.77	5.1931	0.69009	1.0860	381.21	0.12415	2.6882e-05	0.036765	supercritical
352.00	152.00	167.51	0.0059698	206.11	296.85	5.1962	0.69018	1.0850	381.74	0.12343	2.6922e-05	0.036814	supercritical
353.00	152.00	166.93	0.0059905	206.88	297.93	5.1992	0.69027	1.0840	382.27	0.12271	2.6962e-05	0.036864	supercritical
354.00	152.00	166.35	0.0060113	207.65	299.02	5.2023	0.69037	1.0830	382.80	0.12200	2.7002e-05	0.036914	supercritical
355.00	152.00	165.78	0.0060320	208.41	300.10	5.2054	0.69046	1.0820	383.33	0.12128	2.7041e-05	0.036965	supercritical
356.00	152.00	165.22	0.0060526	209.18	301.18	5.2084	0.69056	1.0811	383.86	0.12058	2.7081e-05	0.037015	supercritical
357.00	152.00	164.66	0.0060733	209.95	302.26	5.2114	0.69066	1.0802	384.38	0.11987	2.7121e-05	0.037066	supercritical
358.00	152.00	164.10	0.0060939	210.72	303.34	5.2145	0.69077	1.0792	384.90	0.11917	2.7161e-05	0.037117	supercritical
359.00	152.00	163.54	0.0061145	211.48	304.42	5.2175	0.69088	1.0783	385.43	0.11847	2.7201e-05	0.037168	supercritical
360.00	152.00	163.00	0.0061351	212.25	305.50	5.2205	0.69099	1.0775	385.95	0.11778	2.7241e-05	0.037219	supercritical
361.00	152.00	162.45	0.0061557	213.01	306.58	5.2235	0.69110	1.0766	386.47	0.11708	2.7282e-05	0.037270	supercritical
362.00	152.00	161.91	0.0061762	213.77	307.65	5.2264	0.69121	1.0757	386.99	0.11640	2.7322e-05	0.037321	supercritical
363.00	152.00	161.38	0.0061967	214.54	308.73	5.2294	0.69133	1.0749	387.51	0.11571	2.7362e-05	0.037373	supercritical
364.00	152.00	160.84	0.0062172	215.30	309.80	5.2324	0.69145	1.0741	388.02	0.11503	2.7402e-05	0.037425	supercritical
365.00	152.00	160.32	0.0062377	216.06	310.88	5.2353	0.69157	1.0733	388.54	0.11435	2.7443e-05	0.037477	supercritical
366.00	152.00	159.79	0.0062581	216.83	311.95	5.2382	0.69170	1.0725	389.05	0.11368	2.7483e-05	0.037529	supercritical
367.00	152.00	159.27	0.0062785	217.59	313.02	5.2412	0.69182	1.0717	389.56	0.11301	2.7523e-05	0.037581	supercritical
368.00	152.00	158.76	0.0062989	218.35	314.09	5.2441	0.69195	1.0709	390.08	0.11234	2.7564e-05	0.037633	supercritical
369.00	152.00	158.25	0.0063193	219.11	315.16	5.2470	0.69209	1.0702	390.59	0.11167	2.7604e-05	0.037686	supercritical
370.00	152.00	157.74	0.0063396	219.87	316.23	5.2499	0.69222	1.0694	391.10	0.11101	2.7645e-05	0.037738	supercritical
371.00	152.00	157.23	0.0063600	220.63	317.30	5.2528	0.69236	1.0687	391.60	0.11035	2.7685e-05	0.037791	supercritical
372.00	152.00	156.73	0.0063803	221.39	318.37	5.2556	0.69250	1.0680	392.11	0.10970	2.7726e-05	0.037844	supercritical
373.00	152.00	156.24	0.0064006	222.15	319.44	5.2585	0.69264	1.0672	392.62	0.10905	2.7767e-05	0.037897	supercritical
374.00	152.00	155.74	0.0064208	222.91	320.50	5.2614	0.69278	1.0666	393.12	0.10840	2.7807e-05	0.037950	supercritical
375.00	152.00	155.25	0.0064411	223.67	321.57	5.2642	0.69293	1.0659	393.63	0.10775	2.7848e-05	0.038003	supercritical
376.00	152.00	154.77	0.0064613	224.42	322.64	5.2670	0.69307	1.0652	394.13	0.10711	2.7889e-05	0.038056	supercritical
377.00	152.00	154.28	0.0064815	225.18	323.70	5.2699	0.69322	1.0645	394.63	0.10647	2.7929e-05	0.038109	supercritical
378.00	152.00	153.81	0.0065017	225.94	324.77	5.2727	0.69338	1.0639	395.13	0.10583	2.7970e-05	0.038163	supercritical
379.00	152.00	153.33	0.0065219	226.70	325.83	5.2755	0.69353	1.0632	395.63	0.10520	2.8011e-05	0.038217	supercritical
380.00	152.00	152.86	0.0065420	227.45	326.89	5.2783	0.69369	1.0626	396.13	0.10457	2.8052e-05	0.038270	supercritical
381.00	152.00	152.39	0.0065622	228.21	327.95	5.2811	0.69384	1.0620	396.63	0.10394	2.8093e-05	0.038324	supercritical
382.00	152.00	151.92	0.0065823	228.97	329.02	5.2839	0.69400	1.0614	397.12	0.10332	2.8133e-05	0.038378	supercritical
383.00	152.00	151.46	0.0066024	229.72	330.08	5.2867	0.69417	1.0608	397.62	0.10270	2.8174e-05	0.038432	supercritical
384.00	152.00	151.00	0.0066224	230.48	331.14	5.2894	0.69433	1.0602	398.11	0.10208	2.8215e-05	0.038486	supercritical
385.00	152.00	150.55	0.0066425	231.23	332.20	5.2922	0.69450	1.0596	398.60	0.10147	2.8256e-05	0.038541	supercritical
386.00	152.00	150.09	0.0066625	231.99	333.26	5.2949	0.69467	1.0591	399.09	0.10086	2.8297e-05	0.038595	supercritical
387.00	152.00	149.64	0.0066826	232.74	334.32	5.2977	0.69483	1.0585	399.58	0.10025	2.8338e-05	0.038649	supercritical
388.00	152.00	149.20	0.0067026	233.49	335.37	5.3004	0.69501	1.0580	400.07	0.099644	2.8379e-05	0.038704	supercritical
389.00	152.00	148.75	0.0067225	234.25	336.43	5.3031	0.69518	1.0574	400.56	0.099041	2.8420e-05	0.038759	supercritical
390.00	152.00	148.31	0.0067425	235.00	337.49	5.3058	0.69536	1.0569	401.05	0.098442	2.8461e-05	0.038813	supercritical
391.00	152.00	147.88	0.0067624	235.76	338.55	5.3085	0.69553	1.0564	401.54	0.097845	2.8502e-05	0.038868	supercritical
392.00	152.00	147.44	0.0067824	236.51	339.60	5.3112	0.69571	1.0559	402.02	0.097252	2.8543e-05	0.038923	supercritical
393.00	152.00	147.01	0.0068023	237.26	340.66	5.3139	0.69589	1.0554	402.51	0.096661	2.8584e-05	0.038978	supercritical
394.00	152.00	146.58	0.0068222	238.01	341.71	5.3166	0.69608	1.0549	402.99	0.096073	2.8625e-05	0.039033	supercritical
395.00	152.00	146.15	0.0068421	238.77	342.77	5.3193	0.69626	1.0544	403.47	0.095489	2.8666e-05	0.039088	supercritical
396.00	152.00	145.73	0.0068619	239.52	343.82	5.3219	0.69645	1.0539	403.95	0.094907	2.8707e-05	0.039143	supercritical
397.00	152.00	145.31	0.0068818	240.27	344.87	5.3246	0.69663	1.0535	404.43	0.094327	2.8748e-05	0.039199	supercritical
398.00	152.00	144.89	0.0069016	241.02	345.93	5.3272	0.69682	1.0530	404.91	0.093751	2.8789e-05	0.039254	supercritical
399.00	152.00	144.48	0.0069214	241.77	346.98	5.3299	0.69701	1.0525	405.39	0.093178	2.8830e-05	0.039310	supercritical
400.00	152.00	144.07	0.0069412	242.53	348.03	5.3325	0.69721	1.0521	405.87	0.092607	2.8871e-05	0.039365	supercritical
401.00	152.00	143.66	0.0069610	243.28	349.08	5.3352	0.69740	1.0517	406.35	0.092039	2.8913e-05	0.039421	supercritical
402.00	152.00	143.25	0.0069808	244.03	350.14	5.3378	0.69760	1.0512	406.82	0.091474	2.8954e-05	0.039476	supercritical
403.00	152.00	142.85	0.0070005	244.78	351.19	5.3404	0.69779	1.0508	407.30	0.090911	2.8995e-05	0.039532	supercritical
404.00	152.00	142.45	0.0070202	245.53	352.24	5.3430	0.69799	1.0504	407.77	0.090352	2.9036e-05	0.039588	supercritical
405.00	152.00	142.05	0.0070400	246.28	353.29	5.3456	0.69819	1.0500	408.24	0.089795	2.9077e-05	0.039644	supercritical
406.00	152.00	141.65	0.0070597	247.03	354.34	5.3482	0.69839	1.0496	408.71	0.089241	2.9118e-05	0.039700	supercritical
407.00	152.00	141.26	0.0070793	247.78	355.39	5.3508	0.69860	1.0492	409.18	0.088689	2.9159e-05	0.039756	supercritical
408.00	152.00	140.86	0.0070990	248.53	356.44	5.3533	0.69880	1.0489	409.65	0.088140	2.9200e-05	0.039812	supercritical
409.00	152.00	140.48	0.0071187	249.28	357.49	5.3559	0.69901	1.0485	410.12	0.087594	2.9241e-05	0.039868	supercritical
410.00	152.00	140.09	0.0071383	250.03	358.53	5.3585	0.69922	1.0481	410.59	0.087051	2.9283e-05	0.039924	supercritical
411.00	152.00	139.70	0.0071580	250.78	359.58	5.3610	0.69942	1.0478	411.06	0.086510	2.9324e-05	0.039980	supercritical
412.00	152.00	139.32	0.0071776	251.53	360.63	5.3636	0.69963	1.0474	411.52	0.085972	2.9365e-05	0.040037	supercritical
413.00	152.00	138.94	0.0071972	252.28	361.68	5.3661	0.69985	1.0471	411.99	0.085436	2.9406e-05	0.040093	supercritical
414.00	152.00	138.57	0.0072168	253.03	362.72	5.3686	0.70006	1.0467	412.45	0.084903	2.9447e-05	0.040150	supercritical
415.00	152.00	138.19	0.0072363	253.78	363.77	5.3711	0.70027	1.0464	412.92	0.084373	2.9488e-05	0.040206	supercritical
416.00	152.00	137.82	0.0072559	254.53	364.82	5.3737	0.70049	1.0461	413.38	0.083845	2.9529e-05	0.040263	supercritical
417.00	152.00	137.45	0.0072754	255.28	365.86	5.3762	0.70071	1.0458	413.84	0.083320	2.9570e-05	0.040319	supercritical
418.00	152.00	137.08	0.0072950	256.02	366.91	5.3787	0.70092	1.0454	414.30	0.082797	2.9612e-05	0.040376	supercritical
419.00	152.00	136.72	0.0073145	256.77	367.95	5.3812	0.70114	1.0451	414.76	0.082277	2.9653e-05	0.040433	supercritical
420.00	152.00	136.35	0.0073340	257.52	369.00	5.3837	0.70137	1.0448	415.22	0.081759	2.9694e-05	0.040489	supercritical
421.00	152.00	135.99	0.0073535	258.27	370.04	5.3862	0.70159	1.0446	415.68	0.081244	2.9735e-05	0.040546	supercritical
422.00	152.00	135.63	0.0073729	259.02	371.09	5.3886	0.70181	1.0443	416.13	0.080731	2.9776e-05	0.040603	supercritical
423.00	152.00	135.27	0.0073924	259.77	372.13	5.3911	0.70204	1.0440	416.59	0.080221	2.9817e-05	0.040660	supercritical
424.00	152.00	134.92	0.0074118	260.51	373.17	5.3936	0.70226	1.0437	417.05	0.079713	2.9858e-05	0.040717	supercritical
425.00	152.00	134.57	0.0074313	261.26	374.22	5.3960	0.70249	1.0434	417.50	0.079208	2.9899e-05	0.040774	supercritical
426.00	152.00	134.22	0.0074507	262.01	375.26	5.3985	0.70272	1.0432	417.95	0.078705	2.9940e-05	0.040831	supercritical
427.00	152.00	133.87	0.0074701	262.76	376.30	5.4009	0.70294	1.0429	418.41	0.078204	2.9981e-05	0.040888	supercritical
428.00	152.00	133.52	0.0074895	263.51	377.35	5.4034	0.70317	1.0427	418.86	0.077706	3.0022e-05	0.040945	supercritical
429.00	152.00	133.18	0.0075089	264.25	378.39	5.4058	0.70341	1.0424	419.31	0.077211	3.0063e-05	0.041003	supercritical
430.00	152.00	132.83	0.0075283	265.00	379.43	5.4082	0.70364	1.0422	419.76	0.076717	3.0104e-05	0.041060	supercritical
431.00	152.00	132.49	0.0075476	265.75	380.47	5.4106	0.70387	1.0419	420.21	0.076226	3.0145e-05	0.041117	supercritical
432.00	152.00	132.15	0.0075670	266.50	381.52	5.4131	0.70411	1.0417	420.66	0.075738	3.0187e-05	0.041174	supercritical
433.00	152.00	131.82	0.0075863	267.25	382.56	5.4155	0.70434	1.0415	421.11	0.075252	3.0228e-05	0.041232	supercritical
434.00	152.00	131.48	0.0076056	267.99	383.60	5.4179	0.70458	1.0413	421.55	0.074768	3.0269e-05	0.041289	supercritical
435.00	152.00	131.15	0.0076250	268.74	384.64	5.4203	0.70482	1.0411	422.00	0.074286	3.0310e-05	0.041347	supercritical
436.00	152.00	130.82	0.0076443	269.49	385.68	5.4227	0.70505	1.0408	422.44	0.073807	3.0351e-05	0.041404	supercritical
437.00	152.00	130.49	0.0076635	270.24	386.72	5.4250	0.70529	1.0406	422.89	0.073330	3.0392e-05	0.041461	supercritical
438.00	152.00	130.16	0.0076828	270.98	387.76	5.4274	0.70553	1.0404	423.33	0.072855	3.0432e-05	0.041519	supercritical
439.00	152.00	129.83	0.0077021	271.73	388.80	5.4298	0.70578	1.0402	423.78	0.072382	3.0473e-05	0.041577	supercritical
440.00	152.00	129.51	0.0077213	272.48	389.84	5.4322	0.70602	1.0401	424.22	0.071912	3.0514e-05	0.041634	supercritical
441.00	152.00	129.19	0.0077406	273.23	390.88	5.4345	0.70626	1.0399	424.66	0.071444	3.0555e-05	0.041692	supercritical
442.00	152.00	128.87	0.0077598	273.97	391.92	5.4369	0.70651	1.0397	425.10	0.070978	3.0596e-05	0.041750	supercritical
443.00	152.00	128.55	0.0077790	274.72	392.96	5.4392	0.70675	1.0395	425.54	0.070515	3.0637e-05	0.041807	supercritical
444.00	152.00	128.23	0.0077982	275.47	394.00	5.4416	0.70700	1.0393	425.98	0.070053	3.0678e-05	0.041865	supercritical
445.00	152.00	127.92	0.0078174	276.22	395.04	5.4439	0.70724	1.0392	426.42	0.069594	3.0719e-05	0.041923	supercritical
446.00	152.00	127.61	0.0078366	276.96	396.08	5.4462	0.70749	1.0390	426.85	0.069137	3.0760e-05	0.041981	supercritical
447.00	152.00	127.29	0.0078558	277.71	397.12	5.4486	0.70774	1.0389	427.29	0.068682	3.0801e-05	0.042038	supercritical
448.00	152.00	126.98	0.0078750	278.46	398.16	5.4509	0.70799	1.0387	427.73	0.068229	3.0842e-05	0.042096	supercritical
449.00	152.00	126.68	0.0078941	279.21	399.20	5.4532	0.70824	1.0385	428.16	0.067779	3.0882e-05	0.042154	supercritical
450.00	152.00	126.37	0.0079133	279.95	400.23	5.4555	0.70849	1.0384	428.60	0.067330	3.0923e-05	0.042212	supercritical
451.00	152.00	126.07	0.0079324	280.70	401.27	5.4578	0.70874	1.0383	429.03	0.066884	3.0964e-05	0.042270	supercritical
452.00	152.00	125.76	0.0079515	281.45	402.31	5.4601	0.70900	1.0381	429.46	0.066440	3.1005e-05	0.042328	supercritical
453.00	152.00	125.46	0.0079706	282.20	403.35	5.4624	0.70925	1.0380	429.90	0.065998	3.1046e-05	0.042386	supercritical
454.00	152.00	125.16	0.0079897	282.94	404.39	5.4647	0.70950	1.0379	430.33	0.065557	3.1086e-05	0.042444	supercritical
455.00	152.00	124.86	0.0080088	283.69	405.43	5.4670	0.70976	1.0377	430.76	0.065119	3.1127e-05	0.042502	supercritical
456.00	152.00	124.57	0.0080279	284.44	406.46	5.4693	0.71001	1.0376	431.19	0.064683	3.1168e-05	0.042560	supercritical
457.00	152.00	124.27	0.0080470	285.19	407.50	5.4715	0.71027	1.0375	431.62	0.064249	3.1209e-05	0.042618	supercritical
458.00	152.00	123.98	0.0080661	285.93	408.54	5.4738	0.71053	1.0374	432.05	0.063818	3.1249e-05	0.042676	supercritical
459.00	152.00	123.68	0.0080851	286.68	409.58	5.4761	0.71079	1.0373	432.48	0.063388	3.1290e-05	0.042735	supercritical
460.00	152.00	123.39	0.0081041	287.43	410.61	5.4783	0.71104	1.0372	432.90	0.062960	3.1331e-05	0.042793	supercritical
461.00	152.00	123.10	0.0081232	288.18	411.65	5.4806	0.71130	1.0371	433.33	0.062534	3.1371e-05	0.042851	supercritical
462.00	152.00	122.82	0.0081422	288.93	412.69	5.4828	0.71156	1.0370	433.76	0.062110	3.1412e-05	0.042909	supercritical
463.00	152.00	122.53	0.0081612	289.67	413.72	5.4851	0.71182	1.0369	434.18	0.061688	3.1453e-05	0.042967	supercritical
464.00	152.00	122.25	0.0081802	290.42	414.76	5.4873	0.71208	1.0368	434.61	0.061268	3.1493e-05	0.043026	supercritical
465.00	152.00	121.96	0.0081992	291.17	415.80	5.4895	0.71235	1.0367	435.03	0.060850	3.1534e-05	0.043084	supercritical
466.00	152.00	121.68	0.0082182	291.92	416.83	5.4918	0.71261	1.0366	435.45	0.060434	3.1574e-05	0.043142	supercritical
467.00	152.00	121.40	0.0082372	292.67	417.87	5.4940	0.71287	1.0365	435.88	0.060020	3.1615e-05	0.043201	supercritical
468.00	152.00	121.12	0.0082561	293.41	418.91	5.4962	0.71313	1.0364	436.30	0.059608	3.1655e-05	0.043259	supercritical
469.00	152.00	120.84	0.0082751	294.16	419.94	5.4984	0.71340	1.0364	436.72	0.059197	3.1696e-05	0.043317	supercritical
470.00	152.00	120.57	0.0082940	294.91	420.98	5.5006	0.71366	1.0363	437.14	0.058789	3.1736e-05	0.043376	supercritical
471.00	152.00	120.29	0.0083130	295.66	422.02	5.5028	0.71393	1.0362	437.56	0.058382	3.1777e-05	0.043434	supercritical
472.00	152.00	120.02	0.0083319	296.41	423.05	5.5050	0.71419	1.0362	437.98	0.057978	3.1817e-05	0.043492	supercritical
473.00	152.00	119.75	0.0083508	297.16	424.09	5.5072	0.71446	1.0361	438.40	0.057575	3.1858e-05	0.043551	supercritical
474.00	152.00	119.48	0.0083697	297.90	425.12	5.5094	0.71473	1.0360	438.82	0.057174	3.1898e-05	0.043609	supercritical
475.00	152.00	119.21	0.0083886	298.65	426.16	5.5116	0.71499	1.0360	439.23	0.056775	3.1939e-05	0.043668	supercritical
476.00	152.00	118.94	0.0084075	299.40	427.20	5.5138	0.71526	1.0359	439.65	0.056378	3.1979e-05	0.043726	supercritical
477.00	152.00	118.67	0.0084264	300.15	428.23	5.5159	0.71553	1.0359	440.07	0.055982	3.2020e-05	0.043785	supercritical
478.00	152.00	118.41	0.0084453	300.90	429.27	5.5181	0.71580	1.0358	440.48	0.055589	3.2060e-05	0.043843	supercritical
479.00	152.00	118.15	0.0084642	301.65	430.30	5.5203	0.71607	1.0358	440.90	0.055197	3.2100e-05	0.043902	supercritical
480.00	152.00	117.88	0.0084830	302.40	431.34	5.5224	0.71634	1.0358	441.31	0.054807	3.2141e-05	0.043960	supercritical
481.00	152.00	117.62	0.0085019	303.15	432.38	5.5246	0.71661	1.0357	441.72	0.054419	3.2181e-05	0.044019	supercritical
482.00	152.00	117.36	0.0085207	303.90	433.41	5.5267	0.71688	1.0357	442.14	0.054032	3.2221e-05	0.044077	supercritical
483.00	152.00	117.10	0.0085396	304.65	434.45	5.5289	0.71715	1.0357	442.55	0.053648	3.2262e-05	0.044136	supercritical
484.00	152.00	116.84	0.0085584	305.39	435.48	5.5310	0.71742	1.0356	442.96	0.053265	3.2302e-05	0.044194	supercritical
485.00	152.00	116.59	0.0085772	306.14	436.52	5.5332	0.71769	1.0356	443.37	0.052883	3.2342e-05	0.044253	supercritical
486.00	152.00	116.33	0.0085960	306.89	437.55	5.5353	0.71797	1.0356	443.78	0.052504	3.2382e-05	0.044312	supercritical
487.00	152.00	116.08	0.0086148	307.64	438.59	5.5374	0.71824	1.0356	444.19	0.052126	3.2422e-05	0.044370	supercritical
488.00	152.00	115.83	0.0086336	308.39	439.62	5.5395	0.71851	1.0355	444.60	0.051750	3.2463e-05	0.044429	supercritical
489.00	152.00	115.57	0.0086524	309.14	440.66	5.5417	0.71878	1.0355	445.01	0.051376	3.2503e-05	0.044488	supercritical
490.00	152.00	115.32	0.0086712	309.89	441.70	5.5438	0.71906	1.0355	445.42	0.051003	3.2543e-05	0.044546	supercritical
491.00	152.00	115.08	0.0086899	310.64	442.73	5.5459	0.71933	1.0355	445.82	0.050632	3.2583e-05	0.044605	supercritical
492.00	152.00	114.83	0.0087087	311.39	443.77	5.5480	0.71961	1.0355	446.23	0.050263	3.2623e-05	0.044664	supercritical
493.00	152.00	114.58	0.0087275	312.14	444.80	5.5501	0.71988	1.0355	446.64	0.049896	3.2663e-05	0.044722	supercritical
494.00	152.00	114.34	0.0087462	312.90	445.84	5.5522	0.72016	1.0355	447.04	0.049530	3.2703e-05	0.044781	supercritical
495.00	152.00	114.09	0.0087650	313.65	446.87	5.5543	0.72043	1.0355	447.45	0.049165	3.2743e-05	0.044840	supercritical
496.00	152.00	113.85	0.0087837	314.40	447.91	5.5564	0.72071	1.0355	447.85	0.048803	3.2783e-05	0.044898	supercritical
497.00	152.00	113.61	0.0088024	315.15	448.94	5.5585	0.72098	1.0355	448.26	0.048442	3.2823e-05	0.044957	supercritical
498.00	152.00	113.36	0.0088211	315.90	449.98	5.5605	0.72126	1.0355	448.66	0.048082	3.2863e-05	0.045016	supercritical
499.00	152.00	113.12	0.0088398	316.65	451.02	5.5626	0.72154	1.0355	449.06	0.047725	3.2903e-05	0.045074	supercritical
500.00	152.00	112.89	0.0088585	317.40	452.05	5.5647	0.72181	1.0355	449.46	0.047369	3.2943e-05	0.045133	supercritical
501.00	152.00	112.65	0.0088772	318.15	453.09	5.5668	0.72209	1.0355	449.87	0.047014	3.2983e-05	0.045192	supercritical
502.00	152.00	112.41	0.0088959	318.90	454.12	5.5688	0.72237	1.0355	450.27	0.046661	3.3023e-05	0.045251	supercritical
503.00	152.00	112.18	0.0089146	319.66	455.16	5.5709	0.72265	1.0356	450.67	0.046310	3.3063e-05	0.045309	supercritical
504.00	152.00	111.94	0.0089333	320.41	456.19	5.5730	0.72293	1.0356	451.07	0.045960	3.3103e-05	0.045368	supercritical
505.00	152.00	111.71	0.0089519	321.16	457.23	5.5750	0.72320	1.0356	451.47	0.045611	3.3143e-05	0.045427	supercritical
506.00	152.00	111.48	0.0089706	321.91	458.26	5.5771	0.72348	1.0356	451.87	0.045265	3.3183e-05	0.045486	supercritical
507.00	152.00	111.24	0.0089892	322.66	459.30	5.5791	0.72376	1.0356	452.26	0.044920	3.3222e-05	0.045544	supercritical
508.00	152.00	111.01	0.0090079	323.42	460.34	5.5811	0.72404	1.0357	452.66	0.044576	3.3262e-05	0.045603	supercritical
509.00	152.00	110.78	0.0090265	324.17	461.37	5.5832	0.72432	1.0357	453.06	0.044234	3.3302e-05	0.045662	supercritical
510.00	152.00	110.56	0.0090452	324.92	462.41	5.5852	0.72460	1.0357	453.45	0.043893	3.3342e-05	0.045721	supercritical
511.00	152.00	110.33	0.0090638	325.67	463.44	5.5872	0.72488	1.0358	453.85	0.043554	3.3381e-05	0.045780	supercritical
512.00	152.00	110.10	0.0090824	326.43	464.48	5.5893	0.72516	1.0358	454.25	0.043217	3.3421e-05	0.045838	supercritical
513.00	152.00	109.88	0.0091010	327.18	465.51	5.5913	0.72544	1.0358	454.64	0.042880	3.3461e-05	0.045897	supercritical
514.00	152.00	109.65	0.0091196	327.93	466.55	5.5933	0.72572	1.0359	455.04	0.042546	3.3501e-05	0.045956	supercritical
515.00	152.00	109.43	0.0091382	328.68	467.59	5.5953	0.72600	1.0359	455.43	0.042213	3.3540e-05	0.046015	supercritical
516.00	152.00	109.21	0.0091568	329.44	468.62	5.5973	0.72628	1.0360	455.82	0.041881	3.3580e-05	0.046074	supercritical
517.00	152.00	108.99	0.0091754	330.19	469.66	5.5993	0.72656	1.0360	456.22	0.041551	3.3619e-05	0.046132	supercritical
518.00	152.00	108.77	0.0091940	330.95	470.69	5.6013	0.72684	1.0361	456.61	0.041222	3.3659e-05	0.046191	supercritical
519.00	152.00	108.55	0.0092125	331.70	471.73	5.6033	0.72712	1.0361	457.00	0.040895	3.3699e-05	0.046250	supercritical
520.00	152.00	108.33	0.0092311	332.45	472.77	5.6053	0.72740	1.0362	457.39	0.040569	3.3738e-05	0.046309	supercritical
521.00	152.00	108.11	0.0092496	333.21	473.80	5.6073	0.72768	1.0362	457.78	0.040245	3.3778e-05	0.046368	supercritical
522.00	152.00	107.90	0.0092682	333.96	474.84	5.6093	0.72797	1.0363	458.17	0.039921	3.3817e-05	0.046427	supercritical
523.00	152.00	107.68	0.0092867	334.72	475.87	5.6113	0.72825	1.0363	458.56	0.039600	3.3857e-05	0.046485	supercritical
524.00	152.00	107.47	0.0093053	335.47	476.91	5.6133	0.72853	1.0364	458.95	0.039280	3.3896e-05	0.046544	supercritical
525.00	152.00	107.25	0.0093238	336.23	477.95	5.6152	0.72881	1.0364	459.34	0.038961	3.3935e-05	0.046603	supercritical
526.00	152.00	107.04	0.0093423	336.98	478.98	5.6172	0.72909	1.0365	459.73	0.038643	3.3975e-05	0.046662	supercritical
527.00	152.00	106.83	0.0093609	337.74	480.02	5.6192	0.72937	1.0365	460.12	0.038327	3.4014e-05	0.046721	supercritical
528.00	152.00	106.62	0.0093794	338.49	481.06	5.6211	0.72965	1.0366	460.50	0.038013	3.4054e-05	0.046780	supercritical
529.00	152.00	106.41	0.0093979	339.25	482.09	5.6231	0.72994	1.0367	460.89	0.037699	3.4093e-05	0.046838	supercritical
530.00	152.00	106.20	0.0094164	340.00	483.13	5.6251	0.73022	1.0367	461.28	0.037388	3.4132e-05	0.046897	supercritical
531.00	152.00	105.99	0.0094349	340.76	484.17	5.6270	0.73050	1.0368	461.66	0.037077	3.4172e-05	0.046956	supercritical
532.00	152.00	105.78	0.0094534	341.51	485.20	5.6290	0.73078	1.0369	462.05	0.036768	3.4211e-05	0.047015	supercritical
533.00	152.00	105.58	0.0094718	342.27	486.24	5.6309	0.73107	1.0370	462.43	0.036460	3.4250e-05	0.047074	supercritical
534.00	152.00	105.37	0.0094903	343.02	487.28	5.6329	0.73135	1.0370	462.82	0.036153	3.4289e-05	0.047133	supercritical
535.00	152.00	105.17	0.0095088	343.78	488.31	5.6348	0.73163	1.0371	463.20	0.035848	3.4329e-05	0.047191	supercritical
536.00	152.00	104.96	0.0095273	344.54	489.35	5.6367	0.73191	1.0372	463.58	0.035544	3.4368e-05	0.047250	supercritical
537.00	152.00	104.76	0.0095457	345.29	490.39	5.6387	0.73219	1.0373	463.97	0.035241	3.4407e-05	0.047309	supercritical
538.00	152.00	104.56	0.0095642	346.05	491.43	5.6406	0.73248	1.0373	464.35	0.034940	3.4446e-05	0.047368	supercritical
539.00	152.00	104.36	0.0095826	346.81	492.46	5.6425	0.73276	1.0374	464.73	0.034640	3.4485e-05	0.047427	supercritical
540.00	152.00	104.16	0.0096011	347.57	493.50	5.6445	0.73304	1.0375	465.11	0.034341	3.4524e-05	0.047486	supercritical
541.00	152.00	103.96	0.0096195	348.32	494.54	5.6464	0.73332	1.0376	465.49	0.034044	3.4563e-05	0.047544	supercritical
542.00	152.00	103.76	0.0096379	349.08	495.58	5.6483	0.73361	1.0377	465.87	0.033748	3.4602e-05	0.047603	supercritical
543.00	152.00	103.56	0.0096564	349.84	496.61	5.6502	0.73389	1.0377	466.25	0.033453	3.4642e-05	0.047662	supercritical
544.00	152.00	103.36	0.0096748	350.60	497.65	5.6521	0.73417	1.0378	466.63	0.033159	3.4681e-05	0.047721	supercritical
545.00	152.00	103.17	0.0096932	351.35	498.69	5.6540	0.73445	1.0379	467.01	0.032867	3.4720e-05	0.047780	supercritical
546.00	152.00	102.97	0.0097116	352.11	499.73	5.6559	0.73474	1.0380	467.39	0.032575	3.4759e-05	0.047839	supercritical
547.00	152.00	102.77	0.0097300	352.87	500.77	5.6578	0.73502	1.0381	467.77	0.032286	3.4797e-05	0.047897	supercritical
548.00	152.00	102.58	0.0097484	353.63	501.80	5.6597	0.73530	1.0382	468.15	0.031997	3.4836e-05	0.047956	supercritical
549.00	152.00	102.39	0.0097668	354.39	502.84	5.6616	0.73558	1.0383	468.53	0.031709	3.4875e-05	0.048015	supercritical
550.00	152.00	102.20	0.0097852	355.15	503.88	5.6635	0.73586	1.0384	468.90	0.031423	3.4914e-05	0.048074	supercritical
551.00	152.00	102.00	0.0098036	355.90	504.92	5.6654	0.73615	1.0385	469.28	0.031138	3.4953e-05	0.048133	supercritical
552.00	152.00	101.81	0.0098219	356.66	505.96	5.6673	0.73643	1.0386	469.65	0.030854	3.4992e-05	0.048191	supercritical
553.00	152.00	101.62	0.0098403	357.42	507.00	5.6691	0.73671	1.0387	470.03	0.030572	3.5031e-05	0.048250	supercritical
554.00	152.00	101.43	0.0098587	358.18	508.03	5.6710	0.73699	1.0388	470.41	0.030290	3.5070e-05	0.048309	supercritical
555.00	152.00	101.24	0.0098770	358.94	509.07	5.6729	0.73727	1.0389	470.78	0.030010	3.5108e-05	0.048368	supercritical
556.00	152.00	101.06	0.0098954	359.70	510.11	5.6748	0.73756	1.0390	471.15	0.029731	3.5147e-05	0.048427	supercritical
557.00	152.00	100.87	0.0099137	360.46	511.15	5.6766	0.73784	1.0391	471.53	0.029453	3.5186e-05	0.048485	supercritical
558.00	152.00	100.68	0.0099321	361.22	512.19	5.6785	0.73812	1.0392	471.90	0.029176	3.5225e-05	0.048544	supercritical
559.00	152.00	100.50	0.0099504	361.98	513.23	5.6804	0.73840	1.0393	472.27	0.028901	3.5263e-05	0.048603	supercritical
560.00	152.00	100.31	0.0099688	362.74	514.27	5.6822	0.73868	1.0394	472.65	0.028626	3.5302e-05	0.048662	supercritical
561.00	152.00	100.13	0.0099871	363.50	515.31	5.6841	0.73896	1.0395	473.02	0.028353	3.5341e-05	0.048720	supercritical
562.00	152.00	99.946	0.010005	364.27	516.35	5.6859	0.73925	1.0396	473.39	0.028081	3.5379e-05	0.048779	supercritical
563.00	152.00	99.763	0.010024	365.03	517.39	5.6878	0.73953	1.0397	473.76	0.027810	3.5418e-05	0.048838	supercritical
564.00	152.00	99.581	0.010042	365.79	518.43	5.6896	0.73981	1.0398	474.13	0.027540	3.5456e-05	0.048897	supercritical
565.00	152.00	99.400	0.010060	366.55	519.47	5.6915	0.74009	1.0399	474.50	0.027271	3.5495e-05	0.048955	supercritical
566.00	152.00	99.219	0.010079	367.31	520.51	5.6933	0.74037	1.0400	474.87	0.027004	3.5534e-05	0.049014	supercritical
567.00	152.00	99.040	0.010097	368.07	521.55	5.6951	0.74065	1.0401	475.24	0.026737	3.5572e-05	0.049073	supercritical
568.00	152.00	98.860	0.010115	368.84	522.59	5.6970	0.74093	1.0402	475.61	0.026472	3.5611e-05	0.049132	supercritical
569.00	152.00	98.682	0.010134	369.60	523.63	5.6988	0.74121	1.0404	475.98	0.026207	3.5649e-05	0.049190	supercritical
570.00	152.00	98.504	0.010152	370.36	524.67	5.7006	0.74149	1.0405	476.35	0.025944	3.5687e-05	0.049249	supercritical
571.00	152.00	98.327	0.010170	371.12	525.71	5.7024	0.74177	1.0406	476.72	0.025682	3.5726e-05	0.049308	supercritical
572.00	152.00	98.151	0.010188	371.89	526.75	5.7043	0.74205	1.0407	477.08	0.025421	3.5764e-05	0.049367	supercritical
573.00	152.00	97.975	0.010207	372.65	527.79	5.7061	0.74233	1.0408	477.45	0.025161	3.5803e-05	0.049425	supercritical
574.00	152.00	97.800	0.010225	373.41	528.83	5.7079	0.74261	1.0409	477.82	0.024902	3.5841e-05	0.049484	supercritical
575.00	152.00	97.626	0.010243	374.18	529.87	5.7097	0.74289	1.0411	478.19	0.024644	3.5879e-05	0.049543	supercritical
576.00	152.00	97.452	0.010261	374.94	530.91	5.7115	0.74317	1.0412	478.55	0.024388	3.5918e-05	0.049601	supercritical
577.00	152.00	97.279	0.010280	375.70	531.95	5.7133	0.74345	1.0413	478.92	0.024132	3.5956e-05	0.049660	supercritical
578.00	152.00	97.107	0.010298	376.47	533.00	5.7151	0.74373	1.0414	479.28	0.023877	3.5994e-05	0.049719	supercritical
579.00	152.00	96.935	0.010316	377.23	534.04	5.7169	0.74401	1.0415	479.65	0.023624	3.6033e-05	0.049777	supercritical
580.00	152.00	96.764	0.010334	378.00	535.08	5.7187	0.74429	1.0417	480.01	0.023371	3.6071e-05	0.049836	supercritical
581.00	152.00	96.593	0.010353	378.76	536.12	5.7205	0.74457	1.0418	480.37	0.023119	3.6109e-05	0.049895	supercritical
582.00	152.00	96.423	0.010371	379.52	537.16	5.7223	0.74484	1.0419	480.74	0.022869	3.6147e-05	0.049953	supercritical
583.00	152.00	96.254	0.010389	380.29	538.20	5.7241	0.74512	1.0420	481.10	0.022619	3.6185e-05	0.050012	supercritical
584.00	152.00	96.086	0.010407	381.05	539.25	5.7259	0.74540	1.0422	481.46	0.022371	3.6224e-05	0.050071	supercritical
585.00	152.00	95.918	0.010426	381.82	540.29	5.7277	0.74568	1.0423	481.83	0.022124	3.6262e-05	0.050129	supercritical
586.00	152.00	95.751	0.010444	382.59	541.33	5.7295	0.74596	1.0424	482.19	0.021877	3.6300e-05	0.050188	supercritical
587.00	152.00	95.584	0.010462	383.35	542.37	5.7312	0.74623	1.0425	482.55	0.021632	3.6338e-05	0.050247	supercritical
588.00	152.00	95.418	0.010480	384.12	543.42	5.7330	0.74651	1.0427	482.91	0.021387	3.6376e-05	0.050305	supercritical
589.00	152.00	95.253	0.010498	384.88	544.46	5.7348	0.74679	1.0428	483.27	0.021144	3.6414e-05	0.050364	supercritical
590.00	152.00	95.088	0.010517	385.65	545.50	5.7365	0.74706	1.0429	483.63	0.020901	3.6452e-05	0.050422	supercritical
591.00	152.00	94.923	0.010535	386.42	546.54	5.7383	0.74734	1.0431	483.99	0.020660	3.6490e-05	0.050481	supercritical
592.00	152.00	94.760	0.010553	387.18	547.59	5.7401	0.74762	1.0432	484.35	0.020419	3.6528e-05	0.050539	supercritical
593.00	152.00	94.597	0.010571	387.95	548.63	5.7418	0.74789	1.0433	484.71	0.020180	3.6566e-05	0.050598	supercritical
594.00	152.00	94.434	0.010589	388.72	549.67	5.7436	0.74817	1.0435	485.07	0.019941	3.6604e-05	0.050657	supercritical
595.00	152.00	94.273	0.010608	389.48	550.72	5.7453	0.74845	1.0436	485.43	0.019703	3.6642e-05	0.050715	supercritical
596.00	152.00	94.111	0.010626	390.25	551.76	5.7471	0.74872	1.0437	485.79	0.019467	3.6680e-05	0.050774	supercritical
597.00	152.00	93.951	0.010644	391.02	552.81	5.7489	0.74900	1.0439	486.15	0.019231	3.6718e-05	0.050832	supercritical
598.00	152.00	93.791	0.010662	391.79	553.85	5.7506	0.74927	1.0440	486.50	0.018996	3.6755e-05	0.050891	supercritical
599.00	152.00	93.631	0.010680	392.55	554.89	5.7523	0.74955	1.0441	486.86	0.018762	3.6793e-05	0.050949	supercritical
600.00	152.00	93.472	0.010698	393.32	555.94	5.7541	0.74982	1.0443	487.22	0.018529	3.6831e-05	0.051008	supercritical
