Temperature (K)	Pressure (bar)	Density (kg/m3)	Volume (m3/kg)	Internal Energy (kJ/kg)	Enthalpy (kJ/kg)	Entropy (J/g*K)	Cv (J/g*K)	Cp (J/g*K)	Sound Spd. (m/s)	Joule-Thomson (K/bar)	Viscosity (Pa*s)	Therm. Cond. (W/m*K)	Phase
60.000	63.000	1289.5	0.00077552	-185.17	-180.28	2.2406	1.0910	1.6600	1144.7	-0.037414	0.00060767	0.19649	liquid
61.000	63.000	1285.2	0.00077811	-183.52	-178.62	2.2680	1.0820	1.6618	1140.8	-0.037258	0.00057900	0.19513	liquid
62.000	63.000	1280.9	0.00078073	-181.88	-176.96	2.2951	1.0741	1.6632	1136.2	-0.037116	0.00055224	0.19377	liquid
63.000	63.000	1276.5	0.00078338	-180.23	-175.29	2.3217	1.0669	1.6643	1131.0	-0.036985	0.00052724	0.19242	liquid
64.000	63.000	1272.2	0.00078605	-178.58	-173.63	2.3479	1.0603	1.6651	1125.3	-0.036863	0.00050389	0.19106	liquid
65.000	63.000	1267.8	0.00078876	-176.93	-171.96	2.3737	1.0541	1.6657	1119.2	-0.036749	0.00048205	0.18970	liquid
66.000	63.000	1263.4	0.00079149	-175.28	-170.30	2.3992	1.0483	1.6660	1112.8	-0.036640	0.00046162	0.18834	liquid
67.000	63.000	1259.1	0.00079424	-173.64	-168.63	2.4242	1.0427	1.6662	1106.2	-0.036536	0.00044249	0.18698	liquid
68.000	63.000	1254.7	0.00079703	-171.99	-166.97	2.4489	1.0374	1.6661	1099.3	-0.036434	0.00042456	0.18562	liquid
69.000	63.000	1250.3	0.00079983	-170.34	-165.30	2.4732	1.0323	1.6660	1092.3	-0.036334	0.00040773	0.18427	liquid
70.000	63.000	1245.9	0.00080266	-168.69	-163.63	2.4972	1.0273	1.6657	1085.1	-0.036233	0.00039194	0.18291	liquid
71.000	63.000	1241.4	0.00080552	-167.04	-161.97	2.5208	1.0224	1.6654	1077.9	-0.036130	0.00037710	0.18155	liquid
72.000	63.000	1237.0	0.00080841	-165.40	-160.30	2.5441	1.0176	1.6651	1070.5	-0.036025	0.00036313	0.18019	liquid
73.000	63.000	1232.6	0.00081132	-163.75	-158.64	2.5671	1.0129	1.6647	1063.1	-0.035916	0.00034998	0.17884	liquid
74.000	63.000	1228.1	0.00081425	-162.10	-156.97	2.5897	1.0083	1.6644	1055.7	-0.035803	0.00033759	0.17748	liquid
75.000	63.000	1223.7	0.00081722	-160.46	-155.31	2.6121	1.0037	1.6640	1048.2	-0.035685	0.00032590	0.17612	liquid
76.000	63.000	1219.2	0.00082021	-158.81	-153.65	2.6341	0.99920	1.6638	1040.7	-0.035561	0.00031485	0.17476	liquid
77.000	63.000	1214.7	0.00082323	-157.17	-151.98	2.6558	0.99477	1.6636	1033.1	-0.035430	0.00030441	0.17341	liquid
78.000	63.000	1210.2	0.00082628	-155.52	-150.32	2.6773	0.99038	1.6634	1025.6	-0.035292	0.00029453	0.17205	liquid
79.000	63.000	1205.7	0.00082937	-153.88	-148.66	2.6985	0.98606	1.6634	1018.0	-0.035146	0.00028517	0.17069	liquid
80.000	63.000	1201.2	0.00083248	-152.24	-146.99	2.7194	0.98178	1.6634	1010.5	-0.034992	0.00027629	0.16933	liquid
81.000	63.000	1196.7	0.00083563	-150.59	-145.33	2.7401	0.97755	1.6636	1002.9	-0.034829	0.00026787	0.16797	liquid
82.000	63.000	1192.2	0.00083881	-148.95	-143.66	2.7605	0.97338	1.6638	995.29	-0.034657	0.00025986	0.16660	liquid
83.000	63.000	1187.6	0.00084202	-147.31	-142.00	2.7807	0.96926	1.6642	987.70	-0.034475	0.00025224	0.16524	liquid
84.000	63.000	1183.0	0.00084527	-145.66	-140.34	2.8006	0.96518	1.6647	980.11	-0.034283	0.00024499	0.16388	liquid
85.000	63.000	1178.5	0.00084856	-144.02	-138.67	2.8203	0.96116	1.6654	972.51	-0.034081	0.00023807	0.16251	liquid
86.000	63.000	1173.9	0.00085189	-142.37	-137.01	2.8398	0.95719	1.6661	964.91	-0.033867	0.00023148	0.16114	liquid
87.000	63.000	1169.2	0.00085525	-140.73	-135.34	2.8591	0.95326	1.6671	957.30	-0.033642	0.00022518	0.15977	liquid
88.000	63.000	1164.6	0.00085865	-139.08	-133.67	2.8781	0.94939	1.6681	949.69	-0.033406	0.00021916	0.15840	liquid
89.000	63.000	1160.0	0.00086210	-137.43	-132.00	2.8970	0.94557	1.6693	942.07	-0.033157	0.00021340	0.15703	liquid
90.000	63.000	1155.3	0.00086559	-135.79	-130.33	2.9156	0.94179	1.6707	934.45	-0.032896	0.00020788	0.15566	liquid
91.000	63.000	1150.6	0.00086912	-134.14	-128.66	2.9341	0.93807	1.6722	926.82	-0.032622	0.00020259	0.15429	liquid
92.000	63.000	1145.9	0.00087270	-132.49	-126.99	2.9524	0.93439	1.6739	919.18	-0.032334	0.00019751	0.15291	liquid
93.000	63.000	1141.1	0.00087633	-130.83	-125.31	2.9705	0.93077	1.6757	911.53	-0.032033	0.00019263	0.15153	liquid
94.000	63.000	1136.4	0.00088000	-129.18	-123.64	2.9884	0.92719	1.6778	903.86	-0.031717	0.00018794	0.15015	liquid
95.000	63.000	1131.6	0.00088373	-127.53	-121.96	3.0062	0.92366	1.6799	896.19	-0.031386	0.00018343	0.14877	liquid
96.000	63.000	1126.7	0.00088751	-125.87	-120.28	3.0238	0.92018	1.6823	888.50	-0.031041	0.00017908	0.14739	liquid
97.000	63.000	1121.9	0.00089134	-124.21	-118.59	3.0412	0.91675	1.6848	880.80	-0.030679	0.00017489	0.14601	liquid
98.000	63.000	1117.0	0.00089523	-122.55	-116.91	3.0585	0.91337	1.6875	873.08	-0.030300	0.00017085	0.14462	liquid
99.000	63.000	1112.1	0.00089918	-120.88	-115.22	3.0757	0.91003	1.6904	865.34	-0.029905	0.00016694	0.14324	liquid
100.00	63.000	1107.2	0.00090318	-119.22	-113.53	3.0927	0.90674	1.6935	857.59	-0.029492	0.00016317	0.14185	liquid
101.00	63.000	1102.2	0.00090725	-117.55	-111.83	3.1096	0.90350	1.6968	849.81	-0.029060	0.00015951	0.14046	liquid
102.00	63.000	1097.2	0.00091139	-115.87	-110.13	3.1263	0.90030	1.7003	842.01	-0.028609	0.00015598	0.13907	liquid
103.00	63.000	1092.2	0.00091559	-114.20	-108.43	3.1429	0.89715	1.7041	834.18	-0.028139	0.00015255	0.13767	liquid
104.00	63.000	1087.1	0.00091985	-112.52	-106.72	3.1594	0.89405	1.7080	826.33	-0.027647	0.00014923	0.13628	liquid
105.00	63.000	1082.0	0.00092419	-110.84	-105.01	3.1757	0.89100	1.7121	818.46	-0.027134	0.00014601	0.13488	liquid
106.00	63.000	1076.9	0.00092861	-109.15	-103.30	3.1920	0.88799	1.7165	810.55	-0.026599	0.00014288	0.13349	liquid
107.00	63.000	1071.7	0.00093310	-107.46	-101.58	3.2081	0.88503	1.7211	802.61	-0.026039	0.00013983	0.13209	liquid
108.00	63.000	1066.5	0.00093768	-105.76	-99.857	3.2242	0.88211	1.7260	794.64	-0.025455	0.00013687	0.13070	liquid
109.00	63.000	1061.2	0.00094233	-104.07	-98.129	3.2401	0.87924	1.7312	786.64	-0.024846	0.00013399	0.12930	liquid
110.00	63.000	1055.9	0.00094707	-102.36	-96.395	3.2559	0.87642	1.7366	778.60	-0.024209	0.00013119	0.12791	liquid
111.00	63.000	1050.5	0.00095191	-100.65	-94.656	3.2717	0.87364	1.7423	770.53	-0.023543	0.00012845	0.12651	liquid
112.00	63.000	1045.1	0.00095684	-98.938	-92.910	3.2873	0.87091	1.7483	762.41	-0.022848	0.00012579	0.12511	liquid
113.00	63.000	1039.6	0.00096186	-97.219	-91.159	3.3029	0.86823	1.7546	754.25	-0.022122	0.00012319	0.12371	liquid
114.00	63.000	1034.1	0.00096699	-95.493	-89.401	3.3184	0.86560	1.7612	746.05	-0.021362	0.00012064	0.12231	liquid
115.00	63.000	1028.6	0.00097223	-93.762	-87.637	3.3338	0.86302	1.7682	737.80	-0.020568	0.00011816	0.12091	liquid
116.00	63.000	1022.9	0.00097758	-92.023	-85.865	3.3491	0.86049	1.7755	729.50	-0.019737	0.00011573	0.11950	liquid
117.00	63.000	1017.2	0.00098304	-90.278	-84.085	3.3644	0.85800	1.7833	721.15	-0.018867	0.00011336	0.11810	liquid
118.00	63.000	1011.5	0.00098863	-88.526	-82.298	3.3796	0.85557	1.7914	712.75	-0.017956	0.00011103	0.11670	liquid
119.00	63.000	1005.7	0.00099435	-86.767	-80.502	3.3948	0.85319	1.8000	704.29	-0.017001	0.00010876	0.11529	liquid
120.00	63.000	999.80	0.0010002	-84.999	-78.698	3.4099	0.85087	1.8090	695.78	-0.016000	0.00010652	0.11389	liquid
121.00	63.000	993.84	0.0010062	-83.223	-76.884	3.4249	0.84859	1.8186	687.20	-0.014950	0.00010434	0.11248	liquid
122.00	63.000	987.81	0.0010123	-81.438	-75.061	3.4399	0.84638	1.8286	678.55	-0.013848	0.00010219	0.11107	liquid
123.00	63.000	981.70	0.0010186	-79.644	-73.227	3.4549	0.84422	1.8392	669.84	-0.012690	0.00010008	0.10966	liquid
124.00	63.000	975.50	0.0010251	-77.840	-71.382	3.4698	0.84212	1.8504	661.06	-0.011473	9.8013e-05	0.10825	liquid
125.00	63.000	969.22	0.0010318	-76.026	-69.526	3.4847	0.84009	1.8623	652.20	-0.010192	9.5980e-05	0.10685	liquid
126.00	63.000	962.84	0.0010386	-74.200	-67.657	3.4996	0.83812	1.8749	643.25	-0.0088421	9.3982e-05	0.10544	liquid
127.00	63.000	956.37	0.0010456	-72.363	-65.776	3.5145	0.83621	1.8882	634.23	-0.0074194	9.2016e-05	0.10402	liquid
128.00	63.000	949.80	0.0010529	-70.513	-63.880	3.5294	0.83438	1.9023	625.12	-0.0059179	9.0081e-05	0.10261	liquid
129.00	63.000	943.12	0.0010603	-68.651	-61.971	3.5442	0.83262	1.9174	615.91	-0.0043315	8.8176e-05	0.10120	liquid
130.00	63.000	936.32	0.0010680	-66.774	-60.045	3.5591	0.83093	1.9334	606.60	-0.0026533	8.6300e-05	0.099788	liquid
131.00	63.000	929.40	0.0010760	-64.882	-58.104	3.5740	0.82933	1.9504	597.19	-0.00087560	8.4450e-05	0.098375	liquid
132.00	63.000	922.35	0.0010842	-62.974	-56.144	3.5889	0.82781	1.9687	587.67	0.0010100	8.2625e-05	0.096960	liquid
133.00	63.000	915.17	0.0010927	-61.050	-54.166	3.6038	0.82638	1.9882	578.03	0.0030132	8.0824e-05	0.095544	liquid
134.00	63.000	907.83	0.0011015	-59.107	-52.167	3.6188	0.82505	2.0091	568.26	0.0051446	7.9046e-05	0.094127	liquid
135.00	63.000	900.34	0.0011107	-57.144	-50.147	3.6338	0.82382	2.0316	558.37	0.0074166	7.7289e-05	0.092709	liquid
136.00	63.000	892.68	0.0011202	-55.161	-48.103	3.6489	0.82270	2.0559	548.33	0.0098429	7.5552e-05	0.091288	liquid
137.00	63.000	884.84	0.0011301	-53.155	-46.035	3.6640	0.82170	2.0821	538.13	0.012439	7.3833e-05	0.089866	liquid
138.00	63.000	876.80	0.0011405	-51.124	-43.939	3.6793	0.82084	2.1105	527.78	0.015224	7.2130e-05	0.088442	liquid
139.00	63.000	868.55	0.0011513	-49.066	-41.813	3.6946	0.82011	2.1414	517.25	0.018218	7.0442e-05	0.087015	liquid
140.00	63.000	860.06	0.0011627	-46.980	-39.655	3.7101	0.81954	2.1752	506.53	0.021445	6.8768e-05	0.085584	liquid
141.00	63.000	851.32	0.0011746	-44.862	-37.461	3.7257	0.81915	2.2123	495.61	0.024934	6.7105e-05	0.084150	liquid
142.00	63.000	842.31	0.0011872	-42.708	-35.229	3.7415	0.81894	2.2530	484.47	0.028717	6.5452e-05	0.082711	liquid
143.00	63.000	832.98	0.0012005	-40.517	-32.954	3.7575	0.81895	2.2982	473.10	0.032834	6.3805e-05	0.081267	liquid
144.00	63.000	823.32	0.0012146	-38.283	-30.631	3.7736	0.81920	2.3485	461.47	0.037330	6.2164e-05	0.079817	liquid
145.00	63.000	813.28	0.0012296	-36.001	-28.255	3.7901	0.81973	2.4048	449.55	0.042263	6.0524e-05	0.078358	liquid
146.00	63.000	802.81	0.0012456	-33.666	-25.819	3.8068	0.82057	2.4684	437.33	0.047698	5.8882e-05	0.076891	liquid
147.00	63.000	791.87	0.0012628	-31.271	-23.315	3.8239	0.82178	2.5407	424.78	0.053718	5.7236e-05	0.075413	liquid
148.00	63.000	780.37	0.0012814	-28.807	-20.734	3.8414	0.82342	2.6237	411.86	0.060426	5.5580e-05	0.073921	liquid
149.00	63.000	768.24	0.0013017	-26.264	-18.063	3.8594	0.82557	2.7201	398.53	0.067950	5.3908e-05	0.072415	liquid
150.00	63.000	755.38	0.0013238	-23.628	-15.288	3.8780	0.82833	2.8335	384.74	0.076454	5.2215e-05	0.070890	liquid
151.00	63.000	741.64	0.0013484	-20.884	-12.389	3.8972	0.83186	2.9689	370.45	0.086152	5.0492e-05	0.069343	liquid
152.00	63.000	726.85	0.0013758	-18.008	-9.3405	3.9174	0.83633	3.1335	355.57	0.097327	4.8727e-05	0.067770	liquid
153.00	63.000	710.78	0.0014069	-14.972	-6.1086	3.9385	0.84201	3.3383	340.03	0.11037	4.6908e-05	0.066166	liquid
154.00	63.000	693.10	0.0014428	-11.735	-2.6449	3.9611	0.84930	3.6004	323.71	0.12583	4.5013e-05	0.064527	liquid
155.00	63.000	673.33	0.0014852	-8.2359	1.1206	3.9855	0.85881	3.9483	306.43	0.14452	4.3014e-05	0.062849	supercritical
156.00	63.000	650.73	0.0015367	-4.3850	5.2964	4.0123	0.87152	4.4319	287.97	0.16769	4.0869e-05	0.061128	supercritical
157.00	63.000	624.14	0.0016022	-0.033629	10.060	4.0428	0.88913	5.1462	268.03	0.19733	3.8509e-05	0.059366	supercritical
158.00	63.000	591.50	0.0016906	5.0764	15.727	4.0787	0.91453	6.2820	246.32	0.23678	3.5823e-05	0.057552	supercritical
159.00	63.000	549.25	0.0018207	11.413	22.883	4.1239	0.95159	8.1953	223.26	0.29118	3.2632e-05	0.055583	supercritical
160.00	63.000	492.86	0.0020290	19.646	32.429	4.1837	0.99630	10.932	202.48	0.36427	2.8789e-05	0.052941	supercritical
161.00	63.000	428.11	0.0023358	29.342	44.058	4.2562	1.0111	11.611	192.21	0.44322	2.4886e-05	0.048488	supercritical
162.00	63.000	376.11	0.0026588	37.780	54.531	4.3210	0.98104	9.1641	191.77	0.50338	2.2146e-05	0.043205	supercritical
163.00	63.000	340.91	0.0029333	44.040	62.520	4.3702	0.94327	6.9648	194.18	0.54178	2.0516e-05	0.039123	supercritical
164.00	63.000	316.20	0.0031626	48.808	68.733	4.4082	0.91204	5.5683	196.94	0.56592	1.9495e-05	0.036259	supercritical
165.00	63.000	297.62	0.0033600	52.653	73.821	4.4391	0.88760	4.6699	199.59	0.58127	1.8804e-05	0.034191	supercritical
166.00	63.000	282.90	0.0035348	55.897	78.166	4.4654	0.86823	4.0569	202.08	0.59096	1.8308e-05	0.032633	supercritical
167.00	63.000	270.78	0.0036930	58.725	81.991	4.4884	0.85252	3.6153	204.42	0.59684	1.7936e-05	0.031415	supercritical
168.00	63.000	260.52	0.0038385	61.251	85.433	4.5089	0.83945	3.2829	206.63	0.60005	1.7651e-05	0.030435	supercritical
169.00	63.000	251.64	0.0039739	63.546	88.581	4.5276	0.82834	3.0239	208.73	0.60133	1.7426e-05	0.029629	supercritical
170.00	63.000	243.83	0.0041012	65.660	91.498	4.5448	0.81873	2.8163	210.75	0.60119	1.7247e-05	0.028955	supercritical
171.00	63.000	236.87	0.0042218	67.629	94.226	4.5608	0.81027	2.6461	212.69	0.59999	1.7103e-05	0.028383	supercritical
172.00	63.000	230.59	0.0043366	69.479	96.799	4.5758	0.80272	2.5039	214.56	0.59797	1.6987e-05	0.027893	supercritical
173.00	63.000	224.89	0.0044466	71.228	99.241	4.5900	0.79593	2.3832	216.37	0.59533	1.6893e-05	0.027468	supercritical
174.00	63.000	219.67	0.0045522	72.892	101.57	4.6034	0.78974	2.2795	218.13	0.59221	1.6817e-05	0.027098	supercritical
175.00	63.000	214.86	0.0046542	74.483	103.80	4.6162	0.78408	2.1893	219.84	0.58871	1.6756e-05	0.026773	supercritical
176.00	63.000	210.40	0.0047529	76.011	105.95	4.6285	0.77885	2.1101	221.51	0.58492	1.6708e-05	0.026487	supercritical
177.00	63.000	206.25	0.0048486	77.482	108.03	4.6402	0.77400	2.0400	223.14	0.58091	1.6671e-05	0.026235	supercritical
178.00	63.000	202.36	0.0049416	78.904	110.04	4.6515	0.76947	1.9775	224.73	0.57671	1.6642e-05	0.026010	supercritical
179.00	63.000	198.72	0.0050323	80.282	111.99	4.6624	0.76524	1.9213	226.29	0.57239	1.6622e-05	0.025811	supercritical
180.00	63.000	195.28	0.0051208	81.620	113.88	4.6730	0.76127	1.8706	227.81	0.56796	1.6609e-05	0.025633	supercritical
181.00	63.000	192.04	0.0052073	82.922	115.73	4.6832	0.75754	1.8245	229.30	0.56346	1.6601e-05	0.025474	supercritical
182.00	63.000	188.96	0.0052920	84.191	117.53	4.6932	0.75401	1.7825	230.77	0.55890	1.6599e-05	0.025333	supercritical
183.00	63.000	186.05	0.0053750	85.432	119.29	4.7028	0.75068	1.7440	232.21	0.55432	1.6602e-05	0.025206	supercritical
184.00	63.000	183.27	0.0054564	86.645	121.02	4.7122	0.74752	1.7086	233.62	0.54971	1.6608e-05	0.025094	supercritical
185.00	63.000	180.62	0.0055364	87.833	122.71	4.7214	0.74452	1.6759	235.01	0.54509	1.6619e-05	0.024993	supercritical
186.00	63.000	178.09	0.0056151	88.998	124.37	4.7304	0.74168	1.6456	236.37	0.54047	1.6633e-05	0.024904	supercritical
187.00	63.000	175.67	0.0056925	90.141	126.00	4.7391	0.73897	1.6175	237.72	0.53586	1.6650e-05	0.024825	supercritical
188.00	63.000	173.35	0.0057687	91.266	127.61	4.7477	0.73639	1.5914	239.04	0.53127	1.6669e-05	0.024755	supercritical
189.00	63.000	171.12	0.0058438	92.371	129.19	4.7560	0.73393	1.5669	240.34	0.52671	1.6691e-05	0.024694	supercritical
190.00	63.000	168.98	0.0059179	93.460	130.74	4.7642	0.73158	1.5441	241.62	0.52216	1.6716e-05	0.024640	supercritical
191.00	63.000	166.92	0.0059910	94.533	132.28	4.7723	0.72933	1.5227	242.89	0.51765	1.6742e-05	0.024593	supercritical
192.00	63.000	164.93	0.0060632	95.590	133.79	4.7802	0.72719	1.5025	244.13	0.51318	1.6771e-05	0.024552	supercritical
193.00	63.000	163.01	0.0061345	96.634	135.28	4.7879	0.72514	1.4836	245.36	0.50874	1.6801e-05	0.024518	supercritical
194.00	63.000	161.16	0.0062050	97.665	136.76	4.7956	0.72317	1.4657	246.58	0.50434	1.6832e-05	0.024489	supercritical
195.00	63.000	159.37	0.0062747	98.683	138.21	4.8031	0.72129	1.4488	247.78	0.49998	1.6865e-05	0.024466	supercritical
196.00	63.000	157.64	0.0063436	99.689	139.65	4.8104	0.71949	1.4329	248.96	0.49567	1.6900e-05	0.024447	supercritical
197.00	63.000	155.96	0.0064119	100.68	141.08	4.8177	0.71776	1.4177	250.13	0.49139	1.6935e-05	0.024432	supercritical
198.00	63.000	154.33	0.0064795	101.67	142.49	4.8248	0.71610	1.4034	251.28	0.48716	1.6972e-05	0.024422	supercritical
199.00	63.000	152.76	0.0065464	102.64	143.89	4.8319	0.71450	1.3897	252.42	0.48298	1.7010e-05	0.024415	supercritical
200.00	63.000	151.22	0.0066127	103.61	145.27	4.8388	0.71297	1.3768	253.55	0.47884	1.7049e-05	0.024412	supercritical
201.00	63.000	149.74	0.0066785	104.57	146.64	4.8456	0.71150	1.3644	254.66	0.47474	1.7089e-05	0.024412	supercritical
202.00	63.000	148.29	0.0067436	105.51	148.00	4.8524	0.71008	1.3526	255.77	0.47070	1.7129e-05	0.024416	supercritical
203.00	63.000	146.88	0.0068083	106.45	149.35	4.8590	0.70872	1.3414	256.86	0.46669	1.7171e-05	0.024422	supercritical
204.00	63.000	145.51	0.0068724	107.39	150.68	4.8656	0.70741	1.3307	257.94	0.46274	1.7213e-05	0.024432	supercritical
205.00	63.000	144.17	0.0069360	108.31	152.01	4.8721	0.70615	1.3204	259.01	0.45883	1.7255e-05	0.024443	supercritical
206.00	63.000	142.87	0.0069992	109.23	153.32	4.8785	0.70494	1.3106	260.06	0.45496	1.7299e-05	0.024458	supercritical
207.00	63.000	141.61	0.0070619	110.14	154.63	4.8848	0.70377	1.3012	261.11	0.45114	1.7343e-05	0.024474	supercritical
208.00	63.000	140.37	0.0071241	111.04	155.92	4.8910	0.70264	1.2921	262.15	0.44736	1.7387e-05	0.024493	supercritical
209.00	63.000	139.16	0.0071860	111.94	157.21	4.8972	0.70155	1.2835	263.17	0.44363	1.7433e-05	0.024514	supercritical
210.00	63.000	137.98	0.0072474	112.83	158.49	4.9033	0.70051	1.2752	264.19	0.43995	1.7478e-05	0.024537	supercritical
211.00	63.000	136.83	0.0073084	113.72	159.76	4.9094	0.69950	1.2672	265.20	0.43630	1.7524e-05	0.024562	supercritical
212.00	63.000	135.70	0.0073691	114.60	161.03	4.9153	0.69852	1.2595	266.20	0.43270	1.7571e-05	0.024588	supercritical
213.00	63.000	134.60	0.0074293	115.48	162.28	4.9212	0.69758	1.2521	267.19	0.42914	1.7618e-05	0.024616	supercritical
214.00	63.000	133.52	0.0074893	116.35	163.53	4.9271	0.69667	1.2450	268.17	0.42562	1.7665e-05	0.024646	supercritical
215.00	63.000	132.47	0.0075489	117.21	164.77	4.9329	0.69580	1.2381	269.14	0.42215	1.7712e-05	0.024677	supercritical
216.00	63.000	131.44	0.0076081	118.08	166.01	4.9386	0.69495	1.2315	270.11	0.41871	1.7760e-05	0.024710	supercritical
217.00	63.000	130.43	0.0076671	118.93	167.24	4.9443	0.69413	1.2251	271.06	0.41532	1.7809e-05	0.024744	supercritical
218.00	63.000	129.44	0.0077257	119.79	168.46	4.9499	0.69334	1.2189	272.01	0.41197	1.7857e-05	0.024779	supercritical
219.00	63.000	128.47	0.0077840	120.63	169.67	4.9555	0.69258	1.2130	272.95	0.40865	1.7906e-05	0.024815	supercritical
220.00	63.000	127.52	0.0078420	121.48	170.88	4.9610	0.69184	1.2072	273.89	0.40538	1.7955e-05	0.024853	supercritical
221.00	63.000	126.59	0.0078998	122.32	172.09	4.9664	0.69113	1.2017	274.82	0.40214	1.8004e-05	0.024892	supercritical
222.00	63.000	125.67	0.0079573	123.16	173.29	4.9719	0.69044	1.1963	275.74	0.39894	1.8054e-05	0.024931	supercritical
223.00	63.000	124.77	0.0080145	123.99	174.48	4.9772	0.68977	1.1911	276.65	0.39577	1.8103e-05	0.024972	supercritical
224.00	63.000	123.89	0.0080714	124.82	175.67	4.9825	0.68913	1.1861	277.56	0.39265	1.8153e-05	0.025014	supercritical
225.00	63.000	123.03	0.0081281	125.65	176.85	4.9878	0.68851	1.1812	278.46	0.38955	1.8204e-05	0.025057	supercritical
226.00	63.000	122.18	0.0081846	126.47	178.03	4.9930	0.68790	1.1765	279.35	0.38650	1.8254e-05	0.025101	supercritical
227.00	63.000	121.35	0.0082408	127.29	179.21	4.9982	0.68732	1.1719	280.24	0.38348	1.8304e-05	0.025145	supercritical
228.00	63.000	120.53	0.0082968	128.11	180.37	5.0034	0.68676	1.1674	281.12	0.38049	1.8355e-05	0.025190	supercritical
229.00	63.000	119.72	0.0083525	128.92	181.54	5.0085	0.68621	1.1631	281.99	0.37754	1.8406e-05	0.025237	supercritical
230.00	63.000	118.93	0.0084081	129.73	182.70	5.0135	0.68568	1.1589	282.86	0.37462	1.8457e-05	0.025283	supercritical
231.00	63.000	118.16	0.0084634	130.54	183.86	5.0185	0.68517	1.1549	283.72	0.37173	1.8508e-05	0.025331	supercritical
232.00	63.000	117.39	0.0085185	131.34	185.01	5.0235	0.68468	1.1509	284.58	0.36888	1.8559e-05	0.025379	supercritical
233.00	63.000	116.64	0.0085735	132.15	186.16	5.0285	0.68420	1.1471	285.43	0.36605	1.8610e-05	0.025428	supercritical
234.00	63.000	115.90	0.0086282	132.95	187.31	5.0334	0.68374	1.1434	286.28	0.36326	1.8661e-05	0.025478	supercritical
235.00	63.000	115.17	0.0086827	133.75	188.45	5.0382	0.68329	1.1397	287.12	0.36050	1.8713e-05	0.025528	supercritical
236.00	63.000	114.46	0.0087370	134.54	189.58	5.0431	0.68286	1.1362	287.96	0.35777	1.8764e-05	0.025579	supercritical
237.00	63.000	113.75	0.0087912	135.33	190.72	5.0479	0.68244	1.1328	288.79	0.35507	1.8816e-05	0.025630	supercritical
238.00	63.000	113.06	0.0088452	136.13	191.85	5.0526	0.68203	1.1295	289.61	0.35239	1.8868e-05	0.025682	supercritical
239.00	63.000	112.37	0.0088990	136.91	192.98	5.0574	0.68164	1.1262	290.43	0.34975	1.8919e-05	0.025734	supercritical
240.00	63.000	111.70	0.0089526	137.70	194.10	5.0621	0.68126	1.1230	291.25	0.34713	1.8971e-05	0.025787	supercritical
241.00	63.000	111.04	0.0090061	138.49	195.22	5.0667	0.68089	1.1200	292.06	0.34455	1.9023e-05	0.025841	supercritical
242.00	63.000	110.38	0.0090594	139.27	196.34	5.0713	0.68054	1.1170	292.87	0.34199	1.9075e-05	0.025894	supercritical
243.00	63.000	109.74	0.0091125	140.05	197.46	5.0759	0.68019	1.1141	293.67	0.33945	1.9127e-05	0.025949	supercritical
244.00	63.000	109.10	0.0091655	140.83	198.57	5.0805	0.67986	1.1112	294.47	0.33695	1.9179e-05	0.026003	supercritical
245.00	63.000	108.48	0.0092183	141.61	199.68	5.0851	0.67954	1.1084	295.26	0.33447	1.9231e-05	0.026059	supercritical
246.00	63.000	107.86	0.0092710	142.38	200.79	5.0896	0.67923	1.1057	296.05	0.33201	1.9284e-05	0.026114	supercritical
247.00	63.000	107.26	0.0093235	143.15	201.89	5.0940	0.67893	1.1031	296.83	0.32958	1.9336e-05	0.026170	supercritical
248.00	63.000	106.66	0.0093759	143.93	202.99	5.0985	0.67864	1.1005	297.61	0.32718	1.9388e-05	0.026226	supercritical
249.00	63.000	106.06	0.0094282	144.70	204.09	5.1029	0.67836	1.0980	298.39	0.32480	1.9440e-05	0.026283	supercritical
250.00	63.000	105.48	0.0094803	145.46	205.19	5.1073	0.67809	1.0956	299.16	0.32244	1.9492e-05	0.026340	supercritical
251.00	63.000	104.91	0.0095323	146.23	206.28	5.1117	0.67783	1.0932	299.93	0.32011	1.9545e-05	0.026397	supercritical
252.00	63.000	104.34	0.0095841	147.00	207.38	5.1160	0.67758	1.0908	300.69	0.31780	1.9597e-05	0.026455	supercritical
253.00	63.000	103.78	0.0096359	147.76	208.47	5.1203	0.67734	1.0885	301.45	0.31551	1.9649e-05	0.026513	supercritical
254.00	63.000	103.23	0.0096875	148.52	209.55	5.1246	0.67710	1.0863	302.21	0.31325	1.9702e-05	0.026571	supercritical
255.00	63.000	102.68	0.0097389	149.28	210.64	5.1289	0.67688	1.0841	302.96	0.31101	1.9754e-05	0.026630	supercritical
256.00	63.000	102.14	0.0097903	150.04	211.72	5.1331	0.67666	1.0820	303.71	0.30879	1.9806e-05	0.026689	supercritical
257.00	63.000	101.61	0.0098415	150.80	212.80	5.1374	0.67645	1.0799	304.45	0.30660	1.9859e-05	0.026748	supercritical
258.00	63.000	101.09	0.0098927	151.56	213.88	5.1415	0.67625	1.0779	305.19	0.30442	1.9911e-05	0.026808	supercritical
259.00	63.000	100.57	0.0099437	152.31	214.96	5.1457	0.67606	1.0759	305.93	0.30227	1.9964e-05	0.026867	supercritical
260.00	63.000	100.05	0.0099946	153.07	216.03	5.1499	0.67587	1.0740	306.66	0.30013	2.0016e-05	0.026927	supercritical
261.00	63.000	99.549	0.010045	153.82	217.11	5.1540	0.67570	1.0721	307.40	0.29802	2.0068e-05	0.026987	supercritical
262.00	63.000	99.049	0.010096	154.57	218.18	5.1581	0.67552	1.0703	308.12	0.29593	2.0121e-05	0.027048	supercritical
263.00	63.000	98.555	0.010147	155.32	219.25	5.1621	0.67536	1.0684	308.85	0.29386	2.0173e-05	0.027108	supercritical
264.00	63.000	98.068	0.010197	156.07	220.31	5.1662	0.67520	1.0667	309.57	0.29180	2.0225e-05	0.027169	supercritical
265.00	63.000	97.586	0.010247	156.82	221.38	5.1702	0.67505	1.0649	310.28	0.28977	2.0278e-05	0.027230	supercritical
266.00	63.000	97.109	0.010298	157.57	222.44	5.1742	0.67491	1.0632	311.00	0.28775	2.0330e-05	0.027291	supercritical
267.00	63.000	96.638	0.010348	158.32	223.51	5.1782	0.67477	1.0616	311.71	0.28576	2.0382e-05	0.027353	supercritical
268.00	63.000	96.173	0.010398	159.06	224.57	5.1822	0.67464	1.0600	312.42	0.28378	2.0435e-05	0.027414	supercritical
269.00	63.000	95.713	0.010448	159.81	225.63	5.1861	0.67451	1.0584	313.12	0.28182	2.0487e-05	0.027476	supercritical
270.00	63.000	95.258	0.010498	160.55	226.68	5.1900	0.67440	1.0568	313.82	0.27988	2.0539e-05	0.027538	supercritical
271.00	63.000	94.809	0.010548	161.29	227.74	5.1940	0.67428	1.0553	314.52	0.27795	2.0592e-05	0.027600	supercritical
272.00	63.000	94.364	0.010597	162.03	228.80	5.1978	0.67418	1.0538	315.22	0.27605	2.0644e-05	0.027663	supercritical
273.00	63.000	93.924	0.010647	162.77	229.85	5.2017	0.67407	1.0523	315.91	0.27416	2.0696e-05	0.027725	supercritical
274.00	63.000	93.489	0.010696	163.51	230.90	5.2055	0.67398	1.0509	316.60	0.27229	2.0748e-05	0.027788	supercritical
275.00	63.000	93.059	0.010746	164.25	231.95	5.2094	0.67389	1.0495	317.29	0.27043	2.0800e-05	0.027851	supercritical
276.00	63.000	92.634	0.010795	164.99	233.00	5.2132	0.67380	1.0481	317.97	0.26859	2.0853e-05	0.027913	supercritical
277.00	63.000	92.213	0.010844	165.73	234.05	5.2170	0.67372	1.0468	318.65	0.26677	2.0905e-05	0.027977	supercritical
278.00	63.000	91.797	0.010894	166.46	235.09	5.2207	0.67365	1.0455	319.33	0.26496	2.0957e-05	0.028040	supercritical
279.00	63.000	91.385	0.010943	167.20	236.14	5.2245	0.67358	1.0442	320.01	0.26317	2.1009e-05	0.028103	supercritical
280.00	63.000	90.977	0.010992	167.93	237.18	5.2282	0.67352	1.0429	320.68	0.26140	2.1061e-05	0.028167	supercritical
281.00	63.000	90.574	0.011041	168.67	238.22	5.2319	0.67346	1.0417	321.35	0.25964	2.1113e-05	0.028230	supercritical
282.00	63.000	90.174	0.011090	169.40	239.26	5.2356	0.67340	1.0405	322.02	0.25789	2.1165e-05	0.028294	supercritical
283.00	63.000	89.779	0.011138	170.13	240.30	5.2393	0.67335	1.0393	322.68	0.25616	2.1217e-05	0.028358	supercritical
284.00	63.000	89.388	0.011187	170.86	241.34	5.2430	0.67331	1.0381	323.34	0.25445	2.1269e-05	0.028422	supercritical
285.00	63.000	89.001	0.011236	171.59	242.38	5.2466	0.67327	1.0370	324.00	0.25275	2.1321e-05	0.028486	supercritical
286.00	63.000	88.618	0.011284	172.32	243.42	5.2503	0.67323	1.0359	324.66	0.25106	2.1373e-05	0.028550	supercritical
287.00	63.000	88.239	0.011333	173.05	244.45	5.2539	0.67320	1.0348	325.32	0.24939	2.1424e-05	0.028614	supercritical
288.00	63.000	87.863	0.011381	173.78	245.49	5.2575	0.67318	1.0337	325.97	0.24773	2.1476e-05	0.028678	supercritical
289.00	63.000	87.491	0.011430	174.51	246.52	5.2611	0.67315	1.0327	326.62	0.24609	2.1528e-05	0.028743	supercritical
290.00	63.000	87.123	0.011478	175.24	247.55	5.2646	0.67314	1.0316	327.27	0.24446	2.1580e-05	0.028807	supercritical
291.00	63.000	86.758	0.011526	175.97	248.58	5.2682	0.67312	1.0306	327.91	0.24284	2.1631e-05	0.028872	supercritical
292.00	63.000	86.397	0.011574	176.69	249.61	5.2717	0.67311	1.0296	328.55	0.24124	2.1683e-05	0.028936	supercritical
293.00	63.000	86.039	0.011623	177.42	250.64	5.2752	0.67311	1.0287	329.19	0.23965	2.1735e-05	0.029001	supercritical
294.00	63.000	85.685	0.011671	178.15	251.67	5.2787	0.67311	1.0277	329.83	0.23807	2.1786e-05	0.029066	supercritical
295.00	63.000	85.334	0.011719	178.87	252.70	5.2822	0.67311	1.0268	330.47	0.23651	2.1838e-05	0.029131	supercritical
296.00	63.000	84.987	0.011767	179.59	253.72	5.2857	0.67311	1.0259	331.10	0.23496	2.1889e-05	0.029195	supercritical
297.00	63.000	84.642	0.011814	180.32	254.75	5.2891	0.67312	1.0250	331.73	0.23342	2.1941e-05	0.029260	supercritical
298.00	63.000	84.301	0.011862	181.04	255.77	5.2926	0.67314	1.0241	332.36	0.23189	2.1992e-05	0.029325	supercritical
299.00	63.000	83.963	0.011910	181.76	256.80	5.2960	0.67316	1.0233	332.99	0.23038	2.2044e-05	0.029390	supercritical
300.00	63.000	83.628	0.011958	182.49	257.82	5.2994	0.67318	1.0224	333.61	0.22888	2.2095e-05	0.029456	supercritical
301.00	63.000	83.297	0.012005	183.21	258.84	5.3028	0.67320	1.0216	334.24	0.22739	2.2146e-05	0.029521	supercritical
302.00	63.000	82.968	0.012053	183.93	259.86	5.3062	0.67323	1.0208	334.86	0.22591	2.2197e-05	0.029586	supercritical
303.00	63.000	82.642	0.012100	184.65	260.88	5.3096	0.67326	1.0200	335.48	0.22444	2.2249e-05	0.029651	supercritical
304.00	63.000	82.319	0.012148	185.37	261.90	5.3130	0.67330	1.0192	336.09	0.22299	2.2300e-05	0.029716	supercritical
305.00	63.000	81.999	0.012195	186.09	262.92	5.3163	0.67334	1.0184	336.71	0.22154	2.2351e-05	0.029781	supercritical
306.00	63.000	81.682	0.012243	186.81	263.94	5.3196	0.67338	1.0177	337.32	0.22011	2.2402e-05	0.029846	supercritical
307.00	63.000	81.368	0.012290	187.53	264.96	5.3229	0.67343	1.0170	337.93	0.21869	2.2453e-05	0.029911	supercritical
308.00	63.000	81.056	0.012337	188.25	265.97	5.3263	0.67348	1.0162	338.54	0.21728	2.2504e-05	0.029975	supercritical
309.00	63.000	80.747	0.012384	188.97	266.99	5.3295	0.67353	1.0155	339.14	0.21588	2.2555e-05	0.030039	supercritical
310.00	63.000	80.441	0.012432	189.69	268.01	5.3328	0.67359	1.0149	339.75	0.21449	2.2606e-05	0.030103	supercritical
311.00	63.000	80.137	0.012479	190.40	269.02	5.3361	0.67365	1.0142	340.35	0.21311	2.2657e-05	0.030170	supercritical
312.00	63.000	79.836	0.012526	191.12	270.03	5.3394	0.67371	1.0135	340.95	0.21174	2.2708e-05	0.030237	supercritical
313.00	63.000	79.538	0.012573	191.84	271.05	5.3426	0.67377	1.0129	341.55	0.21039	2.2759e-05	0.030304	supercritical
314.00	63.000	79.242	0.012620	192.56	272.06	5.3458	0.67384	1.0122	342.15	0.20904	2.2809e-05	0.030370	supercritical
315.00	63.000	78.948	0.012667	193.27	273.07	5.3490	0.67391	1.0116	342.74	0.20770	2.2860e-05	0.030437	supercritical
316.00	63.000	78.657	0.012713	193.99	274.08	5.3522	0.67399	1.0110	343.33	0.20637	2.2911e-05	0.030504	supercritical
317.00	63.000	78.369	0.012760	194.70	275.09	5.3554	0.67407	1.0104	343.92	0.20506	2.2961e-05	0.030571	supercritical
318.00	63.000	78.083	0.012807	195.42	276.10	5.3586	0.67415	1.0098	344.51	0.20375	2.3012e-05	0.030638	supercritical
319.00	63.000	77.799	0.012854	196.13	277.11	5.3618	0.67423	1.0092	345.10	0.20245	2.3062e-05	0.030705	supercritical
320.00	63.000	77.517	0.012900	196.85	278.12	5.3649	0.67432	1.0087	345.69	0.20116	2.3113e-05	0.030772	supercritical
321.00	63.000	77.238	0.012947	197.56	279.13	5.3681	0.67441	1.0081	346.27	0.19989	2.3163e-05	0.030839	supercritical
322.00	63.000	76.961	0.012994	198.28	280.14	5.3712	0.67450	1.0076	346.85	0.19862	2.3214e-05	0.030906	supercritical
323.00	63.000	76.686	0.013040	198.99	281.15	5.3744	0.67460	1.0071	347.43	0.19736	2.3264e-05	0.030973	supercritical
324.00	63.000	76.414	0.013087	199.71	282.15	5.3775	0.67469	1.0065	348.01	0.19611	2.3314e-05	0.031040	supercritical
325.00	63.000	76.144	0.013133	200.42	283.16	5.3806	0.67479	1.0060	348.59	0.19486	2.3365e-05	0.031107	supercritical
326.00	63.000	75.875	0.013179	201.13	284.16	5.3837	0.67490	1.0055	349.16	0.19363	2.3415e-05	0.031174	supercritical
327.00	63.000	75.609	0.013226	201.85	285.17	5.3867	0.67500	1.0051	349.74	0.19241	2.3465e-05	0.031241	supercritical
328.00	63.000	75.345	0.013272	202.56	286.17	5.3898	0.67511	1.0046	350.31	0.19119	2.3515e-05	0.031309	supercritical
329.00	63.000	75.083	0.013319	203.27	287.18	5.3929	0.67522	1.0041	350.88	0.18998	2.3565e-05	0.031376	supercritical
330.00	63.000	74.824	0.013365	203.98	288.18	5.3959	0.67534	1.0037	351.45	0.18879	2.3615e-05	0.031443	supercritical
331.00	63.000	74.566	0.013411	204.70	289.19	5.3989	0.67545	1.0032	352.01	0.18760	2.3665e-05	0.031510	supercritical
332.00	63.000	74.310	0.013457	205.41	290.19	5.4020	0.67557	1.0028	352.58	0.18642	2.3715e-05	0.031577	supercritical
333.00	63.000	74.056	0.013503	206.12	291.19	5.4050	0.67569	1.0024	353.14	0.18524	2.3765e-05	0.031644	supercritical
334.00	63.000	73.804	0.013549	206.83	292.19	5.4080	0.67582	1.0019	353.70	0.18408	2.3815e-05	0.031712	supercritical
335.00	63.000	73.554	0.013596	207.54	293.20	5.4110	0.67594	1.0015	354.26	0.18292	2.3865e-05	0.031779	supercritical
336.00	63.000	73.306	0.013642	208.26	294.20	5.4140	0.67607	1.0011	354.82	0.18178	2.3914e-05	0.031846	supercritical
337.00	63.000	73.059	0.013688	208.97	295.20	5.4169	0.67620	1.0007	355.38	0.18063	2.3964e-05	0.031913	supercritical
338.00	63.000	72.815	0.013733	209.68	296.20	5.4199	0.67634	1.0004	355.94	0.17950	2.4014e-05	0.031981	supercritical
339.00	63.000	72.572	0.013779	210.39	297.20	5.4229	0.67647	0.99998	356.49	0.17838	2.4063e-05	0.032048	supercritical
340.00	63.000	72.331	0.013825	211.10	298.20	5.4258	0.67661	0.99962	357.04	0.17726	2.4113e-05	0.032115	supercritical
341.00	63.000	72.092	0.013871	211.81	299.20	5.4287	0.67675	0.99926	357.59	0.17615	2.4162e-05	0.032182	supercritical
342.00	63.000	71.855	0.013917	212.52	300.20	5.4317	0.67690	0.99892	358.14	0.17505	2.4212e-05	0.032250	supercritical
343.00	63.000	71.619	0.013963	213.23	301.20	5.4346	0.67704	0.99858	358.69	0.17396	2.4261e-05	0.032317	supercritical
344.00	63.000	71.385	0.014009	213.94	302.19	5.4375	0.67719	0.99825	359.24	0.17287	2.4311e-05	0.032384	supercritical
345.00	63.000	71.153	0.014054	214.65	303.19	5.4404	0.67734	0.99792	359.78	0.17179	2.4360e-05	0.032451	supercritical
346.00	63.000	70.922	0.014100	215.36	304.19	5.4433	0.67749	0.99761	360.33	0.17072	2.4409e-05	0.032519	supercritical
347.00	63.000	70.693	0.014146	216.07	305.19	5.4462	0.67764	0.99730	360.87	0.16966	2.4459e-05	0.032586	supercritical
348.00	63.000	70.466	0.014191	216.78	306.18	5.4490	0.67780	0.99700	361.41	0.16860	2.4508e-05	0.032653	supercritical
349.00	63.000	70.240	0.014237	217.49	307.18	5.4519	0.67796	0.99671	361.95	0.16755	2.4557e-05	0.032720	supercritical
350.00	63.000	70.016	0.014282	218.20	308.18	5.4547	0.67812	0.99642	362.49	0.16650	2.4606e-05	0.032788	supercritical
351.00	63.000	69.794	0.014328	218.91	309.17	5.4576	0.67828	0.99614	363.03	0.16547	2.4655e-05	0.032855	supercritical
352.00	63.000	69.573	0.014373	219.62	310.17	5.4604	0.67844	0.99587	363.56	0.16444	2.4704e-05	0.032922	supercritical
353.00	63.000	69.353	0.014419	220.33	311.17	5.4632	0.67861	0.99561	364.10	0.16342	2.4753e-05	0.032990	supercritical
354.00	63.000	69.136	0.014464	221.04	312.16	5.4661	0.67878	0.99535	364.63	0.16240	2.4802e-05	0.033057	supercritical
355.00	63.000	68.919	0.014510	221.75	313.16	5.4689	0.67895	0.99510	365.16	0.16139	2.4851e-05	0.033124	supercritical
356.00	63.000	68.704	0.014555	222.45	314.15	5.4717	0.67912	0.99485	365.69	0.16039	2.4900e-05	0.033191	supercritical
357.00	63.000	68.491	0.014600	223.16	315.15	5.4744	0.67930	0.99462	366.22	0.15939	2.4948e-05	0.033259	supercritical
358.00	63.000	68.279	0.014646	223.87	316.14	5.4772	0.67947	0.99439	366.75	0.15840	2.4997e-05	0.033326	supercritical
359.00	63.000	68.068	0.014691	224.58	317.14	5.4800	0.67965	0.99416	367.27	0.15742	2.5046e-05	0.033393	supercritical
360.00	63.000	67.859	0.014736	225.29	318.13	5.4828	0.67983	0.99394	367.80	0.15645	2.5094e-05	0.033460	supercritical
361.00	63.000	67.652	0.014782	226.00	319.12	5.4855	0.68001	0.99373	368.32	0.15547	2.5143e-05	0.033528	supercritical
362.00	63.000	67.445	0.014827	226.71	320.12	5.4883	0.68020	0.99353	368.84	0.15451	2.5192e-05	0.033595	supercritical
363.00	63.000	67.240	0.014872	227.42	321.11	5.4910	0.68038	0.99333	369.36	0.15355	2.5240e-05	0.033662	supercritical
364.00	63.000	67.037	0.014917	228.13	322.10	5.4937	0.68057	0.99313	369.88	0.15260	2.5289e-05	0.033729	supercritical
365.00	63.000	66.835	0.014962	228.83	323.10	5.4965	0.68076	0.99294	370.40	0.15166	2.5337e-05	0.033797	supercritical
366.00	63.000	66.634	0.015007	229.54	324.09	5.4992	0.68095	0.99276	370.92	0.15072	2.5385e-05	0.033864	supercritical
367.00	63.000	66.434	0.015052	230.25	325.08	5.5019	0.68114	0.99259	371.43	0.14978	2.5434e-05	0.033931	supercritical
368.00	63.000	66.236	0.015098	230.96	326.07	5.5046	0.68134	0.99242	371.95	0.14886	2.5482e-05	0.033998	supercritical
369.00	63.000	66.039	0.015143	231.67	327.07	5.5073	0.68153	0.99225	372.46	0.14794	2.5530e-05	0.034065	supercritical
370.00	63.000	65.843	0.015188	232.38	328.06	5.5100	0.68173	0.99209	372.97	0.14702	2.5578e-05	0.034133	supercritical
371.00	63.000	65.649	0.015233	233.09	329.05	5.5127	0.68193	0.99194	373.49	0.14611	2.5626e-05	0.034200	supercritical
372.00	63.000	65.456	0.015277	233.79	330.04	5.5153	0.68213	0.99179	374.00	0.14521	2.5674e-05	0.034267	supercritical
373.00	63.000	65.264	0.015322	234.50	331.03	5.5180	0.68233	0.99165	374.50	0.14431	2.5722e-05	0.034334	supercritical
374.00	63.000	65.073	0.015367	235.21	332.03	5.5206	0.68254	0.99151	375.01	0.14341	2.5770e-05	0.034401	supercritical
375.00	63.000	64.884	0.015412	235.92	333.02	5.5233	0.68274	0.99138	375.52	0.14253	2.5818e-05	0.034468	supercritical
376.00	63.000	64.695	0.015457	236.63	334.01	5.5259	0.68295	0.99125	376.02	0.14165	2.5866e-05	0.034535	supercritical
377.00	63.000	64.508	0.015502	237.34	335.00	5.5286	0.68316	0.99113	376.53	0.14077	2.5914e-05	0.034602	supercritical
378.00	63.000	64.322	0.015547	238.05	335.99	5.5312	0.68337	0.99101	377.03	0.13990	2.5962e-05	0.034670	supercritical
379.00	63.000	64.138	0.015591	238.76	336.98	5.5338	0.68358	0.99089	377.53	0.13903	2.6010e-05	0.034737	supercritical
380.00	63.000	63.954	0.015636	239.46	337.97	5.5364	0.68380	0.99079	378.03	0.13817	2.6057e-05	0.034804	supercritical
381.00	63.000	63.771	0.015681	240.17	338.96	5.5390	0.68401	0.99068	378.53	0.13732	2.6105e-05	0.034871	supercritical
382.00	63.000	63.590	0.015726	240.88	339.95	5.5416	0.68423	0.99059	379.03	0.13647	2.6153e-05	0.034938	supercritical
383.00	63.000	63.410	0.015770	241.59	340.94	5.5442	0.68445	0.99049	379.53	0.13563	2.6200e-05	0.035005	supercritical
384.00	63.000	63.231	0.015815	242.30	341.94	5.5468	0.68467	0.99040	380.02	0.13479	2.6248e-05	0.035072	supercritical
385.00	63.000	63.053	0.015860	243.01	342.93	5.5494	0.68489	0.99032	380.52	0.13395	2.6295e-05	0.035139	supercritical
386.00	63.000	62.876	0.015904	243.72	343.92	5.5519	0.68511	0.99024	381.01	0.13312	2.6343e-05	0.035206	supercritical
387.00	63.000	62.700	0.015949	244.43	344.91	5.5545	0.68534	0.99016	381.50	0.13230	2.6390e-05	0.035273	supercritical
388.00	63.000	62.525	0.015994	245.14	345.90	5.5570	0.68556	0.99009	382.00	0.13148	2.6437e-05	0.035340	supercritical
389.00	63.000	62.351	0.016038	245.85	346.89	5.5596	0.68579	0.99002	382.49	0.13067	2.6485e-05	0.035407	supercritical
390.00	63.000	62.179	0.016083	246.56	347.88	5.5621	0.68602	0.98996	382.98	0.12986	2.6532e-05	0.035474	supercritical
391.00	63.000	62.007	0.016127	247.26	348.87	5.5647	0.68625	0.98990	383.47	0.12905	2.6579e-05	0.035540	supercritical
392.00	63.000	61.836	0.016172	247.97	349.86	5.5672	0.68648	0.98985	383.95	0.12826	2.6626e-05	0.035607	supercritical
393.00	63.000	61.667	0.016216	248.68	350.85	5.5697	0.68671	0.98980	384.44	0.12746	2.6673e-05	0.035674	supercritical
394.00	63.000	61.498	0.016261	249.39	351.84	5.5722	0.68694	0.98975	384.93	0.12667	2.6721e-05	0.035741	supercritical
395.00	63.000	61.331	0.016305	250.10	352.83	5.5747	0.68718	0.98971	385.41	0.12589	2.6768e-05	0.035808	supercritical
396.00	63.000	61.164	0.016349	250.81	353.82	5.5773	0.68741	0.98967	385.89	0.12511	2.6815e-05	0.035875	supercritical
397.00	63.000	60.998	0.016394	251.52	354.80	5.5797	0.68765	0.98963	386.38	0.12433	2.6862e-05	0.035942	supercritical
398.00	63.000	60.834	0.016438	252.23	355.79	5.5822	0.68789	0.98960	386.86	0.12356	2.6908e-05	0.036008	supercritical
399.00	63.000	60.670	0.016483	252.94	356.78	5.5847	0.68813	0.98957	387.34	0.12279	2.6955e-05	0.036075	supercritical
400.00	63.000	60.507	0.016527	253.65	357.77	5.5872	0.68837	0.98955	387.82	0.12203	2.7002e-05	0.036142	supercritical
401.00	63.000	60.345	0.016571	254.36	358.76	5.5897	0.68861	0.98953	388.30	0.12127	2.7049e-05	0.036209	supercritical
402.00	63.000	60.184	0.016616	255.07	359.75	5.5921	0.68885	0.98952	388.77	0.12052	2.7096e-05	0.036275	supercritical
403.00	63.000	60.024	0.016660	255.78	360.74	5.5946	0.68910	0.98950	389.25	0.11977	2.7142e-05	0.036342	supercritical
404.00	63.000	59.865	0.016704	256.50	361.73	5.5970	0.68934	0.98949	389.73	0.11903	2.7189e-05	0.036409	supercritical
405.00	63.000	59.707	0.016748	257.21	362.72	5.5995	0.68959	0.98949	390.20	0.11829	2.7235e-05	0.036475	supercritical
406.00	63.000	59.550	0.016793	257.92	363.71	5.6019	0.68984	0.98949	390.67	0.11755	2.7282e-05	0.036542	supercritical
407.00	63.000	59.393	0.016837	258.63	364.70	5.6044	0.69009	0.98949	391.15	0.11682	2.7329e-05	0.036609	supercritical
408.00	63.000	59.238	0.016881	259.34	365.69	5.6068	0.69034	0.98949	391.62	0.11610	2.7375e-05	0.036675	supercritical
409.00	63.000	59.083	0.016925	260.05	366.68	5.6092	0.69059	0.98950	392.09	0.11537	2.7421e-05	0.036742	supercritical
410.00	63.000	58.929	0.016969	260.76	367.67	5.6116	0.69084	0.98951	392.56	0.11465	2.7468e-05	0.036809	supercritical
411.00	63.000	58.777	0.017014	261.47	368.66	5.6140	0.69109	0.98953	393.03	0.11394	2.7514e-05	0.036875	supercritical
412.00	63.000	58.625	0.017058	262.18	369.65	5.6164	0.69135	0.98954	393.50	0.11323	2.7560e-05	0.036942	supercritical
413.00	63.000	58.473	0.017102	262.90	370.64	5.6188	0.69160	0.98957	393.96	0.11252	2.7607e-05	0.037008	supercritical
414.00	63.000	58.323	0.017146	263.61	371.63	5.6212	0.69186	0.98959	394.43	0.11182	2.7653e-05	0.037075	supercritical
415.00	63.000	58.173	0.017190	264.32	372.62	5.6236	0.69211	0.98962	394.90	0.11112	2.7699e-05	0.037141	supercritical
416.00	63.000	58.025	0.017234	265.03	373.61	5.6260	0.69237	0.98965	395.36	0.11043	2.7745e-05	0.037208	supercritical
417.00	63.000	57.877	0.017278	265.74	374.60	5.6284	0.69263	0.98968	395.82	0.10974	2.7791e-05	0.037274	supercritical
418.00	63.000	57.730	0.017322	266.46	375.59	5.6308	0.69289	0.98972	396.29	0.10905	2.7837e-05	0.037340	supercritical
419.00	63.000	57.583	0.017366	267.17	376.58	5.6331	0.69315	0.98975	396.75	0.10837	2.7883e-05	0.037407	supercritical
420.00	63.000	57.438	0.017410	267.88	377.56	5.6355	0.69341	0.98980	397.21	0.10769	2.7929e-05	0.037473	supercritical
421.00	63.000	57.293	0.017454	268.59	378.55	5.6378	0.69368	0.98984	397.67	0.10702	2.7975e-05	0.037540	supercritical
422.00	63.000	57.149	0.017498	269.31	379.54	5.6402	0.69394	0.98989	398.13	0.10635	2.8021e-05	0.037606	supercritical
423.00	63.000	57.006	0.017542	270.02	380.53	5.6425	0.69420	0.98994	398.59	0.10568	2.8067e-05	0.037672	supercritical
424.00	63.000	56.863	0.017586	270.73	381.52	5.6449	0.69447	0.98999	399.05	0.10502	2.8113e-05	0.037739	supercritical
425.00	63.000	56.722	0.017630	271.45	382.51	5.6472	0.69474	0.99005	399.50	0.10436	2.8158e-05	0.037805	supercritical
426.00	63.000	56.581	0.017674	272.16	383.50	5.6495	0.69500	0.99011	399.96	0.10370	2.8204e-05	0.037871	supercritical
427.00	63.000	56.441	0.017718	272.87	384.49	5.6518	0.69527	0.99017	400.41	0.10305	2.8250e-05	0.037937	supercritical
428.00	63.000	56.301	0.017762	273.59	385.48	5.6542	0.69554	0.99023	400.87	0.10240	2.8295e-05	0.038004	supercritical
429.00	63.000	56.163	0.017805	274.30	386.48	5.6565	0.69581	0.99030	401.32	0.10176	2.8341e-05	0.038070	supercritical
430.00	63.000	56.025	0.017849	275.01	387.47	5.6588	0.69608	0.99037	401.77	0.10112	2.8386e-05	0.038136	supercritical
431.00	63.000	55.887	0.017893	275.73	388.46	5.6611	0.69635	0.99044	402.23	0.10048	2.8432e-05	0.038202	supercritical
432.00	63.000	55.751	0.017937	276.44	389.45	5.6634	0.69662	0.99051	402.68	0.099846	2.8477e-05	0.038268	supercritical
433.00	63.000	55.615	0.017981	277.16	390.44	5.6657	0.69689	0.99059	403.13	0.099216	2.8523e-05	0.038334	supercritical
434.00	63.000	55.480	0.018025	277.87	391.43	5.6679	0.69717	0.99067	403.58	0.098589	2.8568e-05	0.038400	supercritical
435.00	63.000	55.346	0.018068	278.59	392.42	5.6702	0.69744	0.99075	404.02	0.097966	2.8613e-05	0.038466	supercritical
436.00	63.000	55.212	0.018112	279.30	393.41	5.6725	0.69772	0.99083	404.47	0.097346	2.8659e-05	0.038533	supercritical
437.00	63.000	55.079	0.018156	280.02	394.40	5.6748	0.69799	0.99092	404.92	0.096729	2.8704e-05	0.038599	supercritical
438.00	63.000	54.946	0.018200	280.73	395.39	5.6770	0.69827	0.99101	405.37	0.096116	2.8749e-05	0.038665	supercritical
439.00	63.000	54.815	0.018243	281.45	396.38	5.6793	0.69855	0.99110	405.81	0.095506	2.8794e-05	0.038731	supercritical
440.00	63.000	54.684	0.018287	282.17	397.37	5.6816	0.69882	0.99119	406.26	0.094899	2.8839e-05	0.038796	supercritical
441.00	63.000	54.553	0.018331	282.88	398.36	5.6838	0.69910	0.99128	406.70	0.094296	2.8884e-05	0.038862	supercritical
442.00	63.000	54.424	0.018374	283.60	399.36	5.6860	0.69938	0.99138	407.14	0.093696	2.8929e-05	0.038928	supercritical
443.00	63.000	54.295	0.018418	284.31	400.35	5.6883	0.69966	0.99148	407.59	0.093100	2.8974e-05	0.038994	supercritical
444.00	63.000	54.166	0.018462	285.03	401.34	5.6905	0.69994	0.99158	408.03	0.092506	2.9019e-05	0.039060	supercritical
445.00	63.000	54.039	0.018505	285.75	402.33	5.6928	0.70022	0.99168	408.47	0.091916	2.9064e-05	0.039126	supercritical
446.00	63.000	53.911	0.018549	286.46	403.32	5.6950	0.70050	0.99179	408.91	0.091329	2.9109e-05	0.039192	supercritical
447.00	63.000	53.785	0.018593	287.18	404.31	5.6972	0.70079	0.99190	409.35	0.090745	2.9154e-05	0.039258	supercritical
448.00	63.000	53.659	0.018636	287.90	405.31	5.6994	0.70107	0.99201	409.79	0.090165	2.9199e-05	0.039323	supercritical
449.00	63.000	53.534	0.018680	288.62	406.30	5.7016	0.70135	0.99212	410.22	0.089587	2.9243e-05	0.039389	supercritical
450.00	63.000	53.409	0.018723	289.33	407.29	5.7038	0.70163	0.99223	410.66	0.089013	2.9288e-05	0.039455	supercritical
451.00	63.000	53.285	0.018767	290.05	408.28	5.7060	0.70192	0.99235	411.10	0.088441	2.9333e-05	0.039520	supercritical
452.00	63.000	53.162	0.018810	290.77	409.27	5.7082	0.70220	0.99246	411.53	0.087873	2.9377e-05	0.039586	supercritical
453.00	63.000	53.039	0.018854	291.49	410.27	5.7104	0.70249	0.99258	411.97	0.087308	2.9422e-05	0.039652	supercritical
454.00	63.000	52.917	0.018897	292.21	411.26	5.7126	0.70278	0.99270	412.40	0.086746	2.9467e-05	0.039717	supercritical
455.00	63.000	52.795	0.018941	292.92	412.25	5.7148	0.70306	0.99283	412.84	0.086186	2.9511e-05	0.039783	supercritical
456.00	63.000	52.675	0.018985	293.64	413.25	5.7170	0.70335	0.99295	413.27	0.085630	2.9556e-05	0.039849	supercritical
457.00	63.000	52.554	0.019028	294.36	414.24	5.7192	0.70364	0.99308	413.70	0.085077	2.9600e-05	0.039914	supercritical
458.00	63.000	52.434	0.019071	295.08	415.23	5.7213	0.70392	0.99321	414.13	0.084527	2.9644e-05	0.039980	supercritical
459.00	63.000	52.315	0.019115	295.80	416.22	5.7235	0.70421	0.99334	414.56	0.083979	2.9689e-05	0.040045	supercritical
460.00	63.000	52.196	0.019158	296.52	417.22	5.7257	0.70450	0.99347	414.99	0.083435	2.9733e-05	0.040111	supercritical
461.00	63.000	52.078	0.019202	297.24	418.21	5.7278	0.70479	0.99360	415.42	0.082893	2.9777e-05	0.040176	supercritical
462.00	63.000	51.961	0.019245	297.96	419.21	5.7300	0.70508	0.99374	415.85	0.082355	2.9822e-05	0.040242	supercritical
463.00	63.000	51.844	0.019289	298.68	420.20	5.7321	0.70537	0.99387	416.28	0.081819	2.9866e-05	0.040307	supercritical
464.00	63.000	51.727	0.019332	299.40	421.19	5.7343	0.70566	0.99401	416.71	0.081286	2.9910e-05	0.040372	supercritical
465.00	63.000	51.612	0.019376	300.12	422.19	5.7364	0.70595	0.99415	417.13	0.080755	2.9954e-05	0.040438	supercritical
466.00	63.000	51.496	0.019419	300.84	423.18	5.7385	0.70625	0.99429	417.56	0.080228	2.9998e-05	0.040503	supercritical
467.00	63.000	51.381	0.019462	301.56	424.18	5.7407	0.70654	0.99443	417.99	0.079703	3.0042e-05	0.040569	supercritical
468.00	63.000	51.267	0.019506	302.28	425.17	5.7428	0.70683	0.99458	418.41	0.079181	3.0086e-05	0.040634	supercritical
469.00	63.000	51.153	0.019549	303.01	426.17	5.7449	0.70712	0.99473	418.84	0.078662	3.0130e-05	0.040699	supercritical
470.00	63.000	51.040	0.019592	303.73	427.16	5.7470	0.70742	0.99487	419.26	0.078145	3.0174e-05	0.040764	supercritical
471.00	63.000	50.928	0.019636	304.45	428.15	5.7492	0.70771	0.99502	419.68	0.077632	3.0218e-05	0.040830	supercritical
472.00	63.000	50.816	0.019679	305.17	429.15	5.7513	0.70800	0.99517	420.10	0.077120	3.0262e-05	0.040895	supercritical
473.00	63.000	50.704	0.019722	305.89	430.15	5.7534	0.70830	0.99532	420.53	0.076612	3.0306e-05	0.040960	supercritical
474.00	63.000	50.593	0.019766	306.62	431.14	5.7555	0.70859	0.99548	420.95	0.076106	3.0349e-05	0.041025	supercritical
475.00	63.000	50.482	0.019809	307.34	432.14	5.7576	0.70889	0.99563	421.37	0.075603	3.0393e-05	0.041090	supercritical
476.00	63.000	50.372	0.019852	308.06	433.13	5.7597	0.70918	0.99579	421.79	0.075102	3.0437e-05	0.041155	supercritical
477.00	63.000	50.263	0.019895	308.79	434.13	5.7618	0.70948	0.99595	422.21	0.074604	3.0481e-05	0.041221	supercritical
478.00	63.000	50.154	0.019939	309.51	435.12	5.7638	0.70977	0.99611	422.62	0.074108	3.0524e-05	0.041286	supercritical
479.00	63.000	50.045	0.019982	310.23	436.12	5.7659	0.71007	0.99627	423.04	0.073615	3.0568e-05	0.041351	supercritical
480.00	63.000	49.937	0.020025	310.96	437.12	5.7680	0.71037	0.99643	423.46	0.073125	3.0611e-05	0.041416	supercritical
481.00	63.000	49.829	0.020068	311.68	438.11	5.7701	0.71066	0.99659	423.87	0.072637	3.0655e-05	0.041481	supercritical
482.00	63.000	49.722	0.020112	312.41	439.11	5.7721	0.71096	0.99675	424.29	0.072151	3.0698e-05	0.041546	supercritical
483.00	63.000	49.616	0.020155	313.13	440.11	5.7742	0.71126	0.99692	424.71	0.071668	3.0742e-05	0.041611	supercritical
484.00	63.000	49.510	0.020198	313.86	441.10	5.7763	0.71155	0.99709	425.12	0.071188	3.0785e-05	0.041675	supercritical
485.00	63.000	49.404	0.020241	314.58	442.10	5.7783	0.71185	0.99725	425.53	0.070710	3.0829e-05	0.041740	supercritical
486.00	63.000	49.299	0.020284	315.31	443.10	5.7804	0.71215	0.99742	425.95	0.070234	3.0872e-05	0.041805	supercritical
487.00	63.000	49.194	0.020328	316.03	444.10	5.7824	0.71245	0.99759	426.36	0.069761	3.0915e-05	0.041870	supercritical
488.00	63.000	49.090	0.020371	316.76	445.09	5.7845	0.71275	0.99776	426.77	0.069290	3.0958e-05	0.041935	supercritical
489.00	63.000	48.986	0.020414	317.48	446.09	5.7865	0.71304	0.99794	427.19	0.068822	3.1002e-05	0.042000	supercritical
490.00	63.000	48.883	0.020457	318.21	447.09	5.7886	0.71334	0.99811	427.60	0.068356	3.1045e-05	0.042065	supercritical
491.00	63.000	48.780	0.020500	318.94	448.09	5.7906	0.71364	0.99828	428.01	0.067892	3.1088e-05	0.042129	supercritical
492.00	63.000	48.677	0.020543	319.66	449.09	5.7926	0.71394	0.99846	428.42	0.067430	3.1131e-05	0.042194	supercritical
493.00	63.000	48.576	0.020587	320.39	450.08	5.7947	0.71424	0.99864	428.83	0.066971	3.1174e-05	0.042259	supercritical
494.00	63.000	48.474	0.020630	321.12	451.08	5.7967	0.71454	0.99882	429.24	0.066515	3.1217e-05	0.042323	supercritical
495.00	63.000	48.373	0.020673	321.84	452.08	5.7987	0.71484	0.99899	429.64	0.066060	3.1260e-05	0.042388	supercritical
496.00	63.000	48.272	0.020716	322.57	453.08	5.8007	0.71514	0.99917	430.05	0.065608	3.1303e-05	0.042453	supercritical
497.00	63.000	48.172	0.020759	323.30	454.08	5.8027	0.71544	0.99936	430.46	0.065158	3.1346e-05	0.042517	supercritical
498.00	63.000	48.072	0.020802	324.03	455.08	5.8047	0.71574	0.99954	430.87	0.064710	3.1389e-05	0.042582	supercritical
499.00	63.000	47.973	0.020845	324.76	456.08	5.8067	0.71604	0.99972	431.27	0.064265	3.1432e-05	0.042646	supercritical
500.00	63.000	47.874	0.020888	325.48	457.08	5.8087	0.71634	0.99990	431.68	0.063821	3.1475e-05	0.042711	supercritical
501.00	63.000	47.776	0.020931	326.21	458.08	5.8107	0.71664	1.0001	432.08	0.063380	3.1517e-05	0.042775	supercritical
502.00	63.000	47.678	0.020974	326.94	459.08	5.8127	0.71694	1.0003	432.49	0.062942	3.1560e-05	0.042840	supercritical
503.00	63.000	47.580	0.021017	327.67	460.08	5.8147	0.71724	1.0005	432.89	0.062505	3.1603e-05	0.042904	supercritical
504.00	63.000	47.483	0.021060	328.40	461.08	5.8167	0.71755	1.0006	433.29	0.062070	3.1646e-05	0.042969	supercritical
505.00	63.000	47.386	0.021103	329.13	462.08	5.8187	0.71785	1.0008	433.70	0.061638	3.1688e-05	0.043033	supercritical
506.00	63.000	47.290	0.021146	329.86	463.08	5.8207	0.71815	1.0010	434.10	0.061208	3.1731e-05	0.043098	supercritical
507.00	63.000	47.194	0.021189	330.59	464.08	5.8227	0.71845	1.0012	434.50	0.060779	3.1773e-05	0.043162	supercritical
508.00	63.000	47.098	0.021232	331.32	465.08	5.8246	0.71875	1.0014	434.90	0.060353	3.1816e-05	0.043226	supercritical
509.00	63.000	47.003	0.021275	332.05	466.09	5.8266	0.71905	1.0016	435.30	0.059929	3.1858e-05	0.043291	supercritical
510.00	63.000	46.908	0.021318	332.78	467.09	5.8286	0.71935	1.0018	435.70	0.059508	3.1901e-05	0.043355	supercritical
511.00	63.000	46.814	0.021361	333.51	468.09	5.8305	0.71966	1.0020	436.10	0.059088	3.1943e-05	0.043419	supercritical
512.00	63.000	46.720	0.021404	334.25	469.09	5.8325	0.71996	1.0022	436.50	0.058670	3.1986e-05	0.043483	supercritical
513.00	63.000	46.626	0.021447	334.98	470.09	5.8344	0.72026	1.0024	436.90	0.058254	3.2028e-05	0.043548	supercritical
514.00	63.000	46.533	0.021490	335.71	471.10	5.8364	0.72056	1.0026	437.30	0.057841	3.2070e-05	0.043612	supercritical
515.00	63.000	46.440	0.021533	336.44	472.10	5.8383	0.72086	1.0028	437.69	0.057429	3.2113e-05	0.043676	supercritical
516.00	63.000	46.348	0.021576	337.17	473.10	5.8403	0.72116	1.0030	438.09	0.057019	3.2155e-05	0.043740	supercritical
517.00	63.000	46.256	0.021619	337.91	474.10	5.8422	0.72147	1.0032	438.49	0.056612	3.2197e-05	0.043804	supercritical
518.00	63.000	46.164	0.021662	338.64	475.11	5.8442	0.72177	1.0034	438.88	0.056206	3.2239e-05	0.043868	supercritical
519.00	63.000	46.073	0.021705	339.37	476.11	5.8461	0.72207	1.0036	439.28	0.055802	3.2282e-05	0.043932	supercritical
520.00	63.000	45.982	0.021747	340.11	477.11	5.8480	0.72237	1.0038	439.67	0.055400	3.2324e-05	0.043996	supercritical
521.00	63.000	45.892	0.021790	340.84	478.12	5.8500	0.72267	1.0040	440.07	0.055000	3.2366e-05	0.044060	supercritical
522.00	63.000	45.802	0.021833	341.57	479.12	5.8519	0.72298	1.0042	440.46	0.054602	3.2408e-05	0.044124	supercritical
523.00	63.000	45.712	0.021876	342.31	480.13	5.8538	0.72328	1.0044	440.85	0.054206	3.2450e-05	0.044188	supercritical
524.00	63.000	45.623	0.021919	343.04	481.13	5.8557	0.72358	1.0046	441.25	0.053812	3.2492e-05	0.044252	supercritical
525.00	63.000	45.533	0.021962	343.78	482.14	5.8576	0.72388	1.0048	441.64	0.053420	3.2534e-05	0.044316	supercritical
526.00	63.000	45.445	0.022005	344.51	483.14	5.8596	0.72418	1.0050	442.03	0.053030	3.2576e-05	0.044380	supercritical
527.00	63.000	45.357	0.022048	345.25	484.15	5.8615	0.72448	1.0052	442.42	0.052641	3.2618e-05	0.044444	supercritical
528.00	63.000	45.269	0.022090	345.98	485.15	5.8634	0.72479	1.0054	442.81	0.052255	3.2660e-05	0.044508	supercritical
529.00	63.000	45.181	0.022133	346.72	486.16	5.8653	0.72509	1.0056	443.20	0.051870	3.2701e-05	0.044572	supercritical
530.00	63.000	45.094	0.022176	347.45	487.16	5.8672	0.72539	1.0058	443.59	0.051487	3.2743e-05	0.044636	supercritical
531.00	63.000	45.007	0.022219	348.19	488.17	5.8691	0.72569	1.0060	443.98	0.051106	3.2785e-05	0.044699	supercritical
532.00	63.000	44.920	0.022262	348.93	489.17	5.8710	0.72599	1.0062	444.37	0.050726	3.2827e-05	0.044763	supercritical
533.00	63.000	44.834	0.022304	349.66	490.18	5.8729	0.72629	1.0064	444.76	0.050349	3.2868e-05	0.044827	supercritical
534.00	63.000	44.748	0.022347	350.40	491.19	5.8747	0.72660	1.0066	445.15	0.049973	3.2910e-05	0.044890	supercritical
535.00	63.000	44.663	0.022390	351.14	492.19	5.8766	0.72690	1.0068	445.54	0.049599	3.2952e-05	0.044954	supercritical
536.00	63.000	44.578	0.022433	351.87	493.20	5.8785	0.72720	1.0071	445.92	0.049227	3.2993e-05	0.045018	supercritical
537.00	63.000	44.493	0.022476	352.61	494.21	5.8804	0.72750	1.0073	446.31	0.048856	3.3035e-05	0.045081	supercritical
538.00	63.000	44.408	0.022518	353.35	495.22	5.8823	0.72780	1.0075	446.70	0.048488	3.3076e-05	0.045145	supercritical
539.00	63.000	44.324	0.022561	354.09	496.22	5.8841	0.72810	1.0077	447.08	0.048121	3.3118e-05	0.045209	supercritical
540.00	63.000	44.240	0.022604	354.83	497.23	5.8860	0.72840	1.0079	447.47	0.047755	3.3159e-05	0.045272	supercritical
541.00	63.000	44.157	0.022647	355.57	498.24	5.8879	0.72870	1.0081	447.85	0.047392	3.3201e-05	0.045336	supercritical
542.00	63.000	44.074	0.022689	356.30	499.25	5.8897	0.72900	1.0083	448.24	0.047030	3.3242e-05	0.045399	supercritical
543.00	63.000	43.991	0.022732	357.04	500.26	5.8916	0.72931	1.0085	448.62	0.046670	3.3283e-05	0.045463	supercritical
544.00	63.000	43.908	0.022775	357.78	501.26	5.8934	0.72961	1.0088	449.01	0.046311	3.3325e-05	0.045526	supercritical
545.00	63.000	43.826	0.022818	358.52	502.27	5.8953	0.72991	1.0090	449.39	0.045954	3.3366e-05	0.045590	supercritical
546.00	63.000	43.744	0.022860	359.26	503.28	5.8971	0.73021	1.0092	449.77	0.045599	3.3407e-05	0.045653	supercritical
547.00	63.000	43.662	0.022903	360.00	504.29	5.8990	0.73051	1.0094	450.15	0.045246	3.3449e-05	0.045716	supercritical
548.00	63.000	43.581	0.022946	360.74	505.30	5.9008	0.73081	1.0096	450.53	0.044894	3.3490e-05	0.045780	supercritical
549.00	63.000	43.500	0.022988	361.48	506.31	5.9027	0.73111	1.0098	450.92	0.044543	3.3531e-05	0.045843	supercritical
550.00	63.000	43.420	0.023031	362.23	507.32	5.9045	0.73141	1.0101	451.30	0.044195	3.3572e-05	0.045906	supercritical
551.00	63.000	43.339	0.023074	362.97	508.33	5.9063	0.73171	1.0103	451.68	0.043848	3.3613e-05	0.045970	supercritical
552.00	63.000	43.259	0.023116	363.71	509.34	5.9082	0.73201	1.0105	452.06	0.043502	3.3654e-05	0.046033	supercritical
553.00	63.000	43.180	0.023159	364.45	510.35	5.9100	0.73230	1.0107	452.44	0.043159	3.3695e-05	0.046096	supercritical
554.00	63.000	43.100	0.023202	365.19	511.36	5.9118	0.73260	1.0109	452.82	0.042816	3.3736e-05	0.046159	supercritical
555.00	63.000	43.021	0.023244	365.93	512.37	5.9137	0.73290	1.0111	453.19	0.042476	3.3777e-05	0.046223	supercritical
556.00	63.000	42.942	0.023287	366.68	513.39	5.9155	0.73320	1.0114	453.57	0.042137	3.3818e-05	0.046286	supercritical
557.00	63.000	42.864	0.023330	367.42	514.40	5.9173	0.73350	1.0116	453.95	0.041799	3.3859e-05	0.046349	supercritical
558.00	63.000	42.786	0.023372	368.16	515.41	5.9191	0.73380	1.0118	454.33	0.041463	3.3900e-05	0.046412	supercritical
559.00	63.000	42.708	0.023415	368.91	516.42	5.9209	0.73410	1.0120	454.71	0.041128	3.3941e-05	0.046475	supercritical
560.00	63.000	42.630	0.023458	369.65	517.43	5.9227	0.73439	1.0122	455.08	0.040795	3.3982e-05	0.046538	supercritical
561.00	63.000	42.553	0.023500	370.39	518.44	5.9245	0.73469	1.0125	455.46	0.040464	3.4023e-05	0.046601	supercritical
562.00	63.000	42.476	0.023543	371.14	519.46	5.9263	0.73499	1.0127	455.83	0.040134	3.4063e-05	0.046664	supercritical
563.00	63.000	42.399	0.023585	371.88	520.47	5.9281	0.73529	1.0129	456.21	0.039806	3.4104e-05	0.046727	supercritical
564.00	63.000	42.323	0.023628	372.63	521.48	5.9299	0.73559	1.0131	456.58	0.039479	3.4145e-05	0.046790	supercritical
565.00	63.000	42.246	0.023671	373.37	522.50	5.9317	0.73588	1.0133	456.96	0.039153	3.4185e-05	0.046853	supercritical
566.00	63.000	42.170	0.023713	374.12	523.51	5.9335	0.73618	1.0136	457.33	0.038829	3.4226e-05	0.046916	supercritical
567.00	63.000	42.095	0.023756	374.86	524.52	5.9353	0.73648	1.0138	457.71	0.038507	3.4267e-05	0.046979	supercritical
568.00	63.000	42.020	0.023798	375.61	525.54	5.9371	0.73677	1.0140	458.08	0.038185	3.4307e-05	0.047042	supercritical
569.00	63.000	41.945	0.023841	376.35	526.55	5.9389	0.73707	1.0142	458.45	0.037866	3.4348e-05	0.047105	supercritical
570.00	63.000	41.870	0.023884	377.10	527.57	5.9407	0.73736	1.0145	458.82	0.037548	3.4388e-05	0.047168	supercritical
571.00	63.000	41.795	0.023926	377.85	528.58	5.9424	0.73766	1.0147	459.20	0.037231	3.4429e-05	0.047231	supercritical
572.00	63.000	41.721	0.023969	378.59	529.60	5.9442	0.73796	1.0149	459.57	0.036915	3.4469e-05	0.047293	supercritical
573.00	63.000	41.647	0.024011	379.34	530.61	5.9460	0.73825	1.0151	459.94	0.036601	3.4510e-05	0.047356	supercritical
574.00	63.000	41.573	0.024054	380.09	531.63	5.9478	0.73855	1.0153	460.31	0.036289	3.4550e-05	0.047419	supercritical
575.00	63.000	41.500	0.024096	380.83	532.64	5.9495	0.73884	1.0156	460.68	0.035978	3.4591e-05	0.047482	supercritical
576.00	63.000	41.427	0.024139	381.58	533.66	5.9513	0.73914	1.0158	461.05	0.035668	3.4631e-05	0.047544	supercritical
577.00	63.000	41.354	0.024181	382.33	534.67	5.9531	0.73943	1.0160	461.42	0.035360	3.4671e-05	0.047607	supercritical
578.00	63.000	41.281	0.024224	383.08	535.69	5.9548	0.73972	1.0162	461.79	0.035052	3.4711e-05	0.047670	supercritical
579.00	63.000	41.209	0.024267	383.83	536.70	5.9566	0.74002	1.0165	462.16	0.034747	3.4752e-05	0.047732	supercritical
580.00	63.000	41.137	0.024309	384.57	537.72	5.9583	0.74031	1.0167	462.53	0.034442	3.4792e-05	0.047795	supercritical
581.00	63.000	41.065	0.024352	385.32	538.74	5.9601	0.74061	1.0169	462.90	0.034140	3.4832e-05	0.047857	supercritical
582.00	63.000	40.994	0.024394	386.07	539.76	5.9618	0.74090	1.0171	463.26	0.033838	3.4872e-05	0.047920	supercritical
583.00	63.000	40.922	0.024437	386.82	540.77	5.9636	0.74119	1.0174	463.63	0.033538	3.4912e-05	0.047983	supercritical
584.00	63.000	40.851	0.024479	387.57	541.79	5.9653	0.74148	1.0176	464.00	0.033239	3.4953e-05	0.048045	supercritical
585.00	63.000	40.780	0.024522	388.32	542.81	5.9671	0.74178	1.0178	464.36	0.032941	3.4993e-05	0.048108	supercritical
586.00	63.000	40.710	0.024564	389.07	543.83	5.9688	0.74207	1.0180	464.73	0.032645	3.5033e-05	0.048170	supercritical
587.00	63.000	40.640	0.024607	389.82	544.84	5.9705	0.74236	1.0183	465.10	0.032350	3.5073e-05	0.048232	supercritical
588.00	63.000	40.570	0.024649	390.57	545.86	5.9723	0.74265	1.0185	465.46	0.032056	3.5113e-05	0.048295	supercritical
589.00	63.000	40.500	0.024691	391.32	546.88	5.9740	0.74294	1.0187	465.83	0.031763	3.5153e-05	0.048357	supercritical
590.00	63.000	40.430	0.024734	392.08	547.90	5.9757	0.74324	1.0189	466.19	0.031472	3.5193e-05	0.048420	supercritical
591.00	63.000	40.361	0.024776	392.83	548.92	5.9775	0.74353	1.0192	466.56	0.031182	3.5232e-05	0.048482	supercritical
592.00	63.000	40.292	0.024819	393.58	549.94	5.9792	0.74382	1.0194	466.92	0.030893	3.5272e-05	0.048544	supercritical
593.00	63.000	40.223	0.024861	394.33	550.96	5.9809	0.74411	1.0196	467.28	0.030606	3.5312e-05	0.048607	supercritical
594.00	63.000	40.155	0.024904	395.08	551.98	5.9826	0.74440	1.0198	467.65	0.030320	3.5352e-05	0.048669	supercritical
595.00	63.000	40.086	0.024946	395.84	553.00	5.9843	0.74469	1.0201	468.01	0.030035	3.5392e-05	0.048731	supercritical
596.00	63.000	40.018	0.024989	396.59	554.02	5.9860	0.74498	1.0203	468.37	0.029751	3.5432e-05	0.048793	supercritical
597.00	63.000	39.950	0.025031	397.34	555.04	5.9878	0.74526	1.0205	468.74	0.029469	3.5471e-05	0.048856	supercritical
598.00	63.000	39.883	0.025073	398.10	556.06	5.9895	0.74555	1.0208	469.10	0.029188	3.5511e-05	0.048918	supercritical
599.00	63.000	39.815	0.025116	398.85	557.08	5.9912	0.74584	1.0210	469.46	0.028908	3.5551e-05	0.048980	supercritical
600.00	63.000	39.748	0.025158	399.60	558.10	5.9929	0.74613	1.0212	469.82	0.028629	3.5590e-05	0.049042	supercritical
