Temperature (K)	Pressure (bar)	Density (kg/m3)	Volume (m3/kg)	Internal Energy (kJ/kg)	Enthalpy (kJ/kg)	Entropy (J/g*K)	Cv (J/g*K)	Cp (J/g*K)	Sound Spd. (m/s)	Joule-Thomson (K/bar)	Viscosity (Pa*s)	Therm. Cond. (W/m*K)	Phase
60.000	146.00	1298.9	0.00076990	-186.36	-175.12	2.2197	1.0941	1.6447	1166.5	-0.037869	0.00064733	0.19975	liquid
61.000	146.00	1294.7	0.00077237	-184.75	-173.47	2.2469	1.0871	1.6473	1162.5	-0.037707	0.00061698	0.19847	liquid
62.000	146.00	1290.6	0.00077486	-183.14	-171.82	2.2737	1.0807	1.6495	1157.9	-0.037564	0.00058864	0.19719	liquid
63.000	146.00	1286.4	0.00077738	-181.52	-170.17	2.3002	1.0748	1.6511	1152.8	-0.037437	0.00056217	0.19591	liquid
64.000	146.00	1282.2	0.00077992	-179.91	-168.52	2.3262	1.0693	1.6522	1147.2	-0.037324	0.00053744	0.19463	liquid
65.000	146.00	1278.0	0.00078248	-178.29	-166.87	2.3518	1.0641	1.6530	1141.3	-0.037223	0.00051431	0.19335	liquid
66.000	146.00	1273.8	0.00078506	-176.68	-165.22	2.3770	1.0591	1.6534	1135.1	-0.037131	0.00049267	0.19207	liquid
67.000	146.00	1269.6	0.00078766	-175.06	-163.56	2.4019	1.0542	1.6535	1128.7	-0.037046	0.00047239	0.19079	liquid
68.000	146.00	1265.4	0.00079029	-173.45	-161.91	2.4264	1.0494	1.6533	1122.2	-0.036966	0.00045339	0.18951	liquid
69.000	146.00	1261.1	0.00079293	-171.83	-160.26	2.4505	1.0448	1.6529	1115.5	-0.036890	0.00043557	0.18822	liquid
70.000	146.00	1256.9	0.00079560	-170.22	-158.60	2.4743	1.0401	1.6524	1108.7	-0.036816	0.00041883	0.18694	liquid
71.000	146.00	1252.7	0.00079828	-168.61	-156.95	2.4977	1.0356	1.6517	1101.9	-0.036743	0.00040309	0.18566	liquid
72.000	146.00	1248.5	0.00080099	-166.99	-155.30	2.5208	1.0311	1.6510	1094.9	-0.036670	0.00038829	0.18439	liquid
73.000	146.00	1244.2	0.00080371	-165.38	-153.65	2.5436	1.0266	1.6502	1088.0	-0.036596	0.00037436	0.18311	liquid
74.000	146.00	1240.0	0.00080646	-163.77	-152.00	2.5660	1.0222	1.6493	1081.0	-0.036519	0.00036122	0.18183	liquid
75.000	146.00	1235.7	0.00080923	-162.17	-150.35	2.5882	1.0178	1.6484	1074.0	-0.036440	0.00034883	0.18055	liquid
76.000	146.00	1231.5	0.00081202	-160.56	-148.70	2.6100	1.0135	1.6476	1066.9	-0.036356	0.00033713	0.17927	liquid
77.000	146.00	1227.2	0.00081484	-158.95	-147.06	2.6315	1.0091	1.6467	1059.9	-0.036268	0.00032607	0.17799	liquid
78.000	146.00	1223.0	0.00081768	-157.35	-145.41	2.6528	1.0049	1.6459	1052.8	-0.036176	0.00031560	0.17671	liquid
79.000	146.00	1218.7	0.00082054	-155.74	-143.76	2.6737	1.0006	1.6451	1045.8	-0.036078	0.00030569	0.17543	liquid
80.000	146.00	1214.4	0.00082342	-154.14	-142.12	2.6944	0.99642	1.6444	1038.8	-0.035974	0.00029629	0.17415	liquid
81.000	146.00	1210.2	0.00082633	-152.54	-140.48	2.7149	0.99226	1.6438	1031.7	-0.035863	0.00028737	0.17287	liquid
82.000	146.00	1205.9	0.00082927	-150.94	-138.83	2.7350	0.98814	1.6432	1024.7	-0.035746	0.00027890	0.17159	liquid
83.000	146.00	1201.6	0.00083223	-149.34	-137.19	2.7549	0.98406	1.6428	1017.7	-0.035622	0.00027085	0.17031	liquid
84.000	146.00	1197.3	0.00083522	-147.74	-135.55	2.7746	0.98003	1.6424	1010.7	-0.035490	0.00026318	0.16903	liquid
85.000	146.00	1193.0	0.00083824	-146.14	-133.90	2.7940	0.97604	1.6421	1003.7	-0.035351	0.00025588	0.16775	liquid
86.000	146.00	1188.7	0.00084129	-144.54	-132.26	2.8133	0.97210	1.6419	996.71	-0.035204	0.00024892	0.16647	liquid
87.000	146.00	1184.3	0.00084436	-142.95	-130.62	2.8322	0.96820	1.6418	989.72	-0.035049	0.00024227	0.16519	liquid
88.000	146.00	1180.0	0.00084747	-141.35	-128.98	2.8510	0.96435	1.6418	982.75	-0.034885	0.00023592	0.16391	liquid
89.000	146.00	1175.6	0.00085061	-139.76	-127.34	2.8695	0.96055	1.6419	975.79	-0.034712	0.00022985	0.16263	liquid
90.000	146.00	1171.3	0.00085378	-138.16	-125.69	2.8879	0.95679	1.6421	968.83	-0.034531	0.00022404	0.16134	liquid
91.000	146.00	1166.9	0.00085698	-136.56	-124.05	2.9060	0.95308	1.6425	961.88	-0.034340	0.00021848	0.16006	liquid
92.000	146.00	1162.5	0.00086022	-134.97	-122.41	2.9240	0.94942	1.6429	954.94	-0.034140	0.00021314	0.15878	liquid
93.000	146.00	1158.1	0.00086349	-133.37	-120.77	2.9418	0.94581	1.6435	948.01	-0.033931	0.00020802	0.15749	liquid
94.000	146.00	1153.7	0.00086679	-131.78	-119.12	2.9593	0.94224	1.6441	941.08	-0.033712	0.00020311	0.15621	liquid
95.000	146.00	1149.2	0.00087014	-130.18	-117.48	2.9767	0.93872	1.6449	934.15	-0.033482	0.00019838	0.15492	liquid
96.000	146.00	1144.8	0.00087352	-128.59	-115.83	2.9940	0.93525	1.6458	927.23	-0.033242	0.00019383	0.15363	liquid
97.000	146.00	1140.3	0.00087694	-126.99	-114.19	3.0110	0.93183	1.6468	920.31	-0.032992	0.00018945	0.15235	liquid
98.000	146.00	1135.9	0.00088040	-125.39	-112.54	3.0279	0.92845	1.6480	913.39	-0.032731	0.00018523	0.15106	liquid
99.000	146.00	1131.4	0.00088390	-123.80	-110.89	3.0447	0.92511	1.6492	906.47	-0.032459	0.00018116	0.14978	liquid
100.00	146.00	1126.8	0.00088744	-122.20	-109.24	3.0612	0.92182	1.6506	899.56	-0.032175	0.00017723	0.14849	liquid
101.00	146.00	1122.3	0.00089103	-120.60	-107.59	3.0777	0.91858	1.6521	892.65	-0.031880	0.00017344	0.14720	liquid
102.00	146.00	1117.7	0.00089465	-119.00	-105.94	3.0940	0.91538	1.6537	885.74	-0.031573	0.00016977	0.14592	liquid
103.00	146.00	1113.2	0.00089833	-117.40	-104.28	3.1101	0.91222	1.6554	878.82	-0.031253	0.00016622	0.14463	liquid
104.00	146.00	1108.6	0.00090205	-115.80	-102.63	3.1261	0.90911	1.6572	871.91	-0.030921	0.00016278	0.14334	liquid
105.00	146.00	1104.0	0.00090582	-114.19	-100.97	3.1420	0.90603	1.6592	864.99	-0.030576	0.00015945	0.14206	liquid
106.00	146.00	1099.3	0.00090964	-112.59	-99.307	3.1577	0.90301	1.6613	858.07	-0.030218	0.00015622	0.14077	liquid
107.00	146.00	1094.7	0.00091352	-110.98	-97.645	3.1733	0.90002	1.6635	851.15	-0.029846	0.00015309	0.13948	liquid
108.00	146.00	1090.0	0.00091744	-109.37	-95.980	3.1888	0.89707	1.6658	844.23	-0.029460	0.00015005	0.13820	liquid
109.00	146.00	1085.3	0.00092142	-107.77	-94.313	3.2042	0.89417	1.6683	837.30	-0.029059	0.00014710	0.13691	liquid
110.00	146.00	1080.6	0.00092545	-106.16	-92.644	3.2194	0.89131	1.6709	830.37	-0.028644	0.00014423	0.13563	liquid
111.00	146.00	1075.8	0.00092954	-104.54	-90.971	3.2346	0.88848	1.6736	823.43	-0.028213	0.00014143	0.13434	liquid
112.00	146.00	1071.0	0.00093369	-102.93	-89.296	3.2496	0.88570	1.6765	816.49	-0.027766	0.00013872	0.13306	liquid
113.00	146.00	1066.2	0.00093790	-101.31	-87.618	3.2645	0.88296	1.6795	809.54	-0.027303	0.00013607	0.13178	liquid
114.00	146.00	1061.4	0.00094218	-99.693	-85.937	3.2793	0.88025	1.6826	802.59	-0.026822	0.00013349	0.13050	liquid
115.00	146.00	1056.5	0.00094652	-98.072	-84.253	3.2940	0.87759	1.6859	795.63	-0.026325	0.00013098	0.12923	liquid
116.00	146.00	1051.6	0.00095092	-96.449	-82.566	3.3086	0.87496	1.6893	788.66	-0.025809	0.00012852	0.12795	liquid
117.00	146.00	1046.7	0.00095540	-94.823	-80.874	3.3231	0.87237	1.6929	781.69	-0.025274	0.00012613	0.12668	liquid
118.00	146.00	1041.7	0.00095994	-93.195	-79.180	3.3376	0.86982	1.6966	774.70	-0.024720	0.00012380	0.12541	liquid
119.00	146.00	1036.7	0.00096456	-91.564	-77.481	3.3519	0.86731	1.7005	767.71	-0.024146	0.00012151	0.12414	liquid
120.00	146.00	1031.7	0.00096925	-89.930	-75.779	3.3661	0.86484	1.7046	760.72	-0.023551	0.00011928	0.12288	liquid
121.00	146.00	1026.7	0.00097402	-88.293	-74.072	3.3803	0.86240	1.7088	753.71	-0.022934	0.00011710	0.12161	liquid
122.00	146.00	1021.6	0.00097887	-86.653	-72.361	3.3944	0.86001	1.7131	746.69	-0.022295	0.00011497	0.12035	liquid
123.00	146.00	1016.5	0.00098381	-85.009	-70.646	3.4084	0.85765	1.7177	739.67	-0.021633	0.00011288	0.11909	liquid
124.00	146.00	1011.3	0.00098883	-83.363	-68.926	3.4223	0.85532	1.7224	732.64	-0.020946	0.00011084	0.11783	liquid
125.00	146.00	1006.1	0.00099394	-81.712	-67.201	3.4362	0.85304	1.7274	725.59	-0.020235	0.00010884	0.11657	liquid
126.00	146.00	1000.9	0.00099914	-80.058	-65.471	3.4500	0.85080	1.7325	718.54	-0.019497	0.00010688	0.11532	liquid
127.00	146.00	995.58	0.0010044	-78.400	-63.736	3.4637	0.84859	1.7378	711.48	-0.018732	0.00010496	0.11407	liquid
128.00	146.00	990.26	0.0010098	-76.739	-61.995	3.4773	0.84642	1.7433	704.40	-0.017939	0.00010308	0.11282	liquid
129.00	146.00	984.90	0.0010153	-75.073	-60.249	3.4909	0.84429	1.7490	697.32	-0.017117	0.00010124	0.11158	liquid
130.00	146.00	979.49	0.0010209	-73.403	-58.497	3.5044	0.84220	1.7550	690.22	-0.016264	9.9426e-05	0.11034	liquid
131.00	146.00	974.04	0.0010266	-71.728	-56.739	3.5179	0.84014	1.7611	683.12	-0.015379	9.7651e-05	0.10910	liquid
132.00	146.00	968.55	0.0010325	-70.049	-54.975	3.5313	0.83813	1.7675	676.00	-0.014461	9.5909e-05	0.10787	liquid
133.00	146.00	963.00	0.0010384	-68.365	-53.204	3.5447	0.83615	1.7742	668.88	-0.013508	9.4199e-05	0.10664	liquid
134.00	146.00	957.41	0.0010445	-66.676	-51.426	3.5580	0.83422	1.7811	661.74	-0.012520	9.2520e-05	0.10542	liquid
135.00	146.00	951.76	0.0010507	-64.982	-49.642	3.5713	0.83232	1.7882	654.59	-0.011493	9.0872e-05	0.10420	liquid
136.00	146.00	946.06	0.0010570	-63.282	-47.850	3.5845	0.83047	1.7956	647.43	-0.010427	8.9252e-05	0.10298	liquid
137.00	146.00	940.31	0.0010635	-61.577	-46.050	3.5977	0.82866	1.8033	640.26	-0.0093207	8.7661e-05	0.10177	liquid
138.00	146.00	934.51	0.0010701	-59.866	-44.243	3.6108	0.82688	1.8113	633.08	-0.0081710	8.6098e-05	0.10056	liquid
139.00	146.00	928.64	0.0010768	-58.149	-42.427	3.6239	0.82515	1.8196	625.89	-0.0069764	8.4562e-05	0.099360	liquid
140.00	146.00	922.72	0.0010838	-56.426	-40.604	3.6370	0.82347	1.8282	618.69	-0.0057350	8.3052e-05	0.098163	liquid
141.00	146.00	916.73	0.0010908	-54.697	-38.771	3.6501	0.82182	1.8371	611.49	-0.0044446	8.1567e-05	0.096973	liquid
142.00	146.00	910.69	0.0010981	-52.961	-36.929	3.6631	0.82022	1.8464	604.27	-0.0031029	8.0107e-05	0.095787	liquid
143.00	146.00	904.58	0.0011055	-51.218	-35.078	3.6761	0.81866	1.8560	597.05	-0.0017076	7.8672e-05	0.094608	liquid
144.00	146.00	898.40	0.0011131	-49.468	-33.217	3.6890	0.81715	1.8660	589.81	-0.00025612	7.7260e-05	0.093435	liquid
145.00	146.00	892.15	0.0011209	-47.711	-31.346	3.7020	0.81568	1.8764	582.57	0.0012541	7.5872e-05	0.092268	liquid
146.00	146.00	885.83	0.0011289	-45.946	-29.464	3.7149	0.81425	1.8871	575.33	0.0028257	7.4506e-05	0.091108	liquid
147.00	146.00	879.44	0.0011371	-44.173	-27.572	3.7278	0.81288	1.8982	568.08	0.0044618	7.3162e-05	0.089954	liquid
148.00	146.00	872.98	0.0011455	-42.392	-25.668	3.7407	0.81155	1.9098	560.83	0.0061652	7.1840e-05	0.088808	liquid
149.00	146.00	866.43	0.0011542	-40.602	-23.752	3.7536	0.81027	1.9218	553.57	0.0079391	7.0539e-05	0.087668	liquid
150.00	146.00	859.81	0.0011631	-38.804	-21.824	3.7665	0.80904	1.9343	546.32	0.0097869	6.9259e-05	0.086537	liquid
151.00	146.00	853.10	0.0011722	-36.997	-19.883	3.7794	0.80785	1.9472	539.07	0.011712	6.7999e-05	0.085412	liquid
152.00	146.00	846.31	0.0011816	-35.181	-17.929	3.7923	0.80672	1.9606	531.82	0.013718	6.6760e-05	0.084296	liquid
153.00	146.00	839.43	0.0011913	-33.355	-15.962	3.8052	0.80563	1.9744	524.58	0.015808	6.5540e-05	0.083188	liquid
154.00	146.00	832.46	0.0012013	-31.519	-13.980	3.8181	0.80460	1.9888	517.34	0.017987	6.4339e-05	0.082088	liquid
155.00	146.00	825.40	0.0012115	-29.672	-11.984	3.8311	0.80362	2.0037	510.12	0.020258	6.3157e-05	0.080996	supercritical
156.00	146.00	818.24	0.0012221	-27.816	-9.9726	3.8440	0.80268	2.0191	502.92	0.022626	6.1994e-05	0.079914	supercritical
157.00	146.00	810.99	0.0012331	-25.948	-7.9455	3.8569	0.80180	2.0351	495.73	0.025094	6.0850e-05	0.078840	supercritical
158.00	146.00	803.63	0.0012444	-24.070	-5.9022	3.8699	0.80097	2.0516	488.57	0.027668	5.9723e-05	0.077776	supercritical
159.00	146.00	796.17	0.0012560	-22.180	-3.8421	3.8829	0.80019	2.0686	481.43	0.030350	5.8615e-05	0.076721	supercritical
160.00	146.00	788.61	0.0012681	-20.278	-1.7647	3.8959	0.79945	2.0862	474.32	0.033146	5.7524e-05	0.075675	supercritical
161.00	146.00	780.94	0.0012805	-18.365	0.33053	3.9090	0.79877	2.1043	467.26	0.036060	5.6450e-05	0.074640	supercritical
162.00	146.00	773.16	0.0012934	-16.439	2.4442	3.9221	0.79813	2.1230	460.24	0.039096	5.5394e-05	0.073614	supercritical
163.00	146.00	765.27	0.0013067	-14.502	4.5767	3.9352	0.79753	2.1421	453.26	0.042258	5.4354e-05	0.072599	supercritical
164.00	146.00	757.26	0.0013205	-12.551	6.7286	3.9484	0.79698	2.1618	446.35	0.045550	5.3332e-05	0.071593	supercritical
165.00	146.00	749.15	0.0013349	-10.588	8.9004	3.9616	0.79647	2.1819	439.50	0.048976	5.2327e-05	0.070599	supercritical
166.00	146.00	740.91	0.0013497	-8.6130	11.092	3.9748	0.79599	2.2023	432.72	0.052538	5.1338e-05	0.069614	supercritical
167.00	146.00	732.57	0.0013651	-6.6248	13.305	3.9881	0.79555	2.2231	426.02	0.056240	5.0365e-05	0.068641	supercritical
168.00	146.00	724.11	0.0013810	-4.6240	15.539	4.0014	0.79513	2.2442	419.41	0.060083	4.9410e-05	0.067678	supercritical
169.00	146.00	715.53	0.0013976	-2.6109	17.794	4.0148	0.79474	2.2654	412.90	0.064067	4.8471e-05	0.066727	supercritical
170.00	146.00	706.84	0.0014147	-0.58559	20.070	4.0283	0.79437	2.2866	406.50	0.068193	4.7548e-05	0.065786	supercritical
171.00	146.00	698.05	0.0014326	1.4514	22.367	4.0417	0.79401	2.3078	400.22	0.072459	4.6643e-05	0.064856	supercritical
172.00	146.00	689.15	0.0014511	3.4996	24.685	4.0552	0.79366	2.3287	394.07	0.076862	4.5754e-05	0.063938	supercritical
173.00	146.00	680.15	0.0014703	5.5583	27.024	4.0688	0.79332	2.3492	388.06	0.081399	4.4882e-05	0.063031	supercritical
174.00	146.00	671.06	0.0014902	7.6267	29.383	4.0824	0.79298	2.3690	382.20	0.086062	4.4028e-05	0.062136	supercritical
175.00	146.00	661.89	0.0015108	9.7037	31.762	4.0960	0.79262	2.3880	376.51	0.090844	4.3191e-05	0.061251	supercritical
176.00	146.00	652.64	0.0015322	11.788	34.159	4.1097	0.79226	2.4059	370.99	0.095736	4.2372e-05	0.060379	supercritical
177.00	146.00	643.33	0.0015544	13.879	36.573	4.1234	0.79188	2.4226	365.66	0.10073	4.1571e-05	0.059518	supercritical
178.00	146.00	633.96	0.0015774	15.974	39.004	4.1371	0.79147	2.4378	360.52	0.10581	4.0789e-05	0.058670	supercritical
179.00	146.00	624.56	0.0016011	18.072	41.448	4.1508	0.79102	2.4513	355.59	0.11096	4.0025e-05	0.057833	supercritical
180.00	146.00	615.14	0.0016257	20.171	43.905	4.1644	0.79055	2.4629	350.87	0.11617	3.9281e-05	0.057009	supercritical
181.00	146.00	605.70	0.0016510	22.269	46.373	4.1781	0.79002	2.4724	346.37	0.12143	3.8557e-05	0.056197	supercritical
182.00	146.00	596.28	0.0016771	24.364	48.850	4.1918	0.78945	2.4797	342.09	0.12671	3.7853e-05	0.055399	supercritical
183.00	146.00	586.88	0.0017039	26.455	51.332	4.2054	0.78882	2.4847	338.04	0.13200	3.7170e-05	0.054613	supercritical
184.00	146.00	577.53	0.0017315	28.538	53.818	4.2189	0.78812	2.4872	334.21	0.13729	3.6507e-05	0.053842	supercritical
185.00	146.00	568.23	0.0017599	30.612	56.305	4.2324	0.78736	2.4871	330.61	0.14255	3.5865e-05	0.053084	supercritical
186.00	146.00	559.01	0.0017889	32.674	58.791	4.2458	0.78652	2.4845	327.24	0.14777	3.5245e-05	0.052341	supercritical
187.00	146.00	549.89	0.0018186	34.723	61.274	4.2591	0.78561	2.4793	324.09	0.15292	3.4646e-05	0.051614	supercritical
188.00	146.00	540.87	0.0018489	36.756	63.749	4.2723	0.78462	2.4716	321.17	0.15800	3.4069e-05	0.050901	supercritical
189.00	146.00	531.99	0.0018797	38.772	66.216	4.2854	0.78355	2.4613	318.46	0.16298	3.3514e-05	0.050205	supercritical
190.00	146.00	523.24	0.0019112	40.768	68.671	4.2983	0.78240	2.4486	315.96	0.16784	3.2980e-05	0.049526	supercritical
191.00	146.00	514.64	0.0019431	42.743	71.112	4.3112	0.78117	2.4336	313.66	0.17257	3.2468e-05	0.048863	supercritical
192.00	146.00	506.20	0.0019755	44.695	73.538	4.3238	0.77987	2.4164	311.57	0.17715	3.1977e-05	0.048218	supercritical
193.00	146.00	497.94	0.0020083	46.624	75.945	4.3363	0.77850	2.3972	309.66	0.18157	3.1508e-05	0.047590	supercritical
194.00	146.00	489.86	0.0020414	48.527	78.331	4.3487	0.77706	2.3762	307.93	0.18582	3.1060e-05	0.046981	supercritical
195.00	146.00	481.97	0.0020748	50.404	80.696	4.3608	0.77556	2.3536	306.38	0.18990	3.0632e-05	0.046390	supercritical
196.00	146.00	474.27	0.0021085	52.254	83.038	4.3728	0.77400	2.3296	304.99	0.19378	3.0224e-05	0.045818	supercritical
197.00	146.00	466.77	0.0021424	54.076	85.355	4.3846	0.77240	2.3045	303.75	0.19747	2.9836e-05	0.045265	supercritical
198.00	146.00	459.47	0.0021764	55.871	87.647	4.3962	0.77075	2.2784	302.66	0.20096	2.9467e-05	0.044730	supercritical
199.00	146.00	452.37	0.0022106	57.637	89.912	4.4076	0.76907	2.2517	301.70	0.20426	2.9117e-05	0.044215	supercritical
200.00	146.00	445.46	0.0022449	59.375	92.150	4.4188	0.76737	2.2244	300.88	0.20736	2.8784e-05	0.043718	supercritical
201.00	146.00	438.76	0.0022792	61.085	94.360	4.4299	0.76564	2.1968	300.17	0.21026	2.8469e-05	0.043240	supercritical
202.00	146.00	432.25	0.0023135	62.767	96.543	4.4407	0.76391	2.1691	299.57	0.21297	2.8170e-05	0.042781	supercritical
203.00	146.00	425.93	0.0023478	64.421	98.699	4.4513	0.76216	2.1413	299.07	0.21550	2.7888e-05	0.042339	supercritical
204.00	146.00	419.80	0.0023821	66.048	100.83	4.4618	0.76041	2.1136	298.67	0.21784	2.7620e-05	0.041915	supercritical
205.00	146.00	413.86	0.0024163	67.648	102.93	4.4721	0.75866	2.0862	298.36	0.22000	2.7367e-05	0.041509	supercritical
206.00	146.00	408.09	0.0024504	69.223	105.00	4.4821	0.75692	2.0591	298.12	0.22199	2.7128e-05	0.041119	supercritical
207.00	146.00	402.50	0.0024844	70.771	107.04	4.4920	0.75519	2.0324	297.97	0.22382	2.6902e-05	0.040746	supercritical
208.00	146.00	397.08	0.0025184	72.295	109.06	4.5018	0.75347	2.0062	297.88	0.22548	2.6689e-05	0.040389	supercritical
209.00	146.00	391.83	0.0025522	73.795	111.06	4.5113	0.75177	1.9805	297.85	0.22700	2.6488e-05	0.040047	supercritical
210.00	146.00	386.73	0.0025858	75.272	113.02	4.5207	0.75009	1.9553	297.88	0.22836	2.6298e-05	0.039720	supercritical
211.00	146.00	381.78	0.0026193	76.726	114.97	4.5300	0.74843	1.9308	297.97	0.22959	2.6119e-05	0.039408	supercritical
212.00	146.00	376.98	0.0026526	78.158	116.89	4.5390	0.74680	1.9069	298.10	0.23069	2.5950e-05	0.039109	supercritical
213.00	146.00	372.33	0.0026858	79.569	118.78	4.5480	0.74519	1.8836	298.28	0.23165	2.5791e-05	0.038824	supercritical
214.00	146.00	367.81	0.0027188	80.959	120.65	4.5567	0.74362	1.8609	298.50	0.23250	2.5641e-05	0.038552	supercritical
215.00	146.00	363.42	0.0027517	82.329	122.50	4.5653	0.74207	1.8389	298.76	0.23324	2.5499e-05	0.038292	supercritical
216.00	146.00	359.15	0.0027843	83.681	124.33	4.5738	0.74055	1.8175	299.06	0.23386	2.5366e-05	0.038043	supercritical
217.00	146.00	355.01	0.0028168	85.013	126.14	4.5822	0.73906	1.7967	299.38	0.23439	2.5241e-05	0.037807	supercritical
218.00	146.00	350.99	0.0028491	86.329	127.93	4.5904	0.73760	1.7766	299.74	0.23481	2.5124e-05	0.037581	supercritical
219.00	146.00	347.08	0.0028812	87.626	129.69	4.5985	0.73617	1.7571	300.12	0.23515	2.5013e-05	0.037365	supercritical
220.00	146.00	343.27	0.0029131	88.908	131.44	4.6064	0.73477	1.7382	300.53	0.23539	2.4909e-05	0.037159	supercritical
221.00	146.00	339.57	0.0029449	90.173	133.17	4.6143	0.73341	1.7199	300.96	0.23556	2.4812e-05	0.036963	supercritical
222.00	146.00	335.97	0.0029765	91.423	134.88	4.6220	0.73208	1.7021	301.42	0.23565	2.4721e-05	0.036776	supercritical
223.00	146.00	332.46	0.0030078	92.659	136.57	4.6296	0.73077	1.6849	301.89	0.23566	2.4635e-05	0.036598	supercritical
224.00	146.00	329.05	0.0030390	93.880	138.25	4.6371	0.72950	1.6683	302.38	0.23561	2.4555e-05	0.036428	supercritical
225.00	146.00	325.73	0.0030701	95.087	139.91	4.6445	0.72826	1.6522	302.88	0.23549	2.4479e-05	0.036267	supercritical
226.00	146.00	322.49	0.0031009	96.281	141.55	4.6518	0.72705	1.6365	303.41	0.23531	2.4409e-05	0.036113	supercritical
227.00	146.00	319.33	0.0031316	97.462	143.18	4.6590	0.72587	1.6214	303.94	0.23507	2.4344e-05	0.035966	supercritical
228.00	146.00	316.25	0.0031621	98.631	144.80	4.6661	0.72472	1.6068	304.49	0.23478	2.4283e-05	0.035827	supercritical
229.00	146.00	313.24	0.0031924	99.787	146.40	4.6731	0.72360	1.5926	305.05	0.23443	2.4226e-05	0.035694	supercritical
230.00	146.00	310.31	0.0032226	100.93	147.98	4.6800	0.72251	1.5789	305.62	0.23404	2.4173e-05	0.035568	supercritical
231.00	146.00	307.45	0.0032526	102.07	149.55	4.6868	0.72145	1.5656	306.20	0.23360	2.4124e-05	0.035448	supercritical
232.00	146.00	304.65	0.0032824	103.19	151.11	4.6936	0.72041	1.5527	306.79	0.23312	2.4078e-05	0.035334	supercritical
233.00	146.00	301.93	0.0033121	104.30	152.66	4.7002	0.71940	1.5402	307.38	0.23261	2.4036e-05	0.035225	supercritical
234.00	146.00	299.26	0.0033416	105.41	154.19	4.7068	0.71842	1.5281	307.99	0.23205	2.3998e-05	0.035123	supercritical
235.00	146.00	296.65	0.0033709	106.50	155.72	4.7133	0.71746	1.5163	308.60	0.23146	2.3962e-05	0.035025	supercritical
236.00	146.00	294.10	0.0034001	107.58	157.23	4.7197	0.71653	1.5049	309.22	0.23083	2.3929e-05	0.034932	supercritical
237.00	146.00	291.61	0.0034292	108.66	158.73	4.7260	0.71562	1.4939	309.84	0.23017	2.3900e-05	0.034845	supercritical
238.00	146.00	289.18	0.0034581	109.73	160.21	4.7323	0.71473	1.4832	310.47	0.22949	2.3873e-05	0.034762	supercritical
239.00	146.00	286.79	0.0034869	110.78	161.69	4.7385	0.71387	1.4728	311.10	0.22878	2.3848e-05	0.034683	supercritical
240.00	146.00	284.46	0.0035155	111.83	163.16	4.7446	0.71304	1.4627	311.74	0.22804	2.3827e-05	0.034609	supercritical
241.00	146.00	282.17	0.0035440	112.88	164.62	4.7507	0.71222	1.4529	312.38	0.22728	2.3807e-05	0.034539	supercritical
242.00	146.00	279.93	0.0035723	113.91	166.07	4.7567	0.71143	1.4434	313.02	0.22650	2.3790e-05	0.034472	supercritical
243.00	146.00	277.74	0.0036005	114.94	167.51	4.7626	0.71066	1.4342	313.67	0.22569	2.3775e-05	0.034410	supercritical
244.00	146.00	275.59	0.0036286	115.96	168.93	4.7685	0.70990	1.4252	314.32	0.22487	2.3762e-05	0.034351	supercritical
245.00	146.00	273.48	0.0036565	116.97	170.36	4.7743	0.70917	1.4165	314.97	0.22403	2.3751e-05	0.034296	supercritical
246.00	146.00	271.42	0.0036843	117.98	171.77	4.7800	0.70846	1.4080	315.63	0.22317	2.3742e-05	0.034244	supercritical
247.00	146.00	269.40	0.0037120	118.98	173.17	4.7857	0.70777	1.3998	316.28	0.22230	2.3735e-05	0.034196	supercritical
248.00	146.00	267.41	0.0037396	119.97	174.57	4.7914	0.70710	1.3918	316.94	0.22141	2.3729e-05	0.034150	supercritical
249.00	146.00	265.46	0.0037670	120.96	175.96	4.7970	0.70644	1.3840	317.60	0.22051	2.3726e-05	0.034108	supercritical
250.00	146.00	263.55	0.0037943	121.94	177.34	4.8025	0.70580	1.3764	318.26	0.21959	2.3724e-05	0.034068	supercritical
251.00	146.00	261.67	0.0038216	122.91	178.71	4.8080	0.70518	1.3690	318.92	0.21867	2.3723e-05	0.034032	supercritical
252.00	146.00	259.83	0.0038487	123.88	180.07	4.8134	0.70458	1.3619	319.59	0.21773	2.3724e-05	0.033998	supercritical
253.00	146.00	258.02	0.0038756	124.85	181.43	4.8188	0.70399	1.3549	320.25	0.21679	2.3726e-05	0.033966	supercritical
254.00	146.00	256.25	0.0039025	125.81	182.78	4.8241	0.70342	1.3481	320.91	0.21584	2.3730e-05	0.033937	supercritical
255.00	146.00	254.50	0.0039293	126.76	184.13	4.8294	0.70287	1.3414	321.58	0.21487	2.3735e-05	0.033911	supercritical
256.00	146.00	252.78	0.0039559	127.71	185.47	4.8346	0.70233	1.3350	322.24	0.21391	2.3741e-05	0.033887	supercritical
257.00	146.00	251.10	0.0039825	128.65	186.80	4.8398	0.70180	1.3287	322.90	0.21293	2.3749e-05	0.033865	supercritical
258.00	146.00	249.44	0.0040089	129.59	188.12	4.8450	0.70129	1.3226	323.57	0.21195	2.3757e-05	0.033845	supercritical
259.00	146.00	247.81	0.0040353	130.53	189.44	4.8501	0.70080	1.3166	324.23	0.21096	2.3767e-05	0.033828	supercritical
260.00	146.00	246.21	0.0040616	131.46	190.76	4.8551	0.70032	1.3108	324.89	0.20997	2.3778e-05	0.033812	supercritical
261.00	146.00	244.64	0.0040877	132.38	192.07	4.8602	0.69985	1.3051	325.56	0.20897	2.3790e-05	0.033799	supercritical
262.00	146.00	243.09	0.0041138	133.31	193.37	4.8651	0.69939	1.2996	326.22	0.20797	2.3803e-05	0.033787	supercritical
263.00	146.00	241.56	0.0041398	134.22	194.66	4.8701	0.69895	1.2942	326.88	0.20697	2.3817e-05	0.033777	supercritical
264.00	146.00	240.06	0.0041656	135.14	195.96	4.8750	0.69852	1.2889	327.54	0.20596	2.3832e-05	0.033769	supercritical
265.00	146.00	238.58	0.0041914	136.05	197.24	4.8798	0.69810	1.2838	328.20	0.20495	2.3847e-05	0.033763	supercritical
266.00	146.00	237.13	0.0042171	136.95	198.52	4.8847	0.69770	1.2787	328.86	0.20394	2.3864e-05	0.033759	supercritical
267.00	146.00	235.70	0.0042427	137.86	199.80	4.8895	0.69730	1.2738	329.52	0.20293	2.3881e-05	0.033756	supercritical
268.00	146.00	234.29	0.0042683	138.75	201.07	4.8942	0.69692	1.2690	330.18	0.20191	2.3899e-05	0.033754	supercritical
269.00	146.00	232.90	0.0042937	139.65	202.34	4.8989	0.69655	1.2644	330.83	0.20090	2.3918e-05	0.033754	supercritical
270.00	146.00	231.53	0.0043191	140.54	203.60	4.9036	0.69619	1.2598	331.49	0.19988	2.3938e-05	0.033756	supercritical
271.00	146.00	230.18	0.0043444	141.43	204.86	4.9083	0.69584	1.2553	332.14	0.19886	2.3959e-05	0.033759	supercritical
272.00	146.00	228.86	0.0043696	142.31	206.11	4.9129	0.69550	1.2510	332.80	0.19785	2.3980e-05	0.033763	supercritical
273.00	146.00	227.55	0.0043947	143.20	207.36	4.9175	0.69517	1.2467	333.45	0.19683	2.4001e-05	0.033768	supercritical
274.00	146.00	226.26	0.0044197	144.08	208.60	4.9220	0.69485	1.2425	334.10	0.19581	2.4024e-05	0.033775	supercritical
275.00	146.00	224.99	0.0044447	144.95	209.84	4.9265	0.69454	1.2385	334.75	0.19480	2.4047e-05	0.033783	supercritical
276.00	146.00	223.73	0.0044696	145.82	211.08	4.9310	0.69424	1.2345	335.40	0.19378	2.4071e-05	0.033793	supercritical
277.00	146.00	222.50	0.0044944	146.69	212.31	4.9355	0.69395	1.2306	336.05	0.19277	2.4095e-05	0.033803	supercritical
278.00	146.00	221.28	0.0045192	147.56	213.54	4.9399	0.69366	1.2268	336.69	0.19176	2.4120e-05	0.033815	supercritical
279.00	146.00	220.08	0.0045439	148.43	214.77	4.9443	0.69339	1.2230	337.34	0.19075	2.4145e-05	0.033828	supercritical
280.00	146.00	218.89	0.0045685	149.29	215.99	4.9487	0.69313	1.2194	337.98	0.18974	2.4171e-05	0.033842	supercritical
281.00	146.00	217.72	0.0045930	150.15	217.21	4.9530	0.69287	1.2158	338.62	0.18873	2.4198e-05	0.033856	supercritical
282.00	146.00	216.57	0.0046175	151.00	218.42	4.9573	0.69262	1.2123	339.26	0.18773	2.4224e-05	0.033872	supercritical
283.00	146.00	215.43	0.0046419	151.86	219.63	4.9616	0.69239	1.2089	339.90	0.18672	2.4252e-05	0.033889	supercritical
284.00	146.00	214.30	0.0046663	152.71	220.84	4.9659	0.69215	1.2055	340.54	0.18572	2.4280e-05	0.033907	supercritical
285.00	146.00	213.19	0.0046905	153.56	222.04	4.9701	0.69193	1.2023	341.17	0.18472	2.4308e-05	0.033925	supercritical
286.00	146.00	212.10	0.0047148	154.41	223.24	4.9743	0.69172	1.1990	341.80	0.18373	2.4337e-05	0.033945	supercritical
287.00	146.00	211.02	0.0047389	155.25	224.44	4.9785	0.69151	1.1959	342.44	0.18274	2.4366e-05	0.033965	supercritical
288.00	146.00	209.95	0.0047630	156.09	225.63	4.9826	0.69131	1.1928	343.07	0.18175	2.4395e-05	0.033986	supercritical
289.00	146.00	208.90	0.0047870	156.93	226.83	4.9868	0.69112	1.1898	343.70	0.18076	2.4425e-05	0.034008	supercritical
290.00	146.00	207.86	0.0048110	157.77	228.01	4.9909	0.69093	1.1868	344.33	0.17977	2.4456e-05	0.034031	supercritical
291.00	146.00	206.83	0.0048349	158.61	229.20	4.9950	0.69075	1.1839	344.95	0.17879	2.4486e-05	0.034055	supercritical
292.00	146.00	205.81	0.0048588	159.44	230.38	4.9990	0.69058	1.1811	345.58	0.17781	2.4517e-05	0.034079	supercritical
293.00	146.00	204.81	0.0048826	160.28	231.56	5.0030	0.69041	1.1783	346.20	0.17684	2.4549e-05	0.034104	supercritical
294.00	146.00	203.82	0.0049064	161.11	232.74	5.0071	0.69026	1.1756	346.82	0.17587	2.4580e-05	0.034129	supercritical
295.00	146.00	202.84	0.0049301	161.93	233.91	5.0110	0.69010	1.1729	347.44	0.17490	2.4612e-05	0.034155	supercritical
296.00	146.00	201.87	0.0049537	162.76	235.08	5.0150	0.68996	1.1703	348.06	0.17393	2.4645e-05	0.034182	supercritical
297.00	146.00	200.91	0.0049773	163.58	236.25	5.0189	0.68982	1.1677	348.68	0.17297	2.4678e-05	0.034209	supercritical
298.00	146.00	199.97	0.0050008	164.41	237.42	5.0229	0.68969	1.1652	349.29	0.17202	2.4710e-05	0.034237	supercritical
299.00	146.00	199.03	0.0050243	165.23	238.58	5.0268	0.68956	1.1627	349.90	0.17106	2.4744e-05	0.034266	supercritical
300.00	146.00	198.11	0.0050477	166.05	239.74	5.0306	0.68944	1.1603	350.52	0.17011	2.4777e-05	0.034294	supercritical
301.00	146.00	197.20	0.0050711	166.87	240.90	5.0345	0.68932	1.1579	351.13	0.16916	2.4811e-05	0.034324	supercritical
302.00	146.00	196.29	0.0050944	167.68	242.06	5.0383	0.68921	1.1556	351.74	0.16822	2.4845e-05	0.034353	supercritical
303.00	146.00	195.40	0.0051177	168.50	243.22	5.0422	0.68911	1.1533	352.34	0.16728	2.4879e-05	0.034383	supercritical
304.00	146.00	194.52	0.0051409	169.31	244.37	5.0460	0.68901	1.1510	352.95	0.16635	2.4914e-05	0.034413	supercritical
305.00	146.00	193.64	0.0051641	170.12	245.52	5.0497	0.68892	1.1488	353.55	0.16542	2.4949e-05	0.034443	supercritical
306.00	146.00	192.78	0.0051873	170.93	246.67	5.0535	0.68883	1.1467	354.15	0.16449	2.4984e-05	0.034473	supercritical
307.00	146.00	191.93	0.0052104	171.74	247.81	5.0572	0.68875	1.1446	354.76	0.16356	2.5019e-05	0.034502	supercritical
308.00	146.00	191.08	0.0052334	172.55	248.95	5.0609	0.68867	1.1425	355.35	0.16265	2.5054e-05	0.034529	supercritical
309.00	146.00	190.24	0.0052564	173.35	250.10	5.0646	0.68860	1.1404	355.95	0.16173	2.5090e-05	0.034549	supercritical
310.00	146.00	189.42	0.0052794	174.16	251.24	5.0683	0.68854	1.1384	356.55	0.16082	2.5126e-05	0.034578	supercritical
311.00	146.00	188.60	0.0053023	174.96	252.37	5.0720	0.68848	1.1364	357.14	0.15991	2.5162e-05	0.034618	supercritical
312.00	146.00	187.79	0.0053252	175.76	253.51	5.0756	0.68842	1.1345	357.74	0.15901	2.5198e-05	0.034659	supercritical
313.00	146.00	186.99	0.0053480	176.56	254.64	5.0793	0.68837	1.1326	358.33	0.15811	2.5234e-05	0.034700	supercritical
314.00	146.00	186.19	0.0053708	177.36	255.77	5.0829	0.68832	1.1307	358.92	0.15721	2.5271e-05	0.034742	supercritical
315.00	146.00	185.41	0.0053935	178.16	256.90	5.0865	0.68828	1.1289	359.50	0.15632	2.5308e-05	0.034784	supercritical
316.00	146.00	184.63	0.0054162	178.95	258.03	5.0900	0.68824	1.1271	360.09	0.15543	2.5345e-05	0.034826	supercritical
317.00	146.00	183.86	0.0054389	179.75	259.16	5.0936	0.68821	1.1253	360.68	0.15455	2.5382e-05	0.034868	supercritical
318.00	146.00	183.10	0.0054615	180.54	260.28	5.0971	0.68818	1.1236	361.26	0.15367	2.5419e-05	0.034911	supercritical
319.00	146.00	182.35	0.0054841	181.34	261.40	5.1007	0.68815	1.1219	361.84	0.15279	2.5456e-05	0.034955	supercritical
320.00	146.00	181.60	0.0055066	182.13	262.53	5.1042	0.68813	1.1202	362.42	0.15192	2.5494e-05	0.034998	supercritical
321.00	146.00	180.86	0.0055291	182.92	263.64	5.1077	0.68812	1.1186	363.00	0.15106	2.5532e-05	0.035042	supercritical
322.00	146.00	180.13	0.0055516	183.71	264.76	5.1111	0.68811	1.1170	363.58	0.15019	2.5570e-05	0.035086	supercritical
323.00	146.00	179.40	0.0055740	184.50	265.88	5.1146	0.68810	1.1154	364.15	0.14933	2.5608e-05	0.035131	supercritical
324.00	146.00	178.68	0.0055964	185.29	266.99	5.1180	0.68810	1.1138	364.73	0.14848	2.5646e-05	0.035176	supercritical
325.00	146.00	177.97	0.0056188	186.07	268.11	5.1215	0.68810	1.1123	365.30	0.14763	2.5684e-05	0.035221	supercritical
326.00	146.00	177.27	0.0056411	186.86	269.22	5.1249	0.68810	1.1108	365.87	0.14678	2.5722e-05	0.035266	supercritical
327.00	146.00	176.57	0.0056634	187.64	270.33	5.1283	0.68811	1.1093	366.44	0.14594	2.5761e-05	0.035312	supercritical
328.00	146.00	175.88	0.0056857	188.43	271.44	5.1317	0.68813	1.1078	367.01	0.14510	2.5799e-05	0.035358	supercritical
329.00	146.00	175.20	0.0057079	189.21	272.54	5.1350	0.68814	1.1064	367.58	0.14427	2.5838e-05	0.035405	supercritical
330.00	146.00	174.52	0.0057301	189.99	273.65	5.1384	0.68816	1.1050	368.14	0.14344	2.5877e-05	0.035451	supercritical
331.00	146.00	173.85	0.0057522	190.77	274.75	5.1417	0.68819	1.1036	368.70	0.14261	2.5916e-05	0.035498	supercritical
332.00	146.00	173.18	0.0057743	191.55	275.86	5.1451	0.68821	1.1023	369.27	0.14179	2.5955e-05	0.035545	supercritical
333.00	146.00	172.52	0.0057964	192.33	276.96	5.1484	0.68825	1.1009	369.83	0.14097	2.5994e-05	0.035592	supercritical
334.00	146.00	171.87	0.0058185	193.11	278.06	5.1517	0.68828	1.0996	370.39	0.14016	2.6033e-05	0.035640	supercritical
335.00	146.00	171.22	0.0058405	193.89	279.16	5.1550	0.68832	1.0983	370.95	0.13935	2.6073e-05	0.035688	supercritical
336.00	146.00	170.58	0.0058625	194.66	280.26	5.1582	0.68836	1.0971	371.50	0.13854	2.6112e-05	0.035736	supercritical
337.00	146.00	169.94	0.0058844	195.44	281.35	5.1615	0.68841	1.0958	372.06	0.13774	2.6152e-05	0.035784	supercritical
338.00	146.00	169.31	0.0059064	196.21	282.45	5.1647	0.68846	1.0946	372.61	0.13694	2.6191e-05	0.035833	supercritical
339.00	146.00	168.68	0.0059282	196.99	283.54	5.1680	0.68851	1.0934	373.16	0.13615	2.6231e-05	0.035881	supercritical
340.00	146.00	168.06	0.0059501	197.76	284.63	5.1712	0.68856	1.0922	373.71	0.13536	2.6271e-05	0.035930	supercritical
341.00	146.00	167.45	0.0059719	198.53	285.73	5.1744	0.68862	1.0910	374.26	0.13457	2.6310e-05	0.035979	supercritical
342.00	146.00	166.84	0.0059937	199.31	286.82	5.1776	0.68868	1.0899	374.81	0.13379	2.6350e-05	0.036029	supercritical
343.00	146.00	166.24	0.0060155	200.08	287.90	5.1808	0.68875	1.0888	375.36	0.13301	2.6390e-05	0.036078	supercritical
344.00	146.00	165.64	0.0060373	200.85	288.99	5.1839	0.68882	1.0877	375.90	0.13223	2.6430e-05	0.036128	supercritical
345.00	146.00	165.04	0.0060590	201.62	290.08	5.1871	0.68889	1.0866	376.45	0.13146	2.6470e-05	0.036178	supercritical
346.00	146.00	164.46	0.0060807	202.39	291.17	5.1902	0.68896	1.0855	376.99	0.13070	2.6511e-05	0.036228	supercritical
347.00	146.00	163.87	0.0061023	203.16	292.25	5.1934	0.68904	1.0845	377.53	0.12993	2.6551e-05	0.036278	supercritical
348.00	146.00	163.29	0.0061240	203.93	293.34	5.1965	0.68912	1.0834	378.07	0.12917	2.6591e-05	0.036329	supercritical
349.00	146.00	162.72	0.0061456	204.69	294.42	5.1996	0.68921	1.0824	378.61	0.12842	2.6632e-05	0.036380	supercritical
350.00	146.00	162.15	0.0061672	205.46	295.50	5.2027	0.68929	1.0814	379.15	0.12767	2.6672e-05	0.036431	supercritical
351.00	146.00	161.58	0.0061887	206.23	296.58	5.2058	0.68938	1.0804	379.68	0.12692	2.6713e-05	0.036482	supercritical
352.00	146.00	161.02	0.0062102	206.99	297.66	5.2089	0.68947	1.0795	380.22	0.12618	2.6753e-05	0.036533	supercritical
353.00	146.00	160.47	0.0062317	207.76	298.74	5.2119	0.68957	1.0785	380.75	0.12544	2.6794e-05	0.036584	supercritical
354.00	146.00	159.92	0.0062532	208.52	299.82	5.2150	0.68967	1.0776	381.28	0.12470	2.6834e-05	0.036636	supercritical
355.00	146.00	159.37	0.0062746	209.29	300.90	5.2180	0.68977	1.0767	381.81	0.12397	2.6875e-05	0.036687	supercritical
356.00	146.00	158.83	0.0062961	210.05	301.97	5.2210	0.68987	1.0758	382.34	0.12324	2.6916e-05	0.036739	supercritical
357.00	146.00	158.29	0.0063175	210.81	303.05	5.2240	0.68998	1.0749	382.87	0.12251	2.6956e-05	0.036791	supercritical
358.00	146.00	157.76	0.0063388	211.57	304.12	5.2271	0.69009	1.0740	383.40	0.12179	2.6997e-05	0.036843	supercritical
359.00	146.00	157.23	0.0063602	212.34	305.19	5.2300	0.69020	1.0732	383.92	0.12107	2.7038e-05	0.036896	supercritical
360.00	146.00	156.70	0.0063815	213.10	306.27	5.2330	0.69031	1.0723	384.44	0.12036	2.7079e-05	0.036948	supercritical
361.00	146.00	156.18	0.0064028	213.86	307.34	5.2360	0.69043	1.0715	384.97	0.11965	2.7120e-05	0.037001	supercritical
362.00	146.00	155.66	0.0064241	214.62	308.41	5.2390	0.69055	1.0707	385.49	0.11894	2.7161e-05	0.037053	supercritical
363.00	146.00	155.15	0.0064453	215.38	309.48	5.2419	0.69067	1.0699	386.01	0.11824	2.7202e-05	0.037106	supercritical
364.00	146.00	154.64	0.0064666	216.14	310.55	5.2449	0.69079	1.0691	386.53	0.11754	2.7243e-05	0.037159	supercritical
365.00	146.00	154.14	0.0064878	216.90	311.62	5.2478	0.69092	1.0683	387.05	0.11684	2.7284e-05	0.037212	supercritical
366.00	146.00	153.63	0.0065090	217.66	312.69	5.2507	0.69105	1.0676	387.56	0.11615	2.7325e-05	0.037266	supercritical
367.00	146.00	153.14	0.0065301	218.41	313.75	5.2536	0.69118	1.0668	388.08	0.11546	2.7366e-05	0.037319	supercritical
368.00	146.00	152.64	0.0065513	219.17	314.82	5.2565	0.69131	1.0661	388.59	0.11477	2.7408e-05	0.037373	supercritical
369.00	146.00	152.15	0.0065724	219.93	315.89	5.2594	0.69145	1.0654	389.11	0.11409	2.7449e-05	0.037426	supercritical
370.00	146.00	151.67	0.0065935	220.69	316.95	5.2623	0.69158	1.0646	389.62	0.11341	2.7490e-05	0.037480	supercritical
371.00	146.00	151.18	0.0066145	221.44	318.02	5.2652	0.69172	1.0639	390.13	0.11273	2.7531e-05	0.037534	supercritical
372.00	146.00	150.70	0.0066356	222.20	319.08	5.2680	0.69187	1.0633	390.64	0.11206	2.7573e-05	0.037588	supercritical
373.00	146.00	150.23	0.0066566	222.96	320.14	5.2709	0.69201	1.0626	391.15	0.11139	2.7614e-05	0.037642	supercritical
374.00	146.00	149.75	0.0066776	223.71	321.20	5.2737	0.69216	1.0619	391.65	0.11073	2.7655e-05	0.037696	supercritical
375.00	146.00	149.28	0.0066986	224.47	322.27	5.2766	0.69231	1.0613	392.16	0.11007	2.7697e-05	0.037750	supercritical
376.00	146.00	148.82	0.0067196	225.22	323.33	5.2794	0.69246	1.0606	392.66	0.10941	2.7738e-05	0.037805	supercritical
377.00	146.00	148.36	0.0067405	225.98	324.39	5.2822	0.69261	1.0600	393.17	0.10875	2.7779e-05	0.037859	supercritical
378.00	146.00	147.90	0.0067615	226.73	325.45	5.2850	0.69277	1.0594	393.67	0.10810	2.7821e-05	0.037914	supercritical
379.00	146.00	147.44	0.0067824	227.48	326.51	5.2878	0.69293	1.0588	394.17	0.10745	2.7862e-05	0.037969	supercritical
380.00	146.00	146.99	0.0068033	228.24	327.56	5.2906	0.69308	1.0582	394.67	0.10681	2.7904e-05	0.038023	supercritical
381.00	146.00	146.54	0.0068241	228.99	328.62	5.2934	0.69325	1.0576	395.17	0.10616	2.7945e-05	0.038078	supercritical
382.00	146.00	146.09	0.0068450	229.74	329.68	5.2962	0.69341	1.0570	395.67	0.10552	2.7987e-05	0.038133	supercritical
383.00	146.00	145.65	0.0068658	230.50	330.74	5.2989	0.69358	1.0565	396.17	0.10489	2.8028e-05	0.038188	supercritical
384.00	146.00	145.21	0.0068866	231.25	331.79	5.3017	0.69374	1.0559	396.66	0.10426	2.8070e-05	0.038244	supercritical
385.00	146.00	144.77	0.0069074	232.00	332.85	5.3044	0.69391	1.0553	397.16	0.10363	2.8111e-05	0.038299	supercritical
386.00	146.00	144.34	0.0069282	232.75	333.90	5.3072	0.69408	1.0548	397.65	0.10300	2.8153e-05	0.038354	supercritical
387.00	146.00	143.91	0.0069489	233.50	334.96	5.3099	0.69426	1.0543	398.14	0.10238	2.8194e-05	0.038410	supercritical
388.00	146.00	143.48	0.0069697	234.25	336.01	5.3126	0.69443	1.0538	398.63	0.10176	2.8236e-05	0.038465	supercritical
389.00	146.00	143.05	0.0069904	235.01	337.07	5.3153	0.69461	1.0533	399.13	0.10114	2.8277e-05	0.038521	supercritical
390.00	146.00	142.63	0.0070111	235.76	338.12	5.3180	0.69479	1.0528	399.61	0.10053	2.8319e-05	0.038576	supercritical
391.00	146.00	142.21	0.0070318	236.51	339.17	5.3207	0.69497	1.0523	400.10	0.099916	2.8360e-05	0.038632	supercritical
392.00	146.00	141.80	0.0070524	237.26	340.22	5.3234	0.69515	1.0518	400.59	0.099308	2.8402e-05	0.038688	supercritical
393.00	146.00	141.38	0.0070731	238.01	341.27	5.3261	0.69533	1.0513	401.08	0.098704	2.8444e-05	0.038744	supercritical
394.00	146.00	140.97	0.0070937	238.76	342.33	5.3288	0.69552	1.0509	401.56	0.098102	2.8485e-05	0.038800	supercritical
395.00	146.00	140.56	0.0071143	239.51	343.38	5.3314	0.69571	1.0504	402.05	0.097504	2.8527e-05	0.038856	supercritical
396.00	146.00	140.16	0.0071349	240.26	344.43	5.3341	0.69589	1.0499	402.53	0.096908	2.8568e-05	0.038912	supercritical
397.00	146.00	139.75	0.0071555	241.01	345.48	5.3367	0.69608	1.0495	403.01	0.096316	2.8610e-05	0.038968	supercritical
398.00	146.00	139.35	0.0071761	241.75	346.53	5.3394	0.69628	1.0491	403.49	0.095726	2.8652e-05	0.039025	supercritical
399.00	146.00	138.95	0.0071966	242.50	347.57	5.3420	0.69647	1.0487	403.97	0.095140	2.8693e-05	0.039081	supercritical
400.00	146.00	138.56	0.0072171	243.25	348.62	5.3446	0.69667	1.0482	404.45	0.094556	2.8735e-05	0.039137	supercritical
401.00	146.00	138.17	0.0072376	244.00	349.67	5.3472	0.69686	1.0478	404.93	0.093975	2.8776e-05	0.039194	supercritical
402.00	146.00	137.78	0.0072581	244.75	350.72	5.3498	0.69706	1.0474	405.41	0.093398	2.8818e-05	0.039250	supercritical
403.00	146.00	137.39	0.0072786	245.50	351.77	5.3524	0.69726	1.0470	405.88	0.092823	2.8860e-05	0.039307	supercritical
404.00	146.00	137.00	0.0072991	246.25	352.81	5.3550	0.69746	1.0467	406.36	0.092251	2.8901e-05	0.039364	supercritical
405.00	146.00	136.62	0.0073195	246.99	353.86	5.3576	0.69767	1.0463	406.83	0.091681	2.8943e-05	0.039421	supercritical
406.00	146.00	136.24	0.0073400	247.74	354.90	5.3602	0.69787	1.0459	407.31	0.091115	2.8984e-05	0.039477	supercritical
407.00	146.00	135.86	0.0073604	248.49	355.95	5.3628	0.69808	1.0455	407.78	0.090551	2.9026e-05	0.039534	supercritical
408.00	146.00	135.49	0.0073808	249.24	357.00	5.3653	0.69828	1.0452	408.25	0.089990	2.9068e-05	0.039591	supercritical
409.00	146.00	135.11	0.0074012	249.98	358.04	5.3679	0.69849	1.0448	408.72	0.089432	2.9109e-05	0.039648	supercritical
410.00	146.00	134.74	0.0074215	250.73	359.09	5.3705	0.69870	1.0445	409.19	0.088877	2.9151e-05	0.039705	supercritical
411.00	146.00	134.37	0.0074419	251.48	360.13	5.3730	0.69891	1.0442	409.66	0.088325	2.9192e-05	0.039762	supercritical
412.00	146.00	134.01	0.0074622	252.23	361.17	5.3755	0.69913	1.0438	410.12	0.087775	2.9234e-05	0.039819	supercritical
413.00	146.00	133.64	0.0074826	252.97	362.22	5.3781	0.69934	1.0435	410.59	0.087228	2.9275e-05	0.039876	supercritical
414.00	146.00	133.28	0.0075029	253.72	363.26	5.3806	0.69956	1.0432	411.06	0.086683	2.9317e-05	0.039934	supercritical
415.00	146.00	132.92	0.0075232	254.47	364.30	5.3831	0.69977	1.0429	411.52	0.086142	2.9359e-05	0.039991	supercritical
416.00	146.00	132.56	0.0075435	255.21	365.35	5.3856	0.69999	1.0426	411.99	0.085603	2.9400e-05	0.040048	supercritical
417.00	146.00	132.21	0.0075637	255.96	366.39	5.3881	0.70021	1.0423	412.45	0.085066	2.9442e-05	0.040106	supercritical
418.00	146.00	131.86	0.0075840	256.70	367.43	5.3906	0.70043	1.0420	412.91	0.084532	2.9483e-05	0.040163	supercritical
419.00	146.00	131.51	0.0076042	257.45	368.47	5.3931	0.70065	1.0417	413.37	0.084001	2.9525e-05	0.040221	supercritical
420.00	146.00	131.16	0.0076245	258.20	369.51	5.3956	0.70088	1.0414	413.83	0.083473	2.9566e-05	0.040278	supercritical
421.00	146.00	130.81	0.0076447	258.94	370.56	5.3981	0.70110	1.0412	414.29	0.082947	2.9608e-05	0.040336	supercritical
422.00	146.00	130.46	0.0076649	259.69	371.60	5.4005	0.70133	1.0409	414.75	0.082424	2.9649e-05	0.040393	supercritical
423.00	146.00	130.12	0.0076851	260.44	372.64	5.4030	0.70155	1.0406	415.21	0.081903	2.9691e-05	0.040451	supercritical
424.00	146.00	129.78	0.0077053	261.18	373.68	5.4054	0.70178	1.0404	415.66	0.081385	2.9732e-05	0.040509	supercritical
425.00	146.00	129.44	0.0077254	261.93	374.72	5.4079	0.70201	1.0401	416.12	0.080869	2.9774e-05	0.040566	supercritical
426.00	146.00	129.11	0.0077456	262.67	375.76	5.4103	0.70224	1.0399	416.57	0.080356	2.9815e-05	0.040624	supercritical
427.00	146.00	128.77	0.0077657	263.42	376.80	5.4128	0.70247	1.0397	417.03	0.079845	2.9857e-05	0.040682	supercritical
428.00	146.00	128.44	0.0077858	264.16	377.84	5.4152	0.70271	1.0394	417.48	0.079337	2.9898e-05	0.040740	supercritical
429.00	146.00	128.11	0.0078059	264.91	378.88	5.4176	0.70294	1.0392	417.93	0.078831	2.9940e-05	0.040798	supercritical
430.00	146.00	127.78	0.0078260	265.66	379.92	5.4201	0.70317	1.0390	418.39	0.078328	2.9981e-05	0.040855	supercritical
431.00	146.00	127.45	0.0078461	266.40	380.96	5.4225	0.70341	1.0388	418.84	0.077827	3.0022e-05	0.040913	supercritical
432.00	146.00	127.13	0.0078662	267.15	381.99	5.4249	0.70365	1.0385	419.29	0.077329	3.0064e-05	0.040971	supercritical
433.00	146.00	126.80	0.0078863	267.89	383.03	5.4273	0.70388	1.0383	419.74	0.076833	3.0105e-05	0.041029	supercritical
434.00	146.00	126.48	0.0079063	268.64	384.07	5.4297	0.70412	1.0381	420.18	0.076340	3.0147e-05	0.041088	supercritical
435.00	146.00	126.16	0.0079264	269.38	385.11	5.4321	0.70436	1.0379	420.63	0.075848	3.0188e-05	0.041146	supercritical
436.00	146.00	125.84	0.0079464	270.13	386.15	5.4344	0.70460	1.0377	421.08	0.075360	3.0229e-05	0.041204	supercritical
437.00	146.00	125.53	0.0079664	270.87	387.18	5.4368	0.70485	1.0376	421.52	0.074873	3.0271e-05	0.041262	supercritical
438.00	146.00	125.21	0.0079864	271.62	388.22	5.4392	0.70509	1.0374	421.97	0.074389	3.0312e-05	0.041320	supercritical
439.00	146.00	124.90	0.0080064	272.37	389.26	5.4416	0.70533	1.0372	422.41	0.073908	3.0353e-05	0.041378	supercritical
440.00	146.00	124.59	0.0080264	273.11	390.30	5.4439	0.70558	1.0370	422.86	0.073428	3.0395e-05	0.041437	supercritical
441.00	146.00	124.28	0.0080463	273.86	391.33	5.4463	0.70582	1.0369	423.30	0.072951	3.0436e-05	0.041495	supercritical
442.00	146.00	123.97	0.0080663	274.60	392.37	5.4486	0.70607	1.0367	423.74	0.072476	3.0477e-05	0.041553	supercritical
443.00	146.00	123.67	0.0080862	275.35	393.41	5.4510	0.70632	1.0365	424.18	0.072004	3.0519e-05	0.041611	supercritical
444.00	146.00	123.36	0.0081062	276.09	394.44	5.4533	0.70656	1.0364	424.62	0.071534	3.0560e-05	0.041670	supercritical
445.00	146.00	123.06	0.0081261	276.84	395.48	5.4556	0.70681	1.0362	425.06	0.071066	3.0601e-05	0.041728	supercritical
446.00	146.00	122.76	0.0081460	277.58	396.52	5.4580	0.70706	1.0361	425.50	0.070600	3.0642e-05	0.041787	supercritical
447.00	146.00	122.46	0.0081659	278.33	397.55	5.4603	0.70731	1.0359	425.94	0.070136	3.0683e-05	0.041845	supercritical
448.00	146.00	122.16	0.0081858	279.07	398.59	5.4626	0.70756	1.0358	426.38	0.069675	3.0725e-05	0.041904	supercritical
449.00	146.00	121.87	0.0082057	279.82	399.62	5.4649	0.70782	1.0357	426.81	0.069216	3.0766e-05	0.041962	supercritical
450.00	146.00	121.57	0.0082255	280.57	400.66	5.4672	0.70807	1.0355	427.25	0.068759	3.0807e-05	0.042021	supercritical
451.00	146.00	121.28	0.0082454	281.31	401.69	5.4695	0.70832	1.0354	427.68	0.068305	3.0848e-05	0.042079	supercritical
452.00	146.00	120.99	0.0082652	282.06	402.73	5.4718	0.70858	1.0353	428.12	0.067852	3.0889e-05	0.042138	supercritical
453.00	146.00	120.70	0.0082851	282.80	403.76	5.4741	0.70883	1.0352	428.55	0.067402	3.0930e-05	0.042196	supercritical
454.00	146.00	120.41	0.0083049	283.55	404.80	5.4764	0.70909	1.0351	428.98	0.066953	3.0971e-05	0.042255	supercritical
455.00	146.00	120.12	0.0083247	284.29	405.83	5.4786	0.70935	1.0349	429.42	0.066507	3.1012e-05	0.042313	supercritical
456.00	146.00	119.84	0.0083445	285.04	406.87	5.4809	0.70960	1.0348	429.85	0.066063	3.1053e-05	0.042372	supercritical
457.00	146.00	119.56	0.0083643	285.79	407.90	5.4832	0.70986	1.0347	430.28	0.065621	3.1095e-05	0.042431	supercritical
458.00	146.00	119.27	0.0083841	286.53	408.94	5.4854	0.71012	1.0346	430.71	0.065182	3.1136e-05	0.042490	supercritical
459.00	146.00	118.99	0.0084039	287.28	409.97	5.4877	0.71038	1.0345	431.14	0.064744	3.1177e-05	0.042548	supercritical
460.00	146.00	118.71	0.0084236	288.02	411.01	5.4900	0.71064	1.0345	431.57	0.064308	3.1218e-05	0.042607	supercritical
461.00	146.00	118.44	0.0084434	288.77	412.04	5.4922	0.71090	1.0344	431.99	0.063875	3.1258e-05	0.042666	supercritical
462.00	146.00	118.16	0.0084631	289.52	413.08	5.4944	0.71116	1.0343	432.42	0.063443	3.1299e-05	0.042724	supercritical
463.00	146.00	117.88	0.0084828	290.26	414.11	5.4967	0.71143	1.0342	432.85	0.063014	3.1340e-05	0.042783	supercritical
464.00	146.00	117.61	0.0085026	291.01	415.15	5.4989	0.71169	1.0341	433.27	0.062586	3.1381e-05	0.042842	supercritical
465.00	146.00	117.34	0.0085223	291.75	416.18	5.5011	0.71195	1.0340	433.70	0.062161	3.1422e-05	0.042901	supercritical
466.00	146.00	117.07	0.0085420	292.50	417.21	5.5034	0.71222	1.0340	434.12	0.061737	3.1463e-05	0.042960	supercritical
467.00	146.00	116.80	0.0085617	293.25	418.25	5.5056	0.71248	1.0339	434.54	0.061316	3.1504e-05	0.043019	supercritical
468.00	146.00	116.53	0.0085814	293.99	419.28	5.5078	0.71275	1.0338	434.97	0.060896	3.1545e-05	0.043077	supercritical
469.00	146.00	116.26	0.0086011	294.74	420.31	5.5100	0.71301	1.0338	435.39	0.060479	3.1586e-05	0.043136	supercritical
470.00	146.00	116.00	0.0086207	295.49	421.35	5.5122	0.71328	1.0337	435.81	0.060063	3.1626e-05	0.043195	supercritical
471.00	146.00	115.74	0.0086404	296.23	422.38	5.5144	0.71354	1.0337	436.23	0.059650	3.1667e-05	0.043254	supercritical
472.00	146.00	115.47	0.0086600	296.98	423.42	5.5166	0.71381	1.0336	436.65	0.059238	3.1708e-05	0.043313	supercritical
473.00	146.00	115.21	0.0086797	297.73	424.45	5.5188	0.71408	1.0336	437.07	0.058828	3.1749e-05	0.043372	supercritical
474.00	146.00	114.95	0.0086993	298.47	425.48	5.5210	0.71435	1.0335	437.49	0.058420	3.1789e-05	0.043431	supercritical
475.00	146.00	114.69	0.0087189	299.22	426.52	5.5231	0.71462	1.0335	437.91	0.058014	3.1830e-05	0.043490	supercritical
476.00	146.00	114.44	0.0087385	299.97	427.55	5.5253	0.71489	1.0334	438.33	0.057610	3.1871e-05	0.043549	supercritical
477.00	146.00	114.18	0.0087581	300.71	428.58	5.5275	0.71516	1.0334	438.74	0.057208	3.1911e-05	0.043608	supercritical
478.00	146.00	113.92	0.0087777	301.46	429.62	5.5296	0.71543	1.0334	439.16	0.056807	3.1952e-05	0.043667	supercritical
479.00	146.00	113.67	0.0087973	302.21	430.65	5.5318	0.71570	1.0333	439.58	0.056409	3.1993e-05	0.043726	supercritical
480.00	146.00	113.42	0.0088169	302.96	431.68	5.5340	0.71597	1.0333	439.99	0.056012	3.2033e-05	0.043785	supercritical
481.00	146.00	113.17	0.0088365	303.70	432.72	5.5361	0.71624	1.0333	440.41	0.055617	3.2074e-05	0.043844	supercritical
482.00	146.00	112.92	0.0088560	304.45	433.75	5.5382	0.71651	1.0333	440.82	0.055224	3.2114e-05	0.043903	supercritical
483.00	146.00	112.67	0.0088756	305.20	434.78	5.5404	0.71679	1.0332	441.23	0.054833	3.2155e-05	0.043962	supercritical
484.00	146.00	112.42	0.0088951	305.95	435.82	5.5425	0.71706	1.0332	441.64	0.054444	3.2195e-05	0.044021	supercritical
485.00	146.00	112.17	0.0089147	306.70	436.85	5.5447	0.71733	1.0332	442.06	0.054056	3.2236e-05	0.044080	supercritical
486.00	146.00	111.93	0.0089342	307.44	437.88	5.5468	0.71761	1.0332	442.47	0.053670	3.2276e-05	0.044139	supercritical
487.00	146.00	111.69	0.0089537	308.19	438.92	5.5489	0.71788	1.0332	442.88	0.053286	3.2317e-05	0.044198	supercritical
488.00	146.00	111.44	0.0089732	308.94	439.95	5.5510	0.71815	1.0332	443.29	0.052904	3.2357e-05	0.044257	supercritical
489.00	146.00	111.20	0.0089927	309.69	440.98	5.5531	0.71843	1.0332	443.70	0.052524	3.2398e-05	0.044316	supercritical
490.00	146.00	110.96	0.0090122	310.44	442.02	5.5553	0.71870	1.0332	444.11	0.052145	3.2438e-05	0.044375	supercritical
491.00	146.00	110.72	0.0090317	311.19	443.05	5.5574	0.71898	1.0332	444.52	0.051768	3.2478e-05	0.044435	supercritical
492.00	146.00	110.48	0.0090512	311.93	444.08	5.5595	0.71926	1.0332	444.92	0.051392	3.2519e-05	0.044494	supercritical
493.00	146.00	110.25	0.0090707	312.68	445.12	5.5616	0.71953	1.0332	445.33	0.051019	3.2559e-05	0.044553	supercritical
494.00	146.00	110.01	0.0090901	313.43	446.15	5.5637	0.71981	1.0332	445.74	0.050647	3.2599e-05	0.044612	supercritical
495.00	146.00	109.77	0.0091096	314.18	447.18	5.5657	0.72009	1.0332	446.14	0.050277	3.2640e-05	0.044671	supercritical
496.00	146.00	109.54	0.0091290	314.93	448.21	5.5678	0.72036	1.0332	446.55	0.049908	3.2680e-05	0.044730	supercritical
497.00	146.00	109.31	0.0091485	315.68	449.25	5.5699	0.72064	1.0332	446.95	0.049541	3.2720e-05	0.044789	supercritical
498.00	146.00	109.08	0.0091679	316.43	450.28	5.5720	0.72092	1.0332	447.36	0.049176	3.2761e-05	0.044848	supercritical
499.00	146.00	108.85	0.0091873	317.18	451.31	5.5741	0.72120	1.0333	447.76	0.048812	3.2801e-05	0.044908	supercritical
500.00	146.00	108.62	0.0092068	317.93	452.35	5.5761	0.72148	1.0333	448.16	0.048451	3.2841e-05	0.044967	supercritical
501.00	146.00	108.39	0.0092262	318.68	453.38	5.5782	0.72175	1.0333	448.57	0.048090	3.2881e-05	0.045026	supercritical
502.00	146.00	108.16	0.0092456	319.43	454.41	5.5803	0.72203	1.0333	448.97	0.047732	3.2921e-05	0.045085	supercritical
503.00	146.00	107.93	0.0092650	320.18	455.45	5.5823	0.72231	1.0334	449.37	0.047375	3.2961e-05	0.045144	supercritical
504.00	146.00	107.71	0.0092844	320.93	456.48	5.5844	0.72259	1.0334	449.77	0.047019	3.3001e-05	0.045203	supercritical
505.00	146.00	107.48	0.0093037	321.68	457.51	5.5864	0.72287	1.0334	450.17	0.046665	3.3041e-05	0.045263	supercritical
506.00	146.00	107.26	0.0093231	322.43	458.55	5.5885	0.72315	1.0335	450.57	0.046313	3.3082e-05	0.045322	supercritical
507.00	146.00	107.04	0.0093425	323.18	459.58	5.5905	0.72343	1.0335	450.97	0.045962	3.3122e-05	0.045381	supercritical
508.00	146.00	106.82	0.0093618	323.93	460.62	5.5925	0.72371	1.0335	451.37	0.045613	3.3162e-05	0.045440	supercritical
509.00	146.00	106.60	0.0093812	324.68	461.65	5.5946	0.72399	1.0336	451.76	0.045266	3.3202e-05	0.045499	supercritical
510.00	146.00	106.38	0.0094005	325.43	462.68	5.5966	0.72427	1.0336	452.16	0.044920	3.3242e-05	0.045559	supercritical
511.00	146.00	106.16	0.0094199	326.19	463.72	5.5986	0.72455	1.0337	452.56	0.044576	3.3281e-05	0.045618	supercritical
512.00	146.00	105.94	0.0094392	326.94	464.75	5.6006	0.72484	1.0337	452.95	0.044233	3.3321e-05	0.045677	supercritical
513.00	146.00	105.72	0.0094585	327.69	465.78	5.6027	0.72512	1.0337	453.35	0.043891	3.3361e-05	0.045736	supercritical
514.00	146.00	105.51	0.0094779	328.44	466.82	5.6047	0.72540	1.0338	453.75	0.043551	3.3401e-05	0.045795	supercritical
515.00	146.00	105.29	0.0094972	329.19	467.85	5.6067	0.72568	1.0338	454.14	0.043213	3.3441e-05	0.045855	supercritical
516.00	146.00	105.08	0.0095165	329.94	468.88	5.6087	0.72596	1.0339	454.53	0.042876	3.3481e-05	0.045914	supercritical
517.00	146.00	104.87	0.0095358	330.70	469.92	5.6107	0.72624	1.0340	454.93	0.042541	3.3521e-05	0.045973	supercritical
518.00	146.00	104.66	0.0095551	331.45	470.95	5.6127	0.72653	1.0340	455.32	0.042207	3.3560e-05	0.046032	supercritical
519.00	146.00	104.45	0.0095743	332.20	471.99	5.6147	0.72681	1.0341	455.71	0.041875	3.3600e-05	0.046091	supercritical
520.00	146.00	104.24	0.0095936	332.95	473.02	5.6167	0.72709	1.0341	456.11	0.041544	3.3640e-05	0.046151	supercritical
521.00	146.00	104.03	0.0096129	333.71	474.05	5.6187	0.72737	1.0342	456.50	0.041215	3.3680e-05	0.046210	supercritical
522.00	146.00	103.82	0.0096322	334.46	475.09	5.6206	0.72766	1.0343	456.89	0.040887	3.3719e-05	0.046269	supercritical
523.00	146.00	103.61	0.0096514	335.21	476.12	5.6226	0.72794	1.0343	457.28	0.040560	3.3759e-05	0.046328	supercritical
524.00	146.00	103.41	0.0096707	335.97	477.16	5.6246	0.72822	1.0344	457.67	0.040235	3.3799e-05	0.046388	supercritical
525.00	146.00	103.20	0.0096899	336.72	478.19	5.6266	0.72850	1.0345	458.06	0.039911	3.3838e-05	0.046447	supercritical
526.00	146.00	103.00	0.0097092	337.47	479.23	5.6285	0.72879	1.0345	458.45	0.039589	3.3878e-05	0.046506	supercritical
527.00	146.00	102.79	0.0097284	338.23	480.26	5.6305	0.72907	1.0346	458.84	0.039268	3.3918e-05	0.046565	supercritical
528.00	146.00	102.59	0.0097476	338.98	481.30	5.6325	0.72935	1.0347	459.22	0.038949	3.3957e-05	0.046624	supercritical
529.00	146.00	102.39	0.0097668	339.73	482.33	5.6344	0.72964	1.0347	459.61	0.038631	3.3997e-05	0.046684	supercritical
530.00	146.00	102.19	0.0097861	340.49	483.37	5.6364	0.72992	1.0348	460.00	0.038314	3.4036e-05	0.046743	supercritical
531.00	146.00	101.99	0.0098053	341.24	484.40	5.6383	0.73020	1.0349	460.38	0.037999	3.4076e-05	0.046802	supercritical
532.00	146.00	101.79	0.0098245	342.00	485.44	5.6403	0.73049	1.0350	460.77	0.037685	3.4115e-05	0.046861	supercritical
533.00	146.00	101.59	0.0098437	342.75	486.47	5.6422	0.73077	1.0350	461.16	0.037373	3.4155e-05	0.046920	supercritical
534.00	146.00	101.39	0.0098629	343.51	487.51	5.6442	0.73105	1.0351	461.54	0.037062	3.4194e-05	0.046980	supercritical
535.00	146.00	101.19	0.0098820	344.26	488.54	5.6461	0.73134	1.0352	461.93	0.036752	3.4233e-05	0.047039	supercritical
536.00	146.00	101.00	0.0099012	345.02	489.58	5.6480	0.73162	1.0353	462.31	0.036444	3.4273e-05	0.047098	supercritical
537.00	146.00	100.80	0.0099204	345.77	490.61	5.6500	0.73190	1.0354	462.69	0.036136	3.4312e-05	0.047157	supercritical
538.00	146.00	100.61	0.0099396	346.53	491.65	5.6519	0.73219	1.0355	463.08	0.035831	3.4352e-05	0.047216	supercritical
539.00	146.00	100.41	0.0099587	347.28	492.68	5.6538	0.73247	1.0356	463.46	0.035526	3.4391e-05	0.047275	supercritical
540.00	146.00	100.22	0.0099779	348.04	493.72	5.6557	0.73275	1.0356	463.84	0.035223	3.4430e-05	0.047335	supercritical
541.00	146.00	100.03	0.0099970	348.80	494.75	5.6576	0.73304	1.0357	464.22	0.034921	3.4469e-05	0.047394	supercritical
542.00	146.00	99.838	0.010016	349.55	495.79	5.6596	0.73332	1.0358	464.60	0.034621	3.4509e-05	0.047453	supercritical
543.00	146.00	99.648	0.010035	350.31	496.82	5.6615	0.73360	1.0359	464.99	0.034322	3.4548e-05	0.047512	supercritical
544.00	146.00	99.458	0.010054	351.07	497.86	5.6634	0.73389	1.0360	465.37	0.034024	3.4587e-05	0.047571	supercritical
545.00	146.00	99.270	0.010074	351.82	498.90	5.6653	0.73417	1.0361	465.75	0.033727	3.4626e-05	0.047630	supercritical
546.00	146.00	99.081	0.010093	352.58	499.93	5.6672	0.73445	1.0362	466.12	0.033432	3.4665e-05	0.047690	supercritical
547.00	146.00	98.894	0.010112	353.34	500.97	5.6691	0.73474	1.0363	466.50	0.033138	3.4705e-05	0.047749	supercritical
548.00	146.00	98.708	0.010131	354.09	502.01	5.6710	0.73502	1.0364	466.88	0.032845	3.4744e-05	0.047808	supercritical
549.00	146.00	98.522	0.010150	354.85	503.04	5.6729	0.73530	1.0365	467.26	0.032553	3.4783e-05	0.047867	supercritical
550.00	146.00	98.337	0.010169	355.61	504.08	5.6747	0.73559	1.0366	467.64	0.032263	3.4822e-05	0.047926	supercritical
551.00	146.00	98.152	0.010188	356.37	505.12	5.6766	0.73587	1.0367	468.01	0.031974	3.4861e-05	0.047985	supercritical
552.00	146.00	97.969	0.010207	357.13	506.15	5.6785	0.73615	1.0368	468.39	0.031686	3.4900e-05	0.048044	supercritical
553.00	146.00	97.786	0.010226	357.88	507.19	5.6804	0.73644	1.0369	468.77	0.031399	3.4939e-05	0.048103	supercritical
554.00	146.00	97.604	0.010245	358.64	508.23	5.6823	0.73672	1.0370	469.14	0.031114	3.4978e-05	0.048163	supercritical
555.00	146.00	97.423	0.010265	359.40	509.26	5.6841	0.73700	1.0371	469.52	0.030829	3.5017e-05	0.048222	supercritical
556.00	146.00	97.242	0.010284	360.16	510.30	5.6860	0.73729	1.0372	469.89	0.030546	3.5056e-05	0.048281	supercritical
557.00	146.00	97.062	0.010303	360.92	511.34	5.6879	0.73757	1.0373	470.27	0.030265	3.5095e-05	0.048340	supercritical
558.00	146.00	96.883	0.010322	361.68	512.37	5.6897	0.73785	1.0375	470.64	0.029984	3.5134e-05	0.048399	supercritical
559.00	146.00	96.704	0.010341	362.44	513.41	5.6916	0.73813	1.0376	471.02	0.029705	3.5172e-05	0.048458	supercritical
560.00	146.00	96.527	0.010360	363.20	514.45	5.6934	0.73842	1.0377	471.39	0.029426	3.5211e-05	0.048517	supercritical
561.00	146.00	96.349	0.010379	363.96	515.49	5.6953	0.73870	1.0378	471.76	0.029149	3.5250e-05	0.048576	supercritical
562.00	146.00	96.173	0.010398	364.72	516.53	5.6971	0.73898	1.0379	472.13	0.028873	3.5289e-05	0.048635	supercritical
563.00	146.00	95.997	0.010417	365.48	517.56	5.6990	0.73926	1.0380	472.51	0.028598	3.5328e-05	0.048694	supercritical
564.00	146.00	95.822	0.010436	366.24	518.60	5.7008	0.73955	1.0381	472.88	0.028325	3.5366e-05	0.048753	supercritical
565.00	146.00	95.648	0.010455	367.00	519.64	5.7027	0.73983	1.0382	473.25	0.028052	3.5405e-05	0.048813	supercritical
566.00	146.00	95.474	0.010474	367.76	520.68	5.7045	0.74011	1.0384	473.62	0.027781	3.5444e-05	0.048872	supercritical
567.00	146.00	95.301	0.010493	368.52	521.72	5.7063	0.74039	1.0385	473.99	0.027511	3.5483e-05	0.048931	supercritical
568.00	146.00	95.129	0.010512	369.28	522.75	5.7082	0.74067	1.0386	474.36	0.027242	3.5521e-05	0.048990	supercritical
569.00	146.00	94.957	0.010531	370.04	523.79	5.7100	0.74095	1.0387	474.73	0.026974	3.5560e-05	0.049049	supercritical
570.00	146.00	94.786	0.010550	370.80	524.83	5.7118	0.74124	1.0388	475.10	0.026707	3.5598e-05	0.049108	supercritical
571.00	146.00	94.616	0.010569	371.56	525.87	5.7136	0.74152	1.0390	475.47	0.026441	3.5637e-05	0.049167	supercritical
572.00	146.00	94.446	0.010588	372.33	526.91	5.7154	0.74180	1.0391	475.83	0.026177	3.5676e-05	0.049226	supercritical
573.00	146.00	94.277	0.010607	373.09	527.95	5.7173	0.74208	1.0392	476.20	0.025913	3.5714e-05	0.049285	supercritical
574.00	146.00	94.109	0.010626	373.85	528.99	5.7191	0.74236	1.0393	476.57	0.025651	3.5753e-05	0.049344	supercritical
575.00	146.00	93.941	0.010645	374.61	530.03	5.7209	0.74264	1.0395	476.94	0.025390	3.5791e-05	0.049403	supercritical
576.00	146.00	93.774	0.010664	375.37	531.07	5.7227	0.74292	1.0396	477.30	0.025129	3.5830e-05	0.049462	supercritical
577.00	146.00	93.608	0.010683	376.14	532.11	5.7245	0.74320	1.0397	477.67	0.024870	3.5868e-05	0.049521	supercritical
578.00	146.00	93.442	0.010702	376.90	533.15	5.7263	0.74348	1.0398	478.04	0.024612	3.5907e-05	0.049580	supercritical
579.00	146.00	93.276	0.010721	377.66	534.19	5.7281	0.74376	1.0400	478.40	0.024355	3.5945e-05	0.049639	supercritical
580.00	146.00	93.112	0.010740	378.43	535.23	5.7299	0.74404	1.0401	478.77	0.024099	3.5983e-05	0.049697	supercritical
581.00	146.00	92.948	0.010759	379.19	536.27	5.7317	0.74432	1.0402	479.13	0.023844	3.6022e-05	0.049756	supercritical
582.00	146.00	92.785	0.010778	379.95	537.31	5.7335	0.74460	1.0404	479.49	0.023590	3.6060e-05	0.049815	supercritical
583.00	146.00	92.622	0.010797	380.72	538.35	5.7352	0.74488	1.0405	479.86	0.023337	3.6098e-05	0.049874	supercritical
584.00	146.00	92.460	0.010816	381.48	539.39	5.7370	0.74516	1.0406	480.22	0.023086	3.6137e-05	0.049933	supercritical
585.00	146.00	92.298	0.010834	382.25	540.43	5.7388	0.74544	1.0408	480.58	0.022835	3.6175e-05	0.049992	supercritical
586.00	146.00	92.137	0.010853	383.01	541.47	5.7406	0.74571	1.0409	480.95	0.022585	3.6213e-05	0.050051	supercritical
587.00	146.00	91.977	0.010872	383.78	542.51	5.7424	0.74599	1.0410	481.31	0.022336	3.6251e-05	0.050110	supercritical
588.00	146.00	91.817	0.010891	384.54	543.55	5.7441	0.74627	1.0412	481.67	0.022089	3.6290e-05	0.050169	supercritical
589.00	146.00	91.658	0.010910	385.31	544.59	5.7459	0.74655	1.0413	482.03	0.021842	3.6328e-05	0.050228	supercritical
590.00	146.00	91.499	0.010929	386.07	545.63	5.7477	0.74683	1.0414	482.39	0.021596	3.6366e-05	0.050286	supercritical
591.00	146.00	91.341	0.010948	386.84	546.68	5.7494	0.74710	1.0416	482.75	0.021352	3.6404e-05	0.050345	supercritical
592.00	146.00	91.184	0.010967	387.60	547.72	5.7512	0.74738	1.0417	483.12	0.021108	3.6442e-05	0.050404	supercritical
593.00	146.00	91.027	0.010986	388.37	548.76	5.7530	0.74766	1.0418	483.48	0.020865	3.6480e-05	0.050463	supercritical
594.00	146.00	90.871	0.011005	389.13	549.80	5.7547	0.74794	1.0420	483.83	0.020624	3.6518e-05	0.050522	supercritical
595.00	146.00	90.715	0.011024	389.90	550.84	5.7565	0.74821	1.0421	484.19	0.020383	3.6557e-05	0.050581	supercritical
596.00	146.00	90.560	0.011042	390.67	551.89	5.7582	0.74849	1.0423	484.55	0.020143	3.6595e-05	0.050639	supercritical
597.00	146.00	90.406	0.011061	391.43	552.93	5.7600	0.74877	1.0424	484.91	0.019904	3.6633e-05	0.050698	supercritical
598.00	146.00	90.252	0.011080	392.20	553.97	5.7617	0.74904	1.0425	485.27	0.019666	3.6671e-05	0.050757	supercritical
599.00	146.00	90.098	0.011099	392.97	555.01	5.7634	0.74932	1.0427	485.63	0.019430	3.6709e-05	0.050816	supercritical
600.00	146.00	89.945	0.011118	393.73	556.06	5.7652	0.74959	1.0428	485.98	0.019194	3.6747e-05	0.050875	supercritical
