Temperature (K)	Pressure (bar)	Density (kg/m3)	Volume (m3/kg)	Internal Energy (kJ/kg)	Enthalpy (kJ/kg)	Entropy (J/g*K)	Cv (J/g*K)	Cp (J/g*K)	Sound Spd. (m/s)	Joule-Thomson (K/bar)	Viscosity (Pa*s)	Therm. Cond. (W/m*K)	Phase
60.000	67.000	1289.9	0.00077524	-185.23	-180.03	2.2396	1.0911	1.6592	1145.8	-0.037438	0.00060956	0.19665	liquid
61.000	67.000	1285.6	0.00077782	-183.58	-178.37	2.2670	1.0823	1.6610	1141.9	-0.037282	0.00058081	0.19530	liquid
62.000	67.000	1281.3	0.00078043	-181.94	-176.71	2.2940	1.0744	1.6625	1137.3	-0.037140	0.00055397	0.19394	liquid
63.000	67.000	1277.0	0.00078308	-180.29	-175.05	2.3206	1.0673	1.6636	1132.1	-0.037009	0.00052891	0.19259	liquid
64.000	67.000	1272.7	0.00078575	-178.65	-173.38	2.3468	1.0607	1.6645	1126.4	-0.036888	0.00050549	0.19123	liquid
65.000	67.000	1268.3	0.00078845	-177.00	-171.72	2.3726	1.0546	1.6650	1120.3	-0.036774	0.00048360	0.18988	liquid
66.000	67.000	1264.0	0.00079117	-175.35	-170.05	2.3981	1.0488	1.6653	1113.9	-0.036667	0.00046311	0.18852	liquid
67.000	67.000	1259.6	0.00079392	-173.71	-168.39	2.4231	1.0433	1.6655	1107.3	-0.036564	0.00044392	0.18717	liquid
68.000	67.000	1255.2	0.00079669	-172.06	-166.72	2.4478	1.0380	1.6654	1100.4	-0.036463	0.00042594	0.18581	liquid
69.000	67.000	1250.8	0.00079949	-170.41	-165.06	2.4721	1.0329	1.6653	1093.4	-0.036364	0.00040907	0.18446	liquid
70.000	67.000	1246.4	0.00080231	-168.77	-163.39	2.4961	1.0279	1.6650	1086.3	-0.036264	0.00039323	0.18311	liquid
71.000	67.000	1242.0	0.00080516	-167.12	-161.73	2.5197	1.0230	1.6647	1079.1	-0.036163	0.00037834	0.18175	liquid
72.000	67.000	1237.6	0.00080803	-165.48	-160.06	2.5430	1.0183	1.6643	1071.7	-0.036060	0.00036434	0.18040	liquid
73.000	67.000	1233.1	0.00081093	-163.83	-158.40	2.5659	1.0136	1.6639	1064.4	-0.035953	0.00035115	0.17905	liquid
74.000	67.000	1228.7	0.00081386	-162.19	-156.74	2.5885	1.0090	1.6635	1056.9	-0.035842	0.00033872	0.17769	liquid
75.000	67.000	1224.3	0.00081682	-160.54	-155.07	2.6109	1.0044	1.6632	1049.5	-0.035726	0.00032700	0.17634	liquid
76.000	67.000	1219.8	0.00081980	-158.90	-153.41	2.6329	0.99992	1.6629	1042.0	-0.035604	0.00031592	0.17499	liquid
77.000	67.000	1215.3	0.00082281	-157.26	-151.75	2.6546	0.99549	1.6626	1034.5	-0.035476	0.00030545	0.17363	liquid
78.000	67.000	1210.9	0.00082585	-155.62	-150.08	2.6761	0.99111	1.6625	1027.0	-0.035340	0.00029554	0.17228	liquid
79.000	67.000	1206.4	0.00082892	-153.98	-148.42	2.6973	0.98679	1.6624	1019.4	-0.035197	0.00028616	0.17092	liquid
80.000	67.000	1201.9	0.00083202	-152.33	-146.76	2.7182	0.98252	1.6624	1011.9	-0.035046	0.00027725	0.16957	liquid
81.000	67.000	1197.4	0.00083516	-150.69	-145.10	2.7388	0.97830	1.6625	1004.3	-0.034886	0.00026880	0.16821	liquid
82.000	67.000	1192.9	0.00083832	-149.05	-143.43	2.7592	0.97413	1.6627	996.76	-0.034716	0.00026077	0.16685	liquid
83.000	67.000	1188.3	0.00084152	-147.41	-141.77	2.7794	0.97000	1.6630	989.21	-0.034538	0.00025314	0.16549	liquid
84.000	67.000	1183.8	0.00084476	-145.77	-140.11	2.7993	0.96593	1.6635	981.64	-0.034349	0.00024586	0.16413	liquid
85.000	67.000	1179.2	0.00084803	-144.13	-138.44	2.8190	0.96191	1.6641	974.08	-0.034150	0.00023893	0.16277	liquid
86.000	67.000	1174.6	0.00085134	-142.48	-136.78	2.8385	0.95794	1.6648	966.51	-0.033941	0.00023232	0.16141	liquid
87.000	67.000	1170.0	0.00085469	-140.84	-135.11	2.8577	0.95402	1.6657	958.94	-0.033720	0.00022601	0.16004	liquid
88.000	67.000	1165.4	0.00085808	-139.20	-133.45	2.8767	0.95015	1.6667	951.36	-0.033487	0.00021997	0.15868	liquid
89.000	67.000	1160.8	0.00086151	-137.55	-131.78	2.8956	0.94632	1.6678	943.78	-0.033243	0.00021419	0.15731	liquid
90.000	67.000	1156.1	0.00086498	-135.91	-130.11	2.9142	0.94255	1.6691	936.19	-0.032987	0.00020866	0.15594	liquid
91.000	67.000	1151.4	0.00086850	-134.26	-128.44	2.9327	0.93883	1.6706	928.60	-0.032717	0.00020336	0.15457	liquid
92.000	67.000	1146.7	0.00087206	-132.61	-126.77	2.9509	0.93515	1.6722	921.00	-0.032435	0.00019827	0.15320	liquid
93.000	67.000	1142.0	0.00087567	-130.97	-125.10	2.9690	0.93153	1.6739	913.39	-0.032139	0.00019338	0.15183	liquid
94.000	67.000	1137.2	0.00087932	-129.32	-123.42	2.9869	0.92795	1.6759	905.77	-0.031828	0.00018868	0.15046	liquid
95.000	67.000	1132.5	0.00088303	-127.66	-121.75	3.0047	0.92442	1.6780	898.14	-0.031504	0.00018416	0.14908	liquid
96.000	67.000	1127.7	0.00088678	-126.01	-120.07	3.0223	0.92094	1.6802	890.49	-0.031164	0.00017980	0.14771	liquid
97.000	67.000	1122.8	0.00089059	-124.35	-118.39	3.0397	0.91751	1.6827	882.83	-0.030809	0.00017560	0.14633	liquid
98.000	67.000	1118.0	0.00089446	-122.70	-116.70	3.0570	0.91413	1.6853	875.16	-0.030437	0.00017155	0.14495	liquid
99.000	67.000	1113.1	0.00089838	-121.03	-115.02	3.0741	0.91079	1.6881	867.47	-0.030049	0.00016764	0.14357	liquid
100.00	67.000	1108.2	0.00090236	-119.37	-113.33	3.0911	0.90750	1.6911	859.76	-0.029644	0.00016385	0.14218	liquid
101.00	67.000	1103.3	0.00090640	-117.71	-111.63	3.1079	0.90426	1.6943	852.03	-0.029220	0.00016020	0.14080	liquid
102.00	67.000	1098.3	0.00091050	-116.04	-109.94	3.1246	0.90106	1.6976	844.28	-0.028778	0.00015666	0.13941	liquid
103.00	67.000	1093.3	0.00091467	-114.37	-108.24	3.1412	0.89791	1.7012	836.51	-0.028317	0.00015322	0.13803	liquid
104.00	67.000	1088.2	0.00091891	-112.69	-106.53	3.1577	0.89481	1.7050	828.72	-0.027835	0.00014990	0.13664	liquid
105.00	67.000	1083.2	0.00092322	-111.01	-104.83	3.1740	0.89175	1.7090	820.90	-0.027333	0.00014667	0.13525	liquid
106.00	67.000	1078.1	0.00092760	-109.33	-103.12	3.1902	0.88874	1.7133	813.05	-0.026808	0.00014354	0.13386	liquid
107.00	67.000	1072.9	0.00093206	-107.65	-101.40	3.2063	0.88577	1.7177	805.17	-0.026261	0.00014049	0.13247	liquid
108.00	67.000	1067.7	0.00093659	-105.96	-99.681	3.2223	0.88285	1.7225	797.27	-0.025689	0.00013753	0.13108	liquid
109.00	67.000	1062.5	0.00094121	-104.26	-97.956	3.2382	0.87998	1.7274	789.33	-0.025093	0.00013465	0.12969	liquid
110.00	67.000	1057.2	0.00094591	-102.56	-96.226	3.2540	0.87716	1.7326	781.36	-0.024470	0.00013184	0.12830	liquid
111.00	67.000	1051.9	0.00095070	-100.86	-94.491	3.2697	0.87438	1.7381	773.35	-0.023820	0.00012910	0.12691	liquid
112.00	67.000	1046.5	0.00095558	-99.152	-92.750	3.2853	0.87164	1.7439	765.31	-0.023141	0.00012643	0.12552	liquid
113.00	67.000	1041.1	0.00096056	-97.439	-91.003	3.3009	0.86896	1.7500	757.22	-0.022432	0.00012383	0.12412	liquid
114.00	67.000	1035.6	0.00096564	-95.719	-89.250	3.3163	0.86632	1.7564	749.10	-0.021691	0.00012129	0.12273	liquid
115.00	67.000	1030.1	0.00097082	-93.994	-87.490	3.3317	0.86373	1.7631	740.93	-0.020916	0.00011881	0.12134	liquid
116.00	67.000	1024.5	0.00097611	-92.263	-85.723	3.3470	0.86119	1.7702	732.72	-0.020106	0.00011638	0.11994	liquid
117.00	67.000	1018.8	0.00098151	-90.526	-83.950	3.3622	0.85869	1.7776	724.46	-0.019259	0.00011400	0.11855	liquid
118.00	67.000	1013.1	0.00098703	-88.781	-82.168	3.3774	0.85625	1.7854	716.15	-0.018373	0.00011168	0.11715	liquid
119.00	67.000	1007.4	0.00099268	-87.030	-80.379	3.3925	0.85386	1.7937	707.78	-0.017444	0.00010940	0.11575	liquid
120.00	67.000	1001.5	0.00099846	-85.270	-78.581	3.4075	0.85152	1.8023	699.37	-0.016472	0.00010717	0.11435	liquid
121.00	67.000	995.64	0.0010044	-83.503	-76.774	3.4225	0.84924	1.8114	690.89	-0.015453	0.00010499	0.11296	liquid
122.00	67.000	989.67	0.0010104	-81.728	-74.958	3.4375	0.84700	1.8211	682.36	-0.014384	0.00010284	0.11156	liquid
123.00	67.000	983.62	0.0010167	-79.943	-73.131	3.4524	0.84483	1.8312	673.76	-0.013262	0.00010074	0.11016	liquid
124.00	67.000	977.49	0.0010230	-78.149	-71.295	3.4672	0.84271	1.8419	665.09	-0.012084	9.8676e-05	0.10876	liquid
125.00	67.000	971.28	0.0010296	-76.346	-69.447	3.4821	0.84065	1.8532	656.36	-0.010845	9.6647e-05	0.10736	liquid
126.00	67.000	964.99	0.0010363	-74.531	-67.588	3.4969	0.83866	1.8652	647.55	-0.0095423	9.4653e-05	0.10596	liquid
127.00	67.000	958.60	0.0010432	-72.706	-65.717	3.5117	0.83672	1.8778	638.66	-0.0081703	9.2692e-05	0.10456	liquid
128.00	67.000	952.11	0.0010503	-70.869	-63.832	3.5265	0.83486	1.8912	629.69	-0.0067243	9.0764e-05	0.10316	liquid
129.00	67.000	945.52	0.0010576	-69.020	-61.934	3.5412	0.83306	1.9054	620.64	-0.0051988	8.8865e-05	0.10176	liquid
130.00	67.000	938.82	0.0010652	-67.158	-60.021	3.5560	0.83133	1.9205	611.50	-0.0035875	8.6995e-05	0.10036	liquid
131.00	67.000	932.01	0.0010730	-65.282	-58.093	3.5708	0.82969	1.9366	602.26	-0.0018836	8.5153e-05	0.098954	liquid
132.00	67.000	925.07	0.0010810	-63.390	-56.148	3.5856	0.82812	1.9537	592.92	-7.9528e-05	8.3337e-05	0.097552	liquid
133.00	67.000	918.01	0.0010893	-61.483	-54.185	3.6004	0.82664	1.9720	583.47	0.0018332	8.1545e-05	0.096149	liquid
134.00	67.000	910.81	0.0010979	-59.559	-52.203	3.6152	0.82524	1.9916	573.91	0.0038642	7.9778e-05	0.094746	liquid
135.00	67.000	903.46	0.0011069	-57.617	-50.201	3.6301	0.82395	2.0125	564.23	0.0060240	7.8032e-05	0.093342	liquid
136.00	67.000	895.95	0.0011161	-55.656	-48.178	3.6451	0.82275	2.0350	554.43	0.0083248	7.6307e-05	0.091937	liquid
137.00	67.000	888.28	0.0011258	-53.673	-46.131	3.6600	0.82167	2.0592	544.49	0.010780	7.4601e-05	0.090531	liquid
138.00	67.000	880.42	0.0011358	-51.669	-44.059	3.6751	0.82070	2.0854	534.41	0.013406	7.2913e-05	0.089123	liquid
139.00	67.000	872.37	0.0011463	-49.639	-41.959	3.6903	0.81986	2.1137	524.17	0.016219	7.1242e-05	0.087714	liquid
140.00	67.000	864.11	0.0011573	-47.584	-39.830	3.7055	0.81916	2.1445	513.77	0.019241	6.9585e-05	0.086303	liquid
141.00	67.000	855.62	0.0011687	-45.500	-37.669	3.7209	0.81861	2.1780	503.19	0.022494	6.7942e-05	0.084889	liquid
142.00	67.000	846.88	0.0011808	-43.385	-35.473	3.7364	0.81823	2.2147	492.42	0.026007	6.6311e-05	0.083472	liquid
143.00	67.000	837.87	0.0011935	-41.235	-33.239	3.7521	0.81804	2.2550	481.46	0.029810	6.4689e-05	0.082052	liquid
144.00	67.000	828.55	0.0012069	-39.048	-30.962	3.7680	0.81805	2.2995	470.27	0.033942	6.3075e-05	0.080627	liquid
145.00	67.000	818.91	0.0012211	-36.820	-28.638	3.7841	0.81830	2.3489	458.85	0.038445	6.1467e-05	0.079197	liquid
146.00	67.000	808.89	0.0012363	-34.545	-26.262	3.8004	0.81881	2.4040	447.18	0.043373	5.9861e-05	0.077760	liquid
147.00	67.000	798.46	0.0012524	-32.219	-23.828	3.8170	0.81961	2.4660	435.23	0.048788	5.8255e-05	0.076316	liquid
148.00	67.000	787.57	0.0012697	-29.835	-21.327	3.8340	0.82076	2.5361	422.99	0.054766	5.6646e-05	0.074863	liquid
149.00	67.000	776.16	0.0012884	-27.385	-18.752	3.8513	0.82230	2.6160	410.42	0.061400	5.5030e-05	0.073399	liquid
150.00	67.000	764.14	0.0013087	-24.859	-16.091	3.8691	0.82431	2.7081	397.51	0.068805	5.3401e-05	0.071921	liquid
151.00	67.000	751.43	0.0013308	-22.247	-13.331	3.8874	0.82687	2.8153	384.22	0.077125	5.1755e-05	0.070428	liquid
152.00	67.000	737.90	0.0013552	-19.534	-10.454	3.9064	0.83007	2.9418	370.51	0.086544	5.0084e-05	0.068917	liquid
153.00	67.000	723.42	0.0013823	-16.701	-7.4391	3.9262	0.83408	3.0933	356.34	0.097300	4.8380e-05	0.067383	liquid
154.00	67.000	707.78	0.0014129	-13.723	-4.2567	3.9469	0.83906	3.2779	341.67	0.10971	4.6632e-05	0.065824	liquid
155.00	67.000	690.73	0.0014477	-10.568	-0.86837	3.9689	0.84528	3.5076	326.43	0.12419	4.4824e-05	0.064234	supercritical
156.00	67.000	671.92	0.0014883	-7.1919	2.7796	3.9923	0.85309	3.8008	310.54	0.14133	4.2938e-05	0.062610	supercritical
157.00	67.000	650.83	0.0015365	-3.5308	6.7637	4.0178	0.86303	4.1860	293.92	0.16195	4.0945e-05	0.060946	supercritical
158.00	67.000	626.76	0.0015955	0.50722	11.197	4.0459	0.87588	4.7087	276.50	0.18724	3.8809e-05	0.059238	supercritical
159.00	67.000	598.64	0.0016705	5.0582	16.250	4.0778	0.89269	5.4395	258.28	0.21884	3.6477e-05	0.057467	supercritical
160.00	67.000	565.01	0.0017699	10.318	22.176	4.1150	0.91443	6.4688	239.67	0.25888	3.3885e-05	0.055578	supercritical
161.00	67.000	524.34	0.0019072	16.517	29.295	4.1593	0.93985	7.8028	222.05	0.30895	3.0993e-05	0.053397	supercritical
162.00	67.000	477.07	0.0020961	23.685	37.729	4.2115	0.96010	8.9450	208.46	0.36681	2.7922e-05	0.050573	supercritical
163.00	67.000	429.33	0.0023292	31.142	46.748	4.2670	0.96072	8.8328	201.55	0.42301	2.5113e-05	0.046931	supercritical
164.00	67.000	389.14	0.0025698	37.798	55.016	4.3176	0.94270	7.6178	199.96	0.46803	2.2980e-05	0.043132	supercritical
165.00	67.000	358.30	0.0027910	43.269	61.969	4.3599	0.91902	6.3268	200.78	0.50043	2.1502e-05	0.039918	supercritical
166.00	67.000	334.68	0.0029880	47.751	67.770	4.3949	0.89688	5.3276	202.43	0.52302	2.0473e-05	0.037410	supercritical
167.00	67.000	316.04	0.0031642	51.514	72.714	4.4246	0.87795	4.5983	204.34	0.53866	1.9732e-05	0.035465	supercritical
168.00	67.000	300.86	0.0033238	54.761	77.031	4.4504	0.86202	4.0606	206.31	0.54939	1.9178e-05	0.033931	supercritical
169.00	67.000	288.16	0.0034703	57.628	80.879	4.4732	0.84853	3.6536	208.26	0.55660	1.8753e-05	0.032696	supercritical
170.00	67.000	277.30	0.0036063	60.206	84.368	4.4938	0.83696	3.3370	210.19	0.56123	1.8419e-05	0.031681	supercritical
171.00	67.000	267.84	0.0037336	62.559	87.574	4.5126	0.82690	3.0845	212.06	0.56392	1.8152e-05	0.030834	supercritical
172.00	67.000	259.48	0.0038538	64.732	90.552	4.5300	0.81802	2.8789	213.90	0.56513	1.7936e-05	0.030118	supercritical
173.00	67.000	252.02	0.0039679	66.758	93.343	4.5462	0.81009	2.7082	215.69	0.56521	1.7759e-05	0.029505	supercritical
174.00	67.000	245.29	0.0040769	68.663	95.978	4.5614	0.80294	2.5644	217.44	0.56441	1.7614e-05	0.028975	supercritical
175.00	67.000	239.16	0.0041814	70.464	98.479	4.5757	0.79643	2.4415	219.14	0.56290	1.7494e-05	0.028513	supercritical
176.00	67.000	233.54	0.0042819	72.177	100.87	4.5893	0.79047	2.3353	220.82	0.56084	1.7395e-05	0.028109	supercritical
177.00	67.000	228.36	0.0043790	73.815	103.15	4.6023	0.78497	2.2425	222.45	0.55834	1.7313e-05	0.027752	supercritical
178.00	67.000	223.56	0.0044730	75.386	105.35	4.6147	0.77986	2.1609	224.05	0.55549	1.7246e-05	0.027436	supercritical
179.00	67.000	219.10	0.0045642	76.899	107.48	4.6266	0.77511	2.0883	225.62	0.55235	1.7192e-05	0.027156	supercritical
180.00	67.000	214.92	0.0046529	78.359	109.53	4.6380	0.77066	2.0235	227.16	0.54898	1.7148e-05	0.026906	supercritical
181.00	67.000	211.00	0.0047394	79.774	111.53	4.6490	0.76648	1.9652	228.67	0.54544	1.7113e-05	0.026682	supercritical
182.00	67.000	207.30	0.0048238	81.147	113.47	4.6597	0.76256	1.9124	230.15	0.54174	1.7087e-05	0.026482	supercritical
183.00	67.000	203.82	0.0049063	82.482	115.35	4.6701	0.75885	1.8645	231.61	0.53793	1.7067e-05	0.026303	supercritical
184.00	67.000	200.52	0.0049871	83.783	117.20	4.6801	0.75535	1.8207	233.04	0.53404	1.7054e-05	0.026142	supercritical
185.00	67.000	197.38	0.0050663	85.053	119.00	4.6899	0.75203	1.7806	234.45	0.53007	1.7046e-05	0.025997	supercritical
186.00	67.000	194.40	0.0051439	86.295	120.76	4.6994	0.74888	1.7437	235.83	0.52605	1.7043e-05	0.025868	supercritical
187.00	67.000	191.56	0.0052202	87.510	122.49	4.7086	0.74590	1.7096	237.20	0.52199	1.7045e-05	0.025751	supercritical
188.00	67.000	188.85	0.0052952	88.701	124.18	4.7177	0.74305	1.6780	238.54	0.51791	1.7050e-05	0.025647	supercritical
189.00	67.000	186.25	0.0053690	89.870	125.84	4.7265	0.74034	1.6487	239.86	0.51381	1.7059e-05	0.025553	supercritical
190.00	67.000	183.77	0.0054417	91.018	127.48	4.7351	0.73776	1.6214	241.16	0.50971	1.7072e-05	0.025470	supercritical
191.00	67.000	181.38	0.0055133	92.146	129.09	4.7436	0.73530	1.5958	242.45	0.50561	1.7087e-05	0.025395	supercritical
192.00	67.000	179.08	0.0055840	93.257	130.67	4.7518	0.73295	1.5720	243.71	0.50152	1.7105e-05	0.025329	supercritical
193.00	67.000	176.88	0.0056537	94.351	132.23	4.7599	0.73070	1.5496	244.96	0.49743	1.7125e-05	0.025271	supercritical
194.00	67.000	174.75	0.0057224	95.429	133.77	4.7679	0.72855	1.5286	246.19	0.49337	1.7147e-05	0.025220	supercritical
195.00	67.000	172.70	0.0057904	96.492	135.29	4.7757	0.72649	1.5088	247.41	0.48932	1.7172e-05	0.025175	supercritical
196.00	67.000	170.72	0.0058576	97.541	136.79	4.7834	0.72452	1.4901	248.61	0.48530	1.7198e-05	0.025136	supercritical
197.00	67.000	168.81	0.0059240	98.577	138.27	4.7909	0.72263	1.4725	249.80	0.48131	1.7226e-05	0.025103	supercritical
198.00	67.000	166.95	0.0059897	99.601	139.73	4.7983	0.72082	1.4558	250.97	0.47734	1.7256e-05	0.025075	supercritical
199.00	67.000	165.16	0.0060547	100.61	141.18	4.8056	0.71908	1.4400	252.13	0.47341	1.7287e-05	0.025051	supercritical
200.00	67.000	163.42	0.0061191	101.61	142.61	4.8128	0.71741	1.4250	253.27	0.46950	1.7319e-05	0.025033	supercritical
201.00	67.000	161.74	0.0061828	102.61	144.03	4.8199	0.71581	1.4108	254.40	0.46563	1.7353e-05	0.025018	supercritical
202.00	67.000	160.10	0.0062459	103.59	145.43	4.8268	0.71427	1.3972	255.52	0.46180	1.7388e-05	0.025007	supercritical
203.00	67.000	158.52	0.0063085	104.56	146.83	4.8337	0.71279	1.3843	256.63	0.45800	1.7424e-05	0.025000	supercritical
204.00	67.000	156.97	0.0063706	105.52	148.20	4.8405	0.71137	1.3720	257.72	0.45424	1.7461e-05	0.024997	supercritical
205.00	67.000	155.47	0.0064321	106.47	149.57	4.8471	0.71000	1.3603	258.81	0.45051	1.7499e-05	0.024997	supercritical
206.00	67.000	154.01	0.0064931	107.42	150.92	4.8537	0.70868	1.3491	259.88	0.44682	1.7537e-05	0.024999	supercritical
207.00	67.000	152.59	0.0065537	108.36	152.27	4.8602	0.70741	1.3384	260.94	0.44317	1.7577e-05	0.025005	supercritical
208.00	67.000	151.20	0.0066138	109.29	153.60	4.8667	0.70619	1.3281	261.99	0.43955	1.7617e-05	0.025013	supercritical
209.00	67.000	149.85	0.0066734	110.21	154.92	4.8730	0.70501	1.3183	263.03	0.43598	1.7658e-05	0.025024	supercritical
210.00	67.000	148.53	0.0067326	111.13	156.24	4.8793	0.70388	1.3089	264.06	0.43244	1.7700e-05	0.025037	supercritical
211.00	67.000	147.24	0.0067914	112.04	157.54	4.8855	0.70278	1.2998	265.08	0.42894	1.7742e-05	0.025053	supercritical
212.00	67.000	145.99	0.0068498	112.94	158.84	4.8916	0.70173	1.2912	266.10	0.42547	1.7785e-05	0.025070	supercritical
213.00	67.000	144.76	0.0069079	113.84	160.12	4.8977	0.70071	1.2828	267.10	0.42204	1.7829e-05	0.025090	supercritical
214.00	67.000	143.56	0.0069656	114.73	161.40	4.9037	0.69973	1.2748	268.09	0.41865	1.7873e-05	0.025111	supercritical
215.00	67.000	142.39	0.0070229	115.62	162.67	4.9096	0.69878	1.2671	269.08	0.41530	1.7917e-05	0.025135	supercritical
216.00	67.000	141.25	0.0070798	116.50	163.94	4.9154	0.69786	1.2597	270.06	0.41198	1.7962e-05	0.025160	supercritical
217.00	67.000	140.13	0.0071365	117.38	165.19	4.9212	0.69698	1.2525	271.03	0.40870	1.8007e-05	0.025186	supercritical
218.00	67.000	139.03	0.0071928	118.25	166.44	4.9270	0.69613	1.2456	271.99	0.40546	1.8053e-05	0.025214	supercritical
219.00	67.000	137.95	0.0072488	119.12	167.68	4.9327	0.69530	1.2389	272.94	0.40225	1.8099e-05	0.025244	supercritical
220.00	67.000	136.90	0.0073045	119.98	168.92	4.9383	0.69451	1.2325	273.89	0.39908	1.8145e-05	0.025275	supercritical
221.00	67.000	135.87	0.0073599	120.84	170.15	4.9439	0.69374	1.2263	274.82	0.39594	1.8192e-05	0.025308	supercritical
222.00	67.000	134.86	0.0074151	121.69	171.37	4.9494	0.69299	1.2203	275.75	0.39283	1.8239e-05	0.025342	supercritical
223.00	67.000	133.87	0.0074699	122.54	172.59	4.9549	0.69227	1.2145	276.68	0.38976	1.8287e-05	0.025377	supercritical
224.00	67.000	132.90	0.0075245	123.39	173.80	4.9603	0.69158	1.2089	277.59	0.38673	1.8334e-05	0.025413	supercritical
225.00	67.000	131.95	0.0075788	124.23	175.01	4.9657	0.69090	1.2035	278.50	0.38372	1.8382e-05	0.025450	supercritical
226.00	67.000	131.01	0.0076329	125.07	176.21	4.9710	0.69025	1.1982	279.41	0.38075	1.8430e-05	0.025488	supercritical
227.00	67.000	130.09	0.0076868	125.90	177.40	4.9763	0.68962	1.1931	280.30	0.37781	1.8479e-05	0.025528	supercritical
228.00	67.000	129.19	0.0077404	126.74	178.60	4.9815	0.68901	1.1882	281.20	0.37491	1.8527e-05	0.025568	supercritical
229.00	67.000	128.31	0.0077937	127.56	179.78	4.9867	0.68843	1.1834	282.08	0.37203	1.8576e-05	0.025609	supercritical
230.00	67.000	127.44	0.0078469	128.39	180.96	4.9918	0.68786	1.1788	282.96	0.36919	1.8625e-05	0.025651	supercritical
231.00	67.000	126.59	0.0078998	129.21	182.14	4.9969	0.68730	1.1743	283.83	0.36637	1.8674e-05	0.025695	supercritical
232.00	67.000	125.75	0.0079525	130.03	183.31	5.0020	0.68677	1.1699	284.70	0.36359	1.8724e-05	0.025738	supercritical
233.00	67.000	124.92	0.0080051	130.85	184.48	5.0070	0.68626	1.1657	285.56	0.36084	1.8773e-05	0.025783	supercritical
234.00	67.000	124.11	0.0080574	131.66	185.64	5.0120	0.68576	1.1616	286.41	0.35811	1.8823e-05	0.025828	supercritical
235.00	67.000	123.31	0.0081095	132.47	186.80	5.0170	0.68527	1.1576	287.26	0.35542	1.8873e-05	0.025875	supercritical
236.00	67.000	122.53	0.0081614	133.28	187.96	5.0219	0.68480	1.1537	288.11	0.35275	1.8923e-05	0.025921	supercritical
237.00	67.000	121.76	0.0082131	134.08	189.11	5.0267	0.68435	1.1499	288.95	0.35011	1.8973e-05	0.025969	supercritical
238.00	67.000	121.00	0.0082647	134.88	190.26	5.0316	0.68391	1.1462	289.78	0.34750	1.9023e-05	0.026017	supercritical
239.00	67.000	120.25	0.0083161	135.68	191.40	5.0364	0.68349	1.1427	290.61	0.34492	1.9073e-05	0.026066	supercritical
240.00	67.000	119.51	0.0083673	136.48	192.54	5.0411	0.68308	1.1392	291.43	0.34236	1.9124e-05	0.026115	supercritical
241.00	67.000	118.79	0.0084183	137.28	193.68	5.0459	0.68268	1.1358	292.25	0.33983	1.9174e-05	0.026165	supercritical
242.00	67.000	118.08	0.0084691	138.07	194.81	5.0506	0.68230	1.1325	293.07	0.33733	1.9225e-05	0.026215	supercritical
243.00	67.000	117.37	0.0085198	138.86	195.95	5.0552	0.68193	1.1293	293.87	0.33485	1.9276e-05	0.026266	supercritical
244.00	67.000	116.68	0.0085704	139.65	197.07	5.0599	0.68157	1.1262	294.68	0.33240	1.9326e-05	0.026318	supercritical
245.00	67.000	116.00	0.0086208	140.44	198.20	5.0645	0.68122	1.1231	295.48	0.32997	1.9377e-05	0.026370	supercritical
246.00	67.000	115.33	0.0086710	141.22	199.32	5.0690	0.68088	1.1202	296.27	0.32757	1.9428e-05	0.026423	supercritical
247.00	67.000	114.66	0.0087211	142.01	200.44	5.0736	0.68056	1.1173	297.07	0.32519	1.9479e-05	0.026475	supercritical
248.00	67.000	114.01	0.0087711	142.79	201.55	5.0781	0.68025	1.1145	297.85	0.32283	1.9530e-05	0.026529	supercritical
249.00	67.000	113.37	0.0088209	143.57	202.67	5.0825	0.67994	1.1117	298.64	0.32050	1.9581e-05	0.026583	supercritical
250.00	67.000	112.73	0.0088705	144.35	203.78	5.0870	0.67965	1.1090	299.41	0.31819	1.9633e-05	0.026637	supercritical
251.00	67.000	112.11	0.0089201	145.12	204.89	5.0914	0.67937	1.1064	300.19	0.31591	1.9684e-05	0.026692	supercritical
252.00	67.000	111.49	0.0089695	145.90	205.99	5.0958	0.67909	1.1039	300.96	0.31365	1.9735e-05	0.026747	supercritical
253.00	67.000	110.88	0.0090187	146.67	207.09	5.1002	0.67883	1.1014	301.72	0.31140	1.9786e-05	0.026802	supercritical
254.00	67.000	110.28	0.0090679	147.44	208.19	5.1045	0.67857	1.0989	302.49	0.30919	1.9838e-05	0.026858	supercritical
255.00	67.000	109.69	0.0091169	148.21	209.29	5.1088	0.67833	1.0966	303.24	0.30699	1.9889e-05	0.026914	supercritical
256.00	67.000	109.10	0.0091658	148.98	210.39	5.1131	0.67809	1.0942	304.00	0.30481	1.9940e-05	0.026970	supercritical
257.00	67.000	108.52	0.0092145	149.74	211.48	5.1174	0.67786	1.0920	304.75	0.30266	1.9992e-05	0.027027	supercritical
258.00	67.000	107.95	0.0092632	150.51	212.57	5.1216	0.67764	1.0898	305.50	0.30052	2.0043e-05	0.027084	supercritical
259.00	67.000	107.39	0.0093117	151.27	213.66	5.1258	0.67743	1.0876	306.24	0.29841	2.0095e-05	0.027142	supercritical
260.00	67.000	106.84	0.0093602	152.03	214.75	5.1300	0.67723	1.0855	306.98	0.29631	2.0146e-05	0.027199	supercritical
261.00	67.000	106.29	0.0094085	152.79	215.83	5.1342	0.67703	1.0834	307.72	0.29424	2.0198e-05	0.027257	supercritical
262.00	67.000	105.75	0.0094567	153.55	216.91	5.1383	0.67684	1.0814	308.45	0.29219	2.0249e-05	0.027315	supercritical
263.00	67.000	105.21	0.0095048	154.31	217.99	5.1424	0.67666	1.0794	309.18	0.29015	2.0301e-05	0.027374	supercritical
264.00	67.000	104.68	0.0095528	155.07	219.07	5.1465	0.67649	1.0775	309.90	0.28813	2.0352e-05	0.027433	supercritical
265.00	67.000	104.16	0.0096007	155.82	220.15	5.1506	0.67632	1.0756	310.63	0.28614	2.0404e-05	0.027492	supercritical
266.00	67.000	103.64	0.0096485	156.58	221.22	5.1546	0.67616	1.0737	311.35	0.28416	2.0455e-05	0.027551	supercritical
267.00	67.000	103.13	0.0096962	157.33	222.30	5.1587	0.67601	1.0719	312.06	0.28219	2.0507e-05	0.027610	supercritical
268.00	67.000	102.63	0.0097438	158.08	223.37	5.1627	0.67587	1.0702	312.77	0.28025	2.0559e-05	0.027670	supercritical
269.00	67.000	102.13	0.0097913	158.83	224.44	5.1667	0.67573	1.0684	313.48	0.27833	2.0610e-05	0.027730	supercritical
270.00	67.000	101.64	0.0098387	159.58	225.50	5.1706	0.67559	1.0667	314.19	0.27642	2.0662e-05	0.027790	supercritical
271.00	67.000	101.15	0.0098860	160.33	226.57	5.1746	0.67547	1.0651	314.89	0.27453	2.0713e-05	0.027850	supercritical
272.00	67.000	100.67	0.0099332	161.08	227.63	5.1785	0.67534	1.0635	315.59	0.27265	2.0765e-05	0.027911	supercritical
273.00	67.000	100.20	0.0099803	161.83	228.70	5.1824	0.67523	1.0619	316.29	0.27079	2.0816e-05	0.027971	supercritical
274.00	67.000	99.727	0.010027	162.57	229.76	5.1863	0.67512	1.0603	316.99	0.26895	2.0868e-05	0.028032	supercritical
275.00	67.000	99.262	0.010074	163.32	230.82	5.1901	0.67502	1.0588	317.68	0.26713	2.0919e-05	0.028093	supercritical
276.00	67.000	98.802	0.010121	164.06	231.87	5.1940	0.67492	1.0573	318.37	0.26532	2.0971e-05	0.028155	supercritical
277.00	67.000	98.348	0.010168	164.81	232.93	5.1978	0.67483	1.0558	319.05	0.26353	2.1022e-05	0.028216	supercritical
278.00	67.000	97.898	0.010215	165.55	233.99	5.2016	0.67474	1.0544	319.73	0.26175	2.1074e-05	0.028278	supercritical
279.00	67.000	97.453	0.010261	166.29	235.04	5.2054	0.67466	1.0530	320.41	0.25999	2.1125e-05	0.028339	supercritical
280.00	67.000	97.013	0.010308	167.03	236.09	5.2091	0.67459	1.0516	321.09	0.25824	2.1177e-05	0.028401	supercritical
281.00	67.000	96.577	0.010354	167.77	237.14	5.2129	0.67452	1.0503	321.77	0.25651	2.1228e-05	0.028463	supercritical
282.00	67.000	96.147	0.010401	168.51	238.19	5.2166	0.67445	1.0490	322.44	0.25479	2.1279e-05	0.028525	supercritical
283.00	67.000	95.720	0.010447	169.25	239.24	5.2203	0.67439	1.0477	323.11	0.25309	2.1331e-05	0.028588	supercritical
284.00	67.000	95.298	0.010493	169.98	240.29	5.2240	0.67433	1.0464	323.77	0.25140	2.1382e-05	0.028650	supercritical
285.00	67.000	94.881	0.010540	170.72	241.33	5.2277	0.67428	1.0452	324.44	0.24973	2.1434e-05	0.028713	supercritical
286.00	67.000	94.468	0.010586	171.45	242.38	5.2313	0.67424	1.0440	325.10	0.24807	2.1485e-05	0.028775	supercritical
287.00	67.000	94.059	0.010632	172.19	243.42	5.2350	0.67420	1.0428	325.76	0.24642	2.1536e-05	0.028838	supercritical
288.00	67.000	93.654	0.010678	172.92	244.46	5.2386	0.67416	1.0416	326.41	0.24479	2.1587e-05	0.028901	supercritical
289.00	67.000	93.253	0.010724	173.66	245.51	5.2422	0.67413	1.0405	327.07	0.24317	2.1639e-05	0.028964	supercritical
290.00	67.000	92.856	0.010769	174.39	246.55	5.2458	0.67410	1.0393	327.72	0.24157	2.1690e-05	0.029027	supercritical
291.00	67.000	92.463	0.010815	175.12	247.58	5.2494	0.67408	1.0382	328.37	0.23998	2.1741e-05	0.029090	supercritical
292.00	67.000	92.074	0.010861	175.85	248.62	5.2529	0.67406	1.0372	329.01	0.23840	2.1792e-05	0.029154	supercritical
293.00	67.000	91.689	0.010906	176.59	249.66	5.2565	0.67404	1.0361	329.66	0.23683	2.1843e-05	0.029217	supercritical
294.00	67.000	91.307	0.010952	177.32	250.69	5.2600	0.67403	1.0351	330.30	0.23528	2.1894e-05	0.029280	supercritical
295.00	67.000	90.930	0.010998	178.05	251.73	5.2635	0.67403	1.0341	330.94	0.23374	2.1945e-05	0.029344	supercritical
296.00	67.000	90.555	0.011043	178.77	252.76	5.2670	0.67402	1.0331	331.58	0.23221	2.1996e-05	0.029408	supercritical
297.00	67.000	90.185	0.011088	179.50	253.79	5.2705	0.67403	1.0321	332.21	0.23069	2.2047e-05	0.029471	supercritical
298.00	67.000	89.818	0.011134	180.23	254.83	5.2740	0.67403	1.0312	332.84	0.22919	2.2098e-05	0.029535	supercritical
299.00	67.000	89.454	0.011179	180.96	255.86	5.2774	0.67404	1.0302	333.47	0.22770	2.2149e-05	0.029599	supercritical
300.00	67.000	89.094	0.011224	181.69	256.89	5.2809	0.67405	1.0293	334.10	0.22622	2.2200e-05	0.029663	supercritical
301.00	67.000	88.737	0.011269	182.41	257.92	5.2843	0.67407	1.0284	334.73	0.22475	2.2251e-05	0.029727	supercritical
302.00	67.000	88.383	0.011314	183.14	258.94	5.2877	0.67409	1.0275	335.35	0.22329	2.2302e-05	0.029791	supercritical
303.00	67.000	88.033	0.011359	183.86	259.97	5.2911	0.67412	1.0267	335.97	0.22184	2.2353e-05	0.029855	supercritical
304.00	67.000	87.686	0.011404	184.59	261.00	5.2945	0.67415	1.0258	336.59	0.22041	2.2403e-05	0.029918	supercritical
305.00	67.000	87.342	0.011449	185.31	262.02	5.2979	0.67418	1.0250	337.21	0.21899	2.2454e-05	0.029982	supercritical
306.00	67.000	87.001	0.011494	186.04	263.05	5.3012	0.67421	1.0242	337.82	0.21758	2.2505e-05	0.030046	supercritical
307.00	67.000	86.663	0.011539	186.76	264.07	5.3045	0.67425	1.0234	338.44	0.21617	2.2555e-05	0.030110	supercritical
308.00	67.000	86.328	0.011584	187.48	265.09	5.3079	0.67429	1.0226	339.05	0.21478	2.2606e-05	0.030173	supercritical
309.00	67.000	85.996	0.011628	188.20	266.12	5.3112	0.67434	1.0218	339.66	0.21340	2.2657e-05	0.030235	supercritical
310.00	67.000	85.667	0.011673	188.93	267.14	5.3145	0.67439	1.0211	340.26	0.21203	2.2707e-05	0.030298	supercritical
311.00	67.000	85.341	0.011718	189.65	268.16	5.3178	0.67444	1.0203	340.87	0.21067	2.2758e-05	0.030364	supercritical
312.00	67.000	85.017	0.011762	190.37	269.18	5.3210	0.67450	1.0196	341.47	0.20933	2.2808e-05	0.030430	supercritical
313.00	67.000	84.697	0.011807	191.09	270.20	5.3243	0.67456	1.0189	342.07	0.20799	2.2858e-05	0.030496	supercritical
314.00	67.000	84.379	0.011851	191.81	271.22	5.3276	0.67462	1.0182	342.67	0.20666	2.2909e-05	0.030562	supercritical
315.00	67.000	84.064	0.011896	192.53	272.23	5.3308	0.67468	1.0175	343.27	0.20534	2.2959e-05	0.030628	supercritical
316.00	67.000	83.751	0.011940	193.25	273.25	5.3340	0.67475	1.0168	343.87	0.20403	2.3009e-05	0.030694	supercritical
317.00	67.000	83.442	0.011984	193.97	274.27	5.3372	0.67482	1.0162	344.46	0.20273	2.3060e-05	0.030760	supercritical
318.00	67.000	83.134	0.012029	194.69	275.28	5.3404	0.67490	1.0155	345.05	0.20144	2.3110e-05	0.030826	supercritical
319.00	67.000	82.830	0.012073	195.41	276.30	5.3436	0.67498	1.0149	345.64	0.20016	2.3160e-05	0.030892	supercritical
320.00	67.000	82.528	0.012117	196.13	277.31	5.3468	0.67506	1.0143	346.23	0.19889	2.3210e-05	0.030958	supercritical
321.00	67.000	82.228	0.012161	196.85	278.33	5.3500	0.67514	1.0137	346.82	0.19763	2.3260e-05	0.031024	supercritical
322.00	67.000	81.931	0.012205	197.56	279.34	5.3531	0.67523	1.0131	347.40	0.19638	2.3310e-05	0.031090	supercritical
323.00	67.000	81.636	0.012249	198.28	280.35	5.3562	0.67532	1.0125	347.98	0.19513	2.3360e-05	0.031157	supercritical
324.00	67.000	81.344	0.012293	199.00	281.37	5.3594	0.67541	1.0120	348.56	0.19390	2.3410e-05	0.031223	supercritical
325.00	67.000	81.054	0.012337	199.72	282.38	5.3625	0.67550	1.0114	349.14	0.19267	2.3460e-05	0.031289	supercritical
326.00	67.000	80.766	0.012381	200.43	283.39	5.3656	0.67560	1.0109	349.72	0.19146	2.3510e-05	0.031355	supercritical
327.00	67.000	80.481	0.012425	201.15	284.40	5.3687	0.67570	1.0103	350.30	0.19025	2.3560e-05	0.031422	supercritical
328.00	67.000	80.198	0.012469	201.87	285.41	5.3718	0.67581	1.0098	350.87	0.18905	2.3610e-05	0.031488	supercritical
329.00	67.000	79.917	0.012513	202.58	286.42	5.3749	0.67591	1.0093	351.44	0.18786	2.3660e-05	0.031555	supercritical
330.00	67.000	79.639	0.012557	203.30	287.43	5.3779	0.67602	1.0088	352.01	0.18668	2.3709e-05	0.031621	supercritical
331.00	67.000	79.362	0.012600	204.01	288.44	5.3810	0.67613	1.0083	352.58	0.18550	2.3759e-05	0.031687	supercritical
332.00	67.000	79.088	0.012644	204.73	289.44	5.3840	0.67625	1.0078	353.15	0.18434	2.3809e-05	0.031754	supercritical
333.00	67.000	78.816	0.012688	205.44	290.45	5.3870	0.67636	1.0073	353.72	0.18318	2.3858e-05	0.031820	supercritical
334.00	67.000	78.546	0.012731	206.16	291.46	5.3901	0.67648	1.0069	354.28	0.18203	2.3908e-05	0.031887	supercritical
335.00	67.000	78.278	0.012775	206.87	292.47	5.3931	0.67660	1.0064	354.84	0.18089	2.3957e-05	0.031953	supercritical
336.00	67.000	78.012	0.012819	207.59	293.47	5.3961	0.67673	1.0060	355.40	0.17975	2.4007e-05	0.032020	supercritical
337.00	67.000	77.748	0.012862	208.30	294.48	5.3991	0.67685	1.0056	355.96	0.17863	2.4056e-05	0.032086	supercritical
338.00	67.000	77.486	0.012906	209.02	295.48	5.4020	0.67698	1.0051	356.52	0.17751	2.4105e-05	0.032153	supercritical
339.00	67.000	77.226	0.012949	209.73	296.49	5.4050	0.67711	1.0047	357.08	0.17640	2.4155e-05	0.032219	supercritical
340.00	67.000	76.968	0.012992	210.44	297.49	5.4080	0.67725	1.0043	357.63	0.17530	2.4204e-05	0.032286	supercritical
341.00	67.000	76.712	0.013036	211.16	298.50	5.4109	0.67738	1.0039	358.18	0.17420	2.4253e-05	0.032353	supercritical
342.00	67.000	76.458	0.013079	211.87	299.50	5.4139	0.67752	1.0035	358.74	0.17311	2.4302e-05	0.032419	supercritical
343.00	67.000	76.205	0.013122	212.58	300.50	5.4168	0.67766	1.0032	359.29	0.17203	2.4352e-05	0.032486	supercritical
344.00	67.000	75.955	0.013166	213.30	301.51	5.4197	0.67781	1.0028	359.83	0.17096	2.4401e-05	0.032552	supercritical
345.00	67.000	75.706	0.013209	214.01	302.51	5.4226	0.67795	1.0024	360.38	0.16990	2.4450e-05	0.032619	supercritical
346.00	67.000	75.459	0.013252	214.72	303.51	5.4255	0.67810	1.0021	360.93	0.16884	2.4499e-05	0.032686	supercritical
347.00	67.000	75.214	0.013295	215.43	304.51	5.4284	0.67825	1.0017	361.47	0.16779	2.4548e-05	0.032752	supercritical
348.00	67.000	74.971	0.013338	216.15	305.51	5.4313	0.67840	1.0014	362.01	0.16674	2.4597e-05	0.032819	supercritical
349.00	67.000	74.729	0.013382	216.86	306.52	5.4342	0.67855	1.0011	362.56	0.16570	2.4646e-05	0.032886	supercritical
350.00	67.000	74.490	0.013425	217.57	307.52	5.4370	0.67871	1.0007	363.10	0.16467	2.4694e-05	0.032952	supercritical
351.00	67.000	74.252	0.013468	218.28	308.52	5.4399	0.67887	1.0004	363.63	0.16365	2.4743e-05	0.033019	supercritical
352.00	67.000	74.015	0.013511	219.00	309.52	5.4427	0.67903	1.0001	364.17	0.16263	2.4792e-05	0.033086	supercritical
353.00	67.000	73.780	0.013554	219.71	310.52	5.4456	0.67919	0.99983	364.71	0.16162	2.4841e-05	0.033152	supercritical
354.00	67.000	73.547	0.013597	220.42	311.52	5.4484	0.67936	0.99954	365.24	0.16062	2.4889e-05	0.033219	supercritical
355.00	67.000	73.316	0.013640	221.13	312.52	5.4512	0.67952	0.99925	365.77	0.15962	2.4938e-05	0.033286	supercritical
356.00	67.000	73.086	0.013683	221.84	313.52	5.4540	0.67969	0.99898	366.31	0.15863	2.4986e-05	0.033352	supercritical
357.00	67.000	72.858	0.013725	222.55	314.51	5.4568	0.67986	0.99871	366.84	0.15765	2.5035e-05	0.033419	supercritical
358.00	67.000	72.631	0.013768	223.27	315.51	5.4596	0.68003	0.99845	367.37	0.15667	2.5083e-05	0.033486	supercritical
359.00	67.000	72.406	0.013811	223.98	316.51	5.4624	0.68021	0.99819	367.89	0.15570	2.5132e-05	0.033552	supercritical
360.00	67.000	72.182	0.013854	224.69	317.51	5.4652	0.68038	0.99794	368.42	0.15473	2.5180e-05	0.033619	supercritical
361.00	67.000	71.960	0.013897	225.40	318.51	5.4679	0.68056	0.99770	368.94	0.15378	2.5229e-05	0.033686	supercritical
362.00	67.000	71.739	0.013939	226.11	319.50	5.4707	0.68074	0.99746	369.47	0.15282	2.5277e-05	0.033752	supercritical
363.00	67.000	71.520	0.013982	226.82	320.50	5.4735	0.68093	0.99723	369.99	0.15188	2.5325e-05	0.033819	supercritical
364.00	67.000	71.303	0.014025	227.53	321.50	5.4762	0.68111	0.99701	370.51	0.15094	2.5373e-05	0.033886	supercritical
365.00	67.000	71.087	0.014067	228.24	322.50	5.4789	0.68130	0.99679	371.03	0.15000	2.5422e-05	0.033952	supercritical
366.00	67.000	70.872	0.014110	228.96	323.49	5.4817	0.68148	0.99658	371.55	0.14907	2.5470e-05	0.034019	supercritical
367.00	67.000	70.658	0.014153	229.67	324.49	5.4844	0.68167	0.99638	372.07	0.14815	2.5518e-05	0.034086	supercritical
368.00	67.000	70.447	0.014195	230.38	325.49	5.4871	0.68186	0.99618	372.58	0.14724	2.5566e-05	0.034152	supercritical
369.00	67.000	70.236	0.014238	231.09	326.48	5.4898	0.68206	0.99599	373.10	0.14632	2.5614e-05	0.034219	supercritical
370.00	67.000	70.027	0.014280	231.80	327.48	5.4925	0.68225	0.99580	373.61	0.14542	2.5662e-05	0.034286	supercritical
371.00	67.000	69.819	0.014323	232.51	328.47	5.4952	0.68245	0.99562	374.12	0.14452	2.5710e-05	0.034352	supercritical
372.00	67.000	69.613	0.014365	233.22	329.47	5.4979	0.68265	0.99544	374.63	0.14363	2.5758e-05	0.034419	supercritical
373.00	67.000	69.408	0.014408	233.93	330.46	5.5005	0.68284	0.99527	375.14	0.14274	2.5805e-05	0.034485	supercritical
374.00	67.000	69.204	0.014450	234.64	331.46	5.5032	0.68305	0.99511	375.65	0.14186	2.5853e-05	0.034552	supercritical
375.00	67.000	69.001	0.014492	235.35	332.45	5.5058	0.68325	0.99495	376.16	0.14098	2.5901e-05	0.034619	supercritical
376.00	67.000	68.800	0.014535	236.07	333.45	5.5085	0.68345	0.99480	376.67	0.14011	2.5949e-05	0.034685	supercritical
377.00	67.000	68.600	0.014577	236.78	334.44	5.5111	0.68366	0.99465	377.17	0.13924	2.5996e-05	0.034752	supercritical
378.00	67.000	68.402	0.014620	237.49	335.44	5.5138	0.68387	0.99451	377.68	0.13838	2.6044e-05	0.034818	supercritical
379.00	67.000	68.204	0.014662	238.20	336.43	5.5164	0.68408	0.99437	378.18	0.13752	2.6091e-05	0.034885	supercritical
380.00	67.000	68.008	0.014704	238.91	337.43	5.5190	0.68429	0.99424	378.68	0.13667	2.6139e-05	0.034952	supercritical
381.00	67.000	67.813	0.014746	239.62	338.42	5.5216	0.68450	0.99411	379.18	0.13583	2.6186e-05	0.035018	supercritical
382.00	67.000	67.620	0.014789	240.33	339.42	5.5242	0.68471	0.99399	379.68	0.13499	2.6234e-05	0.035085	supercritical
383.00	67.000	67.427	0.014831	241.04	340.41	5.5268	0.68493	0.99387	380.18	0.13415	2.6281e-05	0.035151	supercritical
384.00	67.000	67.236	0.014873	241.75	341.40	5.5294	0.68515	0.99376	380.68	0.13333	2.6328e-05	0.035218	supercritical
385.00	67.000	67.046	0.014915	242.47	342.40	5.5320	0.68536	0.99365	381.17	0.13250	2.6376e-05	0.035284	supercritical
386.00	67.000	66.857	0.014957	243.18	343.39	5.5346	0.68558	0.99354	381.67	0.13168	2.6423e-05	0.035351	supercritical
387.00	67.000	66.669	0.014999	243.89	344.38	5.5372	0.68581	0.99345	382.16	0.13087	2.6470e-05	0.035417	supercritical
388.00	67.000	66.482	0.015042	244.60	345.38	5.5397	0.68603	0.99335	382.66	0.13006	2.6517e-05	0.035484	supercritical
389.00	67.000	66.297	0.015084	245.31	346.37	5.5423	0.68625	0.99326	383.15	0.12925	2.6564e-05	0.035550	supercritical
390.00	67.000	66.113	0.015126	246.02	347.36	5.5448	0.68648	0.99318	383.64	0.12845	2.6611e-05	0.035617	supercritical
391.00	67.000	65.929	0.015168	246.73	348.36	5.5474	0.68670	0.99310	384.13	0.12766	2.6658e-05	0.035683	supercritical
392.00	67.000	65.747	0.015210	247.44	349.35	5.5499	0.68693	0.99302	384.62	0.12687	2.6705e-05	0.035750	supercritical
393.00	67.000	65.566	0.015252	248.16	350.34	5.5524	0.68716	0.99295	385.10	0.12608	2.6752e-05	0.035816	supercritical
394.00	67.000	65.386	0.015294	248.87	351.34	5.5550	0.68739	0.99288	385.59	0.12530	2.6799e-05	0.035883	supercritical
395.00	67.000	65.207	0.015336	249.58	352.33	5.5575	0.68762	0.99282	386.08	0.12452	2.6846e-05	0.035949	supercritical
396.00	67.000	65.029	0.015378	250.29	353.32	5.5600	0.68786	0.99276	386.56	0.12375	2.6893e-05	0.036015	supercritical
397.00	67.000	64.852	0.015420	251.00	354.31	5.5625	0.68809	0.99270	387.04	0.12298	2.6940e-05	0.036082	supercritical
398.00	67.000	64.677	0.015462	251.72	355.31	5.5650	0.68833	0.99265	387.53	0.12222	2.6986e-05	0.036148	supercritical
399.00	67.000	64.502	0.015503	252.43	356.30	5.5675	0.68857	0.99260	388.01	0.12146	2.7033e-05	0.036214	supercritical
400.00	67.000	64.328	0.015545	253.14	357.29	5.5700	0.68880	0.99256	388.49	0.12071	2.7080e-05	0.036281	supercritical
401.00	67.000	64.156	0.015587	253.85	358.28	5.5724	0.68904	0.99252	388.97	0.11996	2.7126e-05	0.036347	supercritical
402.00	67.000	63.984	0.015629	254.56	359.28	5.5749	0.68928	0.99249	389.45	0.11922	2.7173e-05	0.036413	supercritical
403.00	67.000	63.813	0.015671	255.28	360.27	5.5774	0.68953	0.99245	389.92	0.11848	2.7219e-05	0.036480	supercritical
404.00	67.000	63.643	0.015713	255.99	361.26	5.5798	0.68977	0.99243	390.40	0.11774	2.7266e-05	0.036546	supercritical
405.00	67.000	63.475	0.015754	256.70	362.25	5.5823	0.69001	0.99240	390.88	0.11701	2.7312e-05	0.036612	supercritical
406.00	67.000	63.307	0.015796	257.41	363.25	5.5847	0.69026	0.99238	391.35	0.11628	2.7359e-05	0.036679	supercritical
407.00	67.000	63.140	0.015838	258.13	364.24	5.5872	0.69051	0.99236	391.83	0.11556	2.7405e-05	0.036745	supercritical
408.00	67.000	62.974	0.015880	258.84	365.23	5.5896	0.69075	0.99235	392.30	0.11484	2.7451e-05	0.036811	supercritical
409.00	67.000	62.809	0.015921	259.55	366.22	5.5920	0.69100	0.99234	392.77	0.11412	2.7498e-05	0.036877	supercritical
410.00	67.000	62.645	0.015963	260.26	367.22	5.5945	0.69125	0.99233	393.24	0.11341	2.7544e-05	0.036943	supercritical
411.00	67.000	62.482	0.016005	260.98	368.21	5.5969	0.69150	0.99233	393.71	0.11271	2.7590e-05	0.037010	supercritical
412.00	67.000	62.320	0.016046	261.69	369.20	5.5993	0.69175	0.99233	394.18	0.11200	2.7636e-05	0.037076	supercritical
413.00	67.000	62.159	0.016088	262.40	370.19	5.6017	0.69201	0.99233	394.65	0.11130	2.7682e-05	0.037142	supercritical
414.00	67.000	61.998	0.016130	263.12	371.19	5.6041	0.69226	0.99234	395.12	0.11061	2.7728e-05	0.037208	supercritical
415.00	67.000	61.839	0.016171	263.83	372.18	5.6065	0.69252	0.99235	395.58	0.10992	2.7774e-05	0.037274	supercritical
416.00	67.000	61.680	0.016213	264.55	373.17	5.6089	0.69277	0.99236	396.05	0.10923	2.7820e-05	0.037340	supercritical
417.00	67.000	61.522	0.016254	265.26	374.16	5.6113	0.69303	0.99238	396.51	0.10855	2.7866e-05	0.037406	supercritical
418.00	67.000	61.365	0.016296	265.97	375.16	5.6136	0.69329	0.99240	396.97	0.10787	2.7912e-05	0.037472	supercritical
419.00	67.000	61.209	0.016337	266.69	376.15	5.6160	0.69354	0.99242	397.44	0.10719	2.7958e-05	0.037538	supercritical
420.00	67.000	61.054	0.016379	267.40	377.14	5.6184	0.69380	0.99245	397.90	0.10652	2.8004e-05	0.037604	supercritical
421.00	67.000	60.900	0.016420	268.12	378.13	5.6207	0.69407	0.99248	398.36	0.10586	2.8049e-05	0.037670	supercritical
422.00	67.000	60.746	0.016462	268.83	379.13	5.6231	0.69433	0.99251	398.82	0.10519	2.8095e-05	0.037736	supercritical
423.00	67.000	60.594	0.016503	269.55	380.12	5.6255	0.69459	0.99254	399.28	0.10453	2.8141e-05	0.037802	supercritical
424.00	67.000	60.442	0.016545	270.26	381.11	5.6278	0.69485	0.99258	399.74	0.10388	2.8186e-05	0.037868	supercritical
425.00	67.000	60.291	0.016586	270.97	382.10	5.6301	0.69512	0.99262	400.20	0.10322	2.8232e-05	0.037934	supercritical
426.00	67.000	60.141	0.016628	271.69	383.10	5.6325	0.69538	0.99266	400.65	0.10257	2.8277e-05	0.038000	supercritical
427.00	67.000	59.991	0.016669	272.41	384.09	5.6348	0.69565	0.99271	401.11	0.10193	2.8323e-05	0.038066	supercritical
428.00	67.000	59.843	0.016711	273.12	385.08	5.6371	0.69591	0.99276	401.56	0.10129	2.8368e-05	0.038132	supercritical
429.00	67.000	59.695	0.016752	273.84	386.07	5.6394	0.69618	0.99281	402.02	0.10065	2.8414e-05	0.038198	supercritical
430.00	67.000	59.548	0.016793	274.55	387.07	5.6417	0.69645	0.99286	402.47	0.10001	2.8459e-05	0.038263	supercritical
431.00	67.000	59.401	0.016835	275.27	388.06	5.6440	0.69672	0.99292	402.92	0.099383	2.8504e-05	0.038329	supercritical
432.00	67.000	59.256	0.016876	275.98	389.05	5.6464	0.69699	0.99298	403.37	0.098756	2.8550e-05	0.038395	supercritical
433.00	67.000	59.111	0.016917	276.70	390.05	5.6486	0.69726	0.99304	403.83	0.098132	2.8595e-05	0.038461	supercritical
434.00	67.000	58.967	0.016959	277.42	391.04	5.6509	0.69753	0.99311	404.28	0.097511	2.8640e-05	0.038526	supercritical
435.00	67.000	58.824	0.017000	278.13	392.03	5.6532	0.69780	0.99317	404.72	0.096894	2.8685e-05	0.038592	supercritical
436.00	67.000	58.681	0.017041	278.85	393.02	5.6555	0.69808	0.99324	405.17	0.096280	2.8731e-05	0.038658	supercritical
437.00	67.000	58.540	0.017082	279.57	394.02	5.6578	0.69835	0.99331	405.62	0.095669	2.8776e-05	0.038724	supercritical
438.00	67.000	58.398	0.017124	280.28	395.01	5.6601	0.69863	0.99339	406.07	0.095062	2.8821e-05	0.038789	supercritical
439.00	67.000	58.258	0.017165	281.00	396.00	5.6623	0.69890	0.99347	406.51	0.094458	2.8866e-05	0.038855	supercritical
440.00	67.000	58.119	0.017206	281.72	397.00	5.6646	0.69918	0.99354	406.96	0.093858	2.8911e-05	0.038921	supercritical
441.00	67.000	57.980	0.017247	282.43	397.99	5.6668	0.69945	0.99363	407.40	0.093261	2.8956e-05	0.038986	supercritical
442.00	67.000	57.841	0.017289	283.15	398.99	5.6691	0.69973	0.99371	407.85	0.092667	2.9000e-05	0.039052	supercritical
443.00	67.000	57.704	0.017330	283.87	399.98	5.6713	0.70001	0.99380	408.29	0.092076	2.9045e-05	0.039117	supercritical
444.00	67.000	57.567	0.017371	284.59	400.97	5.6736	0.70029	0.99388	408.73	0.091488	2.9090e-05	0.039183	supercritical
445.00	67.000	57.431	0.017412	285.31	401.97	5.6758	0.70057	0.99397	409.17	0.090904	2.9135e-05	0.039248	supercritical
446.00	67.000	57.296	0.017453	286.02	402.96	5.6780	0.70085	0.99407	409.61	0.090323	2.9180e-05	0.039314	supercritical
447.00	67.000	57.161	0.017494	286.74	403.96	5.6803	0.70113	0.99416	410.05	0.089744	2.9224e-05	0.039379	supercritical
448.00	67.000	57.027	0.017536	287.46	404.95	5.6825	0.70141	0.99426	410.49	0.089169	2.9269e-05	0.039445	supercritical
449.00	67.000	56.894	0.017577	288.18	405.94	5.6847	0.70169	0.99436	410.93	0.088598	2.9314e-05	0.039510	supercritical
450.00	67.000	56.761	0.017618	288.90	406.94	5.6869	0.70197	0.99446	411.37	0.088029	2.9358e-05	0.039576	supercritical
451.00	67.000	56.629	0.017659	289.62	407.93	5.6891	0.70225	0.99456	411.81	0.087463	2.9403e-05	0.039641	supercritical
452.00	67.000	56.497	0.017700	290.34	408.93	5.6913	0.70254	0.99467	412.24	0.086900	2.9447e-05	0.039706	supercritical
453.00	67.000	56.367	0.017741	291.06	409.92	5.6935	0.70282	0.99477	412.68	0.086340	2.9492e-05	0.039772	supercritical
454.00	67.000	56.236	0.017782	291.78	410.92	5.6957	0.70311	0.99488	413.11	0.085784	2.9536e-05	0.039837	supercritical
455.00	67.000	56.107	0.017823	292.50	411.91	5.6979	0.70339	0.99499	413.55	0.085230	2.9581e-05	0.039902	supercritical
456.00	67.000	55.978	0.017864	293.22	412.91	5.7001	0.70368	0.99511	413.98	0.084679	2.9625e-05	0.039968	supercritical
457.00	67.000	55.850	0.017905	293.94	413.90	5.7023	0.70396	0.99522	414.41	0.084131	2.9669e-05	0.040033	supercritical
458.00	67.000	55.722	0.017946	294.66	414.90	5.7044	0.70425	0.99534	414.85	0.083586	2.9713e-05	0.040098	supercritical
459.00	67.000	55.595	0.017987	295.38	415.89	5.7066	0.70454	0.99545	415.28	0.083044	2.9758e-05	0.040163	supercritical
460.00	67.000	55.469	0.018028	296.10	416.89	5.7088	0.70482	0.99557	415.71	0.082505	2.9802e-05	0.040229	supercritical
461.00	67.000	55.343	0.018069	296.82	417.88	5.7109	0.70511	0.99570	416.14	0.081968	2.9846e-05	0.040294	supercritical
462.00	67.000	55.218	0.018110	297.54	418.88	5.7131	0.70540	0.99582	416.57	0.081435	2.9890e-05	0.040359	supercritical
463.00	67.000	55.093	0.018151	298.26	419.88	5.7153	0.70569	0.99595	417.00	0.080904	2.9934e-05	0.040424	supercritical
464.00	67.000	54.969	0.018192	298.99	420.87	5.7174	0.70598	0.99607	417.42	0.080376	2.9978e-05	0.040489	supercritical
465.00	67.000	54.846	0.018233	299.71	421.87	5.7195	0.70627	0.99620	417.85	0.079850	3.0022e-05	0.040554	supercritical
466.00	67.000	54.723	0.018274	300.43	422.86	5.7217	0.70656	0.99633	418.28	0.079328	3.0066e-05	0.040619	supercritical
467.00	67.000	54.601	0.018315	301.15	423.86	5.7238	0.70685	0.99647	418.70	0.078808	3.0110e-05	0.040684	supercritical
468.00	67.000	54.479	0.018356	301.87	424.86	5.7260	0.70714	0.99660	419.13	0.078291	3.0154e-05	0.040749	supercritical
469.00	67.000	54.358	0.018397	302.60	425.85	5.7281	0.70743	0.99673	419.55	0.077777	3.0198e-05	0.040814	supercritical
470.00	67.000	54.238	0.018437	303.32	426.85	5.7302	0.70772	0.99687	419.98	0.077265	3.0242e-05	0.040879	supercritical
471.00	67.000	54.118	0.018478	304.04	427.85	5.7323	0.70801	0.99701	420.40	0.076756	3.0285e-05	0.040944	supercritical
472.00	67.000	53.998	0.018519	304.77	428.84	5.7344	0.70831	0.99715	420.82	0.076249	3.0329e-05	0.041009	supercritical
473.00	67.000	53.880	0.018560	305.49	429.84	5.7366	0.70860	0.99729	421.24	0.075746	3.0373e-05	0.041074	supercritical
474.00	67.000	53.761	0.018601	306.21	430.84	5.7387	0.70889	0.99743	421.67	0.075244	3.0416e-05	0.041139	supercritical
475.00	67.000	53.644	0.018642	306.94	431.84	5.7408	0.70919	0.99758	422.09	0.074746	3.0460e-05	0.041204	supercritical
476.00	67.000	53.526	0.018682	307.66	432.83	5.7429	0.70948	0.99773	422.51	0.074250	3.0504e-05	0.041269	supercritical
477.00	67.000	53.410	0.018723	308.39	433.83	5.7450	0.70977	0.99787	422.93	0.073756	3.0547e-05	0.041334	supercritical
478.00	67.000	53.294	0.018764	309.11	434.83	5.7470	0.71007	0.99802	423.34	0.073265	3.0591e-05	0.041399	supercritical
479.00	67.000	53.178	0.018805	309.84	435.83	5.7491	0.71036	0.99817	423.76	0.072777	3.0634e-05	0.041463	supercritical
480.00	67.000	53.063	0.018846	310.56	436.83	5.7512	0.71066	0.99832	424.18	0.072291	3.0678e-05	0.041528	supercritical
481.00	67.000	52.948	0.018886	311.29	437.82	5.7533	0.71095	0.99848	424.60	0.071807	3.0721e-05	0.041593	supercritical
482.00	67.000	52.834	0.018927	312.01	438.82	5.7554	0.71125	0.99863	425.01	0.071326	3.0764e-05	0.041657	supercritical
483.00	67.000	52.721	0.018968	312.74	439.82	5.7574	0.71154	0.99879	425.43	0.070848	3.0808e-05	0.041722	supercritical
484.00	67.000	52.608	0.019009	313.46	440.82	5.7595	0.71184	0.99894	425.84	0.070371	3.0851e-05	0.041787	supercritical
485.00	67.000	52.496	0.019049	314.19	441.82	5.7616	0.71214	0.99910	426.26	0.069898	3.0894e-05	0.041851	supercritical
486.00	67.000	52.384	0.019090	314.92	442.82	5.7636	0.71243	0.99926	426.67	0.069426	3.0938e-05	0.041916	supercritical
487.00	67.000	52.272	0.019131	315.64	443.82	5.7657	0.71273	0.99942	427.09	0.068957	3.0981e-05	0.041981	supercritical
488.00	67.000	52.161	0.019171	316.37	444.82	5.7677	0.71303	0.99959	427.50	0.068491	3.1024e-05	0.042045	supercritical
489.00	67.000	52.051	0.019212	317.10	445.82	5.7698	0.71333	0.99975	427.91	0.068027	3.1067e-05	0.042110	supercritical
490.00	67.000	51.941	0.019253	317.82	446.82	5.7718	0.71362	0.99991	428.32	0.067565	3.1110e-05	0.042174	supercritical
491.00	67.000	51.831	0.019293	318.55	447.82	5.7738	0.71392	1.0001	428.73	0.067105	3.1153e-05	0.042239	supercritical
492.00	67.000	51.722	0.019334	319.28	448.82	5.7759	0.71422	1.0002	429.14	0.066648	3.1196e-05	0.042303	supercritical
493.00	67.000	51.614	0.019375	320.01	449.82	5.7779	0.71452	1.0004	429.55	0.066193	3.1239e-05	0.042368	supercritical
494.00	67.000	51.506	0.019415	320.74	450.82	5.7799	0.71482	1.0006	429.96	0.065740	3.1282e-05	0.042432	supercritical
495.00	67.000	51.398	0.019456	321.46	451.82	5.7820	0.71511	1.0008	430.37	0.065290	3.1325e-05	0.042497	supercritical
496.00	67.000	51.291	0.019497	322.19	452.82	5.7840	0.71541	1.0009	430.78	0.064842	3.1368e-05	0.042561	supercritical
497.00	67.000	51.184	0.019537	322.92	453.82	5.7860	0.71571	1.0011	431.19	0.064396	3.1411e-05	0.042625	supercritical
498.00	67.000	51.078	0.019578	323.65	454.82	5.7880	0.71601	1.0013	431.59	0.063952	3.1453e-05	0.042690	supercritical
499.00	67.000	50.973	0.019618	324.38	455.82	5.7900	0.71631	1.0014	432.00	0.063510	3.1496e-05	0.042754	supercritical
500.00	67.000	50.867	0.019659	325.11	456.82	5.7920	0.71661	1.0016	432.40	0.063071	3.1539e-05	0.042818	supercritical
501.00	67.000	50.763	0.019700	325.84	457.83	5.7940	0.71691	1.0018	432.81	0.062634	3.1582e-05	0.042883	supercritical
502.00	67.000	50.658	0.019740	326.57	458.83	5.7960	0.71721	1.0020	433.21	0.062199	3.1624e-05	0.042947	supercritical
503.00	67.000	50.554	0.019781	327.30	459.83	5.7980	0.71751	1.0022	433.62	0.061766	3.1667e-05	0.043011	supercritical
504.00	67.000	50.451	0.019821	328.03	460.83	5.8000	0.71781	1.0023	434.02	0.061335	3.1709e-05	0.043075	supercritical
505.00	67.000	50.348	0.019862	328.76	461.84	5.8020	0.71811	1.0025	434.42	0.060907	3.1752e-05	0.043139	supercritical
506.00	67.000	50.245	0.019902	329.49	462.84	5.8040	0.71841	1.0027	434.83	0.060480	3.1794e-05	0.043204	supercritical
507.00	67.000	50.143	0.019943	330.22	463.84	5.8060	0.71871	1.0029	435.23	0.060056	3.1837e-05	0.043268	supercritical
508.00	67.000	50.042	0.019983	330.96	464.84	5.8079	0.71901	1.0031	435.63	0.059633	3.1879e-05	0.043332	supercritical
509.00	67.000	49.940	0.020024	331.69	465.85	5.8099	0.71931	1.0032	436.03	0.059213	3.1922e-05	0.043396	supercritical
510.00	67.000	49.840	0.020064	332.42	466.85	5.8119	0.71961	1.0034	436.43	0.058795	3.1964e-05	0.043460	supercritical
511.00	67.000	49.739	0.020105	333.15	467.85	5.8138	0.71991	1.0036	436.83	0.058379	3.2006e-05	0.043524	supercritical
512.00	67.000	49.639	0.020145	333.88	468.86	5.8158	0.72021	1.0038	437.23	0.057965	3.2049e-05	0.043588	supercritical
513.00	67.000	49.540	0.020186	334.62	469.86	5.8178	0.72051	1.0040	437.63	0.057552	3.2091e-05	0.043652	supercritical
514.00	67.000	49.441	0.020226	335.35	470.87	5.8197	0.72081	1.0042	438.03	0.057142	3.2133e-05	0.043716	supercritical
515.00	67.000	49.342	0.020267	336.08	471.87	5.8217	0.72111	1.0044	438.42	0.056734	3.2175e-05	0.043780	supercritical
516.00	67.000	49.244	0.020307	336.82	472.87	5.8236	0.72141	1.0046	438.82	0.056328	3.2218e-05	0.043844	supercritical
517.00	67.000	49.146	0.020348	337.55	473.88	5.8256	0.72171	1.0047	439.22	0.055924	3.2260e-05	0.043908	supercritical
518.00	67.000	49.048	0.020388	338.28	474.88	5.8275	0.72202	1.0049	439.61	0.055522	3.2302e-05	0.043972	supercritical
519.00	67.000	48.951	0.020429	339.02	475.89	5.8294	0.72232	1.0051	440.01	0.055121	3.2344e-05	0.044035	supercritical
520.00	67.000	48.855	0.020469	339.75	476.89	5.8314	0.72262	1.0053	440.41	0.054723	3.2386e-05	0.044099	supercritical
521.00	67.000	48.758	0.020509	340.49	477.90	5.8333	0.72292	1.0055	440.80	0.054327	3.2428e-05	0.044163	supercritical
522.00	67.000	48.662	0.020550	341.22	478.90	5.8352	0.72322	1.0057	441.19	0.053932	3.2470e-05	0.044227	supercritical
523.00	67.000	48.567	0.020590	341.96	479.91	5.8372	0.72352	1.0059	441.59	0.053539	3.2512e-05	0.044291	supercritical
524.00	67.000	48.472	0.020631	342.69	480.92	5.8391	0.72382	1.0061	441.98	0.053149	3.2554e-05	0.044354	supercritical
525.00	67.000	48.377	0.020671	343.43	481.92	5.8410	0.72412	1.0063	442.37	0.052760	3.2596e-05	0.044418	supercritical
526.00	67.000	48.283	0.020711	344.16	482.93	5.8429	0.72442	1.0065	442.77	0.052373	3.2637e-05	0.044482	supercritical
527.00	67.000	48.189	0.020752	344.90	483.94	5.8448	0.72472	1.0067	443.16	0.051987	3.2679e-05	0.044545	supercritical
528.00	67.000	48.095	0.020792	345.64	484.94	5.8467	0.72502	1.0069	443.55	0.051604	3.2721e-05	0.044609	supercritical
529.00	67.000	48.002	0.020832	346.37	485.95	5.8487	0.72532	1.0071	443.94	0.051222	3.2763e-05	0.044673	supercritical
530.00	67.000	47.909	0.020873	347.11	486.96	5.8506	0.72563	1.0073	444.33	0.050843	3.2804e-05	0.044736	supercritical
531.00	67.000	47.817	0.020913	347.85	487.96	5.8525	0.72593	1.0075	444.72	0.050465	3.2846e-05	0.044800	supercritical
532.00	67.000	47.725	0.020953	348.58	488.97	5.8543	0.72623	1.0077	445.11	0.050088	3.2888e-05	0.044863	supercritical
533.00	67.000	47.633	0.020994	349.32	489.98	5.8562	0.72653	1.0079	445.50	0.049714	3.2929e-05	0.044927	supercritical
534.00	67.000	47.542	0.021034	350.06	490.99	5.8581	0.72683	1.0081	445.88	0.049341	3.2971e-05	0.044990	supercritical
535.00	67.000	47.451	0.021074	350.80	492.00	5.8600	0.72713	1.0083	446.27	0.048971	3.3012e-05	0.045054	supercritical
536.00	67.000	47.360	0.021115	351.54	493.00	5.8619	0.72743	1.0085	446.66	0.048601	3.3054e-05	0.045117	supercritical
537.00	67.000	47.270	0.021155	352.27	494.01	5.8638	0.72773	1.0087	447.05	0.048234	3.3095e-05	0.045181	supercritical
538.00	67.000	47.180	0.021195	353.01	495.02	5.8657	0.72803	1.0089	447.43	0.047868	3.3137e-05	0.045244	supercritical
539.00	67.000	47.091	0.021236	353.75	496.03	5.8675	0.72833	1.0091	447.82	0.047504	3.3178e-05	0.045308	supercritical
540.00	67.000	47.001	0.021276	354.49	497.04	5.8694	0.72863	1.0093	448.20	0.047142	3.3220e-05	0.045371	supercritical
541.00	67.000	46.913	0.021316	355.23	498.05	5.8713	0.72893	1.0095	448.59	0.046782	3.3261e-05	0.045434	supercritical
542.00	67.000	46.824	0.021356	355.97	499.06	5.8731	0.72923	1.0097	448.97	0.046423	3.3302e-05	0.045498	supercritical
543.00	67.000	46.736	0.021397	356.71	500.07	5.8750	0.72953	1.0100	449.36	0.046066	3.3343e-05	0.045561	supercritical
544.00	67.000	46.648	0.021437	357.45	501.08	5.8769	0.72983	1.0102	449.74	0.045710	3.3385e-05	0.045624	supercritical
545.00	67.000	46.561	0.021477	358.19	502.09	5.8787	0.73013	1.0104	450.12	0.045356	3.3426e-05	0.045687	supercritical
546.00	67.000	46.474	0.021518	358.93	503.10	5.8806	0.73043	1.0106	450.51	0.045004	3.3467e-05	0.045751	supercritical
547.00	67.000	46.387	0.021558	359.67	504.11	5.8824	0.73073	1.0108	450.89	0.044653	3.3508e-05	0.045814	supercritical
548.00	67.000	46.301	0.021598	360.41	505.12	5.8843	0.73103	1.0110	451.27	0.044304	3.3549e-05	0.045877	supercritical
549.00	67.000	46.215	0.021638	361.16	506.13	5.8861	0.73132	1.0112	451.65	0.043957	3.3590e-05	0.045940	supercritical
550.00	67.000	46.129	0.021678	361.90	507.14	5.8879	0.73162	1.0114	452.03	0.043611	3.3632e-05	0.046003	supercritical
551.00	67.000	46.043	0.021719	362.64	508.16	5.8898	0.73192	1.0116	452.41	0.043267	3.3673e-05	0.046066	supercritical
552.00	67.000	45.958	0.021759	363.38	509.17	5.8916	0.73222	1.0118	452.79	0.042924	3.3714e-05	0.046129	supercritical
553.00	67.000	45.874	0.021799	364.13	510.18	5.8934	0.73252	1.0120	453.17	0.042583	3.3755e-05	0.046193	supercritical
554.00	67.000	45.789	0.021839	364.87	511.19	5.8953	0.73282	1.0123	453.55	0.042244	3.3795e-05	0.046256	supercritical
555.00	67.000	45.705	0.021879	365.61	512.20	5.8971	0.73312	1.0125	453.93	0.041906	3.3836e-05	0.046319	supercritical
556.00	67.000	45.621	0.021920	366.35	513.22	5.8989	0.73341	1.0127	454.31	0.041569	3.3877e-05	0.046382	supercritical
557.00	67.000	45.538	0.021960	367.10	514.23	5.9007	0.73371	1.0129	454.69	0.041234	3.3918e-05	0.046445	supercritical
558.00	67.000	45.455	0.022000	367.84	515.24	5.9026	0.73401	1.0131	455.07	0.040901	3.3959e-05	0.046507	supercritical
559.00	67.000	45.372	0.022040	368.59	516.25	5.9044	0.73431	1.0133	455.44	0.040569	3.4000e-05	0.046570	supercritical
560.00	67.000	45.289	0.022080	369.33	517.27	5.9062	0.73460	1.0135	455.82	0.040239	3.4040e-05	0.046633	supercritical
561.00	67.000	45.207	0.022120	370.07	518.28	5.9080	0.73490	1.0138	456.20	0.039910	3.4081e-05	0.046696	supercritical
562.00	67.000	45.125	0.022161	370.82	519.30	5.9098	0.73520	1.0140	456.57	0.039583	3.4122e-05	0.046759	supercritical
563.00	67.000	45.044	0.022201	371.56	520.31	5.9116	0.73549	1.0142	456.95	0.039257	3.4162e-05	0.046822	supercritical
564.00	67.000	44.962	0.022241	372.31	521.32	5.9134	0.73579	1.0144	457.32	0.038933	3.4203e-05	0.046885	supercritical
565.00	67.000	44.881	0.022281	373.06	522.34	5.9152	0.73609	1.0146	457.70	0.038610	3.4244e-05	0.046947	supercritical
566.00	67.000	44.801	0.022321	373.80	523.35	5.9170	0.73638	1.0148	458.07	0.038288	3.4284e-05	0.047010	supercritical
567.00	67.000	44.720	0.022361	374.55	524.37	5.9188	0.73668	1.0151	458.44	0.037968	3.4325e-05	0.047073	supercritical
568.00	67.000	44.640	0.022401	375.29	525.38	5.9206	0.73697	1.0153	458.82	0.037650	3.4365e-05	0.047136	supercritical
569.00	67.000	44.560	0.022441	376.04	526.40	5.9224	0.73727	1.0155	459.19	0.037333	3.4406e-05	0.047198	supercritical
570.00	67.000	44.481	0.022482	376.79	527.41	5.9241	0.73757	1.0157	459.56	0.037017	3.4446e-05	0.047261	supercritical
571.00	67.000	44.402	0.022522	377.53	528.43	5.9259	0.73786	1.0159	459.94	0.036703	3.4487e-05	0.047324	supercritical
572.00	67.000	44.323	0.022562	378.28	529.45	5.9277	0.73816	1.0161	460.31	0.036390	3.4527e-05	0.047386	supercritical
573.00	67.000	44.244	0.022602	379.03	530.46	5.9295	0.73845	1.0164	460.68	0.036078	3.4567e-05	0.047449	supercritical
574.00	67.000	44.166	0.022642	379.78	531.48	5.9312	0.73874	1.0166	461.05	0.035768	3.4608e-05	0.047511	supercritical
575.00	67.000	44.088	0.022682	380.53	532.50	5.9330	0.73904	1.0168	461.42	0.035459	3.4648e-05	0.047574	supercritical
576.00	67.000	44.010	0.022722	381.27	533.51	5.9348	0.73933	1.0170	461.79	0.035152	3.4688e-05	0.047637	supercritical
577.00	67.000	43.933	0.022762	382.02	534.53	5.9365	0.73963	1.0172	462.16	0.034846	3.4728e-05	0.047699	supercritical
578.00	67.000	43.855	0.022802	382.77	535.55	5.9383	0.73992	1.0174	462.53	0.034541	3.4769e-05	0.047761	supercritical
579.00	67.000	43.778	0.022842	383.52	536.56	5.9401	0.74021	1.0177	462.90	0.034238	3.4809e-05	0.047824	supercritical
580.00	67.000	43.702	0.022882	384.27	537.58	5.9418	0.74051	1.0179	463.27	0.033936	3.4849e-05	0.047886	supercritical
581.00	67.000	43.626	0.022922	385.02	538.60	5.9436	0.74080	1.0181	463.64	0.033635	3.4889e-05	0.047949	supercritical
582.00	67.000	43.549	0.022962	385.77	539.62	5.9453	0.74109	1.0183	464.00	0.033336	3.4929e-05	0.048011	supercritical
583.00	67.000	43.474	0.023002	386.52	540.64	5.9471	0.74138	1.0185	464.37	0.033038	3.4969e-05	0.048074	supercritical
584.00	67.000	43.398	0.023042	387.27	541.66	5.9488	0.74168	1.0188	464.74	0.032741	3.5009e-05	0.048136	supercritical
585.00	67.000	43.323	0.023082	388.02	542.67	5.9506	0.74197	1.0190	465.10	0.032446	3.5049e-05	0.048198	supercritical
586.00	67.000	43.248	0.023123	388.77	543.69	5.9523	0.74226	1.0192	465.47	0.032152	3.5089e-05	0.048261	supercritical
587.00	67.000	43.173	0.023163	389.52	544.71	5.9540	0.74255	1.0194	465.84	0.031859	3.5129e-05	0.048323	supercritical
588.00	67.000	43.099	0.023203	390.28	545.73	5.9558	0.74284	1.0197	466.20	0.031568	3.5169e-05	0.048385	supercritical
589.00	67.000	43.025	0.023243	391.03	546.75	5.9575	0.74313	1.0199	466.57	0.031277	3.5209e-05	0.048447	supercritical
590.00	67.000	42.951	0.023283	391.78	547.77	5.9592	0.74342	1.0201	466.93	0.030989	3.5249e-05	0.048510	supercritical
591.00	67.000	42.877	0.023323	392.53	548.79	5.9610	0.74371	1.0203	467.30	0.030701	3.5289e-05	0.048572	supercritical
592.00	67.000	42.804	0.023363	393.28	549.81	5.9627	0.74400	1.0205	467.66	0.030414	3.5328e-05	0.048634	supercritical
593.00	67.000	42.730	0.023403	394.04	550.83	5.9644	0.74429	1.0208	468.02	0.030129	3.5368e-05	0.048696	supercritical
594.00	67.000	42.658	0.023443	394.79	551.85	5.9661	0.74458	1.0210	468.39	0.029845	3.5408e-05	0.048758	supercritical
595.00	67.000	42.585	0.023482	395.54	552.88	5.9679	0.74487	1.0212	468.75	0.029562	3.5448e-05	0.048820	supercritical
596.00	67.000	42.513	0.023522	396.30	553.90	5.9696	0.74516	1.0214	469.11	0.029281	3.5487e-05	0.048882	supercritical
597.00	67.000	42.440	0.023562	397.05	554.92	5.9713	0.74545	1.0216	469.48	0.029000	3.5527e-05	0.048944	supercritical
598.00	67.000	42.369	0.023602	397.80	555.94	5.9730	0.74573	1.0219	469.84	0.028721	3.5566e-05	0.049006	supercritical
599.00	67.000	42.297	0.023642	398.56	556.96	5.9747	0.74602	1.0221	470.20	0.028443	3.5606e-05	0.049068	supercritical
600.00	67.000	42.226	0.023682	399.31	557.98	5.9764	0.74631	1.0223	470.56	0.028167	3.5646e-05	0.049130	supercritical
