Temperature (K)	Pressure (bar)	Density (kg/m3)	Volume (m3/kg)	Internal Energy (kJ/kg)	Enthalpy (kJ/kg)	Entropy (J/g*K)	Cv (J/g*K)	Cp (J/g*K)	Sound Spd. (m/s)	Joule-Thomson (K/bar)	Viscosity (Pa*s)	Therm. Cond. (W/m*K)	Phase
60.000	87.000	1292.2	0.00077386	-185.52	-178.79	2.2344	1.0919	1.6554	1151.1	-0.037554	0.00061906	0.19744	liquid
61.000	87.000	1288.0	0.00077641	-183.89	-177.13	2.2618	1.0835	1.6574	1147.2	-0.037397	0.00058991	0.19611	liquid
62.000	87.000	1283.7	0.00077899	-182.25	-175.48	2.2888	1.0760	1.6590	1142.6	-0.037255	0.00056269	0.19477	liquid
63.000	87.000	1279.4	0.00078160	-180.62	-173.82	2.3153	1.0692	1.6602	1137.4	-0.037125	0.00053728	0.19344	liquid
64.000	87.000	1275.1	0.00078423	-178.98	-172.16	2.3415	1.0629	1.6612	1131.7	-0.037007	0.00051353	0.19210	liquid
65.000	87.000	1270.8	0.00078690	-177.34	-170.49	2.3673	1.0571	1.6618	1125.7	-0.036897	0.00049132	0.19077	liquid
66.000	87.000	1266.5	0.00078958	-175.70	-168.83	2.3926	1.0515	1.6621	1119.4	-0.036794	0.00047055	0.18943	liquid
67.000	87.000	1262.2	0.00079229	-174.06	-167.17	2.4176	1.0461	1.6622	1112.8	-0.036696	0.00045109	0.18810	liquid
68.000	87.000	1257.8	0.00079502	-172.42	-165.51	2.4423	1.0410	1.6621	1106.0	-0.036601	0.00043285	0.18676	liquid
69.000	87.000	1253.5	0.00079778	-170.79	-163.85	2.4665	1.0360	1.6619	1099.1	-0.036508	0.00041574	0.18543	liquid
70.000	87.000	1249.1	0.00080056	-169.15	-162.18	2.4904	1.0311	1.6616	1092.1	-0.036416	0.00039968	0.18409	liquid
71.000	87.000	1244.8	0.00080337	-167.51	-160.52	2.5140	1.0263	1.6611	1084.9	-0.036323	0.00038458	0.18276	liquid
72.000	87.000	1240.4	0.00080619	-165.88	-158.86	2.5372	1.0216	1.6606	1077.7	-0.036228	0.00037038	0.18143	liquid
73.000	87.000	1236.0	0.00080905	-164.24	-157.20	2.5601	1.0170	1.6601	1070.5	-0.036130	0.00035700	0.18009	liquid
74.000	87.000	1231.6	0.00081193	-162.61	-155.54	2.5827	1.0124	1.6596	1063.2	-0.036029	0.00034440	0.17876	liquid
75.000	87.000	1227.2	0.00081483	-160.97	-153.88	2.6050	1.0079	1.6591	1055.8	-0.035923	0.00033251	0.17742	liquid
76.000	87.000	1222.8	0.00081776	-159.34	-152.22	2.6270	1.0035	1.6587	1048.4	-0.035812	0.00032128	0.17609	liquid
77.000	87.000	1218.4	0.00082072	-157.70	-150.56	2.6486	0.99907	1.6582	1041.1	-0.035695	0.00031066	0.17476	liquid
78.000	87.000	1214.0	0.00082371	-156.07	-148.91	2.6700	0.99472	1.6579	1033.7	-0.035571	0.00030061	0.17342	liquid
79.000	87.000	1209.6	0.00082672	-154.44	-147.25	2.6911	0.99042	1.6576	1026.3	-0.035441	0.00029109	0.17209	liquid
80.000	87.000	1205.2	0.00082976	-152.81	-145.59	2.7120	0.98616	1.6574	1018.9	-0.035303	0.00028207	0.17075	liquid
81.000	87.000	1200.7	0.00083284	-151.18	-143.93	2.7326	0.98196	1.6573	1011.5	-0.035157	0.00027350	0.16941	liquid
82.000	87.000	1196.3	0.00083594	-149.55	-142.28	2.7529	0.97780	1.6573	1004.0	-0.035002	0.00026536	0.16808	liquid
83.000	87.000	1191.8	0.00083908	-147.92	-140.62	2.7730	0.97369	1.6574	996.64	-0.034839	0.00025762	0.16674	liquid
84.000	87.000	1187.3	0.00084225	-146.29	-138.96	2.7929	0.96963	1.6576	989.23	-0.034667	0.00025025	0.16540	liquid
85.000	87.000	1182.8	0.00084545	-144.66	-137.30	2.8125	0.96562	1.6579	981.82	-0.034485	0.00024323	0.16406	liquid
86.000	87.000	1178.3	0.00084869	-143.03	-135.65	2.8319	0.96165	1.6584	974.41	-0.034293	0.00023653	0.16272	liquid
87.000	87.000	1173.8	0.00085196	-141.40	-133.99	2.8510	0.95774	1.6590	967.01	-0.034091	0.00023013	0.16138	liquid
88.000	87.000	1169.2	0.00085527	-139.77	-132.33	2.8700	0.95387	1.6597	959.60	-0.033878	0.00022402	0.16004	liquid
89.000	87.000	1164.7	0.00085862	-138.14	-130.67	2.8888	0.95006	1.6605	952.19	-0.033654	0.00021817	0.15869	liquid
90.000	87.000	1160.1	0.00086201	-136.51	-129.01	2.9073	0.94629	1.6615	944.78	-0.033419	0.00021257	0.15735	liquid
91.000	87.000	1155.5	0.00086544	-134.87	-127.34	2.9257	0.94257	1.6627	937.37	-0.033173	0.00020720	0.15600	liquid
92.000	87.000	1150.9	0.00086891	-133.24	-125.68	2.9439	0.93890	1.6639	929.95	-0.032914	0.00020205	0.15465	liquid
93.000	87.000	1146.2	0.00087242	-131.61	-124.02	2.9619	0.93527	1.6653	922.53	-0.032643	0.00019711	0.15331	liquid
94.000	87.000	1141.6	0.00087598	-129.97	-122.35	2.9797	0.93170	1.6669	915.10	-0.032359	0.00019236	0.15196	liquid
95.000	87.000	1136.9	0.00087958	-128.34	-120.68	2.9973	0.92817	1.6686	907.67	-0.032062	0.00018778	0.15060	liquid
96.000	87.000	1132.2	0.00088324	-126.70	-119.01	3.0148	0.92469	1.6704	900.23	-0.031752	0.00018338	0.14925	liquid
97.000	87.000	1127.5	0.00088694	-125.06	-117.34	3.0321	0.92126	1.6725	892.78	-0.031428	0.00017914	0.14790	liquid
98.000	87.000	1122.7	0.00089069	-123.42	-115.67	3.0493	0.91788	1.6746	885.33	-0.031089	0.00017505	0.14655	liquid
99.000	87.000	1118.0	0.00089449	-121.77	-113.99	3.0663	0.91454	1.6770	877.86	-0.030735	0.00017110	0.14519	liquid
100.00	87.000	1113.2	0.00089834	-120.13	-112.31	3.0832	0.91125	1.6795	870.38	-0.030366	0.00016728	0.14383	liquid
101.00	87.000	1108.3	0.00090226	-118.48	-110.63	3.0999	0.90800	1.6821	862.89	-0.029981	0.00016359	0.14248	liquid
102.00	87.000	1103.5	0.00090623	-116.83	-108.95	3.1165	0.90480	1.6850	855.38	-0.029579	0.00016002	0.14112	liquid
103.00	87.000	1098.6	0.00091025	-115.18	-107.26	3.1329	0.90165	1.6880	847.86	-0.029160	0.00015656	0.13976	liquid
104.00	87.000	1093.7	0.00091434	-113.53	-105.57	3.1493	0.89854	1.6912	840.32	-0.028724	0.00015321	0.13840	liquid
105.00	87.000	1088.7	0.00091850	-111.87	-103.88	3.1655	0.89548	1.6945	832.76	-0.028269	0.00014996	0.13704	liquid
106.00	87.000	1083.8	0.00092271	-110.21	-102.19	3.1815	0.89246	1.6981	825.19	-0.027795	0.00014681	0.13568	liquid
107.00	87.000	1078.7	0.00092700	-108.55	-100.49	3.1975	0.88948	1.7018	817.60	-0.027301	0.00014374	0.13431	liquid
108.00	87.000	1073.7	0.00093136	-106.88	-98.781	3.2134	0.88655	1.7058	809.98	-0.026787	0.00014076	0.13295	liquid
109.00	87.000	1068.6	0.00093579	-105.21	-97.073	3.2291	0.88367	1.7100	802.34	-0.026251	0.00013787	0.13159	liquid
110.00	87.000	1063.5	0.00094029	-103.54	-95.361	3.2447	0.88082	1.7143	794.68	-0.025692	0.00013505	0.13023	liquid
111.00	87.000	1058.3	0.00094488	-101.87	-93.645	3.2603	0.87803	1.7189	787.00	-0.025111	0.00013230	0.12887	liquid
112.00	87.000	1053.1	0.00094954	-100.18	-91.923	3.2757	0.87527	1.7238	779.28	-0.024505	0.00012962	0.12751	liquid
113.00	87.000	1047.9	0.00095429	-98.499	-90.197	3.2911	0.87256	1.7288	771.54	-0.023873	0.00012701	0.12615	liquid
114.00	87.000	1042.6	0.00095913	-96.810	-88.466	3.3063	0.86990	1.7342	763.78	-0.023215	0.00012447	0.12479	liquid
115.00	87.000	1037.3	0.00096406	-95.116	-86.729	3.3215	0.86728	1.7397	755.98	-0.022529	0.00012198	0.12343	liquid
116.00	87.000	1031.9	0.00096908	-93.417	-84.986	3.3366	0.86470	1.7456	748.15	-0.021814	0.00011955	0.12207	liquid
117.00	87.000	1026.5	0.00097420	-91.713	-83.237	3.3516	0.86217	1.7517	740.29	-0.021068	0.00011718	0.12072	liquid
118.00	87.000	1021.0	0.00097942	-90.004	-81.483	3.3665	0.85969	1.7582	732.39	-0.020290	0.00011486	0.11936	liquid
119.00	87.000	1015.5	0.00098476	-88.288	-79.721	3.3814	0.85725	1.7649	724.45	-0.019478	0.00011259	0.11800	liquid
120.00	87.000	1009.9	0.00099020	-86.567	-77.953	3.3962	0.85485	1.7720	716.48	-0.018630	0.00011036	0.11664	liquid
121.00	87.000	1004.3	0.00099576	-84.840	-76.177	3.4109	0.85251	1.7794	708.47	-0.017745	0.00010818	0.11528	liquid
122.00	87.000	998.56	0.0010014	-83.106	-74.394	3.4256	0.85021	1.7871	700.42	-0.016821	0.00010605	0.11392	liquid
123.00	87.000	992.80	0.0010073	-81.366	-72.603	3.4402	0.84796	1.7953	692.33	-0.015855	0.00010396	0.11256	liquid
124.00	87.000	986.98	0.0010132	-79.618	-70.803	3.4548	0.84576	1.8038	684.19	-0.014845	0.00010191	0.11121	liquid
125.00	87.000	981.09	0.0010193	-77.862	-68.995	3.4693	0.84362	1.8128	676.01	-0.013788	9.9894e-05	0.10985	liquid
126.00	87.000	975.13	0.0010255	-76.099	-67.177	3.4838	0.84152	1.8223	667.77	-0.012682	9.7918e-05	0.10850	liquid
127.00	87.000	969.10	0.0010319	-74.328	-65.350	3.4982	0.83947	1.8322	659.49	-0.011524	9.5978e-05	0.10714	liquid
128.00	87.000	962.99	0.0010384	-72.547	-63.513	3.5126	0.83749	1.8426	651.16	-0.010310	9.4071e-05	0.10579	liquid
129.00	87.000	956.80	0.0010451	-70.758	-61.665	3.5270	0.83555	1.8536	642.77	-0.0090373	9.2197e-05	0.10444	liquid
130.00	87.000	950.53	0.0010520	-68.958	-59.805	3.5414	0.83368	1.8651	634.32	-0.0077017	9.0355e-05	0.10309	liquid
131.00	87.000	944.17	0.0010591	-67.149	-57.934	3.5557	0.83186	1.8773	625.81	-0.0062992	8.8543e-05	0.10174	liquid
132.00	87.000	937.73	0.0010664	-65.328	-56.051	3.5700	0.83011	1.8901	617.24	-0.0048252	8.6759e-05	0.10039	liquid
133.00	87.000	931.18	0.0010739	-63.497	-54.154	3.5844	0.82842	1.9037	608.61	-0.0032748	8.5004e-05	0.099045	liquid
134.00	87.000	924.53	0.0010816	-61.653	-52.243	3.5987	0.82679	1.9180	599.91	-0.0016427	8.3275e-05	0.097700	liquid
135.00	87.000	917.78	0.0010896	-59.797	-50.317	3.6130	0.82524	1.9332	591.14	7.7213e-05	8.1571e-05	0.096358	liquid
136.00	87.000	910.92	0.0010978	-57.927	-48.376	3.6273	0.82376	1.9493	582.29	0.0018913	7.9893e-05	0.095017	liquid
137.00	87.000	903.93	0.0011063	-56.043	-46.418	3.6417	0.82235	1.9663	573.37	0.0038069	7.8237e-05	0.093677	liquid
138.00	87.000	896.82	0.0011150	-54.144	-44.443	3.6560	0.82102	1.9844	564.37	0.0058317	7.6604e-05	0.092340	liquid
139.00	87.000	889.58	0.0011241	-52.229	-42.449	3.6704	0.81978	2.0037	555.28	0.0079747	7.4993e-05	0.091004	liquid
140.00	87.000	882.20	0.0011335	-50.297	-40.435	3.6849	0.81863	2.0242	546.11	0.010245	7.3402e-05	0.089670	liquid
141.00	87.000	874.67	0.0011433	-48.347	-38.400	3.6993	0.81757	2.0461	536.84	0.012655	7.1831e-05	0.088338	liquid
142.00	87.000	866.98	0.0011534	-46.377	-36.343	3.7139	0.81660	2.0695	527.48	0.015215	7.0278e-05	0.087008	liquid
143.00	87.000	859.12	0.0011640	-44.387	-34.261	3.7285	0.81575	2.0946	518.02	0.017938	6.8743e-05	0.085679	liquid
144.00	87.000	851.08	0.0011750	-42.375	-32.153	3.7432	0.81501	2.1215	508.46	0.020841	6.7224e-05	0.084352	liquid
145.00	87.000	842.85	0.0011864	-40.339	-30.017	3.7580	0.81438	2.1504	498.79	0.023939	6.5721e-05	0.083026	liquid
146.00	87.000	834.41	0.0011985	-38.278	-27.851	3.7728	0.81389	2.1816	489.01	0.027252	6.4232e-05	0.081702	liquid
147.00	87.000	825.75	0.0012110	-36.189	-25.653	3.7879	0.81354	2.2153	479.12	0.030801	6.2756e-05	0.080378	liquid
148.00	87.000	816.84	0.0012242	-34.071	-23.420	3.8030	0.81333	2.2518	469.11	0.034609	6.1293e-05	0.079056	liquid
149.00	87.000	807.67	0.0012381	-31.920	-21.149	3.8183	0.81329	2.2914	458.97	0.038704	5.9840e-05	0.077734	liquid
150.00	87.000	798.22	0.0012528	-29.735	-18.836	3.8338	0.81341	2.3346	448.71	0.043116	5.8397e-05	0.076412	liquid
151.00	87.000	788.47	0.0012683	-27.512	-16.478	3.8494	0.81373	2.3817	438.33	0.047881	5.6962e-05	0.075091	liquid
152.00	87.000	778.38	0.0012847	-25.248	-14.071	3.8653	0.81425	2.4334	427.82	0.053038	5.5534e-05	0.073768	liquid
153.00	87.000	767.93	0.0013022	-22.939	-11.610	3.8815	0.81498	2.4902	417.19	0.058632	5.4110e-05	0.072444	liquid
154.00	87.000	757.08	0.0013209	-20.580	-9.0886	3.8979	0.81595	2.5528	406.44	0.064716	5.2691e-05	0.071119	liquid
155.00	87.000	745.78	0.0013409	-18.167	-6.5017	3.9146	0.81716	2.6222	395.58	0.071349	5.1272e-05	0.069790	supercritical
156.00	87.000	734.01	0.0013624	-15.694	-3.8416	3.9317	0.81864	2.6993	384.61	0.078597	4.9853e-05	0.068457	supercritical
157.00	87.000	721.70	0.0013856	-13.155	-1.1002	3.9492	0.82039	2.7851	373.55	0.086540	4.8432e-05	0.067120	supercritical
158.00	87.000	708.80	0.0014108	-10.542	1.7320	3.9672	0.82243	2.8811	362.41	0.095263	4.7005e-05	0.065777	supercritical
159.00	87.000	695.25	0.0014383	-7.8477	4.6657	3.9857	0.82476	2.9884	351.23	0.10486	4.5571e-05	0.064426	supercritical
160.00	87.000	680.98	0.0014685	-5.0625	7.7132	4.0048	0.82738	3.1087	340.03	0.11545	4.4126e-05	0.063065	supercritical
161.00	87.000	665.91	0.0015017	-2.1770	10.888	4.0246	0.83028	3.2430	328.86	0.12714	4.2670e-05	0.061694	supercritical
162.00	87.000	649.97	0.0015385	0.81901	14.204	4.0452	0.83345	3.3923	317.77	0.14003	4.1199e-05	0.060308	supercritical
163.00	87.000	633.09	0.0015796	3.9352	17.677	4.0665	0.83683	3.5563	306.85	0.15425	3.9714e-05	0.058906	supercritical
164.00	87.000	615.21	0.0016255	7.1798	21.321	4.0888	0.84037	3.7334	296.19	0.16987	3.8214e-05	0.057484	supercritical
165.00	87.000	596.31	0.0016770	10.558	25.147	4.1121	0.84395	3.9193	285.92	0.18694	3.6702e-05	0.056036	supercritical
166.00	87.000	576.42	0.0017348	14.067	29.160	4.1363	0.84741	4.1065	276.18	0.20543	3.5187e-05	0.054558	supercritical
167.00	87.000	555.65	0.0017997	17.699	33.357	4.1615	0.85053	4.2830	267.16	0.22520	3.3679e-05	0.053045	supercritical
168.00	87.000	534.19	0.0018720	21.431	37.718	4.1876	0.85300	4.4329	259.03	0.24599	3.2195e-05	0.051494	supercritical
169.00	87.000	512.37	0.0019517	25.227	42.207	4.2142	0.85449	4.5370	251.94	0.26736	3.0756e-05	0.049904	supercritical
170.00	87.000	490.59	0.0020383	29.037	46.770	4.2411	0.85473	4.5777	246.02	0.28870	2.9388e-05	0.048287	supercritical
171.00	87.000	469.33	0.0021307	32.801	51.338	4.2679	0.85356	4.5450	241.29	0.30932	2.8114e-05	0.046662	supercritical
172.00	87.000	449.02	0.0022271	36.461	55.837	4.2941	0.85102	4.4421	237.71	0.32857	2.6955e-05	0.045059	supercritical
173.00	87.000	429.98	0.0023257	39.970	60.204	4.3195	0.84731	4.2844	235.15	0.34599	2.5920e-05	0.043514	supercritical
174.00	87.000	412.40	0.0024248	43.298	64.394	4.3436	0.84272	4.0932	233.45	0.36136	2.5011e-05	0.042057	supercritical
175.00	87.000	396.32	0.0025232	46.434	68.386	4.3665	0.83756	3.8881	232.42	0.37465	2.4219e-05	0.040707	supercritical
176.00	87.000	381.69	0.0026199	49.378	72.171	4.3881	0.83209	3.6835	231.93	0.38597	2.3534e-05	0.039473	supercritical
177.00	87.000	368.40	0.0027144	52.140	75.756	4.4084	0.82649	3.4884	231.84	0.39550	2.2943e-05	0.038355	supercritical
178.00	87.000	356.32	0.0028064	54.736	79.152	4.4275	0.82090	3.3072	232.05	0.40344	2.2432e-05	0.037346	supercritical
179.00	87.000	345.32	0.0028959	57.182	82.376	4.4456	0.81540	3.1415	232.50	0.40999	2.1990e-05	0.036439	supercritical
180.00	87.000	335.26	0.0029827	59.491	85.441	4.4626	0.81005	2.9913	233.12	0.41532	2.1606e-05	0.035623	supercritical
181.00	87.000	326.04	0.0030671	61.679	88.363	4.4788	0.80488	2.8556	233.87	0.41961	2.1273e-05	0.034889	supercritical
182.00	87.000	317.56	0.0031491	63.760	91.156	4.4942	0.79989	2.7333	234.73	0.42299	2.0982e-05	0.034228	supercritical
183.00	87.000	309.71	0.0032288	65.743	93.834	4.5089	0.79511	2.6229	235.67	0.42558	2.0727e-05	0.033631	supercritical
184.00	87.000	302.44	0.0033064	67.640	96.406	4.5229	0.79052	2.5232	236.67	0.42750	2.0504e-05	0.033090	supercritical
185.00	87.000	295.68	0.0033820	69.460	98.883	4.5363	0.78612	2.4329	237.71	0.42882	2.0309e-05	0.032601	supercritical
186.00	87.000	289.37	0.0034558	71.209	101.27	4.5492	0.78192	2.3509	238.79	0.42964	2.0137e-05	0.032156	supercritical
187.00	87.000	283.46	0.0035278	72.895	103.59	4.5616	0.77789	2.2762	239.89	0.43001	1.9985e-05	0.031752	supercritical
188.00	87.000	277.91	0.0035982	74.524	105.83	4.5736	0.77404	2.2080	241.01	0.42999	1.9852e-05	0.031383	supercritical
189.00	87.000	272.69	0.0036671	76.101	108.01	4.5851	0.77036	2.1456	242.15	0.42964	1.9734e-05	0.031047	supercritical
190.00	87.000	267.77	0.0037346	77.631	110.12	4.5963	0.76683	2.0883	243.29	0.42899	1.9631e-05	0.030740	supercritical
191.00	87.000	263.10	0.0038008	79.117	112.18	4.6071	0.76346	2.0355	244.44	0.42808	1.9540e-05	0.030458	supercritical
192.00	87.000	258.69	0.0038657	80.563	114.19	4.6176	0.76023	1.9868	245.59	0.42695	1.9460e-05	0.030200	supercritical
193.00	87.000	254.49	0.0039294	81.972	116.16	4.6278	0.75714	1.9417	246.74	0.42562	1.9391e-05	0.029964	supercritical
194.00	87.000	250.50	0.0039921	83.348	118.08	4.6377	0.75418	1.8998	247.90	0.42412	1.9330e-05	0.029746	supercritical
195.00	87.000	246.69	0.0040537	84.692	119.96	4.6474	0.75135	1.8609	249.04	0.42247	1.9277e-05	0.029547	supercritical
196.00	87.000	243.06	0.0041143	86.007	121.80	4.6568	0.74863	1.8247	250.19	0.42069	1.9232e-05	0.029364	supercritical
197.00	87.000	239.58	0.0041740	87.295	123.61	4.6660	0.74602	1.7909	251.33	0.41880	1.9193e-05	0.029195	supercritical
198.00	87.000	236.25	0.0042328	88.558	125.38	4.6750	0.74352	1.7592	252.46	0.41680	1.9160e-05	0.029041	supercritical
199.00	87.000	233.06	0.0042908	89.798	127.13	4.6838	0.74113	1.7295	253.59	0.41472	1.9133e-05	0.028898	supercritical
200.00	87.000	229.99	0.0043481	91.015	128.84	4.6924	0.73883	1.7016	254.71	0.41256	1.9111e-05	0.028768	supercritical
201.00	87.000	227.04	0.0044045	92.212	130.53	4.7008	0.73662	1.6754	255.82	0.41033	1.9093e-05	0.028647	supercritical
202.00	87.000	224.20	0.0044603	93.390	132.19	4.7091	0.73450	1.6507	256.93	0.40805	1.9080e-05	0.028537	supercritical
203.00	87.000	221.46	0.0045154	94.550	133.83	4.7172	0.73246	1.6274	258.02	0.40572	1.9070e-05	0.028436	supercritical
204.00	87.000	218.83	0.0045698	95.692	135.45	4.7251	0.73050	1.6053	259.11	0.40335	1.9064e-05	0.028344	supercritical
205.00	87.000	216.28	0.0046237	96.819	137.04	4.7329	0.72862	1.5845	260.19	0.40095	1.9062e-05	0.028259	supercritical
206.00	87.000	213.82	0.0046769	97.930	138.62	4.7406	0.72680	1.5647	261.27	0.39851	1.9062e-05	0.028182	supercritical
207.00	87.000	211.43	0.0047296	99.027	140.17	4.7481	0.72506	1.5460	262.33	0.39605	1.9065e-05	0.028111	supercritical
208.00	87.000	209.13	0.0047818	100.11	141.71	4.7555	0.72338	1.5282	263.39	0.39357	1.9071e-05	0.028047	supercritical
209.00	87.000	206.89	0.0048335	101.18	143.23	4.7628	0.72177	1.5113	264.44	0.39107	1.9079e-05	0.027989	supercritical
210.00	87.000	204.72	0.0048846	102.24	144.73	4.7700	0.72021	1.4951	265.48	0.38857	1.9090e-05	0.027937	supercritical
211.00	87.000	202.62	0.0049353	103.28	146.22	4.7770	0.71872	1.4798	266.51	0.38605	1.9103e-05	0.027890	supercritical
212.00	87.000	200.58	0.0049856	104.32	147.69	4.7840	0.71727	1.4651	267.54	0.38353	1.9117e-05	0.027848	supercritical
213.00	87.000	198.60	0.0050354	105.34	149.15	4.7909	0.71588	1.4511	268.55	0.38100	1.9134e-05	0.027810	supercritical
214.00	87.000	196.67	0.0050848	106.36	150.60	4.7976	0.71454	1.4378	269.56	0.37848	1.9152e-05	0.027777	supercritical
215.00	87.000	194.79	0.0051337	107.36	152.03	4.8043	0.71325	1.4250	270.57	0.37595	1.9172e-05	0.027748	supercritical
216.00	87.000	192.96	0.0051823	108.36	153.45	4.8109	0.71200	1.4127	271.56	0.37343	1.9193e-05	0.027723	supercritical
217.00	87.000	191.18	0.0052306	109.35	154.85	4.8174	0.71079	1.4010	272.55	0.37092	1.9216e-05	0.027702	supercritical
218.00	87.000	189.45	0.0052785	110.33	156.25	4.8238	0.70963	1.3897	273.52	0.36840	1.9240e-05	0.027684	supercritical
219.00	87.000	187.76	0.0053260	111.30	157.63	4.8301	0.70851	1.3789	274.50	0.36590	1.9266e-05	0.027670	supercritical
220.00	87.000	186.11	0.0053732	112.26	159.01	4.8364	0.70743	1.3685	275.46	0.36341	1.9292e-05	0.027659	supercritical
221.00	87.000	184.50	0.0054200	113.22	160.37	4.8426	0.70638	1.3585	276.42	0.36092	1.9320e-05	0.027650	supercritical
222.00	87.000	182.93	0.0054666	114.16	161.72	4.8487	0.70537	1.3489	277.37	0.35845	1.9349e-05	0.027645	supercritical
223.00	87.000	181.39	0.0055129	115.11	163.07	4.8547	0.70439	1.3397	278.31	0.35599	1.9379e-05	0.027642	supercritical
224.00	87.000	179.89	0.0055588	116.04	164.40	4.8607	0.70345	1.3308	279.25	0.35354	1.9409e-05	0.027641	supercritical
225.00	87.000	178.43	0.0056045	116.97	165.73	4.8666	0.70253	1.3222	280.18	0.35111	1.9441e-05	0.027643	supercritical
226.00	87.000	176.99	0.0056499	117.89	167.05	4.8725	0.70165	1.3140	281.11	0.34868	1.9473e-05	0.027648	supercritical
227.00	87.000	175.59	0.0056950	118.81	168.36	4.8782	0.70080	1.3060	282.02	0.34628	1.9507e-05	0.027654	supercritical
228.00	87.000	174.22	0.0057399	119.72	169.66	4.8840	0.69997	1.2983	282.94	0.34389	1.9541e-05	0.027663	supercritical
229.00	87.000	172.87	0.0057846	120.63	170.95	4.8896	0.69917	1.2908	283.84	0.34151	1.9575e-05	0.027673	supercritical
230.00	87.000	171.56	0.0058290	121.53	172.24	4.8952	0.69840	1.2837	284.74	0.33915	1.9611e-05	0.027686	supercritical
231.00	87.000	170.27	0.0058731	122.43	173.52	4.9008	0.69765	1.2767	285.63	0.33680	1.9647e-05	0.027700	supercritical
232.00	87.000	169.00	0.0059170	123.32	174.80	4.9063	0.69693	1.2700	286.52	0.33447	1.9683e-05	0.027716	supercritical
233.00	87.000	167.76	0.0059607	124.20	176.06	4.9117	0.69622	1.2635	287.40	0.33216	1.9721e-05	0.027734	supercritical
234.00	87.000	166.55	0.0060042	125.09	177.32	4.9171	0.69555	1.2572	288.28	0.32986	1.9758e-05	0.027753	supercritical
235.00	87.000	165.36	0.0060475	125.96	178.58	4.9225	0.69489	1.2511	289.15	0.32759	1.9797e-05	0.027774	supercritical
236.00	87.000	164.19	0.0060906	126.84	179.82	4.9278	0.69425	1.2452	290.01	0.32532	1.9835e-05	0.027796	supercritical
237.00	87.000	163.04	0.0061334	127.71	181.07	4.9330	0.69364	1.2395	290.87	0.32308	1.9875e-05	0.027820	supercritical
238.00	87.000	161.91	0.0061761	128.57	182.30	4.9383	0.69304	1.2339	291.73	0.32085	1.9914e-05	0.027845	supercritical
239.00	87.000	160.81	0.0062186	129.43	183.53	4.9434	0.69246	1.2285	292.58	0.31864	1.9954e-05	0.027871	supercritical
240.00	87.000	159.72	0.0062609	130.29	184.76	4.9485	0.69191	1.2233	293.42	0.31644	1.9995e-05	0.027899	supercritical
241.00	87.000	158.65	0.0063031	131.14	185.98	4.9536	0.69136	1.2182	294.26	0.31427	2.0036e-05	0.027927	supercritical
242.00	87.000	157.60	0.0063450	132.00	187.20	4.9586	0.69084	1.2133	295.10	0.31211	2.0077e-05	0.027957	supercritical
243.00	87.000	156.57	0.0063868	132.84	188.41	4.9636	0.69033	1.2085	295.92	0.30996	2.0119e-05	0.027988	supercritical
244.00	87.000	155.56	0.0064284	133.69	189.61	4.9686	0.68984	1.2038	296.75	0.30784	2.0160e-05	0.028020	supercritical
245.00	87.000	154.56	0.0064699	134.53	190.82	4.9735	0.68936	1.1993	297.57	0.30573	2.0203e-05	0.028053	supercritical
246.00	87.000	153.58	0.0065112	135.37	192.01	4.9784	0.68890	1.1949	298.38	0.30364	2.0245e-05	0.028087	supercritical
247.00	87.000	152.62	0.0065523	136.20	193.21	4.9832	0.68846	1.1906	299.19	0.30156	2.0288e-05	0.028122	supercritical
248.00	87.000	151.67	0.0065933	137.03	194.39	4.9880	0.68802	1.1864	300.00	0.29950	2.0331e-05	0.028157	supercritical
249.00	87.000	150.74	0.0066341	137.86	195.58	4.9928	0.68760	1.1824	300.80	0.29746	2.0375e-05	0.028194	supercritical
250.00	87.000	149.82	0.0066748	138.69	196.76	4.9975	0.68720	1.1784	301.60	0.29544	2.0418e-05	0.028231	supercritical
251.00	87.000	148.91	0.0067154	139.51	197.94	5.0022	0.68681	1.1746	302.39	0.29343	2.0462e-05	0.028270	supercritical
252.00	87.000	148.02	0.0067558	140.33	199.11	5.0069	0.68643	1.1708	303.18	0.29144	2.0506e-05	0.028309	supercritical
253.00	87.000	147.14	0.0067961	141.15	200.28	5.0115	0.68606	1.1672	303.97	0.28946	2.0551e-05	0.028348	supercritical
254.00	87.000	146.28	0.0068362	141.97	201.44	5.0161	0.68570	1.1636	304.75	0.28750	2.0595e-05	0.028389	supercritical
255.00	87.000	145.43	0.0068762	142.78	202.60	5.0207	0.68536	1.1602	305.52	0.28556	2.0640e-05	0.028430	supercritical
256.00	87.000	144.59	0.0069161	143.59	203.76	5.0252	0.68503	1.1568	306.29	0.28363	2.0685e-05	0.028472	supercritical
257.00	87.000	143.76	0.0069559	144.40	204.92	5.0297	0.68470	1.1535	307.06	0.28172	2.0730e-05	0.028514	supercritical
258.00	87.000	142.95	0.0069956	145.21	206.07	5.0342	0.68439	1.1503	307.83	0.27983	2.0775e-05	0.028558	supercritical
259.00	87.000	142.14	0.0070351	146.01	207.22	5.0386	0.68409	1.1471	308.59	0.27795	2.0820e-05	0.028601	supercritical
260.00	87.000	141.35	0.0070745	146.82	208.36	5.0430	0.68380	1.1441	309.34	0.27608	2.0866e-05	0.028646	supercritical
261.00	87.000	140.57	0.0071138	147.62	209.51	5.0474	0.68352	1.1411	310.10	0.27423	2.0912e-05	0.028690	supercritical
262.00	87.000	139.80	0.0071530	148.42	210.65	5.0518	0.68325	1.1382	310.85	0.27240	2.0958e-05	0.028736	supercritical
263.00	87.000	139.04	0.0071921	149.21	211.78	5.0561	0.68298	1.1353	311.59	0.27058	2.1004e-05	0.028782	supercritical
264.00	87.000	138.29	0.0072311	150.01	212.92	5.0604	0.68273	1.1325	312.34	0.26877	2.1050e-05	0.028828	supercritical
265.00	87.000	137.55	0.0072699	150.80	214.05	5.0647	0.68249	1.1298	313.07	0.26698	2.1096e-05	0.028875	supercritical
266.00	87.000	136.82	0.0073087	151.59	215.18	5.0689	0.68225	1.1271	313.81	0.26521	2.1142e-05	0.028923	supercritical
267.00	87.000	136.10	0.0073473	152.38	216.30	5.0732	0.68203	1.1245	314.54	0.26344	2.1189e-05	0.028971	supercritical
268.00	87.000	135.39	0.0073859	153.17	217.43	5.0774	0.68181	1.1220	315.27	0.26170	2.1235e-05	0.029019	supercritical
269.00	87.000	134.69	0.0074244	153.95	218.55	5.0815	0.68160	1.1195	315.99	0.25997	2.1282e-05	0.029068	supercritical
270.00	87.000	134.00	0.0074628	154.74	219.66	5.0857	0.68139	1.1171	316.72	0.25825	2.1329e-05	0.029117	supercritical
271.00	87.000	133.32	0.0075010	155.52	220.78	5.0898	0.68120	1.1147	317.43	0.25654	2.1376e-05	0.029167	supercritical
272.00	87.000	132.64	0.0075392	156.30	221.89	5.0939	0.68101	1.1124	318.15	0.25485	2.1423e-05	0.029217	supercritical
273.00	87.000	131.97	0.0075773	157.08	223.01	5.0980	0.68083	1.1101	318.86	0.25317	2.1470e-05	0.029267	supercritical
274.00	87.000	131.31	0.0076153	157.86	224.11	5.1021	0.68066	1.1079	319.57	0.25151	2.1517e-05	0.029318	supercritical
275.00	87.000	130.66	0.0076532	158.64	225.22	5.1061	0.68049	1.1057	320.28	0.24986	2.1564e-05	0.029369	supercritical
276.00	87.000	130.02	0.0076911	159.41	226.33	5.1101	0.68034	1.1036	320.98	0.24822	2.1611e-05	0.029420	supercritical
277.00	87.000	129.39	0.0077288	160.19	227.43	5.1141	0.68018	1.1015	321.68	0.24659	2.1659e-05	0.029472	supercritical
278.00	87.000	128.76	0.0077665	160.96	228.53	5.1180	0.68004	1.0995	322.38	0.24498	2.1706e-05	0.029524	supercritical
279.00	87.000	128.14	0.0078041	161.73	229.63	5.1220	0.67990	1.0975	323.07	0.24338	2.1754e-05	0.029577	supercritical
280.00	87.000	127.53	0.0078416	162.50	230.72	5.1259	0.67977	1.0955	323.76	0.24180	2.1801e-05	0.029629	supercritical
281.00	87.000	126.92	0.0078790	163.27	231.82	5.1298	0.67964	1.0936	324.45	0.24022	2.1849e-05	0.029682	supercritical
282.00	87.000	126.32	0.0079164	164.04	232.91	5.1337	0.67952	1.0917	325.13	0.23866	2.1896e-05	0.029736	supercritical
283.00	87.000	125.73	0.0079536	164.81	234.00	5.1376	0.67941	1.0899	325.82	0.23711	2.1944e-05	0.029789	supercritical
284.00	87.000	125.14	0.0079908	165.57	235.09	5.1414	0.67930	1.0881	326.50	0.23557	2.1992e-05	0.029843	supercritical
285.00	87.000	124.56	0.0080280	166.33	236.18	5.1452	0.67920	1.0863	327.17	0.23405	2.2039e-05	0.029897	supercritical
286.00	87.000	123.99	0.0080650	167.10	237.26	5.1490	0.67910	1.0846	327.85	0.23253	2.2087e-05	0.029952	supercritical
287.00	87.000	123.43	0.0081020	167.86	238.35	5.1528	0.67901	1.0829	328.52	0.23103	2.2135e-05	0.030006	supercritical
288.00	87.000	122.87	0.0081389	168.62	239.43	5.1566	0.67893	1.0813	329.19	0.22954	2.2183e-05	0.030061	supercritical
289.00	87.000	122.31	0.0081757	169.38	240.51	5.1603	0.67885	1.0796	329.85	0.22806	2.2231e-05	0.030116	supercritical
290.00	87.000	121.77	0.0082125	170.14	241.59	5.1640	0.67878	1.0780	330.52	0.22659	2.2279e-05	0.030172	supercritical
291.00	87.000	121.22	0.0082492	170.90	242.67	5.1678	0.67871	1.0765	331.18	0.22514	2.2326e-05	0.030227	supercritical
292.00	87.000	120.69	0.0082859	171.65	243.74	5.1714	0.67864	1.0750	331.84	0.22369	2.2374e-05	0.030283	supercritical
293.00	87.000	120.16	0.0083224	172.41	244.82	5.1751	0.67858	1.0735	332.49	0.22226	2.2422e-05	0.030339	supercritical
294.00	87.000	119.63	0.0083590	173.17	245.89	5.1788	0.67853	1.0720	333.15	0.22083	2.2470e-05	0.030395	supercritical
295.00	87.000	119.11	0.0083954	173.92	246.96	5.1824	0.67848	1.0705	333.80	0.21942	2.2518e-05	0.030451	supercritical
296.00	87.000	118.60	0.0084318	174.67	248.03	5.1860	0.67844	1.0691	334.45	0.21802	2.2566e-05	0.030508	supercritical
297.00	87.000	118.09	0.0084681	175.42	249.10	5.1896	0.67840	1.0677	335.09	0.21663	2.2614e-05	0.030564	supercritical
298.00	87.000	117.59	0.0085044	176.18	250.16	5.1932	0.67836	1.0664	335.73	0.21524	2.2663e-05	0.030621	supercritical
299.00	87.000	117.09	0.0085406	176.93	251.23	5.1968	0.67833	1.0651	336.38	0.21387	2.2711e-05	0.030678	supercritical
300.00	87.000	116.59	0.0085768	177.68	252.29	5.2003	0.67831	1.0638	337.02	0.21251	2.2759e-05	0.030735	supercritical
301.00	87.000	116.11	0.0086129	178.43	253.36	5.2039	0.67829	1.0625	337.65	0.21116	2.2807e-05	0.030792	supercritical
302.00	87.000	115.62	0.0086489	179.17	254.42	5.2074	0.67827	1.0612	338.29	0.20982	2.2855e-05	0.030849	supercritical
303.00	87.000	115.14	0.0086849	179.92	255.48	5.2109	0.67826	1.0600	338.92	0.20849	2.2903e-05	0.030906	supercritical
304.00	87.000	114.67	0.0087208	180.67	256.54	5.2144	0.67825	1.0588	339.55	0.20717	2.2951e-05	0.030963	supercritical
305.00	87.000	114.20	0.0087567	181.41	257.60	5.2179	0.67824	1.0576	340.18	0.20586	2.2999e-05	0.031021	supercritical
306.00	87.000	113.73	0.0087925	182.16	258.66	5.2213	0.67824	1.0564	340.80	0.20455	2.3047e-05	0.031078	supercritical
307.00	87.000	113.27	0.0088283	182.90	259.71	5.2248	0.67825	1.0553	341.42	0.20326	2.3095e-05	0.031135	supercritical
308.00	87.000	112.82	0.0088640	183.65	260.77	5.2282	0.67826	1.0542	342.05	0.20198	2.3143e-05	0.031191	supercritical
309.00	87.000	112.36	0.0088997	184.39	261.82	5.2316	0.67827	1.0531	342.66	0.20070	2.3192e-05	0.031244	supercritical
310.00	87.000	111.92	0.0089353	185.13	262.87	5.2350	0.67828	1.0520	343.28	0.19944	2.3240e-05	0.031301	supercritical
311.00	87.000	111.47	0.0089709	185.88	263.92	5.2384	0.67830	1.0509	343.90	0.19818	2.3288e-05	0.031361	supercritical
312.00	87.000	111.03	0.0090064	186.62	264.97	5.2418	0.67833	1.0499	344.51	0.19694	2.3336e-05	0.031422	supercritical
313.00	87.000	110.60	0.0090418	187.36	266.02	5.2451	0.67835	1.0489	345.12	0.19570	2.3384e-05	0.031483	supercritical
314.00	87.000	110.17	0.0090773	188.10	267.07	5.2485	0.67839	1.0479	345.73	0.19447	2.3432e-05	0.031544	supercritical
315.00	87.000	109.74	0.0091126	188.84	268.12	5.2518	0.67842	1.0469	346.33	0.19325	2.3480e-05	0.031605	supercritical
316.00	87.000	109.31	0.0091480	189.58	269.17	5.2551	0.67846	1.0459	346.94	0.19204	2.3528e-05	0.031666	supercritical
317.00	87.000	108.89	0.0091833	190.32	270.21	5.2584	0.67850	1.0450	347.54	0.19083	2.3576e-05	0.031728	supercritical
318.00	87.000	108.48	0.0092185	191.05	271.26	5.2617	0.67854	1.0441	348.14	0.18964	2.3624e-05	0.031789	supercritical
319.00	87.000	108.07	0.0092537	191.79	272.30	5.2650	0.67859	1.0432	348.74	0.18845	2.3672e-05	0.031851	supercritical
320.00	87.000	107.66	0.0092888	192.53	273.34	5.2683	0.67865	1.0423	349.34	0.18727	2.3720e-05	0.031912	supercritical
321.00	87.000	107.25	0.0093239	193.27	274.38	5.2715	0.67870	1.0414	349.93	0.18610	2.3768e-05	0.031974	supercritical
322.00	87.000	106.85	0.0093590	194.00	275.42	5.2748	0.67876	1.0405	350.53	0.18494	2.3816e-05	0.032036	supercritical
323.00	87.000	106.45	0.0093940	194.74	276.46	5.2780	0.67882	1.0397	351.12	0.18379	2.3864e-05	0.032097	supercritical
324.00	87.000	106.06	0.0094290	195.47	277.50	5.2812	0.67889	1.0389	351.71	0.18264	2.3912e-05	0.032159	supercritical
325.00	87.000	105.66	0.0094639	196.21	278.54	5.2844	0.67895	1.0381	352.29	0.18150	2.3960e-05	0.032221	supercritical
326.00	87.000	105.28	0.0094988	196.94	279.58	5.2876	0.67903	1.0373	352.88	0.18037	2.4008e-05	0.032283	supercritical
327.00	87.000	104.89	0.0095337	197.67	280.62	5.2908	0.67910	1.0365	353.46	0.17925	2.4056e-05	0.032345	supercritical
328.00	87.000	104.51	0.0095685	198.41	281.65	5.2939	0.67918	1.0357	354.04	0.17813	2.4104e-05	0.032407	supercritical
329.00	87.000	104.13	0.0096033	199.14	282.69	5.2971	0.67926	1.0350	354.62	0.17703	2.4151e-05	0.032470	supercritical
330.00	87.000	103.76	0.0096380	199.87	283.72	5.3002	0.67934	1.0342	355.20	0.17593	2.4199e-05	0.032532	supercritical
331.00	87.000	103.38	0.0096727	200.60	284.76	5.3033	0.67943	1.0335	355.78	0.17483	2.4247e-05	0.032594	supercritical
332.00	87.000	103.01	0.0097074	201.34	285.79	5.3065	0.67952	1.0328	356.35	0.17375	2.4295e-05	0.032657	supercritical
333.00	87.000	102.65	0.0097420	202.07	286.82	5.3096	0.67961	1.0321	356.93	0.17267	2.4343e-05	0.032719	supercritical
334.00	87.000	102.28	0.0097766	202.80	287.85	5.3127	0.67971	1.0314	357.50	0.17160	2.4390e-05	0.032782	supercritical
335.00	87.000	101.92	0.0098112	203.53	288.89	5.3157	0.67980	1.0308	358.07	0.17054	2.4438e-05	0.032844	supercritical
336.00	87.000	101.57	0.0098457	204.26	289.92	5.3188	0.67990	1.0301	358.64	0.16948	2.4486e-05	0.032907	supercritical
337.00	87.000	101.21	0.0098802	204.99	290.95	5.3219	0.68001	1.0295	359.20	0.16843	2.4533e-05	0.032970	supercritical
338.00	87.000	100.86	0.0099146	205.72	291.97	5.3249	0.68011	1.0288	359.77	0.16739	2.4581e-05	0.033033	supercritical
339.00	87.000	100.51	0.0099490	206.45	293.00	5.3280	0.68022	1.0282	360.33	0.16635	2.4629e-05	0.033095	supercritical
340.00	87.000	100.17	0.0099834	207.18	294.03	5.3310	0.68034	1.0276	360.89	0.16532	2.4676e-05	0.033158	supercritical
341.00	87.000	99.823	0.010018	207.90	295.06	5.3340	0.68045	1.0270	361.45	0.16430	2.4724e-05	0.033221	supercritical
342.00	87.000	99.482	0.010052	208.63	296.09	5.3370	0.68057	1.0264	362.01	0.16329	2.4771e-05	0.033284	supercritical
343.00	87.000	99.144	0.010086	209.36	297.11	5.3400	0.68069	1.0259	362.57	0.16228	2.4819e-05	0.033347	supercritical
344.00	87.000	98.809	0.010121	210.09	298.14	5.3430	0.68081	1.0253	363.12	0.16128	2.4866e-05	0.033410	supercritical
345.00	87.000	98.476	0.010155	210.82	299.16	5.3460	0.68093	1.0247	363.68	0.16028	2.4914e-05	0.033473	supercritical
346.00	87.000	98.146	0.010189	211.54	300.19	5.3489	0.68106	1.0242	364.23	0.15929	2.4961e-05	0.033536	supercritical
347.00	87.000	97.818	0.010223	212.27	301.21	5.3519	0.68119	1.0237	364.78	0.15831	2.5009e-05	0.033600	supercritical
348.00	87.000	97.492	0.010257	213.00	302.23	5.3548	0.68132	1.0232	365.33	0.15733	2.5056e-05	0.033663	supercritical
349.00	87.000	97.169	0.010291	213.72	303.26	5.3578	0.68145	1.0226	365.88	0.15636	2.5104e-05	0.033726	supercritical
350.00	87.000	96.849	0.010325	214.45	304.28	5.3607	0.68159	1.0222	366.42	0.15540	2.5151e-05	0.033789	supercritical
351.00	87.000	96.531	0.010359	215.17	305.30	5.3636	0.68173	1.0217	366.97	0.15444	2.5198e-05	0.033853	supercritical
352.00	87.000	96.215	0.010393	215.90	306.32	5.3665	0.68187	1.0212	367.51	0.15349	2.5245e-05	0.033916	supercritical
353.00	87.000	95.902	0.010427	216.63	307.34	5.3694	0.68202	1.0207	368.05	0.15254	2.5293e-05	0.033979	supercritical
354.00	87.000	95.591	0.010461	217.35	308.36	5.3723	0.68216	1.0203	368.59	0.15160	2.5340e-05	0.034043	supercritical
355.00	87.000	95.282	0.010495	218.08	309.38	5.3752	0.68231	1.0198	369.13	0.15067	2.5387e-05	0.034106	supercritical
356.00	87.000	94.975	0.010529	218.80	310.40	5.3780	0.68246	1.0194	369.67	0.14974	2.5434e-05	0.034170	supercritical
357.00	87.000	94.671	0.010563	219.53	311.42	5.3809	0.68261	1.0189	370.20	0.14882	2.5481e-05	0.034233	supercritical
358.00	87.000	94.369	0.010597	220.25	312.44	5.3837	0.68277	1.0185	370.74	0.14791	2.5528e-05	0.034297	supercritical
359.00	87.000	94.069	0.010631	220.97	313.46	5.3866	0.68292	1.0181	371.27	0.14700	2.5575e-05	0.034360	supercritical
360.00	87.000	93.771	0.010664	221.70	314.48	5.3894	0.68308	1.0177	371.80	0.14609	2.5622e-05	0.034424	supercritical
361.00	87.000	93.475	0.010698	222.42	315.50	5.3922	0.68324	1.0173	372.33	0.14519	2.5669e-05	0.034488	supercritical
362.00	87.000	93.182	0.010732	223.15	316.51	5.3951	0.68341	1.0169	372.86	0.14430	2.5716e-05	0.034551	supercritical
363.00	87.000	92.890	0.010765	223.87	317.53	5.3979	0.68357	1.0165	373.39	0.14341	2.5763e-05	0.034615	supercritical
364.00	87.000	92.600	0.010799	224.59	318.55	5.4007	0.68374	1.0162	373.92	0.14253	2.5810e-05	0.034679	supercritical
365.00	87.000	92.313	0.010833	225.32	319.56	5.4034	0.68391	1.0158	374.44	0.14165	2.5857e-05	0.034742	supercritical
366.00	87.000	92.027	0.010866	226.04	320.58	5.4062	0.68408	1.0154	374.97	0.14078	2.5904e-05	0.034806	supercritical
367.00	87.000	91.744	0.010900	226.76	321.59	5.4090	0.68425	1.0151	375.49	0.13991	2.5951e-05	0.034870	supercritical
368.00	87.000	91.462	0.010933	227.49	322.61	5.4118	0.68443	1.0148	376.01	0.13905	2.5997e-05	0.034934	supercritical
369.00	87.000	91.183	0.010967	228.21	323.62	5.4145	0.68460	1.0144	376.53	0.13820	2.6044e-05	0.034998	supercritical
370.00	87.000	90.905	0.011001	228.93	324.64	5.4173	0.68478	1.0141	377.05	0.13735	2.6091e-05	0.035061	supercritical
371.00	87.000	90.629	0.011034	229.65	325.65	5.4200	0.68496	1.0138	377.56	0.13650	2.6138e-05	0.035125	supercritical
372.00	87.000	90.355	0.011067	230.38	326.66	5.4227	0.68515	1.0135	378.08	0.13566	2.6184e-05	0.035189	supercritical
373.00	87.000	90.083	0.011101	231.10	327.68	5.4254	0.68533	1.0132	378.59	0.13483	2.6231e-05	0.035253	supercritical
374.00	87.000	89.813	0.011134	231.82	328.69	5.4282	0.68552	1.0129	379.11	0.13400	2.6277e-05	0.035317	supercritical
375.00	87.000	89.544	0.011168	232.54	329.70	5.4309	0.68570	1.0126	379.62	0.13317	2.6324e-05	0.035381	supercritical
376.00	87.000	89.277	0.011201	233.27	330.71	5.4336	0.68589	1.0123	380.13	0.13235	2.6370e-05	0.035445	supercritical
377.00	87.000	89.012	0.011234	233.99	331.73	5.4362	0.68609	1.0120	380.64	0.13154	2.6417e-05	0.035509	supercritical
378.00	87.000	88.749	0.011268	234.71	332.74	5.4389	0.68628	1.0118	381.15	0.13073	2.6463e-05	0.035573	supercritical
379.00	87.000	88.488	0.011301	235.43	333.75	5.4416	0.68647	1.0115	381.66	0.12992	2.6510e-05	0.035637	supercritical
380.00	87.000	88.228	0.011334	236.15	334.76	5.4443	0.68667	1.0112	382.16	0.12912	2.6556e-05	0.035701	supercritical
381.00	87.000	87.970	0.011368	236.88	335.77	5.4469	0.68687	1.0110	382.67	0.12833	2.6602e-05	0.035765	supercritical
382.00	87.000	87.713	0.011401	237.60	336.78	5.4496	0.68707	1.0108	383.17	0.12754	2.6649e-05	0.035829	supercritical
383.00	87.000	87.459	0.011434	238.32	337.79	5.4522	0.68727	1.0105	383.67	0.12675	2.6695e-05	0.035893	supercritical
384.00	87.000	87.206	0.011467	239.04	338.81	5.4548	0.68747	1.0103	384.18	0.12597	2.6741e-05	0.035957	supercritical
385.00	87.000	86.954	0.011500	239.76	339.82	5.4575	0.68768	1.0101	384.68	0.12519	2.6787e-05	0.036021	supercritical
386.00	87.000	86.704	0.011533	240.48	340.83	5.4601	0.68788	1.0098	385.17	0.12442	2.6833e-05	0.036085	supercritical
387.00	87.000	86.456	0.011567	241.21	341.83	5.4627	0.68809	1.0096	385.67	0.12365	2.6879e-05	0.036149	supercritical
388.00	87.000	86.209	0.011600	241.93	342.84	5.4653	0.68830	1.0094	386.17	0.12289	2.6926e-05	0.036213	supercritical
389.00	87.000	85.964	0.011633	242.65	343.85	5.4679	0.68851	1.0092	386.67	0.12213	2.6972e-05	0.036277	supercritical
390.00	87.000	85.720	0.011666	243.37	344.86	5.4705	0.68873	1.0090	387.16	0.12138	2.7018e-05	0.036341	supercritical
391.00	87.000	85.478	0.011699	244.09	345.87	5.4731	0.68894	1.0088	387.65	0.12063	2.7064e-05	0.036405	supercritical
392.00	87.000	85.238	0.011732	244.81	346.88	5.4757	0.68915	1.0087	388.15	0.11988	2.7109e-05	0.036469	supercritical
393.00	87.000	84.998	0.011765	245.53	347.89	5.4782	0.68937	1.0085	388.64	0.11914	2.7155e-05	0.036533	supercritical
394.00	87.000	84.761	0.011798	246.26	348.90	5.4808	0.68959	1.0083	389.13	0.11840	2.7201e-05	0.036597	supercritical
395.00	87.000	84.525	0.011831	246.98	349.91	5.4833	0.68981	1.0081	389.62	0.11767	2.7247e-05	0.036662	supercritical
396.00	87.000	84.290	0.011864	247.70	350.91	5.4859	0.69003	1.0080	390.10	0.11694	2.7293e-05	0.036726	supercritical
397.00	87.000	84.057	0.011897	248.42	351.92	5.4884	0.69025	1.0078	390.59	0.11622	2.7339e-05	0.036790	supercritical
398.00	87.000	83.825	0.011930	249.14	352.93	5.4910	0.69048	1.0077	391.08	0.11550	2.7384e-05	0.036854	supercritical
399.00	87.000	83.594	0.011963	249.86	353.94	5.4935	0.69070	1.0075	391.56	0.11478	2.7430e-05	0.036918	supercritical
400.00	87.000	83.365	0.011995	250.58	354.94	5.4960	0.69093	1.0074	392.05	0.11407	2.7476e-05	0.036982	supercritical
401.00	87.000	83.138	0.012028	251.31	355.95	5.4985	0.69116	1.0072	392.53	0.11336	2.7521e-05	0.037046	supercritical
402.00	87.000	82.911	0.012061	252.03	356.96	5.5010	0.69139	1.0071	393.01	0.11266	2.7567e-05	0.037110	supercritical
403.00	87.000	82.686	0.012094	252.75	357.97	5.5035	0.69162	1.0070	393.49	0.11196	2.7612e-05	0.037175	supercritical
404.00	87.000	82.463	0.012127	253.47	358.97	5.5060	0.69185	1.0069	393.97	0.11127	2.7658e-05	0.037239	supercritical
405.00	87.000	82.240	0.012159	254.19	359.98	5.5085	0.69208	1.0067	394.45	0.11057	2.7703e-05	0.037303	supercritical
406.00	87.000	82.019	0.012192	254.91	360.99	5.5110	0.69231	1.0066	394.93	0.10989	2.7749e-05	0.037367	supercritical
407.00	87.000	81.800	0.012225	255.64	361.99	5.5135	0.69255	1.0065	395.40	0.10920	2.7794e-05	0.037431	supercritical
408.00	87.000	81.581	0.012258	256.36	363.00	5.5160	0.69279	1.0064	395.88	0.10852	2.7840e-05	0.037495	supercritical
409.00	87.000	81.364	0.012290	257.08	364.01	5.5184	0.69302	1.0063	396.36	0.10785	2.7885e-05	0.037559	supercritical
410.00	87.000	81.148	0.012323	257.80	365.01	5.5209	0.69326	1.0062	396.83	0.10717	2.7930e-05	0.037623	supercritical
411.00	87.000	80.934	0.012356	258.52	366.02	5.5233	0.69350	1.0061	397.30	0.10651	2.7975e-05	0.037687	supercritical
412.00	87.000	80.720	0.012388	259.24	367.02	5.5258	0.69374	1.0060	397.77	0.10584	2.8021e-05	0.037752	supercritical
413.00	87.000	80.508	0.012421	259.97	368.03	5.5282	0.69399	1.0060	398.24	0.10518	2.8066e-05	0.037816	supercritical
414.00	87.000	80.297	0.012454	260.69	369.04	5.5306	0.69423	1.0059	398.71	0.10452	2.8111e-05	0.037880	supercritical
415.00	87.000	80.087	0.012486	261.41	370.04	5.5331	0.69447	1.0058	399.18	0.10387	2.8156e-05	0.037944	supercritical
416.00	87.000	79.879	0.012519	262.13	371.05	5.5355	0.69472	1.0057	399.65	0.10322	2.8201e-05	0.038008	supercritical
417.00	87.000	79.672	0.012552	262.86	372.05	5.5379	0.69497	1.0057	400.12	0.10257	2.8246e-05	0.038072	supercritical
418.00	87.000	79.465	0.012584	263.58	373.06	5.5403	0.69521	1.0056	400.59	0.10193	2.8291e-05	0.038136	supercritical
419.00	87.000	79.260	0.012617	264.30	374.07	5.5427	0.69546	1.0056	401.05	0.10129	2.8336e-05	0.038200	supercritical
420.00	87.000	79.056	0.012649	265.02	375.07	5.5451	0.69571	1.0055	401.52	0.10065	2.8381e-05	0.038264	supercritical
421.00	87.000	78.854	0.012682	265.75	376.08	5.5475	0.69596	1.0054	401.98	0.10002	2.8426e-05	0.038328	supercritical
422.00	87.000	78.652	0.012714	266.47	377.08	5.5499	0.69621	1.0054	402.44	0.099394	2.8471e-05	0.038393	supercritical
423.00	87.000	78.452	0.012747	267.19	378.09	5.5523	0.69647	1.0054	402.90	0.098769	2.8516e-05	0.038457	supercritical
424.00	87.000	78.252	0.012779	267.91	379.09	5.5546	0.69672	1.0053	403.36	0.098147	2.8560e-05	0.038521	supercritical
425.00	87.000	78.054	0.012812	268.64	380.10	5.5570	0.69698	1.0053	403.82	0.097528	2.8605e-05	0.038585	supercritical
426.00	87.000	77.857	0.012844	269.36	381.10	5.5594	0.69723	1.0052	404.28	0.096913	2.8650e-05	0.038649	supercritical
427.00	87.000	77.661	0.012877	270.08	382.11	5.5617	0.69749	1.0052	404.74	0.096302	2.8695e-05	0.038713	supercritical
428.00	87.000	77.466	0.012909	270.81	383.11	5.5641	0.69774	1.0052	405.20	0.095693	2.8739e-05	0.038777	supercritical
429.00	87.000	77.272	0.012941	271.53	384.12	5.5664	0.69800	1.0052	405.66	0.095088	2.8784e-05	0.038841	supercritical
430.00	87.000	77.079	0.012974	272.25	385.12	5.5688	0.69826	1.0051	406.11	0.094486	2.8828e-05	0.038905	supercritical
431.00	87.000	76.887	0.013006	272.98	386.13	5.5711	0.69852	1.0051	406.57	0.093888	2.8873e-05	0.038969	supercritical
432.00	87.000	76.696	0.013038	273.70	387.13	5.5734	0.69878	1.0051	407.02	0.093293	2.8917e-05	0.039033	supercritical
433.00	87.000	76.506	0.013071	274.42	388.14	5.5758	0.69904	1.0051	407.47	0.092701	2.8962e-05	0.039097	supercritical
434.00	87.000	76.318	0.013103	275.15	389.14	5.5781	0.69931	1.0051	407.92	0.092112	2.9006e-05	0.039161	supercritical
435.00	87.000	76.130	0.013135	275.87	390.15	5.5804	0.69957	1.0051	408.38	0.091526	2.9051e-05	0.039225	supercritical
436.00	87.000	75.943	0.013168	276.59	391.15	5.5827	0.69983	1.0051	408.83	0.090943	2.9095e-05	0.039289	supercritical
437.00	87.000	75.757	0.013200	277.32	392.16	5.5850	0.70010	1.0051	409.28	0.090364	2.9139e-05	0.039353	supercritical
438.00	87.000	75.573	0.013232	278.04	393.16	5.5873	0.70037	1.0051	409.73	0.089788	2.9184e-05	0.039417	supercritical
439.00	87.000	75.389	0.013265	278.77	394.17	5.5896	0.70063	1.0051	410.17	0.089215	2.9228e-05	0.039481	supercritical
440.00	87.000	75.206	0.013297	279.49	395.17	5.5919	0.70090	1.0051	410.62	0.088644	2.9272e-05	0.039545	supercritical
441.00	87.000	75.024	0.013329	280.22	396.18	5.5942	0.70117	1.0051	411.07	0.088077	2.9316e-05	0.039609	supercritical
442.00	87.000	74.843	0.013361	280.94	397.18	5.5964	0.70144	1.0052	411.51	0.087513	2.9361e-05	0.039672	supercritical
443.00	87.000	74.663	0.013394	281.67	398.19	5.5987	0.70171	1.0052	411.96	0.086952	2.9405e-05	0.039736	supercritical
444.00	87.000	74.484	0.013426	282.39	399.20	5.6010	0.70198	1.0052	412.40	0.086394	2.9449e-05	0.039800	supercritical
445.00	87.000	74.306	0.013458	283.12	400.20	5.6032	0.70225	1.0052	412.85	0.085839	2.9493e-05	0.039864	supercritical
446.00	87.000	74.129	0.013490	283.84	401.21	5.6055	0.70252	1.0053	413.29	0.085287	2.9537e-05	0.039928	supercritical
447.00	87.000	73.952	0.013522	284.57	402.21	5.6077	0.70279	1.0053	413.73	0.084737	2.9581e-05	0.039992	supercritical
448.00	87.000	73.777	0.013554	285.29	403.22	5.6100	0.70306	1.0053	414.17	0.084191	2.9625e-05	0.040056	supercritical
449.00	87.000	73.602	0.013587	286.02	404.22	5.6122	0.70334	1.0054	414.61	0.083647	2.9669e-05	0.040119	supercritical
450.00	87.000	73.429	0.013619	286.74	405.23	5.6145	0.70361	1.0054	415.05	0.083107	2.9712e-05	0.040183	supercritical
451.00	87.000	73.256	0.013651	287.47	406.23	5.6167	0.70389	1.0054	415.49	0.082569	2.9756e-05	0.040247	supercritical
452.00	87.000	73.084	0.013683	288.20	407.24	5.6189	0.70416	1.0055	415.93	0.082034	2.9800e-05	0.040311	supercritical
453.00	87.000	72.913	0.013715	288.92	408.24	5.6212	0.70444	1.0055	416.36	0.081502	2.9844e-05	0.040375	supercritical
454.00	87.000	72.743	0.013747	289.65	409.25	5.6234	0.70471	1.0056	416.80	0.080972	2.9887e-05	0.040438	supercritical
455.00	87.000	72.574	0.013779	290.38	410.25	5.6256	0.70499	1.0056	417.24	0.080446	2.9931e-05	0.040502	supercritical
456.00	87.000	72.405	0.013811	291.10	411.26	5.6278	0.70527	1.0057	417.67	0.079922	2.9975e-05	0.040566	supercritical
457.00	87.000	72.238	0.013843	291.83	412.27	5.6300	0.70555	1.0057	418.11	0.079400	3.0018e-05	0.040630	supercritical
458.00	87.000	72.071	0.013875	292.56	413.27	5.6322	0.70583	1.0058	418.54	0.078882	3.0062e-05	0.040693	supercritical
459.00	87.000	71.905	0.013907	293.28	414.28	5.6344	0.70611	1.0059	418.97	0.078366	3.0106e-05	0.040757	supercritical
460.00	87.000	71.740	0.013939	294.01	415.28	5.6366	0.70639	1.0059	419.40	0.077853	3.0149e-05	0.040821	supercritical
461.00	87.000	71.575	0.013971	294.74	416.29	5.6388	0.70667	1.0060	419.84	0.077342	3.0193e-05	0.040885	supercritical
462.00	87.000	71.412	0.014003	295.47	417.30	5.6409	0.70695	1.0061	420.27	0.076834	3.0236e-05	0.040948	supercritical
463.00	87.000	71.249	0.014035	296.20	418.30	5.6431	0.70723	1.0061	420.70	0.076329	3.0279e-05	0.041012	supercritical
464.00	87.000	71.087	0.014067	296.92	419.31	5.6453	0.70751	1.0062	421.13	0.075827	3.0323e-05	0.041076	supercritical
465.00	87.000	70.926	0.014099	297.65	420.31	5.6475	0.70779	1.0063	421.55	0.075327	3.0366e-05	0.041139	supercritical
466.00	87.000	70.766	0.014131	298.38	421.32	5.6496	0.70808	1.0064	421.98	0.074829	3.0409e-05	0.041203	supercritical
467.00	87.000	70.606	0.014163	299.11	422.33	5.6518	0.70836	1.0064	422.41	0.074334	3.0453e-05	0.041266	supercritical
468.00	87.000	70.448	0.014195	299.84	423.33	5.6539	0.70864	1.0065	422.84	0.073842	3.0496e-05	0.041330	supercritical
469.00	87.000	70.290	0.014227	300.57	424.34	5.6561	0.70893	1.0066	423.26	0.073352	3.0539e-05	0.041394	supercritical
470.00	87.000	70.132	0.014259	301.30	425.35	5.6582	0.70921	1.0067	423.69	0.072864	3.0582e-05	0.041457	supercritical
471.00	87.000	69.976	0.014291	302.02	426.35	5.6604	0.70950	1.0068	424.11	0.072379	3.0625e-05	0.041521	supercritical
472.00	87.000	69.820	0.014323	302.75	427.36	5.6625	0.70979	1.0069	424.54	0.071897	3.0669e-05	0.041584	supercritical
473.00	87.000	69.665	0.014354	303.48	428.37	5.6646	0.71007	1.0070	424.96	0.071417	3.0712e-05	0.041648	supercritical
474.00	87.000	69.511	0.014386	304.21	429.37	5.6667	0.71036	1.0070	425.38	0.070939	3.0755e-05	0.041711	supercritical
475.00	87.000	69.357	0.014418	304.94	430.38	5.6689	0.71064	1.0071	425.80	0.070464	3.0798e-05	0.041775	supercritical
476.00	87.000	69.204	0.014450	305.67	431.39	5.6710	0.71093	1.0072	426.22	0.069991	3.0841e-05	0.041838	supercritical
477.00	87.000	69.052	0.014482	306.40	432.40	5.6731	0.71122	1.0073	426.64	0.069521	3.0884e-05	0.041902	supercritical
478.00	87.000	68.901	0.014514	307.13	433.40	5.6752	0.71151	1.0074	427.06	0.069053	3.0926e-05	0.041965	supercritical
479.00	87.000	68.750	0.014545	307.86	434.41	5.6773	0.71180	1.0075	427.48	0.068587	3.0969e-05	0.042028	supercritical
480.00	87.000	68.600	0.014577	308.60	435.42	5.6794	0.71208	1.0076	427.90	0.068124	3.1012e-05	0.042092	supercritical
481.00	87.000	68.451	0.014609	309.33	436.43	5.6815	0.71237	1.0077	428.32	0.067663	3.1055e-05	0.042155	supercritical
482.00	87.000	68.302	0.014641	310.06	437.43	5.6836	0.71266	1.0079	428.74	0.067204	3.1098e-05	0.042219	supercritical
483.00	87.000	68.154	0.014673	310.79	438.44	5.6857	0.71295	1.0080	429.15	0.066747	3.1140e-05	0.042282	supercritical
484.00	87.000	68.007	0.014704	311.52	439.45	5.6878	0.71324	1.0081	429.57	0.066293	3.1183e-05	0.042345	supercritical
485.00	87.000	67.860	0.014736	312.25	440.46	5.6899	0.71353	1.0082	429.99	0.065841	3.1226e-05	0.042409	supercritical
486.00	87.000	67.714	0.014768	312.99	441.47	5.6919	0.71382	1.0083	430.40	0.065392	3.1268e-05	0.042472	supercritical
487.00	87.000	67.569	0.014800	313.72	442.47	5.6940	0.71411	1.0084	430.82	0.064944	3.1311e-05	0.042535	supercritical
488.00	87.000	67.425	0.014831	314.45	443.48	5.6961	0.71440	1.0085	431.23	0.064499	3.1353e-05	0.042599	supercritical
489.00	87.000	67.281	0.014863	315.18	444.49	5.6981	0.71470	1.0086	431.64	0.064056	3.1396e-05	0.042662	supercritical
490.00	87.000	67.138	0.014895	315.92	445.50	5.7002	0.71499	1.0088	432.05	0.063615	3.1439e-05	0.042725	supercritical
491.00	87.000	66.995	0.014926	316.65	446.51	5.7023	0.71528	1.0089	432.47	0.063177	3.1481e-05	0.042788	supercritical
492.00	87.000	66.853	0.014958	317.38	447.52	5.7043	0.71557	1.0090	432.88	0.062740	3.1523e-05	0.042851	supercritical
493.00	87.000	66.712	0.014990	318.11	448.53	5.7064	0.71586	1.0091	433.29	0.062306	3.1566e-05	0.042915	supercritical
494.00	87.000	66.571	0.015022	318.85	449.54	5.7084	0.71616	1.0093	433.70	0.061874	3.1608e-05	0.042978	supercritical
495.00	87.000	66.431	0.015053	319.58	450.55	5.7105	0.71645	1.0094	434.11	0.061444	3.1650e-05	0.043041	supercritical
496.00	87.000	66.292	0.015085	320.32	451.55	5.7125	0.71674	1.0095	434.52	0.061016	3.1693e-05	0.043104	supercritical
497.00	87.000	66.153	0.015117	321.05	452.56	5.7145	0.71703	1.0097	434.92	0.060590	3.1735e-05	0.043167	supercritical
498.00	87.000	66.015	0.015148	321.78	453.57	5.7166	0.71733	1.0098	435.33	0.060166	3.1777e-05	0.043230	supercritical
499.00	87.000	65.877	0.015180	322.52	454.58	5.7186	0.71762	1.0099	435.74	0.059744	3.1819e-05	0.043294	supercritical
500.00	87.000	65.740	0.015211	323.25	455.59	5.7206	0.71792	1.0100	436.15	0.059325	3.1862e-05	0.043357	supercritical
501.00	87.000	65.604	0.015243	323.99	456.60	5.7226	0.71821	1.0102	436.55	0.058907	3.1904e-05	0.043420	supercritical
502.00	87.000	65.468	0.015275	324.72	457.61	5.7246	0.71850	1.0103	436.96	0.058492	3.1946e-05	0.043483	supercritical
503.00	87.000	65.333	0.015306	325.46	458.62	5.7266	0.71880	1.0105	437.36	0.058078	3.1988e-05	0.043546	supercritical
504.00	87.000	65.198	0.015338	326.20	459.64	5.7287	0.71909	1.0106	437.77	0.057666	3.2030e-05	0.043609	supercritical
505.00	87.000	65.064	0.015369	326.93	460.65	5.7307	0.71939	1.0107	438.17	0.057257	3.2072e-05	0.043672	supercritical
506.00	87.000	64.931	0.015401	327.67	461.66	5.7327	0.71968	1.0109	438.57	0.056849	3.2114e-05	0.043735	supercritical
507.00	87.000	64.798	0.015433	328.40	462.67	5.7346	0.71998	1.0110	438.97	0.056444	3.2156e-05	0.043798	supercritical
508.00	87.000	64.666	0.015464	329.14	463.68	5.7366	0.72027	1.0112	439.38	0.056040	3.2198e-05	0.043861	supercritical
509.00	87.000	64.534	0.015496	329.88	464.69	5.7386	0.72057	1.0113	439.78	0.055638	3.2240e-05	0.043924	supercritical
510.00	87.000	64.403	0.015527	330.61	465.70	5.7406	0.72086	1.0115	440.18	0.055238	3.2281e-05	0.043986	supercritical
511.00	87.000	64.272	0.015559	331.35	466.71	5.7426	0.72116	1.0116	440.58	0.054841	3.2323e-05	0.044049	supercritical
512.00	87.000	64.142	0.015590	332.09	467.72	5.7446	0.72145	1.0118	440.98	0.054445	3.2365e-05	0.044112	supercritical
513.00	87.000	64.013	0.015622	332.83	468.74	5.7465	0.72175	1.0119	441.38	0.054050	3.2407e-05	0.044175	supercritical
514.00	87.000	63.884	0.015653	333.56	469.75	5.7485	0.72204	1.0121	441.78	0.053658	3.2448e-05	0.044238	supercritical
515.00	87.000	63.756	0.015685	334.30	470.76	5.7505	0.72234	1.0122	442.18	0.053268	3.2490e-05	0.044301	supercritical
516.00	87.000	63.628	0.015716	335.04	471.77	5.7525	0.72263	1.0124	442.57	0.052879	3.2532e-05	0.044363	supercritical
517.00	87.000	63.501	0.015748	335.78	472.79	5.7544	0.72293	1.0125	442.97	0.052493	3.2573e-05	0.044426	supercritical
518.00	87.000	63.374	0.015779	336.52	473.80	5.7564	0.72322	1.0127	443.37	0.052108	3.2615e-05	0.044489	supercritical
519.00	87.000	63.248	0.015811	337.26	474.81	5.7583	0.72352	1.0128	443.76	0.051725	3.2657e-05	0.044552	supercritical
520.00	87.000	63.122	0.015842	338.00	475.82	5.7603	0.72382	1.0130	444.16	0.051344	3.2698e-05	0.044614	supercritical
521.00	87.000	62.997	0.015874	338.74	476.84	5.7622	0.72411	1.0131	444.55	0.050965	3.2740e-05	0.044677	supercritical
522.00	87.000	62.873	0.015905	339.47	477.85	5.7642	0.72441	1.0133	444.95	0.050587	3.2781e-05	0.044740	supercritical
523.00	87.000	62.749	0.015937	340.21	478.86	5.7661	0.72470	1.0135	445.34	0.050211	3.2822e-05	0.044803	supercritical
524.00	87.000	62.625	0.015968	340.95	479.88	5.7680	0.72500	1.0136	445.74	0.049837	3.2864e-05	0.044865	supercritical
525.00	87.000	62.502	0.016000	341.69	480.89	5.7700	0.72530	1.0138	446.13	0.049465	3.2905e-05	0.044928	supercritical
526.00	87.000	62.379	0.016031	342.44	481.90	5.7719	0.72559	1.0140	446.52	0.049094	3.2947e-05	0.044990	supercritical
527.00	87.000	62.257	0.016062	343.18	482.92	5.7738	0.72589	1.0141	446.91	0.048726	3.2988e-05	0.045053	supercritical
528.00	87.000	62.136	0.016094	343.92	483.93	5.7757	0.72618	1.0143	447.30	0.048359	3.3029e-05	0.045116	supercritical
529.00	87.000	62.015	0.016125	344.66	484.95	5.7777	0.72648	1.0144	447.70	0.047993	3.3070e-05	0.045178	supercritical
530.00	87.000	61.894	0.016157	345.40	485.96	5.7796	0.72678	1.0146	448.09	0.047630	3.3112e-05	0.045241	supercritical
531.00	87.000	61.774	0.016188	346.14	486.98	5.7815	0.72707	1.0148	448.48	0.047268	3.3153e-05	0.045303	supercritical
532.00	87.000	61.655	0.016219	346.88	487.99	5.7834	0.72737	1.0149	448.87	0.046907	3.3194e-05	0.045366	supercritical
533.00	87.000	61.536	0.016251	347.62	489.01	5.7853	0.72766	1.0151	449.26	0.046549	3.3235e-05	0.045428	supercritical
534.00	87.000	61.417	0.016282	348.37	490.02	5.7872	0.72796	1.0153	449.64	0.046192	3.3276e-05	0.045491	supercritical
535.00	87.000	61.299	0.016313	349.11	491.04	5.7891	0.72826	1.0155	450.03	0.045837	3.3317e-05	0.045553	supercritical
536.00	87.000	61.181	0.016345	349.85	492.05	5.7910	0.72855	1.0156	450.42	0.045483	3.3358e-05	0.045616	supercritical
537.00	87.000	61.064	0.016376	350.59	493.07	5.7929	0.72885	1.0158	450.81	0.045131	3.3399e-05	0.045678	supercritical
538.00	87.000	60.948	0.016408	351.34	494.08	5.7948	0.72914	1.0160	451.19	0.044781	3.3440e-05	0.045740	supercritical
539.00	87.000	60.831	0.016439	352.08	495.10	5.7967	0.72944	1.0161	451.58	0.044432	3.3481e-05	0.045803	supercritical
540.00	87.000	60.716	0.016470	352.83	496.12	5.7986	0.72973	1.0163	451.96	0.044085	3.3522e-05	0.045865	supercritical
541.00	87.000	60.600	0.016502	353.57	497.13	5.8004	0.73003	1.0165	452.35	0.043739	3.3563e-05	0.045927	supercritical
542.00	87.000	60.486	0.016533	354.31	498.15	5.8023	0.73033	1.0167	452.73	0.043395	3.3604e-05	0.045990	supercritical
543.00	87.000	60.371	0.016564	355.06	499.17	5.8042	0.73062	1.0169	453.12	0.043053	3.3645e-05	0.046052	supercritical
544.00	87.000	60.257	0.016595	355.80	500.18	5.8061	0.73092	1.0170	453.50	0.042712	3.3685e-05	0.046114	supercritical
545.00	87.000	60.144	0.016627	356.55	501.20	5.8079	0.73121	1.0172	453.89	0.042373	3.3726e-05	0.046177	supercritical
546.00	87.000	60.031	0.016658	357.29	502.22	5.8098	0.73151	1.0174	454.27	0.042035	3.3767e-05	0.046239	supercritical
547.00	87.000	59.918	0.016689	358.04	503.23	5.8117	0.73180	1.0176	454.65	0.041699	3.3807e-05	0.046301	supercritical
548.00	87.000	59.806	0.016721	358.78	504.25	5.8135	0.73210	1.0177	455.03	0.041364	3.3848e-05	0.046363	supercritical
549.00	87.000	59.695	0.016752	359.53	505.27	5.8154	0.73239	1.0179	455.42	0.041031	3.3889e-05	0.046425	supercritical
550.00	87.000	59.583	0.016783	360.27	506.29	5.8172	0.73269	1.0181	455.80	0.040700	3.3929e-05	0.046488	supercritical
551.00	87.000	59.473	0.016814	361.02	507.31	5.8191	0.73298	1.0183	456.18	0.040369	3.3970e-05	0.046550	supercritical
552.00	87.000	59.362	0.016846	361.77	508.32	5.8209	0.73327	1.0185	456.56	0.040041	3.4010e-05	0.046612	supercritical
553.00	87.000	59.252	0.016877	362.51	509.34	5.8228	0.73357	1.0187	456.94	0.039714	3.4051e-05	0.046674	supercritical
554.00	87.000	59.143	0.016908	363.26	510.36	5.8246	0.73386	1.0188	457.32	0.039388	3.4091e-05	0.046736	supercritical
555.00	87.000	59.034	0.016939	364.01	511.38	5.8264	0.73416	1.0190	457.70	0.039064	3.4132e-05	0.046798	supercritical
556.00	87.000	58.925	0.016971	364.75	512.40	5.8283	0.73445	1.0192	458.07	0.038741	3.4172e-05	0.046860	supercritical
557.00	87.000	58.817	0.017002	365.50	513.42	5.8301	0.73474	1.0194	458.45	0.038420	3.4213e-05	0.046922	supercritical
558.00	87.000	58.709	0.017033	366.25	514.44	5.8319	0.73504	1.0196	458.83	0.038100	3.4253e-05	0.046984	supercritical
559.00	87.000	58.602	0.017064	367.00	515.46	5.8338	0.73533	1.0198	459.21	0.037782	3.4293e-05	0.047046	supercritical
560.00	87.000	58.495	0.017096	367.75	516.48	5.8356	0.73562	1.0200	459.58	0.037465	3.4334e-05	0.047108	supercritical
561.00	87.000	58.388	0.017127	368.50	517.50	5.8374	0.73592	1.0201	459.96	0.037149	3.4374e-05	0.047170	supercritical
562.00	87.000	58.282	0.017158	369.24	518.52	5.8392	0.73621	1.0203	460.34	0.036835	3.4414e-05	0.047232	supercritical
563.00	87.000	58.176	0.017189	369.99	519.54	5.8410	0.73650	1.0205	460.71	0.036522	3.4455e-05	0.047294	supercritical
564.00	87.000	58.071	0.017220	370.74	520.56	5.8429	0.73680	1.0207	461.09	0.036211	3.4495e-05	0.047356	supercritical
565.00	87.000	57.966	0.017252	371.49	521.58	5.8447	0.73709	1.0209	461.46	0.035901	3.4535e-05	0.047418	supercritical
566.00	87.000	57.861	0.017283	372.24	522.60	5.8465	0.73738	1.0211	461.83	0.035592	3.4575e-05	0.047480	supercritical
567.00	87.000	57.757	0.017314	372.99	523.62	5.8483	0.73767	1.0213	462.21	0.035285	3.4615e-05	0.047542	supercritical
568.00	87.000	57.653	0.017345	373.74	524.64	5.8501	0.73796	1.0215	462.58	0.034979	3.4655e-05	0.047603	supercritical
569.00	87.000	57.550	0.017376	374.49	525.67	5.8519	0.73826	1.0217	462.95	0.034675	3.4695e-05	0.047665	supercritical
570.00	87.000	57.447	0.017407	375.24	526.69	5.8537	0.73855	1.0218	463.33	0.034371	3.4735e-05	0.047727	supercritical
571.00	87.000	57.344	0.017439	375.99	527.71	5.8554	0.73884	1.0220	463.70	0.034070	3.4775e-05	0.047789	supercritical
572.00	87.000	57.242	0.017470	376.74	528.73	5.8572	0.73913	1.0222	464.07	0.033769	3.4815e-05	0.047850	supercritical
573.00	87.000	57.140	0.017501	377.50	529.75	5.8590	0.73942	1.0224	464.44	0.033470	3.4855e-05	0.047912	supercritical
574.00	87.000	57.039	0.017532	378.25	530.78	5.8608	0.73971	1.0226	464.81	0.033172	3.4895e-05	0.047974	supercritical
575.00	87.000	56.938	0.017563	379.00	531.80	5.8626	0.74000	1.0228	465.18	0.032875	3.4935e-05	0.048036	supercritical
576.00	87.000	56.837	0.017594	379.75	532.82	5.8644	0.74029	1.0230	465.55	0.032580	3.4975e-05	0.048097	supercritical
577.00	87.000	56.736	0.017625	380.50	533.84	5.8661	0.74058	1.0232	465.92	0.032286	3.5015e-05	0.048159	supercritical
578.00	87.000	56.636	0.017656	381.26	534.87	5.8679	0.74087	1.0234	466.29	0.031993	3.5054e-05	0.048220	supercritical
579.00	87.000	56.537	0.017688	382.01	535.89	5.8697	0.74116	1.0236	466.66	0.031702	3.5094e-05	0.048282	supercritical
580.00	87.000	56.438	0.017719	382.76	536.92	5.8714	0.74145	1.0238	467.03	0.031412	3.5134e-05	0.048344	supercritical
581.00	87.000	56.339	0.017750	383.52	537.94	5.8732	0.74174	1.0240	467.40	0.031123	3.5174e-05	0.048405	supercritical
582.00	87.000	56.240	0.017781	384.27	538.96	5.8750	0.74203	1.0242	467.77	0.030835	3.5213e-05	0.048467	supercritical
583.00	87.000	56.142	0.017812	385.02	539.99	5.8767	0.74232	1.0244	468.13	0.030549	3.5253e-05	0.048528	supercritical
584.00	87.000	56.044	0.017843	385.78	541.01	5.8785	0.74261	1.0246	468.50	0.030264	3.5293e-05	0.048590	supercritical
585.00	87.000	55.947	0.017874	386.53	542.04	5.8802	0.74290	1.0248	468.87	0.029980	3.5332e-05	0.048651	supercritical
586.00	87.000	55.850	0.017905	387.29	543.06	5.8820	0.74318	1.0250	469.23	0.029697	3.5372e-05	0.048713	supercritical
587.00	87.000	55.753	0.017936	388.04	544.09	5.8837	0.74347	1.0252	469.60	0.029416	3.5411e-05	0.048774	supercritical
588.00	87.000	55.656	0.017967	388.80	545.11	5.8855	0.74376	1.0254	469.96	0.029135	3.5451e-05	0.048836	supercritical
589.00	87.000	55.560	0.017998	389.55	546.14	5.8872	0.74405	1.0256	470.33	0.028856	3.5490e-05	0.048897	supercritical
590.00	87.000	55.465	0.018029	390.31	547.16	5.8890	0.74433	1.0258	470.69	0.028578	3.5530e-05	0.048959	supercritical
591.00	87.000	55.369	0.018061	391.06	548.19	5.8907	0.74462	1.0260	471.06	0.028302	3.5569e-05	0.049020	supercritical
592.00	87.000	55.274	0.018092	391.82	549.21	5.8924	0.74491	1.0262	471.42	0.028026	3.5609e-05	0.049081	supercritical
593.00	87.000	55.180	0.018123	392.57	550.24	5.8942	0.74519	1.0264	471.78	0.027752	3.5648e-05	0.049143	supercritical
594.00	87.000	55.085	0.018154	393.33	551.27	5.8959	0.74548	1.0265	472.15	0.027479	3.5687e-05	0.049204	supercritical
595.00	87.000	54.991	0.018185	394.09	552.29	5.8976	0.74576	1.0267	472.51	0.027207	3.5727e-05	0.049265	supercritical
596.00	87.000	54.898	0.018216	394.84	553.32	5.8993	0.74605	1.0269	472.87	0.026936	3.5766e-05	0.049327	supercritical
597.00	87.000	54.804	0.018247	395.60	554.35	5.9011	0.74633	1.0271	473.23	0.026666	3.5805e-05	0.049388	supercritical
598.00	87.000	54.711	0.018278	396.36	555.38	5.9028	0.74662	1.0273	473.60	0.026398	3.5844e-05	0.049449	supercritical
599.00	87.000	54.619	0.018309	397.12	556.40	5.9045	0.74690	1.0276	473.96	0.026130	3.5884e-05	0.049510	supercritical
600.00	87.000	54.526	0.018340	397.87	557.43	5.9062	0.74719	1.0278	474.32	0.025864	3.5923e-05	0.049571	supercritical
