Temperature (K)	Pressure (bar)	Density (kg/m3)	Volume (m3/kg)	Internal Energy (kJ/kg)	Enthalpy (kJ/kg)	Entropy (J/g*K)	Cv (J/g*K)	Cp (J/g*K)	Sound Spd. (m/s)	Joule-Thomson (K/bar)	Viscosity (Pa*s)	Therm. Cond. (W/m*K)	Phase
60.000	131.00	1297.2	0.00077089	-186.15	-176.05	2.2234	1.0935	1.6473	1162.6	-0.037793	0.00064010	0.19917	liquid
61.000	131.00	1293.0	0.00077338	-184.54	-174.40	2.2507	1.0862	1.6498	1158.7	-0.037632	0.00061006	0.19788	liquid
62.000	131.00	1288.8	0.00077589	-182.92	-172.75	2.2775	1.0795	1.6518	1154.0	-0.037489	0.00058201	0.19658	liquid
63.000	131.00	1284.6	0.00077843	-181.30	-171.10	2.3040	1.0734	1.6533	1148.9	-0.037362	0.00055581	0.19529	liquid
64.000	131.00	1280.4	0.00078099	-179.68	-169.45	2.3300	1.0677	1.6544	1143.3	-0.037248	0.00053133	0.19399	liquid
65.000	131.00	1276.2	0.00078358	-178.06	-167.79	2.3557	1.0623	1.6551	1137.4	-0.037145	0.00050844	0.19270	liquid
66.000	131.00	1272.0	0.00078619	-176.44	-166.14	2.3809	1.0572	1.6555	1131.2	-0.037050	0.00048702	0.19140	liquid
67.000	131.00	1267.7	0.00078882	-174.81	-164.48	2.4058	1.0522	1.6556	1124.7	-0.036962	0.00046695	0.19011	liquid
68.000	131.00	1263.5	0.00079147	-173.19	-162.83	2.4304	1.0473	1.6554	1118.1	-0.036879	0.00044815	0.18881	liquid
69.000	131.00	1259.2	0.00079414	-171.57	-161.17	2.4545	1.0426	1.6551	1111.4	-0.036799	0.00043051	0.18752	liquid
70.000	131.00	1255.0	0.00079683	-169.95	-159.52	2.4783	1.0379	1.6546	1104.5	-0.036721	0.00041394	0.18623	liquid
71.000	131.00	1250.7	0.00079955	-168.34	-157.86	2.5018	1.0333	1.6540	1097.6	-0.036643	0.00039837	0.18493	liquid
72.000	131.00	1246.4	0.00080228	-166.72	-156.21	2.5249	1.0287	1.6533	1090.6	-0.036565	0.00038372	0.18364	liquid
73.000	131.00	1242.2	0.00080504	-165.10	-154.55	2.5477	1.0242	1.6525	1083.6	-0.036485	0.00036993	0.18235	liquid
74.000	131.00	1237.9	0.00080782	-163.49	-152.90	2.5702	1.0198	1.6518	1076.5	-0.036403	0.00035693	0.18106	liquid
75.000	131.00	1233.6	0.00081062	-161.87	-151.25	2.5924	1.0154	1.6510	1069.4	-0.036317	0.00034467	0.17976	liquid
76.000	131.00	1229.3	0.00081345	-160.26	-149.60	2.6142	1.0110	1.6502	1062.3	-0.036227	0.00033309	0.17847	liquid
77.000	131.00	1225.0	0.00081630	-158.64	-147.95	2.6358	1.0066	1.6495	1055.2	-0.036132	0.00032214	0.17718	liquid
78.000	131.00	1220.7	0.00081917	-157.03	-146.30	2.6571	1.0024	1.6487	1048.1	-0.036032	0.00031178	0.17589	liquid
79.000	131.00	1216.4	0.00082207	-155.42	-144.65	2.6781	0.99809	1.6481	1040.9	-0.035926	0.00030197	0.17459	liquid
80.000	131.00	1212.1	0.00082499	-153.81	-143.01	2.6988	0.99388	1.6475	1033.8	-0.035814	0.00029267	0.17330	liquid
81.000	131.00	1207.8	0.00082794	-152.20	-141.36	2.7193	0.98971	1.6470	1026.7	-0.035696	0.00028384	0.17201	liquid
82.000	131.00	1203.5	0.00083092	-150.60	-139.71	2.7395	0.98558	1.6466	1019.6	-0.035570	0.00027546	0.17071	liquid
83.000	131.00	1199.2	0.00083392	-148.99	-138.07	2.7594	0.98149	1.6462	1012.5	-0.035436	0.00026748	0.16942	liquid
84.000	131.00	1194.8	0.00083696	-147.38	-136.42	2.7792	0.97745	1.6460	1005.4	-0.035295	0.00025989	0.16813	liquid
85.000	131.00	1190.4	0.00084002	-145.78	-134.77	2.7986	0.97346	1.6458	998.26	-0.035146	0.00025266	0.16683	liquid
86.000	131.00	1186.1	0.00084311	-144.17	-133.13	2.8179	0.96951	1.6458	991.17	-0.034989	0.00024577	0.16553	liquid
87.000	131.00	1181.7	0.00084624	-142.57	-131.48	2.8369	0.96561	1.6458	984.09	-0.034822	0.00023919	0.16424	liquid
88.000	131.00	1177.3	0.00084939	-140.96	-129.84	2.8557	0.96176	1.6460	977.01	-0.034647	0.00023290	0.16294	liquid
89.000	131.00	1172.9	0.00085258	-139.36	-128.19	2.8743	0.95795	1.6463	969.94	-0.034463	0.00022689	0.16164	liquid
90.000	131.00	1168.5	0.00085580	-137.75	-126.54	2.8927	0.95419	1.6467	962.88	-0.034269	0.00022113	0.16035	liquid
91.000	131.00	1164.1	0.00085906	-136.15	-124.90	2.9109	0.95048	1.6472	955.82	-0.034066	0.00021562	0.15905	liquid
92.000	131.00	1159.6	0.00086235	-134.55	-123.25	2.9289	0.94682	1.6478	948.77	-0.033852	0.00021033	0.15775	liquid
93.000	131.00	1155.2	0.00086568	-132.94	-121.60	2.9467	0.94320	1.6486	941.72	-0.033629	0.00020526	0.15645	liquid
94.000	131.00	1150.7	0.00086904	-131.34	-119.95	2.9644	0.93963	1.6495	934.67	-0.033395	0.00020038	0.15515	liquid
95.000	131.00	1146.2	0.00087245	-129.73	-118.30	2.9818	0.93611	1.6504	927.63	-0.033150	0.00019570	0.15385	liquid
96.000	131.00	1141.7	0.00087589	-128.12	-116.65	2.9991	0.93264	1.6516	920.58	-0.032894	0.00019119	0.15254	liquid
97.000	131.00	1137.2	0.00087938	-126.52	-115.00	3.0162	0.92921	1.6528	913.54	-0.032627	0.00018685	0.15124	liquid
98.000	131.00	1132.6	0.00088290	-124.91	-113.34	3.0332	0.92583	1.6542	906.50	-0.032348	0.00018266	0.14994	liquid
99.000	131.00	1128.1	0.00088648	-123.30	-111.69	3.0500	0.92249	1.6556	899.46	-0.032058	0.00017862	0.14864	liquid
100.00	131.00	1123.5	0.00089009	-121.69	-110.03	3.0666	0.91920	1.6573	892.41	-0.031755	0.00017472	0.14733	liquid
101.00	131.00	1118.9	0.00089375	-120.08	-108.38	3.0831	0.91596	1.6590	885.37	-0.031440	0.00017095	0.14603	liquid
102.00	131.00	1114.3	0.00089746	-118.47	-106.72	3.0995	0.91276	1.6609	878.32	-0.031111	0.00016731	0.14473	liquid
103.00	131.00	1109.6	0.00090122	-116.86	-105.05	3.1157	0.90960	1.6629	871.26	-0.030770	0.00016379	0.14342	liquid
104.00	131.00	1104.9	0.00090503	-115.25	-103.39	3.1318	0.90649	1.6650	864.21	-0.030414	0.00016037	0.14212	liquid
105.00	131.00	1100.2	0.00090889	-113.63	-101.72	3.1477	0.90342	1.6673	857.14	-0.030045	0.00015707	0.14081	liquid
106.00	131.00	1095.5	0.00091280	-112.01	-100.06	3.1636	0.90039	1.6697	850.08	-0.029661	0.00015386	0.13951	liquid
107.00	131.00	1090.8	0.00091676	-110.39	-98.384	3.1792	0.89740	1.6722	843.00	-0.029263	0.00015074	0.13821	liquid
108.00	131.00	1086.0	0.00092079	-108.77	-96.711	3.1948	0.89446	1.6749	835.92	-0.028848	0.00014772	0.13690	liquid
109.00	131.00	1081.2	0.00092487	-107.15	-95.034	3.2103	0.89156	1.6777	828.83	-0.028418	0.00014478	0.13560	liquid
110.00	131.00	1076.4	0.00092901	-105.53	-93.355	3.2256	0.88870	1.6807	821.74	-0.027972	0.00014193	0.13429	liquid
111.00	131.00	1071.6	0.00093321	-103.90	-91.673	3.2408	0.88588	1.6838	814.63	-0.027508	0.00013915	0.13299	liquid
112.00	131.00	1066.7	0.00093748	-102.27	-89.988	3.2559	0.88310	1.6871	807.52	-0.027027	0.00013644	0.13169	liquid
113.00	131.00	1061.8	0.00094181	-100.64	-88.299	3.2709	0.88036	1.6905	800.40	-0.026528	0.00013381	0.13039	liquid
114.00	131.00	1056.8	0.00094621	-99.002	-86.606	3.2859	0.87766	1.6941	793.26	-0.026009	0.00013124	0.12910	liquid
115.00	131.00	1051.9	0.00095068	-97.364	-84.910	3.3007	0.87500	1.6979	786.12	-0.025472	0.00012873	0.12781	liquid
116.00	131.00	1046.9	0.00095523	-95.724	-83.211	3.3154	0.87239	1.7018	778.96	-0.024914	0.00012629	0.12651	liquid
117.00	131.00	1041.8	0.00095984	-94.081	-81.507	3.3300	0.86981	1.7059	771.79	-0.024335	0.00012391	0.12522	liquid
118.00	131.00	1036.8	0.00096454	-92.434	-79.799	3.3445	0.86727	1.7101	764.61	-0.023734	0.00012158	0.12393	liquid
119.00	131.00	1031.7	0.00096931	-90.784	-78.086	3.3590	0.86477	1.7146	757.41	-0.023110	0.00011930	0.12264	liquid
120.00	131.00	1026.5	0.00097417	-89.131	-76.370	3.3734	0.86231	1.7193	750.21	-0.022463	0.00011707	0.12135	liquid
121.00	131.00	1021.3	0.00097911	-87.474	-74.648	3.3877	0.85989	1.7241	742.98	-0.021791	0.00011490	0.12007	liquid
122.00	131.00	1016.1	0.00098414	-85.814	-72.921	3.4019	0.85751	1.7291	735.75	-0.021094	0.00011277	0.11878	liquid
123.00	131.00	1010.8	0.00098927	-84.149	-71.190	3.4160	0.85517	1.7344	728.49	-0.020370	0.00011068	0.11750	liquid
124.00	131.00	1005.5	0.00099449	-82.480	-69.452	3.4301	0.85287	1.7399	721.23	-0.019618	0.00010864	0.11622	liquid
125.00	131.00	1000.2	0.00099980	-80.807	-67.710	3.4441	0.85060	1.7456	713.94	-0.018838	0.00010664	0.11494	liquid
126.00	131.00	994.80	0.0010052	-79.130	-65.961	3.4580	0.84838	1.7515	706.64	-0.018027	0.00010468	0.11366	liquid
127.00	131.00	989.36	0.0010107	-77.448	-64.207	3.4719	0.84620	1.7576	699.33	-0.017185	0.00010276	0.11239	liquid
128.00	131.00	983.88	0.0010164	-75.761	-62.446	3.4857	0.84406	1.7641	691.99	-0.016310	0.00010088	0.11112	liquid
129.00	131.00	978.34	0.0010221	-74.069	-60.679	3.4994	0.84197	1.7707	684.64	-0.015401	9.9027e-05	0.10985	liquid
130.00	131.00	972.76	0.0010280	-72.371	-58.904	3.5131	0.83991	1.7777	677.27	-0.014455	9.7214e-05	0.10859	liquid
131.00	131.00	967.12	0.0010340	-70.668	-57.123	3.5268	0.83789	1.7849	669.88	-0.013473	9.5434e-05	0.10733	liquid
132.00	131.00	961.42	0.0010401	-68.960	-55.334	3.5404	0.83592	1.7925	662.47	-0.012450	9.3687e-05	0.10607	liquid
133.00	131.00	955.68	0.0010464	-67.246	-53.538	3.5539	0.83399	1.8003	655.04	-0.011387	9.1971e-05	0.10482	liquid
134.00	131.00	949.87	0.0010528	-65.525	-51.734	3.5675	0.83211	1.8085	647.60	-0.010280	9.0285e-05	0.10357	liquid
135.00	131.00	944.00	0.0010593	-63.798	-49.921	3.5809	0.83027	1.8170	640.13	-0.0091276	8.8629e-05	0.10232	liquid
136.00	131.00	938.07	0.0010660	-62.064	-48.100	3.5944	0.82847	1.8258	632.64	-0.0079278	8.7001e-05	0.10108	liquid
137.00	131.00	932.08	0.0010729	-60.324	-46.269	3.6078	0.82672	1.8350	625.14	-0.0066780	8.5401e-05	0.099842	liquid
138.00	131.00	926.02	0.0010799	-58.576	-44.429	3.6212	0.82502	1.8446	617.61	-0.0053757	8.3828e-05	0.098608	liquid
139.00	131.00	919.89	0.0010871	-56.821	-42.580	3.6345	0.82336	1.8546	610.06	-0.0040183	8.2281e-05	0.097380	liquid
140.00	131.00	913.69	0.0010945	-55.057	-40.720	3.6478	0.82175	1.8651	602.50	-0.0026027	8.0759e-05	0.096156	liquid
141.00	131.00	907.41	0.0011020	-53.286	-38.849	3.6612	0.82019	1.8759	594.91	-0.0011261	7.9262e-05	0.094937	liquid
142.00	131.00	901.06	0.0011098	-51.506	-36.968	3.6745	0.81868	1.8873	587.30	0.00041487	7.7789e-05	0.093724	liquid
143.00	131.00	894.63	0.0011178	-49.718	-35.075	3.6877	0.81722	1.8991	579.67	0.0020236	7.6340e-05	0.092516	liquid
144.00	131.00	888.12	0.0011260	-47.920	-33.170	3.7010	0.81582	1.9114	572.03	0.0037036	7.4913e-05	0.091314	liquid
145.00	131.00	881.52	0.0011344	-46.112	-31.252	3.7143	0.81446	1.9243	564.36	0.0054589	7.3509e-05	0.090117	liquid
146.00	131.00	874.83	0.0011431	-44.295	-29.321	3.7276	0.81317	1.9378	556.68	0.0072936	7.2126e-05	0.088927	liquid
147.00	131.00	868.05	0.0011520	-42.467	-27.376	3.7408	0.81192	1.9518	548.98	0.0092119	7.0765e-05	0.087743	liquid
148.00	131.00	861.18	0.0011612	-40.629	-25.417	3.7541	0.81074	1.9664	541.26	0.011219	6.9424e-05	0.086565	liquid
149.00	131.00	854.21	0.0011707	-38.779	-23.443	3.7674	0.80961	1.9817	533.53	0.013318	6.8103e-05	0.085395	liquid
150.00	131.00	847.13	0.0011805	-36.917	-21.453	3.7807	0.80855	1.9977	525.79	0.015517	6.6802e-05	0.084231	liquid
151.00	131.00	839.94	0.0011906	-35.044	-19.447	3.7941	0.80754	2.0144	518.04	0.017819	6.5521e-05	0.083074	liquid
152.00	131.00	832.65	0.0012010	-33.157	-17.424	3.8074	0.80660	2.0318	510.28	0.020230	6.4258e-05	0.081924	liquid
153.00	131.00	825.24	0.0012118	-31.258	-15.383	3.8208	0.80572	2.0500	502.51	0.022757	6.3014e-05	0.080782	liquid
154.00	131.00	817.71	0.0012229	-29.344	-13.324	3.8342	0.80490	2.0690	494.74	0.025406	6.1788e-05	0.079648	liquid
155.00	131.00	810.05	0.0012345	-27.417	-11.245	3.8477	0.80415	2.0889	486.97	0.028184	6.0580e-05	0.078521	supercritical
156.00	131.00	802.27	0.0012465	-25.475	-9.1460	3.8612	0.80346	2.1096	479.21	0.031097	5.9389e-05	0.077403	supercritical
157.00	131.00	794.35	0.0012589	-23.517	-7.0257	3.8747	0.80284	2.1312	471.46	0.034153	5.8215e-05	0.076293	supercritical
158.00	131.00	786.30	0.0012718	-21.544	-4.8833	3.8883	0.80228	2.1537	463.72	0.037360	5.7058e-05	0.075191	supercritical
159.00	131.00	778.10	0.0012852	-19.554	-2.7179	3.9020	0.80179	2.1772	456.01	0.040724	5.5918e-05	0.074098	supercritical
160.00	131.00	769.75	0.0012991	-17.547	-0.52860	3.9157	0.80136	2.2016	448.33	0.044254	5.4793e-05	0.073014	supercritical
161.00	131.00	761.26	0.0013136	-15.523	1.6857	3.9295	0.80099	2.2270	440.68	0.047957	5.3685e-05	0.071938	supercritical
162.00	131.00	752.61	0.0013287	-13.480	3.9258	3.9434	0.80068	2.2534	433.08	0.051842	5.2593e-05	0.070872	supercritical
163.00	131.00	743.80	0.0013445	-11.420	6.1928	3.9573	0.80042	2.2807	425.54	0.055915	5.1516e-05	0.069814	supercritical
164.00	131.00	734.82	0.0013609	-9.3399	8.4875	3.9713	0.80021	2.3089	418.06	0.060184	5.0455e-05	0.068766	supercritical
165.00	131.00	725.68	0.0013780	-7.2410	10.811	3.9855	0.80005	2.3380	410.65	0.064655	4.9410e-05	0.067727	supercritical
166.00	131.00	716.38	0.0013959	-5.1227	13.164	3.9997	0.79993	2.3677	403.34	0.069334	4.8380e-05	0.066698	supercritical
167.00	131.00	706.90	0.0014146	-2.9850	15.547	4.0140	0.79985	2.3981	396.13	0.074224	4.7365e-05	0.065678	supercritical
168.00	131.00	697.26	0.0014342	-0.82776	17.960	4.0284	0.79979	2.4289	389.04	0.079327	4.6366e-05	0.064667	supercritical
169.00	131.00	687.45	0.0014546	1.3486	20.405	4.0429	0.79974	2.4600	382.08	0.084645	4.5383e-05	0.063666	supercritical
170.00	131.00	677.48	0.0014761	3.5437	22.880	4.0575	0.79971	2.4910	375.27	0.090174	4.4417e-05	0.062675	supercritical
171.00	131.00	667.35	0.0014985	5.7566	25.386	4.0722	0.79967	2.5216	368.63	0.095909	4.3466e-05	0.061693	supercritical
172.00	131.00	657.08	0.0015219	7.9863	27.923	4.0870	0.79963	2.5515	362.17	0.10184	4.2533e-05	0.060722	supercritical
173.00	131.00	646.67	0.0015464	10.231	30.489	4.1019	0.79956	2.5803	355.92	0.10796	4.1618e-05	0.059760	supercritical
174.00	131.00	636.14	0.0015720	12.490	33.083	4.1168	0.79947	2.6076	349.88	0.11425	4.0721e-05	0.058808	supercritical
175.00	131.00	625.51	0.0015987	14.761	35.704	4.1319	0.79933	2.6328	344.08	0.12070	3.9844e-05	0.057867	supercritical
176.00	131.00	614.79	0.0016266	17.040	38.348	4.1469	0.79915	2.6557	338.53	0.12728	3.8987e-05	0.056937	supercritical
177.00	131.00	604.01	0.0016556	19.326	41.014	4.1620	0.79890	2.6757	333.25	0.13397	3.8151e-05	0.056017	supercritical
178.00	131.00	593.20	0.0016858	21.615	43.698	4.1772	0.79858	2.6924	328.24	0.14075	3.7337e-05	0.055110	supercritical
179.00	131.00	582.37	0.0017171	23.903	46.398	4.1923	0.79817	2.7056	323.52	0.14758	3.6546e-05	0.054215	supercritical
180.00	131.00	571.57	0.0017496	26.189	49.108	4.2074	0.79767	2.7148	319.09	0.15443	3.5779e-05	0.053334	supercritical
181.00	131.00	560.81	0.0017831	28.467	51.826	4.2224	0.79707	2.7199	314.95	0.16129	3.5038e-05	0.052467	supercritical
182.00	131.00	550.14	0.0018177	30.734	54.547	4.2374	0.79635	2.7207	311.11	0.16810	3.4322e-05	0.051615	supercritical
183.00	131.00	539.57	0.0018533	32.987	57.266	4.2523	0.79551	2.7170	307.56	0.17484	3.3633e-05	0.050779	supercritical
184.00	131.00	529.13	0.0018899	35.222	59.979	4.2671	0.79455	2.7088	304.30	0.18147	3.2971e-05	0.049960	supercritical
185.00	131.00	518.86	0.0019273	37.435	62.682	4.2818	0.79346	2.6962	301.33	0.18796	3.2336e-05	0.049160	supercritical
186.00	131.00	508.78	0.0019655	39.622	65.370	4.2962	0.79223	2.6793	298.64	0.19428	3.1730e-05	0.048379	supercritical
187.00	131.00	498.91	0.0020044	41.782	68.039	4.3106	0.79088	2.6584	296.21	0.20039	3.1151e-05	0.047620	supercritical
188.00	131.00	489.27	0.0020439	43.911	70.686	4.3247	0.78941	2.6338	294.04	0.20626	3.0601e-05	0.046881	supercritical
189.00	131.00	479.88	0.0020839	46.007	73.306	4.3386	0.78782	2.6058	292.11	0.21188	3.0079e-05	0.046166	supercritical
190.00	131.00	470.74	0.0021243	48.068	75.896	4.3522	0.78613	2.5750	290.41	0.21723	2.9584e-05	0.045474	supercritical
191.00	131.00	461.88	0.0021651	50.092	78.455	4.3657	0.78435	2.5417	288.93	0.22229	2.9116e-05	0.044807	supercritical
192.00	131.00	453.29	0.0022061	52.079	80.979	4.3789	0.78248	2.5066	287.65	0.22706	2.8675e-05	0.044164	supercritical
193.00	131.00	444.97	0.0022473	54.028	83.468	4.3918	0.78054	2.4699	286.56	0.23153	2.8259e-05	0.043546	supercritical
194.00	131.00	436.94	0.0022886	55.938	85.919	4.4045	0.77854	2.4322	285.65	0.23569	2.7868e-05	0.042953	supercritical
195.00	131.00	429.19	0.0023300	57.809	88.332	4.4169	0.77649	2.3939	284.89	0.23956	2.7500e-05	0.042386	supercritical
196.00	131.00	421.70	0.0023713	59.642	90.706	4.4290	0.77441	2.3553	284.27	0.24314	2.7155e-05	0.041843	supercritical
197.00	131.00	414.49	0.0024126	61.437	93.042	4.4409	0.77231	2.3167	283.79	0.24643	2.6831e-05	0.041325	supercritical
198.00	131.00	407.54	0.0024538	63.196	95.340	4.4525	0.77019	2.2785	283.43	0.24945	2.6527e-05	0.040831	supercritical
199.00	131.00	400.84	0.0024948	64.918	97.600	4.4639	0.76806	2.2407	283.18	0.25220	2.6243e-05	0.040360	supercritical
200.00	131.00	394.38	0.0025356	66.605	99.822	4.4750	0.76594	2.2036	283.03	0.25470	2.5977e-05	0.039912	supercritical
201.00	131.00	388.16	0.0025763	68.258	102.01	4.4859	0.76382	2.1673	282.97	0.25696	2.5729e-05	0.039485	supercritical
202.00	131.00	382.17	0.0026167	69.878	104.16	4.4966	0.76172	2.1318	282.99	0.25899	2.5496e-05	0.039080	supercritical
203.00	131.00	376.39	0.0026568	71.466	106.27	4.5071	0.75965	2.0974	283.08	0.26080	2.5278e-05	0.038695	supercritical
204.00	131.00	370.82	0.0026967	73.024	108.35	4.5173	0.75759	2.0640	283.24	0.26241	2.5075e-05	0.038330	supercritical
205.00	131.00	365.45	0.0027364	74.553	110.40	4.5273	0.75557	2.0317	283.46	0.26383	2.4886e-05	0.037983	supercritical
206.00	131.00	360.27	0.0027757	76.053	112.42	4.5371	0.75358	2.0004	283.73	0.26506	2.4708e-05	0.037653	supercritical
207.00	131.00	355.27	0.0028148	77.527	114.40	4.5467	0.75163	1.9702	284.05	0.26612	2.4543e-05	0.037341	supercritical
208.00	131.00	350.44	0.0028536	78.974	116.36	4.5561	0.74971	1.9411	284.41	0.26702	2.4389e-05	0.037045	supercritical
209.00	131.00	345.77	0.0028921	80.397	118.28	4.5654	0.74783	1.9131	284.81	0.26777	2.4245e-05	0.036764	supercritical
210.00	131.00	341.27	0.0029303	81.796	120.18	4.5745	0.74600	1.8860	285.25	0.26838	2.4111e-05	0.036497	supercritical
211.00	131.00	336.91	0.0029682	83.172	122.06	4.5834	0.74420	1.8600	285.72	0.26885	2.3986e-05	0.036245	supercritical
212.00	131.00	332.69	0.0030058	84.527	123.90	4.5921	0.74244	1.8350	286.22	0.26920	2.3869e-05	0.036005	supercritical
213.00	131.00	328.61	0.0030431	85.861	125.73	4.6007	0.74073	1.8109	286.75	0.26943	2.3761e-05	0.035779	supercritical
214.00	131.00	324.65	0.0030802	87.174	127.52	4.6091	0.73906	1.7877	287.30	0.26955	2.3660e-05	0.035564	supercritical
215.00	131.00	320.82	0.0031170	88.469	129.30	4.6174	0.73743	1.7654	287.87	0.26957	2.3566e-05	0.035360	supercritical
216.00	131.00	317.11	0.0031535	89.746	131.06	4.6255	0.73585	1.7440	288.46	0.26950	2.3479e-05	0.035167	supercritical
217.00	131.00	313.51	0.0031897	91.005	132.79	4.6335	0.73431	1.7233	289.06	0.26934	2.3398e-05	0.034985	supercritical
218.00	131.00	310.02	0.0032256	92.247	134.50	4.6414	0.73280	1.7035	289.69	0.26909	2.3323e-05	0.034812	supercritical
219.00	131.00	306.62	0.0032613	93.473	136.20	4.6492	0.73134	1.6844	290.32	0.26877	2.3254e-05	0.034648	supercritical
220.00	131.00	303.33	0.0032968	94.684	137.87	4.6568	0.72992	1.6660	290.97	0.26838	2.3190e-05	0.034493	supercritical
221.00	131.00	300.12	0.0033320	95.880	139.53	4.6643	0.72853	1.6483	291.63	0.26791	2.3131e-05	0.034346	supercritical
222.00	131.00	297.01	0.0033669	97.062	141.17	4.6717	0.72719	1.6312	292.30	0.26739	2.3077e-05	0.034208	supercritical
223.00	131.00	293.98	0.0034016	98.231	142.79	4.6790	0.72588	1.6148	292.97	0.26681	2.3027e-05	0.034077	supercritical
224.00	131.00	291.03	0.0034360	99.386	144.40	4.6862	0.72461	1.5989	293.66	0.26617	2.2981e-05	0.033953	supercritical
225.00	131.00	288.16	0.0034703	100.53	145.99	4.6933	0.72338	1.5837	294.35	0.26548	2.2940e-05	0.033836	supercritical
226.00	131.00	285.37	0.0035043	101.66	147.57	4.7003	0.72217	1.5690	295.05	0.26475	2.2902e-05	0.033725	supercritical
227.00	131.00	282.64	0.0035380	102.78	149.13	4.7072	0.72101	1.5548	295.76	0.26397	2.2867e-05	0.033621	supercritical
228.00	131.00	279.99	0.0035716	103.89	150.68	4.7140	0.71988	1.5411	296.47	0.26315	2.2836e-05	0.033522	supercritical
229.00	131.00	277.40	0.0036049	104.99	152.21	4.7207	0.71877	1.5278	297.18	0.26230	2.2808e-05	0.033429	supercritical
230.00	131.00	274.87	0.0036381	106.07	153.73	4.7273	0.71771	1.5151	297.90	0.26141	2.2784e-05	0.033342	supercritical
231.00	131.00	272.40	0.0036710	107.15	155.24	4.7339	0.71667	1.5027	298.62	0.26049	2.2762e-05	0.033260	supercritical
232.00	131.00	270.00	0.0037038	108.22	156.74	4.7403	0.71566	1.4908	299.34	0.25954	2.2742e-05	0.033183	supercritical
233.00	131.00	267.64	0.0037363	109.28	158.22	4.7467	0.71468	1.4793	300.07	0.25856	2.2726e-05	0.033110	supercritical
234.00	131.00	265.35	0.0037687	110.33	159.70	4.7530	0.71372	1.4681	300.80	0.25755	2.2711e-05	0.033042	supercritical
235.00	131.00	263.10	0.0038008	111.37	161.16	4.7593	0.71280	1.4574	301.53	0.25652	2.2700e-05	0.032978	supercritical
236.00	131.00	260.90	0.0038328	112.40	162.61	4.7654	0.71190	1.4469	302.26	0.25548	2.2690e-05	0.032919	supercritical
237.00	131.00	258.76	0.0038646	113.43	164.05	4.7715	0.71103	1.4368	302.99	0.25441	2.2682e-05	0.032863	supercritical
238.00	131.00	256.65	0.0038963	114.44	165.48	4.7775	0.71018	1.4270	303.72	0.25332	2.2677e-05	0.032811	supercritical
239.00	131.00	254.60	0.0039278	115.45	166.91	4.7835	0.70936	1.4176	304.46	0.25222	2.2673e-05	0.032763	supercritical
240.00	131.00	252.58	0.0039591	116.46	168.32	4.7894	0.70856	1.4084	305.19	0.25110	2.2672e-05	0.032718	supercritical
241.00	131.00	250.61	0.0039902	117.45	169.72	4.7952	0.70778	1.3995	305.92	0.24997	2.2672e-05	0.032676	supercritical
242.00	131.00	248.68	0.0040212	118.44	171.12	4.8010	0.70702	1.3909	306.66	0.24882	2.2673e-05	0.032638	supercritical
243.00	131.00	246.79	0.0040521	119.42	172.51	4.8067	0.70629	1.3825	307.39	0.24766	2.2677e-05	0.032603	supercritical
244.00	131.00	244.93	0.0040827	120.40	173.88	4.8124	0.70558	1.3744	308.12	0.24650	2.2681e-05	0.032571	supercritical
245.00	131.00	243.11	0.0041133	121.37	175.25	4.8180	0.70489	1.3665	308.85	0.24532	2.2688e-05	0.032541	supercritical
246.00	131.00	241.33	0.0041437	122.33	176.62	4.8236	0.70421	1.3588	309.58	0.24414	2.2695e-05	0.032514	supercritical
247.00	131.00	239.58	0.0041740	123.29	177.97	4.8291	0.70356	1.3514	310.31	0.24295	2.2704e-05	0.032490	supercritical
248.00	131.00	237.86	0.0042041	124.25	179.32	4.8345	0.70293	1.3442	311.04	0.24175	2.2715e-05	0.032469	supercritical
249.00	131.00	236.18	0.0042341	125.19	180.66	4.8399	0.70231	1.3372	311.77	0.24055	2.2726e-05	0.032449	supercritical
250.00	131.00	234.53	0.0042639	126.14	181.99	4.8452	0.70171	1.3303	312.49	0.23934	2.2739e-05	0.032433	supercritical
251.00	131.00	232.90	0.0042936	127.07	183.32	4.8505	0.70113	1.3237	313.22	0.23812	2.2753e-05	0.032418	supercritical
252.00	131.00	231.31	0.0043232	128.01	184.64	4.8558	0.70056	1.3173	313.94	0.23691	2.2768e-05	0.032405	supercritical
253.00	131.00	229.74	0.0043527	128.93	185.96	4.8610	0.70002	1.3110	314.66	0.23569	2.2784e-05	0.032395	supercritical
254.00	131.00	228.20	0.0043821	129.86	187.26	4.8662	0.69948	1.3049	315.39	0.23447	2.2801e-05	0.032387	supercritical
255.00	131.00	226.69	0.0044113	130.78	188.57	4.8713	0.69897	1.2989	316.10	0.23325	2.2818e-05	0.032380	supercritical
256.00	131.00	225.20	0.0044404	131.69	189.86	4.8763	0.69846	1.2931	316.82	0.23202	2.2837e-05	0.032375	supercritical
257.00	131.00	223.74	0.0044695	132.60	191.15	4.8814	0.69798	1.2875	317.54	0.23080	2.2857e-05	0.032373	supercritical
258.00	131.00	222.30	0.0044984	133.51	192.44	4.8864	0.69750	1.2820	318.25	0.22957	2.2878e-05	0.032372	supercritical
259.00	131.00	220.89	0.0045271	134.41	193.72	4.8913	0.69704	1.2766	318.96	0.22835	2.2899e-05	0.032372	supercritical
260.00	131.00	219.50	0.0045558	135.31	194.99	4.8962	0.69660	1.2714	319.67	0.22712	2.2921e-05	0.032374	supercritical
261.00	131.00	218.13	0.0045844	136.20	196.26	4.9011	0.69616	1.2663	320.38	0.22590	2.2944e-05	0.032378	supercritical
262.00	131.00	216.78	0.0046129	137.09	197.52	4.9059	0.69574	1.2614	321.08	0.22467	2.2967e-05	0.032383	supercritical
263.00	131.00	215.46	0.0046412	137.98	198.78	4.9107	0.69533	1.2565	321.79	0.22345	2.2992e-05	0.032390	supercritical
264.00	131.00	214.15	0.0046695	138.86	200.04	4.9155	0.69494	1.2518	322.49	0.22223	2.3017e-05	0.032398	supercritical
265.00	131.00	212.87	0.0046977	139.75	201.28	4.9202	0.69455	1.2472	323.19	0.22101	2.3042e-05	0.032408	supercritical
266.00	131.00	211.61	0.0047258	140.62	202.53	4.9249	0.69418	1.2427	323.89	0.21980	2.3068e-05	0.032418	supercritical
267.00	131.00	210.36	0.0047538	141.50	203.77	4.9295	0.69382	1.2384	324.58	0.21859	2.3095e-05	0.032430	supercritical
268.00	131.00	209.13	0.0047817	142.37	205.01	4.9342	0.69347	1.2341	325.28	0.21738	2.3123e-05	0.032444	supercritical
269.00	131.00	207.92	0.0048095	143.23	206.24	4.9388	0.69313	1.2299	325.97	0.21617	2.3151e-05	0.032458	supercritical
270.00	131.00	206.73	0.0048372	144.10	207.47	4.9433	0.69280	1.2258	326.66	0.21497	2.3179e-05	0.032474	supercritical
271.00	131.00	205.56	0.0048648	144.96	208.69	4.9478	0.69248	1.2218	327.35	0.21377	2.3208e-05	0.032491	supercritical
272.00	131.00	204.40	0.0048924	145.82	209.91	4.9523	0.69217	1.2179	328.03	0.21257	2.3238e-05	0.032508	supercritical
273.00	131.00	203.26	0.0049198	146.68	211.13	4.9568	0.69187	1.2141	328.72	0.21138	2.3268e-05	0.032527	supercritical
274.00	131.00	202.13	0.0049472	147.53	212.34	4.9612	0.69158	1.2104	329.40	0.21019	2.3298e-05	0.032547	supercritical
275.00	131.00	201.02	0.0049745	148.38	213.55	4.9656	0.69130	1.2068	330.08	0.20900	2.3329e-05	0.032568	supercritical
276.00	131.00	199.93	0.0050017	149.23	214.75	4.9700	0.69103	1.2032	330.75	0.20782	2.3360e-05	0.032590	supercritical
277.00	131.00	198.85	0.0050289	150.08	215.95	4.9743	0.69077	1.1997	331.43	0.20665	2.3392e-05	0.032612	supercritical
278.00	131.00	197.79	0.0050559	150.92	217.15	4.9787	0.69052	1.1963	332.10	0.20547	2.3424e-05	0.032636	supercritical
279.00	131.00	196.74	0.0050829	151.76	218.35	4.9830	0.69027	1.1930	332.77	0.20431	2.3456e-05	0.032661	supercritical
280.00	131.00	195.70	0.0051099	152.60	219.54	4.9872	0.69003	1.1897	333.44	0.20314	2.3489e-05	0.032686	supercritical
281.00	131.00	194.68	0.0051367	153.43	220.73	4.9915	0.68981	1.1865	334.11	0.20199	2.3522e-05	0.032712	supercritical
282.00	131.00	193.67	0.0051635	154.27	221.91	4.9957	0.68958	1.1834	334.77	0.20083	2.3556e-05	0.032739	supercritical
283.00	131.00	192.67	0.0051902	155.10	223.09	4.9998	0.68937	1.1804	335.44	0.19969	2.3590e-05	0.032766	supercritical
284.00	131.00	191.69	0.0052168	155.93	224.27	5.0040	0.68917	1.1774	336.10	0.19854	2.3624e-05	0.032795	supercritical
285.00	131.00	190.72	0.0052434	156.76	225.45	5.0081	0.68897	1.1745	336.75	0.19740	2.3659e-05	0.032824	supercritical
286.00	131.00	189.76	0.0052699	157.58	226.62	5.0122	0.68878	1.1716	337.41	0.19627	2.3693e-05	0.032854	supercritical
287.00	131.00	188.81	0.0052963	158.41	227.79	5.0163	0.68860	1.1688	338.06	0.19514	2.3729e-05	0.032884	supercritical
288.00	131.00	187.88	0.0053227	159.23	228.96	5.0204	0.68842	1.1660	338.72	0.19402	2.3764e-05	0.032915	supercritical
289.00	131.00	186.95	0.0053490	160.05	230.12	5.0244	0.68825	1.1633	339.37	0.19290	2.3800e-05	0.032947	supercritical
290.00	131.00	186.04	0.0053752	160.87	231.28	5.0284	0.68809	1.1607	340.01	0.19179	2.3836e-05	0.032979	supercritical
291.00	131.00	185.14	0.0054014	161.69	232.44	5.0324	0.68794	1.1581	340.66	0.19068	2.3872e-05	0.033012	supercritical
292.00	131.00	184.25	0.0054275	162.50	233.60	5.0364	0.68779	1.1556	341.30	0.18958	2.3908e-05	0.033046	supercritical
293.00	131.00	183.37	0.0054536	163.31	234.76	5.0403	0.68765	1.1531	341.95	0.18848	2.3945e-05	0.033080	supercritical
294.00	131.00	182.50	0.0054796	164.12	235.91	5.0443	0.68751	1.1507	342.58	0.18739	2.3982e-05	0.033114	supercritical
295.00	131.00	181.64	0.0055055	164.93	237.06	5.0482	0.68738	1.1483	343.22	0.18631	2.4019e-05	0.033149	supercritical
296.00	131.00	180.79	0.0055314	165.74	238.20	5.0521	0.68726	1.1460	343.86	0.18523	2.4056e-05	0.033185	supercritical
297.00	131.00	179.95	0.0055573	166.55	239.35	5.0559	0.68714	1.1437	344.49	0.18415	2.4094e-05	0.033220	supercritical
298.00	131.00	179.11	0.0055830	167.35	240.49	5.0598	0.68703	1.1414	345.12	0.18308	2.4132e-05	0.033257	supercritical
299.00	131.00	178.29	0.0056087	168.16	241.63	5.0636	0.68692	1.1392	345.75	0.18202	2.4170e-05	0.033293	supercritical
300.00	131.00	177.48	0.0056344	168.96	242.77	5.0674	0.68682	1.1371	346.38	0.18096	2.4208e-05	0.033331	supercritical
301.00	131.00	176.68	0.0056600	169.76	243.91	5.0712	0.68673	1.1349	347.01	0.17991	2.4246e-05	0.033368	supercritical
302.00	131.00	175.88	0.0056856	170.56	245.04	5.0749	0.68664	1.1329	347.63	0.17886	2.4285e-05	0.033405	supercritical
303.00	131.00	175.10	0.0057111	171.36	246.17	5.0787	0.68655	1.1308	348.25	0.17782	2.4323e-05	0.033443	supercritical
304.00	131.00	174.32	0.0057366	172.15	247.30	5.0824	0.68648	1.1288	348.87	0.17678	2.4362e-05	0.033481	supercritical
305.00	131.00	173.55	0.0057620	172.95	248.43	5.0861	0.68640	1.1268	349.49	0.17575	2.4401e-05	0.033519	supercritical
306.00	131.00	172.79	0.0057873	173.74	249.55	5.0898	0.68634	1.1249	350.11	0.17472	2.4440e-05	0.033557	supercritical
307.00	131.00	172.04	0.0058126	174.53	250.68	5.0934	0.68627	1.1230	350.72	0.17370	2.4479e-05	0.033594	supercritical
308.00	131.00	171.29	0.0058379	175.32	251.80	5.0971	0.68621	1.1212	351.33	0.17269	2.4519e-05	0.033630	supercritical
309.00	131.00	170.56	0.0058631	176.11	252.92	5.1007	0.68616	1.1194	351.94	0.17168	2.4558e-05	0.033660	supercritical
310.00	131.00	169.83	0.0058883	176.90	254.04	5.1043	0.68611	1.1176	352.55	0.17067	2.4598e-05	0.033696	supercritical
311.00	131.00	169.11	0.0059134	177.69	255.16	5.1079	0.68607	1.1158	353.16	0.16967	2.4638e-05	0.033743	supercritical
312.00	131.00	168.39	0.0059385	178.48	256.27	5.1115	0.68603	1.1141	353.76	0.16868	2.4678e-05	0.033789	supercritical
313.00	131.00	167.69	0.0059635	179.26	257.38	5.1151	0.68600	1.1124	354.37	0.16769	2.4718e-05	0.033836	supercritical
314.00	131.00	166.99	0.0059885	180.05	258.50	5.1186	0.68597	1.1107	354.97	0.16671	2.4758e-05	0.033883	supercritical
315.00	131.00	166.29	0.0060135	180.83	259.61	5.1221	0.68594	1.1091	355.57	0.16573	2.4799e-05	0.033931	supercritical
316.00	131.00	165.61	0.0060384	181.61	260.71	5.1257	0.68592	1.1075	356.17	0.16476	2.4839e-05	0.033979	supercritical
317.00	131.00	164.93	0.0060632	182.39	261.82	5.1292	0.68591	1.1059	356.76	0.16379	2.4880e-05	0.034027	supercritical
318.00	131.00	164.26	0.0060881	183.17	262.93	5.1326	0.68589	1.1044	357.36	0.16283	2.4920e-05	0.034075	supercritical
319.00	131.00	163.59	0.0061128	183.95	264.03	5.1361	0.68589	1.1029	357.95	0.16187	2.4961e-05	0.034124	supercritical
320.00	131.00	162.93	0.0061376	184.73	265.13	5.1396	0.68588	1.1014	358.54	0.16092	2.5002e-05	0.034172	supercritical
321.00	131.00	162.28	0.0061623	185.51	266.23	5.1430	0.68588	1.0999	359.13	0.15998	2.5043e-05	0.034221	supercritical
322.00	131.00	161.63	0.0061869	186.28	267.33	5.1464	0.68589	1.0985	359.72	0.15903	2.5084e-05	0.034271	supercritical
323.00	131.00	160.99	0.0062116	187.06	268.43	5.1498	0.68590	1.0971	360.30	0.15810	2.5125e-05	0.034320	supercritical
324.00	131.00	160.36	0.0062361	187.83	269.53	5.1532	0.68591	1.0957	360.88	0.15717	2.5166e-05	0.034370	supercritical
325.00	131.00	159.73	0.0062607	188.61	270.62	5.1566	0.68592	1.0943	361.47	0.15624	2.5207e-05	0.034420	supercritical
326.00	131.00	159.10	0.0062852	189.38	271.71	5.1599	0.68594	1.0930	362.05	0.15532	2.5249e-05	0.034470	supercritical
327.00	131.00	158.49	0.0063097	190.15	272.81	5.1633	0.68597	1.0917	362.63	0.15441	2.5290e-05	0.034521	supercritical
328.00	131.00	157.88	0.0063341	190.92	273.90	5.1666	0.68600	1.0904	363.20	0.15350	2.5332e-05	0.034571	supercritical
329.00	131.00	157.27	0.0063585	191.69	274.99	5.1699	0.68603	1.0891	363.78	0.15259	2.5373e-05	0.034622	supercritical
330.00	131.00	156.67	0.0063828	192.46	276.08	5.1732	0.68606	1.0879	364.35	0.15169	2.5415e-05	0.034673	supercritical
331.00	131.00	156.08	0.0064072	193.23	277.16	5.1765	0.68610	1.0867	364.92	0.15079	2.5456e-05	0.034725	supercritical
332.00	131.00	155.49	0.0064315	194.00	278.25	5.1798	0.68614	1.0855	365.50	0.14990	2.5498e-05	0.034776	supercritical
333.00	131.00	154.90	0.0064557	194.76	279.33	5.1831	0.68619	1.0843	366.06	0.14902	2.5540e-05	0.034828	supercritical
334.00	131.00	154.32	0.0064799	195.53	280.42	5.1863	0.68624	1.0831	366.63	0.14814	2.5582e-05	0.034880	supercritical
335.00	131.00	153.75	0.0065041	196.30	281.50	5.1895	0.68629	1.0820	367.20	0.14726	2.5624e-05	0.034932	supercritical
336.00	131.00	153.18	0.0065283	197.06	282.58	5.1928	0.68634	1.0809	367.76	0.14639	2.5666e-05	0.034984	supercritical
337.00	131.00	152.62	0.0065524	197.83	283.66	5.1960	0.68640	1.0798	368.32	0.14552	2.5708e-05	0.035037	supercritical
338.00	131.00	152.06	0.0065765	198.59	284.74	5.1992	0.68646	1.0787	368.89	0.14466	2.5750e-05	0.035089	supercritical
339.00	131.00	151.50	0.0066005	199.35	285.82	5.2024	0.68653	1.0776	369.45	0.14381	2.5792e-05	0.035142	supercritical
340.00	131.00	150.95	0.0066246	200.11	286.90	5.2055	0.68660	1.0766	370.00	0.14295	2.5834e-05	0.035195	supercritical
341.00	131.00	150.41	0.0066486	200.88	287.97	5.2087	0.68667	1.0755	370.56	0.14211	2.5877e-05	0.035248	supercritical
342.00	131.00	149.87	0.0066725	201.64	289.05	5.2118	0.68674	1.0745	371.11	0.14126	2.5919e-05	0.035301	supercritical
343.00	131.00	149.33	0.0066965	202.40	290.12	5.2150	0.68682	1.0735	371.67	0.14043	2.5961e-05	0.035355	supercritical
344.00	131.00	148.80	0.0067204	203.16	291.19	5.2181	0.68690	1.0726	372.22	0.13959	2.6003e-05	0.035408	supercritical
345.00	131.00	148.27	0.0067442	203.92	292.27	5.2212	0.68699	1.0716	372.77	0.13876	2.6046e-05	0.035462	supercritical
346.00	131.00	147.75	0.0067681	204.68	293.34	5.2243	0.68707	1.0707	373.32	0.13794	2.6088e-05	0.035516	supercritical
347.00	131.00	147.23	0.0067919	205.43	294.41	5.2274	0.68716	1.0697	373.87	0.13712	2.6131e-05	0.035570	supercritical
348.00	131.00	146.72	0.0068157	206.19	295.48	5.2305	0.68726	1.0688	374.41	0.13630	2.6173e-05	0.035624	supercritical
349.00	131.00	146.21	0.0068394	206.95	296.55	5.2335	0.68735	1.0679	374.96	0.13549	2.6216e-05	0.035678	supercritical
350.00	131.00	145.71	0.0068632	207.71	297.61	5.2366	0.68745	1.0671	375.50	0.13469	2.6258e-05	0.035732	supercritical
351.00	131.00	145.20	0.0068869	208.46	298.68	5.2396	0.68755	1.0662	376.04	0.13389	2.6301e-05	0.035787	supercritical
352.00	131.00	144.71	0.0069105	209.22	299.75	5.2427	0.68765	1.0654	376.58	0.13309	2.6343e-05	0.035842	supercritical
353.00	131.00	144.21	0.0069342	209.97	300.81	5.2457	0.68776	1.0645	377.12	0.13229	2.6386e-05	0.035896	supercritical
354.00	131.00	143.72	0.0069578	210.73	301.88	5.2487	0.68787	1.0637	377.66	0.13151	2.6429e-05	0.035951	supercritical
355.00	131.00	143.24	0.0069814	211.48	302.94	5.2517	0.68798	1.0629	378.20	0.13072	2.6471e-05	0.036006	supercritical
356.00	131.00	142.76	0.0070050	212.24	304.00	5.2547	0.68809	1.0621	378.73	0.12994	2.6514e-05	0.036061	supercritical
357.00	131.00	142.28	0.0070285	212.99	305.06	5.2577	0.68821	1.0613	379.27	0.12917	2.6557e-05	0.036117	supercritical
358.00	131.00	141.80	0.0070520	213.74	306.12	5.2606	0.68833	1.0606	379.80	0.12839	2.6600e-05	0.036172	supercritical
359.00	131.00	141.33	0.0070755	214.49	307.18	5.2636	0.68845	1.0598	380.33	0.12763	2.6642e-05	0.036228	supercritical
360.00	131.00	140.87	0.0070990	215.25	308.24	5.2665	0.68858	1.0591	380.86	0.12686	2.6685e-05	0.036283	supercritical
361.00	131.00	140.40	0.0071224	216.00	309.30	5.2695	0.68870	1.0584	381.39	0.12610	2.6728e-05	0.036339	supercritical
362.00	131.00	139.94	0.0071458	216.75	310.36	5.2724	0.68883	1.0577	381.91	0.12535	2.6771e-05	0.036395	supercritical
363.00	131.00	139.49	0.0071692	217.50	311.42	5.2753	0.68896	1.0570	382.44	0.12460	2.6813e-05	0.036451	supercritical
364.00	131.00	139.03	0.0071926	218.25	312.47	5.2782	0.68910	1.0563	382.96	0.12385	2.6856e-05	0.036507	supercritical
365.00	131.00	138.58	0.0072159	219.00	313.53	5.2811	0.68923	1.0556	383.49	0.12311	2.6899e-05	0.036563	supercritical
366.00	131.00	138.14	0.0072393	219.75	314.59	5.2840	0.68937	1.0549	384.01	0.12237	2.6942e-05	0.036619	supercritical
367.00	131.00	137.69	0.0072625	220.50	315.64	5.2869	0.68951	1.0543	384.53	0.12163	2.6985e-05	0.036675	supercritical
368.00	131.00	137.25	0.0072858	221.25	316.69	5.2898	0.68966	1.0536	385.05	0.12090	2.7028e-05	0.036732	supercritical
369.00	131.00	136.82	0.0073091	222.00	317.75	5.2926	0.68980	1.0530	385.56	0.12018	2.7071e-05	0.036788	supercritical
370.00	131.00	136.38	0.0073323	222.75	318.80	5.2955	0.68995	1.0524	386.08	0.11945	2.7114e-05	0.036845	supercritical
371.00	131.00	135.95	0.0073555	223.49	319.85	5.2983	0.69010	1.0518	386.60	0.11873	2.7156e-05	0.036901	supercritical
372.00	131.00	135.53	0.0073787	224.24	320.90	5.3011	0.69025	1.0512	387.11	0.11802	2.7199e-05	0.036958	supercritical
373.00	131.00	135.10	0.0074018	224.99	321.95	5.3040	0.69041	1.0506	387.62	0.11731	2.7242e-05	0.037015	supercritical
374.00	131.00	134.68	0.0074250	225.74	323.00	5.3068	0.69056	1.0500	388.13	0.11660	2.7285e-05	0.037072	supercritical
375.00	131.00	134.26	0.0074481	226.48	324.05	5.3096	0.69072	1.0495	388.64	0.11590	2.7328e-05	0.037129	supercritical
376.00	131.00	133.85	0.0074712	227.23	325.10	5.3124	0.69088	1.0489	389.15	0.11520	2.7371e-05	0.037186	supercritical
377.00	131.00	133.44	0.0074943	227.98	326.15	5.3152	0.69104	1.0484	389.66	0.11450	2.7414e-05	0.037243	supercritical
378.00	131.00	133.03	0.0075173	228.72	327.20	5.3179	0.69121	1.0478	390.17	0.11381	2.7457e-05	0.037300	supercritical
379.00	131.00	132.62	0.0075403	229.47	328.25	5.3207	0.69137	1.0473	390.67	0.11312	2.7500e-05	0.037358	supercritical
380.00	131.00	132.22	0.0075634	230.21	329.29	5.3235	0.69154	1.0468	391.18	0.11243	2.7543e-05	0.037415	supercritical
381.00	131.00	131.82	0.0075863	230.96	330.34	5.3262	0.69171	1.0463	391.68	0.11175	2.7586e-05	0.037472	supercritical
382.00	131.00	131.42	0.0076093	231.71	331.39	5.3290	0.69188	1.0458	392.18	0.11107	2.7628e-05	0.037530	supercritical
383.00	131.00	131.02	0.0076323	232.45	332.43	5.3317	0.69206	1.0453	392.68	0.11040	2.7671e-05	0.037588	supercritical
384.00	131.00	130.63	0.0076552	233.19	333.48	5.3344	0.69223	1.0448	393.18	0.10973	2.7714e-05	0.037645	supercritical
385.00	131.00	130.24	0.0076781	233.94	334.52	5.3371	0.69241	1.0444	393.68	0.10906	2.7757e-05	0.037703	supercritical
386.00	131.00	129.85	0.0077010	234.68	335.57	5.3398	0.69259	1.0439	394.18	0.10840	2.7800e-05	0.037761	supercritical
387.00	131.00	129.47	0.0077239	235.43	336.61	5.3425	0.69277	1.0435	394.68	0.10774	2.7843e-05	0.037819	supercritical
388.00	131.00	129.09	0.0077467	236.17	337.65	5.3452	0.69295	1.0430	395.17	0.10708	2.7886e-05	0.037876	supercritical
389.00	131.00	128.71	0.0077696	236.92	338.70	5.3479	0.69314	1.0426	395.67	0.10643	2.7929e-05	0.037934	supercritical
390.00	131.00	128.33	0.0077924	237.66	339.74	5.3506	0.69333	1.0422	396.16	0.10578	2.7972e-05	0.037992	supercritical
391.00	131.00	127.96	0.0078152	238.40	340.78	5.3533	0.69351	1.0417	396.65	0.10513	2.8015e-05	0.038050	supercritical
392.00	131.00	127.58	0.0078380	239.15	341.82	5.3559	0.69370	1.0413	397.14	0.10449	2.8057e-05	0.038109	supercritical
393.00	131.00	127.21	0.0078607	239.89	342.86	5.3586	0.69390	1.0409	397.63	0.10385	2.8100e-05	0.038167	supercritical
394.00	131.00	126.85	0.0078835	240.63	343.90	5.3612	0.69409	1.0405	398.12	0.10322	2.8143e-05	0.038225	supercritical
395.00	131.00	126.48	0.0079062	241.37	344.94	5.3639	0.69428	1.0401	398.61	0.10258	2.8186e-05	0.038283	supercritical
396.00	131.00	126.12	0.0079289	242.12	345.98	5.3665	0.69448	1.0398	399.09	0.10195	2.8229e-05	0.038342	supercritical
397.00	131.00	125.76	0.0079516	242.86	347.02	5.3691	0.69468	1.0394	399.58	0.10133	2.8272e-05	0.038400	supercritical
398.00	131.00	125.40	0.0079743	243.60	348.06	5.3717	0.69488	1.0390	400.06	0.10071	2.8315e-05	0.038459	supercritical
399.00	131.00	125.05	0.0079969	244.34	349.10	5.3743	0.69508	1.0387	400.55	0.10009	2.8357e-05	0.038517	supercritical
400.00	131.00	124.70	0.0080196	245.08	350.14	5.3769	0.69528	1.0383	401.03	0.099470	2.8400e-05	0.038576	supercritical
401.00	131.00	124.34	0.0080422	245.83	351.18	5.3795	0.69549	1.0380	401.51	0.098857	2.8443e-05	0.038634	supercritical
402.00	131.00	124.00	0.0080648	246.57	352.22	5.3821	0.69569	1.0376	401.99	0.098247	2.8486e-05	0.038693	supercritical
403.00	131.00	123.65	0.0080874	247.31	353.25	5.3847	0.69590	1.0373	402.47	0.097640	2.8529e-05	0.038752	supercritical
404.00	131.00	123.31	0.0081099	248.05	354.29	5.3872	0.69611	1.0370	402.95	0.097037	2.8571e-05	0.038810	supercritical
405.00	131.00	122.96	0.0081325	248.79	355.33	5.3898	0.69632	1.0367	403.43	0.096436	2.8614e-05	0.038869	supercritical
406.00	131.00	122.62	0.0081550	249.53	356.36	5.3924	0.69653	1.0364	403.90	0.095839	2.8657e-05	0.038928	supercritical
407.00	131.00	122.29	0.0081776	250.27	357.40	5.3949	0.69674	1.0361	404.38	0.095245	2.8700e-05	0.038987	supercritical
408.00	131.00	121.95	0.0082001	251.02	358.44	5.3975	0.69696	1.0358	404.85	0.094654	2.8742e-05	0.039046	supercritical
409.00	131.00	121.62	0.0082226	251.76	359.47	5.4000	0.69717	1.0355	405.33	0.094065	2.8785e-05	0.039105	supercritical
410.00	131.00	121.28	0.0082450	252.50	360.51	5.4025	0.69739	1.0352	405.80	0.093480	2.8828e-05	0.039164	supercritical
411.00	131.00	120.96	0.0082675	253.24	361.54	5.4050	0.69761	1.0349	406.27	0.092898	2.8870e-05	0.039223	supercritical
412.00	131.00	120.63	0.0082900	253.98	362.58	5.4076	0.69783	1.0347	406.74	0.092319	2.8913e-05	0.039282	supercritical
413.00	131.00	120.30	0.0083124	254.72	363.61	5.4101	0.69805	1.0344	407.21	0.091743	2.8956e-05	0.039341	supercritical
414.00	131.00	119.98	0.0083348	255.46	364.65	5.4126	0.69827	1.0341	407.68	0.091170	2.8998e-05	0.039400	supercritical
415.00	131.00	119.66	0.0083572	256.20	365.68	5.4151	0.69849	1.0339	408.15	0.090600	2.9041e-05	0.039459	supercritical
416.00	131.00	119.34	0.0083796	256.94	366.71	5.4176	0.69872	1.0336	408.61	0.090033	2.9083e-05	0.039518	supercritical
417.00	131.00	119.02	0.0084020	257.68	367.75	5.4200	0.69894	1.0334	409.08	0.089469	2.9126e-05	0.039577	supercritical
418.00	131.00	118.70	0.0084243	258.42	368.78	5.4225	0.69917	1.0332	409.54	0.088907	2.9169e-05	0.039637	supercritical
419.00	131.00	118.39	0.0084467	259.16	369.81	5.4250	0.69940	1.0329	410.01	0.088349	2.9211e-05	0.039696	supercritical
420.00	131.00	118.08	0.0084690	259.90	370.85	5.4274	0.69963	1.0327	410.47	0.087793	2.9254e-05	0.039755	supercritical
421.00	131.00	117.77	0.0084913	260.64	371.88	5.4299	0.69986	1.0325	410.93	0.087240	2.9296e-05	0.039815	supercritical
422.00	131.00	117.46	0.0085136	261.38	372.91	5.4323	0.70009	1.0323	411.39	0.086690	2.9339e-05	0.039874	supercritical
423.00	131.00	117.15	0.0085359	262.12	373.94	5.4348	0.70032	1.0321	411.85	0.086143	2.9381e-05	0.039933	supercritical
424.00	131.00	116.85	0.0085582	262.86	374.98	5.4372	0.70056	1.0319	412.31	0.085598	2.9424e-05	0.039993	supercritical
425.00	131.00	116.54	0.0085804	263.60	376.01	5.4397	0.70079	1.0317	412.77	0.085057	2.9466e-05	0.040052	supercritical
426.00	131.00	116.24	0.0086027	264.34	377.04	5.4421	0.70103	1.0315	413.23	0.084518	2.9508e-05	0.040112	supercritical
427.00	131.00	115.94	0.0086249	265.08	378.07	5.4445	0.70127	1.0313	413.69	0.083981	2.9551e-05	0.040171	supercritical
428.00	131.00	115.65	0.0086471	265.82	379.10	5.4469	0.70151	1.0311	414.14	0.083448	2.9593e-05	0.040231	supercritical
429.00	131.00	115.35	0.0086694	266.56	380.13	5.4493	0.70174	1.0309	414.60	0.082917	2.9636e-05	0.040290	supercritical
430.00	131.00	115.05	0.0086915	267.30	381.16	5.4517	0.70199	1.0307	415.05	0.082389	2.9678e-05	0.040350	supercritical
431.00	131.00	114.76	0.0087137	268.04	382.19	5.4541	0.70223	1.0306	415.50	0.081863	2.9720e-05	0.040410	supercritical
432.00	131.00	114.47	0.0087359	268.78	383.22	5.4565	0.70247	1.0304	415.96	0.081340	2.9763e-05	0.040469	supercritical
433.00	131.00	114.18	0.0087581	269.52	384.26	5.4589	0.70271	1.0303	416.41	0.080820	2.9805e-05	0.040529	supercritical
434.00	131.00	113.89	0.0087802	270.26	385.29	5.4613	0.70296	1.0301	416.86	0.080302	2.9847e-05	0.040589	supercritical
435.00	131.00	113.61	0.0088023	271.00	386.32	5.4636	0.70320	1.0300	417.31	0.079787	2.9889e-05	0.040648	supercritical
436.00	131.00	113.32	0.0088244	271.74	387.35	5.4660	0.70345	1.0298	417.76	0.079275	2.9932e-05	0.040708	supercritical
437.00	131.00	113.04	0.0088465	272.49	388.37	5.4683	0.70370	1.0297	418.21	0.078765	2.9974e-05	0.040768	supercritical
438.00	131.00	112.76	0.0088686	273.23	389.40	5.4707	0.70394	1.0295	418.65	0.078258	3.0016e-05	0.040827	supercritical
439.00	131.00	112.48	0.0088907	273.97	390.43	5.4731	0.70419	1.0294	419.10	0.077753	3.0058e-05	0.040887	supercritical
440.00	131.00	112.20	0.0089128	274.71	391.46	5.4754	0.70444	1.0293	419.55	0.077250	3.0100e-05	0.040947	supercritical
441.00	131.00	111.92	0.0089349	275.45	392.49	5.4777	0.70469	1.0291	419.99	0.076751	3.0142e-05	0.041007	supercritical
442.00	131.00	111.65	0.0089569	276.19	393.52	5.4801	0.70495	1.0290	420.44	0.076253	3.0184e-05	0.041067	supercritical
443.00	131.00	111.37	0.0089789	276.93	394.55	5.4824	0.70520	1.0289	420.88	0.075758	3.0227e-05	0.041127	supercritical
444.00	131.00	111.10	0.0090010	277.67	395.58	5.4847	0.70545	1.0288	421.32	0.075266	3.0269e-05	0.041186	supercritical
445.00	131.00	110.83	0.0090230	278.41	396.61	5.4870	0.70571	1.0287	421.76	0.074776	3.0311e-05	0.041246	supercritical
446.00	131.00	110.56	0.0090450	279.15	397.64	5.4893	0.70596	1.0286	422.20	0.074288	3.0353e-05	0.041306	supercritical
447.00	131.00	110.29	0.0090670	279.89	398.67	5.4916	0.70622	1.0285	422.64	0.073803	3.0395e-05	0.041366	supercritical
448.00	131.00	110.02	0.0090889	280.63	399.69	5.4939	0.70647	1.0284	423.08	0.073320	3.0437e-05	0.041426	supercritical
449.00	131.00	109.76	0.0091109	281.37	400.72	5.4962	0.70673	1.0283	423.52	0.072840	3.0479e-05	0.041486	supercritical
450.00	131.00	109.49	0.0091328	282.11	401.75	5.4985	0.70699	1.0282	423.96	0.072362	3.0521e-05	0.041546	supercritical
451.00	131.00	109.23	0.0091548	282.85	402.78	5.5008	0.70725	1.0281	424.40	0.071886	3.0562e-05	0.041606	supercritical
452.00	131.00	108.97	0.0091767	283.59	403.81	5.5031	0.70751	1.0280	424.83	0.071413	3.0604e-05	0.041666	supercritical
453.00	131.00	108.71	0.0091986	284.33	404.83	5.5053	0.70777	1.0280	425.27	0.070942	3.0646e-05	0.041726	supercritical
454.00	131.00	108.45	0.0092206	285.07	405.86	5.5076	0.70803	1.0279	425.71	0.070473	3.0688e-05	0.041786	supercritical
455.00	131.00	108.20	0.0092425	285.81	406.89	5.5099	0.70829	1.0278	426.14	0.070007	3.0730e-05	0.041846	supercritical
456.00	131.00	107.94	0.0092643	286.56	407.92	5.5121	0.70855	1.0277	426.57	0.069543	3.0772e-05	0.041906	supercritical
457.00	131.00	107.69	0.0092862	287.30	408.95	5.5144	0.70882	1.0277	427.01	0.069081	3.0813e-05	0.041966	supercritical
458.00	131.00	107.43	0.0093081	288.04	409.97	5.5166	0.70908	1.0276	427.44	0.068621	3.0855e-05	0.042026	supercritical
459.00	131.00	107.18	0.0093299	288.78	411.00	5.5189	0.70934	1.0276	427.87	0.068164	3.0897e-05	0.042086	supercritical
460.00	131.00	106.93	0.0093518	289.52	412.03	5.5211	0.70961	1.0275	428.30	0.067708	3.0939e-05	0.042146	supercritical
461.00	131.00	106.68	0.0093736	290.26	413.06	5.5233	0.70987	1.0275	428.73	0.067255	3.0980e-05	0.042206	supercritical
462.00	131.00	106.43	0.0093955	291.00	414.08	5.5256	0.71014	1.0274	429.16	0.066805	3.1022e-05	0.042266	supercritical
463.00	131.00	106.19	0.0094173	291.74	415.11	5.5278	0.71041	1.0274	429.59	0.066356	3.1064e-05	0.042326	supercritical
464.00	131.00	105.94	0.0094391	292.49	416.14	5.5300	0.71068	1.0273	430.01	0.065910	3.1105e-05	0.042386	supercritical
465.00	131.00	105.70	0.0094609	293.23	417.17	5.5322	0.71094	1.0273	430.44	0.065465	3.1147e-05	0.042447	supercritical
466.00	131.00	105.46	0.0094827	293.97	418.19	5.5344	0.71121	1.0273	430.87	0.065023	3.1188e-05	0.042507	supercritical
467.00	131.00	105.21	0.0095044	294.71	419.22	5.5366	0.71148	1.0272	431.29	0.064583	3.1230e-05	0.042567	supercritical
468.00	131.00	104.97	0.0095262	295.45	420.25	5.5388	0.71175	1.0272	431.72	0.064145	3.1271e-05	0.042627	supercritical
469.00	131.00	104.73	0.0095480	296.20	421.27	5.5410	0.71202	1.0272	432.14	0.063710	3.1313e-05	0.042687	supercritical
470.00	131.00	104.50	0.0095697	296.94	422.30	5.5432	0.71229	1.0271	432.57	0.063276	3.1354e-05	0.042747	supercritical
471.00	131.00	104.26	0.0095915	297.68	423.33	5.5454	0.71256	1.0271	432.99	0.062844	3.1396e-05	0.042807	supercritical
472.00	131.00	104.02	0.0096132	298.42	424.36	5.5476	0.71283	1.0271	433.41	0.062415	3.1437e-05	0.042868	supercritical
473.00	131.00	103.79	0.0096349	299.17	425.38	5.5497	0.71311	1.0271	433.83	0.061987	3.1479e-05	0.042928	supercritical
474.00	131.00	103.56	0.0096566	299.91	426.41	5.5519	0.71338	1.0271	434.25	0.061562	3.1520e-05	0.042988	supercritical
475.00	131.00	103.32	0.0096783	300.65	427.44	5.5541	0.71365	1.0271	434.67	0.061138	3.1561e-05	0.043048	supercritical
476.00	131.00	103.09	0.0097000	301.39	428.46	5.5562	0.71393	1.0271	435.09	0.060717	3.1603e-05	0.043108	supercritical
477.00	131.00	102.86	0.0097217	302.14	429.49	5.5584	0.71420	1.0271	435.51	0.060298	3.1644e-05	0.043168	supercritical
478.00	131.00	102.63	0.0097434	302.88	430.52	5.5605	0.71448	1.0271	435.93	0.059880	3.1685e-05	0.043229	supercritical
479.00	131.00	102.41	0.0097650	303.62	431.55	5.5627	0.71475	1.0271	436.35	0.059465	3.1727e-05	0.043289	supercritical
480.00	131.00	102.18	0.0097867	304.37	432.57	5.5648	0.71503	1.0271	436.76	0.059051	3.1768e-05	0.043349	supercritical
481.00	131.00	101.95	0.0098083	305.11	433.60	5.5670	0.71530	1.0271	437.18	0.058640	3.1809e-05	0.043409	supercritical
482.00	131.00	101.73	0.0098300	305.85	434.63	5.5691	0.71558	1.0271	437.60	0.058230	3.1850e-05	0.043469	supercritical
483.00	131.00	101.51	0.0098516	306.60	435.65	5.5712	0.71585	1.0271	438.01	0.057823	3.1891e-05	0.043530	supercritical
484.00	131.00	101.28	0.0098732	307.34	436.68	5.5733	0.71613	1.0271	438.43	0.057417	3.1933e-05	0.043590	supercritical
485.00	131.00	101.06	0.0098949	308.09	437.71	5.5755	0.71641	1.0271	438.84	0.057013	3.1974e-05	0.043650	supercritical
486.00	131.00	100.84	0.0099165	308.83	438.73	5.5776	0.71669	1.0271	439.25	0.056611	3.2015e-05	0.043710	supercritical
487.00	131.00	100.62	0.0099381	309.57	439.76	5.5797	0.71697	1.0272	439.66	0.056211	3.2056e-05	0.043770	supercritical
488.00	131.00	100.41	0.0099596	310.32	440.79	5.5818	0.71724	1.0272	440.08	0.055813	3.2097e-05	0.043831	supercritical
489.00	131.00	100.19	0.0099812	311.06	441.82	5.5839	0.71752	1.0272	440.49	0.055417	3.2138e-05	0.043891	supercritical
490.00	131.00	99.972	0.010003	311.81	442.84	5.5860	0.71780	1.0272	440.90	0.055022	3.2179e-05	0.043951	supercritical
491.00	131.00	99.757	0.010024	312.55	443.87	5.5881	0.71808	1.0273	441.31	0.054630	3.2220e-05	0.044011	supercritical
492.00	131.00	99.543	0.010046	313.30	444.90	5.5902	0.71836	1.0273	441.72	0.054239	3.2261e-05	0.044072	supercritical
493.00	131.00	99.330	0.010067	314.04	445.93	5.5923	0.71864	1.0273	442.13	0.053850	3.2302e-05	0.044132	supercritical
494.00	131.00	99.118	0.010089	314.79	446.95	5.5943	0.71892	1.0274	442.53	0.053463	3.2343e-05	0.044192	supercritical
495.00	131.00	98.907	0.010111	315.53	447.98	5.5964	0.71920	1.0274	442.94	0.053078	3.2383e-05	0.044252	supercritical
496.00	131.00	98.697	0.010132	316.28	449.01	5.5985	0.71948	1.0274	443.35	0.052695	3.2424e-05	0.044312	supercritical
497.00	131.00	98.488	0.010154	317.02	450.04	5.6006	0.71977	1.0275	443.76	0.052313	3.2465e-05	0.044373	supercritical
498.00	131.00	98.279	0.010175	317.77	451.06	5.6026	0.72005	1.0275	444.16	0.051933	3.2506e-05	0.044433	supercritical
499.00	131.00	98.072	0.010197	318.52	452.09	5.6047	0.72033	1.0276	444.57	0.051555	3.2547e-05	0.044493	supercritical
500.00	131.00	97.866	0.010218	319.26	453.12	5.6068	0.72061	1.0276	444.97	0.051178	3.2587e-05	0.044553	supercritical
501.00	131.00	97.661	0.010240	320.01	454.15	5.6088	0.72089	1.0277	445.38	0.050804	3.2628e-05	0.044613	supercritical
502.00	131.00	97.456	0.010261	320.75	455.17	5.6109	0.72118	1.0277	445.78	0.050431	3.2669e-05	0.044674	supercritical
503.00	131.00	97.253	0.010282	321.50	456.20	5.6129	0.72146	1.0278	446.18	0.050059	3.2709e-05	0.044734	supercritical
504.00	131.00	97.050	0.010304	322.25	457.23	5.6149	0.72174	1.0278	446.58	0.049690	3.2750e-05	0.044794	supercritical
505.00	131.00	96.848	0.010325	322.99	458.26	5.6170	0.72203	1.0279	446.99	0.049322	3.2791e-05	0.044854	supercritical
506.00	131.00	96.648	0.010347	323.74	459.28	5.6190	0.72231	1.0280	447.39	0.048956	3.2831e-05	0.044914	supercritical
507.00	131.00	96.448	0.010368	324.49	460.31	5.6210	0.72259	1.0280	447.79	0.048591	3.2872e-05	0.044975	supercritical
508.00	131.00	96.249	0.010390	325.24	461.34	5.6231	0.72288	1.0281	448.19	0.048229	3.2912e-05	0.045035	supercritical
509.00	131.00	96.051	0.010411	325.98	462.37	5.6251	0.72316	1.0281	448.59	0.047868	3.2953e-05	0.045095	supercritical
510.00	131.00	95.854	0.010433	326.73	463.40	5.6271	0.72344	1.0282	448.99	0.047508	3.2993e-05	0.045155	supercritical
511.00	131.00	95.657	0.010454	327.48	464.43	5.6291	0.72373	1.0283	449.38	0.047150	3.3034e-05	0.045215	supercritical
512.00	131.00	95.462	0.010475	328.23	465.45	5.6311	0.72401	1.0283	449.78	0.046794	3.3074e-05	0.045276	supercritical
513.00	131.00	95.267	0.010497	328.97	466.48	5.6331	0.72430	1.0284	450.18	0.046439	3.3115e-05	0.045336	supercritical
514.00	131.00	95.074	0.010518	329.72	467.51	5.6351	0.72458	1.0285	450.58	0.046086	3.3155e-05	0.045396	supercritical
515.00	131.00	94.881	0.010540	330.47	468.54	5.6371	0.72487	1.0286	450.97	0.045735	3.3195e-05	0.045456	supercritical
516.00	131.00	94.689	0.010561	331.22	469.57	5.6391	0.72515	1.0286	451.37	0.045385	3.3236e-05	0.045516	supercritical
517.00	131.00	94.497	0.010582	331.97	470.60	5.6411	0.72544	1.0287	451.76	0.045037	3.3276e-05	0.045576	supercritical
518.00	131.00	94.307	0.010604	332.72	471.62	5.6431	0.72572	1.0288	452.16	0.044690	3.3316e-05	0.045637	supercritical
519.00	131.00	94.118	0.010625	333.47	472.65	5.6451	0.72601	1.0289	452.55	0.044345	3.3357e-05	0.045697	supercritical
520.00	131.00	93.929	0.010646	334.22	473.68	5.6471	0.72629	1.0290	452.95	0.044002	3.3397e-05	0.045757	supercritical
521.00	131.00	93.741	0.010668	334.96	474.71	5.6491	0.72658	1.0291	453.34	0.043660	3.3437e-05	0.045817	supercritical
522.00	131.00	93.554	0.010689	335.71	475.74	5.6510	0.72687	1.0291	453.73	0.043320	3.3477e-05	0.045877	supercritical
523.00	131.00	93.368	0.010710	336.46	476.77	5.6530	0.72715	1.0292	454.12	0.042981	3.3517e-05	0.045937	supercritical
524.00	131.00	93.182	0.010732	337.21	477.80	5.6550	0.72744	1.0293	454.52	0.042643	3.3558e-05	0.045997	supercritical
525.00	131.00	92.997	0.010753	337.96	478.83	5.6569	0.72772	1.0294	454.91	0.042308	3.3598e-05	0.046058	supercritical
526.00	131.00	92.813	0.010774	338.71	479.86	5.6589	0.72801	1.0295	455.30	0.041973	3.3638e-05	0.046118	supercritical
527.00	131.00	92.630	0.010796	339.47	480.89	5.6608	0.72830	1.0296	455.69	0.041640	3.3678e-05	0.046178	supercritical
528.00	131.00	92.448	0.010817	340.22	481.92	5.6628	0.72858	1.0297	456.08	0.041309	3.3718e-05	0.046238	supercritical
529.00	131.00	92.266	0.010838	340.97	482.95	5.6647	0.72887	1.0298	456.47	0.040979	3.3758e-05	0.046298	supercritical
530.00	131.00	92.086	0.010859	341.72	483.98	5.6667	0.72916	1.0299	456.85	0.040651	3.3798e-05	0.046358	supercritical
531.00	131.00	91.905	0.010881	342.47	485.01	5.6686	0.72944	1.0300	457.24	0.040324	3.3838e-05	0.046418	supercritical
532.00	131.00	91.726	0.010902	343.22	486.04	5.6706	0.72973	1.0301	457.63	0.039998	3.3878e-05	0.046478	supercritical
533.00	131.00	91.548	0.010923	343.97	487.07	5.6725	0.73001	1.0302	458.02	0.039674	3.3918e-05	0.046538	supercritical
534.00	131.00	91.370	0.010945	344.72	488.10	5.6744	0.73030	1.0303	458.40	0.039352	3.3958e-05	0.046598	supercritical
535.00	131.00	91.193	0.010966	345.48	489.13	5.6764	0.73059	1.0304	458.79	0.039030	3.3997e-05	0.046658	supercritical
536.00	131.00	91.016	0.010987	346.23	490.16	5.6783	0.73087	1.0305	459.18	0.038711	3.4037e-05	0.046718	supercritical
537.00	131.00	90.841	0.011008	346.98	491.19	5.6802	0.73116	1.0306	459.56	0.038392	3.4077e-05	0.046778	supercritical
538.00	131.00	90.666	0.011030	347.73	492.22	5.6821	0.73145	1.0307	459.95	0.038075	3.4117e-05	0.046838	supercritical
539.00	131.00	90.492	0.011051	348.49	493.25	5.6840	0.73173	1.0308	460.33	0.037760	3.4157e-05	0.046898	supercritical
540.00	131.00	90.318	0.011072	349.24	494.28	5.6859	0.73202	1.0309	460.71	0.037446	3.4196e-05	0.046959	supercritical
541.00	131.00	90.146	0.011093	349.99	495.31	5.6879	0.73231	1.0310	461.10	0.037133	3.4236e-05	0.047019	supercritical
542.00	131.00	89.974	0.011114	350.74	496.34	5.6898	0.73259	1.0311	461.48	0.036821	3.4276e-05	0.047079	supercritical
543.00	131.00	89.802	0.011136	351.50	497.37	5.6917	0.73288	1.0313	461.86	0.036511	3.4315e-05	0.047139	supercritical
544.00	131.00	89.632	0.011157	352.25	498.41	5.6936	0.73316	1.0314	462.24	0.036203	3.4355e-05	0.047199	supercritical
545.00	131.00	89.462	0.011178	353.01	499.44	5.6955	0.73345	1.0315	462.62	0.035895	3.4395e-05	0.047258	supercritical
546.00	131.00	89.292	0.011199	353.76	500.47	5.6973	0.73374	1.0316	463.01	0.035589	3.4434e-05	0.047318	supercritical
547.00	131.00	89.124	0.011220	354.51	501.50	5.6992	0.73402	1.0317	463.39	0.035285	3.4474e-05	0.047378	supercritical
548.00	131.00	88.956	0.011242	355.27	502.53	5.7011	0.73431	1.0318	463.77	0.034981	3.4513e-05	0.047438	supercritical
549.00	131.00	88.789	0.011263	356.02	503.56	5.7030	0.73460	1.0320	464.15	0.034679	3.4553e-05	0.047498	supercritical
550.00	131.00	88.622	0.011284	356.78	504.60	5.7049	0.73488	1.0321	464.52	0.034379	3.4592e-05	0.047558	supercritical
551.00	131.00	88.456	0.011305	357.53	505.63	5.7068	0.73517	1.0322	464.90	0.034079	3.4632e-05	0.047618	supercritical
552.00	131.00	88.291	0.011326	358.29	506.66	5.7086	0.73545	1.0323	465.28	0.033781	3.4671e-05	0.047678	supercritical
553.00	131.00	88.127	0.011347	359.04	507.69	5.7105	0.73574	1.0324	465.66	0.033485	3.4711e-05	0.047738	supercritical
554.00	131.00	87.963	0.011368	359.80	508.72	5.7124	0.73602	1.0326	466.04	0.033189	3.4750e-05	0.047798	supercritical
555.00	131.00	87.799	0.011390	360.55	509.76	5.7142	0.73631	1.0327	466.41	0.032895	3.4789e-05	0.047858	supercritical
556.00	131.00	87.637	0.011411	361.31	510.79	5.7161	0.73660	1.0328	466.79	0.032602	3.4829e-05	0.047918	supercritical
557.00	131.00	87.475	0.011432	362.07	511.82	5.7179	0.73688	1.0330	467.16	0.032310	3.4868e-05	0.047978	supercritical
558.00	131.00	87.314	0.011453	362.82	512.86	5.7198	0.73717	1.0331	467.54	0.032020	3.4907e-05	0.048037	supercritical
559.00	131.00	87.153	0.011474	363.58	513.89	5.7216	0.73745	1.0332	467.92	0.031730	3.4947e-05	0.048097	supercritical
560.00	131.00	86.993	0.011495	364.34	514.92	5.7235	0.73774	1.0333	468.29	0.031442	3.4986e-05	0.048157	supercritical
561.00	131.00	86.833	0.011516	365.09	515.96	5.7253	0.73802	1.0335	468.66	0.031156	3.5025e-05	0.048217	supercritical
562.00	131.00	86.675	0.011537	365.85	516.99	5.7272	0.73831	1.0336	469.04	0.030870	3.5064e-05	0.048277	supercritical
563.00	131.00	86.516	0.011558	366.61	518.02	5.7290	0.73859	1.0337	469.41	0.030586	3.5103e-05	0.048337	supercritical
564.00	131.00	86.359	0.011580	367.36	519.06	5.7308	0.73888	1.0339	469.78	0.030303	3.5143e-05	0.048396	supercritical
565.00	131.00	86.202	0.011601	368.12	520.09	5.7327	0.73916	1.0340	470.16	0.030021	3.5182e-05	0.048456	supercritical
566.00	131.00	86.046	0.011622	368.88	521.13	5.7345	0.73945	1.0341	470.53	0.029740	3.5221e-05	0.048516	supercritical
567.00	131.00	85.890	0.011643	369.64	522.16	5.7363	0.73973	1.0343	470.90	0.029461	3.5260e-05	0.048576	supercritical
568.00	131.00	85.735	0.011664	370.40	523.19	5.7381	0.74001	1.0344	471.27	0.029183	3.5299e-05	0.048636	supercritical
569.00	131.00	85.580	0.011685	371.16	524.23	5.7400	0.74030	1.0345	471.64	0.028906	3.5338e-05	0.048695	supercritical
570.00	131.00	85.426	0.011706	371.91	525.26	5.7418	0.74058	1.0347	472.01	0.028630	3.5377e-05	0.048755	supercritical
571.00	131.00	85.273	0.011727	372.67	526.30	5.7436	0.74086	1.0348	472.38	0.028355	3.5416e-05	0.048815	supercritical
572.00	131.00	85.120	0.011748	373.43	527.33	5.7454	0.74115	1.0350	472.75	0.028081	3.5455e-05	0.048874	supercritical
573.00	131.00	84.968	0.011769	374.19	528.37	5.7472	0.74143	1.0351	473.12	0.027809	3.5494e-05	0.048934	supercritical
574.00	131.00	84.816	0.011790	374.95	529.40	5.7490	0.74171	1.0352	473.49	0.027538	3.5533e-05	0.048994	supercritical
575.00	131.00	84.665	0.011811	375.71	530.44	5.7508	0.74200	1.0354	473.86	0.027267	3.5572e-05	0.049054	supercritical
576.00	131.00	84.515	0.011832	376.47	531.47	5.7526	0.74228	1.0355	474.23	0.026998	3.5610e-05	0.049113	supercritical
577.00	131.00	84.365	0.011853	377.23	532.51	5.7544	0.74256	1.0357	474.59	0.026730	3.5649e-05	0.049173	supercritical
578.00	131.00	84.215	0.011874	377.99	533.54	5.7562	0.74285	1.0358	474.96	0.026464	3.5688e-05	0.049233	supercritical
579.00	131.00	84.067	0.011895	378.75	534.58	5.7580	0.74313	1.0360	475.33	0.026198	3.5727e-05	0.049292	supercritical
580.00	131.00	83.918	0.011916	379.51	535.62	5.7598	0.74341	1.0361	475.69	0.025934	3.5766e-05	0.049352	supercritical
581.00	131.00	83.771	0.011937	380.27	536.65	5.7616	0.74369	1.0363	476.06	0.025670	3.5804e-05	0.049412	supercritical
582.00	131.00	83.624	0.011958	381.03	537.69	5.7634	0.74397	1.0364	476.42	0.025408	3.5843e-05	0.049471	supercritical
583.00	131.00	83.477	0.011979	381.80	538.73	5.7651	0.74425	1.0365	476.79	0.025147	3.5882e-05	0.049531	supercritical
584.00	131.00	83.331	0.012000	382.56	539.76	5.7669	0.74454	1.0367	477.15	0.024886	3.5920e-05	0.049590	supercritical
585.00	131.00	83.186	0.012021	383.32	540.80	5.7687	0.74482	1.0368	477.52	0.024627	3.5959e-05	0.049650	supercritical
586.00	131.00	83.041	0.012042	384.08	541.84	5.7705	0.74510	1.0370	477.88	0.024369	3.5998e-05	0.049710	supercritical
587.00	131.00	82.896	0.012063	384.84	542.87	5.7722	0.74538	1.0371	478.25	0.024112	3.6036e-05	0.049769	supercritical
588.00	131.00	82.752	0.012084	385.61	543.91	5.7740	0.74566	1.0373	478.61	0.023857	3.6075e-05	0.049829	supercritical
589.00	131.00	82.609	0.012105	386.37	544.95	5.7758	0.74594	1.0374	478.97	0.023602	3.6113e-05	0.049888	supercritical
590.00	131.00	82.466	0.012126	387.13	545.99	5.7775	0.74622	1.0376	479.33	0.023348	3.6152e-05	0.049948	supercritical
591.00	131.00	82.324	0.012147	387.89	547.02	5.7793	0.74650	1.0377	479.70	0.023095	3.6190e-05	0.050007	supercritical
592.00	131.00	82.182	0.012168	388.66	548.06	5.7810	0.74678	1.0379	480.06	0.022844	3.6229e-05	0.050067	supercritical
593.00	131.00	82.041	0.012189	389.42	549.10	5.7828	0.74706	1.0380	480.42	0.022593	3.6267e-05	0.050126	supercritical
594.00	131.00	81.900	0.012210	390.19	550.14	5.7845	0.74734	1.0382	480.78	0.022344	3.6306e-05	0.050186	supercritical
595.00	131.00	81.760	0.012231	390.95	551.17	5.7863	0.74762	1.0384	481.14	0.022095	3.6344e-05	0.050245	supercritical
596.00	131.00	81.620	0.012252	391.71	552.21	5.7880	0.74789	1.0385	481.50	0.021847	3.6383e-05	0.050305	supercritical
597.00	131.00	81.481	0.012273	392.48	553.25	5.7898	0.74817	1.0387	481.86	0.021601	3.6421e-05	0.050364	supercritical
598.00	131.00	81.342	0.012294	393.24	554.29	5.7915	0.74845	1.0388	482.22	0.021355	3.6459e-05	0.050424	supercritical
599.00	131.00	81.204	0.012315	394.01	555.33	5.7932	0.74873	1.0390	482.58	0.021111	3.6497e-05	0.050483	supercritical
600.00	131.00	81.066	0.012336	394.77	556.37	5.7950	0.74901	1.0391	482.94	0.020867	3.6536e-05	0.050542	supercritical
