Temperature (K)	Pressure (bar)	Density (kg/m3)	Volume (m3/kg)	Internal Energy (kJ/kg)	Enthalpy (kJ/kg)	Entropy (J/g*K)	Cv (J/g*K)	Cp (J/g*K)	Sound Spd. (m/s)	Joule-Thomson (K/bar)	Viscosity (Pa*s)	Therm. Cond. (W/m*K)	Phase
60.000	154.00	1299.7	0.00076938	-186.47	-174.62	2.2178	1.0944	1.6433	1168.5	-0.037909	0.00065119	0.20006	liquid
61.000	154.00	1295.6	0.00077184	-184.86	-172.98	2.2450	1.0875	1.6461	1164.6	-0.037746	0.00062068	0.19879	liquid
62.000	154.00	1291.5	0.00077432	-183.25	-171.33	2.2718	1.0813	1.6483	1160.0	-0.037603	0.00059219	0.19752	liquid
63.000	154.00	1287.3	0.00077682	-181.64	-169.68	2.2981	1.0756	1.6499	1154.8	-0.037476	0.00056557	0.19624	liquid
64.000	154.00	1283.1	0.00077935	-180.03	-168.03	2.3241	1.0702	1.6511	1149.3	-0.037364	0.00054071	0.19497	liquid
65.000	154.00	1278.9	0.00078189	-178.42	-166.38	2.3497	1.0650	1.6519	1143.4	-0.037263	0.00051745	0.19369	liquid
66.000	154.00	1274.8	0.00078446	-176.81	-164.73	2.3750	1.0601	1.6523	1137.2	-0.037173	0.00049569	0.19242	liquid
67.000	154.00	1270.6	0.00078705	-175.19	-163.07	2.3998	1.0552	1.6524	1130.9	-0.037089	0.00047530	0.19115	liquid
68.000	154.00	1266.4	0.00078966	-173.58	-161.42	2.4243	1.0505	1.6522	1124.3	-0.037011	0.00045620	0.18987	liquid
69.000	154.00	1262.2	0.00079229	-171.97	-159.77	2.4484	1.0459	1.6518	1117.7	-0.036937	0.00043827	0.18860	liquid
70.000	154.00	1258.0	0.00079494	-170.36	-158.12	2.4722	1.0413	1.6513	1110.9	-0.036866	0.00042144	0.18733	liquid
71.000	154.00	1253.7	0.00079761	-168.75	-156.47	2.4956	1.0368	1.6506	1104.1	-0.036795	0.00040562	0.18605	liquid
72.000	154.00	1249.5	0.00080030	-167.14	-154.82	2.5187	1.0323	1.6498	1097.2	-0.036725	0.00039074	0.18478	liquid
73.000	154.00	1245.3	0.00080301	-165.53	-153.17	2.5414	1.0279	1.6489	1090.3	-0.036653	0.00037672	0.18351	liquid
74.000	154.00	1241.1	0.00080575	-163.93	-151.52	2.5638	1.0235	1.6480	1083.3	-0.036579	0.00036352	0.18224	liquid
75.000	154.00	1236.9	0.00080850	-162.32	-149.87	2.5860	1.0191	1.6471	1076.4	-0.036503	0.00035106	0.18096	liquid
76.000	154.00	1232.6	0.00081127	-160.72	-148.22	2.6078	1.0148	1.6462	1069.4	-0.036423	0.00033929	0.17969	liquid
77.000	154.00	1228.4	0.00081407	-159.11	-146.58	2.6293	1.0105	1.6453	1062.4	-0.036339	0.00032816	0.17842	liquid
78.000	154.00	1224.2	0.00081689	-157.51	-144.93	2.6505	1.0062	1.6444	1055.4	-0.036250	0.00031764	0.17715	liquid
79.000	154.00	1219.9	0.00081973	-155.91	-143.29	2.6715	1.0020	1.6436	1048.4	-0.036156	0.00030767	0.17588	liquid
80.000	154.00	1215.7	0.00082260	-154.31	-141.65	2.6921	0.99776	1.6428	1041.4	-0.036056	0.00029822	0.17461	liquid
81.000	154.00	1211.4	0.00082549	-152.72	-140.00	2.7125	0.99360	1.6422	1034.4	-0.035949	0.00028926	0.17333	liquid
82.000	154.00	1207.1	0.00082840	-151.12	-138.36	2.7327	0.98948	1.6415	1027.4	-0.035837	0.00028074	0.17206	liquid
83.000	154.00	1202.9	0.00083134	-149.52	-136.72	2.7526	0.98541	1.6410	1020.5	-0.035717	0.00027264	0.17079	liquid
84.000	154.00	1198.6	0.00083431	-147.93	-135.08	2.7722	0.98138	1.6405	1013.5	-0.035591	0.00026493	0.16952	liquid
85.000	154.00	1194.3	0.00083731	-146.33	-133.44	2.7916	0.97739	1.6402	1006.6	-0.035456	0.00025759	0.16824	liquid
86.000	154.00	1190.0	0.00084033	-144.74	-131.80	2.8108	0.97345	1.6399	999.62	-0.035315	0.00025059	0.16697	liquid
87.000	154.00	1185.7	0.00084338	-143.15	-130.16	2.8298	0.96956	1.6397	992.70	-0.035165	0.00024391	0.16569	liquid
88.000	154.00	1181.4	0.00084646	-141.56	-128.52	2.8485	0.96571	1.6396	985.78	-0.035007	0.00023753	0.16442	liquid
89.000	154.00	1177.1	0.00084958	-139.96	-126.88	2.8670	0.96191	1.6397	978.87	-0.034840	0.00023143	0.16314	liquid
90.000	154.00	1172.7	0.00085272	-138.37	-125.24	2.8854	0.95816	1.6398	971.97	-0.034665	0.00022559	0.16187	liquid
91.000	154.00	1168.4	0.00085589	-136.78	-123.60	2.9035	0.95445	1.6401	965.08	-0.034481	0.00022000	0.16059	liquid
92.000	154.00	1164.0	0.00085910	-135.19	-121.96	2.9214	0.95079	1.6404	958.19	-0.034288	0.00021464	0.15932	liquid
93.000	154.00	1159.6	0.00086234	-133.60	-120.32	2.9391	0.94718	1.6409	951.31	-0.034086	0.00020950	0.15804	liquid
94.000	154.00	1155.2	0.00086562	-132.01	-118.68	2.9567	0.94362	1.6414	944.44	-0.033874	0.00020455	0.15676	liquid
95.000	154.00	1150.8	0.00086893	-130.42	-117.04	2.9741	0.94010	1.6421	937.57	-0.033652	0.00019981	0.15549	liquid
96.000	154.00	1146.4	0.00087228	-128.83	-115.39	2.9913	0.93663	1.6429	930.71	-0.033421	0.00019524	0.15421	liquid
97.000	154.00	1142.0	0.00087566	-127.24	-113.75	3.0083	0.93320	1.6438	923.86	-0.033179	0.00019084	0.15293	liquid
98.000	154.00	1137.5	0.00087909	-125.64	-112.11	3.0252	0.92982	1.6448	917.00	-0.032927	0.00018660	0.15165	liquid
99.000	154.00	1133.1	0.00088255	-124.05	-110.46	3.0419	0.92649	1.6459	910.15	-0.032664	0.00018251	0.15038	liquid
100.00	154.00	1128.6	0.00088606	-122.46	-108.81	3.0584	0.92320	1.6472	903.31	-0.032390	0.00017857	0.14910	liquid
101.00	154.00	1124.1	0.00088960	-120.87	-107.17	3.0748	0.91995	1.6485	896.46	-0.032105	0.00017476	0.14782	liquid
102.00	154.00	1119.6	0.00089319	-119.27	-105.52	3.0911	0.91675	1.6500	889.62	-0.031808	0.00017107	0.14654	liquid
103.00	154.00	1115.0	0.00089683	-117.68	-103.87	3.1072	0.91360	1.6516	882.78	-0.031500	0.00016751	0.14526	liquid
104.00	154.00	1110.5	0.00090050	-116.08	-102.21	3.1231	0.91048	1.6533	875.94	-0.031179	0.00016406	0.14399	liquid
105.00	154.00	1105.9	0.00090423	-114.49	-100.56	3.1390	0.90741	1.6551	869.09	-0.030846	0.00016072	0.14271	liquid
106.00	154.00	1101.3	0.00090800	-112.89	-98.904	3.1547	0.90438	1.6570	862.25	-0.030501	0.00015748	0.14143	liquid
107.00	154.00	1096.7	0.00091183	-111.29	-97.246	3.1702	0.90140	1.6590	855.41	-0.030142	0.00015434	0.14015	liquid
108.00	154.00	1092.1	0.00091570	-109.69	-95.586	3.1857	0.89845	1.6612	848.56	-0.029770	0.00015129	0.13888	liquid
109.00	154.00	1087.4	0.00091963	-108.09	-93.924	3.2010	0.89555	1.6635	841.71	-0.029384	0.00014832	0.13760	liquid
110.00	154.00	1082.7	0.00092361	-106.48	-92.259	3.2162	0.89268	1.6659	834.86	-0.028984	0.00014544	0.13633	liquid
111.00	154.00	1078.0	0.00092764	-104.88	-90.592	3.2313	0.88986	1.6685	828.01	-0.028569	0.00014264	0.13505	liquid
112.00	154.00	1073.3	0.00093173	-103.27	-88.922	3.2463	0.88707	1.6711	821.16	-0.028139	0.00013992	0.13378	liquid
113.00	154.00	1068.5	0.00093588	-101.66	-87.250	3.2611	0.88433	1.6739	814.30	-0.027693	0.00013727	0.13251	liquid
114.00	154.00	1063.7	0.00094009	-100.05	-85.574	3.2759	0.88162	1.6768	807.43	-0.027232	0.00013468	0.13124	liquid
115.00	154.00	1058.9	0.00094437	-98.439	-83.896	3.2905	0.87895	1.6799	800.56	-0.026754	0.00013216	0.12997	liquid
116.00	154.00	1054.1	0.00094870	-96.824	-82.214	3.3051	0.87632	1.6831	793.69	-0.026258	0.00012971	0.12871	liquid
117.00	154.00	1049.2	0.00095310	-95.207	-80.530	3.3196	0.87373	1.6864	786.81	-0.025745	0.00012731	0.12745	liquid
118.00	154.00	1044.3	0.00095757	-93.588	-78.842	3.3339	0.87117	1.6899	779.93	-0.025214	0.00012497	0.12619	liquid
119.00	154.00	1039.4	0.00096211	-91.966	-77.150	3.3482	0.86866	1.6935	773.04	-0.024664	0.00012268	0.12493	liquid
120.00	154.00	1034.4	0.00096672	-90.342	-75.454	3.3624	0.86618	1.6972	766.15	-0.024094	0.00012045	0.12367	liquid
121.00	154.00	1029.4	0.00097141	-88.715	-73.755	3.3765	0.86374	1.7012	759.25	-0.023504	0.00011827	0.12242	liquid
122.00	154.00	1024.4	0.00097617	-87.085	-72.052	3.3905	0.86133	1.7052	752.34	-0.022893	0.00011613	0.12117	liquid
123.00	154.00	1019.4	0.00098101	-85.452	-70.345	3.4044	0.85896	1.7095	745.43	-0.022260	0.00011404	0.11992	liquid
124.00	154.00	1014.3	0.00098594	-83.817	-68.633	3.4183	0.85663	1.7139	738.51	-0.021605	0.00011200	0.11867	liquid
125.00	154.00	1009.1	0.00099094	-82.178	-66.917	3.4321	0.85434	1.7184	731.59	-0.020927	0.00011000	0.11743	liquid
126.00	154.00	1004.0	0.00099604	-80.535	-65.196	3.4458	0.85208	1.7231	724.65	-0.020224	0.00010804	0.11619	liquid
127.00	154.00	998.78	0.0010012	-78.890	-63.471	3.4594	0.84987	1.7281	717.71	-0.019496	0.00010612	0.11495	liquid
128.00	154.00	993.54	0.0010065	-77.240	-61.740	3.4730	0.84768	1.7331	710.77	-0.018742	0.00010424	0.11371	liquid
129.00	154.00	988.26	0.0010119	-75.587	-60.004	3.4865	0.84554	1.7384	703.81	-0.017961	0.00010239	0.11248	liquid
130.00	154.00	982.95	0.0010173	-73.930	-58.263	3.5000	0.84343	1.7439	696.85	-0.017151	0.00010059	0.11125	liquid
131.00	154.00	977.59	0.0010229	-72.269	-56.516	3.5134	0.84136	1.7496	689.89	-0.016313	9.8812e-05	0.11003	liquid
132.00	154.00	972.18	0.0010286	-70.605	-54.764	3.5267	0.83933	1.7555	682.91	-0.015444	9.7071e-05	0.10881	liquid
133.00	154.00	966.74	0.0010344	-68.935	-53.005	3.5400	0.83733	1.7616	675.93	-0.014543	9.5364e-05	0.10759	liquid
134.00	154.00	961.25	0.0010403	-67.262	-51.241	3.5532	0.83538	1.7679	668.94	-0.013609	9.3687e-05	0.10638	liquid
135.00	154.00	955.71	0.0010463	-65.583	-49.470	3.5663	0.83346	1.7744	661.94	-0.012641	9.2041e-05	0.10517	liquid
136.00	154.00	950.12	0.0010525	-63.900	-47.692	3.5795	0.83158	1.7812	654.94	-0.011637	9.0425e-05	0.10397	liquid
137.00	154.00	944.49	0.0010588	-62.212	-45.907	3.5925	0.82974	1.7882	647.93	-0.010596	8.8838e-05	0.10277	liquid
138.00	154.00	938.80	0.0010652	-60.519	-44.115	3.6056	0.82794	1.7955	640.92	-0.0095160	8.7279e-05	0.10157	liquid
139.00	154.00	933.06	0.0010717	-58.821	-42.316	3.6186	0.82617	1.8030	633.90	-0.0083956	8.5747e-05	0.10038	liquid
140.00	154.00	927.27	0.0010784	-57.117	-40.509	3.6315	0.82445	1.8108	626.87	-0.0072331	8.4241e-05	0.099201	liquid
141.00	154.00	921.43	0.0010853	-55.407	-38.694	3.6444	0.82277	1.8189	619.84	-0.0060267	8.2761e-05	0.098024	liquid
142.00	154.00	915.52	0.0010923	-53.692	-36.871	3.6573	0.82113	1.8273	612.81	-0.0047744	8.1307e-05	0.096852	liquid
143.00	154.00	909.56	0.0010994	-51.971	-35.040	3.6702	0.81953	1.8359	605.77	-0.0034743	7.9877e-05	0.095686	liquid
144.00	154.00	903.54	0.0011068	-50.243	-33.199	3.6830	0.81797	1.8449	598.73	-0.0021243	7.8472e-05	0.094527	liquid
145.00	154.00	897.46	0.0011143	-48.509	-31.350	3.6958	0.81645	1.8542	591.69	-0.00072234	7.7090e-05	0.093374	liquid
146.00	154.00	891.31	0.0011219	-46.769	-29.491	3.7086	0.81498	1.8638	584.65	0.00073393	7.5731e-05	0.092228	liquid
147.00	154.00	885.10	0.0011298	-45.021	-27.622	3.7213	0.81355	1.8738	577.60	0.0022468	7.4394e-05	0.091089	liquid
148.00	154.00	878.82	0.0011379	-43.267	-25.743	3.7341	0.81216	1.8840	570.56	0.0038188	7.3079e-05	0.089957	liquid
149.00	154.00	872.47	0.0011462	-41.505	-23.854	3.7468	0.81081	1.8947	563.53	0.0054524	7.1787e-05	0.088832	liquid
150.00	154.00	866.05	0.0011547	-39.735	-21.954	3.7595	0.80951	1.9057	556.49	0.0071502	7.0515e-05	0.087715	liquid
151.00	154.00	859.56	0.0011634	-37.958	-20.042	3.7722	0.80826	1.9171	549.47	0.0089151	6.9264e-05	0.086606	liquid
152.00	154.00	852.99	0.0011723	-36.173	-18.119	3.7849	0.80704	1.9289	542.45	0.010750	6.8033e-05	0.085505	liquid
153.00	154.00	846.35	0.0011815	-34.380	-16.184	3.7976	0.80588	1.9410	535.44	0.012657	6.6823e-05	0.084412	liquid
154.00	154.00	839.63	0.0011910	-32.578	-14.237	3.8103	0.80476	1.9536	528.45	0.014641	6.5632e-05	0.083327	liquid
155.00	154.00	832.83	0.0012007	-30.768	-12.277	3.8229	0.80368	1.9666	521.47	0.016703	6.4461e-05	0.082252	supercritical
156.00	154.00	825.94	0.0012107	-28.949	-10.304	3.8356	0.80265	1.9800	514.51	0.018847	6.3309e-05	0.081185	supercritical
157.00	154.00	818.97	0.0012210	-27.121	-8.3169	3.8483	0.80167	1.9938	507.57	0.021076	6.2175e-05	0.080127	supercritical
158.00	154.00	811.92	0.0012317	-25.284	-6.3161	3.8610	0.80073	2.0080	500.66	0.023394	6.1061e-05	0.079079	supercritical
159.00	154.00	804.77	0.0012426	-23.437	-4.3008	3.8737	0.79983	2.0226	493.78	0.025804	5.9964e-05	0.078041	supercritical
160.00	154.00	797.54	0.0012539	-21.580	-2.2707	3.8865	0.79898	2.0376	486.93	0.028309	5.8886e-05	0.077012	supercritical
161.00	154.00	790.22	0.0012655	-19.714	-0.22538	3.8992	0.79817	2.0531	480.12	0.030912	5.7825e-05	0.075993	supercritical
162.00	154.00	782.80	0.0012775	-17.837	1.8356	3.9120	0.79741	2.0689	473.35	0.033616	5.6783e-05	0.074985	supercritical
163.00	154.00	775.29	0.0012898	-15.951	3.9126	3.9248	0.79668	2.0852	466.63	0.036425	5.5757e-05	0.073986	supercritical
164.00	154.00	767.69	0.0013026	-14.054	6.0060	3.9376	0.79599	2.1017	459.97	0.039342	5.4749e-05	0.072999	supercritical
165.00	154.00	759.99	0.0013158	-12.147	8.1162	3.9504	0.79534	2.1186	453.36	0.042369	5.3758e-05	0.072022	supercritical
166.00	154.00	752.19	0.0013294	-10.230	10.243	3.9632	0.79472	2.1358	446.82	0.045507	5.2784e-05	0.071056	supercritical
167.00	154.00	744.30	0.0013435	-8.3027	12.388	3.9761	0.79414	2.1532	440.36	0.048761	5.1828e-05	0.070101	supercritical
168.00	154.00	736.31	0.0013581	-6.3651	14.550	3.9890	0.79358	2.1709	433.97	0.052130	5.0888e-05	0.069157	supercritical
169.00	154.00	728.23	0.0013732	-4.4175	16.730	4.0020	0.79305	2.1886	427.67	0.055615	4.9965e-05	0.068224	supercritical
170.00	154.00	720.06	0.0013888	-2.4601	18.927	4.0149	0.79254	2.2063	421.47	0.059217	4.9058e-05	0.067303	supercritical
171.00	154.00	711.79	0.0014049	-0.49328	21.142	4.0279	0.79205	2.2240	415.38	0.062935	4.8169e-05	0.066393	supercritical
172.00	154.00	703.44	0.0014216	1.4826	23.375	4.0409	0.79157	2.2416	409.39	0.066767	4.7296e-05	0.065495	supercritical
173.00	154.00	695.00	0.0014388	3.4671	25.625	4.0540	0.79110	2.2588	403.53	0.070711	4.6440e-05	0.064609	supercritical
174.00	154.00	686.48	0.0014567	5.4596	27.893	4.0671	0.79064	2.2757	397.79	0.074762	4.5601e-05	0.063734	supercritical
175.00	154.00	677.90	0.0014752	7.4592	30.177	4.0801	0.79018	2.2919	392.20	0.078916	4.4780e-05	0.062871	supercritical
176.00	154.00	669.24	0.0014942	9.4651	32.476	4.0933	0.78971	2.3075	386.76	0.083166	4.3975e-05	0.062020	supercritical
177.00	154.00	660.53	0.0015139	11.476	34.791	4.1064	0.78924	2.3221	381.47	0.087506	4.3188e-05	0.061180	supercritical
178.00	154.00	651.76	0.0015343	13.492	37.120	4.1195	0.78876	2.3358	376.35	0.091925	4.2419e-05	0.060353	supercritical
179.00	154.00	642.96	0.0015553	15.511	39.462	4.1326	0.78826	2.3482	371.40	0.096416	4.1667e-05	0.059538	supercritical
180.00	154.00	634.12	0.0015770	17.531	41.816	4.1457	0.78774	2.3593	366.63	0.10097	4.0934e-05	0.058736	supercritical
181.00	154.00	625.27	0.0015993	19.551	44.180	4.1588	0.78719	2.3689	362.06	0.10557	4.0219e-05	0.057945	supercritical
182.00	154.00	616.42	0.0016223	21.570	46.554	4.1719	0.78661	2.3769	357.67	0.11021	3.9522e-05	0.057168	supercritical
183.00	154.00	607.57	0.0016459	23.587	48.934	4.1849	0.78599	2.3832	353.48	0.11487	3.8844e-05	0.056403	supercritical
184.00	154.00	598.74	0.0016702	25.598	51.319	4.1979	0.78533	2.3877	349.49	0.11955	3.8185e-05	0.055651	supercritical
185.00	154.00	589.94	0.0016951	27.604	53.708	4.2109	0.78462	2.3903	345.70	0.12422	3.7545e-05	0.054913	supercritical
186.00	154.00	581.19	0.0017206	29.602	56.099	4.2238	0.78386	2.3909	342.12	0.12889	3.6925e-05	0.054188	supercritical
187.00	154.00	572.50	0.0017467	31.590	58.490	4.2366	0.78305	2.3895	338.73	0.13352	3.6324e-05	0.053476	supercritical
188.00	154.00	563.89	0.0017734	33.567	60.878	4.2493	0.78218	2.3861	335.55	0.13811	3.5742e-05	0.052779	supercritical
189.00	154.00	555.36	0.0018006	35.531	63.261	4.2620	0.78125	2.3807	332.56	0.14265	3.5180e-05	0.052096	supercritical
190.00	154.00	546.93	0.0018284	37.481	65.638	4.2745	0.78026	2.3734	329.77	0.14712	3.4637e-05	0.051427	supercritical
191.00	154.00	538.61	0.0018566	39.415	68.007	4.2870	0.77921	2.3641	327.17	0.15150	3.4114e-05	0.050774	supercritical
192.00	154.00	530.42	0.0018853	41.332	70.366	4.2993	0.77809	2.3529	324.76	0.15579	3.3610e-05	0.050136	supercritical
193.00	154.00	522.35	0.0019144	43.230	72.712	4.3115	0.77692	2.3399	322.52	0.15998	3.3125e-05	0.049513	supercritical
194.00	154.00	514.42	0.0019439	45.108	75.045	4.3235	0.77568	2.3252	320.46	0.16404	3.2660e-05	0.048906	supercritical
195.00	154.00	506.64	0.0019738	46.966	77.362	4.3354	0.77439	2.3089	318.57	0.16798	3.2213e-05	0.048315	supercritical
196.00	154.00	499.02	0.0020039	48.802	79.662	4.3472	0.77304	2.2912	316.84	0.17177	3.1785e-05	0.047740	supercritical
197.00	154.00	491.55	0.0020344	50.615	81.944	4.3588	0.77165	2.2722	315.27	0.17543	3.1375e-05	0.047181	supercritical
198.00	154.00	484.25	0.0020651	52.405	84.206	4.3703	0.77022	2.2521	313.84	0.17893	3.0983e-05	0.046640	supercritical
199.00	154.00	477.12	0.0020959	54.171	86.448	4.3816	0.76874	2.2310	312.55	0.18227	3.0608e-05	0.046114	supercritical
200.00	154.00	470.15	0.0021270	55.913	88.668	4.3927	0.76724	2.2091	311.40	0.18546	3.0251e-05	0.045606	supercritical
201.00	154.00	463.36	0.0021582	57.630	90.866	4.4036	0.76570	2.1865	310.37	0.18848	2.9910e-05	0.045114	supercritical
202.00	154.00	456.74	0.0021894	59.324	93.041	4.4144	0.76414	2.1634	309.46	0.19134	2.9585e-05	0.044638	supercritical
203.00	154.00	450.29	0.0022208	60.992	95.193	4.4251	0.76257	2.1399	308.66	0.19404	2.9275e-05	0.044180	supercritical
204.00	154.00	444.00	0.0022522	62.637	97.321	4.4355	0.76098	2.1162	307.97	0.19658	2.8980e-05	0.043737	supercritical
205.00	154.00	437.89	0.0022837	64.257	99.425	4.4458	0.75939	2.0924	307.37	0.19897	2.8700e-05	0.043310	supercritical
206.00	154.00	431.94	0.0023151	65.853	101.51	4.4559	0.75779	2.0685	306.86	0.20119	2.8434e-05	0.042899	supercritical
207.00	154.00	426.16	0.0023465	67.425	103.56	4.4659	0.75620	2.0447	306.44	0.20327	2.8181e-05	0.042504	supercritical
208.00	154.00	420.53	0.0023779	68.975	105.59	4.4757	0.75461	2.0210	306.10	0.20520	2.7941e-05	0.042124	supercritical
209.00	154.00	415.06	0.0024093	70.501	107.60	4.4853	0.75302	1.9976	305.83	0.20698	2.7713e-05	0.041758	supercritical
210.00	154.00	409.74	0.0024406	72.006	109.59	4.4948	0.75145	1.9745	305.63	0.20863	2.7497e-05	0.041407	supercritical
211.00	154.00	404.57	0.0024718	73.488	111.55	4.5041	0.74989	1.9517	305.49	0.21014	2.7293e-05	0.041070	supercritical
212.00	154.00	399.54	0.0025029	74.950	113.49	4.5133	0.74835	1.9293	305.42	0.21152	2.7098e-05	0.040746	supercritical
213.00	154.00	394.65	0.0025339	76.391	115.41	4.5223	0.74682	1.9073	305.39	0.21278	2.6915e-05	0.040436	supercritical
214.00	154.00	389.90	0.0025648	77.811	117.31	4.5312	0.74532	1.8858	305.42	0.21393	2.6740e-05	0.040139	supercritical
215.00	154.00	385.28	0.0025955	79.213	119.18	4.5400	0.74383	1.8647	305.49	0.21495	2.6575e-05	0.039854	supercritical
216.00	154.00	380.78	0.0026262	80.595	121.04	4.5486	0.74237	1.8442	305.61	0.21587	2.6419e-05	0.039580	supercritical
217.00	154.00	376.41	0.0026567	81.959	122.87	4.5570	0.74094	1.8241	305.77	0.21669	2.6272e-05	0.039319	supercritical
218.00	154.00	372.15	0.0026871	83.305	124.69	4.5654	0.73952	1.8045	305.96	0.21740	2.6132e-05	0.039068	supercritical
219.00	154.00	368.01	0.0027173	84.634	126.48	4.5736	0.73814	1.7854	306.19	0.21802	2.6000e-05	0.038828	supercritical
220.00	154.00	363.97	0.0027475	85.947	128.26	4.5817	0.73678	1.7668	306.46	0.21856	2.5876e-05	0.038598	supercritical
221.00	154.00	360.05	0.0027774	87.243	130.02	4.5897	0.73545	1.7488	306.75	0.21900	2.5758e-05	0.038379	supercritical
222.00	154.00	356.22	0.0028073	88.524	131.76	4.5975	0.73414	1.7312	307.07	0.21937	2.5647e-05	0.038168	supercritical
223.00	154.00	352.49	0.0028369	89.789	133.48	4.6053	0.73286	1.7141	307.41	0.21965	2.5542e-05	0.037967	supercritical
224.00	154.00	348.86	0.0028665	91.040	135.18	4.6129	0.73161	1.6975	307.78	0.21987	2.5444e-05	0.037775	supercritical
225.00	154.00	345.32	0.0028959	92.277	136.87	4.6204	0.73039	1.6814	308.17	0.22001	2.5351e-05	0.037591	supercritical
226.00	154.00	341.87	0.0029251	93.500	138.55	4.6278	0.72919	1.6657	308.58	0.22009	2.5263e-05	0.037416	supercritical
227.00	154.00	338.50	0.0029542	94.710	140.20	4.6352	0.72803	1.6505	309.00	0.22011	2.5180e-05	0.037248	supercritical
228.00	154.00	335.22	0.0029831	95.907	141.85	4.6424	0.72688	1.6357	309.45	0.22006	2.5103e-05	0.037087	supercritical
229.00	154.00	332.01	0.0030119	97.092	143.48	4.6495	0.72577	1.6213	309.91	0.21996	2.5030e-05	0.036934	supercritical
230.00	154.00	328.89	0.0030406	98.265	145.09	4.6565	0.72468	1.6074	310.39	0.21981	2.4962e-05	0.036788	supercritical
231.00	154.00	325.83	0.0030691	99.427	146.69	4.6635	0.72362	1.5939	310.88	0.21961	2.4898e-05	0.036649	supercritical
232.00	154.00	322.85	0.0030975	100.58	148.28	4.6703	0.72258	1.5807	311.38	0.21936	2.4838e-05	0.036515	supercritical
233.00	154.00	319.93	0.0031257	101.72	149.85	4.6771	0.72157	1.5680	311.89	0.21906	2.4782e-05	0.036388	supercritical
234.00	154.00	317.08	0.0031538	102.85	151.41	4.6838	0.72058	1.5556	312.42	0.21872	2.4729e-05	0.036267	supercritical
235.00	154.00	314.30	0.0031817	103.97	152.96	4.6904	0.71962	1.5435	312.95	0.21835	2.4681e-05	0.036152	supercritical
236.00	154.00	311.57	0.0032095	105.07	154.50	4.6969	0.71868	1.5319	313.50	0.21793	2.4635e-05	0.036042	supercritical
237.00	154.00	308.91	0.0032372	106.17	156.03	4.7034	0.71776	1.5205	314.05	0.21748	2.4593e-05	0.035937	supercritical
238.00	154.00	306.30	0.0032648	107.27	157.54	4.7098	0.71687	1.5095	314.61	0.21699	2.4554e-05	0.035838	supercritical
239.00	154.00	303.75	0.0032922	108.35	159.05	4.7161	0.71600	1.4988	315.18	0.21648	2.4518e-05	0.035743	supercritical
240.00	154.00	301.25	0.0033195	109.42	160.54	4.7223	0.71515	1.4884	315.75	0.21593	2.4485e-05	0.035653	supercritical
241.00	154.00	298.81	0.0033466	110.49	162.02	4.7285	0.71433	1.4783	316.33	0.21536	2.4454e-05	0.035567	supercritical
242.00	154.00	296.42	0.0033736	111.54	163.50	4.7346	0.71352	1.4684	316.92	0.21476	2.4426e-05	0.035486	supercritical
243.00	154.00	294.07	0.0034006	112.59	164.96	4.7406	0.71274	1.4589	317.51	0.21413	2.4401e-05	0.035409	supercritical
244.00	154.00	291.77	0.0034273	113.63	166.41	4.7466	0.71198	1.4496	318.11	0.21348	2.4378e-05	0.035336	supercritical
245.00	154.00	289.52	0.0034540	114.67	167.86	4.7525	0.71123	1.4405	318.71	0.21281	2.4357e-05	0.035267	supercritical
246.00	154.00	287.31	0.0034806	115.70	169.30	4.7583	0.71051	1.4317	319.31	0.21212	2.4339e-05	0.035201	supercritical
247.00	154.00	285.14	0.0035070	116.72	170.72	4.7641	0.70980	1.4232	319.92	0.21141	2.4322e-05	0.035140	supercritical
248.00	154.00	283.02	0.0035333	117.73	172.14	4.7699	0.70911	1.4148	320.53	0.21068	2.4308e-05	0.035081	supercritical
249.00	154.00	280.94	0.0035595	118.74	173.55	4.7755	0.70844	1.4067	321.14	0.20994	2.4295e-05	0.035026	supercritical
250.00	154.00	278.89	0.0035856	119.74	174.96	4.7812	0.70779	1.3989	321.76	0.20918	2.4284e-05	0.034974	supercritical
251.00	154.00	276.88	0.0036116	120.73	176.35	4.7867	0.70716	1.3912	322.38	0.20840	2.4276e-05	0.034925	supercritical
252.00	154.00	274.91	0.0036375	121.72	177.74	4.7923	0.70654	1.3837	323.00	0.20761	2.4268e-05	0.034879	supercritical
253.00	154.00	272.98	0.0036633	122.70	179.12	4.7977	0.70594	1.3764	323.63	0.20681	2.4263e-05	0.034837	supercritical
254.00	154.00	271.08	0.0036890	123.68	180.49	4.8031	0.70535	1.3693	324.25	0.20599	2.4259e-05	0.034796	supercritical
255.00	154.00	269.21	0.0037146	124.65	181.86	4.8085	0.70478	1.3624	324.88	0.20517	2.4257e-05	0.034759	supercritical
256.00	154.00	267.38	0.0037400	125.62	183.22	4.8138	0.70423	1.3557	325.51	0.20433	2.4256e-05	0.034724	supercritical
257.00	154.00	265.57	0.0037654	126.58	184.57	4.8191	0.70369	1.3491	326.14	0.20348	2.4256e-05	0.034692	supercritical
258.00	154.00	263.80	0.0037907	127.54	185.91	4.8243	0.70316	1.3427	326.77	0.20263	2.4258e-05	0.034662	supercritical
259.00	154.00	262.06	0.0038159	128.49	187.25	4.8295	0.70265	1.3364	327.40	0.20177	2.4261e-05	0.034634	supercritical
260.00	154.00	260.35	0.0038410	129.44	188.59	4.8346	0.70216	1.3303	328.03	0.20089	2.4265e-05	0.034609	supercritical
261.00	154.00	258.67	0.0038660	130.38	189.91	4.8397	0.70167	1.3244	328.66	0.20002	2.4271e-05	0.034586	supercritical
262.00	154.00	257.01	0.0038909	131.32	191.24	4.8448	0.70120	1.3186	329.30	0.19913	2.4277e-05	0.034565	supercritical
263.00	154.00	255.38	0.0039157	132.25	192.55	4.8498	0.70075	1.3129	329.93	0.19824	2.4285e-05	0.034546	supercritical
264.00	154.00	253.78	0.0039405	133.18	193.86	4.8548	0.70030	1.3074	330.56	0.19735	2.4294e-05	0.034529	supercritical
265.00	154.00	252.20	0.0039651	134.10	195.17	4.8597	0.69987	1.3020	331.20	0.19645	2.4304e-05	0.034514	supercritical
266.00	154.00	250.64	0.0039897	135.02	196.47	4.8646	0.69945	1.2967	331.83	0.19554	2.4315e-05	0.034500	supercritical
267.00	154.00	249.12	0.0040142	135.94	197.76	4.8695	0.69904	1.2916	332.46	0.19464	2.4327e-05	0.034489	supercritical
268.00	154.00	247.61	0.0040386	136.85	199.05	4.8743	0.69864	1.2866	333.10	0.19372	2.4340e-05	0.034479	supercritical
269.00	154.00	246.13	0.0040629	137.76	200.33	4.8791	0.69826	1.2817	333.73	0.19281	2.4354e-05	0.034471	supercritical
270.00	154.00	244.67	0.0040872	138.67	201.61	4.8838	0.69788	1.2769	334.36	0.19189	2.4368e-05	0.034465	supercritical
271.00	154.00	243.23	0.0041114	139.57	202.89	4.8885	0.69752	1.2722	334.99	0.19097	2.4384e-05	0.034460	supercritical
272.00	154.00	241.81	0.0041355	140.47	204.16	4.8932	0.69716	1.2676	335.62	0.19005	2.4400e-05	0.034457	supercritical
273.00	154.00	240.41	0.0041595	141.37	205.42	4.8978	0.69682	1.2631	336.26	0.18913	2.4417e-05	0.034455	supercritical
274.00	154.00	239.04	0.0041834	142.26	206.68	4.9024	0.69649	1.2587	336.89	0.18820	2.4435e-05	0.034455	supercritical
275.00	154.00	237.68	0.0042073	143.15	207.94	4.9070	0.69616	1.2545	337.52	0.18727	2.4453e-05	0.034456	supercritical
276.00	154.00	236.34	0.0042311	144.03	209.19	4.9116	0.69585	1.2503	338.14	0.18635	2.4473e-05	0.034458	supercritical
277.00	154.00	235.02	0.0042549	144.92	210.44	4.9161	0.69555	1.2462	338.77	0.18542	2.4493e-05	0.034462	supercritical
278.00	154.00	233.72	0.0042785	145.79	211.68	4.9206	0.69525	1.2422	339.40	0.18449	2.4513e-05	0.034466	supercritical
279.00	154.00	232.44	0.0043021	146.67	212.92	4.9250	0.69497	1.2382	340.03	0.18356	2.4534e-05	0.034473	supercritical
280.00	154.00	231.18	0.0043257	147.55	214.16	4.9294	0.69469	1.2344	340.65	0.18264	2.4556e-05	0.034480	supercritical
281.00	154.00	229.93	0.0043491	148.42	215.39	4.9338	0.69442	1.2306	341.27	0.18171	2.4579e-05	0.034488	supercritical
282.00	154.00	228.70	0.0043725	149.28	216.62	4.9382	0.69416	1.2270	341.90	0.18078	2.4602e-05	0.034498	supercritical
283.00	154.00	227.49	0.0043959	150.15	217.85	4.9425	0.69391	1.2234	342.52	0.17986	2.4625e-05	0.034509	supercritical
284.00	154.00	226.29	0.0044192	151.01	219.07	4.9469	0.69367	1.2198	343.14	0.17893	2.4649e-05	0.034520	supercritical
285.00	154.00	225.10	0.0044424	151.87	220.29	4.9511	0.69343	1.2164	343.76	0.17801	2.4674e-05	0.034533	supercritical
286.00	154.00	223.94	0.0044655	152.73	221.50	4.9554	0.69321	1.2130	344.38	0.17708	2.4699e-05	0.034547	supercritical
287.00	154.00	222.79	0.0044886	153.59	222.71	4.9596	0.69299	1.2097	345.00	0.17616	2.4725e-05	0.034562	supercritical
288.00	154.00	221.65	0.0045117	154.44	223.92	4.9638	0.69277	1.2064	345.61	0.17524	2.4751e-05	0.034577	supercritical
289.00	154.00	220.52	0.0045346	155.29	225.13	4.9680	0.69257	1.2033	346.23	0.17432	2.4778e-05	0.034594	supercritical
290.00	154.00	219.42	0.0045576	156.14	226.33	4.9721	0.69237	1.2002	346.84	0.17341	2.4805e-05	0.034611	supercritical
291.00	154.00	218.32	0.0045804	156.99	227.53	4.9763	0.69218	1.1971	347.46	0.17249	2.4832e-05	0.034629	supercritical
292.00	154.00	217.24	0.0046032	157.83	228.72	4.9804	0.69200	1.1941	348.07	0.17158	2.4860e-05	0.034648	supercritical
293.00	154.00	216.17	0.0046260	158.67	229.91	4.9844	0.69182	1.1912	348.68	0.17067	2.4888e-05	0.034668	supercritical
294.00	154.00	215.11	0.0046487	159.51	231.10	4.9885	0.69165	1.1883	349.29	0.16976	2.4917e-05	0.034688	supercritical
295.00	154.00	214.07	0.0046713	160.35	232.29	4.9925	0.69149	1.1855	349.90	0.16886	2.4946e-05	0.034709	supercritical
296.00	154.00	213.04	0.0046939	161.19	233.48	4.9965	0.69134	1.1827	350.50	0.16795	2.4975e-05	0.034731	supercritical
297.00	154.00	212.02	0.0047165	162.02	234.66	5.0005	0.69119	1.1800	351.11	0.16705	2.5005e-05	0.034754	supercritical
298.00	154.00	211.02	0.0047390	162.86	235.84	5.0045	0.69104	1.1774	351.71	0.16615	2.5035e-05	0.034777	supercritical
299.00	154.00	210.02	0.0047614	163.69	237.01	5.0084	0.69091	1.1747	352.31	0.16526	2.5066e-05	0.034800	supercritical
300.00	154.00	209.04	0.0047838	164.51	238.18	5.0123	0.69077	1.1722	352.91	0.16436	2.5097e-05	0.034825	supercritical
301.00	154.00	208.07	0.0048061	165.34	239.36	5.0162	0.69065	1.1697	353.51	0.16347	2.5128e-05	0.034849	supercritical
302.00	154.00	207.11	0.0048284	166.17	240.52	5.0201	0.69053	1.1672	354.11	0.16259	2.5159e-05	0.034874	supercritical
303.00	154.00	206.16	0.0048507	166.99	241.69	5.0240	0.69042	1.1648	354.71	0.16170	2.5191e-05	0.034899	supercritical
304.00	154.00	205.22	0.0048729	167.81	242.85	5.0278	0.69031	1.1624	355.31	0.16082	2.5223e-05	0.034925	supercritical
305.00	154.00	204.29	0.0048950	168.63	244.01	5.0316	0.69021	1.1601	355.90	0.15994	2.5255e-05	0.034950	supercritical
306.00	154.00	203.37	0.0049171	169.45	245.17	5.0354	0.69011	1.1578	356.49	0.15907	2.5288e-05	0.034976	supercritical
307.00	154.00	202.46	0.0049392	170.27	246.33	5.0392	0.69002	1.1556	357.08	0.15820	2.5321e-05	0.035000	supercritical
308.00	154.00	201.56	0.0049612	171.08	247.49	5.0429	0.68993	1.1534	357.67	0.15733	2.5354e-05	0.035023	supercritical
309.00	154.00	200.67	0.0049832	171.90	248.64	5.0467	0.68985	1.1512	358.26	0.15646	2.5387e-05	0.035038	supercritical
310.00	154.00	199.79	0.0050051	172.71	249.79	5.0504	0.68978	1.1491	358.85	0.15560	2.5421e-05	0.035062	supercritical
311.00	154.00	198.92	0.0050270	173.52	250.94	5.0541	0.68971	1.1470	359.43	0.15474	2.5454e-05	0.035099	supercritical
312.00	154.00	198.06	0.0050489	174.33	252.08	5.0578	0.68964	1.1450	360.02	0.15388	2.5488e-05	0.035136	supercritical
313.00	154.00	197.21	0.0050707	175.14	253.23	5.0614	0.68958	1.1430	360.60	0.15303	2.5523e-05	0.035174	supercritical
314.00	154.00	196.37	0.0050925	175.94	254.37	5.0651	0.68953	1.1410	361.18	0.15218	2.5557e-05	0.035212	supercritical
315.00	154.00	195.53	0.0051142	176.75	255.51	5.0687	0.68948	1.1391	361.76	0.15134	2.5592e-05	0.035251	supercritical
316.00	154.00	194.71	0.0051359	177.55	256.65	5.0723	0.68943	1.1372	362.34	0.15049	2.5627e-05	0.035290	supercritical
317.00	154.00	193.89	0.0051575	178.36	257.78	5.0759	0.68939	1.1353	362.92	0.14966	2.5662e-05	0.035330	supercritical
318.00	154.00	193.08	0.0051791	179.16	258.92	5.0795	0.68935	1.1335	363.50	0.14882	2.5697e-05	0.035369	supercritical
319.00	154.00	192.28	0.0052007	179.96	260.05	5.0830	0.68932	1.1317	364.07	0.14799	2.5733e-05	0.035410	supercritical
320.00	154.00	191.49	0.0052222	180.76	261.18	5.0866	0.68929	1.1299	364.64	0.14716	2.5768e-05	0.035450	supercritical
321.00	154.00	190.70	0.0052437	181.55	262.31	5.0901	0.68927	1.1282	365.22	0.14633	2.5804e-05	0.035491	supercritical
322.00	154.00	189.93	0.0052652	182.35	263.44	5.0936	0.68925	1.1264	365.79	0.14551	2.5840e-05	0.035533	supercritical
323.00	154.00	189.16	0.0052866	183.15	264.56	5.0971	0.68923	1.1248	366.35	0.14470	2.5876e-05	0.035575	supercritical
324.00	154.00	188.39	0.0053080	183.94	265.69	5.1006	0.68922	1.1231	366.92	0.14388	2.5913e-05	0.035617	supercritical
325.00	154.00	187.64	0.0053294	184.74	266.81	5.1040	0.68922	1.1215	367.49	0.14307	2.5949e-05	0.035659	supercritical
326.00	154.00	186.89	0.0053507	185.53	267.93	5.1075	0.68921	1.1199	368.05	0.14226	2.5986e-05	0.035702	supercritical
327.00	154.00	186.15	0.0053720	186.32	269.05	5.1109	0.68922	1.1183	368.62	0.14146	2.6022e-05	0.035745	supercritical
328.00	154.00	185.42	0.0053932	187.11	270.17	5.1143	0.68922	1.1168	369.18	0.14066	2.6059e-05	0.035788	supercritical
329.00	154.00	184.69	0.0054144	187.90	271.28	5.1177	0.68923	1.1153	369.74	0.13986	2.6096e-05	0.035832	supercritical
330.00	154.00	183.97	0.0054356	188.69	272.40	5.1211	0.68924	1.1138	370.30	0.13907	2.6134e-05	0.035876	supercritical
331.00	154.00	183.26	0.0054568	189.47	273.51	5.1244	0.68926	1.1123	370.86	0.13828	2.6171e-05	0.035920	supercritical
332.00	154.00	182.55	0.0054779	190.26	274.62	5.1278	0.68928	1.1109	371.41	0.13749	2.6208e-05	0.035965	supercritical
333.00	154.00	181.85	0.0054990	191.05	275.73	5.1311	0.68931	1.1095	371.97	0.13671	2.6246e-05	0.036010	supercritical
334.00	154.00	181.16	0.0055200	191.83	276.84	5.1345	0.68933	1.1081	372.52	0.13593	2.6284e-05	0.036055	supercritical
335.00	154.00	180.47	0.0055410	192.61	277.95	5.1378	0.68937	1.1067	373.07	0.13516	2.6321e-05	0.036100	supercritical
336.00	154.00	179.79	0.0055620	193.40	279.05	5.1411	0.68940	1.1054	373.62	0.13439	2.6359e-05	0.036146	supercritical
337.00	154.00	179.12	0.0055830	194.18	280.16	5.1444	0.68944	1.1041	374.17	0.13362	2.6397e-05	0.036192	supercritical
338.00	154.00	178.45	0.0056039	194.96	281.26	5.1476	0.68948	1.1028	374.72	0.13285	2.6436e-05	0.036238	supercritical
339.00	154.00	177.78	0.0056248	195.74	282.36	5.1509	0.68953	1.1015	375.27	0.13209	2.6474e-05	0.036285	supercritical
340.00	154.00	177.13	0.0056457	196.52	283.46	5.1541	0.68958	1.1003	375.81	0.13134	2.6512e-05	0.036331	supercritical
341.00	154.00	176.47	0.0056665	197.30	284.56	5.1574	0.68963	1.0990	376.36	0.13058	2.6551e-05	0.036378	supercritical
342.00	154.00	175.83	0.0056873	198.08	285.66	5.1606	0.68969	1.0978	376.90	0.12983	2.6589e-05	0.036425	supercritical
343.00	154.00	175.19	0.0057081	198.85	286.76	5.1638	0.68974	1.0966	377.44	0.12908	2.6628e-05	0.036473	supercritical
344.00	154.00	174.55	0.0057289	199.63	287.86	5.1670	0.68981	1.0955	377.98	0.12834	2.6666e-05	0.036520	supercritical
345.00	154.00	173.92	0.0057496	200.41	288.95	5.1701	0.68987	1.0943	378.52	0.12760	2.6705e-05	0.036568	supercritical
346.00	154.00	173.30	0.0057703	201.18	290.04	5.1733	0.68994	1.0932	379.06	0.12686	2.6744e-05	0.036616	supercritical
347.00	154.00	172.68	0.0057910	201.96	291.14	5.1765	0.69001	1.0921	379.60	0.12613	2.6783e-05	0.036665	supercritical
348.00	154.00	172.07	0.0058116	202.73	292.23	5.1796	0.69009	1.0910	380.13	0.12540	2.6822e-05	0.036713	supercritical
349.00	154.00	171.46	0.0058322	203.50	293.32	5.1827	0.69016	1.0899	380.67	0.12468	2.6861e-05	0.036762	supercritical
350.00	154.00	170.86	0.0058528	204.27	294.41	5.1858	0.69024	1.0888	381.20	0.12395	2.6901e-05	0.036811	supercritical
351.00	154.00	170.26	0.0058734	205.05	295.50	5.1889	0.69033	1.0878	381.73	0.12323	2.6940e-05	0.036860	supercritical
352.00	154.00	169.67	0.0058939	205.82	296.58	5.1920	0.69042	1.0868	382.26	0.12252	2.6979e-05	0.036909	supercritical
353.00	154.00	169.08	0.0059145	206.59	297.67	5.1951	0.69050	1.0858	382.79	0.12181	2.7019e-05	0.036958	supercritical
354.00	154.00	168.49	0.0059349	207.36	298.75	5.1982	0.69060	1.0848	383.32	0.12110	2.7058e-05	0.037008	supercritical
355.00	154.00	167.91	0.0059554	208.13	299.84	5.2013	0.69069	1.0838	383.85	0.12039	2.7098e-05	0.037058	supercritical
356.00	154.00	167.34	0.0059758	208.89	300.92	5.2043	0.69079	1.0828	384.37	0.11969	2.7137e-05	0.037108	supercritical
357.00	154.00	166.77	0.0059963	209.66	302.00	5.2073	0.69089	1.0819	384.89	0.11899	2.7177e-05	0.037158	supercritical
358.00	154.00	166.21	0.0060166	210.43	303.09	5.2104	0.69099	1.0810	385.42	0.11830	2.7217e-05	0.037208	supercritical
359.00	154.00	165.64	0.0060370	211.20	304.17	5.2134	0.69110	1.0801	385.94	0.11761	2.7256e-05	0.037259	supercritical
360.00	154.00	165.09	0.0060574	211.96	305.25	5.2164	0.69121	1.0792	386.46	0.11692	2.7296e-05	0.037310	supercritical
361.00	154.00	164.54	0.0060777	212.73	306.33	5.2194	0.69132	1.0783	386.98	0.11623	2.7336e-05	0.037360	supercritical
362.00	154.00	163.99	0.0060980	213.49	307.40	5.2224	0.69143	1.0774	387.50	0.11555	2.7376e-05	0.037411	supercritical
363.00	154.00	163.45	0.0061182	214.26	308.48	5.2253	0.69155	1.0766	388.01	0.11487	2.7416e-05	0.037463	supercritical
364.00	154.00	162.91	0.0061385	215.02	309.56	5.2283	0.69167	1.0757	388.53	0.11420	2.7456e-05	0.037514	supercritical
365.00	154.00	162.37	0.0061587	215.79	310.63	5.2312	0.69179	1.0749	389.04	0.11352	2.7496e-05	0.037565	supercritical
366.00	154.00	161.84	0.0061789	216.55	311.71	5.2342	0.69191	1.0741	389.56	0.11286	2.7536e-05	0.037617	supercritical
367.00	154.00	161.31	0.0061991	217.31	312.78	5.2371	0.69204	1.0733	390.07	0.11219	2.7576e-05	0.037669	supercritical
368.00	154.00	160.79	0.0062193	218.08	313.85	5.2400	0.69217	1.0725	390.58	0.11153	2.7616e-05	0.037721	supercritical
369.00	154.00	160.27	0.0062394	218.84	314.92	5.2429	0.69230	1.0717	391.09	0.11087	2.7657e-05	0.037773	supercritical
370.00	154.00	159.76	0.0062595	219.60	316.00	5.2458	0.69243	1.0710	391.60	0.11021	2.7697e-05	0.037825	supercritical
371.00	154.00	159.25	0.0062796	220.36	317.07	5.2487	0.69257	1.0702	392.10	0.10956	2.7737e-05	0.037877	supercritical
372.00	154.00	158.74	0.0062997	221.12	318.14	5.2516	0.69270	1.0695	392.61	0.10891	2.7778e-05	0.037929	supercritical
373.00	154.00	158.23	0.0063198	221.88	319.21	5.2545	0.69284	1.0688	393.12	0.10827	2.7818e-05	0.037982	supercritical
374.00	154.00	157.73	0.0063398	222.64	320.27	5.2573	0.69299	1.0681	393.62	0.10762	2.7858e-05	0.038035	supercritical
375.00	154.00	157.24	0.0063598	223.40	321.34	5.2602	0.69313	1.0674	394.12	0.10698	2.7899e-05	0.038087	supercritical
376.00	154.00	156.74	0.0063798	224.16	322.41	5.2630	0.69328	1.0667	394.62	0.10635	2.7939e-05	0.038140	supercritical
377.00	154.00	156.26	0.0063998	224.92	323.48	5.2659	0.69343	1.0660	395.13	0.10571	2.7980e-05	0.038193	supercritical
378.00	154.00	155.77	0.0064197	225.68	324.54	5.2687	0.69358	1.0654	395.62	0.10508	2.8020e-05	0.038246	supercritical
379.00	154.00	155.29	0.0064397	226.43	325.61	5.2715	0.69373	1.0647	396.12	0.10445	2.8061e-05	0.038300	supercritical
380.00	154.00	154.81	0.0064596	227.19	326.67	5.2743	0.69388	1.0641	396.62	0.10383	2.8102e-05	0.038353	supercritical
381.00	154.00	154.33	0.0064795	227.95	327.73	5.2771	0.69404	1.0634	397.12	0.10321	2.8142e-05	0.038407	supercritical
382.00	154.00	153.86	0.0064994	228.71	328.80	5.2799	0.69420	1.0628	397.61	0.10259	2.8183e-05	0.038460	supercritical
383.00	154.00	153.39	0.0065192	229.46	329.86	5.2827	0.69436	1.0622	398.11	0.10197	2.8224e-05	0.038514	supercritical
384.00	154.00	152.93	0.0065391	230.22	330.92	5.2854	0.69453	1.0616	398.60	0.10136	2.8264e-05	0.038568	supercritical
385.00	154.00	152.47	0.0065589	230.98	331.98	5.2882	0.69469	1.0610	399.09	0.10075	2.8305e-05	0.038622	supercritical
386.00	154.00	152.01	0.0065787	231.73	333.04	5.2909	0.69486	1.0605	399.58	0.10015	2.8346e-05	0.038676	supercritical
387.00	154.00	151.55	0.0065985	232.49	334.10	5.2937	0.69503	1.0599	400.07	0.099542	2.8386e-05	0.038730	supercritical
388.00	154.00	151.10	0.0066182	233.24	335.16	5.2964	0.69520	1.0593	400.56	0.098942	2.8427e-05	0.038784	supercritical
389.00	154.00	150.65	0.0066380	234.00	336.22	5.2991	0.69537	1.0588	401.05	0.098344	2.8468e-05	0.038838	supercritical
390.00	154.00	150.20	0.0066577	234.75	337.28	5.3019	0.69554	1.0583	401.54	0.097750	2.8509e-05	0.038893	supercritical
391.00	154.00	149.76	0.0066774	235.51	338.34	5.3046	0.69572	1.0577	402.02	0.097158	2.8550e-05	0.038947	supercritical
392.00	154.00	149.32	0.0066971	236.26	339.40	5.3073	0.69590	1.0572	402.51	0.096569	2.8590e-05	0.039002	supercritical
393.00	154.00	148.88	0.0067168	237.01	340.45	5.3100	0.69608	1.0567	402.99	0.095983	2.8631e-05	0.039056	supercritical
394.00	154.00	148.45	0.0067365	237.77	341.51	5.3126	0.69626	1.0562	403.47	0.095400	2.8672e-05	0.039111	supercritical
395.00	154.00	148.01	0.0067561	238.52	342.57	5.3153	0.69644	1.0557	403.95	0.094819	2.8713e-05	0.039166	supercritical
396.00	154.00	147.59	0.0067758	239.27	343.62	5.3180	0.69663	1.0552	404.44	0.094242	2.8754e-05	0.039221	supercritical
397.00	154.00	147.16	0.0067954	240.03	344.68	5.3207	0.69681	1.0548	404.91	0.093667	2.8795e-05	0.039276	supercritical
398.00	154.00	146.74	0.0068150	240.78	345.73	5.3233	0.69700	1.0543	405.39	0.093095	2.8836e-05	0.039331	supercritical
399.00	154.00	146.32	0.0068345	241.53	346.78	5.3260	0.69719	1.0538	405.87	0.092526	2.8876e-05	0.039386	supercritical
400.00	154.00	145.90	0.0068541	242.29	347.84	5.3286	0.69738	1.0534	406.35	0.091959	2.8917e-05	0.039441	supercritical
401.00	154.00	145.48	0.0068737	243.04	348.89	5.3312	0.69758	1.0529	406.82	0.091396	2.8958e-05	0.039497	supercritical
402.00	154.00	145.07	0.0068932	243.79	349.94	5.3338	0.69777	1.0525	407.30	0.090835	2.8999e-05	0.039552	supercritical
403.00	154.00	144.66	0.0069127	244.54	351.00	5.3365	0.69797	1.0521	407.77	0.090277	2.9040e-05	0.039607	supercritical
404.00	154.00	144.25	0.0069322	245.29	352.05	5.3391	0.69817	1.0517	408.25	0.089721	2.9081e-05	0.039663	supercritical
405.00	154.00	143.85	0.0069517	246.04	353.10	5.3417	0.69837	1.0513	408.72	0.089168	2.9122e-05	0.039719	supercritical
406.00	154.00	143.45	0.0069712	246.80	354.15	5.3443	0.69857	1.0509	409.19	0.088618	2.9163e-05	0.039774	supercritical
407.00	154.00	143.05	0.0069906	247.55	355.20	5.3468	0.69877	1.0505	409.66	0.088071	2.9204e-05	0.039830	supercritical
408.00	154.00	142.65	0.0070101	248.30	356.25	5.3494	0.69897	1.0501	410.13	0.087526	2.9245e-05	0.039886	supercritical
409.00	154.00	142.26	0.0070295	249.05	357.30	5.3520	0.69918	1.0497	410.60	0.086984	2.9286e-05	0.039942	supercritical
410.00	154.00	141.87	0.0070489	249.80	358.35	5.3545	0.69938	1.0493	411.06	0.086444	2.9327e-05	0.039998	supercritical
411.00	154.00	141.48	0.0070683	250.55	359.40	5.3571	0.69959	1.0490	411.53	0.085907	2.9368e-05	0.040054	supercritical
412.00	154.00	141.09	0.0070877	251.30	360.45	5.3597	0.69980	1.0486	411.99	0.085373	2.9409e-05	0.040110	supercritical
413.00	154.00	140.71	0.0071071	252.05	361.50	5.3622	0.70001	1.0482	412.46	0.084841	2.9450e-05	0.040166	supercritical
414.00	154.00	140.32	0.0071264	252.80	362.55	5.3647	0.70023	1.0479	412.92	0.084312	2.9491e-05	0.040222	supercritical
415.00	154.00	139.94	0.0071458	253.55	363.59	5.3673	0.70044	1.0476	413.39	0.083785	2.9532e-05	0.040278	supercritical
416.00	154.00	139.57	0.0071651	254.30	364.64	5.3698	0.70065	1.0472	413.85	0.083261	2.9573e-05	0.040334	supercritical
417.00	154.00	139.19	0.0071844	255.05	365.69	5.3723	0.70087	1.0469	414.31	0.082740	2.9614e-05	0.040391	supercritical
418.00	154.00	138.82	0.0072037	255.80	366.73	5.3748	0.70109	1.0466	414.77	0.082221	2.9655e-05	0.040447	supercritical
419.00	154.00	138.45	0.0072230	256.55	367.78	5.3773	0.70131	1.0463	415.23	0.081704	2.9696e-05	0.040504	supercritical
420.00	154.00	138.08	0.0072422	257.30	368.83	5.3798	0.70153	1.0460	415.69	0.081190	2.9737e-05	0.040560	supercritical
421.00	154.00	137.71	0.0072615	258.05	369.87	5.3823	0.70175	1.0457	416.14	0.080678	2.9777e-05	0.040617	supercritical
422.00	154.00	137.35	0.0072808	258.80	370.92	5.3848	0.70197	1.0454	416.60	0.080169	2.9818e-05	0.040673	supercritical
423.00	154.00	136.99	0.0073000	259.54	371.96	5.3872	0.70219	1.0451	417.06	0.079662	2.9859e-05	0.040730	supercritical
424.00	154.00	136.63	0.0073192	260.29	373.01	5.3897	0.70242	1.0448	417.51	0.079158	2.9900e-05	0.040787	supercritical
425.00	154.00	136.27	0.0073384	261.04	374.05	5.3922	0.70264	1.0445	417.96	0.078656	2.9941e-05	0.040844	supercritical
426.00	154.00	135.91	0.0073576	261.79	375.10	5.3946	0.70287	1.0443	418.42	0.078157	2.9982e-05	0.040900	supercritical
427.00	154.00	135.56	0.0073768	262.54	376.14	5.3971	0.70310	1.0440	418.87	0.077660	3.0023e-05	0.040957	supercritical
428.00	154.00	135.21	0.0073960	263.29	377.19	5.3995	0.70333	1.0437	419.32	0.077165	3.0064e-05	0.041014	supercritical
429.00	154.00	134.86	0.0074151	264.04	378.23	5.4019	0.70356	1.0435	419.77	0.076672	3.0105e-05	0.041071	supercritical
430.00	154.00	134.51	0.0074343	264.79	379.27	5.4044	0.70379	1.0432	420.22	0.076182	3.0146e-05	0.041128	supercritical
431.00	154.00	134.17	0.0074534	265.53	380.32	5.4068	0.70402	1.0430	420.67	0.075695	3.0187e-05	0.041185	supercritical
432.00	154.00	133.82	0.0074725	266.28	381.36	5.4092	0.70426	1.0428	421.12	0.075209	3.0228e-05	0.041242	supercritical
433.00	154.00	133.48	0.0074916	267.03	382.40	5.4116	0.70449	1.0425	421.57	0.074726	3.0269e-05	0.041299	supercritical
434.00	154.00	133.14	0.0075107	267.78	383.44	5.4140	0.70473	1.0423	422.01	0.074246	3.0309e-05	0.041357	supercritical
435.00	154.00	132.81	0.0075298	268.53	384.49	5.4164	0.70497	1.0421	422.46	0.073767	3.0350e-05	0.041414	supercritical
436.00	154.00	132.47	0.0075489	269.28	385.53	5.4188	0.70520	1.0419	422.90	0.073291	3.0391e-05	0.041471	supercritical
437.00	154.00	132.14	0.0075679	270.02	386.57	5.4212	0.70544	1.0417	423.35	0.072817	3.0432e-05	0.041528	supercritical
438.00	154.00	131.81	0.0075870	270.77	387.61	5.4236	0.70568	1.0415	423.79	0.072345	3.0473e-05	0.041586	supercritical
439.00	154.00	131.48	0.0076060	271.52	388.65	5.4260	0.70592	1.0412	424.23	0.071876	3.0514e-05	0.041643	supercritical
440.00	154.00	131.15	0.0076250	272.27	389.69	5.4283	0.70617	1.0411	424.68	0.071409	3.0555e-05	0.041700	supercritical
441.00	154.00	130.82	0.0076440	273.02	390.73	5.4307	0.70641	1.0409	425.12	0.070943	3.0595e-05	0.041758	supercritical
442.00	154.00	130.50	0.0076630	273.76	391.78	5.4331	0.70665	1.0407	425.56	0.070481	3.0636e-05	0.041815	supercritical
443.00	154.00	130.17	0.0076820	274.51	392.82	5.4354	0.70690	1.0405	426.00	0.070020	3.0677e-05	0.041873	supercritical
444.00	154.00	129.85	0.0077010	275.26	393.86	5.4377	0.70714	1.0403	426.44	0.069562	3.0718e-05	0.041930	supercritical
445.00	154.00	129.53	0.0077200	276.01	394.90	5.4401	0.70739	1.0401	426.87	0.069105	3.0758e-05	0.041988	supercritical
446.00	154.00	129.22	0.0077389	276.76	395.94	5.4424	0.70763	1.0400	427.31	0.068651	3.0799e-05	0.042045	supercritical
447.00	154.00	128.90	0.0077579	277.51	396.98	5.4448	0.70788	1.0398	427.75	0.068199	3.0840e-05	0.042103	supercritical
448.00	154.00	128.59	0.0077768	278.25	398.02	5.4471	0.70813	1.0397	428.18	0.067749	3.0881e-05	0.042161	supercritical
449.00	154.00	128.28	0.0077957	279.00	399.06	5.4494	0.70838	1.0395	428.62	0.067301	3.0921e-05	0.042218	supercritical
450.00	154.00	127.96	0.0078147	279.75	400.10	5.4517	0.70863	1.0393	429.05	0.066856	3.0962e-05	0.042276	supercritical
451.00	154.00	127.66	0.0078336	280.50	401.13	5.4540	0.70888	1.0392	429.49	0.066412	3.1003e-05	0.042334	supercritical
452.00	154.00	127.35	0.0078525	281.25	402.17	5.4563	0.70913	1.0391	429.92	0.065971	3.1044e-05	0.042392	supercritical
453.00	154.00	127.04	0.0078713	281.99	403.21	5.4586	0.70939	1.0389	430.35	0.065531	3.1084e-05	0.042449	supercritical
454.00	154.00	126.74	0.0078902	282.74	404.25	5.4609	0.70964	1.0388	430.78	0.065094	3.1125e-05	0.042507	supercritical
455.00	154.00	126.44	0.0079091	283.49	405.29	5.4632	0.70990	1.0387	431.21	0.064658	3.1165e-05	0.042565	supercritical
456.00	154.00	126.14	0.0079279	284.24	406.33	5.4655	0.71015	1.0385	431.64	0.064225	3.1206e-05	0.042623	supercritical
457.00	154.00	125.84	0.0079468	284.99	407.37	5.4677	0.71041	1.0384	432.07	0.063794	3.1247e-05	0.042681	supercritical
458.00	154.00	125.54	0.0079656	285.74	408.41	5.4700	0.71066	1.0383	432.50	0.063364	3.1287e-05	0.042739	supercritical
459.00	154.00	125.24	0.0079844	286.48	409.44	5.4723	0.71092	1.0382	432.93	0.062937	3.1328e-05	0.042797	supercritical
460.00	154.00	124.95	0.0080033	287.23	410.48	5.4745	0.71118	1.0381	433.35	0.062512	3.1368e-05	0.042855	supercritical
461.00	154.00	124.66	0.0080221	287.98	411.52	5.4768	0.71144	1.0380	433.78	0.062089	3.1409e-05	0.042913	supercritical
462.00	154.00	124.36	0.0080409	288.73	412.56	5.4790	0.71169	1.0379	434.21	0.061667	3.1450e-05	0.042971	supercritical
463.00	154.00	124.08	0.0080596	289.48	413.60	5.4813	0.71195	1.0378	434.63	0.061248	3.1490e-05	0.043029	supercritical
464.00	154.00	123.79	0.0080784	290.23	414.63	5.4835	0.71222	1.0377	435.06	0.060830	3.1531e-05	0.043087	supercritical
465.00	154.00	123.50	0.0080972	290.97	415.67	5.4858	0.71248	1.0376	435.48	0.060415	3.1571e-05	0.043145	supercritical
466.00	154.00	123.21	0.0081159	291.72	416.71	5.4880	0.71274	1.0375	435.90	0.060001	3.1612e-05	0.043203	supercritical
467.00	154.00	122.93	0.0081347	292.47	417.75	5.4902	0.71300	1.0374	436.32	0.059589	3.1652e-05	0.043261	supercritical
468.00	154.00	122.65	0.0081534	293.22	418.78	5.4924	0.71326	1.0373	436.75	0.059180	3.1693e-05	0.043320	supercritical
469.00	154.00	122.37	0.0081721	293.97	419.82	5.4946	0.71353	1.0372	437.17	0.058772	3.1733e-05	0.043378	supercritical
470.00	154.00	122.09	0.0081909	294.72	420.86	5.4968	0.71379	1.0372	437.59	0.058366	3.1773e-05	0.043436	supercritical
471.00	154.00	121.81	0.0082096	295.47	421.90	5.4991	0.71406	1.0371	438.01	0.057962	3.1814e-05	0.043494	supercritical
472.00	154.00	121.53	0.0082283	296.22	422.93	5.5013	0.71432	1.0370	438.43	0.057559	3.1854e-05	0.043552	supercritical
473.00	154.00	121.26	0.0082470	296.97	423.97	5.5034	0.71459	1.0369	438.84	0.057159	3.1895e-05	0.043611	supercritical
474.00	154.00	120.98	0.0082657	297.71	425.01	5.5056	0.71485	1.0369	439.26	0.056760	3.1935e-05	0.043669	supercritical
475.00	154.00	120.71	0.0082843	298.46	426.04	5.5078	0.71512	1.0368	439.68	0.056363	3.1975e-05	0.043727	supercritical
476.00	154.00	120.44	0.0083030	299.21	427.08	5.5100	0.71539	1.0368	440.09	0.055968	3.2016e-05	0.043785	supercritical
477.00	154.00	120.17	0.0083217	299.96	428.12	5.5122	0.71565	1.0367	440.51	0.055575	3.2056e-05	0.043844	supercritical
478.00	154.00	119.90	0.0083403	300.71	429.15	5.5144	0.71592	1.0367	440.93	0.055184	3.2096e-05	0.043902	supercritical
479.00	154.00	119.63	0.0083589	301.46	430.19	5.5165	0.71619	1.0366	441.34	0.054794	3.2136e-05	0.043960	supercritical
480.00	154.00	119.37	0.0083776	302.21	431.23	5.5187	0.71646	1.0366	441.75	0.054407	3.2177e-05	0.044019	supercritical
481.00	154.00	119.10	0.0083962	302.96	432.26	5.5208	0.71673	1.0365	442.17	0.054021	3.2217e-05	0.044077	supercritical
482.00	154.00	118.84	0.0084148	303.71	433.30	5.5230	0.71700	1.0365	442.58	0.053636	3.2257e-05	0.044136	supercritical
483.00	154.00	118.58	0.0084334	304.46	434.34	5.5251	0.71727	1.0365	442.99	0.053254	3.2297e-05	0.044194	supercritical
484.00	154.00	118.31	0.0084520	305.21	435.37	5.5273	0.71754	1.0364	443.40	0.052873	3.2337e-05	0.044252	supercritical
485.00	154.00	118.06	0.0084706	305.96	436.41	5.5294	0.71781	1.0364	443.81	0.052494	3.2378e-05	0.044311	supercritical
486.00	154.00	117.80	0.0084892	306.71	437.45	5.5316	0.71808	1.0364	444.22	0.052117	3.2418e-05	0.044369	supercritical
487.00	154.00	117.54	0.0085078	307.46	438.48	5.5337	0.71836	1.0363	444.63	0.051741	3.2458e-05	0.044428	supercritical
488.00	154.00	117.28	0.0085263	308.21	439.52	5.5358	0.71863	1.0363	445.04	0.051367	3.2498e-05	0.044486	supercritical
489.00	154.00	117.03	0.0085449	308.96	440.55	5.5379	0.71890	1.0363	445.45	0.050995	3.2538e-05	0.044545	supercritical
490.00	154.00	116.78	0.0085635	309.71	441.59	5.5400	0.71918	1.0363	445.86	0.050624	3.2578e-05	0.044603	supercritical
491.00	154.00	116.52	0.0085820	310.46	442.63	5.5422	0.71945	1.0363	446.26	0.050255	3.2618e-05	0.044662	supercritical
492.00	154.00	116.27	0.0086005	311.21	443.66	5.5443	0.71972	1.0363	446.67	0.049888	3.2658e-05	0.044720	supercritical
493.00	154.00	116.02	0.0086191	311.97	444.70	5.5464	0.72000	1.0362	447.08	0.049523	3.2698e-05	0.044779	supercritical
494.00	154.00	115.77	0.0086376	312.72	445.74	5.5485	0.72027	1.0362	447.48	0.049159	3.2738e-05	0.044837	supercritical
495.00	154.00	115.53	0.0086561	313.47	446.77	5.5506	0.72055	1.0362	447.89	0.048796	3.2778e-05	0.044896	supercritical
496.00	154.00	115.28	0.0086746	314.22	447.81	5.5527	0.72082	1.0362	448.29	0.048436	3.2818e-05	0.044954	supercritical
497.00	154.00	115.03	0.0086931	314.97	448.84	5.5547	0.72110	1.0362	448.69	0.048077	3.2858e-05	0.045013	supercritical
498.00	154.00	114.79	0.0087116	315.72	449.88	5.5568	0.72137	1.0362	449.10	0.047719	3.2898e-05	0.045072	supercritical
499.00	154.00	114.55	0.0087301	316.47	450.92	5.5589	0.72165	1.0362	449.50	0.047363	3.2938e-05	0.045130	supercritical
500.00	154.00	114.30	0.0087485	317.23	451.95	5.5610	0.72193	1.0362	449.90	0.047009	3.2978e-05	0.045189	supercritical
501.00	154.00	114.06	0.0087670	317.98	452.99	5.5631	0.72220	1.0362	450.30	0.046656	3.3017e-05	0.045247	supercritical
502.00	154.00	113.82	0.0087855	318.73	454.03	5.5651	0.72248	1.0363	450.70	0.046305	3.3057e-05	0.045306	supercritical
503.00	154.00	113.59	0.0088039	319.48	455.06	5.5672	0.72276	1.0363	451.10	0.045956	3.3097e-05	0.045365	supercritical
504.00	154.00	113.35	0.0088224	320.23	456.10	5.5692	0.72304	1.0363	451.50	0.045608	3.3137e-05	0.045423	supercritical
505.00	154.00	113.11	0.0088408	320.99	457.13	5.5713	0.72331	1.0363	451.90	0.045261	3.3177e-05	0.045482	supercritical
506.00	154.00	112.88	0.0088592	321.74	458.17	5.5733	0.72359	1.0363	452.30	0.044917	3.3216e-05	0.045540	supercritical
507.00	154.00	112.64	0.0088777	322.49	459.21	5.5754	0.72387	1.0364	452.70	0.044573	3.3256e-05	0.045599	supercritical
508.00	154.00	112.41	0.0088961	323.24	460.24	5.5774	0.72415	1.0364	453.10	0.044231	3.3296e-05	0.045658	supercritical
509.00	154.00	112.18	0.0089145	324.00	461.28	5.5795	0.72443	1.0364	453.49	0.043891	3.3336e-05	0.045716	supercritical
510.00	154.00	111.95	0.0089329	324.75	462.32	5.5815	0.72471	1.0364	453.89	0.043552	3.3375e-05	0.045775	supercritical
511.00	154.00	111.72	0.0089513	325.50	463.35	5.5835	0.72499	1.0365	454.28	0.043215	3.3415e-05	0.045834	supercritical
512.00	154.00	111.49	0.0089697	326.26	464.39	5.5856	0.72526	1.0365	454.68	0.042879	3.3455e-05	0.045892	supercritical
513.00	154.00	111.26	0.0089881	327.01	465.43	5.5876	0.72554	1.0365	455.07	0.042545	3.3494e-05	0.045951	supercritical
514.00	154.00	111.03	0.0090064	327.76	466.46	5.5896	0.72582	1.0366	455.47	0.042212	3.3534e-05	0.046010	supercritical
515.00	154.00	110.81	0.0090248	328.52	467.50	5.5916	0.72610	1.0366	455.86	0.041880	3.3573e-05	0.046068	supercritical
516.00	154.00	110.58	0.0090432	329.27	468.54	5.5936	0.72638	1.0366	456.26	0.041550	3.3613e-05	0.046127	supercritical
517.00	154.00	110.36	0.0090615	330.02	469.57	5.5956	0.72666	1.0367	456.65	0.041222	3.3652e-05	0.046186	supercritical
518.00	154.00	110.13	0.0090799	330.78	470.61	5.5976	0.72694	1.0367	457.04	0.040895	3.3692e-05	0.046244	supercritical
519.00	154.00	109.91	0.0090982	331.53	471.65	5.5996	0.72722	1.0368	457.43	0.040569	3.3731e-05	0.046303	supercritical
520.00	154.00	109.69	0.0091166	332.29	472.68	5.6016	0.72751	1.0368	457.82	0.040245	3.3771e-05	0.046362	supercritical
521.00	154.00	109.47	0.0091349	333.04	473.72	5.6036	0.72779	1.0369	458.21	0.039922	3.3810e-05	0.046421	supercritical
522.00	154.00	109.25	0.0091532	333.80	474.76	5.6056	0.72807	1.0369	458.60	0.039601	3.3850e-05	0.046479	supercritical
523.00	154.00	109.03	0.0091715	334.55	475.79	5.6076	0.72835	1.0370	458.99	0.039281	3.3889e-05	0.046538	supercritical
524.00	154.00	108.82	0.0091899	335.31	476.83	5.6096	0.72863	1.0370	459.38	0.038962	3.3929e-05	0.046597	supercritical
525.00	154.00	108.60	0.0092082	336.06	477.87	5.6116	0.72891	1.0371	459.77	0.038645	3.3968e-05	0.046655	supercritical
526.00	154.00	108.38	0.0092265	336.82	478.90	5.6135	0.72919	1.0371	460.16	0.038329	3.4007e-05	0.046714	supercritical
527.00	154.00	108.17	0.0092448	337.57	479.94	5.6155	0.72947	1.0372	460.55	0.038015	3.4047e-05	0.046773	supercritical
528.00	154.00	107.96	0.0092630	338.33	480.98	5.6175	0.72975	1.0373	460.93	0.037702	3.4086e-05	0.046831	supercritical
529.00	154.00	107.74	0.0092813	339.08	482.02	5.6194	0.73004	1.0373	461.32	0.037390	3.4125e-05	0.046890	supercritical
530.00	154.00	107.53	0.0092996	339.84	483.05	5.6214	0.73032	1.0374	461.71	0.037080	3.4164e-05	0.046949	supercritical
531.00	154.00	107.32	0.0093179	340.60	484.09	5.6233	0.73060	1.0374	462.09	0.036771	3.4204e-05	0.047008	supercritical
532.00	154.00	107.11	0.0093361	341.35	485.13	5.6253	0.73088	1.0375	462.48	0.036463	3.4243e-05	0.047066	supercritical
533.00	154.00	106.90	0.0093544	342.11	486.17	5.6272	0.73116	1.0376	462.86	0.036156	3.4282e-05	0.047125	supercritical
534.00	154.00	106.69	0.0093726	342.86	487.20	5.6292	0.73145	1.0377	463.24	0.035851	3.4321e-05	0.047184	supercritical
535.00	154.00	106.49	0.0093909	343.62	488.24	5.6311	0.73173	1.0377	463.63	0.035548	3.4360e-05	0.047242	supercritical
536.00	154.00	106.28	0.0094091	344.38	489.28	5.6331	0.73201	1.0378	464.01	0.035245	3.4399e-05	0.047301	supercritical
537.00	154.00	106.07	0.0094274	345.13	490.32	5.6350	0.73229	1.0379	464.39	0.034944	3.4439e-05	0.047360	supercritical
538.00	154.00	105.87	0.0094456	345.89	491.35	5.6369	0.73257	1.0379	464.78	0.034644	3.4478e-05	0.047419	supercritical
539.00	154.00	105.67	0.0094638	346.65	492.39	5.6389	0.73285	1.0380	465.16	0.034346	3.4517e-05	0.047477	supercritical
540.00	154.00	105.46	0.0094820	347.41	493.43	5.6408	0.73314	1.0381	465.54	0.034048	3.4556e-05	0.047536	supercritical
541.00	154.00	105.26	0.0095002	348.16	494.47	5.6427	0.73342	1.0382	465.92	0.033752	3.4595e-05	0.047595	supercritical
542.00	154.00	105.06	0.0095184	348.92	495.51	5.6446	0.73370	1.0383	466.30	0.033458	3.4634e-05	0.047653	supercritical
543.00	154.00	104.86	0.0095366	349.68	496.54	5.6465	0.73398	1.0383	466.68	0.033164	3.4673e-05	0.047712	supercritical
544.00	154.00	104.66	0.0095548	350.44	497.58	5.6484	0.73426	1.0384	467.06	0.032872	3.4712e-05	0.047771	supercritical
545.00	154.00	104.46	0.0095730	351.20	498.62	5.6504	0.73455	1.0385	467.44	0.032581	3.4751e-05	0.047830	supercritical
546.00	154.00	104.26	0.0095912	351.96	499.66	5.6523	0.73483	1.0386	467.82	0.032291	3.4790e-05	0.047888	supercritical
547.00	154.00	104.06	0.0096094	352.71	500.70	5.6542	0.73511	1.0387	468.19	0.032002	3.4829e-05	0.047947	supercritical
548.00	154.00	103.87	0.0096276	353.47	501.74	5.6561	0.73539	1.0388	468.57	0.031715	3.4867e-05	0.048006	supercritical
549.00	154.00	103.67	0.0096457	354.23	502.78	5.6580	0.73567	1.0389	468.95	0.031429	3.4906e-05	0.048064	supercritical
550.00	154.00	103.48	0.0096639	354.99	503.82	5.6598	0.73596	1.0390	469.33	0.031144	3.4945e-05	0.048123	supercritical
551.00	154.00	103.28	0.0096820	355.75	504.85	5.6617	0.73624	1.0391	469.70	0.030860	3.4984e-05	0.048182	supercritical
552.00	154.00	103.09	0.0097002	356.51	505.89	5.6636	0.73652	1.0391	470.08	0.030578	3.5023e-05	0.048241	supercritical
553.00	154.00	102.90	0.0097183	357.27	506.93	5.6655	0.73680	1.0392	470.45	0.030297	3.5061e-05	0.048299	supercritical
554.00	154.00	102.71	0.0097365	358.03	507.97	5.6674	0.73708	1.0393	470.83	0.030017	3.5100e-05	0.048358	supercritical
555.00	154.00	102.52	0.0097546	358.79	509.01	5.6692	0.73736	1.0394	471.20	0.029738	3.5139e-05	0.048417	supercritical
556.00	154.00	102.33	0.0097727	359.55	510.05	5.6711	0.73765	1.0395	471.58	0.029460	3.5178e-05	0.048475	supercritical
557.00	154.00	102.14	0.0097909	360.31	511.09	5.6730	0.73793	1.0396	471.95	0.029183	3.5216e-05	0.048534	supercritical
558.00	154.00	101.95	0.0098090	361.07	512.13	5.6749	0.73821	1.0397	472.32	0.028908	3.5255e-05	0.048593	supercritical
559.00	154.00	101.76	0.0098271	361.83	513.17	5.6767	0.73849	1.0398	472.70	0.028634	3.5294e-05	0.048651	supercritical
560.00	154.00	101.57	0.0098452	362.59	514.21	5.6786	0.73877	1.0399	473.07	0.028360	3.5332e-05	0.048710	supercritical
561.00	154.00	101.39	0.0098633	363.35	515.25	5.6804	0.73905	1.0400	473.44	0.028088	3.5371e-05	0.048769	supercritical
562.00	154.00	101.20	0.0098814	364.12	516.29	5.6823	0.73933	1.0401	473.81	0.027818	3.5409e-05	0.048827	supercritical
563.00	154.00	101.02	0.0098995	364.88	517.33	5.6841	0.73961	1.0402	474.18	0.027548	3.5448e-05	0.048886	supercritical
564.00	154.00	100.83	0.0099176	365.64	518.37	5.6860	0.73989	1.0404	474.55	0.027279	3.5486e-05	0.048945	supercritical
565.00	154.00	100.65	0.0099357	366.40	519.41	5.6878	0.74018	1.0405	474.92	0.027012	3.5525e-05	0.049003	supercritical
566.00	154.00	100.46	0.0099538	367.16	520.45	5.6897	0.74046	1.0406	475.29	0.026745	3.5563e-05	0.049062	supercritical
567.00	154.00	100.28	0.0099718	367.93	521.49	5.6915	0.74074	1.0407	475.66	0.026480	3.5602e-05	0.049120	supercritical
568.00	154.00	100.10	0.0099899	368.69	522.53	5.6933	0.74102	1.0408	476.03	0.026216	3.5640e-05	0.049179	supercritical
569.00	154.00	99.920	0.010008	369.45	523.57	5.6952	0.74130	1.0409	476.40	0.025953	3.5679e-05	0.049238	supercritical
570.00	154.00	99.740	0.010026	370.21	524.61	5.6970	0.74158	1.0410	476.77	0.025691	3.5717e-05	0.049296	supercritical
571.00	154.00	99.561	0.010044	370.98	525.66	5.6988	0.74186	1.0411	477.14	0.025430	3.5756e-05	0.049355	supercritical
572.00	154.00	99.382	0.010062	371.74	526.70	5.7006	0.74214	1.0412	477.50	0.025170	3.5794e-05	0.049414	supercritical
573.00	154.00	99.204	0.010080	372.50	527.74	5.7025	0.74242	1.0414	477.87	0.024911	3.5832e-05	0.049472	supercritical
574.00	154.00	99.027	0.010098	373.27	528.78	5.7043	0.74270	1.0415	478.24	0.024653	3.5871e-05	0.049531	supercritical
575.00	154.00	98.851	0.010116	374.03	529.82	5.7061	0.74297	1.0416	478.60	0.024397	3.5909e-05	0.049589	supercritical
576.00	154.00	98.675	0.010134	374.79	530.86	5.7079	0.74325	1.0417	478.97	0.024141	3.5947e-05	0.049648	supercritical
577.00	154.00	98.499	0.010152	375.56	531.90	5.7097	0.74353	1.0418	479.33	0.023887	3.5985e-05	0.049707	supercritical
578.00	154.00	98.325	0.010170	376.32	532.95	5.7115	0.74381	1.0419	479.70	0.023633	3.6024e-05	0.049765	supercritical
579.00	154.00	98.151	0.010188	377.09	533.99	5.7133	0.74409	1.0421	480.06	0.023381	3.6062e-05	0.049824	supercritical
580.00	154.00	97.978	0.010206	377.85	535.03	5.7151	0.74437	1.0422	480.43	0.023129	3.6100e-05	0.049882	supercritical
581.00	154.00	97.805	0.010224	378.62	536.07	5.7169	0.74465	1.0423	480.79	0.022879	3.6138e-05	0.049941	supercritical
582.00	154.00	97.633	0.010242	379.38	537.11	5.7187	0.74493	1.0424	481.16	0.022629	3.6176e-05	0.049999	supercritical
583.00	154.00	97.462	0.010260	380.15	538.16	5.7205	0.74520	1.0426	481.52	0.022381	3.6215e-05	0.050058	supercritical
584.00	154.00	97.291	0.010278	380.91	539.20	5.7223	0.74548	1.0427	481.88	0.022134	3.6253e-05	0.050117	supercritical
585.00	154.00	97.121	0.010296	381.68	540.24	5.7241	0.74576	1.0428	482.24	0.021887	3.6291e-05	0.050175	supercritical
586.00	154.00	96.952	0.010314	382.44	541.29	5.7258	0.74604	1.0429	482.60	0.021642	3.6329e-05	0.050234	supercritical
587.00	154.00	96.783	0.010332	383.21	542.33	5.7276	0.74631	1.0431	482.97	0.021397	3.6367e-05	0.050292	supercritical
588.00	154.00	96.615	0.010350	383.98	543.37	5.7294	0.74659	1.0432	483.33	0.021154	3.6405e-05	0.050351	supercritical
589.00	154.00	96.447	0.010368	384.74	544.42	5.7312	0.74687	1.0433	483.69	0.020912	3.6443e-05	0.050409	supercritical
590.00	154.00	96.281	0.010386	385.51	545.46	5.7329	0.74714	1.0434	484.05	0.020670	3.6481e-05	0.050468	supercritical
591.00	154.00	96.114	0.010404	386.28	546.50	5.7347	0.74742	1.0436	484.41	0.020430	3.6519e-05	0.050526	supercritical
592.00	154.00	95.949	0.010422	387.04	547.55	5.7365	0.74770	1.0437	484.77	0.020190	3.6557e-05	0.050585	supercritical
593.00	154.00	95.784	0.010440	387.81	548.59	5.7382	0.74797	1.0438	485.13	0.019952	3.6595e-05	0.050643	supercritical
594.00	154.00	95.619	0.010458	388.58	549.63	5.7400	0.74825	1.0440	485.49	0.019714	3.6632e-05	0.050702	supercritical
595.00	154.00	95.455	0.010476	389.35	550.68	5.7417	0.74852	1.0441	485.84	0.019477	3.6670e-05	0.050760	supercritical
596.00	154.00	95.292	0.010494	390.11	551.72	5.7435	0.74880	1.0442	486.20	0.019242	3.6708e-05	0.050819	supercritical
597.00	154.00	95.129	0.010512	390.88	552.77	5.7452	0.74907	1.0443	486.56	0.019007	3.6746e-05	0.050877	supercritical
598.00	154.00	94.967	0.010530	391.65	553.81	5.7470	0.74935	1.0445	486.92	0.018773	3.6784e-05	0.050935	supercritical
599.00	154.00	94.806	0.010548	392.42	554.85	5.7487	0.74962	1.0446	487.27	0.018540	3.6822e-05	0.050994	supercritical
600.00	154.00	94.645	0.010566	393.19	555.90	5.7505	0.74990	1.0448	487.63	0.018308	3.6859e-05	0.051052	supercritical
