Temperature (K)	Pressure (bar)	Density (kg/m3)	Volume (m3/kg)	Internal Energy (kJ/kg)	Enthalpy (kJ/kg)	Entropy (J/g*K)	Cv (J/g*K)	Cp (J/g*K)	Sound Spd. (m/s)	Joule-Thomson (K/bar)	Viscosity (Pa*s)	Therm. Cond. (W/m*K)	Phase
60.000	116.00	1295.5	0.00077189	-185.94	-176.99	2.2272	1.0930	1.6500	1158.7	-0.037714	0.00063290	0.19858	liquid
61.000	116.00	1291.3	0.00077440	-184.32	-175.34	2.2544	1.0853	1.6523	1154.8	-0.037554	0.00060317	0.19728	liquid
62.000	116.00	1287.1	0.00077694	-182.69	-173.68	2.2813	1.0784	1.6542	1150.2	-0.037412	0.00057540	0.19597	liquid
63.000	116.00	1282.9	0.00077950	-181.07	-172.03	2.3078	1.0720	1.6556	1145.0	-0.037284	0.00054947	0.19466	liquid
64.000	116.00	1278.6	0.00078208	-179.44	-170.37	2.3339	1.0661	1.6566	1139.4	-0.037169	0.00052525	0.19335	liquid
65.000	116.00	1274.4	0.00078470	-177.82	-168.71	2.3596	1.0606	1.6573	1133.4	-0.037063	0.00050259	0.19204	liquid
66.000	116.00	1270.1	0.00078733	-176.19	-167.06	2.3849	1.0553	1.6577	1127.2	-0.036966	0.00048139	0.19074	liquid
67.000	116.00	1265.8	0.00078999	-174.56	-165.40	2.4098	1.0502	1.6577	1120.7	-0.036875	0.00046153	0.18943	liquid
68.000	116.00	1261.6	0.00079266	-172.94	-163.74	2.4344	1.0452	1.6576	1114.0	-0.036788	0.00044292	0.18812	liquid
69.000	116.00	1257.3	0.00079536	-171.31	-162.08	2.4586	1.0404	1.6573	1107.2	-0.036704	0.00042546	0.18681	liquid
70.000	116.00	1253.0	0.00079809	-169.68	-160.43	2.4824	1.0356	1.6569	1100.3	-0.036621	0.00040907	0.18550	liquid
71.000	116.00	1248.7	0.00080083	-168.06	-158.77	2.5059	1.0310	1.6563	1093.3	-0.036538	0.00039366	0.18420	liquid
72.000	116.00	1244.4	0.00080360	-166.44	-157.11	2.5291	1.0264	1.6557	1086.3	-0.036455	0.00037916	0.18289	liquid
73.000	116.00	1240.1	0.00080639	-164.81	-155.46	2.5519	1.0218	1.6550	1079.1	-0.036369	0.00036552	0.18159	liquid
74.000	116.00	1235.8	0.00080920	-163.19	-153.80	2.5744	1.0173	1.6543	1072.0	-0.036281	0.00035265	0.18028	liquid
75.000	116.00	1231.5	0.00081203	-161.57	-152.15	2.5966	1.0129	1.6536	1064.8	-0.036188	0.00034052	0.17897	liquid
76.000	116.00	1227.2	0.00081489	-159.95	-150.50	2.6185	1.0085	1.6530	1057.6	-0.036091	0.00032906	0.17767	liquid
77.000	116.00	1222.8	0.00081778	-158.33	-148.84	2.6401	1.0041	1.6523	1050.4	-0.035990	0.00031822	0.17636	liquid
78.000	116.00	1218.5	0.00082069	-156.71	-147.19	2.6614	0.99979	1.6517	1043.2	-0.035882	0.00030797	0.17505	liquid
79.000	116.00	1214.1	0.00082363	-155.09	-145.54	2.6825	0.99552	1.6512	1036.0	-0.035768	0.00029826	0.17375	liquid
80.000	116.00	1209.8	0.00082659	-153.48	-143.89	2.7032	0.99129	1.6507	1028.8	-0.035648	0.00028905	0.17244	liquid
81.000	116.00	1205.4	0.00082958	-151.86	-142.24	2.7237	0.98711	1.6503	1021.6	-0.035520	0.00028031	0.17113	liquid
82.000	116.00	1201.1	0.00083260	-150.25	-140.59	2.7440	0.98297	1.6501	1014.3	-0.035385	0.00027201	0.16982	liquid
83.000	116.00	1196.7	0.00083565	-148.63	-138.94	2.7640	0.97888	1.6499	1007.1	-0.035242	0.00026412	0.16852	liquid
84.000	116.00	1192.3	0.00083872	-147.02	-137.29	2.7838	0.97483	1.6498	999.94	-0.035091	0.00025661	0.16721	liquid
85.000	116.00	1187.9	0.00084183	-145.40	-135.64	2.8033	0.97083	1.6498	992.74	-0.034931	0.00024945	0.16590	liquid
86.000	116.00	1183.5	0.00084497	-143.79	-133.99	2.8226	0.96688	1.6499	985.55	-0.034763	0.00024262	0.16459	liquid
87.000	116.00	1179.0	0.00084815	-142.18	-132.34	2.8417	0.96298	1.6501	978.36	-0.034585	0.00023610	0.16327	liquid
88.000	116.00	1174.6	0.00085135	-140.56	-130.69	2.8605	0.95912	1.6504	971.18	-0.034398	0.00022988	0.16196	liquid
89.000	116.00	1170.1	0.00085459	-138.95	-129.04	2.8792	0.95531	1.6509	964.00	-0.034201	0.00022392	0.16065	liquid
90.000	116.00	1165.7	0.00085787	-137.34	-127.39	2.8976	0.95155	1.6515	956.82	-0.033994	0.00021822	0.15934	liquid
91.000	116.00	1161.2	0.00086118	-135.73	-125.74	2.9159	0.94783	1.6522	949.65	-0.033777	0.00021276	0.15802	liquid
92.000	116.00	1156.7	0.00086453	-134.11	-124.08	2.9339	0.94417	1.6530	942.48	-0.033549	0.00020752	0.15671	liquid
93.000	116.00	1152.2	0.00086792	-132.50	-122.43	2.9518	0.94055	1.6540	935.31	-0.033310	0.00020249	0.15539	liquid
94.000	116.00	1147.6	0.00087135	-130.88	-120.77	2.9695	0.93698	1.6551	928.14	-0.033060	0.00019766	0.15407	liquid
95.000	116.00	1143.1	0.00087482	-129.27	-119.12	2.9870	0.93345	1.6563	920.97	-0.032799	0.00019301	0.15276	liquid
96.000	116.00	1138.5	0.00087833	-127.65	-117.46	3.0044	0.92998	1.6576	913.80	-0.032526	0.00018854	0.15144	liquid
97.000	116.00	1133.9	0.00088188	-126.03	-115.80	3.0216	0.92655	1.6591	906.63	-0.032241	0.00018423	0.15012	liquid
98.000	116.00	1129.3	0.00088548	-124.42	-114.14	3.0386	0.92317	1.6607	899.45	-0.031943	0.00018008	0.14880	liquid
99.000	116.00	1124.7	0.00088913	-122.80	-112.48	3.0554	0.91983	1.6625	892.27	-0.031633	0.00017607	0.14748	liquid
100.00	116.00	1120.0	0.00089282	-121.18	-110.82	3.0722	0.91654	1.6644	885.09	-0.031309	0.00017220	0.14616	liquid
101.00	116.00	1115.4	0.00089656	-119.55	-109.15	3.0887	0.91329	1.6664	877.90	-0.030972	0.00016846	0.14484	liquid
102.00	116.00	1110.7	0.00090036	-117.93	-107.49	3.1052	0.91009	1.6685	870.70	-0.030621	0.00016484	0.14352	liquid
103.00	116.00	1105.9	0.00090420	-116.31	-105.82	3.1215	0.90693	1.6709	863.50	-0.030255	0.00016134	0.14220	liquid
104.00	116.00	1101.2	0.00090810	-114.68	-104.14	3.1376	0.90382	1.6733	856.29	-0.029874	0.00015795	0.14087	liquid
105.00	116.00	1096.4	0.00091205	-113.05	-102.47	3.1536	0.90075	1.6759	849.07	-0.029479	0.00015466	0.13955	liquid
106.00	116.00	1091.6	0.00091606	-111.42	-100.79	3.1695	0.89773	1.6787	841.85	-0.029067	0.00015147	0.13823	liquid
107.00	116.00	1086.8	0.00092013	-109.79	-99.112	3.1853	0.89474	1.6816	834.61	-0.028639	0.00014838	0.13690	liquid
108.00	116.00	1081.9	0.00092426	-108.15	-97.429	3.2010	0.89180	1.6847	827.36	-0.028194	0.00014537	0.13558	liquid
109.00	116.00	1077.1	0.00092845	-106.51	-95.743	3.2165	0.88890	1.6879	820.10	-0.027731	0.00014245	0.13426	liquid
110.00	116.00	1072.1	0.00093271	-104.87	-94.054	3.2319	0.88605	1.6913	812.82	-0.027250	0.00013961	0.13293	liquid
111.00	116.00	1067.2	0.00093703	-103.23	-92.360	3.2473	0.88323	1.6948	805.54	-0.026751	0.00013684	0.13161	liquid
112.00	116.00	1062.2	0.00094142	-101.58	-90.664	3.2625	0.88046	1.6986	798.24	-0.026231	0.00013415	0.13030	liquid
113.00	116.00	1057.2	0.00094589	-99.936	-88.963	3.2776	0.87773	1.7025	790.92	-0.025692	0.00013152	0.12898	liquid
114.00	116.00	1052.2	0.00095042	-98.284	-87.259	3.2926	0.87504	1.7066	783.59	-0.025131	0.00012896	0.12767	liquid
115.00	116.00	1047.1	0.00095504	-96.628	-85.550	3.3075	0.87239	1.7109	776.24	-0.024549	0.00012646	0.12635	liquid
116.00	116.00	1042.0	0.00095973	-94.970	-83.837	3.3224	0.86978	1.7154	768.88	-0.023943	0.00012403	0.12504	liquid
117.00	116.00	1036.8	0.00096450	-93.307	-82.119	3.3371	0.86722	1.7201	761.50	-0.023314	0.00012165	0.12372	liquid
118.00	116.00	1031.6	0.00096936	-91.641	-80.397	3.3518	0.86469	1.7250	754.10	-0.022660	0.00011932	0.12241	liquid
119.00	116.00	1026.4	0.00097431	-89.971	-78.669	3.3663	0.86221	1.7301	746.68	-0.021981	0.00011705	0.12110	liquid
120.00	116.00	1021.1	0.00097935	-88.297	-76.936	3.3808	0.85977	1.7354	739.23	-0.021274	0.00011483	0.11979	liquid
121.00	116.00	1015.8	0.00098448	-86.618	-75.198	3.3953	0.85736	1.7410	731.77	-0.020540	0.00011265	0.11848	liquid
122.00	116.00	1010.4	0.00098971	-84.935	-73.454	3.4096	0.85501	1.7468	724.29	-0.019776	0.00011052	0.11717	liquid
123.00	116.00	1005.0	0.00099504	-83.247	-71.704	3.4239	0.85269	1.7529	716.78	-0.018981	0.00010844	0.11586	liquid
124.00	116.00	999.52	0.0010005	-81.554	-69.948	3.4381	0.85041	1.7592	709.25	-0.018155	0.00010639	0.11456	liquid
125.00	116.00	994.01	0.0010060	-79.856	-68.186	3.4523	0.84818	1.7659	701.70	-0.017294	0.00010439	0.11326	liquid
126.00	116.00	988.44	0.0010117	-78.152	-66.417	3.4664	0.84599	1.7728	694.12	-0.016399	0.00010243	0.11196	liquid
127.00	116.00	982.83	0.0010175	-76.443	-64.640	3.4804	0.84385	1.7800	686.52	-0.015466	0.00010051	0.11066	liquid
128.00	116.00	977.15	0.0010234	-74.728	-62.857	3.4944	0.84175	1.7875	678.89	-0.014495	9.8617e-05	0.10936	liquid
129.00	116.00	971.42	0.0010294	-73.006	-61.065	3.5084	0.83969	1.7953	671.23	-0.013483	9.6763e-05	0.10807	liquid
130.00	116.00	965.63	0.0010356	-71.279	-59.266	3.5223	0.83768	1.8035	663.54	-0.012428	9.4944e-05	0.10678	liquid
131.00	116.00	959.78	0.0010419	-69.544	-57.458	3.5361	0.83572	1.8121	655.83	-0.011329	9.3157e-05	0.10549	liquid
132.00	116.00	953.87	0.0010484	-67.803	-55.642	3.5499	0.83380	1.8210	648.09	-0.010181	9.1401e-05	0.10421	liquid
133.00	116.00	947.88	0.0010550	-66.054	-53.816	3.5637	0.83193	1.8303	640.31	-0.0089842	8.9676e-05	0.10293	liquid
134.00	116.00	941.83	0.0010618	-64.297	-51.981	3.5774	0.83011	1.8401	632.50	-0.0077344	8.7980e-05	0.10165	liquid
135.00	116.00	935.71	0.0010687	-62.533	-50.136	3.5912	0.82834	1.8503	624.67	-0.0064291	8.6312e-05	0.10037	liquid
136.00	116.00	929.51	0.0010758	-60.760	-48.280	3.6049	0.82662	1.8610	616.80	-0.0050651	8.4673e-05	0.099103	liquid
137.00	116.00	923.24	0.0010831	-58.978	-46.413	3.6185	0.82495	1.8721	608.89	-0.0036390	8.3059e-05	0.097835	liquid
138.00	116.00	916.88	0.0010907	-57.187	-44.536	3.6322	0.82334	1.8838	600.95	-0.0021473	8.1472e-05	0.096572	liquid
139.00	116.00	910.44	0.0010984	-55.387	-42.646	3.6458	0.82178	1.8961	592.98	-0.00058618	7.9910e-05	0.095312	liquid
140.00	116.00	903.91	0.0011063	-53.576	-40.743	3.6595	0.82028	1.9089	584.97	0.0010486	7.8372e-05	0.094057	liquid
141.00	116.00	897.29	0.0011145	-51.755	-38.827	3.6731	0.81884	1.9224	576.93	0.0027614	7.6857e-05	0.092806	liquid
142.00	116.00	890.58	0.0011229	-49.923	-36.898	3.6867	0.81746	1.9365	568.85	0.0045571	7.5366e-05	0.091560	liquid
143.00	116.00	883.76	0.0011315	-48.080	-34.954	3.7004	0.81613	1.9514	560.74	0.0064409	7.3897e-05	0.090318	liquid
144.00	116.00	876.84	0.0011405	-46.224	-32.995	3.7140	0.81488	1.9670	552.58	0.0084181	7.2449e-05	0.089081	liquid
145.00	116.00	869.81	0.0011497	-44.356	-31.020	3.7277	0.81369	1.9833	544.39	0.010495	7.1022e-05	0.087850	liquid
146.00	116.00	862.67	0.0011592	-42.475	-29.028	3.7414	0.81257	2.0006	536.17	0.012678	6.9615e-05	0.086624	liquid
147.00	116.00	855.41	0.0011690	-40.579	-27.019	3.7551	0.81151	2.0187	527.91	0.014973	6.8228e-05	0.085403	liquid
148.00	116.00	848.02	0.0011792	-38.669	-24.990	3.7689	0.81054	2.0378	519.61	0.017389	6.6860e-05	0.084187	liquid
149.00	116.00	840.50	0.0011898	-36.744	-22.943	3.7827	0.80963	2.0579	511.28	0.019934	6.5511e-05	0.082978	liquid
150.00	116.00	832.85	0.0012007	-34.802	-20.874	3.7965	0.80881	2.0791	502.92	0.022615	6.4180e-05	0.081774	liquid
151.00	116.00	825.05	0.0012120	-32.844	-18.784	3.8104	0.80806	2.1014	494.52	0.025442	6.2866e-05	0.080576	liquid
152.00	116.00	817.10	0.0012238	-30.868	-16.671	3.8243	0.80740	2.1250	486.10	0.028426	6.1569e-05	0.079385	liquid
153.00	116.00	808.99	0.0012361	-28.872	-14.534	3.8383	0.80683	2.1499	477.66	0.031576	6.0289e-05	0.078199	liquid
154.00	116.00	800.71	0.0012489	-26.858	-12.371	3.8524	0.80634	2.1762	469.19	0.034905	5.9025e-05	0.077020	liquid
155.00	116.00	792.26	0.0012622	-24.822	-10.181	3.8666	0.80594	2.2040	460.71	0.038423	5.7776e-05	0.075848	supercritical
156.00	116.00	783.63	0.0012761	-22.765	-7.9621	3.8809	0.80563	2.2333	452.21	0.042145	5.6543e-05	0.074682	supercritical
157.00	116.00	774.80	0.0012907	-20.685	-5.7134	3.8952	0.80542	2.2643	443.72	0.046084	5.5324e-05	0.073522	supercritical
158.00	116.00	765.77	0.0013059	-18.581	-3.4328	3.9097	0.80529	2.2971	435.23	0.050253	5.4119e-05	0.072370	supercritical
159.00	116.00	756.54	0.0013218	-16.452	-1.1187	3.9243	0.80525	2.3316	426.75	0.054669	5.2928e-05	0.071224	supercritical
160.00	116.00	747.08	0.0013385	-14.296	1.2310	3.9391	0.80530	2.3680	418.29	0.059347	5.1750e-05	0.070084	supercritical
161.00	116.00	737.39	0.0013561	-12.113	3.6180	3.9539	0.80544	2.4064	409.87	0.064301	5.0586e-05	0.068952	supercritical
162.00	116.00	727.46	0.0013746	-9.9015	6.0443	3.9689	0.80565	2.4467	401.50	0.069549	4.9435e-05	0.067826	supercritical
163.00	116.00	717.29	0.0013941	-7.6600	8.5120	3.9841	0.80593	2.4889	393.20	0.075105	4.8296e-05	0.066707	supercritical
164.00	116.00	706.86	0.0014147	-5.3879	11.023	3.9995	0.80628	2.5330	384.98	0.080983	4.7170e-05	0.065594	supercritical
165.00	116.00	696.17	0.0014364	-3.0842	13.578	4.0150	0.80668	2.5788	376.87	0.087195	4.6056e-05	0.064488	supercritical
166.00	116.00	685.21	0.0014594	-0.74832	16.181	4.0307	0.80711	2.6260	368.88	0.093751	4.4956e-05	0.063388	supercritical
167.00	116.00	673.99	0.0014837	1.6199	18.831	4.0467	0.80757	2.6744	361.04	0.10066	4.3868e-05	0.062294	supercritical
168.00	116.00	662.50	0.0015094	4.0202	21.530	4.0628	0.80804	2.7234	353.38	0.10791	4.2795e-05	0.061206	supercritical
169.00	116.00	650.75	0.0015367	6.4521	24.278	4.0791	0.80851	2.7724	345.92	0.11551	4.1736e-05	0.060125	supercritical
170.00	116.00	638.75	0.0015656	8.9139	27.074	4.0956	0.80894	2.8207	338.70	0.12344	4.0693e-05	0.059049	supercritical
171.00	116.00	626.53	0.0015961	11.404	29.919	4.1123	0.80933	2.8673	331.75	0.13169	3.9667e-05	0.057980	supercritical
172.00	116.00	614.10	0.0016284	13.919	32.808	4.1291	0.80966	2.9114	325.09	0.14023	3.8660e-05	0.056917	supercritical
173.00	116.00	601.49	0.0016625	16.455	35.740	4.1461	0.80989	2.9517	318.75	0.14902	3.7674e-05	0.055862	supercritical
174.00	116.00	588.76	0.0016985	19.008	38.710	4.1632	0.81002	2.9874	312.77	0.15802	3.6711e-05	0.054814	supercritical
175.00	116.00	575.93	0.0017363	21.572	41.713	4.1804	0.81001	3.0173	307.15	0.16719	3.5773e-05	0.053775	supercritical
176.00	116.00	563.07	0.0017760	24.141	44.742	4.1977	0.80985	3.0405	301.92	0.17647	3.4863e-05	0.052747	supercritical
177.00	116.00	550.22	0.0018174	26.709	47.791	4.2150	0.80952	3.0561	297.09	0.18579	3.3982e-05	0.051731	supercritical
178.00	116.00	537.45	0.0018606	29.268	50.852	4.2322	0.80899	3.0635	292.67	0.19509	3.3135e-05	0.050728	supercritical
179.00	116.00	524.81	0.0019055	31.812	53.915	4.2494	0.80825	3.0621	288.65	0.20430	3.2322e-05	0.049742	supercritical
180.00	116.00	512.35	0.0019518	34.333	56.973	4.2664	0.80728	3.0518	285.05	0.21333	3.1545e-05	0.048775	supercritical
181.00	116.00	500.14	0.0019994	36.823	60.016	4.2833	0.80609	3.0326	281.84	0.22211	3.0807e-05	0.047830	supercritical
182.00	116.00	488.22	0.0020482	39.276	63.036	4.2999	0.80468	3.0050	279.02	0.23058	3.0108e-05	0.046910	supercritical
183.00	116.00	476.64	0.0020980	41.687	66.024	4.3163	0.80304	2.9697	276.56	0.23867	2.9448e-05	0.046017	supercritical
184.00	116.00	465.43	0.0021486	44.049	68.973	4.3324	0.80121	2.9276	274.46	0.24634	2.8829e-05	0.045153	supercritical
185.00	116.00	454.61	0.0021997	46.360	71.877	4.3481	0.79919	2.8800	272.67	0.25354	2.8249e-05	0.044322	supercritical
186.00	116.00	444.20	0.0022512	48.617	74.731	4.3635	0.79700	2.8280	271.19	0.26025	2.7709e-05	0.043525	supercritical
187.00	116.00	434.22	0.0023030	50.817	77.532	4.3785	0.79468	2.7729	269.97	0.26647	2.7205e-05	0.042764	supercritical
188.00	116.00	424.66	0.0023548	52.960	80.276	4.3931	0.79224	2.7159	269.00	0.27218	2.6738e-05	0.042038	supercritical
189.00	116.00	415.52	0.0024066	55.046	82.963	4.4074	0.78971	2.6577	268.25	0.27741	2.6305e-05	0.041349	supercritical
190.00	116.00	406.79	0.0024583	57.076	85.592	4.4213	0.78711	2.5994	267.69	0.28216	2.5905e-05	0.040695	supercritical
191.00	116.00	398.45	0.0025097	59.050	88.162	4.4348	0.78447	2.5416	267.31	0.28646	2.5535e-05	0.040077	supercritical
192.00	116.00	390.51	0.0025608	60.970	90.675	4.4479	0.78180	2.4849	267.08	0.29031	2.5193e-05	0.039494	supercritical
193.00	116.00	382.92	0.0026115	62.839	93.133	4.4606	0.77912	2.4295	266.98	0.29376	2.4878e-05	0.038944	supercritical
194.00	116.00	375.69	0.0026618	64.658	95.535	4.4731	0.77643	2.3759	267.01	0.29682	2.4588e-05	0.038426	supercritical
195.00	116.00	368.78	0.0027116	66.430	97.885	4.4851	0.77377	2.3241	267.13	0.29952	2.4320e-05	0.037939	supercritical
196.00	116.00	362.19	0.0027610	68.156	100.18	4.4969	0.77113	2.2743	267.35	0.30189	2.4073e-05	0.037480	supercritical
197.00	116.00	355.89	0.0028099	69.840	102.43	4.5084	0.76852	2.2266	267.65	0.30393	2.3845e-05	0.037049	supercritical
198.00	116.00	349.87	0.0028582	71.482	104.64	4.5195	0.76595	2.1810	268.01	0.30569	2.3635e-05	0.036644	supercritical
199.00	116.00	344.11	0.0029061	73.086	106.80	4.5304	0.76343	2.1374	268.44	0.30718	2.3442e-05	0.036264	supercritical
200.00	116.00	338.59	0.0029534	74.654	108.91	4.5410	0.76097	2.0958	268.92	0.30842	2.3264e-05	0.035906	supercritical
201.00	116.00	333.31	0.0030002	76.186	110.99	4.5514	0.75855	2.0562	269.45	0.30942	2.3100e-05	0.035570	supercritical
202.00	116.00	328.24	0.0030466	77.686	113.03	4.5615	0.75619	2.0185	270.02	0.31022	2.2949e-05	0.035255	supercritical
203.00	116.00	323.37	0.0030924	79.155	115.03	4.5713	0.75389	1.9826	270.63	0.31081	2.2811e-05	0.034958	supercritical
204.00	116.00	318.70	0.0031378	80.594	116.99	4.5810	0.75165	1.9484	271.27	0.31123	2.2683e-05	0.034680	supercritical
205.00	116.00	314.21	0.0031826	82.006	118.92	4.5904	0.74947	1.9158	271.93	0.31147	2.2565e-05	0.034418	supercritical
206.00	116.00	309.88	0.0032270	83.391	120.82	4.5997	0.74735	1.8848	272.62	0.31157	2.2457e-05	0.034172	supercritical
207.00	116.00	305.72	0.0032710	84.751	122.69	4.6087	0.74529	1.8553	273.33	0.31152	2.2358e-05	0.033941	supercritical
208.00	116.00	301.71	0.0033145	86.087	124.54	4.6176	0.74329	1.8271	274.06	0.31133	2.2267e-05	0.033724	supercritical
209.00	116.00	297.84	0.0033575	87.401	126.35	4.6263	0.74135	1.8003	274.81	0.31103	2.2184e-05	0.033519	supercritical
210.00	116.00	294.10	0.0034002	88.694	128.14	4.6348	0.73947	1.7747	275.56	0.31062	2.2108e-05	0.033328	supercritical
211.00	116.00	290.49	0.0034424	89.966	129.90	4.6432	0.73764	1.7503	276.34	0.31010	2.2038e-05	0.033147	supercritical
212.00	116.00	287.00	0.0034843	91.220	131.64	4.6514	0.73587	1.7270	277.12	0.30949	2.1975e-05	0.032978	supercritical
213.00	116.00	283.63	0.0035257	92.454	133.35	4.6595	0.73415	1.7047	277.91	0.30880	2.1917e-05	0.032819	supercritical
214.00	116.00	280.36	0.0035668	93.672	135.05	4.6674	0.73249	1.6834	278.70	0.30802	2.1865e-05	0.032670	supercritical
215.00	116.00	277.20	0.0036075	94.873	136.72	4.6753	0.73088	1.6631	279.51	0.30718	2.1817e-05	0.032530	supercritical
216.00	116.00	274.13	0.0036479	96.058	138.37	4.6829	0.72931	1.6436	280.32	0.30626	2.1775e-05	0.032398	supercritical
217.00	116.00	271.16	0.0036879	97.228	140.01	4.6905	0.72780	1.6250	281.13	0.30529	2.1737e-05	0.032275	supercritical
218.00	116.00	268.27	0.0037276	98.383	141.62	4.6979	0.72633	1.6071	281.95	0.30425	2.1703e-05	0.032159	supercritical
219.00	116.00	265.46	0.0037670	99.525	143.22	4.7052	0.72491	1.5900	282.77	0.30317	2.1672e-05	0.032051	supercritical
220.00	116.00	262.74	0.0038060	100.65	144.80	4.7124	0.72354	1.5736	283.59	0.30204	2.1646e-05	0.031949	supercritical
221.00	116.00	260.09	0.0038448	101.77	146.37	4.7195	0.72220	1.5578	284.42	0.30087	2.1623e-05	0.031854	supercritical
222.00	116.00	257.52	0.0038833	102.87	147.92	4.7265	0.72091	1.5427	285.24	0.29966	2.1603e-05	0.031765	supercritical
223.00	116.00	255.01	0.0039214	103.97	149.45	4.7334	0.71966	1.5281	286.07	0.29841	2.1586e-05	0.031682	supercritical
224.00	116.00	252.57	0.0039593	105.05	150.98	4.7402	0.71845	1.5142	286.90	0.29713	2.1572e-05	0.031605	supercritical
225.00	116.00	250.19	0.0039969	106.12	152.48	4.7469	0.71728	1.5007	287.72	0.29582	2.1561e-05	0.031533	supercritical
226.00	116.00	247.87	0.0040343	107.18	153.98	4.7536	0.71614	1.4878	288.55	0.29448	2.1552e-05	0.031466	supercritical
227.00	116.00	245.61	0.0040714	108.23	155.46	4.7601	0.71504	1.4753	289.38	0.29312	2.1546e-05	0.031404	supercritical
228.00	116.00	243.41	0.0041083	109.27	156.93	4.7666	0.71397	1.4633	290.20	0.29174	2.1542e-05	0.031346	supercritical
229.00	116.00	241.26	0.0041449	110.30	158.39	4.7729	0.71293	1.4518	291.02	0.29034	2.1540e-05	0.031293	supercritical
230.00	116.00	239.16	0.0041813	111.33	159.83	4.7792	0.71193	1.4406	291.84	0.28892	2.1540e-05	0.031243	supercritical
231.00	116.00	237.11	0.0042175	112.34	161.27	4.7855	0.71095	1.4299	292.66	0.28749	2.1543e-05	0.031198	supercritical
232.00	116.00	235.11	0.0042534	113.35	162.69	4.7916	0.71001	1.4195	293.48	0.28604	2.1547e-05	0.031157	supercritical
233.00	116.00	233.15	0.0042891	114.35	164.11	4.7977	0.70910	1.4094	294.30	0.28458	2.1552e-05	0.031119	supercritical
234.00	116.00	231.23	0.0043247	115.34	165.51	4.8037	0.70821	1.3997	295.11	0.28311	2.1560e-05	0.031084	supercritical
235.00	116.00	229.36	0.0043600	116.33	166.91	4.8097	0.70735	1.3904	295.92	0.28163	2.1569e-05	0.031053	supercritical
236.00	116.00	227.53	0.0043951	117.31	168.29	4.8156	0.70652	1.3813	296.73	0.28014	2.1579e-05	0.031025	supercritical
237.00	116.00	225.73	0.0044300	118.28	169.67	4.8214	0.70571	1.3725	297.54	0.27865	2.1591e-05	0.030999	supercritical
238.00	116.00	223.98	0.0044648	119.25	171.04	4.8271	0.70492	1.3641	298.35	0.27715	2.1605e-05	0.030977	supercritical
239.00	116.00	222.26	0.0044993	120.20	172.40	4.8328	0.70416	1.3558	299.15	0.27564	2.1619e-05	0.030957	supercritical
240.00	116.00	220.57	0.0045337	121.16	173.75	4.8385	0.70342	1.3479	299.95	0.27413	2.1635e-05	0.030941	supercritical
241.00	116.00	218.92	0.0045679	122.11	175.09	4.8441	0.70271	1.3402	300.74	0.27262	2.1652e-05	0.030926	supercritical
242.00	116.00	217.30	0.0046019	123.05	176.43	4.8496	0.70201	1.3327	301.54	0.27111	2.1670e-05	0.030914	supercritical
243.00	116.00	215.71	0.0046358	123.98	177.76	4.8551	0.70134	1.3255	302.33	0.26960	2.1690e-05	0.030904	supercritical
244.00	116.00	214.16	0.0046695	124.91	179.08	4.8605	0.70069	1.3184	303.11	0.26808	2.1710e-05	0.030897	supercritical
245.00	116.00	212.63	0.0047030	125.84	180.40	4.8659	0.70005	1.3116	303.90	0.26657	2.1731e-05	0.030891	supercritical
246.00	116.00	211.13	0.0047364	126.76	181.70	4.8712	0.69944	1.3050	304.68	0.26505	2.1753e-05	0.030888	supercritical
247.00	116.00	209.66	0.0047696	127.68	183.01	4.8765	0.69884	1.2985	305.46	0.26354	2.1776e-05	0.030887	supercritical
248.00	116.00	208.21	0.0048027	128.59	184.30	4.8817	0.69826	1.2923	306.24	0.26203	2.1800e-05	0.030887	supercritical
249.00	116.00	206.80	0.0048357	129.50	185.59	4.8869	0.69770	1.2862	307.01	0.26053	2.1825e-05	0.030890	supercritical
250.00	116.00	205.40	0.0048685	130.40	186.87	4.8921	0.69716	1.2803	307.78	0.25902	2.1851e-05	0.030894	supercritical
251.00	116.00	204.03	0.0049012	131.30	188.15	4.8972	0.69663	1.2746	308.55	0.25752	2.1877e-05	0.030899	supercritical
252.00	116.00	202.69	0.0049337	132.19	189.42	4.9022	0.69612	1.2690	309.31	0.25602	2.1904e-05	0.030907	supercritical
253.00	116.00	201.36	0.0049661	133.08	190.69	4.9072	0.69562	1.2636	310.07	0.25453	2.1932e-05	0.030916	supercritical
254.00	116.00	200.06	0.0049984	133.97	191.95	4.9122	0.69514	1.2583	310.83	0.25304	2.1960e-05	0.030926	supercritical
255.00	116.00	198.79	0.0050305	134.85	193.20	4.9172	0.69467	1.2531	311.59	0.25156	2.1989e-05	0.030938	supercritical
256.00	116.00	197.53	0.0050626	135.73	194.46	4.9220	0.69421	1.2481	312.34	0.25008	2.2019e-05	0.030951	supercritical
257.00	116.00	196.29	0.0050945	136.61	195.70	4.9269	0.69377	1.2432	313.09	0.24861	2.2049e-05	0.030966	supercritical
258.00	116.00	195.07	0.0051263	137.48	196.94	4.9317	0.69335	1.2385	313.84	0.24714	2.2080e-05	0.030982	supercritical
259.00	116.00	193.88	0.0051579	138.35	198.18	4.9365	0.69293	1.2338	314.58	0.24568	2.2111e-05	0.030999	supercritical
260.00	116.00	192.70	0.0051895	139.21	199.41	4.9413	0.69253	1.2293	315.32	0.24422	2.2143e-05	0.031018	supercritical
261.00	116.00	191.54	0.0052210	140.07	200.64	4.9460	0.69214	1.2249	316.06	0.24277	2.2175e-05	0.031037	supercritical
262.00	116.00	190.39	0.0052523	140.93	201.86	4.9506	0.69177	1.2206	316.79	0.24133	2.2208e-05	0.031058	supercritical
263.00	116.00	189.27	0.0052835	141.79	203.08	4.9553	0.69140	1.2164	317.52	0.23989	2.2241e-05	0.031080	supercritical
264.00	116.00	188.16	0.0053147	142.64	204.29	4.9599	0.69105	1.2123	318.25	0.23846	2.2275e-05	0.031103	supercritical
265.00	116.00	187.07	0.0053457	143.49	205.50	4.9645	0.69070	1.2084	318.98	0.23703	2.2309e-05	0.031127	supercritical
266.00	116.00	185.99	0.0053766	144.34	206.71	4.9690	0.69037	1.2045	319.70	0.23562	2.2343e-05	0.031151	supercritical
267.00	116.00	184.93	0.0054075	145.19	207.91	4.9735	0.69005	1.2007	320.42	0.23421	2.2378e-05	0.031177	supercritical
268.00	116.00	183.88	0.0054382	146.03	209.11	4.9780	0.68974	1.1970	321.14	0.23280	2.2414e-05	0.031204	supercritical
269.00	116.00	182.85	0.0054688	146.87	210.31	4.9825	0.68944	1.1933	321.85	0.23141	2.2449e-05	0.031232	supercritical
270.00	116.00	181.84	0.0054994	147.70	211.50	4.9869	0.68915	1.1898	322.57	0.23002	2.2485e-05	0.031260	supercritical
271.00	116.00	180.84	0.0055299	148.54	212.69	4.9913	0.68887	1.1863	323.28	0.22864	2.2522e-05	0.031290	supercritical
272.00	116.00	179.85	0.0055602	149.37	213.87	4.9956	0.68859	1.1830	323.98	0.22726	2.2558e-05	0.031320	supercritical
273.00	116.00	178.87	0.0055905	150.20	215.05	5.0000	0.68833	1.1797	324.69	0.22590	2.2595e-05	0.031351	supercritical
274.00	116.00	177.91	0.0056207	151.03	216.23	5.0043	0.68808	1.1764	325.39	0.22454	2.2632e-05	0.031382	supercritical
275.00	116.00	176.97	0.0056508	151.85	217.40	5.0086	0.68783	1.1733	326.08	0.22318	2.2670e-05	0.031415	supercritical
276.00	116.00	176.03	0.0056808	152.68	218.58	5.0128	0.68759	1.1702	326.78	0.22184	2.2708e-05	0.031448	supercritical
277.00	116.00	175.11	0.0057108	153.50	219.74	5.0170	0.68737	1.1672	327.47	0.22050	2.2746e-05	0.031482	supercritical
278.00	116.00	174.20	0.0057407	154.32	220.91	5.0212	0.68714	1.1642	328.16	0.21917	2.2784e-05	0.031516	supercritical
279.00	116.00	173.30	0.0057705	155.14	222.07	5.0254	0.68693	1.1613	328.85	0.21785	2.2823e-05	0.031551	supercritical
280.00	116.00	172.41	0.0058002	155.95	223.23	5.0296	0.68673	1.1585	329.54	0.21654	2.2862e-05	0.031587	supercritical
281.00	116.00	171.53	0.0058298	156.76	224.39	5.0337	0.68653	1.1557	330.22	0.21523	2.2901e-05	0.031624	supercritical
282.00	116.00	170.67	0.0058594	157.58	225.54	5.0378	0.68634	1.1530	330.90	0.21393	2.2940e-05	0.031661	supercritical
283.00	116.00	169.81	0.0058888	158.39	226.70	5.0419	0.68616	1.1504	331.58	0.21264	2.2979e-05	0.031698	supercritical
284.00	116.00	168.97	0.0059183	159.19	227.85	5.0459	0.68598	1.1478	332.25	0.21136	2.3019e-05	0.031736	supercritical
285.00	116.00	168.13	0.0059476	160.00	228.99	5.0499	0.68582	1.1452	332.92	0.21008	2.3059e-05	0.031775	supercritical
286.00	116.00	167.31	0.0059769	160.80	230.14	5.0540	0.68565	1.1427	333.59	0.20881	2.3099e-05	0.031814	supercritical
287.00	116.00	166.50	0.0060061	161.61	231.28	5.0579	0.68550	1.1403	334.26	0.20755	2.3139e-05	0.031854	supercritical
288.00	116.00	165.69	0.0060352	162.41	232.42	5.0619	0.68535	1.1379	334.93	0.20630	2.3180e-05	0.031894	supercritical
289.00	116.00	164.90	0.0060643	163.21	233.55	5.0658	0.68521	1.1356	335.59	0.20505	2.3221e-05	0.031934	supercritical
290.00	116.00	164.11	0.0060933	164.01	234.69	5.0698	0.68508	1.1333	336.25	0.20381	2.3261e-05	0.031976	supercritical
291.00	116.00	163.34	0.0061223	164.80	235.82	5.0737	0.68495	1.1311	336.91	0.20258	2.3302e-05	0.032017	supercritical
292.00	116.00	162.57	0.0061511	165.60	236.95	5.0775	0.68483	1.1289	337.56	0.20135	2.3343e-05	0.032059	supercritical
293.00	116.00	161.81	0.0061800	166.39	238.08	5.0814	0.68471	1.1267	338.22	0.20014	2.3385e-05	0.032101	supercritical
294.00	116.00	161.06	0.0062087	167.18	239.20	5.0852	0.68460	1.1246	338.87	0.19893	2.3426e-05	0.032144	supercritical
295.00	116.00	160.32	0.0062374	167.97	240.33	5.0890	0.68450	1.1225	339.51	0.19773	2.3468e-05	0.032187	supercritical
296.00	116.00	159.59	0.0062661	168.76	241.45	5.0928	0.68440	1.1205	340.16	0.19653	2.3509e-05	0.032230	supercritical
297.00	116.00	158.87	0.0062946	169.55	242.57	5.0966	0.68430	1.1185	340.80	0.19535	2.3551e-05	0.032274	supercritical
298.00	116.00	158.15	0.0063232	170.34	243.69	5.1004	0.68422	1.1165	341.45	0.19416	2.3593e-05	0.032318	supercritical
299.00	116.00	157.44	0.0063516	171.12	244.80	5.1041	0.68413	1.1146	342.09	0.19299	2.3635e-05	0.032362	supercritical
300.00	116.00	156.74	0.0063800	171.91	245.91	5.1078	0.68406	1.1127	342.72	0.19183	2.3677e-05	0.032407	supercritical
301.00	116.00	156.05	0.0064084	172.69	247.03	5.1115	0.68399	1.1109	343.36	0.19067	2.3719e-05	0.032452	supercritical
302.00	116.00	155.36	0.0064367	173.47	248.14	5.1152	0.68392	1.1091	343.99	0.18952	2.3762e-05	0.032497	supercritical
303.00	116.00	154.68	0.0064649	174.25	249.24	5.1189	0.68386	1.1073	344.62	0.18837	2.3804e-05	0.032542	supercritical
304.00	116.00	154.01	0.0064931	175.03	250.35	5.1225	0.68380	1.1056	345.25	0.18723	2.3847e-05	0.032587	supercritical
305.00	116.00	153.34	0.0065213	175.81	251.46	5.1261	0.68375	1.1039	345.88	0.18610	2.3889e-05	0.032632	supercritical
306.00	116.00	152.69	0.0065494	176.59	252.56	5.1297	0.68370	1.1022	346.50	0.18498	2.3932e-05	0.032677	supercritical
307.00	116.00	152.04	0.0065774	177.36	253.66	5.1333	0.68366	1.1006	347.12	0.18386	2.3975e-05	0.032722	supercritical
308.00	116.00	151.39	0.0066054	178.14	254.76	5.1369	0.68362	1.0990	347.75	0.18275	2.4018e-05	0.032765	supercritical
309.00	116.00	150.75	0.0066333	178.91	255.86	5.1405	0.68359	1.0974	348.36	0.18165	2.4061e-05	0.032804	supercritical
310.00	116.00	150.12	0.0066612	179.68	256.95	5.1440	0.68356	1.0958	348.98	0.18055	2.4104e-05	0.032848	supercritical
311.00	116.00	149.50	0.0066891	180.46	258.05	5.1475	0.68354	1.0943	349.59	0.17947	2.4147e-05	0.032900	supercritical
312.00	116.00	148.88	0.0067169	181.23	259.14	5.1511	0.68352	1.0928	350.21	0.17838	2.4190e-05	0.032952	supercritical
313.00	116.00	148.27	0.0067446	182.00	260.24	5.1546	0.68351	1.0913	350.82	0.17731	2.4234e-05	0.033004	supercritical
314.00	116.00	147.66	0.0067723	182.77	261.33	5.1580	0.68350	1.0899	351.42	0.17624	2.4277e-05	0.033057	supercritical
315.00	116.00	147.06	0.0068000	183.54	262.42	5.1615	0.68349	1.0885	352.03	0.17517	2.4320e-05	0.033109	supercritical
316.00	116.00	146.46	0.0068276	184.30	263.50	5.1649	0.68349	1.0871	352.64	0.17412	2.4364e-05	0.033162	supercritical
317.00	116.00	145.87	0.0068552	185.07	264.59	5.1684	0.68349	1.0857	353.24	0.17307	2.4407e-05	0.033215	supercritical
318.00	116.00	145.29	0.0068827	185.83	265.67	5.1718	0.68350	1.0844	353.84	0.17202	2.4451e-05	0.033268	supercritical
319.00	116.00	144.71	0.0069102	186.60	266.76	5.1752	0.68351	1.0831	354.44	0.17099	2.4495e-05	0.033322	supercritical
320.00	116.00	144.14	0.0069377	187.36	267.84	5.1786	0.68352	1.0818	355.03	0.16995	2.4538e-05	0.033375	supercritical
321.00	116.00	143.57	0.0069651	188.13	268.92	5.1820	0.68354	1.0805	355.63	0.16893	2.4582e-05	0.033429	supercritical
322.00	116.00	143.01	0.0069924	188.89	270.00	5.1853	0.68356	1.0793	356.22	0.16791	2.4626e-05	0.033483	supercritical
323.00	116.00	142.46	0.0070198	189.65	271.08	5.1887	0.68358	1.0781	356.81	0.16690	2.4670e-05	0.033537	supercritical
324.00	116.00	141.90	0.0070470	190.41	272.16	5.1920	0.68361	1.0769	357.40	0.16589	2.4713e-05	0.033591	supercritical
325.00	116.00	141.36	0.0070743	191.17	273.23	5.1953	0.68365	1.0757	357.99	0.16489	2.4757e-05	0.033646	supercritical
326.00	116.00	140.82	0.0071015	191.93	274.31	5.1986	0.68368	1.0745	358.58	0.16390	2.4801e-05	0.033700	supercritical
327.00	116.00	140.28	0.0071287	192.69	275.38	5.2019	0.68372	1.0734	359.16	0.16291	2.4845e-05	0.033755	supercritical
328.00	116.00	139.75	0.0071558	193.45	276.46	5.2052	0.68377	1.0723	359.74	0.16193	2.4889e-05	0.033810	supercritical
329.00	116.00	139.22	0.0071829	194.21	277.53	5.2084	0.68381	1.0712	360.32	0.16095	2.4933e-05	0.033865	supercritical
330.00	116.00	138.70	0.0072099	194.96	278.60	5.2117	0.68386	1.0701	360.90	0.15998	2.4977e-05	0.033921	supercritical
331.00	116.00	138.18	0.0072369	195.72	279.67	5.2149	0.68392	1.0691	361.48	0.15902	2.5022e-05	0.033976	supercritical
332.00	116.00	137.67	0.0072639	196.47	280.74	5.2181	0.68397	1.0680	362.05	0.15806	2.5066e-05	0.034032	supercritical
333.00	116.00	137.16	0.0072909	197.23	281.80	5.2214	0.68404	1.0670	362.63	0.15711	2.5110e-05	0.034087	supercritical
334.00	116.00	136.65	0.0073178	197.98	282.87	5.2246	0.68410	1.0660	363.20	0.15616	2.5154e-05	0.034143	supercritical
335.00	116.00	136.15	0.0073447	198.74	283.94	5.2277	0.68417	1.0650	363.77	0.15522	2.5198e-05	0.034199	supercritical
336.00	116.00	135.66	0.0073715	199.49	285.00	5.2309	0.68424	1.0640	364.34	0.15428	2.5243e-05	0.034255	supercritical
337.00	116.00	135.17	0.0073983	200.24	286.06	5.2341	0.68431	1.0631	364.91	0.15335	2.5287e-05	0.034311	supercritical
338.00	116.00	134.68	0.0074251	201.00	287.13	5.2372	0.68439	1.0622	365.47	0.15243	2.5331e-05	0.034368	supercritical
339.00	116.00	134.20	0.0074518	201.75	288.19	5.2404	0.68446	1.0612	366.04	0.15151	2.5375e-05	0.034424	supercritical
340.00	116.00	133.72	0.0074785	202.50	289.25	5.2435	0.68455	1.0603	366.60	0.15060	2.5420e-05	0.034481	supercritical
341.00	116.00	133.24	0.0075052	203.25	290.31	5.2466	0.68463	1.0595	367.16	0.14969	2.5464e-05	0.034538	supercritical
342.00	116.00	132.77	0.0075319	204.00	291.37	5.2497	0.68472	1.0586	367.72	0.14879	2.5508e-05	0.034594	supercritical
343.00	116.00	132.30	0.0075585	204.75	292.43	5.2528	0.68481	1.0577	368.28	0.14789	2.5553e-05	0.034651	supercritical
344.00	116.00	131.84	0.0075850	205.50	293.48	5.2559	0.68491	1.0569	368.83	0.14700	2.5597e-05	0.034708	supercritical
345.00	116.00	131.38	0.0076116	206.25	294.54	5.2589	0.68500	1.0561	369.39	0.14611	2.5641e-05	0.034766	supercritical
346.00	116.00	130.92	0.0076381	206.99	295.60	5.2620	0.68510	1.0553	369.94	0.14523	2.5686e-05	0.034823	supercritical
347.00	116.00	130.47	0.0076646	207.74	296.65	5.2650	0.68520	1.0545	370.49	0.14435	2.5730e-05	0.034880	supercritical
348.00	116.00	130.02	0.0076911	208.49	297.70	5.2681	0.68531	1.0537	371.04	0.14348	2.5775e-05	0.034938	supercritical
349.00	116.00	129.58	0.0077175	209.23	298.76	5.2711	0.68542	1.0529	371.59	0.14261	2.5819e-05	0.034995	supercritical
350.00	116.00	129.13	0.0077439	209.98	299.81	5.2741	0.68553	1.0522	372.13	0.14175	2.5863e-05	0.035053	supercritical
351.00	116.00	128.70	0.0077703	210.73	300.86	5.2771	0.68564	1.0514	372.68	0.14090	2.5908e-05	0.035111	supercritical
352.00	116.00	128.26	0.0077966	211.47	301.91	5.2801	0.68576	1.0507	373.22	0.14005	2.5952e-05	0.035169	supercritical
353.00	116.00	127.83	0.0078229	212.22	302.96	5.2831	0.68587	1.0500	373.77	0.13920	2.5997e-05	0.035227	supercritical
354.00	116.00	127.40	0.0078492	212.96	304.01	5.2860	0.68600	1.0493	374.31	0.13836	2.6041e-05	0.035285	supercritical
355.00	116.00	126.98	0.0078755	213.71	305.06	5.2890	0.68612	1.0486	374.85	0.13752	2.6086e-05	0.035343	supercritical
356.00	116.00	126.55	0.0079017	214.45	306.11	5.2919	0.68624	1.0479	375.38	0.13669	2.6130e-05	0.035401	supercritical
357.00	116.00	126.14	0.0079279	215.19	307.16	5.2949	0.68637	1.0473	375.92	0.13586	2.6174e-05	0.035459	supercritical
358.00	116.00	125.72	0.0079541	215.94	308.21	5.2978	0.68650	1.0466	376.46	0.13504	2.6219e-05	0.035518	supercritical
359.00	116.00	125.31	0.0079803	216.68	309.25	5.3007	0.68664	1.0460	376.99	0.13423	2.6263e-05	0.035576	supercritical
360.00	116.00	124.90	0.0080064	217.42	310.30	5.3036	0.68677	1.0454	377.52	0.13341	2.6308e-05	0.035635	supercritical
361.00	116.00	124.49	0.0080325	218.17	311.34	5.3065	0.68691	1.0448	378.05	0.13261	2.6352e-05	0.035693	supercritical
362.00	116.00	124.09	0.0080586	218.91	312.39	5.3094	0.68705	1.0442	378.58	0.13180	2.6396e-05	0.035752	supercritical
363.00	116.00	123.69	0.0080846	219.65	313.43	5.3123	0.68719	1.0436	379.11	0.13101	2.6441e-05	0.035811	supercritical
364.00	116.00	123.29	0.0081106	220.39	314.47	5.3152	0.68734	1.0430	379.64	0.13021	2.6485e-05	0.035869	supercritical
365.00	116.00	122.90	0.0081366	221.13	315.52	5.3180	0.68748	1.0424	380.16	0.12942	2.6530e-05	0.035928	supercritical
366.00	116.00	122.51	0.0081626	221.87	316.56	5.3209	0.68763	1.0418	380.69	0.12864	2.6574e-05	0.035987	supercritical
367.00	116.00	122.12	0.0081886	222.61	317.60	5.3237	0.68778	1.0413	381.21	0.12786	2.6618e-05	0.036046	supercritical
368.00	116.00	121.74	0.0082145	223.35	318.64	5.3266	0.68794	1.0408	381.73	0.12708	2.6663e-05	0.036105	supercritical
369.00	116.00	121.35	0.0082404	224.09	319.68	5.3294	0.68809	1.0402	382.25	0.12631	2.6707e-05	0.036165	supercritical
370.00	116.00	120.97	0.0082663	224.83	320.72	5.3322	0.68825	1.0397	382.77	0.12554	2.6752e-05	0.036224	supercritical
371.00	116.00	120.60	0.0082921	225.57	321.76	5.3350	0.68841	1.0392	383.29	0.12478	2.6796e-05	0.036283	supercritical
372.00	116.00	120.22	0.0083180	226.31	322.80	5.3378	0.68857	1.0387	383.81	0.12402	2.6840e-05	0.036343	supercritical
373.00	116.00	119.85	0.0083438	227.05	323.84	5.3406	0.68874	1.0382	384.32	0.12327	2.6885e-05	0.036402	supercritical
374.00	116.00	119.48	0.0083696	227.79	324.88	5.3434	0.68890	1.0377	384.84	0.12252	2.6929e-05	0.036461	supercritical
375.00	116.00	119.11	0.0083953	228.53	325.91	5.3461	0.68907	1.0372	385.35	0.12177	2.6973e-05	0.036521	supercritical
376.00	116.00	118.75	0.0084211	229.27	326.95	5.3489	0.68924	1.0368	385.86	0.12103	2.7018e-05	0.036580	supercritical
377.00	116.00	118.39	0.0084468	230.00	327.99	5.3517	0.68941	1.0363	386.37	0.12030	2.7062e-05	0.036640	supercritical
378.00	116.00	118.03	0.0084725	230.74	329.02	5.3544	0.68959	1.0359	386.88	0.11956	2.7106e-05	0.036700	supercritical
379.00	116.00	117.67	0.0084982	231.48	330.06	5.3571	0.68976	1.0354	387.39	0.11883	2.7150e-05	0.036760	supercritical
380.00	116.00	117.32	0.0085238	232.22	331.09	5.3599	0.68994	1.0350	387.90	0.11811	2.7195e-05	0.036819	supercritical
381.00	116.00	116.97	0.0085495	232.96	332.13	5.3626	0.69012	1.0346	388.40	0.11739	2.7239e-05	0.036879	supercritical
382.00	116.00	116.62	0.0085751	233.69	333.16	5.3653	0.69030	1.0342	388.91	0.11667	2.7283e-05	0.036939	supercritical
383.00	116.00	116.27	0.0086007	234.43	334.20	5.3680	0.69048	1.0338	389.41	0.11596	2.7327e-05	0.036999	supercritical
384.00	116.00	115.92	0.0086263	235.17	335.23	5.3707	0.69067	1.0334	389.91	0.11525	2.7371e-05	0.037059	supercritical
385.00	116.00	115.58	0.0086518	235.90	336.26	5.3734	0.69085	1.0330	390.41	0.11455	2.7416e-05	0.037119	supercritical
386.00	116.00	115.24	0.0086774	236.64	337.30	5.3761	0.69104	1.0326	390.91	0.11384	2.7460e-05	0.037179	supercritical
387.00	116.00	114.90	0.0087029	237.38	338.33	5.3787	0.69123	1.0322	391.41	0.11315	2.7504e-05	0.037239	supercritical
388.00	116.00	114.57	0.0087284	238.11	339.36	5.3814	0.69142	1.0319	391.91	0.11245	2.7548e-05	0.037299	supercritical
389.00	116.00	114.24	0.0087538	238.85	340.39	5.3841	0.69162	1.0315	392.40	0.11177	2.7592e-05	0.037359	supercritical
390.00	116.00	113.90	0.0087793	239.58	341.42	5.3867	0.69181	1.0312	392.90	0.11108	2.7636e-05	0.037420	supercritical
391.00	116.00	113.58	0.0088047	240.32	342.46	5.3893	0.69201	1.0308	393.39	0.11040	2.7680e-05	0.037480	supercritical
392.00	116.00	113.25	0.0088302	241.06	343.49	5.3920	0.69221	1.0305	393.89	0.10972	2.7724e-05	0.037540	supercritical
393.00	116.00	112.92	0.0088556	241.79	344.52	5.3946	0.69240	1.0302	394.38	0.10905	2.7768e-05	0.037600	supercritical
394.00	116.00	112.60	0.0088809	242.53	345.55	5.3972	0.69261	1.0299	394.87	0.10837	2.7812e-05	0.037661	supercritical
395.00	116.00	112.28	0.0089063	243.26	346.58	5.3998	0.69281	1.0295	395.36	0.10771	2.7856e-05	0.037721	supercritical
396.00	116.00	111.96	0.0089317	244.00	347.61	5.4024	0.69301	1.0292	395.85	0.10704	2.7900e-05	0.037782	supercritical
397.00	116.00	111.64	0.0089570	244.73	348.64	5.4050	0.69322	1.0289	396.33	0.10638	2.7944e-05	0.037842	supercritical
398.00	116.00	111.33	0.0089823	245.47	349.66	5.4076	0.69343	1.0286	396.82	0.10573	2.7988e-05	0.037903	supercritical
399.00	116.00	111.02	0.0090076	246.20	350.69	5.4102	0.69364	1.0283	397.31	0.10508	2.8032e-05	0.037963	supercritical
400.00	116.00	110.71	0.0090329	246.94	351.72	5.4128	0.69385	1.0281	397.79	0.10443	2.8076e-05	0.038024	supercritical
401.00	116.00	110.40	0.0090581	247.67	352.75	5.4153	0.69406	1.0278	398.27	0.10378	2.8120e-05	0.038084	supercritical
402.00	116.00	110.09	0.0090834	248.41	353.78	5.4179	0.69427	1.0275	398.76	0.10314	2.8164e-05	0.038145	supercritical
403.00	116.00	109.79	0.0091086	249.14	354.80	5.4204	0.69449	1.0273	399.24	0.10250	2.8207e-05	0.038206	supercritical
404.00	116.00	109.48	0.0091338	249.88	355.83	5.4230	0.69470	1.0270	399.72	0.10187	2.8251e-05	0.038266	supercritical
405.00	116.00	109.18	0.0091590	250.61	356.86	5.4255	0.69492	1.0268	400.20	0.10123	2.8295e-05	0.038327	supercritical
406.00	116.00	108.88	0.0091842	251.35	357.88	5.4281	0.69514	1.0265	400.67	0.10061	2.8339e-05	0.038388	supercritical
407.00	116.00	108.59	0.0092093	252.08	358.91	5.4306	0.69536	1.0263	401.15	0.099981	2.8382e-05	0.038448	supercritical
408.00	116.00	108.29	0.0092344	252.82	359.94	5.4331	0.69558	1.0260	401.63	0.099360	2.8426e-05	0.038509	supercritical
409.00	116.00	108.00	0.0092596	253.55	360.96	5.4356	0.69580	1.0258	402.10	0.098742	2.8470e-05	0.038570	supercritical
410.00	116.00	107.70	0.0092847	254.29	361.99	5.4381	0.69603	1.0256	402.58	0.098127	2.8514e-05	0.038631	supercritical
411.00	116.00	107.41	0.0093098	255.02	363.01	5.4406	0.69625	1.0254	403.05	0.097515	2.8557e-05	0.038692	supercritical
412.00	116.00	107.13	0.0093349	255.75	364.04	5.4431	0.69648	1.0252	403.52	0.096907	2.8601e-05	0.038753	supercritical
413.00	116.00	106.84	0.0093599	256.49	365.06	5.4456	0.69671	1.0250	403.99	0.096302	2.8644e-05	0.038813	supercritical
414.00	116.00	106.55	0.0093850	257.22	366.09	5.4481	0.69694	1.0248	404.46	0.095700	2.8688e-05	0.038874	supercritical
415.00	116.00	106.27	0.0094100	257.96	367.11	5.4505	0.69717	1.0246	404.93	0.095101	2.8732e-05	0.038935	supercritical
416.00	116.00	105.99	0.0094350	258.69	368.14	5.4530	0.69740	1.0244	405.40	0.094506	2.8775e-05	0.038996	supercritical
417.00	116.00	105.71	0.0094600	259.43	369.16	5.4555	0.69763	1.0242	405.87	0.093913	2.8819e-05	0.039057	supercritical
418.00	116.00	105.43	0.0094850	260.16	370.19	5.4579	0.69786	1.0240	406.33	0.093324	2.8862e-05	0.039118	supercritical
419.00	116.00	105.15	0.0095100	260.90	371.21	5.4604	0.69810	1.0239	406.80	0.092738	2.8906e-05	0.039179	supercritical
420.00	116.00	104.88	0.0095349	261.63	372.23	5.4628	0.69834	1.0237	407.26	0.092155	2.8949e-05	0.039240	supercritical
421.00	116.00	104.60	0.0095599	262.36	373.26	5.4652	0.69857	1.0235	407.73	0.091575	2.8992e-05	0.039301	supercritical
422.00	116.00	104.33	0.0095848	263.10	374.28	5.4677	0.69881	1.0234	408.19	0.090998	2.9036e-05	0.039362	supercritical
423.00	116.00	104.06	0.0096097	263.83	375.30	5.4701	0.69905	1.0232	408.65	0.090424	2.9079e-05	0.039423	supercritical
424.00	116.00	103.79	0.0096346	264.57	376.33	5.4725	0.69929	1.0231	409.11	0.089853	2.9122e-05	0.039485	supercritical
425.00	116.00	103.53	0.0096595	265.30	377.35	5.4749	0.69953	1.0229	409.57	0.089285	2.9166e-05	0.039546	supercritical
426.00	116.00	103.26	0.0096843	266.04	378.37	5.4773	0.69978	1.0228	410.03	0.088720	2.9209e-05	0.039607	supercritical
427.00	116.00	103.00	0.0097092	266.77	379.40	5.4797	0.70002	1.0226	410.49	0.088158	2.9252e-05	0.039668	supercritical
428.00	116.00	102.73	0.0097340	267.50	380.42	5.4821	0.70026	1.0225	410.95	0.087599	2.9296e-05	0.039729	supercritical
429.00	116.00	102.47	0.0097589	268.24	381.44	5.4845	0.70051	1.0224	411.41	0.087043	2.9339e-05	0.039790	supercritical
430.00	116.00	102.21	0.0097837	268.97	382.46	5.4869	0.70076	1.0223	411.86	0.086489	2.9382e-05	0.039851	supercritical
431.00	116.00	101.95	0.0098085	269.71	383.49	5.4893	0.70100	1.0221	412.32	0.085939	2.9425e-05	0.039913	supercritical
432.00	116.00	101.70	0.0098333	270.44	384.51	5.4916	0.70125	1.0220	412.77	0.085391	2.9468e-05	0.039974	supercritical
433.00	116.00	101.44	0.0098581	271.18	385.53	5.4940	0.70150	1.0219	413.22	0.084847	2.9511e-05	0.040035	supercritical
434.00	116.00	101.19	0.0098828	271.91	386.55	5.4963	0.70175	1.0218	413.68	0.084305	2.9554e-05	0.040096	supercritical
435.00	116.00	100.93	0.0099076	272.65	387.57	5.4987	0.70200	1.0217	414.13	0.083766	2.9597e-05	0.040157	supercritical
436.00	116.00	100.68	0.0099323	273.38	388.60	5.5010	0.70226	1.0216	414.58	0.083229	2.9640e-05	0.040219	supercritical
437.00	116.00	100.43	0.0099570	274.12	389.62	5.5034	0.70251	1.0215	415.03	0.082696	2.9683e-05	0.040280	supercritical
438.00	116.00	100.18	0.0099817	274.85	390.64	5.5057	0.70276	1.0214	415.48	0.082165	2.9726e-05	0.040341	supercritical
439.00	116.00	99.936	0.010006	275.58	391.66	5.5080	0.70302	1.0213	415.92	0.081636	2.9769e-05	0.040402	supercritical
440.00	116.00	99.690	0.010031	276.32	392.68	5.5104	0.70327	1.0213	416.37	0.081111	2.9812e-05	0.040464	supercritical
441.00	116.00	99.445	0.010056	277.05	393.70	5.5127	0.70353	1.0212	416.82	0.080588	2.9855e-05	0.040525	supercritical
442.00	116.00	99.202	0.010080	277.79	394.72	5.5150	0.70379	1.0211	417.26	0.080068	2.9898e-05	0.040586	supercritical
443.00	116.00	98.960	0.010105	278.53	395.74	5.5173	0.70404	1.0210	417.71	0.079551	2.9941e-05	0.040648	supercritical
444.00	116.00	98.719	0.010130	279.26	396.77	5.5196	0.70430	1.0210	418.15	0.079036	2.9984e-05	0.040709	supercritical
445.00	116.00	98.480	0.010154	280.00	397.79	5.5219	0.70456	1.0209	418.59	0.078524	3.0026e-05	0.040770	supercritical
446.00	116.00	98.242	0.010179	280.73	398.81	5.5242	0.70482	1.0208	419.04	0.078014	3.0069e-05	0.040831	supercritical
447.00	116.00	98.005	0.010204	281.47	399.83	5.5265	0.70508	1.0208	419.48	0.077507	3.0112e-05	0.040893	supercritical
448.00	116.00	97.769	0.010228	282.20	400.85	5.5288	0.70535	1.0207	419.92	0.077003	3.0155e-05	0.040954	supercritical
449.00	116.00	97.535	0.010253	282.94	401.87	5.5310	0.70561	1.0207	420.36	0.076501	3.0197e-05	0.041015	supercritical
450.00	116.00	97.301	0.010277	283.67	402.89	5.5333	0.70587	1.0206	420.80	0.076001	3.0240e-05	0.041077	supercritical
451.00	116.00	97.070	0.010302	284.41	403.91	5.5356	0.70614	1.0206	421.24	0.075504	3.0283e-05	0.041138	supercritical
452.00	116.00	96.839	0.010326	285.14	404.93	5.5378	0.70640	1.0206	421.68	0.075010	3.0325e-05	0.041199	supercritical
453.00	116.00	96.609	0.010351	285.88	405.95	5.5401	0.70667	1.0205	422.11	0.074518	3.0368e-05	0.041261	supercritical
454.00	116.00	96.381	0.010375	286.62	406.97	5.5423	0.70693	1.0205	422.55	0.074029	3.0410e-05	0.041322	supercritical
455.00	116.00	96.154	0.010400	287.35	407.99	5.5446	0.70720	1.0205	422.98	0.073542	3.0453e-05	0.041383	supercritical
456.00	116.00	95.928	0.010425	288.09	409.01	5.5468	0.70747	1.0204	423.42	0.073057	3.0495e-05	0.041445	supercritical
457.00	116.00	95.703	0.010449	288.83	410.03	5.5491	0.70774	1.0204	423.85	0.072575	3.0538e-05	0.041506	supercritical
458.00	116.00	95.479	0.010473	289.56	411.05	5.5513	0.70800	1.0204	424.29	0.072096	3.0580e-05	0.041568	supercritical
459.00	116.00	95.257	0.010498	290.30	412.07	5.5535	0.70827	1.0204	424.72	0.071618	3.0623e-05	0.041629	supercritical
460.00	116.00	95.035	0.010522	291.03	413.09	5.5557	0.70854	1.0204	425.15	0.071143	3.0665e-05	0.041690	supercritical
461.00	116.00	94.815	0.010547	291.77	414.12	5.5580	0.70881	1.0203	425.58	0.070671	3.0707e-05	0.041752	supercritical
462.00	116.00	94.596	0.010571	292.51	415.14	5.5602	0.70909	1.0203	426.01	0.070201	3.0750e-05	0.041813	supercritical
463.00	116.00	94.378	0.010596	293.25	416.16	5.5624	0.70936	1.0203	426.44	0.069733	3.0792e-05	0.041874	supercritical
464.00	116.00	94.161	0.010620	293.98	417.18	5.5646	0.70963	1.0203	426.87	0.069267	3.0834e-05	0.041936	supercritical
465.00	116.00	93.945	0.010645	294.72	418.20	5.5668	0.70990	1.0203	427.30	0.068804	3.0876e-05	0.041997	supercritical
466.00	116.00	93.730	0.010669	295.46	419.22	5.5690	0.71018	1.0203	427.73	0.068343	3.0919e-05	0.042058	supercritical
467.00	116.00	93.516	0.010693	296.19	420.24	5.5712	0.71045	1.0203	428.15	0.067884	3.0961e-05	0.042120	supercritical
468.00	116.00	93.304	0.010718	296.93	421.26	5.5733	0.71072	1.0203	428.58	0.067428	3.1003e-05	0.042181	supercritical
469.00	116.00	93.092	0.010742	297.67	422.28	5.5755	0.71100	1.0203	429.01	0.066974	3.1045e-05	0.042242	supercritical
470.00	116.00	92.881	0.010766	298.41	423.30	5.5777	0.71127	1.0204	429.43	0.066522	3.1087e-05	0.042304	supercritical
471.00	116.00	92.672	0.010791	299.15	424.32	5.5799	0.71155	1.0204	429.85	0.066072	3.1129e-05	0.042365	supercritical
472.00	116.00	92.463	0.010815	299.88	425.34	5.5820	0.71183	1.0204	430.28	0.065624	3.1171e-05	0.042427	supercritical
473.00	116.00	92.256	0.010839	300.62	426.36	5.5842	0.71210	1.0204	430.70	0.065179	3.1213e-05	0.042488	supercritical
474.00	116.00	92.049	0.010864	301.36	427.38	5.5863	0.71238	1.0204	431.12	0.064736	3.1255e-05	0.042549	supercritical
475.00	116.00	91.844	0.010888	302.10	428.40	5.5885	0.71266	1.0205	431.54	0.064295	3.1297e-05	0.042611	supercritical
476.00	116.00	91.639	0.010912	302.84	429.42	5.5906	0.71294	1.0205	431.96	0.063856	3.1339e-05	0.042672	supercritical
477.00	116.00	91.436	0.010937	303.58	430.44	5.5928	0.71321	1.0205	432.38	0.063419	3.1381e-05	0.042733	supercritical
478.00	116.00	91.233	0.010961	304.31	431.46	5.5949	0.71349	1.0205	432.80	0.062985	3.1423e-05	0.042795	supercritical
479.00	116.00	91.032	0.010985	305.05	432.48	5.5970	0.71377	1.0206	433.22	0.062552	3.1465e-05	0.042856	supercritical
480.00	116.00	90.831	0.011009	305.79	433.50	5.5992	0.71405	1.0206	433.64	0.062122	3.1507e-05	0.042917	supercritical
481.00	116.00	90.631	0.011034	306.53	434.52	5.6013	0.71433	1.0207	434.06	0.061694	3.1548e-05	0.042979	supercritical
482.00	116.00	90.433	0.011058	307.27	435.54	5.6034	0.71461	1.0207	434.48	0.061267	3.1590e-05	0.043040	supercritical
483.00	116.00	90.235	0.011082	308.01	436.56	5.6055	0.71489	1.0207	434.89	0.060843	3.1632e-05	0.043101	supercritical
484.00	116.00	90.038	0.011106	308.75	437.59	5.6076	0.71518	1.0208	435.31	0.060421	3.1674e-05	0.043163	supercritical
485.00	116.00	89.842	0.011131	309.49	438.61	5.6097	0.71546	1.0208	435.72	0.060001	3.1715e-05	0.043224	supercritical
486.00	116.00	89.647	0.011155	310.23	439.63	5.6119	0.71574	1.0209	436.14	0.059583	3.1757e-05	0.043285	supercritical
487.00	116.00	89.453	0.011179	310.97	440.65	5.6140	0.71602	1.0209	436.55	0.059167	3.1799e-05	0.043346	supercritical
488.00	116.00	89.260	0.011203	311.71	441.67	5.6160	0.71630	1.0210	436.96	0.058753	3.1840e-05	0.043408	supercritical
489.00	116.00	89.068	0.011227	312.45	442.69	5.6181	0.71659	1.0210	437.38	0.058340	3.1882e-05	0.043469	supercritical
490.00	116.00	88.876	0.011252	313.19	443.71	5.6202	0.71687	1.0211	437.79	0.057930	3.1923e-05	0.043530	supercritical
491.00	116.00	88.686	0.011276	313.93	444.73	5.6223	0.71715	1.0212	438.20	0.057522	3.1965e-05	0.043592	supercritical
492.00	116.00	88.496	0.011300	314.67	445.75	5.6244	0.71744	1.0212	438.61	0.057116	3.2006e-05	0.043653	supercritical
493.00	116.00	88.308	0.011324	315.42	446.77	5.6265	0.71772	1.0213	439.02	0.056712	3.2048e-05	0.043714	supercritical
494.00	116.00	88.120	0.011348	316.16	447.80	5.6285	0.71801	1.0214	439.43	0.056309	3.2089e-05	0.043775	supercritical
495.00	116.00	87.933	0.011372	316.90	448.82	5.6306	0.71829	1.0214	439.84	0.055909	3.2131e-05	0.043837	supercritical
496.00	116.00	87.747	0.011396	317.64	449.84	5.6327	0.71858	1.0215	440.24	0.055510	3.2172e-05	0.043898	supercritical
497.00	116.00	87.561	0.011421	318.38	450.86	5.6347	0.71886	1.0216	440.65	0.055113	3.2213e-05	0.043959	supercritical
498.00	116.00	87.377	0.011445	319.12	451.88	5.6368	0.71915	1.0216	441.06	0.054719	3.2255e-05	0.044020	supercritical
499.00	116.00	87.193	0.011469	319.87	452.90	5.6388	0.71943	1.0217	441.47	0.054326	3.2296e-05	0.044082	supercritical
500.00	116.00	87.010	0.011493	320.61	453.93	5.6409	0.71972	1.0218	441.87	0.053935	3.2337e-05	0.044143	supercritical
501.00	116.00	86.829	0.011517	321.35	454.95	5.6429	0.72000	1.0219	442.28	0.053545	3.2378e-05	0.044204	supercritical
502.00	116.00	86.647	0.011541	322.09	455.97	5.6449	0.72029	1.0219	442.68	0.053158	3.2420e-05	0.044265	supercritical
503.00	116.00	86.467	0.011565	322.84	456.99	5.6470	0.72058	1.0220	443.09	0.052772	3.2461e-05	0.044326	supercritical
504.00	116.00	86.288	0.011589	323.58	458.01	5.6490	0.72086	1.0221	443.49	0.052389	3.2502e-05	0.044388	supercritical
505.00	116.00	86.109	0.011613	324.32	459.04	5.6510	0.72115	1.0222	443.89	0.052007	3.2543e-05	0.044449	supercritical
506.00	116.00	85.931	0.011637	325.07	460.06	5.6530	0.72144	1.0223	444.29	0.051626	3.2584e-05	0.044510	supercritical
507.00	116.00	85.754	0.011661	325.81	461.08	5.6551	0.72173	1.0224	444.70	0.051248	3.2625e-05	0.044571	supercritical
508.00	116.00	85.577	0.011685	326.55	462.10	5.6571	0.72201	1.0225	445.10	0.050871	3.2666e-05	0.044632	supercritical
509.00	116.00	85.402	0.011709	327.30	463.13	5.6591	0.72230	1.0226	445.50	0.050496	3.2707e-05	0.044693	supercritical
510.00	116.00	85.227	0.011733	328.04	464.15	5.6611	0.72259	1.0226	445.90	0.050123	3.2748e-05	0.044755	supercritical
511.00	116.00	85.053	0.011757	328.78	465.17	5.6631	0.72288	1.0227	446.30	0.049752	3.2789e-05	0.044816	supercritical
512.00	116.00	84.880	0.011781	329.53	466.19	5.6651	0.72317	1.0228	446.70	0.049382	3.2830e-05	0.044877	supercritical
513.00	116.00	84.707	0.011805	330.27	467.22	5.6671	0.72345	1.0229	447.10	0.049014	3.2871e-05	0.044938	supercritical
514.00	116.00	84.535	0.011829	331.02	468.24	5.6691	0.72374	1.0230	447.49	0.048648	3.2912e-05	0.044999	supercritical
515.00	116.00	84.364	0.011853	331.76	469.26	5.6711	0.72403	1.0231	447.89	0.048283	3.2953e-05	0.045060	supercritical
516.00	116.00	84.194	0.011877	332.51	470.29	5.6731	0.72432	1.0232	448.29	0.047920	3.2993e-05	0.045121	supercritical
517.00	116.00	84.025	0.011901	333.25	471.31	5.6750	0.72461	1.0233	448.68	0.047559	3.3034e-05	0.045182	supercritical
518.00	116.00	83.856	0.011925	334.00	472.33	5.6770	0.72490	1.0234	449.08	0.047200	3.3075e-05	0.045243	supercritical
519.00	116.00	83.688	0.011949	334.75	473.36	5.6790	0.72519	1.0236	449.48	0.046842	3.3116e-05	0.045305	supercritical
520.00	116.00	83.520	0.011973	335.49	474.38	5.6810	0.72547	1.0237	449.87	0.046486	3.3156e-05	0.045366	supercritical
521.00	116.00	83.354	0.011997	336.24	475.40	5.6829	0.72576	1.0238	450.26	0.046131	3.3197e-05	0.045427	supercritical
522.00	116.00	83.188	0.012021	336.98	476.43	5.6849	0.72605	1.0239	450.66	0.045778	3.3238e-05	0.045488	supercritical
523.00	116.00	83.023	0.012045	337.73	477.45	5.6869	0.72634	1.0240	451.05	0.045427	3.3278e-05	0.045549	supercritical
524.00	116.00	82.858	0.012069	338.48	478.47	5.6888	0.72663	1.0241	451.44	0.045077	3.3319e-05	0.045610	supercritical
525.00	116.00	82.694	0.012093	339.22	479.50	5.6908	0.72692	1.0242	451.84	0.044729	3.3359e-05	0.045671	supercritical
526.00	116.00	82.531	0.012117	339.97	480.52	5.6927	0.72721	1.0243	452.23	0.044382	3.3400e-05	0.045732	supercritical
527.00	116.00	82.369	0.012141	340.72	481.55	5.6947	0.72750	1.0245	452.62	0.044037	3.3441e-05	0.045793	supercritical
528.00	116.00	82.207	0.012164	341.46	482.57	5.6966	0.72779	1.0246	453.01	0.043694	3.3481e-05	0.045854	supercritical
529.00	116.00	82.046	0.012188	342.21	483.60	5.6985	0.72808	1.0247	453.40	0.043352	3.3521e-05	0.045915	supercritical
530.00	116.00	81.885	0.012212	342.96	484.62	5.7005	0.72837	1.0248	453.79	0.043011	3.3562e-05	0.045976	supercritical
531.00	116.00	81.726	0.012236	343.71	485.65	5.7024	0.72866	1.0249	454.18	0.042673	3.3602e-05	0.046036	supercritical
532.00	116.00	81.567	0.012260	344.46	486.67	5.7043	0.72895	1.0251	454.57	0.042335	3.3643e-05	0.046097	supercritical
533.00	116.00	81.408	0.012284	345.20	487.70	5.7063	0.72924	1.0252	454.96	0.042000	3.3683e-05	0.046158	supercritical
534.00	116.00	81.250	0.012308	345.95	488.72	5.7082	0.72953	1.0253	455.34	0.041665	3.3723e-05	0.046219	supercritical
535.00	116.00	81.093	0.012331	346.70	489.75	5.7101	0.72981	1.0254	455.73	0.041333	3.3764e-05	0.046280	supercritical
536.00	116.00	80.937	0.012355	347.45	490.77	5.7120	0.73010	1.0256	456.12	0.041001	3.3804e-05	0.046341	supercritical
537.00	116.00	80.781	0.012379	348.20	491.80	5.7139	0.73039	1.0257	456.50	0.040672	3.3844e-05	0.046402	supercritical
538.00	116.00	80.626	0.012403	348.95	492.82	5.7158	0.73068	1.0258	456.89	0.040343	3.3884e-05	0.046463	supercritical
539.00	116.00	80.471	0.012427	349.70	493.85	5.7177	0.73097	1.0259	457.27	0.040017	3.3925e-05	0.046524	supercritical
540.00	116.00	80.317	0.012451	350.45	494.88	5.7196	0.73126	1.0261	457.66	0.039691	3.3965e-05	0.046584	supercritical
541.00	116.00	80.164	0.012474	351.20	495.90	5.7215	0.73155	1.0262	458.04	0.039367	3.4005e-05	0.046645	supercritical
542.00	116.00	80.011	0.012498	351.95	496.93	5.7234	0.73184	1.0263	458.43	0.039045	3.4045e-05	0.046706	supercritical
543.00	116.00	79.859	0.012522	352.70	497.95	5.7253	0.73213	1.0265	458.81	0.038724	3.4085e-05	0.046767	supercritical
544.00	116.00	79.708	0.012546	353.45	498.98	5.7272	0.73242	1.0266	459.19	0.038404	3.4125e-05	0.046828	supercritical
545.00	116.00	79.557	0.012570	354.20	500.01	5.7291	0.73271	1.0267	459.58	0.038086	3.4165e-05	0.046888	supercritical
546.00	116.00	79.407	0.012593	354.95	501.03	5.7310	0.73300	1.0269	459.96	0.037770	3.4205e-05	0.046949	supercritical
547.00	116.00	79.257	0.012617	355.70	502.06	5.7329	0.73329	1.0270	460.34	0.037454	3.4245e-05	0.047010	supercritical
548.00	116.00	79.108	0.012641	356.45	503.09	5.7347	0.73358	1.0272	460.72	0.037140	3.4285e-05	0.047071	supercritical
549.00	116.00	78.960	0.012665	357.21	504.12	5.7366	0.73387	1.0273	461.10	0.036828	3.4325e-05	0.047131	supercritical
550.00	116.00	78.812	0.012688	357.96	505.14	5.7385	0.73415	1.0274	461.48	0.036517	3.4365e-05	0.047192	supercritical
551.00	116.00	78.665	0.012712	358.71	506.17	5.7404	0.73444	1.0276	461.86	0.036207	3.4405e-05	0.047253	supercritical
552.00	116.00	78.518	0.012736	359.46	507.20	5.7422	0.73473	1.0277	462.24	0.035898	3.4444e-05	0.047313	supercritical
553.00	116.00	78.372	0.012760	360.21	508.23	5.7441	0.73502	1.0279	462.62	0.035591	3.4484e-05	0.047374	supercritical
554.00	116.00	78.227	0.012783	360.97	509.25	5.7459	0.73531	1.0280	463.00	0.035286	3.4524e-05	0.047435	supercritical
555.00	116.00	78.082	0.012807	361.72	510.28	5.7478	0.73560	1.0282	463.37	0.034981	3.4564e-05	0.047495	supercritical
556.00	116.00	77.937	0.012831	362.47	511.31	5.7496	0.73589	1.0283	463.75	0.034678	3.4604e-05	0.047556	supercritical
557.00	116.00	77.794	0.012855	363.23	512.34	5.7515	0.73617	1.0284	464.13	0.034377	3.4643e-05	0.047617	supercritical
558.00	116.00	77.650	0.012878	363.98	513.37	5.7533	0.73646	1.0286	464.50	0.034076	3.4683e-05	0.047677	supercritical
559.00	116.00	77.508	0.012902	364.73	514.40	5.7552	0.73675	1.0287	464.88	0.033777	3.4723e-05	0.047738	supercritical
560.00	116.00	77.366	0.012926	365.49	515.42	5.7570	0.73704	1.0289	465.26	0.033479	3.4762e-05	0.047799	supercritical
561.00	116.00	77.224	0.012949	366.24	516.45	5.7588	0.73732	1.0290	465.63	0.033183	3.4802e-05	0.047859	supercritical
562.00	116.00	77.083	0.012973	367.00	517.48	5.7607	0.73761	1.0292	466.01	0.032888	3.4841e-05	0.047920	supercritical
563.00	116.00	76.942	0.012997	367.75	518.51	5.7625	0.73790	1.0293	466.38	0.032594	3.4881e-05	0.047980	supercritical
564.00	116.00	76.803	0.013020	368.50	519.54	5.7643	0.73819	1.0295	466.75	0.032301	3.4920e-05	0.048041	supercritical
565.00	116.00	76.663	0.013044	369.26	520.57	5.7662	0.73847	1.0296	467.13	0.032010	3.4960e-05	0.048101	supercritical
566.00	116.00	76.524	0.013068	370.01	521.60	5.7680	0.73876	1.0298	467.50	0.031720	3.4999e-05	0.048162	supercritical
567.00	116.00	76.386	0.013091	370.77	522.63	5.7698	0.73905	1.0300	467.87	0.031431	3.5039e-05	0.048222	supercritical
568.00	116.00	76.248	0.013115	371.53	523.66	5.7716	0.73933	1.0301	468.25	0.031143	3.5078e-05	0.048283	supercritical
569.00	116.00	76.111	0.013139	372.28	524.69	5.7734	0.73962	1.0303	468.62	0.030857	3.5118e-05	0.048343	supercritical
570.00	116.00	75.974	0.013162	373.04	525.72	5.7752	0.73991	1.0304	468.99	0.030572	3.5157e-05	0.048404	supercritical
571.00	116.00	75.838	0.013186	373.79	526.75	5.7770	0.74019	1.0306	469.36	0.030288	3.5196e-05	0.048464	supercritical
572.00	116.00	75.702	0.013210	374.55	527.78	5.7788	0.74048	1.0307	469.73	0.030005	3.5236e-05	0.048525	supercritical
573.00	116.00	75.567	0.013233	375.31	528.81	5.7806	0.74077	1.0309	470.10	0.029724	3.5275e-05	0.048585	supercritical
574.00	116.00	75.432	0.013257	376.06	529.84	5.7824	0.74105	1.0310	470.47	0.029443	3.5314e-05	0.048645	supercritical
575.00	116.00	75.298	0.013281	376.82	530.88	5.7842	0.74134	1.0312	470.84	0.029164	3.5353e-05	0.048706	supercritical
576.00	116.00	75.165	0.013304	377.58	531.91	5.7860	0.74162	1.0314	471.21	0.028886	3.5393e-05	0.048766	supercritical
577.00	116.00	75.031	0.013328	378.34	532.94	5.7878	0.74191	1.0315	471.58	0.028610	3.5432e-05	0.048826	supercritical
578.00	116.00	74.899	0.013351	379.09	533.97	5.7896	0.74219	1.0317	471.95	0.028334	3.5471e-05	0.048887	supercritical
579.00	116.00	74.767	0.013375	379.85	535.00	5.7914	0.74248	1.0318	472.31	0.028060	3.5510e-05	0.048947	supercritical
580.00	116.00	74.635	0.013399	380.61	536.03	5.7932	0.74276	1.0320	472.68	0.027787	3.5549e-05	0.049007	supercritical
581.00	116.00	74.504	0.013422	381.37	537.07	5.7949	0.74305	1.0322	473.05	0.027515	3.5588e-05	0.049068	supercritical
582.00	116.00	74.373	0.013446	382.13	538.10	5.7967	0.74333	1.0323	473.41	0.027244	3.5627e-05	0.049128	supercritical
583.00	116.00	74.243	0.013469	382.89	539.13	5.7985	0.74361	1.0325	473.78	0.026974	3.5666e-05	0.049188	supercritical
584.00	116.00	74.113	0.013493	383.64	540.16	5.8003	0.74390	1.0327	474.15	0.026705	3.5705e-05	0.049249	supercritical
585.00	116.00	73.984	0.013516	384.40	541.20	5.8020	0.74418	1.0328	474.51	0.026438	3.5744e-05	0.049309	supercritical
586.00	116.00	73.855	0.013540	385.16	542.23	5.8038	0.74446	1.0330	474.88	0.026171	3.5783e-05	0.049369	supercritical
587.00	116.00	73.727	0.013564	385.92	543.26	5.8056	0.74475	1.0332	475.24	0.025906	3.5822e-05	0.049429	supercritical
588.00	116.00	73.599	0.013587	386.68	544.29	5.8073	0.74503	1.0333	475.61	0.025642	3.5861e-05	0.049490	supercritical
589.00	116.00	73.471	0.013611	387.44	545.33	5.8091	0.74531	1.0335	475.97	0.025379	3.5900e-05	0.049550	supercritical
590.00	116.00	73.345	0.013634	388.20	546.36	5.8108	0.74559	1.0337	476.33	0.025117	3.5939e-05	0.049610	supercritical
591.00	116.00	73.218	0.013658	388.96	547.40	5.8126	0.74588	1.0338	476.70	0.024856	3.5978e-05	0.049670	supercritical
592.00	116.00	73.092	0.013681	389.73	548.43	5.8143	0.74616	1.0340	477.06	0.024597	3.6017e-05	0.049730	supercritical
593.00	116.00	72.967	0.013705	390.49	549.46	5.8161	0.74644	1.0342	477.42	0.024338	3.6055e-05	0.049790	supercritical
594.00	116.00	72.842	0.013728	391.25	550.50	5.8178	0.74672	1.0343	477.78	0.024081	3.6094e-05	0.049850	supercritical
595.00	116.00	72.717	0.013752	392.01	551.53	5.8196	0.74700	1.0345	478.14	0.023824	3.6133e-05	0.049911	supercritical
596.00	116.00	72.593	0.013775	392.77	552.57	5.8213	0.74728	1.0347	478.51	0.023569	3.6172e-05	0.049971	supercritical
597.00	116.00	72.469	0.013799	393.53	553.60	5.8230	0.74756	1.0348	478.87	0.023314	3.6210e-05	0.050031	supercritical
598.00	116.00	72.346	0.013823	394.29	554.64	5.8248	0.74784	1.0350	479.23	0.023061	3.6249e-05	0.050091	supercritical
599.00	116.00	72.223	0.013846	395.06	555.67	5.8265	0.74812	1.0352	479.59	0.022809	3.6287e-05	0.050151	supercritical
600.00	116.00	72.100	0.013870	395.82	556.71	5.8282	0.74840	1.0353	479.95	0.022558	3.6326e-05	0.050211	supercritical
