Temperature (K)	Pressure (bar)	Density (kg/m3)	Volume (m3/kg)	Internal Energy (kJ/kg)	Enthalpy (kJ/kg)	Entropy (J/g*K)	Cv (J/g*K)	Cp (J/g*K)	Sound Spd. (m/s)	Joule-Thomson (K/bar)	Viscosity (Pa*s)	Therm. Cond. (W/m*K)	Phase
60.000	81.000	1291.5	0.00077427	-185.43	-179.16	2.2360	1.0916	1.6565	1149.5	-0.037520	0.00061620	0.19720	liquid
61.000	81.000	1287.3	0.00077683	-183.80	-177.51	2.2634	1.0831	1.6584	1145.6	-0.037363	0.00058717	0.19587	liquid
62.000	81.000	1283.0	0.00077942	-182.16	-175.85	2.2904	1.0755	1.6600	1141.0	-0.037221	0.00056007	0.19452	liquid
63.000	81.000	1278.7	0.00078204	-180.52	-174.19	2.3169	1.0686	1.6612	1135.8	-0.037091	0.00053476	0.19318	liquid
64.000	81.000	1274.4	0.00078469	-178.88	-172.52	2.3431	1.0623	1.6621	1130.1	-0.036972	0.00051112	0.19184	liquid
65.000	81.000	1270.1	0.00078736	-177.24	-170.86	2.3689	1.0563	1.6627	1124.1	-0.036861	0.00048900	0.19050	liquid
66.000	81.000	1265.7	0.00079005	-175.60	-169.20	2.3943	1.0507	1.6631	1117.7	-0.036756	0.00046831	0.18916	liquid
67.000	81.000	1261.4	0.00079277	-173.96	-167.54	2.4193	1.0453	1.6632	1111.1	-0.036657	0.00044893	0.18782	liquid
68.000	81.000	1257.0	0.00079552	-172.32	-165.87	2.4439	1.0401	1.6631	1104.4	-0.036560	0.00043077	0.18648	liquid
69.000	81.000	1252.7	0.00079829	-170.68	-164.21	2.4682	1.0351	1.6629	1097.4	-0.036466	0.00041374	0.18514	liquid
70.000	81.000	1248.3	0.00080108	-169.04	-162.55	2.4921	1.0302	1.6626	1090.3	-0.036371	0.00039774	0.18380	liquid
71.000	81.000	1243.9	0.00080390	-167.40	-160.88	2.5157	1.0253	1.6622	1083.2	-0.036276	0.00038271	0.18246	liquid
72.000	81.000	1239.6	0.00080674	-165.76	-159.22	2.5389	1.0206	1.6617	1075.9	-0.036179	0.00036856	0.18112	liquid
73.000	81.000	1235.2	0.00080961	-164.12	-157.56	2.5618	1.0160	1.6613	1068.6	-0.036078	0.00035525	0.17978	liquid
74.000	81.000	1230.8	0.00081250	-162.48	-155.90	2.5844	1.0114	1.6608	1061.3	-0.035974	0.00034270	0.17844	liquid
75.000	81.000	1226.4	0.00081542	-160.84	-154.24	2.6067	1.0069	1.6603	1053.9	-0.035865	0.00033085	0.17710	liquid
76.000	81.000	1221.9	0.00081837	-159.21	-152.58	2.6287	1.0024	1.6599	1046.5	-0.035751	0.00031967	0.17576	liquid
77.000	81.000	1217.5	0.00082134	-157.57	-150.92	2.6504	0.99800	1.6595	1039.1	-0.035630	0.00030910	0.17442	liquid
78.000	81.000	1213.1	0.00082434	-155.94	-149.26	2.6718	0.99365	1.6592	1031.7	-0.035503	0.00029909	0.17308	liquid
79.000	81.000	1208.6	0.00082737	-154.30	-147.60	2.6930	0.98934	1.6590	1024.2	-0.035369	0.00028961	0.17174	liquid
80.000	81.000	1204.2	0.00083044	-152.67	-145.94	2.7138	0.98508	1.6589	1016.8	-0.035227	0.00028062	0.17040	liquid
81.000	81.000	1199.7	0.00083353	-151.03	-144.28	2.7344	0.98087	1.6588	1009.3	-0.035077	0.00027209	0.16905	liquid
82.000	81.000	1195.2	0.00083665	-149.40	-142.62	2.7548	0.97671	1.6589	1001.9	-0.034918	0.00026399	0.16771	liquid
83.000	81.000	1190.8	0.00083980	-147.77	-140.97	2.7749	0.97259	1.6590	994.43	-0.034751	0.00025628	0.16637	liquid
84.000	81.000	1186.2	0.00084299	-146.13	-139.31	2.7948	0.96853	1.6593	986.97	-0.034574	0.00024894	0.16502	liquid
85.000	81.000	1181.7	0.00084622	-144.50	-137.65	2.8144	0.96452	1.6597	979.52	-0.034387	0.00024194	0.16368	liquid
86.000	81.000	1177.2	0.00084948	-142.87	-135.99	2.8338	0.96055	1.6603	972.06	-0.034190	0.00023527	0.16233	liquid
87.000	81.000	1172.6	0.00085277	-141.23	-134.33	2.8530	0.95663	1.6609	964.61	-0.033982	0.00022890	0.16098	liquid
88.000	81.000	1168.1	0.00085611	-139.60	-132.66	2.8720	0.95277	1.6617	957.15	-0.033764	0.00022281	0.15963	liquid
89.000	81.000	1163.5	0.00085948	-137.96	-131.00	2.8908	0.94895	1.6627	949.69	-0.033534	0.00021698	0.15828	liquid
90.000	81.000	1158.9	0.00086289	-136.33	-129.34	2.9094	0.94518	1.6637	942.23	-0.033293	0.00021140	0.15693	liquid
91.000	81.000	1154.3	0.00086634	-134.69	-127.68	2.9278	0.94146	1.6650	934.76	-0.033039	0.00020605	0.15558	liquid
92.000	81.000	1149.6	0.00086984	-133.06	-126.01	2.9460	0.93778	1.6663	927.29	-0.032774	0.00020092	0.15422	liquid
93.000	81.000	1145.0	0.00087338	-131.42	-124.34	2.9640	0.93416	1.6678	919.82	-0.032496	0.00019599	0.15287	liquid
94.000	81.000	1140.3	0.00087697	-129.78	-122.67	2.9818	0.93058	1.6695	912.33	-0.032204	0.00019125	0.15151	liquid
95.000	81.000	1135.6	0.00088060	-128.14	-121.00	2.9995	0.92706	1.6713	904.84	-0.031899	0.00018670	0.15015	liquid
96.000	81.000	1130.9	0.00088428	-126.49	-119.33	3.0170	0.92358	1.6733	897.35	-0.031580	0.00018231	0.14879	liquid
97.000	81.000	1126.1	0.00088802	-124.85	-117.66	3.0344	0.92015	1.6754	889.84	-0.031247	0.00017808	0.14743	liquid
98.000	81.000	1121.3	0.00089180	-123.20	-115.98	3.0516	0.91676	1.6777	882.32	-0.030899	0.00017400	0.14607	liquid
99.000	81.000	1116.5	0.00089564	-121.56	-114.30	3.0686	0.91342	1.6802	874.78	-0.030535	0.00017006	0.14471	liquid
100.00	81.000	1111.7	0.00089953	-119.91	-112.62	3.0855	0.91013	1.6828	867.24	-0.030156	0.00016626	0.14334	liquid
101.00	81.000	1106.8	0.00090348	-118.25	-110.94	3.1023	0.90689	1.6856	859.68	-0.029760	0.00016258	0.14198	liquid
102.00	81.000	1101.9	0.00090749	-116.60	-109.25	3.1189	0.90369	1.6886	852.10	-0.029346	0.00015901	0.14061	liquid
103.00	81.000	1097.0	0.00091156	-114.94	-107.56	3.1354	0.90054	1.6918	844.51	-0.028915	0.00015557	0.13924	liquid
104.00	81.000	1092.1	0.00091569	-113.28	-105.86	3.1518	0.89743	1.6952	836.89	-0.028466	0.00015222	0.13788	liquid
105.00	81.000	1087.1	0.00091989	-111.62	-104.17	3.1680	0.89437	1.6987	829.26	-0.027998	0.00014898	0.13651	liquid
106.00	81.000	1082.1	0.00092415	-109.95	-102.47	3.1841	0.89135	1.7025	821.61	-0.027509	0.00014583	0.13514	liquid
107.00	81.000	1077.0	0.00092849	-108.28	-100.76	3.2001	0.88838	1.7064	813.93	-0.027000	0.00014277	0.13376	liquid
108.00	81.000	1071.9	0.00093290	-106.61	-99.054	3.2160	0.88545	1.7106	806.23	-0.026469	0.00013980	0.13239	liquid
109.00	81.000	1066.8	0.00093738	-104.93	-97.342	3.2318	0.88257	1.7150	798.51	-0.025916	0.00013691	0.13103	liquid
110.00	81.000	1061.6	0.00094194	-103.25	-95.624	3.2475	0.87973	1.7196	790.76	-0.025340	0.00013409	0.12966	liquid
111.00	81.000	1056.4	0.00094659	-101.57	-93.902	3.2631	0.87693	1.7245	782.98	-0.024739	0.00013135	0.12829	liquid
112.00	81.000	1051.2	0.00095131	-99.881	-92.175	3.2786	0.87419	1.7295	775.18	-0.024112	0.00012867	0.12692	liquid
113.00	81.000	1045.9	0.00095613	-98.188	-90.443	3.2939	0.87148	1.7349	767.34	-0.023459	0.00012607	0.12555	liquid
114.00	81.000	1040.5	0.00096103	-96.490	-88.705	3.3093	0.86883	1.7405	759.47	-0.022777	0.00012352	0.12418	liquid
115.00	81.000	1035.2	0.00096603	-94.787	-86.962	3.3245	0.86621	1.7464	751.56	-0.022066	0.00012104	0.12281	liquid
116.00	81.000	1029.7	0.00097113	-93.079	-85.212	3.3396	0.86365	1.7526	743.63	-0.021324	0.00011861	0.12144	liquid
117.00	81.000	1024.2	0.00097634	-91.365	-83.457	3.3547	0.86113	1.7591	735.65	-0.020550	0.00011623	0.12007	liquid
118.00	81.000	1018.7	0.00098164	-89.645	-81.694	3.3697	0.85865	1.7659	727.64	-0.019742	0.00011391	0.11870	liquid
119.00	81.000	1013.1	0.00098707	-87.920	-79.925	3.3846	0.85623	1.7731	719.58	-0.018897	0.00011164	0.11733	liquid
120.00	81.000	1007.5	0.00099260	-86.188	-78.148	3.3995	0.85385	1.7806	711.48	-0.018015	0.00010942	0.11596	liquid
121.00	81.000	1001.7	0.00099827	-84.449	-76.363	3.4143	0.85152	1.7884	703.34	-0.017093	0.00010724	0.11459	liquid
122.00	81.000	995.96	0.0010041	-82.704	-74.571	3.4291	0.84924	1.7967	695.16	-0.016129	0.00010510	0.11322	liquid
123.00	81.000	990.12	0.0010100	-80.951	-72.770	3.4438	0.84701	1.8054	686.92	-0.015120	0.00010301	0.11185	liquid
124.00	81.000	984.21	0.0010160	-79.190	-70.960	3.4584	0.84483	1.8145	678.64	-0.014064	0.00010095	0.11048	liquid
125.00	81.000	978.23	0.0010223	-77.421	-69.141	3.4730	0.84270	1.8241	670.30	-0.012957	9.8934e-05	0.10912	liquid
126.00	81.000	972.18	0.0010286	-75.643	-67.312	3.4876	0.84063	1.8342	661.91	-0.011798	9.6954e-05	0.10775	liquid
127.00	81.000	966.05	0.0010351	-73.857	-65.472	3.5022	0.83862	1.8449	653.46	-0.010582	9.5008e-05	0.10638	liquid
128.00	81.000	959.83	0.0010418	-72.061	-63.622	3.5167	0.83666	1.8561	644.95	-0.0093051	9.3096e-05	0.10502	liquid
129.00	81.000	953.53	0.0010487	-70.254	-61.760	3.5312	0.83476	1.8679	636.37	-0.0079643	9.1216e-05	0.10365	liquid
130.00	81.000	947.15	0.0010558	-68.438	-59.886	3.5456	0.83293	1.8804	627.74	-0.0065549	8.9366e-05	0.10229	liquid
131.00	81.000	940.66	0.0010631	-66.610	-57.999	3.5601	0.83115	1.8936	619.03	-0.0050721	8.7546e-05	0.10092	liquid
132.00	81.000	934.08	0.0010706	-64.770	-56.098	3.5745	0.82945	1.9075	610.25	-0.0035107	8.5755e-05	0.099559	liquid
133.00	81.000	927.39	0.0010783	-62.917	-54.183	3.5890	0.82781	1.9223	601.40	-0.0018649	8.3990e-05	0.098197	liquid
134.00	81.000	920.60	0.0010863	-61.052	-52.253	3.6034	0.82624	1.9380	592.46	-0.00012829	8.2251e-05	0.096837	liquid
135.00	81.000	913.68	0.0010945	-59.172	-50.307	3.6179	0.82475	1.9546	583.45	0.0017060	8.0537e-05	0.095477	liquid
136.00	81.000	906.65	0.0011030	-57.278	-48.344	3.6324	0.82334	1.9723	574.35	0.0036458	7.8846e-05	0.094119	liquid
137.00	81.000	899.48	0.0011118	-55.367	-46.362	3.6469	0.82202	1.9911	565.16	0.0056997	7.7178e-05	0.092761	liquid
138.00	81.000	892.17	0.0011209	-53.440	-44.361	3.6615	0.82078	2.0111	555.87	0.0078773	7.5532e-05	0.091405	liquid
139.00	81.000	884.72	0.0011303	-51.495	-42.339	3.6761	0.81963	2.0326	546.48	0.010189	7.3905e-05	0.090050	liquid
140.00	81.000	877.11	0.0011401	-49.530	-40.295	3.6907	0.81859	2.0555	536.99	0.012647	7.2298e-05	0.088695	liquid
141.00	81.000	869.33	0.0011503	-47.545	-38.228	3.7054	0.81765	2.0802	527.39	0.015265	7.0709e-05	0.087341	liquid
142.00	81.000	861.37	0.0011609	-45.538	-36.135	3.7202	0.81683	2.1067	517.67	0.018057	6.9137e-05	0.085988	liquid
143.00	81.000	853.21	0.0011720	-43.507	-34.014	3.7351	0.81613	2.1352	507.83	0.021041	6.7581e-05	0.084636	liquid
144.00	81.000	844.85	0.0011836	-41.451	-31.863	3.7501	0.81556	2.1660	497.86	0.024235	6.6040e-05	0.083284	liquid
145.00	81.000	836.27	0.0011958	-39.367	-29.681	3.7652	0.81513	2.1994	487.76	0.027662	6.4512e-05	0.081932	liquid
146.00	81.000	827.44	0.0012085	-37.253	-27.464	3.7804	0.81486	2.2357	477.52	0.031346	6.2995e-05	0.080579	liquid
147.00	81.000	818.36	0.0012220	-35.106	-25.208	3.7958	0.81475	2.2752	467.13	0.035316	6.1490e-05	0.079226	liquid
148.00	81.000	808.98	0.0012361	-32.925	-22.912	3.8114	0.81483	2.3185	456.59	0.039604	5.9993e-05	0.077872	liquid
149.00	81.000	799.29	0.0012511	-30.704	-20.570	3.8272	0.81511	2.3660	445.89	0.044247	5.8505e-05	0.076516	liquid
150.00	81.000	789.26	0.0012670	-28.441	-18.178	3.8432	0.81561	2.4183	435.02	0.049288	5.7021e-05	0.075158	liquid
151.00	81.000	778.86	0.0012839	-26.131	-15.732	3.8594	0.81635	2.4762	423.99	0.054778	5.5542e-05	0.073796	liquid
152.00	81.000	768.04	0.0013020	-23.770	-13.224	3.8760	0.81736	2.5406	412.79	0.060774	5.4064e-05	0.072431	liquid
153.00	81.000	756.75	0.0013214	-21.352	-10.648	3.8929	0.81866	2.6125	401.42	0.067345	5.2585e-05	0.071061	liquid
154.00	81.000	744.95	0.0013424	-18.869	-7.9958	3.9102	0.82028	2.6933	389.87	0.074570	5.1103e-05	0.069684	liquid
155.00	81.000	732.58	0.0013650	-16.315	-5.2579	3.9279	0.82225	2.7845	378.15	0.082544	4.9614e-05	0.068300	supercritical
156.00	81.000	719.56	0.0013897	-13.680	-2.4227	3.9461	0.82459	2.8881	366.28	0.091377	4.8116e-05	0.066907	supercritical
157.00	81.000	705.81	0.0014168	-10.953	0.52326	3.9649	0.82735	3.0064	354.25	0.10120	4.6603e-05	0.065502	supercritical
158.00	81.000	691.22	0.0014467	-8.1223	3.5960	3.9844	0.83056	3.1422	342.09	0.11216	4.5072e-05	0.064084	supercritical
159.00	81.000	675.70	0.0014799	-5.1730	6.8146	4.0047	0.83424	3.2987	329.84	0.12445	4.3519e-05	0.062650	supercritical
160.00	81.000	659.10	0.0015172	-2.0881	10.201	4.0260	0.83841	3.4792	317.52	0.13825	4.1938e-05	0.061197	supercritical
161.00	81.000	641.29	0.0015593	1.1512	13.782	4.0483	0.84309	3.6868	305.22	0.15378	4.0325e-05	0.059721	supercritical
162.00	81.000	622.13	0.0016074	4.5648	17.585	4.0718	0.84825	3.9236	293.03	0.17127	3.8675e-05	0.058217	supercritical
163.00	81.000	601.47	0.0016626	8.1715	21.639	4.0968	0.85380	4.1883	281.09	0.19090	3.6988e-05	0.056677	supercritical
164.00	81.000	579.24	0.0017264	11.985	25.968	4.1233	0.85956	4.4737	269.63	0.21279	3.5267e-05	0.055088	supercritical
165.00	81.000	555.49	0.0018002	16.005	30.587	4.1513	0.86514	4.7625	258.91	0.23689	3.3525e-05	0.053437	supercritical
166.00	81.000	530.43	0.0018853	20.214	35.484	4.1809	0.86992	5.0235	249.29	0.26287	3.1785e-05	0.051706	supercritical
167.00	81.000	504.55	0.0019820	24.556	40.610	4.2117	0.87312	5.2111	241.09	0.29000	3.0084e-05	0.049884	supercritical
168.00	81.000	478.61	0.0020894	28.942	45.866	4.2431	0.87397	5.2776	234.57	0.31714	2.8472e-05	0.047982	supercritical
169.00	81.000	453.51	0.0022050	33.255	51.116	4.2743	0.87214	5.1990	229.79	0.34294	2.6998e-05	0.046040	supercritical
170.00	81.000	430.07	0.0023252	37.387	56.221	4.3044	0.86787	4.9938	226.59	0.36626	2.5697e-05	0.044126	supercritical
171.00	81.000	408.75	0.0024465	41.261	61.078	4.3329	0.86182	4.7106	224.67	0.38649	2.4580e-05	0.042314	supercritical
172.00	81.000	389.70	0.0025661	44.848	65.633	4.3594	0.85475	4.3995	223.71	0.40353	2.3639e-05	0.040653	supercritical
173.00	81.000	372.80	0.0026824	48.152	69.879	4.3840	0.84726	4.0947	223.43	0.41760	2.2851e-05	0.039163	supercritical
174.00	81.000	357.83	0.0027946	51.194	73.831	4.4068	0.83975	3.8136	223.63	0.42905	2.2193e-05	0.037844	supercritical
175.00	81.000	344.52	0.0029025	54.006	77.516	4.4279	0.83244	3.5622	224.15	0.43826	2.1641e-05	0.036683	supercritical
176.00	81.000	332.64	0.0030063	56.615	80.965	4.4476	0.82543	3.3407	224.90	0.44558	2.1176e-05	0.035661	supercritical
177.00	81.000	321.96	0.0031060	59.048	84.207	4.4660	0.81878	3.1465	225.82	0.45132	2.0783e-05	0.034760	supercritical
178.00	81.000	312.31	0.0032019	61.331	87.266	4.4832	0.81249	2.9764	226.85	0.45574	2.0448e-05	0.033964	supercritical
179.00	81.000	303.54	0.0032944	63.482	90.166	4.4994	0.80655	2.8270	227.96	0.45904	2.0161e-05	0.033259	supercritical
180.00	81.000	295.52	0.0033838	65.517	92.926	4.5148	0.80094	2.6954	229.13	0.46140	1.9915e-05	0.032631	supercritical
181.00	81.000	288.16	0.0034703	67.453	95.562	4.5294	0.79564	2.5788	230.34	0.46297	1.9703e-05	0.032071	supercritical
182.00	81.000	281.36	0.0035542	69.299	98.088	4.5433	0.79063	2.4750	231.57	0.46388	1.9520e-05	0.031569	supercritical
183.00	81.000	275.06	0.0036356	71.068	100.52	4.5566	0.78589	2.3823	232.83	0.46421	1.9361e-05	0.031118	supercritical
184.00	81.000	269.19	0.0037148	72.766	102.86	4.5694	0.78140	2.2990	234.10	0.46406	1.9223e-05	0.030711	supercritical
185.00	81.000	263.71	0.0037920	74.402	105.12	4.5816	0.77713	2.2239	235.37	0.46350	1.9103e-05	0.030344	supercritical
186.00	81.000	258.58	0.0038673	75.981	107.31	4.5934	0.77309	2.1558	236.64	0.46259	1.9000e-05	0.030011	supercritical
187.00	81.000	253.75	0.0039409	77.509	109.43	4.6048	0.76924	2.0939	237.91	0.46137	1.8910e-05	0.029710	supercritical
188.00	81.000	249.20	0.0040128	78.992	111.50	4.6159	0.76558	2.0373	239.18	0.45990	1.8832e-05	0.029435	supercritical
189.00	81.000	244.90	0.0040833	80.432	113.51	4.6265	0.76210	1.9855	240.44	0.45820	1.8765e-05	0.029186	supercritical
190.00	81.000	240.83	0.0041523	81.834	115.47	4.6369	0.75877	1.9379	241.70	0.45631	1.8708e-05	0.028958	supercritical
191.00	81.000	236.96	0.0042201	83.201	117.38	4.6469	0.75561	1.8940	242.95	0.45426	1.8659e-05	0.028751	supercritical
192.00	81.000	233.28	0.0042866	84.535	119.26	4.6567	0.75258	1.8534	244.18	0.45206	1.8618e-05	0.028561	supercritical
193.00	81.000	229.78	0.0043520	85.840	121.09	4.6662	0.74969	1.8157	245.41	0.44975	1.8583e-05	0.028388	supercritical
194.00	81.000	226.43	0.0044164	87.117	122.89	4.6755	0.74693	1.7807	246.63	0.44733	1.8555e-05	0.028230	supercritical
195.00	81.000	223.23	0.0044797	88.368	124.65	4.6846	0.74429	1.7481	247.83	0.44483	1.8533e-05	0.028086	supercritical
196.00	81.000	220.16	0.0045421	89.595	126.39	4.6935	0.74176	1.7176	249.03	0.44224	1.8515e-05	0.027954	supercritical
197.00	81.000	217.22	0.0046036	90.800	128.09	4.7021	0.73934	1.6891	250.22	0.43960	1.8502e-05	0.027834	supercritical
198.00	81.000	214.40	0.0046642	91.985	129.77	4.7106	0.73702	1.6623	251.39	0.43690	1.8494e-05	0.027724	supercritical
199.00	81.000	211.68	0.0047241	93.150	131.41	4.7189	0.73480	1.6372	252.55	0.43416	1.8489e-05	0.027623	supercritical
200.00	81.000	209.07	0.0047832	94.296	133.04	4.7271	0.73267	1.6136	253.70	0.43138	1.8488e-05	0.027532	supercritical
201.00	81.000	206.55	0.0048415	95.426	134.64	4.7351	0.73062	1.5913	254.85	0.42858	1.8490e-05	0.027449	supercritical
202.00	81.000	204.11	0.0048992	96.539	136.22	4.7429	0.72866	1.5703	255.98	0.42574	1.8495e-05	0.027374	supercritical
203.00	81.000	201.77	0.0049562	97.638	137.78	4.7506	0.72677	1.5504	257.10	0.42290	1.8503e-05	0.027306	supercritical
204.00	81.000	199.50	0.0050126	98.722	139.32	4.7582	0.72496	1.5315	258.21	0.42003	1.8513e-05	0.027245	supercritical
205.00	81.000	197.30	0.0050684	99.792	140.85	4.7656	0.72322	1.5137	259.31	0.41716	1.8526e-05	0.027190	supercritical
206.00	81.000	195.17	0.0051237	100.85	142.35	4.7730	0.72155	1.4967	260.39	0.41429	1.8541e-05	0.027141	supercritical
207.00	81.000	193.11	0.0051784	101.90	143.84	4.7802	0.71993	1.4806	261.47	0.41141	1.8557e-05	0.027097	supercritical
208.00	81.000	191.11	0.0052326	102.93	145.31	4.7873	0.71839	1.4652	262.54	0.40853	1.8576e-05	0.027058	supercritical
209.00	81.000	189.17	0.0052863	103.95	146.77	4.7943	0.71689	1.4506	263.60	0.40566	1.8597e-05	0.027024	supercritical
210.00	81.000	187.28	0.0053395	104.96	148.21	4.8011	0.71546	1.4367	264.65	0.40279	1.8619e-05	0.026994	supercritical
211.00	81.000	185.45	0.0053923	105.97	149.64	4.8079	0.71407	1.4234	265.70	0.39994	1.8643e-05	0.026969	supercritical
212.00	81.000	183.67	0.0054446	106.96	151.06	4.8146	0.71274	1.4107	266.73	0.39709	1.8668e-05	0.026948	supercritical
213.00	81.000	181.94	0.0054965	107.94	152.47	4.8212	0.71146	1.3985	267.75	0.39425	1.8694e-05	0.026930	supercritical
214.00	81.000	180.25	0.0055480	108.92	153.86	4.8278	0.71022	1.3869	268.77	0.39142	1.8722e-05	0.026916	supercritical
215.00	81.000	178.60	0.0055991	109.89	155.24	4.8342	0.70902	1.3757	269.77	0.38861	1.8751e-05	0.026905	supercritical
216.00	81.000	177.00	0.0056498	110.85	156.61	4.8406	0.70787	1.3650	270.77	0.38582	1.8781e-05	0.026897	supercritical
217.00	81.000	175.43	0.0057001	111.80	157.97	4.8468	0.70676	1.3547	271.76	0.38304	1.8812e-05	0.026892	supercritical
218.00	81.000	173.91	0.0057501	112.74	159.32	4.8531	0.70568	1.3449	272.74	0.38028	1.8844e-05	0.026890	supercritical
219.00	81.000	172.42	0.0057998	113.68	160.66	4.8592	0.70465	1.3354	273.72	0.37753	1.8877e-05	0.026891	supercritical
220.00	81.000	170.96	0.0058492	114.61	161.99	4.8653	0.70365	1.3263	274.69	0.37481	1.8911e-05	0.026894	supercritical
221.00	81.000	169.54	0.0058982	115.54	163.31	4.8712	0.70268	1.3175	275.64	0.37210	1.8946e-05	0.026900	supercritical
222.00	81.000	168.15	0.0059469	116.46	164.63	4.8772	0.70175	1.3091	276.60	0.36941	1.8981e-05	0.026908	supercritical
223.00	81.000	166.80	0.0059953	117.37	165.93	4.8830	0.70084	1.3010	277.54	0.36674	1.9017e-05	0.026918	supercritical
224.00	81.000	165.47	0.0060435	118.28	167.23	4.8888	0.69997	1.2931	278.48	0.36409	1.9054e-05	0.026930	supercritical
225.00	81.000	164.17	0.0060913	119.18	168.52	4.8946	0.69913	1.2855	279.41	0.36147	1.9092e-05	0.026944	supercritical
226.00	81.000	162.90	0.0061389	120.07	169.80	4.9003	0.69831	1.2782	280.33	0.35886	1.9130e-05	0.026960	supercritical
227.00	81.000	161.65	0.0061862	120.97	171.07	4.9059	0.69752	1.2712	281.25	0.35627	1.9169e-05	0.026977	supercritical
228.00	81.000	160.43	0.0062333	121.85	172.34	4.9115	0.69676	1.2644	282.16	0.35371	1.9208e-05	0.026997	supercritical
229.00	81.000	159.23	0.0062802	122.73	173.60	4.9170	0.69602	1.2578	283.07	0.35116	1.9248e-05	0.027018	supercritical
230.00	81.000	158.06	0.0063268	123.61	174.86	4.9225	0.69531	1.2514	283.96	0.34864	1.9288e-05	0.027040	supercritical
231.00	81.000	156.91	0.0063731	124.48	176.11	4.9279	0.69462	1.2452	284.86	0.34614	1.9329e-05	0.027064	supercritical
232.00	81.000	155.78	0.0064193	125.35	177.35	4.9332	0.69395	1.2393	285.74	0.34365	1.9370e-05	0.027090	supercritical
233.00	81.000	154.68	0.0064652	126.22	178.58	4.9386	0.69330	1.2335	286.62	0.34119	1.9412e-05	0.027117	supercritical
234.00	81.000	153.59	0.0065109	127.08	179.81	4.9438	0.69267	1.2279	287.50	0.33875	1.9454e-05	0.027145	supercritical
235.00	81.000	152.52	0.0065564	127.93	181.04	4.9491	0.69207	1.2224	288.37	0.33634	1.9496e-05	0.027174	supercritical
236.00	81.000	151.48	0.0066017	128.79	182.26	4.9542	0.69148	1.2172	289.23	0.33394	1.9539e-05	0.027204	supercritical
237.00	81.000	150.45	0.0066468	129.64	183.47	4.9594	0.69091	1.2120	290.09	0.33156	1.9582e-05	0.027236	supercritical
238.00	81.000	149.44	0.0066917	130.48	184.68	4.9645	0.69036	1.2071	290.94	0.32921	1.9625e-05	0.027269	supercritical
239.00	81.000	148.45	0.0067364	131.32	185.89	4.9695	0.68983	1.2023	291.79	0.32687	1.9669e-05	0.027303	supercritical
240.00	81.000	147.47	0.0067809	132.16	187.09	4.9745	0.68932	1.1976	292.63	0.32456	1.9713e-05	0.027337	supercritical
241.00	81.000	146.51	0.0068253	133.00	188.28	4.9795	0.68882	1.1930	293.46	0.32227	1.9757e-05	0.027373	supercritical
242.00	81.000	145.57	0.0068695	133.83	189.47	4.9844	0.68833	1.1886	294.30	0.31999	1.9802e-05	0.027410	supercritical
243.00	81.000	144.64	0.0069135	134.66	190.66	4.9893	0.68786	1.1843	295.12	0.31774	1.9847e-05	0.027447	supercritical
244.00	81.000	143.73	0.0069574	135.49	191.84	4.9942	0.68741	1.1802	295.94	0.31550	1.9892e-05	0.027486	supercritical
245.00	81.000	142.84	0.0070010	136.31	193.02	4.9990	0.68697	1.1761	296.76	0.31329	1.9937e-05	0.027525	supercritical
246.00	81.000	141.95	0.0070446	137.13	194.20	5.0038	0.68655	1.1721	297.57	0.31110	1.9983e-05	0.027565	supercritical
247.00	81.000	141.08	0.0070880	137.95	195.37	5.0085	0.68614	1.1683	298.38	0.30892	2.0028e-05	0.027606	supercritical
248.00	81.000	140.23	0.0071312	138.77	196.53	5.0132	0.68574	1.1645	299.18	0.30677	2.0074e-05	0.027648	supercritical
249.00	81.000	139.39	0.0071743	139.58	197.69	5.0179	0.68535	1.1609	299.98	0.30463	2.0120e-05	0.027690	supercritical
250.00	81.000	138.56	0.0072172	140.39	198.85	5.0226	0.68498	1.1573	300.78	0.30251	2.0167e-05	0.027733	supercritical
251.00	81.000	137.74	0.0072600	141.20	200.01	5.0272	0.68462	1.1539	301.57	0.30041	2.0213e-05	0.027777	supercritical
252.00	81.000	136.94	0.0073027	142.01	201.16	5.0317	0.68427	1.1505	302.35	0.29833	2.0260e-05	0.027821	supercritical
253.00	81.000	136.14	0.0073452	142.81	202.31	5.0363	0.68393	1.1472	303.13	0.29627	2.0306e-05	0.027866	supercritical
254.00	81.000	135.36	0.0073876	143.62	203.46	5.0408	0.68361	1.1440	303.91	0.29423	2.0353e-05	0.027911	supercritical
255.00	81.000	134.59	0.0074299	144.42	204.60	5.0453	0.68329	1.1409	304.68	0.29220	2.0400e-05	0.027958	supercritical
256.00	81.000	133.83	0.0074721	145.21	205.74	5.0498	0.68299	1.1378	305.45	0.29019	2.0448e-05	0.028004	supercritical
257.00	81.000	133.08	0.0075141	146.01	206.87	5.0542	0.68269	1.1348	306.22	0.28820	2.0495e-05	0.028051	supercritical
258.00	81.000	132.35	0.0075560	146.80	208.01	5.0586	0.68241	1.1319	306.98	0.28623	2.0542e-05	0.028099	supercritical
259.00	81.000	131.62	0.0075978	147.60	209.14	5.0630	0.68213	1.1291	307.74	0.28427	2.0590e-05	0.028147	supercritical
260.00	81.000	130.90	0.0076394	148.39	210.27	5.0673	0.68187	1.1263	308.49	0.28233	2.0637e-05	0.028196	supercritical
261.00	81.000	130.19	0.0076810	149.17	211.39	5.0716	0.68161	1.1236	309.24	0.28041	2.0685e-05	0.028245	supercritical
262.00	81.000	129.49	0.0077224	149.96	212.51	5.0759	0.68137	1.1210	309.99	0.27851	2.0733e-05	0.028295	supercritical
263.00	81.000	128.80	0.0077638	150.75	213.63	5.0802	0.68113	1.1184	310.73	0.27662	2.0781e-05	0.028345	supercritical
264.00	81.000	128.12	0.0078050	151.53	214.75	5.0844	0.68090	1.1159	311.47	0.27474	2.0829e-05	0.028395	supercritical
265.00	81.000	127.45	0.0078461	152.31	215.86	5.0886	0.68068	1.1134	312.21	0.27289	2.0877e-05	0.028446	supercritical
266.00	81.000	126.79	0.0078872	153.09	216.98	5.0928	0.68046	1.1110	312.94	0.27105	2.0925e-05	0.028498	supercritical
267.00	81.000	126.13	0.0079281	153.87	218.09	5.0970	0.68026	1.1087	313.67	0.26922	2.0973e-05	0.028549	supercritical
268.00	81.000	125.49	0.0079689	154.65	219.19	5.1011	0.68006	1.1063	314.39	0.26741	2.1022e-05	0.028601	supercritical
269.00	81.000	124.85	0.0080096	155.42	220.30	5.1053	0.67987	1.1041	315.12	0.26562	2.1070e-05	0.028654	supercritical
270.00	81.000	124.22	0.0080503	156.20	221.40	5.1094	0.67969	1.1019	315.83	0.26384	2.1118e-05	0.028706	supercritical
271.00	81.000	123.60	0.0080908	156.97	222.50	5.1134	0.67951	1.0997	316.55	0.26207	2.1167e-05	0.028760	supercritical
272.00	81.000	122.98	0.0081312	157.74	223.60	5.1175	0.67935	1.0976	317.26	0.26032	2.1215e-05	0.028813	supercritical
273.00	81.000	122.38	0.0081716	158.51	224.70	5.1215	0.67918	1.0956	317.97	0.25859	2.1264e-05	0.028867	supercritical
274.00	81.000	121.78	0.0082119	159.28	225.79	5.1255	0.67903	1.0936	318.68	0.25687	2.1313e-05	0.028921	supercritical
275.00	81.000	121.18	0.0082520	160.04	226.89	5.1295	0.67888	1.0916	319.38	0.25516	2.1361e-05	0.028975	supercritical
276.00	81.000	120.60	0.0082921	160.81	227.98	5.1334	0.67874	1.0896	320.08	0.25347	2.1410e-05	0.029030	supercritical
277.00	81.000	120.02	0.0083321	161.57	229.06	5.1374	0.67861	1.0878	320.78	0.25179	2.1459e-05	0.029085	supercritical
278.00	81.000	119.44	0.0083721	162.34	230.15	5.1413	0.67848	1.0859	321.47	0.25012	2.1508e-05	0.029140	supercritical
279.00	81.000	118.88	0.0084119	163.10	231.24	5.1452	0.67836	1.0841	322.16	0.24847	2.1556e-05	0.029195	supercritical
280.00	81.000	118.32	0.0084517	163.86	232.32	5.1491	0.67824	1.0823	322.85	0.24684	2.1605e-05	0.029251	supercritical
281.00	81.000	117.77	0.0084914	164.62	233.40	5.1529	0.67813	1.0806	323.54	0.24521	2.1654e-05	0.029307	supercritical
282.00	81.000	117.22	0.0085310	165.38	234.48	5.1567	0.67803	1.0789	324.22	0.24360	2.1703e-05	0.029363	supercritical
283.00	81.000	116.68	0.0085705	166.14	235.56	5.1606	0.67793	1.0772	324.90	0.24200	2.1752e-05	0.029419	supercritical
284.00	81.000	116.14	0.0086100	166.89	236.64	5.1644	0.67784	1.0756	325.58	0.24042	2.1801e-05	0.029476	supercritical
285.00	81.000	115.62	0.0086494	167.65	237.71	5.1681	0.67775	1.0740	326.25	0.23884	2.1850e-05	0.029533	supercritical
286.00	81.000	115.09	0.0086887	168.41	238.78	5.1719	0.67767	1.0724	326.92	0.23728	2.1899e-05	0.029590	supercritical
287.00	81.000	114.57	0.0087279	169.16	239.85	5.1756	0.67760	1.0709	327.59	0.23574	2.1948e-05	0.029647	supercritical
288.00	81.000	114.06	0.0087671	169.91	240.93	5.1794	0.67753	1.0694	328.26	0.23420	2.1997e-05	0.029705	supercritical
289.00	81.000	113.56	0.0088062	170.66	241.99	5.1831	0.67746	1.0679	328.92	0.23268	2.2046e-05	0.029762	supercritical
290.00	81.000	113.06	0.0088452	171.41	243.06	5.1868	0.67740	1.0664	329.58	0.23117	2.2095e-05	0.029820	supercritical
291.00	81.000	112.56	0.0088842	172.16	244.13	5.1904	0.67734	1.0650	330.24	0.22967	2.2144e-05	0.029878	supercritical
292.00	81.000	112.07	0.0089231	172.91	245.19	5.1941	0.67729	1.0636	330.90	0.22818	2.2193e-05	0.029936	supercritical
293.00	81.000	111.58	0.0089619	173.66	246.25	5.1977	0.67725	1.0623	331.55	0.22670	2.2242e-05	0.029995	supercritical
294.00	81.000	111.10	0.0090007	174.41	247.32	5.2013	0.67721	1.0609	332.20	0.22524	2.2291e-05	0.030053	supercritical
295.00	81.000	110.63	0.0090394	175.16	248.38	5.2049	0.67717	1.0596	332.85	0.22379	2.2340e-05	0.030112	supercritical
296.00	81.000	110.16	0.0090781	175.90	249.43	5.2085	0.67714	1.0583	333.49	0.22235	2.2389e-05	0.030170	supercritical
297.00	81.000	109.69	0.0091167	176.65	250.49	5.2121	0.67711	1.0571	334.14	0.22091	2.2438e-05	0.030229	supercritical
298.00	81.000	109.23	0.0091552	177.39	251.55	5.2156	0.67709	1.0558	334.78	0.21949	2.2487e-05	0.030288	supercritical
299.00	81.000	108.77	0.0091937	178.14	252.60	5.2192	0.67707	1.0546	335.42	0.21809	2.2536e-05	0.030347	supercritical
300.00	81.000	108.32	0.0092321	178.88	253.66	5.2227	0.67705	1.0534	336.06	0.21669	2.2585e-05	0.030407	supercritical
301.00	81.000	107.87	0.0092704	179.62	254.71	5.2262	0.67704	1.0523	336.69	0.21530	2.2634e-05	0.030466	supercritical
302.00	81.000	107.43	0.0093087	180.36	255.76	5.2297	0.67704	1.0511	337.32	0.21392	2.2683e-05	0.030525	supercritical
303.00	81.000	106.99	0.0093470	181.10	256.81	5.2331	0.67704	1.0500	337.95	0.21255	2.2732e-05	0.030585	supercritical
304.00	81.000	106.55	0.0093851	181.84	257.86	5.2366	0.67704	1.0489	338.58	0.21120	2.2781e-05	0.030644	supercritical
305.00	81.000	106.12	0.0094233	182.58	258.91	5.2400	0.67705	1.0478	339.20	0.20985	2.2830e-05	0.030703	supercritical
306.00	81.000	105.69	0.0094614	183.32	259.96	5.2435	0.67706	1.0468	339.83	0.20851	2.2879e-05	0.030762	supercritical
307.00	81.000	105.27	0.0094994	184.06	261.00	5.2469	0.67707	1.0457	340.45	0.20719	2.2928e-05	0.030821	supercritical
308.00	81.000	104.85	0.0095374	184.80	262.05	5.2503	0.67709	1.0447	341.07	0.20587	2.2977e-05	0.030880	supercritical
309.00	81.000	104.44	0.0095753	185.53	263.09	5.2537	0.67711	1.0437	341.68	0.20456	2.3026e-05	0.030936	supercritical
310.00	81.000	104.02	0.0096131	186.27	264.14	5.2570	0.67714	1.0427	342.30	0.20327	2.3075e-05	0.030995	supercritical
311.00	81.000	103.62	0.0096510	187.01	265.18	5.2604	0.67717	1.0418	342.91	0.20198	2.3124e-05	0.031057	supercritical
312.00	81.000	103.21	0.0096887	187.74	266.22	5.2637	0.67720	1.0408	343.52	0.20070	2.3173e-05	0.031120	supercritical
313.00	81.000	102.81	0.0097265	188.48	267.26	5.2671	0.67724	1.0399	344.13	0.19943	2.3221e-05	0.031182	supercritical
314.00	81.000	102.42	0.0097641	189.21	268.30	5.2704	0.67728	1.0390	344.74	0.19817	2.3270e-05	0.031245	supercritical
315.00	81.000	102.02	0.0098018	189.94	269.34	5.2737	0.67732	1.0381	345.34	0.19692	2.3319e-05	0.031307	supercritical
316.00	81.000	101.63	0.0098394	190.68	270.38	5.2770	0.67737	1.0372	345.95	0.19568	2.3368e-05	0.031370	supercritical
317.00	81.000	101.25	0.0098769	191.41	271.41	5.2803	0.67742	1.0364	346.55	0.19444	2.3417e-05	0.031433	supercritical
318.00	81.000	100.86	0.0099144	192.14	272.45	5.2835	0.67747	1.0356	347.14	0.19322	2.3465e-05	0.031496	supercritical
319.00	81.000	100.48	0.0099518	192.87	273.48	5.2868	0.67753	1.0347	347.74	0.19200	2.3514e-05	0.031559	supercritical
320.00	81.000	100.11	0.0099892	193.61	274.52	5.2900	0.67759	1.0339	348.34	0.19080	2.3563e-05	0.031622	supercritical
321.00	81.000	99.735	0.010027	194.34	275.55	5.2932	0.67765	1.0331	348.93	0.18960	2.3612e-05	0.031685	supercritical
322.00	81.000	99.365	0.010064	195.07	276.59	5.2964	0.67772	1.0324	349.52	0.18841	2.3660e-05	0.031748	supercritical
323.00	81.000	98.998	0.010101	195.80	277.62	5.2996	0.67779	1.0316	350.11	0.18723	2.3709e-05	0.031811	supercritical
324.00	81.000	98.635	0.010138	196.53	278.65	5.3028	0.67786	1.0308	350.70	0.18605	2.3757e-05	0.031874	supercritical
325.00	81.000	98.274	0.010176	197.26	279.68	5.3060	0.67794	1.0301	351.28	0.18489	2.3806e-05	0.031938	supercritical
326.00	81.000	97.917	0.010213	197.99	280.71	5.3092	0.67802	1.0294	351.87	0.18373	2.3855e-05	0.032001	supercritical
327.00	81.000	97.562	0.010250	198.71	281.74	5.3123	0.67810	1.0287	352.45	0.18258	2.3903e-05	0.032064	supercritical
328.00	81.000	97.211	0.010287	199.44	282.77	5.3155	0.67818	1.0280	353.03	0.18144	2.3952e-05	0.032128	supercritical
329.00	81.000	96.862	0.010324	200.17	283.79	5.3186	0.67827	1.0273	353.61	0.18031	2.4000e-05	0.032191	supercritical
330.00	81.000	96.516	0.010361	200.90	284.82	5.3217	0.67836	1.0267	354.18	0.17918	2.4049e-05	0.032255	supercritical
331.00	81.000	96.173	0.010398	201.62	285.85	5.3248	0.67846	1.0260	354.76	0.17806	2.4097e-05	0.032319	supercritical
332.00	81.000	95.833	0.010435	202.35	286.87	5.3279	0.67855	1.0254	355.33	0.17695	2.4145e-05	0.032382	supercritical
333.00	81.000	95.495	0.010472	203.08	287.90	5.3310	0.67865	1.0247	355.90	0.17585	2.4194e-05	0.032446	supercritical
334.00	81.000	95.161	0.010509	203.80	288.92	5.3341	0.67875	1.0241	356.47	0.17476	2.4242e-05	0.032510	supercritical
335.00	81.000	94.829	0.010545	204.53	289.95	5.3371	0.67886	1.0235	357.04	0.17367	2.4290e-05	0.032574	supercritical
336.00	81.000	94.499	0.010582	205.25	290.97	5.3402	0.67897	1.0229	357.61	0.17259	2.4339e-05	0.032637	supercritical
337.00	81.000	94.172	0.010619	205.98	291.99	5.3432	0.67908	1.0223	358.17	0.17152	2.4387e-05	0.032701	supercritical
338.00	81.000	93.848	0.010656	206.70	293.01	5.3462	0.67919	1.0218	358.74	0.17045	2.4435e-05	0.032765	supercritical
339.00	81.000	93.526	0.010692	207.43	294.04	5.3493	0.67931	1.0212	359.30	0.16939	2.4483e-05	0.032829	supercritical
340.00	81.000	93.207	0.010729	208.15	295.06	5.3523	0.67942	1.0207	359.86	0.16834	2.4531e-05	0.032893	supercritical
341.00	81.000	92.890	0.010765	208.88	296.08	5.3553	0.67954	1.0201	360.42	0.16729	2.4580e-05	0.032957	supercritical
342.00	81.000	92.576	0.010802	209.60	297.10	5.3582	0.67967	1.0196	360.97	0.16626	2.4628e-05	0.033022	supercritical
343.00	81.000	92.264	0.010838	210.32	298.12	5.3612	0.67979	1.0191	361.53	0.16523	2.4676e-05	0.033086	supercritical
344.00	81.000	91.954	0.010875	211.05	299.13	5.3642	0.67992	1.0186	362.08	0.16420	2.4724e-05	0.033150	supercritical
345.00	81.000	91.647	0.010911	211.77	300.15	5.3671	0.68005	1.0181	362.63	0.16319	2.4772e-05	0.033214	supercritical
346.00	81.000	91.342	0.010948	212.49	301.17	5.3701	0.68019	1.0176	363.18	0.16218	2.4820e-05	0.033278	supercritical
347.00	81.000	91.039	0.010984	213.22	302.19	5.3730	0.68032	1.0171	363.73	0.16117	2.4868e-05	0.033342	supercritical
348.00	81.000	90.739	0.011021	213.94	303.21	5.3759	0.68046	1.0167	364.28	0.16017	2.4915e-05	0.033407	supercritical
349.00	81.000	90.441	0.011057	214.66	304.22	5.3789	0.68060	1.0162	364.83	0.15918	2.4963e-05	0.033471	supercritical
350.00	81.000	90.145	0.011093	215.38	305.24	5.3818	0.68074	1.0158	365.37	0.15820	2.5011e-05	0.033535	supercritical
351.00	81.000	89.851	0.011130	216.10	306.25	5.3847	0.68089	1.0153	365.92	0.15722	2.5059e-05	0.033600	supercritical
352.00	81.000	89.559	0.011166	216.83	307.27	5.3876	0.68103	1.0149	366.46	0.15625	2.5107e-05	0.033664	supercritical
353.00	81.000	89.270	0.011202	217.55	308.28	5.3904	0.68118	1.0145	367.00	0.15528	2.5154e-05	0.033729	supercritical
354.00	81.000	88.982	0.011238	218.27	309.30	5.3933	0.68133	1.0141	367.54	0.15433	2.5202e-05	0.033793	supercritical
355.00	81.000	88.697	0.011274	218.99	310.31	5.3962	0.68149	1.0137	368.07	0.15337	2.5250e-05	0.033858	supercritical
356.00	81.000	88.414	0.011310	219.71	311.32	5.3990	0.68164	1.0133	368.61	0.15243	2.5297e-05	0.033922	supercritical
357.00	81.000	88.133	0.011347	220.43	312.34	5.4019	0.68180	1.0129	369.14	0.15148	2.5345e-05	0.033987	supercritical
358.00	81.000	87.853	0.011383	221.15	313.35	5.4047	0.68196	1.0125	369.68	0.15055	2.5392e-05	0.034051	supercritical
359.00	81.000	87.576	0.011419	221.87	314.36	5.4075	0.68212	1.0122	370.21	0.14962	2.5440e-05	0.034116	supercritical
360.00	81.000	87.301	0.011455	222.59	315.38	5.4103	0.68229	1.0118	370.74	0.14870	2.5487e-05	0.034180	supercritical
361.00	81.000	87.027	0.011491	223.31	316.39	5.4131	0.68245	1.0115	371.27	0.14778	2.5535e-05	0.034245	supercritical
362.00	81.000	86.756	0.011527	224.03	317.40	5.4159	0.68262	1.0111	371.80	0.14687	2.5582e-05	0.034309	supercritical
363.00	81.000	86.486	0.011563	224.75	318.41	5.4187	0.68279	1.0108	372.32	0.14596	2.5630e-05	0.034374	supercritical
364.00	81.000	86.219	0.011598	225.47	319.42	5.4215	0.68296	1.0105	372.85	0.14506	2.5677e-05	0.034439	supercritical
365.00	81.000	85.953	0.011634	226.19	320.43	5.4243	0.68314	1.0101	373.37	0.14417	2.5724e-05	0.034503	supercritical
366.00	81.000	85.689	0.011670	226.91	321.44	5.4270	0.68331	1.0098	373.89	0.14328	2.5771e-05	0.034568	supercritical
367.00	81.000	85.426	0.011706	227.63	322.45	5.4298	0.68349	1.0095	374.42	0.14240	2.5819e-05	0.034633	supercritical
368.00	81.000	85.166	0.011742	228.35	323.46	5.4325	0.68367	1.0092	374.94	0.14152	2.5866e-05	0.034697	supercritical
369.00	81.000	84.907	0.011778	229.07	324.47	5.4353	0.68385	1.0089	375.45	0.14065	2.5913e-05	0.034762	supercritical
370.00	81.000	84.650	0.011813	229.79	325.48	5.4380	0.68404	1.0087	375.97	0.13978	2.5960e-05	0.034827	supercritical
371.00	81.000	84.395	0.011849	230.51	326.49	5.4407	0.68422	1.0084	376.49	0.13892	2.6007e-05	0.034891	supercritical
372.00	81.000	84.141	0.011885	231.23	327.49	5.4434	0.68441	1.0081	377.00	0.13806	2.6054e-05	0.034956	supercritical
373.00	81.000	83.890	0.011920	231.95	328.50	5.4462	0.68460	1.0078	377.52	0.13721	2.6101e-05	0.035021	supercritical
374.00	81.000	83.639	0.011956	232.66	329.51	5.4488	0.68479	1.0076	378.03	0.13637	2.6148e-05	0.035086	supercritical
375.00	81.000	83.391	0.011992	233.38	330.52	5.4515	0.68498	1.0073	378.54	0.13552	2.6195e-05	0.035150	supercritical
376.00	81.000	83.144	0.012027	234.10	331.52	5.4542	0.68517	1.0071	379.05	0.13469	2.6242e-05	0.035215	supercritical
377.00	81.000	82.899	0.012063	234.82	332.53	5.4569	0.68537	1.0069	379.56	0.13386	2.6289e-05	0.035280	supercritical
378.00	81.000	82.655	0.012098	235.54	333.54	5.4596	0.68557	1.0066	380.07	0.13303	2.6335e-05	0.035345	supercritical
379.00	81.000	82.413	0.012134	236.26	334.54	5.4622	0.68577	1.0064	380.57	0.13221	2.6382e-05	0.035409	supercritical
380.00	81.000	82.173	0.012170	236.98	335.55	5.4649	0.68597	1.0062	381.08	0.13140	2.6429e-05	0.035474	supercritical
381.00	81.000	81.934	0.012205	237.70	336.56	5.4675	0.68617	1.0060	381.58	0.13059	2.6476e-05	0.035539	supercritical
382.00	81.000	81.696	0.012240	238.41	337.56	5.4702	0.68637	1.0058	382.08	0.12978	2.6522e-05	0.035604	supercritical
383.00	81.000	81.460	0.012276	239.13	338.57	5.4728	0.68658	1.0056	382.59	0.12898	2.6569e-05	0.035669	supercritical
384.00	81.000	81.226	0.012311	239.85	339.57	5.4754	0.68679	1.0054	383.09	0.12818	2.6615e-05	0.035733	supercritical
385.00	81.000	80.993	0.012347	240.57	340.58	5.4780	0.68700	1.0052	383.59	0.12739	2.6662e-05	0.035798	supercritical
386.00	81.000	80.761	0.012382	241.29	341.58	5.4806	0.68721	1.0050	384.08	0.12661	2.6709e-05	0.035863	supercritical
387.00	81.000	80.531	0.012418	242.01	342.59	5.4832	0.68742	1.0048	384.58	0.12582	2.6755e-05	0.035928	supercritical
388.00	81.000	80.303	0.012453	242.73	343.59	5.4858	0.68763	1.0047	385.08	0.12505	2.6801e-05	0.035993	supercritical
389.00	81.000	80.076	0.012488	243.44	344.60	5.4884	0.68785	1.0045	385.57	0.12427	2.6848e-05	0.036057	supercritical
390.00	81.000	79.850	0.012523	244.16	345.60	5.4910	0.68806	1.0043	386.07	0.12351	2.6894e-05	0.036122	supercritical
391.00	81.000	79.626	0.012559	244.88	346.61	5.4936	0.68828	1.0042	386.56	0.12274	2.6940e-05	0.036187	supercritical
392.00	81.000	79.403	0.012594	245.60	347.61	5.4961	0.68850	1.0040	387.05	0.12198	2.6987e-05	0.036252	supercritical
393.00	81.000	79.181	0.012629	246.32	348.61	5.4987	0.68872	1.0039	387.54	0.12123	2.7033e-05	0.036317	supercritical
394.00	81.000	78.961	0.012664	247.04	349.62	5.5012	0.68894	1.0037	388.03	0.12048	2.7079e-05	0.036382	supercritical
395.00	81.000	78.742	0.012700	247.75	350.62	5.5038	0.68916	1.0036	388.52	0.11973	2.7125e-05	0.036446	supercritical
396.00	81.000	78.525	0.012735	248.47	351.63	5.5063	0.68939	1.0035	389.01	0.11899	2.7171e-05	0.036511	supercritical
397.00	81.000	78.308	0.012770	249.19	352.63	5.5088	0.68961	1.0033	389.49	0.11825	2.7217e-05	0.036576	supercritical
398.00	81.000	78.093	0.012805	249.91	353.63	5.5114	0.68984	1.0032	389.98	0.11752	2.7264e-05	0.036641	supercritical
399.00	81.000	77.880	0.012840	250.63	354.64	5.5139	0.69007	1.0031	390.46	0.11679	2.7310e-05	0.036706	supercritical
400.00	81.000	77.667	0.012875	251.35	355.64	5.5164	0.69030	1.0030	390.94	0.11607	2.7355e-05	0.036770	supercritical
401.00	81.000	77.456	0.012911	252.07	356.64	5.5189	0.69053	1.0029	391.43	0.11535	2.7401e-05	0.036835	supercritical
402.00	81.000	77.246	0.012946	252.79	357.64	5.5214	0.69076	1.0028	391.91	0.11463	2.7447e-05	0.036900	supercritical
403.00	81.000	77.038	0.012981	253.50	358.65	5.5239	0.69100	1.0027	392.39	0.11392	2.7493e-05	0.036965	supercritical
404.00	81.000	76.830	0.013016	254.22	359.65	5.5264	0.69123	1.0026	392.87	0.11321	2.7539e-05	0.037030	supercritical
405.00	81.000	76.624	0.013051	254.94	360.65	5.5288	0.69147	1.0025	393.34	0.11251	2.7585e-05	0.037094	supercritical
406.00	81.000	76.419	0.013086	255.66	361.65	5.5313	0.69171	1.0024	393.82	0.11181	2.7630e-05	0.037159	supercritical
407.00	81.000	76.216	0.013121	256.38	362.66	5.5338	0.69195	1.0023	394.30	0.11111	2.7676e-05	0.037224	supercritical
408.00	81.000	76.013	0.013156	257.10	363.66	5.5362	0.69219	1.0022	394.77	0.11042	2.7722e-05	0.037289	supercritical
409.00	81.000	75.812	0.013191	257.82	364.66	5.5387	0.69243	1.0022	395.25	0.10973	2.7767e-05	0.037353	supercritical
410.00	81.000	75.611	0.013226	258.54	365.66	5.5411	0.69267	1.0021	395.72	0.10905	2.7813e-05	0.037418	supercritical
411.00	81.000	75.412	0.013260	259.26	366.67	5.5436	0.69291	1.0020	396.19	0.10837	2.7859e-05	0.037483	supercritical
412.00	81.000	75.214	0.013295	259.98	367.67	5.5460	0.69316	1.0020	396.66	0.10769	2.7904e-05	0.037548	supercritical
413.00	81.000	75.018	0.013330	260.70	368.67	5.5485	0.69340	1.0019	397.13	0.10702	2.7950e-05	0.037612	supercritical
414.00	81.000	74.822	0.013365	261.41	369.67	5.5509	0.69365	1.0019	397.60	0.10635	2.7995e-05	0.037677	supercritical
415.00	81.000	74.627	0.013400	262.13	370.67	5.5533	0.69389	1.0018	398.07	0.10569	2.8040e-05	0.037742	supercritical
416.00	81.000	74.434	0.013435	262.85	371.68	5.5557	0.69414	1.0018	398.54	0.10503	2.8086e-05	0.037807	supercritical
417.00	81.000	74.241	0.013470	263.57	372.68	5.5581	0.69439	1.0017	399.01	0.10437	2.8131e-05	0.037871	supercritical
418.00	81.000	74.050	0.013504	264.29	373.68	5.5605	0.69464	1.0017	399.47	0.10371	2.8176e-05	0.037936	supercritical
419.00	81.000	73.860	0.013539	265.01	374.68	5.5629	0.69490	1.0017	399.94	0.10306	2.8222e-05	0.038001	supercritical
420.00	81.000	73.671	0.013574	265.73	375.68	5.5653	0.69515	1.0016	400.40	0.10242	2.8267e-05	0.038065	supercritical
421.00	81.000	73.483	0.013609	266.45	376.68	5.5677	0.69540	1.0016	400.86	0.10177	2.8312e-05	0.038130	supercritical
422.00	81.000	73.295	0.013643	267.17	377.69	5.5700	0.69566	1.0016	401.33	0.10113	2.8357e-05	0.038195	supercritical
423.00	81.000	73.109	0.013678	267.89	378.69	5.5724	0.69591	1.0016	401.79	0.10050	2.8402e-05	0.038259	supercritical
424.00	81.000	72.924	0.013713	268.61	379.69	5.5748	0.69617	1.0015	402.25	0.099867	2.8447e-05	0.038324	supercritical
425.00	81.000	72.740	0.013748	269.33	380.69	5.5771	0.69643	1.0015	402.71	0.099238	2.8492e-05	0.038389	supercritical
426.00	81.000	72.557	0.013782	270.06	381.69	5.5795	0.69668	1.0015	403.16	0.098613	2.8537e-05	0.038453	supercritical
427.00	81.000	72.375	0.013817	270.78	382.69	5.5818	0.69694	1.0015	403.62	0.097991	2.8582e-05	0.038518	supercritical
428.00	81.000	72.194	0.013852	271.50	383.69	5.5842	0.69720	1.0015	404.08	0.097372	2.8627e-05	0.038582	supercritical
429.00	81.000	72.014	0.013886	272.22	384.70	5.5865	0.69746	1.0015	404.54	0.096757	2.8672e-05	0.038647	supercritical
430.00	81.000	71.835	0.013921	272.94	385.70	5.5889	0.69773	1.0015	404.99	0.096146	2.8717e-05	0.038712	supercritical
431.00	81.000	71.657	0.013955	273.66	386.70	5.5912	0.69799	1.0015	405.44	0.095537	2.8761e-05	0.038776	supercritical
432.00	81.000	71.480	0.013990	274.38	387.70	5.5935	0.69825	1.0015	405.90	0.094932	2.8806e-05	0.038841	supercritical
433.00	81.000	71.303	0.014025	275.10	388.70	5.5958	0.69852	1.0015	406.35	0.094331	2.8851e-05	0.038905	supercritical
434.00	81.000	71.128	0.014059	275.82	389.70	5.5981	0.69878	1.0015	406.80	0.093732	2.8896e-05	0.038970	supercritical
435.00	81.000	70.954	0.014094	276.55	390.70	5.6004	0.69905	1.0016	407.25	0.093137	2.8940e-05	0.039034	supercritical
436.00	81.000	70.780	0.014128	277.27	391.71	5.6027	0.69932	1.0016	407.70	0.092545	2.8985e-05	0.039099	supercritical
437.00	81.000	70.608	0.014163	277.99	392.71	5.6050	0.69958	1.0016	408.15	0.091956	2.9029e-05	0.039163	supercritical
438.00	81.000	70.436	0.014197	278.71	393.71	5.6073	0.69985	1.0016	408.60	0.091370	2.9074e-05	0.039228	supercritical
439.00	81.000	70.265	0.014232	279.43	394.71	5.6096	0.70012	1.0017	409.05	0.090788	2.9118e-05	0.039292	supercritical
440.00	81.000	70.096	0.014266	280.16	395.71	5.6119	0.70039	1.0017	409.50	0.090209	2.9163e-05	0.039357	supercritical
441.00	81.000	69.927	0.014301	280.88	396.71	5.6142	0.70066	1.0017	409.94	0.089632	2.9207e-05	0.039421	supercritical
442.00	81.000	69.759	0.014335	281.60	397.72	5.6164	0.70093	1.0018	410.39	0.089059	2.9252e-05	0.039486	supercritical
443.00	81.000	69.591	0.014370	282.32	398.72	5.6187	0.70120	1.0018	410.83	0.088489	2.9296e-05	0.039550	supercritical
444.00	81.000	69.425	0.014404	283.05	399.72	5.6209	0.70148	1.0018	411.28	0.087922	2.9340e-05	0.039614	supercritical
445.00	81.000	69.260	0.014438	283.77	400.72	5.6232	0.70175	1.0019	411.72	0.087358	2.9385e-05	0.039679	supercritical
446.00	81.000	69.095	0.014473	284.49	401.72	5.6255	0.70202	1.0019	412.16	0.086797	2.9429e-05	0.039743	supercritical
447.00	81.000	68.931	0.014507	285.22	402.73	5.6277	0.70230	1.0020	412.60	0.086239	2.9473e-05	0.039807	supercritical
448.00	81.000	68.768	0.014542	285.94	403.73	5.6299	0.70257	1.0020	413.04	0.085684	2.9517e-05	0.039872	supercritical
449.00	81.000	68.606	0.014576	286.66	404.73	5.6322	0.70285	1.0021	413.48	0.085132	2.9561e-05	0.039936	supercritical
450.00	81.000	68.445	0.014610	287.39	405.73	5.6344	0.70313	1.0022	413.92	0.084583	2.9605e-05	0.040000	supercritical
451.00	81.000	68.284	0.014645	288.11	406.73	5.6366	0.70340	1.0022	414.36	0.084037	2.9649e-05	0.040065	supercritical
452.00	81.000	68.124	0.014679	288.84	407.74	5.6388	0.70368	1.0023	414.80	0.083493	2.9693e-05	0.040129	supercritical
453.00	81.000	67.965	0.014713	289.56	408.74	5.6411	0.70396	1.0023	415.23	0.082953	2.9737e-05	0.040193	supercritical
454.00	81.000	67.807	0.014748	290.29	409.74	5.6433	0.70424	1.0024	415.67	0.082415	2.9781e-05	0.040257	supercritical
455.00	81.000	67.650	0.014782	291.01	410.74	5.6455	0.70452	1.0025	416.11	0.081880	2.9825e-05	0.040322	supercritical
456.00	81.000	67.493	0.014816	291.73	411.75	5.6477	0.70480	1.0025	416.54	0.081348	2.9869e-05	0.040386	supercritical
457.00	81.000	67.338	0.014851	292.46	412.75	5.6499	0.70508	1.0026	416.97	0.080819	2.9913e-05	0.040450	supercritical
458.00	81.000	67.183	0.014885	293.18	413.75	5.6521	0.70536	1.0027	417.41	0.080292	2.9957e-05	0.040514	supercritical
459.00	81.000	67.028	0.014919	293.91	414.75	5.6542	0.70564	1.0028	417.84	0.079769	3.0001e-05	0.040579	supercritical
460.00	81.000	66.875	0.014953	294.64	415.76	5.6564	0.70592	1.0029	418.27	0.079248	3.0044e-05	0.040643	supercritical
461.00	81.000	66.722	0.014988	295.36	416.76	5.6586	0.70621	1.0029	418.70	0.078729	3.0088e-05	0.040707	supercritical
462.00	81.000	66.570	0.015022	296.09	417.76	5.6608	0.70649	1.0030	419.13	0.078214	3.0132e-05	0.040771	supercritical
463.00	81.000	66.419	0.015056	296.81	418.77	5.6630	0.70677	1.0031	419.56	0.077701	3.0175e-05	0.040835	supercritical
464.00	81.000	66.268	0.015090	297.54	419.77	5.6651	0.70706	1.0032	419.99	0.077190	3.0219e-05	0.040899	supercritical
465.00	81.000	66.119	0.015124	298.27	420.77	5.6673	0.70734	1.0033	420.42	0.076683	3.0262e-05	0.040963	supercritical
466.00	81.000	65.970	0.015158	298.99	421.78	5.6694	0.70763	1.0034	420.85	0.076178	3.0306e-05	0.041027	supercritical
467.00	81.000	65.821	0.015193	299.72	422.78	5.6716	0.70791	1.0035	421.28	0.075675	3.0349e-05	0.041091	supercritical
468.00	81.000	65.674	0.015227	300.45	423.78	5.6737	0.70820	1.0036	421.70	0.075175	3.0393e-05	0.041155	supercritical
469.00	81.000	65.527	0.015261	301.17	424.79	5.6759	0.70849	1.0037	422.13	0.074678	3.0436e-05	0.041219	supercritical
470.00	81.000	65.381	0.015295	301.90	425.79	5.6780	0.70877	1.0038	422.55	0.074183	3.0480e-05	0.041283	supercritical
471.00	81.000	65.235	0.015329	302.63	426.79	5.6801	0.70906	1.0039	422.98	0.073691	3.0523e-05	0.041347	supercritical
472.00	81.000	65.090	0.015363	303.35	427.80	5.6823	0.70935	1.0040	423.40	0.073201	3.0566e-05	0.041411	supercritical
473.00	81.000	64.946	0.015397	304.08	428.80	5.6844	0.70964	1.0041	423.82	0.072714	3.0609e-05	0.041475	supercritical
474.00	81.000	64.802	0.015432	304.81	429.81	5.6865	0.70992	1.0042	424.25	0.072230	3.0653e-05	0.041539	supercritical
475.00	81.000	64.660	0.015466	305.54	430.81	5.6886	0.71021	1.0043	424.67	0.071747	3.0696e-05	0.041603	supercritical
476.00	81.000	64.518	0.015500	306.27	431.81	5.6907	0.71050	1.0044	425.09	0.071268	3.0739e-05	0.041667	supercritical
477.00	81.000	64.376	0.015534	307.00	432.82	5.6929	0.71079	1.0045	425.51	0.070790	3.0782e-05	0.041731	supercritical
478.00	81.000	64.235	0.015568	307.72	433.82	5.6950	0.71108	1.0046	425.93	0.070315	3.0825e-05	0.041795	supercritical
479.00	81.000	64.095	0.015602	308.45	434.83	5.6971	0.71137	1.0048	426.35	0.069843	3.0868e-05	0.041858	supercritical
480.00	81.000	63.956	0.015636	309.18	435.83	5.6992	0.71166	1.0049	426.77	0.069373	3.0911e-05	0.041922	supercritical
481.00	81.000	63.817	0.015670	309.91	436.84	5.7012	0.71195	1.0050	427.18	0.068905	3.0954e-05	0.041986	supercritical
482.00	81.000	63.679	0.015704	310.64	437.84	5.7033	0.71224	1.0051	427.60	0.068439	3.0997e-05	0.042050	supercritical
483.00	81.000	63.541	0.015738	311.37	438.85	5.7054	0.71254	1.0052	428.02	0.067976	3.1040e-05	0.042114	supercritical
484.00	81.000	63.404	0.015772	312.10	439.85	5.7075	0.71283	1.0054	428.43	0.067515	3.1083e-05	0.042177	supercritical
485.00	81.000	63.268	0.015806	312.83	440.86	5.7096	0.71312	1.0055	428.85	0.067057	3.1126e-05	0.042241	supercritical
486.00	81.000	63.132	0.015840	313.56	441.86	5.7116	0.71341	1.0056	429.26	0.066601	3.1169e-05	0.042305	supercritical
487.00	81.000	62.997	0.015874	314.29	442.87	5.7137	0.71370	1.0057	429.68	0.066147	3.1211e-05	0.042369	supercritical
488.00	81.000	62.862	0.015908	315.02	443.88	5.7158	0.71400	1.0059	430.09	0.065695	3.1254e-05	0.042432	supercritical
489.00	81.000	62.729	0.015942	315.75	444.88	5.7178	0.71429	1.0060	430.50	0.065246	3.1297e-05	0.042496	supercritical
490.00	81.000	62.595	0.015976	316.49	445.89	5.7199	0.71458	1.0061	430.92	0.064799	3.1340e-05	0.042559	supercritical
491.00	81.000	62.463	0.016010	317.22	446.89	5.7219	0.71488	1.0063	431.33	0.064354	3.1382e-05	0.042623	supercritical
492.00	81.000	62.331	0.016043	317.95	447.90	5.7240	0.71517	1.0064	431.74	0.063911	3.1425e-05	0.042687	supercritical
493.00	81.000	62.199	0.016077	318.68	448.91	5.7260	0.71547	1.0065	432.15	0.063471	3.1467e-05	0.042750	supercritical
494.00	81.000	62.068	0.016111	319.41	449.91	5.7281	0.71576	1.0067	432.56	0.063032	3.1510e-05	0.042814	supercritical
495.00	81.000	61.938	0.016145	320.14	450.92	5.7301	0.71605	1.0068	432.97	0.062596	3.1552e-05	0.042877	supercritical
496.00	81.000	61.808	0.016179	320.88	451.93	5.7321	0.71635	1.0070	433.38	0.062162	3.1595e-05	0.042941	supercritical
497.00	81.000	61.679	0.016213	321.61	452.93	5.7342	0.71664	1.0071	433.78	0.061730	3.1637e-05	0.043004	supercritical
498.00	81.000	61.550	0.016247	322.34	453.94	5.7362	0.71694	1.0073	434.19	0.061300	3.1680e-05	0.043068	supercritical
499.00	81.000	61.422	0.016281	323.08	454.95	5.7382	0.71723	1.0074	434.60	0.060873	3.1722e-05	0.043131	supercritical
500.00	81.000	61.295	0.016315	323.81	455.96	5.7402	0.71753	1.0075	435.01	0.060447	3.1764e-05	0.043195	supercritical
501.00	81.000	61.168	0.016348	324.54	456.96	5.7422	0.71782	1.0077	435.41	0.060024	3.1807e-05	0.043258	supercritical
502.00	81.000	61.042	0.016382	325.28	457.97	5.7442	0.71812	1.0078	435.82	0.059602	3.1849e-05	0.043322	supercritical
503.00	81.000	60.916	0.016416	326.01	458.98	5.7463	0.71842	1.0080	436.22	0.059183	3.1891e-05	0.043385	supercritical
504.00	81.000	60.791	0.016450	326.74	459.99	5.7483	0.71871	1.0081	436.62	0.058765	3.1933e-05	0.043448	supercritical
505.00	81.000	60.666	0.016484	327.48	461.00	5.7503	0.71901	1.0083	437.03	0.058350	3.1976e-05	0.043512	supercritical
506.00	81.000	60.542	0.016517	328.21	462.00	5.7522	0.71930	1.0085	437.43	0.057937	3.2018e-05	0.043575	supercritical
507.00	81.000	60.418	0.016551	328.95	463.01	5.7542	0.71960	1.0086	437.83	0.057526	3.2060e-05	0.043638	supercritical
508.00	81.000	60.295	0.016585	329.68	464.02	5.7562	0.71990	1.0088	438.24	0.057116	3.2102e-05	0.043702	supercritical
509.00	81.000	60.173	0.016619	330.42	465.03	5.7582	0.72019	1.0089	438.64	0.056709	3.2144e-05	0.043765	supercritical
510.00	81.000	60.051	0.016653	331.15	466.04	5.7602	0.72049	1.0091	439.04	0.056304	3.2186e-05	0.043828	supercritical
511.00	81.000	59.929	0.016686	331.89	467.05	5.7622	0.72079	1.0092	439.44	0.055900	3.2228e-05	0.043892	supercritical
512.00	81.000	59.808	0.016720	332.62	468.06	5.7641	0.72108	1.0094	439.84	0.055499	3.2270e-05	0.043955	supercritical
513.00	81.000	59.688	0.016754	333.36	469.07	5.7661	0.72138	1.0096	440.24	0.055099	3.2312e-05	0.044018	supercritical
514.00	81.000	59.568	0.016788	334.10	470.08	5.7681	0.72168	1.0097	440.64	0.054702	3.2354e-05	0.044081	supercritical
515.00	81.000	59.448	0.016821	334.83	471.09	5.7700	0.72198	1.0099	441.03	0.054306	3.2395e-05	0.044144	supercritical
516.00	81.000	59.329	0.016855	335.57	472.10	5.7720	0.72227	1.0100	441.43	0.053912	3.2437e-05	0.044207	supercritical
517.00	81.000	59.211	0.016889	336.31	473.11	5.7740	0.72257	1.0102	441.83	0.053520	3.2479e-05	0.044271	supercritical
518.00	81.000	59.093	0.016922	337.04	474.12	5.7759	0.72287	1.0104	442.23	0.053130	3.2521e-05	0.044334	supercritical
519.00	81.000	58.976	0.016956	337.78	475.13	5.7779	0.72316	1.0105	442.62	0.052742	3.2562e-05	0.044397	supercritical
520.00	81.000	58.859	0.016990	338.52	476.14	5.7798	0.72346	1.0107	443.02	0.052356	3.2604e-05	0.044460	supercritical
521.00	81.000	58.742	0.017024	339.26	477.15	5.7817	0.72376	1.0109	443.41	0.051971	3.2646e-05	0.044523	supercritical
522.00	81.000	58.626	0.017057	340.00	478.16	5.7837	0.72406	1.0111	443.81	0.051589	3.2687e-05	0.044586	supercritical
523.00	81.000	58.511	0.017091	340.73	479.17	5.7856	0.72435	1.0112	444.20	0.051208	3.2729e-05	0.044649	supercritical
524.00	81.000	58.396	0.017125	341.47	480.18	5.7875	0.72465	1.0114	444.59	0.050829	3.2771e-05	0.044712	supercritical
525.00	81.000	58.281	0.017158	342.21	481.19	5.7895	0.72495	1.0116	444.99	0.050452	3.2812e-05	0.044775	supercritical
526.00	81.000	58.167	0.017192	342.95	482.21	5.7914	0.72525	1.0117	445.38	0.050076	3.2854e-05	0.044838	supercritical
527.00	81.000	58.053	0.017226	343.69	483.22	5.7933	0.72554	1.0119	445.77	0.049702	3.2895e-05	0.044901	supercritical
528.00	81.000	57.940	0.017259	344.43	484.23	5.7952	0.72584	1.0121	446.16	0.049330	3.2936e-05	0.044964	supercritical
529.00	81.000	57.828	0.017293	345.17	485.24	5.7972	0.72614	1.0123	446.55	0.048960	3.2978e-05	0.045026	supercritical
530.00	81.000	57.715	0.017326	345.91	486.25	5.7991	0.72644	1.0124	446.94	0.048592	3.3019e-05	0.045089	supercritical
531.00	81.000	57.604	0.017360	346.65	487.27	5.8010	0.72673	1.0126	447.33	0.048225	3.3061e-05	0.045152	supercritical
532.00	81.000	57.492	0.017394	347.39	488.28	5.8029	0.72703	1.0128	447.72	0.047860	3.3102e-05	0.045215	supercritical
533.00	81.000	57.381	0.017427	348.13	489.29	5.8048	0.72733	1.0130	448.11	0.047497	3.3143e-05	0.045278	supercritical
534.00	81.000	57.271	0.017461	348.87	490.31	5.8067	0.72762	1.0132	448.50	0.047135	3.3184e-05	0.045341	supercritical
535.00	81.000	57.161	0.017494	349.61	491.32	5.8086	0.72792	1.0133	448.89	0.046775	3.3226e-05	0.045403	supercritical
536.00	81.000	57.051	0.017528	350.35	492.33	5.8105	0.72822	1.0135	449.28	0.046417	3.3267e-05	0.045466	supercritical
537.00	81.000	56.942	0.017562	351.10	493.35	5.8124	0.72852	1.0137	449.66	0.046060	3.3308e-05	0.045529	supercritical
538.00	81.000	56.834	0.017595	351.84	494.36	5.8142	0.72881	1.0139	450.05	0.045705	3.3349e-05	0.045591	supercritical
539.00	81.000	56.726	0.017629	352.58	495.37	5.8161	0.72911	1.0141	450.44	0.045352	3.3390e-05	0.045654	supercritical
540.00	81.000	56.618	0.017662	353.32	496.39	5.8180	0.72941	1.0142	450.82	0.045000	3.3431e-05	0.045717	supercritical
541.00	81.000	56.510	0.017696	354.07	497.40	5.8199	0.72970	1.0144	451.21	0.044650	3.3472e-05	0.045779	supercritical
542.00	81.000	56.404	0.017729	354.81	498.42	5.8218	0.73000	1.0146	451.59	0.044302	3.3513e-05	0.045842	supercritical
543.00	81.000	56.297	0.017763	355.55	499.43	5.8236	0.73030	1.0148	451.98	0.043955	3.3554e-05	0.045905	supercritical
544.00	81.000	56.191	0.017796	356.29	500.45	5.8255	0.73059	1.0150	452.36	0.043610	3.3595e-05	0.045967	supercritical
545.00	81.000	56.085	0.017830	357.04	501.46	5.8274	0.73089	1.0152	452.74	0.043266	3.3636e-05	0.046030	supercritical
546.00	81.000	55.980	0.017863	357.78	502.48	5.8292	0.73119	1.0154	453.13	0.042924	3.3677e-05	0.046092	supercritical
547.00	81.000	55.875	0.017897	358.53	503.49	5.8311	0.73148	1.0156	453.51	0.042583	3.3718e-05	0.046155	supercritical
548.00	81.000	55.771	0.017931	359.27	504.51	5.8329	0.73178	1.0157	453.89	0.042244	3.3758e-05	0.046217	supercritical
549.00	81.000	55.667	0.017964	360.01	505.52	5.8348	0.73208	1.0159	454.27	0.041907	3.3799e-05	0.046280	supercritical
550.00	81.000	55.563	0.017998	360.76	506.54	5.8366	0.73237	1.0161	454.65	0.041571	3.3840e-05	0.046342	supercritical
551.00	81.000	55.460	0.018031	361.50	507.56	5.8385	0.73267	1.0163	455.03	0.041237	3.3881e-05	0.046405	supercritical
552.00	81.000	55.357	0.018064	362.25	508.57	5.8403	0.73296	1.0165	455.41	0.040904	3.3921e-05	0.046467	supercritical
553.00	81.000	55.255	0.018098	362.99	509.59	5.8422	0.73326	1.0167	455.79	0.040573	3.3962e-05	0.046530	supercritical
554.00	81.000	55.153	0.018131	363.74	510.61	5.8440	0.73355	1.0169	456.17	0.040243	3.4003e-05	0.046592	supercritical
555.00	81.000	55.051	0.018165	364.49	511.62	5.8458	0.73385	1.0171	456.55	0.039915	3.4043e-05	0.046654	supercritical
556.00	81.000	54.950	0.018198	365.23	512.64	5.8477	0.73414	1.0173	456.93	0.039588	3.4084e-05	0.046717	supercritical
557.00	81.000	54.849	0.018232	365.98	513.66	5.8495	0.73444	1.0175	457.31	0.039262	3.4124e-05	0.046779	supercritical
558.00	81.000	54.749	0.018265	366.73	514.67	5.8513	0.73473	1.0177	457.69	0.038939	3.4165e-05	0.046841	supercritical
559.00	81.000	54.649	0.018299	367.47	515.69	5.8531	0.73503	1.0179	458.06	0.038616	3.4205e-05	0.046903	supercritical
560.00	81.000	54.549	0.018332	368.22	516.71	5.8550	0.73532	1.0180	458.44	0.038295	3.4246e-05	0.046966	supercritical
561.00	81.000	54.450	0.018366	368.97	517.73	5.8568	0.73562	1.0182	458.82	0.037976	3.4286e-05	0.047028	supercritical
562.00	81.000	54.351	0.018399	369.71	518.75	5.8586	0.73591	1.0184	459.19	0.037658	3.4326e-05	0.047090	supercritical
563.00	81.000	54.252	0.018432	370.46	519.76	5.8604	0.73620	1.0186	459.57	0.037341	3.4367e-05	0.047152	supercritical
564.00	81.000	54.154	0.018466	371.21	520.78	5.8622	0.73650	1.0188	459.94	0.037026	3.4407e-05	0.047215	supercritical
565.00	81.000	54.056	0.018499	371.96	521.80	5.8640	0.73679	1.0190	460.32	0.036712	3.4447e-05	0.047277	supercritical
566.00	81.000	53.959	0.018533	372.71	522.82	5.8658	0.73709	1.0192	460.69	0.036399	3.4488e-05	0.047339	supercritical
567.00	81.000	53.862	0.018566	373.46	523.84	5.8676	0.73738	1.0194	461.07	0.036088	3.4528e-05	0.047401	supercritical
568.00	81.000	53.765	0.018599	374.21	524.86	5.8694	0.73767	1.0196	461.44	0.035779	3.4568e-05	0.047463	supercritical
569.00	81.000	53.669	0.018633	374.95	525.88	5.8712	0.73796	1.0198	461.81	0.035470	3.4608e-05	0.047525	supercritical
570.00	81.000	53.573	0.018666	375.70	526.90	5.8730	0.73826	1.0200	462.19	0.035163	3.4648e-05	0.047587	supercritical
571.00	81.000	53.477	0.018700	376.45	527.92	5.8748	0.73855	1.0202	462.56	0.034858	3.4689e-05	0.047649	supercritical
572.00	81.000	53.382	0.018733	377.20	528.94	5.8766	0.73884	1.0204	462.93	0.034554	3.4729e-05	0.047711	supercritical
573.00	81.000	53.287	0.018766	377.95	529.96	5.8784	0.73913	1.0206	463.30	0.034251	3.4769e-05	0.047773	supercritical
574.00	81.000	53.193	0.018800	378.70	530.98	5.8801	0.73943	1.0208	463.67	0.033949	3.4809e-05	0.047835	supercritical
575.00	81.000	53.098	0.018833	379.46	532.00	5.8819	0.73972	1.0210	464.04	0.033649	3.4849e-05	0.047897	supercritical
576.00	81.000	53.004	0.018866	380.21	533.02	5.8837	0.74001	1.0212	464.41	0.033350	3.4889e-05	0.047959	supercritical
577.00	81.000	52.911	0.018900	380.96	534.05	5.8855	0.74030	1.0214	464.78	0.033052	3.4929e-05	0.048021	supercritical
578.00	81.000	52.818	0.018933	381.71	535.07	5.8872	0.74059	1.0216	465.15	0.032756	3.4969e-05	0.048083	supercritical
579.00	81.000	52.725	0.018966	382.46	536.09	5.8890	0.74088	1.0218	465.52	0.032461	3.5008e-05	0.048145	supercritical
580.00	81.000	52.633	0.019000	383.21	537.11	5.8908	0.74117	1.0220	465.89	0.032167	3.5048e-05	0.048207	supercritical
581.00	81.000	52.540	0.019033	383.97	538.13	5.8925	0.74146	1.0222	466.26	0.031875	3.5088e-05	0.048268	supercritical
582.00	81.000	52.449	0.019066	384.72	539.15	5.8943	0.74175	1.0224	466.63	0.031584	3.5128e-05	0.048330	supercritical
583.00	81.000	52.357	0.019100	385.47	540.18	5.8960	0.74204	1.0226	466.99	0.031294	3.5168e-05	0.048392	supercritical
584.00	81.000	52.266	0.019133	386.22	541.20	5.8978	0.74233	1.0228	467.36	0.031005	3.5207e-05	0.048454	supercritical
585.00	81.000	52.175	0.019166	386.98	542.22	5.8995	0.74262	1.0231	467.73	0.030718	3.5247e-05	0.048515	supercritical
586.00	81.000	52.085	0.019200	387.73	543.25	5.9013	0.74291	1.0233	468.09	0.030432	3.5287e-05	0.048577	supercritical
587.00	81.000	51.994	0.019233	388.48	544.27	5.9030	0.74320	1.0235	468.46	0.030147	3.5327e-05	0.048639	supercritical
588.00	81.000	51.905	0.019266	389.24	545.29	5.9048	0.74349	1.0237	468.82	0.029863	3.5366e-05	0.048701	supercritical
589.00	81.000	51.815	0.019299	389.99	546.32	5.9065	0.74378	1.0239	469.19	0.029581	3.5406e-05	0.048762	supercritical
590.00	81.000	51.726	0.019333	390.75	547.34	5.9082	0.74406	1.0241	469.55	0.029300	3.5445e-05	0.048824	supercritical
591.00	81.000	51.637	0.019366	391.50	548.37	5.9100	0.74435	1.0243	469.92	0.029020	3.5485e-05	0.048885	supercritical
592.00	81.000	51.548	0.019399	392.26	549.39	5.9117	0.74464	1.0245	470.28	0.028741	3.5524e-05	0.048947	supercritical
593.00	81.000	51.460	0.019432	393.01	550.41	5.9134	0.74493	1.0247	470.65	0.028464	3.5564e-05	0.049009	supercritical
594.00	81.000	51.372	0.019466	393.77	551.44	5.9152	0.74521	1.0249	471.01	0.028187	3.5603e-05	0.049070	supercritical
595.00	81.000	51.285	0.019499	394.52	552.46	5.9169	0.74550	1.0251	471.37	0.027912	3.5643e-05	0.049132	supercritical
596.00	81.000	51.197	0.019532	395.28	553.49	5.9186	0.74579	1.0253	471.73	0.027638	3.5682e-05	0.049193	supercritical
597.00	81.000	51.110	0.019565	396.03	554.51	5.9203	0.74607	1.0255	472.10	0.027365	3.5722e-05	0.049255	supercritical
598.00	81.000	51.024	0.019599	396.79	555.54	5.9221	0.74636	1.0257	472.46	0.027093	3.5761e-05	0.049316	supercritical
599.00	81.000	50.937	0.019632	397.55	556.57	5.9238	0.74664	1.0259	472.82	0.026823	3.5800e-05	0.049378	supercritical
600.00	81.000	50.851	0.019665	398.30	557.59	5.9255	0.74693	1.0261	473.18	0.026553	3.5840e-05	0.049439	supercritical
