Temperature (K)	Pressure (bar)	Density (kg/m3)	Volume (m3/kg)	Internal Energy (kJ/kg)	Enthalpy (kJ/kg)	Entropy (J/g*K)	Cv (J/g*K)	Cp (J/g*K)	Sound Spd. (m/s)	Joule-Thomson (K/bar)	Viscosity (Pa*s)	Therm. Cond. (W/m*K)	Phase
60.000	66.000	1289.8	0.00077531	-185.21	-180.10	2.2398	1.0911	1.6594	1145.5	-0.037432	0.00060909	0.19661	liquid
61.000	66.000	1285.5	0.00077789	-183.57	-178.43	2.2673	1.0822	1.6612	1141.6	-0.037276	0.00058036	0.19526	liquid
62.000	66.000	1281.2	0.00078051	-181.92	-176.77	2.2943	1.0743	1.6627	1137.0	-0.037134	0.00055354	0.19390	liquid
63.000	66.000	1276.9	0.00078315	-180.28	-175.11	2.3209	1.0672	1.6638	1131.8	-0.037003	0.00052849	0.19254	liquid
64.000	66.000	1272.5	0.00078582	-178.63	-173.45	2.3471	1.0606	1.6646	1126.1	-0.036881	0.00050509	0.19119	liquid
65.000	66.000	1268.2	0.00078852	-176.98	-171.78	2.3729	1.0545	1.6652	1120.0	-0.036768	0.00048321	0.18983	liquid
66.000	66.000	1263.8	0.00079125	-175.34	-170.12	2.3983	1.0487	1.6655	1113.6	-0.036660	0.00046273	0.18848	liquid
67.000	66.000	1259.4	0.00079400	-173.69	-168.45	2.4234	1.0432	1.6656	1107.0	-0.036557	0.00044356	0.18712	liquid
68.000	66.000	1255.1	0.00079677	-172.04	-166.78	2.4481	1.0379	1.6656	1100.1	-0.036456	0.00042559	0.18577	liquid
69.000	66.000	1250.7	0.00079957	-170.40	-165.12	2.4724	1.0327	1.6654	1093.1	-0.036356	0.00040873	0.18441	liquid
70.000	66.000	1246.3	0.00080240	-168.75	-163.45	2.4963	1.0277	1.6652	1086.0	-0.036256	0.00039291	0.18306	liquid
71.000	66.000	1241.9	0.00080525	-167.10	-161.79	2.5200	1.0229	1.6649	1078.8	-0.036155	0.00037803	0.18170	liquid
72.000	66.000	1237.4	0.00080813	-165.46	-160.12	2.5432	1.0181	1.6645	1071.4	-0.036051	0.00036404	0.18035	liquid
73.000	66.000	1233.0	0.00081103	-163.81	-158.46	2.5662	1.0134	1.6641	1064.1	-0.035944	0.00035086	0.17899	liquid
74.000	66.000	1228.6	0.00081396	-162.17	-156.80	2.5888	1.0088	1.6637	1056.6	-0.035832	0.00033844	0.17764	liquid
75.000	66.000	1224.1	0.00081692	-160.52	-155.13	2.6112	1.0042	1.6634	1049.2	-0.035716	0.00032672	0.17629	liquid
76.000	66.000	1219.7	0.00081990	-158.88	-153.47	2.6332	0.99974	1.6631	1041.7	-0.035593	0.00031566	0.17493	liquid
77.000	66.000	1215.2	0.00082291	-157.24	-151.81	2.6549	0.99531	1.6629	1034.1	-0.035464	0.00030519	0.17358	liquid
78.000	66.000	1210.7	0.00082596	-155.59	-150.14	2.6764	0.99093	1.6627	1026.6	-0.035328	0.00029529	0.17222	liquid
79.000	66.000	1206.2	0.00082903	-153.95	-148.48	2.6976	0.98661	1.6626	1019.1	-0.035184	0.00028591	0.17086	liquid
80.000	66.000	1201.7	0.00083214	-152.31	-146.82	2.7185	0.98233	1.6626	1011.5	-0.035032	0.00027701	0.16951	liquid
81.000	66.000	1197.2	0.00083527	-150.67	-145.15	2.7391	0.97811	1.6627	1004.0	-0.034872	0.00026857	0.16815	liquid
82.000	66.000	1192.7	0.00083844	-149.03	-143.49	2.7595	0.97394	1.6630	996.40	-0.034702	0.00026055	0.16679	liquid
83.000	66.000	1188.1	0.00084165	-147.38	-141.83	2.7797	0.96982	1.6633	988.83	-0.034522	0.00025291	0.16543	liquid
84.000	66.000	1183.6	0.00084489	-145.74	-140.17	2.7996	0.96575	1.6638	981.26	-0.034333	0.00024565	0.16407	liquid
85.000	66.000	1179.0	0.00084817	-144.10	-138.50	2.8193	0.96172	1.6644	973.69	-0.034133	0.00023872	0.16270	liquid
86.000	66.000	1174.4	0.00085148	-142.46	-136.84	2.8388	0.95775	1.6651	966.11	-0.033922	0.00023211	0.16134	liquid
87.000	66.000	1169.8	0.00085483	-140.81	-135.17	2.8580	0.95383	1.6660	958.53	-0.033701	0.00022580	0.15998	liquid
88.000	66.000	1165.2	0.00085822	-139.17	-133.50	2.8771	0.94996	1.6670	950.94	-0.033467	0.00021977	0.15861	liquid
89.000	66.000	1160.6	0.00086166	-137.52	-131.84	2.8959	0.94614	1.6682	943.35	-0.033222	0.00021399	0.15724	liquid
90.000	66.000	1155.9	0.00086513	-135.88	-130.17	2.9146	0.94236	1.6695	935.76	-0.032964	0.00020846	0.15587	liquid
91.000	66.000	1151.2	0.00086865	-134.23	-128.50	2.9330	0.93864	1.6710	928.16	-0.032693	0.00020316	0.15450	liquid
92.000	66.000	1146.5	0.00087222	-132.58	-126.83	2.9513	0.93496	1.6726	920.54	-0.032410	0.00019808	0.15313	liquid
93.000	66.000	1141.8	0.00087583	-130.93	-125.15	2.9694	0.93134	1.6744	912.92	-0.032112	0.00019319	0.15176	liquid
94.000	66.000	1137.0	0.00087949	-129.28	-123.48	2.9873	0.92776	1.6763	905.29	-0.031801	0.00018849	0.15038	liquid
95.000	66.000	1132.2	0.00088320	-127.63	-121.80	3.0051	0.92423	1.6785	897.65	-0.031475	0.00018397	0.14901	liquid
96.000	66.000	1127.4	0.00088696	-125.97	-120.12	3.0227	0.92075	1.6807	890.00	-0.031133	0.00017962	0.14763	liquid
97.000	66.000	1122.6	0.00089078	-124.32	-118.44	3.0401	0.91732	1.6832	882.33	-0.030776	0.00017542	0.14625	liquid
98.000	66.000	1117.8	0.00089465	-122.66	-116.75	3.0574	0.91394	1.6859	874.64	-0.030403	0.00017137	0.14487	liquid
99.000	66.000	1112.9	0.00089858	-121.00	-115.07	3.0745	0.91060	1.6887	866.94	-0.030013	0.00016746	0.14348	liquid
100.00	66.000	1108.0	0.00090256	-119.33	-113.38	3.0915	0.90731	1.6917	859.22	-0.029606	0.00016368	0.14210	liquid
101.00	66.000	1103.0	0.00090661	-117.67	-111.68	3.1083	0.90407	1.6949	851.48	-0.029181	0.00016003	0.14071	liquid
102.00	66.000	1098.0	0.00091072	-116.00	-109.99	3.1250	0.90087	1.6983	843.72	-0.028736	0.00015649	0.13933	liquid
103.00	66.000	1093.0	0.00091490	-114.32	-108.29	3.1416	0.89772	1.7019	835.93	-0.028273	0.00015306	0.13794	liquid
104.00	66.000	1088.0	0.00091915	-112.65	-106.58	3.1581	0.89462	1.7058	828.12	-0.027789	0.00014973	0.13655	liquid
105.00	66.000	1082.9	0.00092346	-110.97	-104.87	3.1744	0.89156	1.7098	820.29	-0.027283	0.00014651	0.13516	liquid
106.00	66.000	1077.8	0.00092785	-109.29	-103.16	3.1907	0.88855	1.7141	812.43	-0.026756	0.00014337	0.13376	liquid
107.00	66.000	1072.6	0.00093232	-107.60	-101.45	3.2068	0.88559	1.7186	804.54	-0.026206	0.00014033	0.13237	liquid
108.00	66.000	1067.4	0.00093686	-105.91	-99.725	3.2228	0.88267	1.7233	796.61	-0.025631	0.00013736	0.13098	liquid
109.00	66.000	1062.1	0.00094149	-104.21	-97.999	3.2387	0.87980	1.7283	788.66	-0.025031	0.00013448	0.12959	liquid
110.00	66.000	1056.9	0.00094620	-102.51	-96.269	3.2545	0.87697	1.7336	780.67	-0.024405	0.00013168	0.12820	liquid
111.00	66.000	1051.5	0.00095100	-100.81	-94.532	3.2702	0.87419	1.7392	772.65	-0.023751	0.00012894	0.12681	liquid
112.00	66.000	1046.1	0.00095589	-99.099	-92.790	3.2858	0.87146	1.7450	764.59	-0.023068	0.00012627	0.12542	liquid
113.00	66.000	1040.7	0.00096088	-97.384	-91.042	3.3014	0.86878	1.7511	756.48	-0.022355	0.00012367	0.12402	liquid
114.00	66.000	1035.2	0.00096597	-95.663	-89.288	3.3168	0.86614	1.7576	748.34	-0.021609	0.00012113	0.12263	liquid
115.00	66.000	1029.7	0.00097117	-93.937	-87.527	3.3322	0.86355	1.7644	740.15	-0.020830	0.00011864	0.12123	liquid
116.00	66.000	1024.1	0.00097647	-92.204	-85.759	3.3475	0.86101	1.7715	731.92	-0.020015	0.00011622	0.11983	liquid
117.00	66.000	1018.4	0.00098189	-90.464	-83.984	3.3628	0.85852	1.7790	723.64	-0.019162	0.00011384	0.11843	liquid
118.00	66.000	1012.7	0.00098743	-88.718	-82.201	3.3779	0.85608	1.7869	715.30	-0.018270	0.00011152	0.11704	liquid
119.00	66.000	1007.0	0.00099310	-86.964	-80.410	3.3930	0.85369	1.7952	706.92	-0.017335	0.00010924	0.11564	liquid
120.00	66.000	1001.1	0.00099889	-85.203	-78.610	3.4081	0.85136	1.8040	698.47	-0.016356	0.00010701	0.11424	liquid
121.00	66.000	995.19	0.0010048	-83.434	-76.802	3.4231	0.84907	1.8132	689.97	-0.015329	0.00010483	0.11284	liquid
122.00	66.000	989.21	0.0010109	-81.656	-74.984	3.4381	0.84685	1.8229	681.41	-0.014252	0.00010268	0.11144	liquid
123.00	66.000	983.14	0.0010171	-79.869	-73.156	3.4530	0.84468	1.8332	672.78	-0.013121	0.00010058	0.11004	liquid
124.00	66.000	977.00	0.0010235	-78.073	-71.317	3.4679	0.84256	1.8440	664.09	-0.011933	9.8511e-05	0.10863	liquid
125.00	66.000	970.77	0.0010301	-76.266	-69.467	3.4827	0.84051	1.8555	655.32	-0.010684	9.6481e-05	0.10723	liquid
126.00	66.000	964.45	0.0010369	-74.449	-67.606	3.4976	0.83852	1.8676	646.48	-0.0093697	9.4486e-05	0.10583	liquid
127.00	66.000	958.04	0.0010438	-72.621	-65.732	3.5124	0.83659	1.8804	637.56	-0.0079854	9.2524e-05	0.10443	liquid
128.00	66.000	951.54	0.0010509	-70.781	-63.845	3.5272	0.83473	1.8940	628.56	-0.0065259	9.0594e-05	0.10302	liquid
129.00	66.000	944.92	0.0010583	-68.929	-61.944	3.5420	0.83295	1.9084	619.47	-0.0049855	8.8694e-05	0.10162	liquid
130.00	66.000	938.20	0.0010659	-67.063	-60.028	3.5568	0.83123	1.9237	610.28	-0.0033579	8.6822e-05	0.10021	liquid
131.00	66.000	931.36	0.0010737	-65.183	-58.096	3.5716	0.82959	1.9400	601.00	-0.0016360	8.4978e-05	0.098810	liquid
132.00	66.000	924.40	0.0010818	-63.287	-56.148	3.5864	0.82804	1.9574	591.62	0.00018784	8.3160e-05	0.097405	liquid
133.00	66.000	917.31	0.0010901	-61.376	-54.181	3.6012	0.82657	1.9760	582.13	0.0021225	8.1366e-05	0.095999	liquid
134.00	66.000	910.07	0.0010988	-59.447	-52.195	3.6161	0.82519	1.9958	572.52	0.0041778	7.9596e-05	0.094592	liquid
135.00	66.000	902.69	0.0011078	-57.500	-50.189	3.6310	0.82391	2.0172	562.79	0.0063647	7.7847e-05	0.093185	liquid
136.00	66.000	895.15	0.0011171	-55.533	-48.160	3.6460	0.82273	2.0401	552.92	0.0086958	7.6119e-05	0.091776	liquid
137.00	66.000	887.43	0.0011268	-53.545	-46.108	3.6610	0.82167	2.0648	542.92	0.011185	7.4410e-05	0.090366	liquid
138.00	66.000	879.53	0.0011370	-51.534	-44.030	3.6761	0.82073	2.0915	532.77	0.013849	7.2719e-05	0.088954	liquid
139.00	66.000	871.43	0.0011475	-49.498	-41.924	3.6914	0.81991	2.1204	522.46	0.016706	7.1044e-05	0.087541	liquid
140.00	66.000	863.12	0.0011586	-47.435	-39.788	3.7067	0.81925	2.1519	511.99	0.019776	6.9383e-05	0.086125	liquid
141.00	66.000	854.56	0.0011702	-45.343	-37.620	3.7221	0.81873	2.1863	501.33	0.023086	6.7735e-05	0.084706	liquid
142.00	66.000	845.76	0.0011824	-43.218	-35.415	3.7377	0.81840	2.2239	490.47	0.026663	6.6098e-05	0.083284	liquid
143.00	66.000	836.67	0.0011952	-41.059	-33.171	3.7534	0.81825	2.2654	479.41	0.030540	6.4471e-05	0.081858	liquid
144.00	66.000	827.27	0.0012088	-38.861	-30.883	3.7694	0.81832	2.3112	468.11	0.034758	6.2850e-05	0.080427	liquid
145.00	66.000	817.53	0.0012232	-36.619	-28.546	3.7855	0.81863	2.3622	456.58	0.039362	6.1234e-05	0.078990	liquid
146.00	66.000	807.41	0.0012385	-34.331	-26.156	3.8020	0.81921	2.4193	444.77	0.044408	5.9620e-05	0.077546	liquid
147.00	66.000	796.86	0.0012549	-31.988	-23.706	3.8187	0.82011	2.4835	432.68	0.049963	5.8005e-05	0.076094	liquid
148.00	66.000	785.83	0.0012725	-29.585	-21.186	3.8358	0.82137	2.5565	420.28	0.056109	5.6385e-05	0.074632	liquid
149.00	66.000	774.25	0.0012916	-27.113	-18.589	3.8533	0.82305	2.6401	407.54	0.062947	5.4756e-05	0.073157	liquid
150.00	66.000	762.03	0.0013123	-24.563	-15.902	3.8712	0.82523	2.7369	394.43	0.070601	5.3113e-05	0.071669	liquid
151.00	66.000	749.09	0.0013350	-21.920	-13.110	3.8898	0.82799	2.8502	380.91	0.079229	5.1449e-05	0.070163	liquid
152.00	66.000	735.28	0.0013600	-19.170	-10.194	3.9090	0.83147	2.9847	366.94	0.089036	4.9757e-05	0.068637	liquid
153.00	66.000	720.45	0.0013880	-16.292	-7.1309	3.9291	0.83583	3.1472	352.47	0.10029	4.8028e-05	0.067088	liquid
154.00	66.000	704.36	0.0014197	-13.258	-3.8874	3.9503	0.84128	3.3472	337.43	0.11334	4.6248e-05	0.065510	liquid
155.00	66.000	686.74	0.0014562	-10.030	-0.41924	3.9727	0.84814	3.5994	321.76	0.12869	4.4400e-05	0.063899	supercritical
156.00	66.000	667.15	0.0014989	-6.5565	3.3363	3.9968	0.85687	3.9268	305.35	0.14702	4.2461e-05	0.062252	supercritical
157.00	66.000	645.00	0.0015504	-2.7610	7.4716	4.0233	0.86815	4.3666	288.08	0.16935	4.0398e-05	0.060563	supercritical
158.00	66.000	619.38	0.0016145	1.4714	12.127	4.0528	0.88304	4.9807	269.85	0.19714	3.8162e-05	0.058827	supercritical
159.00	66.000	588.93	0.0016980	6.3172	17.524	4.0869	0.90298	5.8695	250.68	0.23253	3.5686e-05	0.057020	supercritical
160.00	66.000	551.70	0.0018126	12.038	24.001	4.1275	0.92909	7.1582	231.19	0.27819	3.2886e-05	0.055051	supercritical
161.00	66.000	505.96	0.0019764	18.912	31.956	4.1770	0.95801	8.7602	213.62	0.33538	2.9734e-05	0.052637	supercritical
162.00	66.000	454.20	0.0022017	26.759	41.290	4.2348	0.97405	9.6452	202.11	0.39840	2.6504e-05	0.049296	supercritical
163.00	66.000	406.35	0.0024609	34.373	50.615	4.2922	0.96349	8.7545	198.12	0.45386	2.3824e-05	0.045174	supercritical
164.00	66.000	369.25	0.0027082	40.711	58.585	4.3410	0.93831	7.1897	198.35	0.49461	2.1961e-05	0.041362	supercritical
165.00	66.000	341.66	0.0029269	45.780	65.098	4.3806	0.91248	5.9032	199.99	0.52263	2.0712e-05	0.038375	supercritical
166.00	66.000	320.57	0.0031195	49.926	70.515	4.4133	0.89026	4.9842	202.03	0.54168	1.9846e-05	0.036108	supercritical
167.00	66.000	303.81	0.0032915	53.430	75.154	4.4412	0.87182	4.3286	204.14	0.55459	1.9218e-05	0.034361	supercritical
168.00	66.000	290.05	0.0034477	56.475	79.230	4.4655	0.85648	3.8468	206.22	0.56321	1.8746e-05	0.032982	supercritical
169.00	66.000	278.44	0.0035915	59.182	82.886	4.4872	0.84353	3.4810	208.25	0.56875	1.8381e-05	0.031867	supercritical
170.00	66.000	268.44	0.0037252	61.632	86.218	4.5069	0.83243	3.1950	210.22	0.57204	1.8094e-05	0.030948	supercritical
171.00	66.000	259.69	0.0038508	63.879	89.294	4.5249	0.82275	2.9656	212.13	0.57364	1.7863e-05	0.030178	supercritical
172.00	66.000	251.91	0.0039696	65.964	92.163	4.5416	0.81420	2.7776	213.98	0.57395	1.7676e-05	0.029524	supercritical
173.00	66.000	244.94	0.0040827	67.914	94.860	4.5573	0.80655	2.6209	215.79	0.57327	1.7523e-05	0.028963	supercritical
174.00	66.000	238.62	0.0041907	69.754	97.413	4.5720	0.79964	2.4882	217.55	0.57182	1.7398e-05	0.028478	supercritical
175.00	66.000	232.85	0.0042946	71.499	99.843	4.5859	0.79335	2.3743	219.26	0.56977	1.7295e-05	0.028054	supercritical
176.00	66.000	227.55	0.0043946	73.162	102.17	4.5991	0.78756	2.2756	220.94	0.56723	1.7210e-05	0.027682	supercritical
177.00	66.000	222.65	0.0044913	74.755	104.40	4.6118	0.78222	2.1890	222.58	0.56431	1.7141e-05	0.027353	supercritical
178.00	66.000	218.10	0.0045850	76.287	106.55	4.6239	0.77726	2.1125	224.18	0.56109	1.7085e-05	0.027062	supercritical
179.00	66.000	213.85	0.0046761	77.763	108.63	4.6355	0.77264	2.0444	225.75	0.55763	1.7040e-05	0.026804	supercritical
180.00	66.000	209.88	0.0047647	79.192	110.64	4.6468	0.76831	1.9834	227.29	0.55397	1.7005e-05	0.026573	supercritical
181.00	66.000	206.14	0.0048512	80.577	112.59	4.6576	0.76425	1.9284	228.79	0.55017	1.6977e-05	0.026367	supercritical
182.00	66.000	202.61	0.0049356	81.922	114.50	4.6681	0.76042	1.8785	230.28	0.54624	1.6958e-05	0.026183	supercritical
183.00	66.000	199.27	0.0050182	83.233	116.35	4.6782	0.75681	1.8331	231.73	0.54222	1.6944e-05	0.026018	supercritical
184.00	66.000	196.11	0.0050992	84.511	118.17	4.6881	0.75339	1.7916	233.16	0.53813	1.6936e-05	0.025870	supercritical
185.00	66.000	193.11	0.0051785	85.759	119.94	4.6977	0.75015	1.7534	234.56	0.53399	1.6934e-05	0.025737	supercritical
186.00	66.000	190.24	0.0052564	86.981	121.67	4.7071	0.74708	1.7183	235.94	0.52981	1.6935e-05	0.025618	supercritical
187.00	66.000	187.51	0.0053329	88.177	123.37	4.7162	0.74416	1.6858	237.30	0.52560	1.6941e-05	0.025512	supercritical
188.00	66.000	184.90	0.0054082	89.351	125.05	4.7251	0.74139	1.6556	238.64	0.52138	1.6951e-05	0.025416	supercritical
189.00	66.000	182.40	0.0054823	90.503	126.69	4.7338	0.73874	1.6276	239.96	0.51716	1.6963e-05	0.025331	supercritical
190.00	66.000	180.01	0.0055553	91.636	128.30	4.7423	0.73622	1.6014	241.26	0.51294	1.6979e-05	0.025256	supercritical
191.00	66.000	177.71	0.0056273	92.750	129.89	4.7507	0.73381	1.5770	242.54	0.50873	1.6997e-05	0.025189	supercritical
192.00	66.000	175.49	0.0056983	93.847	131.46	4.7589	0.73151	1.5541	243.80	0.50453	1.7018e-05	0.025129	supercritical
193.00	66.000	173.36	0.0057683	94.928	133.00	4.7669	0.72931	1.5327	245.04	0.50036	1.7041e-05	0.025077	supercritical
194.00	66.000	171.30	0.0058375	95.994	134.52	4.7747	0.72721	1.5125	246.27	0.49620	1.7065e-05	0.025032	supercritical
195.00	66.000	169.32	0.0059059	97.045	136.02	4.7825	0.72519	1.4934	247.48	0.49207	1.7092e-05	0.024993	supercritical
196.00	66.000	167.41	0.0059735	98.083	137.51	4.7901	0.72326	1.4755	248.68	0.48797	1.7121e-05	0.024959	supercritical
197.00	66.000	165.55	0.0060403	99.109	138.98	4.7975	0.72141	1.4585	249.86	0.48390	1.7151e-05	0.024931	supercritical
198.00	66.000	163.76	0.0061065	100.12	140.43	4.8049	0.71964	1.4424	251.03	0.47987	1.7182e-05	0.024907	supercritical
199.00	66.000	162.02	0.0061720	101.13	141.86	4.8121	0.71794	1.4272	252.18	0.47587	1.7215e-05	0.024888	supercritical
200.00	66.000	160.34	0.0062368	102.12	143.28	4.8192	0.71630	1.4127	253.33	0.47190	1.7249e-05	0.024874	supercritical
201.00	66.000	158.70	0.0063010	103.10	144.69	4.8262	0.71473	1.3990	254.45	0.46797	1.7285e-05	0.024863	supercritical
202.00	66.000	157.12	0.0063646	104.07	146.08	4.8331	0.71323	1.3859	255.57	0.46408	1.7321e-05	0.024856	supercritical
203.00	66.000	155.58	0.0064277	105.04	147.46	4.8400	0.71178	1.3734	256.67	0.46023	1.7359e-05	0.024853	supercritical
204.00	66.000	154.08	0.0064902	105.99	148.83	4.8467	0.71038	1.3615	257.76	0.45642	1.7397e-05	0.024853	supercritical
205.00	66.000	152.62	0.0065523	106.94	150.18	4.8533	0.70904	1.3502	258.84	0.45264	1.7436e-05	0.024855	supercritical
206.00	66.000	151.20	0.0066138	107.87	151.53	4.8598	0.70775	1.3393	259.91	0.44890	1.7476e-05	0.024861	supercritical
207.00	66.000	149.82	0.0066749	108.81	152.86	4.8663	0.70650	1.3289	260.97	0.44521	1.7517e-05	0.024870	supercritical
208.00	66.000	148.47	0.0067355	109.73	154.18	4.8727	0.70530	1.3190	262.02	0.44155	1.7558e-05	0.024881	supercritical
209.00	66.000	147.15	0.0067956	110.65	155.50	4.8790	0.70415	1.3095	263.06	0.43793	1.7600e-05	0.024894	supercritical
210.00	66.000	145.87	0.0068554	111.56	156.80	4.8852	0.70304	1.3003	264.08	0.43436	1.7643e-05	0.024910	supercritical
211.00	66.000	144.62	0.0069147	112.46	158.10	4.8914	0.70196	1.2916	265.10	0.43082	1.7686e-05	0.024928	supercritical
212.00	66.000	143.40	0.0069737	113.36	159.39	4.8975	0.70093	1.2831	266.11	0.42732	1.7730e-05	0.024947	supercritical
213.00	66.000	142.20	0.0070322	114.25	160.67	4.9035	0.69993	1.2750	267.11	0.42385	1.7774e-05	0.024969	supercritical
214.00	66.000	141.04	0.0070904	115.14	161.94	4.9094	0.69897	1.2672	268.10	0.42043	1.7819e-05	0.024993	supercritical
215.00	66.000	139.89	0.0071483	116.02	163.20	4.9153	0.69804	1.2597	269.09	0.41705	1.7864e-05	0.025018	supercritical
216.00	66.000	138.78	0.0072058	116.90	164.46	4.9212	0.69714	1.2525	270.06	0.41370	1.7910e-05	0.025045	supercritical
217.00	66.000	137.68	0.0072630	117.77	165.71	4.9269	0.69627	1.2456	271.03	0.41039	1.7956e-05	0.025074	supercritical
218.00	66.000	136.61	0.0073199	118.64	166.95	4.9326	0.69543	1.2389	271.98	0.40712	1.8003e-05	0.025104	supercritical
219.00	66.000	135.57	0.0073764	119.50	168.18	4.9383	0.69462	1.2324	272.93	0.40388	1.8049e-05	0.025135	supercritical
220.00	66.000	134.54	0.0074327	120.36	169.41	4.9439	0.69384	1.2261	273.88	0.40068	1.8097e-05	0.025168	supercritical
221.00	66.000	133.54	0.0074887	121.21	170.64	4.9494	0.69309	1.2201	274.81	0.39751	1.8144e-05	0.025202	supercritical
222.00	66.000	132.55	0.0075443	122.06	171.85	4.9549	0.69235	1.2142	275.74	0.39438	1.8192e-05	0.025238	supercritical
223.00	66.000	131.58	0.0075998	122.91	173.06	4.9604	0.69165	1.2086	276.66	0.39129	1.8240e-05	0.025274	supercritical
224.00	66.000	130.63	0.0076549	123.75	174.27	4.9658	0.69097	1.2031	277.58	0.38823	1.8288e-05	0.025312	supercritical
225.00	66.000	129.70	0.0077098	124.59	175.47	4.9711	0.69031	1.1978	278.48	0.38520	1.8337e-05	0.025350	supercritical
226.00	66.000	128.79	0.0077645	125.42	176.67	4.9764	0.68967	1.1927	279.39	0.38221	1.8385e-05	0.025390	supercritical
227.00	66.000	127.90	0.0078189	126.25	177.86	4.9817	0.68905	1.1878	280.28	0.37925	1.8434e-05	0.025431	supercritical
228.00	66.000	127.02	0.0078731	127.08	179.04	4.9869	0.68845	1.1830	281.17	0.37632	1.8483e-05	0.025472	supercritical
229.00	66.000	126.15	0.0079270	127.90	180.22	4.9920	0.68787	1.1783	282.05	0.37343	1.8533e-05	0.025515	supercritical
230.00	66.000	125.30	0.0079807	128.72	181.40	4.9972	0.68731	1.1738	282.93	0.37056	1.8582e-05	0.025558	supercritical
231.00	66.000	124.47	0.0080342	129.54	182.57	5.0023	0.68677	1.1694	283.80	0.36773	1.8632e-05	0.025603	supercritical
232.00	66.000	123.65	0.0080875	130.36	183.74	5.0073	0.68625	1.1651	284.66	0.36493	1.8682e-05	0.025647	supercritical
233.00	66.000	122.84	0.0081406	131.17	184.90	5.0123	0.68574	1.1610	285.52	0.36216	1.8732e-05	0.025693	supercritical
234.00	66.000	122.05	0.0081935	131.98	186.06	5.0173	0.68525	1.1570	286.37	0.35942	1.8782e-05	0.025740	supercritical
235.00	66.000	121.27	0.0082462	132.79	187.21	5.0222	0.68478	1.1531	287.22	0.35671	1.8832e-05	0.025787	supercritical
236.00	66.000	120.50	0.0082987	133.59	188.36	5.0271	0.68432	1.1493	288.06	0.35402	1.8882e-05	0.025835	supercritical
237.00	66.000	119.75	0.0083510	134.40	189.51	5.0319	0.68387	1.1456	288.90	0.35137	1.8933e-05	0.025883	supercritical
238.00	66.000	119.00	0.0084031	135.20	190.66	5.0367	0.68344	1.1420	289.73	0.34874	1.8984e-05	0.025932	supercritical
239.00	66.000	118.27	0.0084551	135.99	191.80	5.0415	0.68303	1.1385	290.56	0.34614	1.9034e-05	0.025982	supercritical
240.00	66.000	117.55	0.0085068	136.79	192.93	5.0463	0.68263	1.1351	291.38	0.34357	1.9085e-05	0.026032	supercritical
241.00	66.000	116.84	0.0085585	137.58	194.07	5.0510	0.68224	1.1318	292.20	0.34102	1.9136e-05	0.026083	supercritical
242.00	66.000	116.15	0.0086099	138.37	195.20	5.0557	0.68186	1.1286	293.01	0.33851	1.9187e-05	0.026134	supercritical
243.00	66.000	115.46	0.0086612	139.16	196.32	5.0603	0.68150	1.1255	293.82	0.33601	1.9238e-05	0.026186	supercritical
244.00	66.000	114.78	0.0087123	139.95	197.45	5.0649	0.68114	1.1224	294.62	0.33355	1.9289e-05	0.026239	supercritical
245.00	66.000	114.11	0.0087633	140.73	198.57	5.0695	0.68080	1.1194	295.42	0.33111	1.9340e-05	0.026291	supercritical
246.00	66.000	113.45	0.0088141	141.51	199.69	5.0741	0.68047	1.1165	296.21	0.32869	1.9392e-05	0.026345	supercritical
247.00	66.000	112.81	0.0088648	142.29	200.80	5.0786	0.68015	1.1137	297.00	0.32630	1.9443e-05	0.026398	supercritical
248.00	66.000	112.17	0.0089153	143.07	201.91	5.0831	0.67985	1.1110	297.79	0.32393	1.9494e-05	0.026453	supercritical
249.00	66.000	111.54	0.0089657	143.85	203.02	5.0876	0.67955	1.1083	298.57	0.32159	1.9546e-05	0.026507	supercritical
250.00	66.000	110.91	0.0090160	144.63	204.13	5.0920	0.67926	1.1056	299.34	0.31927	1.9597e-05	0.026562	supercritical
251.00	66.000	110.30	0.0090661	145.40	205.23	5.0964	0.67898	1.1031	300.12	0.31697	1.9649e-05	0.026617	supercritical
252.00	66.000	109.70	0.0091161	146.17	206.34	5.1008	0.67872	1.1006	300.89	0.31469	1.9700e-05	0.026673	supercritical
253.00	66.000	109.10	0.0091659	146.94	207.44	5.1051	0.67846	1.0982	301.65	0.31244	1.9752e-05	0.026729	supercritical
254.00	66.000	108.51	0.0092156	147.71	208.53	5.1095	0.67821	1.0958	302.41	0.31021	1.9803e-05	0.026786	supercritical
255.00	66.000	107.93	0.0092652	148.48	209.63	5.1138	0.67797	1.0934	303.17	0.30800	1.9855e-05	0.026842	supercritical
256.00	66.000	107.36	0.0093147	149.24	210.72	5.1180	0.67774	1.0912	303.92	0.30582	1.9907e-05	0.026899	supercritical
257.00	66.000	106.79	0.0093641	150.01	211.81	5.1223	0.67751	1.0890	304.67	0.30365	1.9958e-05	0.026957	supercritical
258.00	66.000	106.23	0.0094133	150.77	212.90	5.1265	0.67730	1.0868	305.42	0.30151	2.0010e-05	0.027014	supercritical
259.00	66.000	105.68	0.0094625	151.53	213.98	5.1307	0.67709	1.0847	306.16	0.29938	2.0062e-05	0.027072	supercritical
260.00	66.000	105.14	0.0095115	152.29	215.07	5.1349	0.67689	1.0826	306.90	0.29728	2.0113e-05	0.027131	supercritical
261.00	66.000	104.60	0.0095604	153.05	216.15	5.1390	0.67670	1.0806	307.63	0.29519	2.0165e-05	0.027189	supercritical
262.00	66.000	104.07	0.0096092	153.81	217.23	5.1432	0.67652	1.0786	308.36	0.29313	2.0217e-05	0.027248	supercritical
263.00	66.000	103.54	0.0096579	154.56	218.31	5.1473	0.67634	1.0767	309.09	0.29108	2.0269e-05	0.027307	supercritical
264.00	66.000	103.02	0.0097065	155.32	219.38	5.1514	0.67617	1.0748	309.82	0.28906	2.0320e-05	0.027366	supercritical
265.00	66.000	102.51	0.0097549	156.07	220.46	5.1554	0.67601	1.0729	310.54	0.28705	2.0372e-05	0.027426	supercritical
266.00	66.000	102.01	0.0098033	156.83	221.53	5.1595	0.67585	1.0711	311.25	0.28506	2.0424e-05	0.027485	supercritical
267.00	66.000	101.51	0.0098516	157.58	222.60	5.1635	0.67570	1.0693	311.97	0.28309	2.0476e-05	0.027545	supercritical
268.00	66.000	101.01	0.0098998	158.33	223.67	5.1675	0.67556	1.0676	312.68	0.28114	2.0527e-05	0.027606	supercritical
269.00	66.000	100.52	0.0099479	159.08	224.73	5.1714	0.67542	1.0659	313.39	0.27921	2.0579e-05	0.027666	supercritical
270.00	66.000	100.04	0.0099959	159.83	225.80	5.1754	0.67529	1.0642	314.09	0.27729	2.0631e-05	0.027727	supercritical
271.00	66.000	99.564	0.010044	160.57	226.86	5.1793	0.67517	1.0626	314.80	0.27539	2.0683e-05	0.027787	supercritical
272.00	66.000	99.092	0.010092	161.32	227.92	5.1832	0.67505	1.0610	315.50	0.27351	2.0734e-05	0.027848	supercritical
273.00	66.000	98.626	0.010139	162.06	228.98	5.1871	0.67494	1.0595	316.19	0.27164	2.0786e-05	0.027909	supercritical
274.00	66.000	98.165	0.010187	162.81	230.04	5.1910	0.67484	1.0580	316.88	0.26979	2.0838e-05	0.027971	supercritical
275.00	66.000	97.709	0.010235	163.55	231.10	5.1948	0.67474	1.0565	317.58	0.26796	2.0889e-05	0.028032	supercritical
276.00	66.000	97.257	0.010282	164.29	232.16	5.1987	0.67464	1.0550	318.26	0.26614	2.0941e-05	0.028094	supercritical
277.00	66.000	96.811	0.010329	165.04	233.21	5.2025	0.67455	1.0536	318.95	0.26434	2.0993e-05	0.028156	supercritical
278.00	66.000	96.370	0.010377	165.78	234.26	5.2063	0.67447	1.0522	319.63	0.26256	2.1044e-05	0.028218	supercritical
279.00	66.000	95.933	0.010424	166.52	235.31	5.2101	0.67439	1.0508	320.31	0.26079	2.1096e-05	0.028280	supercritical
280.00	66.000	95.501	0.010471	167.26	236.36	5.2138	0.67432	1.0495	320.98	0.25903	2.1147e-05	0.028342	supercritical
281.00	66.000	95.074	0.010518	167.99	237.41	5.2176	0.67425	1.0481	321.66	0.25730	2.1199e-05	0.028405	supercritical
282.00	66.000	94.651	0.010565	168.73	238.46	5.2213	0.67419	1.0468	322.33	0.25557	2.1251e-05	0.028467	supercritical
283.00	66.000	94.233	0.010612	169.47	239.51	5.2250	0.67413	1.0456	323.00	0.25386	2.1302e-05	0.028530	supercritical
284.00	66.000	93.819	0.010659	170.20	240.55	5.2287	0.67408	1.0443	323.66	0.25217	2.1354e-05	0.028593	supercritical
285.00	66.000	93.409	0.010706	170.94	241.60	5.2323	0.67403	1.0431	324.32	0.25049	2.1405e-05	0.028656	supercritical
286.00	66.000	93.003	0.010752	171.67	242.64	5.2360	0.67399	1.0419	324.98	0.24882	2.1457e-05	0.028719	supercritical
287.00	66.000	92.602	0.010799	172.41	243.68	5.2396	0.67395	1.0408	325.64	0.24717	2.1508e-05	0.028782	supercritical
288.00	66.000	92.204	0.010845	173.14	244.72	5.2432	0.67391	1.0396	326.30	0.24553	2.1559e-05	0.028845	supercritical
289.00	66.000	91.811	0.010892	173.87	245.76	5.2468	0.67388	1.0385	326.95	0.24391	2.1611e-05	0.028908	supercritical
290.00	66.000	91.421	0.010938	174.60	246.80	5.2504	0.67386	1.0374	327.60	0.24229	2.1662e-05	0.028972	supercritical
291.00	66.000	91.035	0.010985	175.33	247.83	5.2540	0.67384	1.0363	328.25	0.24070	2.1713e-05	0.029035	supercritical
292.00	66.000	90.653	0.011031	176.06	248.87	5.2575	0.67382	1.0353	328.89	0.23911	2.1765e-05	0.029099	supercritical
293.00	66.000	90.275	0.011077	176.79	249.90	5.2611	0.67381	1.0343	329.54	0.23754	2.1816e-05	0.029163	supercritical
294.00	66.000	89.900	0.011123	177.52	250.94	5.2646	0.67380	1.0332	330.18	0.23598	2.1867e-05	0.029227	supercritical
295.00	66.000	89.529	0.011170	178.25	251.97	5.2681	0.67380	1.0323	330.82	0.23443	2.1918e-05	0.029290	supercritical
296.00	66.000	89.162	0.011216	178.98	253.00	5.2716	0.67380	1.0313	331.45	0.23290	2.1969e-05	0.029354	supercritical
297.00	66.000	88.798	0.011262	179.71	254.03	5.2751	0.67380	1.0303	332.09	0.23138	2.2021e-05	0.029418	supercritical
298.00	66.000	88.437	0.011307	180.43	255.06	5.2785	0.67381	1.0294	332.72	0.22987	2.2072e-05	0.029482	supercritical
299.00	66.000	88.080	0.011353	181.16	256.09	5.2820	0.67382	1.0285	333.35	0.22837	2.2123e-05	0.029547	supercritical
300.00	66.000	87.726	0.011399	181.89	257.12	5.2854	0.67384	1.0276	333.98	0.22688	2.2174e-05	0.029611	supercritical
301.00	66.000	87.376	0.011445	182.61	258.15	5.2888	0.67385	1.0267	334.60	0.22541	2.2225e-05	0.029675	supercritical
302.00	66.000	87.028	0.011491	183.34	259.17	5.2922	0.67388	1.0258	335.22	0.22395	2.2276e-05	0.029739	supercritical
303.00	66.000	86.684	0.011536	184.06	260.20	5.2956	0.67390	1.0250	335.84	0.22250	2.2326e-05	0.029803	supercritical
304.00	66.000	86.343	0.011582	184.78	261.22	5.2990	0.67393	1.0242	336.46	0.22106	2.2377e-05	0.029868	supercritical
305.00	66.000	86.005	0.011627	185.51	262.25	5.3024	0.67397	1.0233	337.08	0.21963	2.2428e-05	0.029932	supercritical
306.00	66.000	85.670	0.011673	186.23	263.27	5.3057	0.67401	1.0225	337.69	0.21821	2.2479e-05	0.029996	supercritical
307.00	66.000	85.338	0.011718	186.95	264.29	5.3091	0.67405	1.0218	338.31	0.21680	2.2530e-05	0.030060	supercritical
308.00	66.000	85.009	0.011763	187.67	265.31	5.3124	0.67409	1.0210	338.92	0.21541	2.2580e-05	0.030123	supercritical
309.00	66.000	84.683	0.011809	188.40	266.33	5.3157	0.67414	1.0202	339.53	0.21402	2.2631e-05	0.030185	supercritical
310.00	66.000	84.359	0.011854	189.12	267.35	5.3190	0.67419	1.0195	340.13	0.21265	2.2682e-05	0.030249	supercritical
311.00	66.000	84.039	0.011899	189.84	268.37	5.3223	0.67424	1.0188	340.74	0.21129	2.2732e-05	0.030315	supercritical
312.00	66.000	83.721	0.011944	190.56	269.39	5.3255	0.67430	1.0181	341.34	0.20993	2.2783e-05	0.030381	supercritical
313.00	66.000	83.406	0.011990	191.28	270.41	5.3288	0.67436	1.0174	341.94	0.20859	2.2833e-05	0.030447	supercritical
314.00	66.000	83.094	0.012035	192.00	271.43	5.3320	0.67443	1.0167	342.54	0.20726	2.2884e-05	0.030514	supercritical
315.00	66.000	82.784	0.012080	192.72	272.44	5.3353	0.67449	1.0160	343.14	0.20593	2.2934e-05	0.030580	supercritical
316.00	66.000	82.477	0.012125	193.44	273.46	5.3385	0.67456	1.0154	343.73	0.20462	2.2985e-05	0.030646	supercritical
317.00	66.000	82.173	0.012169	194.15	274.47	5.3417	0.67464	1.0147	344.32	0.20331	2.3035e-05	0.030712	supercritical
318.00	66.000	81.871	0.012214	194.87	275.49	5.3449	0.67471	1.0141	344.91	0.20202	2.3085e-05	0.030779	supercritical
319.00	66.000	81.571	0.012259	195.59	276.50	5.3481	0.67479	1.0135	345.50	0.20074	2.3136e-05	0.030845	supercritical
320.00	66.000	81.275	0.012304	196.31	277.51	5.3512	0.67487	1.0129	346.09	0.19946	2.3186e-05	0.030911	supercritical
321.00	66.000	80.980	0.012349	197.03	278.53	5.3544	0.67496	1.0123	346.68	0.19819	2.3236e-05	0.030978	supercritical
322.00	66.000	80.688	0.012393	197.74	279.54	5.3575	0.67505	1.0117	347.26	0.19694	2.3286e-05	0.031044	supercritical
323.00	66.000	80.398	0.012438	198.46	280.55	5.3607	0.67514	1.0112	347.84	0.19569	2.3336e-05	0.031111	supercritical
324.00	66.000	80.111	0.012483	199.18	281.56	5.3638	0.67523	1.0106	348.42	0.19445	2.3386e-05	0.031177	supercritical
325.00	66.000	79.826	0.012527	199.89	282.57	5.3669	0.67533	1.0101	349.00	0.19322	2.3436e-05	0.031244	supercritical
326.00	66.000	79.543	0.012572	200.61	283.58	5.3700	0.67543	1.0095	349.58	0.19200	2.3486e-05	0.031310	supercritical
327.00	66.000	79.263	0.012616	201.32	284.59	5.3731	0.67553	1.0090	350.15	0.19079	2.3536e-05	0.031377	supercritical
328.00	66.000	78.984	0.012661	202.04	285.60	5.3762	0.67563	1.0085	350.73	0.18959	2.3586e-05	0.031443	supercritical
329.00	66.000	78.708	0.012705	202.75	286.61	5.3793	0.67574	1.0080	351.30	0.18839	2.3636e-05	0.031510	supercritical
330.00	66.000	78.434	0.012750	203.47	287.62	5.3823	0.67585	1.0075	351.87	0.18721	2.3686e-05	0.031576	supercritical
331.00	66.000	78.163	0.012794	204.18	288.62	5.3854	0.67596	1.0070	352.44	0.18603	2.3735e-05	0.031643	supercritical
332.00	66.000	77.893	0.012838	204.90	289.63	5.3884	0.67608	1.0066	353.00	0.18486	2.3785e-05	0.031710	supercritical
333.00	66.000	77.625	0.012882	205.61	290.64	5.3914	0.67620	1.0061	353.57	0.18370	2.3835e-05	0.031776	supercritical
334.00	66.000	77.360	0.012927	206.33	291.64	5.3944	0.67632	1.0056	354.13	0.18254	2.3884e-05	0.031843	supercritical
335.00	66.000	77.096	0.012971	207.04	292.65	5.3975	0.67644	1.0052	354.70	0.18140	2.3934e-05	0.031910	supercritical
336.00	66.000	76.835	0.013015	207.75	293.65	5.4005	0.67656	1.0048	355.26	0.18026	2.3983e-05	0.031976	supercritical
337.00	66.000	76.575	0.013059	208.47	294.66	5.4034	0.67669	1.0044	355.81	0.17913	2.4033e-05	0.032043	supercritical
338.00	66.000	76.318	0.013103	209.18	295.66	5.4064	0.67682	1.0039	356.37	0.17801	2.4082e-05	0.032110	supercritical
339.00	66.000	76.062	0.013147	209.89	296.66	5.4094	0.67695	1.0035	356.93	0.17690	2.4132e-05	0.032176	supercritical
340.00	66.000	75.808	0.013191	210.61	297.67	5.4123	0.67709	1.0031	357.48	0.17579	2.4181e-05	0.032243	supercritical
341.00	66.000	75.557	0.013235	211.32	298.67	5.4153	0.67723	1.0028	358.03	0.17469	2.4230e-05	0.032310	supercritical
342.00	66.000	75.307	0.013279	212.03	299.67	5.4182	0.67737	1.0024	358.59	0.17360	2.4280e-05	0.032377	supercritical
343.00	66.000	75.059	0.013323	212.74	300.68	5.4211	0.67751	1.0020	359.14	0.17252	2.4329e-05	0.032443	supercritical
344.00	66.000	74.812	0.013367	213.46	301.68	5.4241	0.67765	1.0017	359.68	0.17144	2.4378e-05	0.032510	supercritical
345.00	66.000	74.568	0.013411	214.17	302.68	5.4270	0.67780	1.0013	360.23	0.17037	2.4427e-05	0.032577	supercritical
346.00	66.000	74.325	0.013454	214.88	303.68	5.4299	0.67795	1.0010	360.78	0.16931	2.4476e-05	0.032644	supercritical
347.00	66.000	74.084	0.013498	215.59	304.68	5.4327	0.67810	1.0006	361.32	0.16825	2.4525e-05	0.032711	supercritical
348.00	66.000	73.845	0.013542	216.30	305.68	5.4356	0.67825	1.0003	361.86	0.16721	2.4574e-05	0.032777	supercritical
349.00	66.000	73.607	0.013586	217.02	306.68	5.4385	0.67840	0.99998	362.40	0.16617	2.4623e-05	0.032844	supercritical
350.00	66.000	73.371	0.013629	217.73	307.68	5.4414	0.67856	0.99967	362.94	0.16513	2.4672e-05	0.032911	supercritical
351.00	66.000	73.137	0.013673	218.44	308.68	5.4442	0.67872	0.99936	363.48	0.16411	2.4721e-05	0.032978	supercritical
352.00	66.000	72.905	0.013717	219.15	309.68	5.4471	0.67888	0.99906	364.02	0.16309	2.4770e-05	0.033045	supercritical
353.00	66.000	72.674	0.013760	219.86	310.68	5.4499	0.67905	0.99877	364.55	0.16207	2.4819e-05	0.033111	supercritical
354.00	66.000	72.444	0.013804	220.57	311.68	5.4527	0.67921	0.99849	365.09	0.16107	2.4867e-05	0.033178	supercritical
355.00	66.000	72.217	0.013847	221.28	312.68	5.4555	0.67938	0.99822	365.62	0.16007	2.4916e-05	0.033245	supercritical
356.00	66.000	71.991	0.013891	222.00	313.67	5.4583	0.67955	0.99795	366.15	0.15907	2.4965e-05	0.033312	supercritical
357.00	66.000	71.766	0.013934	222.71	314.67	5.4611	0.67972	0.99769	366.68	0.15809	2.5013e-05	0.033379	supercritical
358.00	66.000	71.543	0.013978	223.42	315.67	5.4639	0.67989	0.99743	367.21	0.15711	2.5062e-05	0.033446	supercritical
359.00	66.000	71.321	0.014021	224.13	316.67	5.4667	0.68007	0.99718	367.74	0.15613	2.5110e-05	0.033512	supercritical
360.00	66.000	71.102	0.014064	224.84	317.66	5.4695	0.68025	0.99694	368.26	0.15516	2.5159e-05	0.033579	supercritical
361.00	66.000	70.883	0.014108	225.55	318.66	5.4722	0.68043	0.99671	368.79	0.15420	2.5207e-05	0.033646	supercritical
362.00	66.000	70.666	0.014151	226.26	319.66	5.4750	0.68061	0.99648	369.31	0.15325	2.5256e-05	0.033713	supercritical
363.00	66.000	70.450	0.014194	226.97	320.65	5.4778	0.68079	0.99626	369.83	0.15230	2.5304e-05	0.033780	supercritical
364.00	66.000	70.236	0.014238	227.68	321.65	5.4805	0.68097	0.99604	370.35	0.15135	2.5352e-05	0.033846	supercritical
365.00	66.000	70.024	0.014281	228.39	322.65	5.4832	0.68116	0.99583	370.87	0.15042	2.5400e-05	0.033913	supercritical
366.00	66.000	69.812	0.014324	229.10	323.64	5.4859	0.68135	0.99563	371.39	0.14949	2.5449e-05	0.033980	supercritical
367.00	66.000	69.603	0.014367	229.81	324.64	5.4887	0.68154	0.99543	371.91	0.14856	2.5497e-05	0.034047	supercritical
368.00	66.000	69.394	0.014410	230.52	325.63	5.4914	0.68173	0.99524	372.42	0.14764	2.5545e-05	0.034114	supercritical
369.00	66.000	69.187	0.014454	231.23	326.63	5.4941	0.68193	0.99505	372.94	0.14673	2.5593e-05	0.034180	supercritical
370.00	66.000	68.981	0.014497	231.94	327.62	5.4968	0.68212	0.99487	373.45	0.14582	2.5641e-05	0.034247	supercritical
371.00	66.000	68.777	0.014540	232.65	328.62	5.4995	0.68232	0.99470	373.96	0.14492	2.5689e-05	0.034314	supercritical
372.00	66.000	68.574	0.014583	233.37	329.61	5.5021	0.68252	0.99453	374.47	0.14402	2.5737e-05	0.034381	supercritical
373.00	66.000	68.372	0.014626	234.08	330.61	5.5048	0.68272	0.99437	374.98	0.14313	2.5785e-05	0.034447	supercritical
374.00	66.000	68.171	0.014669	234.79	331.60	5.5075	0.68292	0.99421	375.49	0.14225	2.5832e-05	0.034514	supercritical
375.00	66.000	67.972	0.014712	235.50	332.59	5.5101	0.68312	0.99406	376.00	0.14137	2.5880e-05	0.034581	supercritical
376.00	66.000	67.774	0.014755	236.21	333.59	5.5128	0.68333	0.99391	376.50	0.14049	2.5928e-05	0.034648	supercritical
377.00	66.000	67.578	0.014798	236.92	334.58	5.5154	0.68354	0.99377	377.01	0.13962	2.5976e-05	0.034714	supercritical
378.00	66.000	67.382	0.014841	237.63	335.58	5.5180	0.68374	0.99363	377.51	0.13876	2.6023e-05	0.034781	supercritical
379.00	66.000	67.188	0.014884	238.34	336.57	5.5207	0.68395	0.99350	378.02	0.13790	2.6071e-05	0.034848	supercritical
380.00	66.000	66.995	0.014927	239.05	337.56	5.5233	0.68417	0.99337	378.52	0.13705	2.6118e-05	0.034915	supercritical
381.00	66.000	66.803	0.014969	239.76	338.56	5.5259	0.68438	0.99325	379.02	0.13620	2.6166e-05	0.034981	supercritical
382.00	66.000	66.613	0.015012	240.47	339.55	5.5285	0.68459	0.99314	379.52	0.13536	2.6213e-05	0.035048	supercritical
383.00	66.000	66.423	0.015055	241.18	340.54	5.5311	0.68481	0.99303	380.02	0.13452	2.6261e-05	0.035115	supercritical
384.00	66.000	66.235	0.015098	241.89	341.54	5.5337	0.68503	0.99292	380.51	0.13369	2.6308e-05	0.035181	supercritical
385.00	66.000	66.048	0.015141	242.60	342.53	5.5363	0.68525	0.99282	381.01	0.13286	2.6356e-05	0.035248	supercritical
386.00	66.000	65.862	0.015183	243.31	343.52	5.5388	0.68547	0.99272	381.50	0.13204	2.6403e-05	0.035315	supercritical
387.00	66.000	65.677	0.015226	244.02	344.51	5.5414	0.68569	0.99263	382.00	0.13123	2.6450e-05	0.035381	supercritical
388.00	66.000	65.493	0.015269	244.73	345.51	5.5440	0.68591	0.99254	382.49	0.13041	2.6497e-05	0.035448	supercritical
389.00	66.000	65.311	0.015311	245.44	346.50	5.5465	0.68614	0.99245	382.98	0.12961	2.6544e-05	0.035514	supercritical
390.00	66.000	65.129	0.015354	246.16	347.49	5.5491	0.68636	0.99237	383.47	0.12880	2.6592e-05	0.035581	supercritical
391.00	66.000	64.949	0.015397	246.87	348.48	5.5516	0.68659	0.99230	383.96	0.12801	2.6639e-05	0.035648	supercritical
392.00	66.000	64.770	0.015439	247.58	349.48	5.5541	0.68682	0.99223	384.45	0.12721	2.6686e-05	0.035714	supercritical
393.00	66.000	64.592	0.015482	248.29	350.47	5.5567	0.68705	0.99216	384.94	0.12643	2.6733e-05	0.035781	supercritical
394.00	66.000	64.414	0.015524	249.00	351.46	5.5592	0.68728	0.99210	385.42	0.12564	2.6780e-05	0.035847	supercritical
395.00	66.000	64.238	0.015567	249.71	352.45	5.5617	0.68751	0.99204	385.91	0.12486	2.6826e-05	0.035914	supercritical
396.00	66.000	64.063	0.015610	250.42	353.44	5.5642	0.68775	0.99199	386.39	0.12409	2.6873e-05	0.035980	supercritical
397.00	66.000	63.889	0.015652	251.13	354.44	5.5667	0.68798	0.99194	386.88	0.12332	2.6920e-05	0.036047	supercritical
398.00	66.000	63.716	0.015695	251.84	355.43	5.5692	0.68822	0.99189	387.36	0.12256	2.6967e-05	0.036113	supercritical
399.00	66.000	63.544	0.015737	252.56	356.42	5.5717	0.68846	0.99185	387.84	0.12180	2.7014e-05	0.036180	supercritical
400.00	66.000	63.373	0.015780	253.27	357.41	5.5742	0.68870	0.99181	388.32	0.12104	2.7060e-05	0.036246	supercritical
401.00	66.000	63.203	0.015822	253.98	358.40	5.5767	0.68894	0.99178	388.80	0.12029	2.7107e-05	0.036312	supercritical
402.00	66.000	63.034	0.015864	254.69	359.40	5.5791	0.68918	0.99175	389.28	0.11954	2.7154e-05	0.036379	supercritical
403.00	66.000	62.866	0.015907	255.40	360.39	5.5816	0.68942	0.99172	389.76	0.11880	2.7200e-05	0.036445	supercritical
404.00	66.000	62.699	0.015949	256.11	361.38	5.5841	0.68966	0.99169	390.23	0.11806	2.7247e-05	0.036512	supercritical
405.00	66.000	62.533	0.015992	256.83	362.37	5.5865	0.68991	0.99168	390.71	0.11733	2.7293e-05	0.036578	supercritical
406.00	66.000	62.368	0.016034	257.54	363.36	5.5889	0.69015	0.99166	391.18	0.11660	2.7339e-05	0.036644	supercritical
407.00	66.000	62.204	0.016076	258.25	364.35	5.5914	0.69040	0.99165	391.65	0.11587	2.7386e-05	0.036711	supercritical
408.00	66.000	62.040	0.016119	258.96	365.35	5.5938	0.69065	0.99164	392.13	0.11515	2.7432e-05	0.036777	supercritical
409.00	66.000	61.878	0.016161	259.68	366.34	5.5962	0.69090	0.99163	392.60	0.11444	2.7478e-05	0.036843	supercritical
410.00	66.000	61.717	0.016203	260.39	367.33	5.5987	0.69115	0.99163	393.07	0.11372	2.7525e-05	0.036910	supercritical
411.00	66.000	61.556	0.016245	261.10	368.32	5.6011	0.69140	0.99163	393.54	0.11301	2.7571e-05	0.036976	supercritical
412.00	66.000	61.396	0.016288	261.81	369.31	5.6035	0.69165	0.99164	394.01	0.11231	2.7617e-05	0.037042	supercritical
413.00	66.000	61.238	0.016330	262.53	370.30	5.6059	0.69191	0.99164	394.48	0.11161	2.7663e-05	0.037108	supercritical
414.00	66.000	61.080	0.016372	263.24	371.30	5.6083	0.69216	0.99165	394.94	0.11091	2.7709e-05	0.037175	supercritical
415.00	66.000	60.923	0.016414	263.95	372.29	5.6107	0.69242	0.99167	395.41	0.11022	2.7755e-05	0.037241	supercritical
416.00	66.000	60.767	0.016456	264.67	373.28	5.6131	0.69267	0.99169	395.87	0.10953	2.7801e-05	0.037307	supercritical
417.00	66.000	60.611	0.016499	265.38	374.27	5.6155	0.69293	0.99171	396.34	0.10885	2.7847e-05	0.037373	supercritical
418.00	66.000	60.457	0.016541	266.09	375.26	5.6178	0.69319	0.99173	396.80	0.10817	2.7893e-05	0.037439	supercritical
419.00	66.000	60.303	0.016583	266.81	376.25	5.6202	0.69345	0.99176	397.26	0.10749	2.7939e-05	0.037505	supercritical
420.00	66.000	60.151	0.016625	267.52	377.25	5.6226	0.69371	0.99179	397.73	0.10682	2.7985e-05	0.037571	supercritical
421.00	66.000	59.999	0.016667	268.24	378.24	5.6249	0.69397	0.99182	398.19	0.10615	2.8031e-05	0.037638	supercritical
422.00	66.000	59.847	0.016709	268.95	379.23	5.6273	0.69423	0.99186	398.65	0.10548	2.8076e-05	0.037704	supercritical
423.00	66.000	59.697	0.016751	269.66	380.22	5.6296	0.69449	0.99189	399.11	0.10482	2.8122e-05	0.037770	supercritical
424.00	66.000	59.548	0.016793	270.38	381.21	5.6320	0.69476	0.99194	399.56	0.10416	2.8168e-05	0.037836	supercritical
425.00	66.000	59.399	0.016835	271.09	382.21	5.6343	0.69502	0.99198	400.02	0.10351	2.8213e-05	0.037902	supercritical
426.00	66.000	59.251	0.016877	271.81	383.20	5.6366	0.69529	0.99203	400.48	0.10286	2.8259e-05	0.037968	supercritical
427.00	66.000	59.104	0.016919	272.52	384.19	5.6390	0.69555	0.99208	400.93	0.10221	2.8305e-05	0.038034	supercritical
428.00	66.000	58.958	0.016961	273.24	385.18	5.6413	0.69582	0.99213	401.39	0.10157	2.8350e-05	0.038100	supercritical
429.00	66.000	58.812	0.017003	273.95	386.17	5.6436	0.69609	0.99218	401.84	0.10093	2.8395e-05	0.038166	supercritical
430.00	66.000	58.667	0.017045	274.67	387.17	5.6459	0.69636	0.99224	402.29	0.10029	2.8441e-05	0.038231	supercritical
431.00	66.000	58.523	0.017087	275.38	388.16	5.6482	0.69663	0.99230	402.75	0.099658	2.8486e-05	0.038297	supercritical
432.00	66.000	58.380	0.017129	276.10	389.15	5.6505	0.69690	0.99236	403.20	0.099029	2.8532e-05	0.038363	supercritical
433.00	66.000	58.238	0.017171	276.81	390.14	5.6528	0.69717	0.99243	403.65	0.098403	2.8577e-05	0.038429	supercritical
434.00	66.000	58.096	0.017213	277.53	391.14	5.6551	0.69744	0.99250	404.10	0.097781	2.8622e-05	0.038495	supercritical
435.00	66.000	57.955	0.017255	278.25	392.13	5.6574	0.69771	0.99257	404.55	0.097162	2.8667e-05	0.038561	supercritical
436.00	66.000	57.814	0.017297	278.96	393.12	5.6597	0.69799	0.99264	405.00	0.096546	2.8713e-05	0.038627	supercritical
437.00	66.000	57.675	0.017339	279.68	394.11	5.6619	0.69826	0.99272	405.44	0.095934	2.8758e-05	0.038692	supercritical
438.00	66.000	57.536	0.017380	280.40	395.11	5.6642	0.69854	0.99279	405.89	0.095326	2.8803e-05	0.038758	supercritical
439.00	66.000	57.398	0.017422	281.11	396.10	5.6665	0.69881	0.99287	406.34	0.094720	2.8848e-05	0.038824	supercritical
440.00	66.000	57.260	0.017464	281.83	397.09	5.6687	0.69909	0.99296	406.78	0.094118	2.8893e-05	0.038889	supercritical
441.00	66.000	57.124	0.017506	282.55	398.08	5.6710	0.69937	0.99304	407.23	0.093520	2.8938e-05	0.038955	supercritical
442.00	66.000	56.988	0.017548	283.26	399.08	5.6732	0.69964	0.99313	407.67	0.092924	2.8983e-05	0.039021	supercritical
443.00	66.000	56.852	0.017589	283.98	400.07	5.6755	0.69992	0.99322	408.11	0.092332	2.9028e-05	0.039086	supercritical
444.00	66.000	56.718	0.017631	284.70	401.06	5.6777	0.70020	0.99331	408.55	0.091743	2.9072e-05	0.039152	supercritical
445.00	66.000	56.583	0.017673	285.42	402.06	5.6800	0.70048	0.99340	409.00	0.091157	2.9117e-05	0.039218	supercritical
446.00	66.000	56.450	0.017715	286.13	403.05	5.6822	0.70076	0.99350	409.44	0.090574	2.9162e-05	0.039283	supercritical
447.00	66.000	56.317	0.017756	286.85	404.04	5.6844	0.70104	0.99360	409.88	0.089995	2.9207e-05	0.039349	supercritical
448.00	66.000	56.185	0.017798	287.57	405.04	5.6866	0.70132	0.99370	410.32	0.089418	2.9251e-05	0.039414	supercritical
449.00	66.000	56.054	0.017840	288.29	406.03	5.6888	0.70160	0.99380	410.75	0.088845	2.9296e-05	0.039480	supercritical
450.00	66.000	55.923	0.017882	289.01	407.03	5.6911	0.70189	0.99390	411.19	0.088275	2.9341e-05	0.039545	supercritical
451.00	66.000	55.793	0.017923	289.73	408.02	5.6933	0.70217	0.99401	411.63	0.087708	2.9385e-05	0.039611	supercritical
452.00	66.000	55.664	0.017965	290.45	409.01	5.6955	0.70245	0.99412	412.06	0.087143	2.9430e-05	0.039676	supercritical
453.00	66.000	55.535	0.018007	291.16	410.01	5.6977	0.70274	0.99423	412.50	0.086582	2.9474e-05	0.039742	supercritical
454.00	66.000	55.407	0.018048	291.88	411.00	5.6999	0.70302	0.99434	412.93	0.086024	2.9519e-05	0.039807	supercritical
455.00	66.000	55.280	0.018090	292.60	412.00	5.7020	0.70331	0.99445	413.37	0.085469	2.9563e-05	0.039873	supercritical
456.00	66.000	55.153	0.018131	293.32	412.99	5.7042	0.70359	0.99457	413.80	0.084917	2.9608e-05	0.039938	supercritical
457.00	66.000	55.026	0.018173	294.04	413.99	5.7064	0.70388	0.99469	414.23	0.084368	2.9652e-05	0.040003	supercritical
458.00	66.000	54.901	0.018215	294.76	414.98	5.7086	0.70417	0.99480	414.67	0.083821	2.9696e-05	0.040069	supercritical
459.00	66.000	54.776	0.018256	295.48	415.98	5.7107	0.70445	0.99493	415.10	0.083278	2.9740e-05	0.040134	supercritical
460.00	66.000	54.651	0.018298	296.20	416.97	5.7129	0.70474	0.99505	415.53	0.082737	2.9785e-05	0.040199	supercritical
461.00	66.000	54.527	0.018339	296.93	417.97	5.7151	0.70503	0.99517	415.96	0.082200	2.9829e-05	0.040264	supercritical
462.00	66.000	54.404	0.018381	297.65	418.96	5.7172	0.70532	0.99530	416.39	0.081665	2.9873e-05	0.040330	supercritical
463.00	66.000	54.281	0.018423	298.37	419.96	5.7194	0.70561	0.99543	416.82	0.081133	2.9917e-05	0.040395	supercritical
464.00	66.000	54.159	0.018464	299.09	420.95	5.7215	0.70590	0.99556	417.24	0.080603	2.9961e-05	0.040460	supercritical
465.00	66.000	54.038	0.018506	299.81	421.95	5.7237	0.70619	0.99569	417.67	0.080077	3.0005e-05	0.040525	supercritical
466.00	66.000	53.917	0.018547	300.53	422.94	5.7258	0.70648	0.99582	418.10	0.079553	3.0049e-05	0.040590	supercritical
467.00	66.000	53.797	0.018589	301.25	423.94	5.7279	0.70677	0.99596	418.52	0.079032	3.0093e-05	0.040655	supercritical
468.00	66.000	53.677	0.018630	301.98	424.93	5.7301	0.70706	0.99610	418.95	0.078514	3.0137e-05	0.040721	supercritical
469.00	66.000	53.558	0.018672	302.70	425.93	5.7322	0.70735	0.99623	419.37	0.077998	3.0181e-05	0.040786	supercritical
470.00	66.000	53.439	0.018713	303.42	426.93	5.7343	0.70765	0.99637	419.80	0.077485	3.0225e-05	0.040851	supercritical
471.00	66.000	53.321	0.018754	304.14	427.92	5.7364	0.70794	0.99651	420.22	0.076975	3.0269e-05	0.040916	supercritical
472.00	66.000	53.203	0.018796	304.87	428.92	5.7386	0.70823	0.99666	420.64	0.076467	3.0312e-05	0.040981	supercritical
473.00	66.000	53.086	0.018837	305.59	429.92	5.7407	0.70852	0.99680	421.06	0.075962	3.0356e-05	0.041046	supercritical
474.00	66.000	52.970	0.018879	306.31	430.91	5.7428	0.70882	0.99695	421.48	0.075460	3.0400e-05	0.041111	supercritical
475.00	66.000	52.854	0.018920	307.04	431.91	5.7449	0.70911	0.99709	421.91	0.074960	3.0443e-05	0.041176	supercritical
476.00	66.000	52.738	0.018962	307.76	432.91	5.7470	0.70941	0.99724	422.33	0.074463	3.0487e-05	0.041241	supercritical
477.00	66.000	52.624	0.019003	308.49	433.91	5.7491	0.70970	0.99739	422.74	0.073968	3.0531e-05	0.041305	supercritical
478.00	66.000	52.509	0.019044	309.21	434.90	5.7512	0.70999	0.99754	423.16	0.073476	3.0574e-05	0.041370	supercritical
479.00	66.000	52.395	0.019086	309.94	435.90	5.7532	0.71029	0.99770	423.58	0.072986	3.0618e-05	0.041435	supercritical
480.00	66.000	52.282	0.019127	310.66	436.90	5.7553	0.71058	0.99785	424.00	0.072499	3.0661e-05	0.041500	supercritical
481.00	66.000	52.169	0.019168	311.39	437.90	5.7574	0.71088	0.99801	424.42	0.072015	3.0704e-05	0.041565	supercritical
482.00	66.000	52.057	0.019210	312.11	438.89	5.7595	0.71118	0.99816	424.83	0.071532	3.0748e-05	0.041630	supercritical
483.00	66.000	51.945	0.019251	312.84	439.89	5.7615	0.71147	0.99832	425.25	0.071053	3.0791e-05	0.041694	supercritical
484.00	66.000	51.834	0.019292	313.56	440.89	5.7636	0.71177	0.99848	425.66	0.070576	3.0835e-05	0.041759	supercritical
485.00	66.000	51.723	0.019334	314.29	441.89	5.7657	0.71207	0.99864	426.08	0.070101	3.0878e-05	0.041824	supercritical
486.00	66.000	51.613	0.019375	315.01	442.89	5.7677	0.71236	0.99880	426.49	0.069628	3.0921e-05	0.041888	supercritical
487.00	66.000	51.503	0.019416	315.74	443.89	5.7698	0.71266	0.99897	426.90	0.069158	3.0964e-05	0.041953	supercritical
488.00	66.000	51.394	0.019458	316.47	444.89	5.7718	0.71296	0.99913	427.32	0.068691	3.1007e-05	0.042018	supercritical
489.00	66.000	51.285	0.019499	317.19	445.89	5.7739	0.71326	0.99930	427.73	0.068225	3.1051e-05	0.042082	supercritical
490.00	66.000	51.177	0.019540	317.92	446.88	5.7759	0.71355	0.99946	428.14	0.067762	3.1094e-05	0.042147	supercritical
491.00	66.000	51.069	0.019581	318.65	447.88	5.7779	0.71385	0.99963	428.55	0.067302	3.1137e-05	0.042211	supercritical
492.00	66.000	50.962	0.019623	319.37	448.88	5.7800	0.71415	0.99980	428.96	0.066843	3.1180e-05	0.042276	supercritical
493.00	66.000	50.855	0.019664	320.10	449.88	5.7820	0.71445	0.99997	429.37	0.066387	3.1223e-05	0.042340	supercritical
494.00	66.000	50.748	0.019705	320.83	450.88	5.7840	0.71475	1.0001	429.78	0.065934	3.1266e-05	0.042405	supercritical
495.00	66.000	50.642	0.019746	321.56	451.88	5.7861	0.71505	1.0003	430.19	0.065482	3.1309e-05	0.042469	supercritical
496.00	66.000	50.537	0.019787	322.29	452.88	5.7881	0.71535	1.0005	430.60	0.065033	3.1352e-05	0.042534	supercritical
497.00	66.000	50.432	0.019829	323.02	453.89	5.7901	0.71564	1.0007	431.00	0.064586	3.1394e-05	0.042598	supercritical
498.00	66.000	50.327	0.019870	323.74	454.89	5.7921	0.71594	1.0008	431.41	0.064141	3.1437e-05	0.042663	supercritical
499.00	66.000	50.223	0.019911	324.47	455.89	5.7941	0.71624	1.0010	431.82	0.063699	3.1480e-05	0.042727	supercritical
500.00	66.000	50.120	0.019952	325.20	456.89	5.7961	0.71654	1.0012	432.22	0.063259	3.1523e-05	0.042791	supercritical
501.00	66.000	50.016	0.019993	325.93	457.89	5.7981	0.71684	1.0014	432.63	0.062820	3.1565e-05	0.042856	supercritical
502.00	66.000	49.914	0.020035	326.66	458.89	5.8001	0.71714	1.0016	433.03	0.062384	3.1608e-05	0.042920	supercritical
503.00	66.000	49.811	0.020076	327.39	459.89	5.8021	0.71744	1.0017	433.44	0.061951	3.1651e-05	0.042984	supercritical
504.00	66.000	49.710	0.020117	328.12	460.89	5.8041	0.71774	1.0019	433.84	0.061519	3.1693e-05	0.043049	supercritical
505.00	66.000	49.608	0.020158	328.85	461.90	5.8061	0.71804	1.0021	434.24	0.061089	3.1736e-05	0.043113	supercritical
506.00	66.000	49.507	0.020199	329.58	462.90	5.8081	0.71834	1.0023	434.64	0.060662	3.1778e-05	0.043177	supercritical
507.00	66.000	49.407	0.020240	330.32	463.90	5.8100	0.71864	1.0025	435.05	0.060237	3.1821e-05	0.043241	supercritical
508.00	66.000	49.306	0.020281	331.05	464.90	5.8120	0.71894	1.0026	435.45	0.059813	3.1863e-05	0.043305	supercritical
509.00	66.000	49.207	0.020322	331.78	465.91	5.8140	0.71925	1.0028	435.85	0.059392	3.1906e-05	0.043370	supercritical
510.00	66.000	49.107	0.020364	332.51	466.91	5.8160	0.71955	1.0030	436.25	0.058973	3.1948e-05	0.043434	supercritical
511.00	66.000	49.009	0.020405	333.24	467.91	5.8179	0.71985	1.0032	436.65	0.058556	3.1991e-05	0.043498	supercritical
512.00	66.000	48.910	0.020446	333.97	468.92	5.8199	0.72015	1.0034	437.05	0.058141	3.2033e-05	0.043562	supercritical
513.00	66.000	48.812	0.020487	334.71	469.92	5.8218	0.72045	1.0036	437.45	0.057728	3.2075e-05	0.043626	supercritical
514.00	66.000	48.714	0.020528	335.44	470.92	5.8238	0.72075	1.0038	437.84	0.057317	3.2118e-05	0.043690	supercritical
515.00	66.000	48.617	0.020569	336.17	471.93	5.8258	0.72105	1.0040	438.24	0.056908	3.2160e-05	0.043754	supercritical
516.00	66.000	48.520	0.020610	336.91	472.93	5.8277	0.72135	1.0042	438.64	0.056501	3.2202e-05	0.043818	supercritical
517.00	66.000	48.424	0.020651	337.64	473.93	5.8296	0.72165	1.0044	439.04	0.056096	3.2244e-05	0.043882	supercritical
518.00	66.000	48.328	0.020692	338.37	474.94	5.8316	0.72195	1.0045	439.43	0.055693	3.2286e-05	0.043946	supercritical
519.00	66.000	48.232	0.020733	339.11	475.94	5.8335	0.72225	1.0047	439.83	0.055292	3.2328e-05	0.044010	supercritical
520.00	66.000	48.137	0.020774	339.84	476.95	5.8355	0.72256	1.0049	440.22	0.054892	3.2370e-05	0.044074	supercritical
521.00	66.000	48.042	0.020815	340.57	477.95	5.8374	0.72286	1.0051	440.62	0.054495	3.2412e-05	0.044137	supercritical
522.00	66.000	47.948	0.020856	341.31	478.96	5.8393	0.72316	1.0053	441.01	0.054100	3.2454e-05	0.044201	supercritical
523.00	66.000	47.854	0.020897	342.04	479.96	5.8412	0.72346	1.0055	441.40	0.053706	3.2496e-05	0.044265	supercritical
524.00	66.000	47.760	0.020938	342.78	480.97	5.8432	0.72376	1.0057	441.80	0.053314	3.2538e-05	0.044329	supercritical
525.00	66.000	47.667	0.020979	343.51	481.98	5.8451	0.72406	1.0059	442.19	0.052925	3.2580e-05	0.044393	supercritical
526.00	66.000	47.574	0.021020	344.25	482.98	5.8470	0.72436	1.0061	442.58	0.052537	3.2622e-05	0.044456	supercritical
527.00	66.000	47.481	0.021061	344.99	483.99	5.8489	0.72466	1.0063	442.97	0.052151	3.2664e-05	0.044520	supercritical
528.00	66.000	47.389	0.021102	345.72	484.99	5.8508	0.72496	1.0065	443.36	0.051767	3.2706e-05	0.044584	supercritical
529.00	66.000	47.297	0.021143	346.46	486.00	5.8527	0.72527	1.0067	443.75	0.051384	3.2747e-05	0.044647	supercritical
530.00	66.000	47.206	0.021184	347.20	487.01	5.8546	0.72557	1.0069	444.14	0.051004	3.2789e-05	0.044711	supercritical
531.00	66.000	47.115	0.021225	347.93	488.02	5.8565	0.72587	1.0071	444.53	0.050625	3.2831e-05	0.044775	supercritical
532.00	66.000	47.024	0.021266	348.67	489.02	5.8584	0.72617	1.0073	444.92	0.050248	3.2872e-05	0.044838	supercritical
533.00	66.000	46.934	0.021307	349.41	490.03	5.8603	0.72647	1.0075	445.31	0.049873	3.2914e-05	0.044902	supercritical
534.00	66.000	46.844	0.021347	350.14	491.04	5.8622	0.72677	1.0077	445.70	0.049499	3.2956e-05	0.044965	supercritical
535.00	66.000	46.754	0.021388	350.88	492.05	5.8641	0.72707	1.0079	446.09	0.049128	3.2997e-05	0.045029	supercritical
536.00	66.000	46.665	0.021429	351.62	493.05	5.8660	0.72737	1.0081	446.48	0.048758	3.3039e-05	0.045092	supercritical
537.00	66.000	46.576	0.021470	352.36	494.06	5.8678	0.72767	1.0084	446.86	0.048390	3.3080e-05	0.045156	supercritical
538.00	66.000	46.488	0.021511	353.10	495.07	5.8697	0.72797	1.0086	447.25	0.048023	3.3122e-05	0.045219	supercritical
539.00	66.000	46.400	0.021552	353.84	496.08	5.8716	0.72827	1.0088	447.63	0.047658	3.3163e-05	0.045283	supercritical
540.00	66.000	46.312	0.021593	354.57	497.09	5.8735	0.72857	1.0090	448.02	0.047295	3.3204e-05	0.045346	supercritical
541.00	66.000	46.224	0.021634	355.31	498.10	5.8753	0.72887	1.0092	448.40	0.046934	3.3246e-05	0.045410	supercritical
542.00	66.000	46.137	0.021675	356.05	499.11	5.8772	0.72917	1.0094	448.79	0.046574	3.3287e-05	0.045473	supercritical
543.00	66.000	46.050	0.021715	356.79	500.12	5.8790	0.72947	1.0096	449.17	0.046217	3.3328e-05	0.045536	supercritical
544.00	66.000	45.964	0.021756	357.53	501.13	5.8809	0.72977	1.0098	449.56	0.045860	3.3370e-05	0.045600	supercritical
545.00	66.000	45.878	0.021797	358.27	502.13	5.8828	0.73007	1.0100	449.94	0.045506	3.3411e-05	0.045663	supercritical
546.00	66.000	45.792	0.021838	359.01	503.15	5.8846	0.73037	1.0102	450.32	0.045153	3.3452e-05	0.045726	supercritical
547.00	66.000	45.706	0.021879	359.76	504.16	5.8865	0.73067	1.0104	450.71	0.044801	3.3493e-05	0.045789	supercritical
548.00	66.000	45.621	0.021920	360.50	505.17	5.8883	0.73097	1.0107	451.09	0.044452	3.3534e-05	0.045853	supercritical
549.00	66.000	45.537	0.021960	361.24	506.18	5.8902	0.73127	1.0109	451.47	0.044103	3.3576e-05	0.045916	supercritical
550.00	66.000	45.452	0.022001	361.98	507.19	5.8920	0.73157	1.0111	451.85	0.043757	3.3617e-05	0.045979	supercritical
551.00	66.000	45.368	0.022042	362.72	508.20	5.8938	0.73187	1.0113	452.23	0.043412	3.3658e-05	0.046042	supercritical
552.00	66.000	45.284	0.022083	363.46	509.21	5.8957	0.73217	1.0115	452.61	0.043069	3.3699e-05	0.046105	supercritical
553.00	66.000	45.201	0.022124	364.21	510.22	5.8975	0.73247	1.0117	452.99	0.042727	3.3740e-05	0.046168	supercritical
554.00	66.000	45.117	0.022164	364.95	511.23	5.8993	0.73276	1.0119	453.37	0.042387	3.3781e-05	0.046232	supercritical
555.00	66.000	45.035	0.022205	365.69	512.25	5.9011	0.73306	1.0121	453.75	0.042048	3.3822e-05	0.046295	supercritical
556.00	66.000	44.952	0.022246	366.43	513.26	5.9030	0.73336	1.0124	454.13	0.041711	3.3862e-05	0.046358	supercritical
557.00	66.000	44.870	0.022287	367.18	514.27	5.9048	0.73366	1.0126	454.50	0.041375	3.3903e-05	0.046421	supercritical
558.00	66.000	44.788	0.022327	367.92	515.28	5.9066	0.73396	1.0128	454.88	0.041041	3.3944e-05	0.046484	supercritical
559.00	66.000	44.706	0.022368	368.67	516.30	5.9084	0.73425	1.0130	455.26	0.040709	3.3985e-05	0.046547	supercritical
560.00	66.000	44.625	0.022409	369.41	517.31	5.9102	0.73455	1.0132	455.63	0.040378	3.4026e-05	0.046610	supercritical
561.00	66.000	44.544	0.022450	370.15	518.32	5.9120	0.73485	1.0134	456.01	0.040049	3.4066e-05	0.046672	supercritical
562.00	66.000	44.463	0.022490	370.90	519.34	5.9138	0.73515	1.0136	456.39	0.039721	3.4107e-05	0.046735	supercritical
563.00	66.000	44.383	0.022531	371.64	520.35	5.9156	0.73544	1.0139	456.76	0.039394	3.4148e-05	0.046798	supercritical
564.00	66.000	44.303	0.022572	372.39	521.36	5.9174	0.73574	1.0141	457.14	0.039069	3.4188e-05	0.046861	supercritical
565.00	66.000	44.223	0.022613	373.13	522.38	5.9192	0.73604	1.0143	457.51	0.038746	3.4229e-05	0.046924	supercritical
566.00	66.000	44.144	0.022653	373.88	523.39	5.9210	0.73633	1.0145	457.89	0.038423	3.4270e-05	0.046987	supercritical
567.00	66.000	44.064	0.022694	374.63	524.41	5.9228	0.73663	1.0147	458.26	0.038103	3.4310e-05	0.047049	supercritical
568.00	66.000	43.986	0.022735	375.37	525.42	5.9246	0.73692	1.0150	458.63	0.037784	3.4351e-05	0.047112	supercritical
569.00	66.000	43.907	0.022775	376.12	526.44	5.9264	0.73722	1.0152	459.01	0.037466	3.4391e-05	0.047175	supercritical
570.00	66.000	43.829	0.022816	376.87	527.45	5.9282	0.73752	1.0154	459.38	0.037150	3.4432e-05	0.047238	supercritical
571.00	66.000	43.751	0.022857	377.61	528.47	5.9300	0.73781	1.0156	459.75	0.036835	3.4472e-05	0.047300	supercritical
572.00	66.000	43.673	0.022898	378.36	529.48	5.9317	0.73811	1.0158	460.12	0.036521	3.4513e-05	0.047363	supercritical
573.00	66.000	43.595	0.022938	379.11	530.50	5.9335	0.73840	1.0160	460.49	0.036209	3.4553e-05	0.047426	supercritical
574.00	66.000	43.518	0.022979	379.85	531.52	5.9353	0.73870	1.0163	460.86	0.035898	3.4593e-05	0.047488	supercritical
575.00	66.000	43.441	0.023020	380.60	532.53	5.9371	0.73899	1.0165	461.23	0.035589	3.4634e-05	0.047551	supercritical
576.00	66.000	43.365	0.023060	381.35	533.55	5.9388	0.73928	1.0167	461.61	0.035281	3.4674e-05	0.047613	supercritical
577.00	66.000	43.288	0.023101	382.10	534.57	5.9406	0.73958	1.0169	461.97	0.034974	3.4714e-05	0.047676	supercritical
578.00	66.000	43.212	0.023141	382.85	535.58	5.9423	0.73987	1.0171	462.34	0.034669	3.4754e-05	0.047739	supercritical
579.00	66.000	43.137	0.023182	383.60	536.60	5.9441	0.74016	1.0174	462.71	0.034365	3.4794e-05	0.047801	supercritical
580.00	66.000	43.061	0.023223	384.35	537.62	5.9459	0.74046	1.0176	463.08	0.034063	3.4835e-05	0.047864	supercritical
581.00	66.000	42.986	0.023263	385.10	538.63	5.9476	0.74075	1.0178	463.45	0.033761	3.4875e-05	0.047926	supercritical
582.00	66.000	42.911	0.023304	385.85	539.65	5.9494	0.74104	1.0180	463.82	0.033462	3.4915e-05	0.047988	supercritical
583.00	66.000	42.836	0.023345	386.60	540.67	5.9511	0.74134	1.0183	464.19	0.033163	3.4955e-05	0.048051	supercritical
584.00	66.000	42.762	0.023385	387.35	541.69	5.9529	0.74163	1.0185	464.55	0.032866	3.4995e-05	0.048113	supercritical
585.00	66.000	42.688	0.023426	388.10	542.71	5.9546	0.74192	1.0187	464.92	0.032570	3.5035e-05	0.048176	supercritical
586.00	66.000	42.614	0.023466	388.85	543.73	5.9563	0.74221	1.0189	465.29	0.032275	3.5075e-05	0.048238	supercritical
587.00	66.000	42.540	0.023507	389.60	544.75	5.9581	0.74250	1.0191	465.65	0.031982	3.5115e-05	0.048300	supercritical
588.00	66.000	42.467	0.023548	390.35	545.76	5.9598	0.74279	1.0194	466.02	0.031690	3.5155e-05	0.048363	supercritical
589.00	66.000	42.394	0.023588	391.10	546.78	5.9615	0.74308	1.0196	466.38	0.031399	3.5195e-05	0.048425	supercritical
590.00	66.000	42.321	0.023629	391.85	547.80	5.9633	0.74338	1.0198	466.75	0.031109	3.5235e-05	0.048487	supercritical
591.00	66.000	42.249	0.023669	392.61	548.82	5.9650	0.74367	1.0200	467.11	0.030821	3.5275e-05	0.048549	supercritical
592.00	66.000	42.176	0.023710	393.36	549.84	5.9667	0.74396	1.0203	467.48	0.030534	3.5314e-05	0.048612	supercritical
593.00	66.000	42.104	0.023751	394.11	550.86	5.9684	0.74425	1.0205	467.84	0.030248	3.5354e-05	0.048674	supercritical
594.00	66.000	42.032	0.023791	394.86	551.88	5.9702	0.74453	1.0207	468.20	0.029964	3.5394e-05	0.048736	supercritical
595.00	66.000	41.961	0.023832	395.62	552.91	5.9719	0.74482	1.0209	468.57	0.029680	3.5434e-05	0.048798	supercritical
596.00	66.000	41.890	0.023872	396.37	553.93	5.9736	0.74511	1.0211	468.93	0.029398	3.5473e-05	0.048860	supercritical
597.00	66.000	41.818	0.023913	397.12	554.95	5.9753	0.74540	1.0214	469.29	0.029118	3.5513e-05	0.048922	supercritical
598.00	66.000	41.748	0.023953	397.88	555.97	5.9770	0.74569	1.0216	469.65	0.028838	3.5553e-05	0.048984	supercritical
599.00	66.000	41.677	0.023994	398.63	556.99	5.9787	0.74598	1.0218	470.01	0.028559	3.5592e-05	0.049046	supercritical
600.00	66.000	41.607	0.024035	399.39	558.01	5.9804	0.74626	1.0220	470.37	0.028282	3.5632e-05	0.049108	supercritical
