Temperature (K)	Pressure (bar)	Density (kg/m3)	Volume (m3/kg)	Internal Energy (kJ/kg)	Enthalpy (kJ/kg)	Entropy (J/g*K)	Cv (J/g*K)	Cp (J/g*K)	Sound Spd. (m/s)	Joule-Thomson (K/bar)	Viscosity (Pa*s)	Therm. Cond. (W/m*K)	Phase
60.000	97.000	1293.4	0.00077317	-185.67	-178.17	2.2319	1.0923	1.6535	1153.7	-0.037610	0.00062382	0.19784	liquid
61.000	97.000	1289.1	0.00077571	-184.04	-176.51	2.2593	1.0841	1.6556	1149.8	-0.037452	0.00059447	0.19651	liquid
62.000	97.000	1284.9	0.00077828	-182.41	-174.86	2.2862	1.0768	1.6573	1145.2	-0.037310	0.00056707	0.19519	liquid
63.000	97.000	1280.6	0.00078087	-180.77	-173.20	2.3127	1.0702	1.6586	1140.0	-0.037181	0.00054148	0.19386	liquid
64.000	97.000	1276.3	0.00078349	-179.14	-171.54	2.3389	1.0641	1.6596	1134.4	-0.037064	0.00051756	0.19253	liquid
65.000	97.000	1272.1	0.00078613	-177.51	-169.88	2.3646	1.0583	1.6602	1128.4	-0.036956	0.00049520	0.19121	liquid
66.000	97.000	1267.8	0.00078880	-175.87	-168.22	2.3899	1.0528	1.6605	1122.1	-0.036855	0.00047428	0.18988	liquid
67.000	97.000	1263.4	0.00079149	-174.24	-166.56	2.4149	1.0475	1.6606	1115.5	-0.036759	0.00045468	0.18856	liquid
68.000	97.000	1259.1	0.00079420	-172.60	-164.90	2.4395	1.0425	1.6605	1108.8	-0.036667	0.00043632	0.18723	liquid
69.000	97.000	1254.8	0.00079694	-170.97	-163.24	2.4638	1.0375	1.6603	1101.9	-0.036577	0.00041909	0.18591	liquid
70.000	97.000	1250.5	0.00079970	-169.34	-161.58	2.4876	1.0327	1.6599	1094.9	-0.036489	0.00040291	0.18458	liquid
71.000	97.000	1246.1	0.00080248	-167.70	-159.92	2.5112	1.0279	1.6594	1087.8	-0.036399	0.00038771	0.18326	liquid
72.000	97.000	1241.8	0.00080529	-166.07	-158.26	2.5344	1.0233	1.6589	1080.7	-0.036308	0.00037340	0.18193	liquid
73.000	97.000	1237.4	0.00080812	-164.44	-156.60	2.5573	1.0187	1.6583	1073.5	-0.036215	0.00035994	0.18061	liquid
74.000	97.000	1233.1	0.00081098	-162.81	-154.94	2.5798	1.0141	1.6578	1066.2	-0.036118	0.00034724	0.17929	liquid
75.000	97.000	1228.7	0.00081386	-161.18	-153.29	2.6021	1.0096	1.6572	1058.9	-0.036017	0.00033527	0.17796	liquid
76.000	97.000	1224.3	0.00081676	-159.55	-151.63	2.6240	1.0052	1.6566	1051.6	-0.035911	0.00032396	0.17664	liquid
77.000	97.000	1220.0	0.00081970	-157.92	-149.97	2.6457	1.0008	1.6561	1044.3	-0.035799	0.00031326	0.17531	liquid
78.000	97.000	1215.6	0.00082265	-156.30	-148.32	2.6670	0.99649	1.6557	1037.0	-0.035681	0.00030315	0.17399	liquid
79.000	97.000	1211.2	0.00082564	-154.67	-146.66	2.6881	0.99220	1.6553	1029.7	-0.035557	0.00029356	0.17266	liquid
80.000	97.000	1206.8	0.00082866	-153.04	-145.01	2.7090	0.98795	1.6550	1022.3	-0.035425	0.00028447	0.17134	liquid
81.000	97.000	1202.4	0.00083170	-151.42	-143.35	2.7295	0.98376	1.6548	1015.0	-0.035286	0.00027585	0.17001	liquid
82.000	97.000	1197.9	0.00083477	-149.79	-141.70	2.7498	0.97960	1.6547	1007.6	-0.035138	0.00026765	0.16868	liquid
83.000	97.000	1193.5	0.00083788	-148.17	-140.04	2.7699	0.97550	1.6547	1000.3	-0.034982	0.00025986	0.16736	liquid
84.000	97.000	1189.0	0.00084102	-146.54	-138.39	2.7897	0.97145	1.6548	992.96	-0.034817	0.00025244	0.16603	liquid
85.000	97.000	1184.6	0.00084419	-144.92	-136.73	2.8093	0.96744	1.6550	985.62	-0.034643	0.00024537	0.16470	liquid
86.000	97.000	1180.1	0.00084739	-143.30	-135.08	2.8286	0.96348	1.6554	978.29	-0.034460	0.00023863	0.16337	liquid
87.000	97.000	1175.6	0.00085063	-141.67	-133.42	2.8478	0.95957	1.6558	970.96	-0.034267	0.00023219	0.16204	liquid
88.000	97.000	1171.1	0.00085390	-140.05	-131.76	2.8667	0.95570	1.6564	963.64	-0.034063	0.00022604	0.16071	liquid
89.000	97.000	1166.6	0.00085721	-138.42	-130.11	2.8854	0.95189	1.6571	956.31	-0.033849	0.00022016	0.15937	liquid
90.000	97.000	1162.0	0.00086056	-136.80	-128.45	2.9039	0.94812	1.6579	948.98	-0.033624	0.00021452	0.15804	liquid
91.000	97.000	1157.5	0.00086395	-135.17	-126.79	2.9223	0.94440	1.6589	941.66	-0.033388	0.00020912	0.15670	liquid
92.000	97.000	1152.9	0.00086737	-133.55	-125.13	2.9404	0.94074	1.6600	934.33	-0.033140	0.00020394	0.15537	liquid
93.000	97.000	1148.3	0.00087084	-131.92	-123.47	2.9584	0.93711	1.6613	927.00	-0.032881	0.00019897	0.15403	liquid
94.000	97.000	1143.7	0.00087436	-130.29	-121.81	2.9761	0.93354	1.6627	919.66	-0.032610	0.00019419	0.15269	liquid
95.000	97.000	1139.1	0.00087791	-128.66	-120.15	2.9937	0.93002	1.6642	912.32	-0.032326	0.00018959	0.15135	liquid
96.000	97.000	1134.4	0.00088151	-127.03	-118.48	3.0112	0.92654	1.6659	904.98	-0.032029	0.00018516	0.15001	liquid
97.000	97.000	1129.7	0.00088516	-125.40	-116.81	3.0284	0.92311	1.6677	897.63	-0.031719	0.00018090	0.14867	liquid
98.000	97.000	1125.0	0.00088886	-123.77	-115.15	3.0456	0.91972	1.6696	890.28	-0.031395	0.00017679	0.14733	liquid
99.000	97.000	1120.3	0.00089260	-122.13	-113.48	3.0625	0.91638	1.6718	882.91	-0.031057	0.00017282	0.14599	liquid
100.00	97.000	1115.6	0.00089640	-120.50	-111.80	3.0793	0.91309	1.6740	875.54	-0.030704	0.00016898	0.14464	liquid
101.00	97.000	1110.8	0.00090025	-118.86	-110.13	3.0960	0.90985	1.6765	868.16	-0.030336	0.00016528	0.14330	liquid
102.00	97.000	1106.0	0.00090416	-117.22	-108.45	3.1125	0.90665	1.6790	860.76	-0.029953	0.00016169	0.14196	liquid
103.00	97.000	1101.2	0.00090812	-115.58	-106.77	3.1289	0.90349	1.6818	853.35	-0.029554	0.00015822	0.14061	liquid
104.00	97.000	1096.3	0.00091214	-113.93	-105.09	3.1452	0.90038	1.6847	845.93	-0.029138	0.00015485	0.13926	liquid
105.00	97.000	1091.4	0.00091622	-112.29	-103.40	3.1613	0.89731	1.6878	838.50	-0.028704	0.00015159	0.13791	liquid
106.00	97.000	1086.5	0.00092037	-110.64	-101.71	3.1773	0.89429	1.6911	831.05	-0.028253	0.00014843	0.13657	liquid
107.00	97.000	1081.6	0.00092457	-108.99	-100.02	3.1932	0.89131	1.6945	823.59	-0.027784	0.00014535	0.13522	liquid
108.00	97.000	1076.6	0.00092885	-107.33	-98.321	3.2090	0.88838	1.6981	816.10	-0.027295	0.00014236	0.13387	liquid
109.00	97.000	1071.6	0.00093319	-105.67	-96.621	3.2247	0.88549	1.7020	808.60	-0.026786	0.00013946	0.13252	liquid
110.00	97.000	1066.5	0.00093761	-104.01	-94.917	3.2402	0.88264	1.7060	801.08	-0.026256	0.00013663	0.13118	liquid
111.00	97.000	1061.5	0.00094210	-102.35	-93.209	3.2557	0.87983	1.7102	793.54	-0.025705	0.00013388	0.12983	liquid
112.00	97.000	1056.3	0.00094666	-100.68	-91.497	3.2711	0.87707	1.7146	785.98	-0.025131	0.00013120	0.12849	liquid
113.00	97.000	1051.2	0.00095131	-99.007	-89.780	3.2863	0.87435	1.7192	778.40	-0.024533	0.00012858	0.12714	liquid
114.00	97.000	1046.0	0.00095604	-97.332	-88.058	3.3015	0.87168	1.7241	770.79	-0.023912	0.00012603	0.12580	liquid
115.00	97.000	1040.7	0.00096085	-95.652	-86.332	3.3166	0.86905	1.7292	763.16	-0.023264	0.00012354	0.12446	liquid
116.00	97.000	1035.5	0.00096575	-93.967	-84.600	3.3316	0.86646	1.7345	755.50	-0.022590	0.00012111	0.12311	liquid
117.00	97.000	1030.1	0.00097075	-92.279	-82.862	3.3465	0.86391	1.7401	747.81	-0.021888	0.00011874	0.12177	liquid
118.00	97.000	1024.8	0.00097584	-90.585	-81.119	3.3613	0.86141	1.7460	740.10	-0.021156	0.00011641	0.12043	liquid
119.00	97.000	1019.3	0.00098103	-88.886	-79.370	3.3761	0.85896	1.7521	732.36	-0.020394	0.00011414	0.11908	liquid
120.00	97.000	1013.9	0.00098632	-87.182	-77.615	3.3908	0.85654	1.7585	724.58	-0.019600	0.00011192	0.11774	liquid
121.00	97.000	1008.3	0.00099172	-85.473	-75.853	3.4054	0.85418	1.7652	716.77	-0.018772	0.00010975	0.11640	liquid
122.00	97.000	1002.8	0.00099724	-83.758	-74.085	3.4199	0.85185	1.7722	708.94	-0.017908	0.00010761	0.11506	liquid
123.00	97.000	997.14	0.0010029	-82.037	-72.309	3.4344	0.84958	1.7795	701.06	-0.017007	0.00010553	0.11372	liquid
124.00	97.000	991.45	0.0010086	-80.309	-70.525	3.4489	0.84735	1.7872	693.15	-0.016067	0.00010348	0.11239	liquid
125.00	97.000	985.70	0.0010145	-78.575	-68.734	3.4633	0.84516	1.7953	685.20	-0.015086	0.00010147	0.11105	liquid
126.00	97.000	979.89	0.0010205	-76.834	-66.935	3.4776	0.84303	1.8037	677.22	-0.014061	9.9501e-05	0.10972	liquid
127.00	97.000	974.01	0.0010267	-75.085	-65.127	3.4919	0.84095	1.8126	669.19	-0.012989	9.7567e-05	0.10838	liquid
128.00	97.000	968.07	0.0010330	-73.329	-63.309	3.5061	0.83891	1.8219	661.12	-0.011870	9.5669e-05	0.10705	liquid
129.00	97.000	962.05	0.0010394	-71.565	-61.483	3.5204	0.83693	1.8316	653.01	-0.010698	9.3804e-05	0.10572	liquid
130.00	97.000	955.96	0.0010461	-69.793	-59.646	3.5345	0.83500	1.8418	644.85	-0.0094720	9.1971e-05	0.10439	liquid
131.00	97.000	949.80	0.0010529	-68.012	-57.799	3.5487	0.83312	1.8525	636.65	-0.0081881	9.0169e-05	0.10307	liquid
132.00	97.000	943.55	0.0010598	-66.221	-55.941	3.5628	0.83130	1.8638	628.39	-0.0068426	8.8397e-05	0.10174	liquid
133.00	97.000	937.22	0.0010670	-64.421	-54.071	3.5769	0.82953	1.8756	620.09	-0.0054319	8.6655e-05	0.10042	liquid
134.00	97.000	930.80	0.0010743	-62.611	-52.189	3.5910	0.82783	1.8881	611.73	-0.0039516	8.4940e-05	0.099102	liquid
135.00	97.000	924.29	0.0010819	-60.789	-50.295	3.6051	0.82618	1.9012	603.32	-0.0023972	8.3251e-05	0.097785	liquid
136.00	97.000	917.68	0.0010897	-58.957	-48.387	3.6192	0.82460	1.9151	594.86	-0.00076371	8.1589e-05	0.096470	liquid
137.00	97.000	910.97	0.0010977	-57.112	-46.464	3.6333	0.82309	1.9297	586.33	0.00095423	7.9951e-05	0.095158	liquid
138.00	97.000	904.16	0.0011060	-55.255	-44.527	3.6474	0.82164	1.9451	577.75	0.0027626	7.8338e-05	0.093849	liquid
139.00	97.000	897.23	0.0011145	-53.385	-42.574	3.6615	0.82026	1.9614	569.10	0.0046677	7.6747e-05	0.092543	liquid
140.00	97.000	890.19	0.0011234	-51.501	-40.604	3.6756	0.81896	1.9786	560.39	0.0066768	7.5178e-05	0.091239	liquid
141.00	97.000	883.02	0.0011325	-49.601	-38.616	3.6897	0.81774	1.9969	551.62	0.0087975	7.3631e-05	0.089939	liquid
142.00	97.000	875.72	0.0011419	-47.686	-36.610	3.7039	0.81659	2.0163	542.77	0.011038	7.2105e-05	0.088641	liquid
143.00	97.000	868.28	0.0011517	-45.755	-34.583	3.7181	0.81554	2.0369	533.85	0.013409	7.0597e-05	0.087347	liquid
144.00	97.000	860.69	0.0011619	-43.806	-32.536	3.7324	0.81457	2.0587	524.86	0.015919	6.9109e-05	0.086056	liquid
145.00	97.000	852.95	0.0011724	-41.838	-30.465	3.7467	0.81369	2.0820	515.80	0.018580	6.7639e-05	0.084768	liquid
146.00	97.000	845.04	0.0011834	-39.850	-28.371	3.7611	0.81292	2.1069	506.66	0.021405	6.6186e-05	0.083483	liquid
147.00	97.000	836.96	0.0011948	-37.841	-26.251	3.7756	0.81225	2.1335	497.44	0.024407	6.4749e-05	0.082201	liquid
148.00	97.000	828.69	0.0012067	-35.809	-24.104	3.7902	0.81169	2.1619	488.14	0.027602	6.3328e-05	0.080923	liquid
149.00	97.000	820.22	0.0012192	-33.753	-21.927	3.8048	0.81125	2.1923	478.77	0.031006	6.1921e-05	0.079648	liquid
150.00	97.000	811.53	0.0012322	-31.671	-19.718	3.8196	0.81094	2.2250	469.32	0.034639	6.0529e-05	0.078376	liquid
151.00	97.000	802.62	0.0012459	-29.561	-17.476	3.8345	0.81076	2.2601	459.78	0.038521	5.9149e-05	0.077106	liquid
152.00	97.000	793.47	0.0012603	-27.422	-15.197	3.8495	0.81071	2.2979	450.18	0.042674	5.7781e-05	0.075840	liquid
153.00	97.000	784.05	0.0012754	-25.251	-12.879	3.8647	0.81082	2.3387	440.49	0.047125	5.6424e-05	0.074576	liquid
154.00	97.000	774.36	0.0012914	-23.045	-10.519	3.8801	0.81107	2.3828	430.74	0.051902	5.5077e-05	0.073315	liquid
155.00	97.000	764.36	0.0013083	-20.803	-8.1124	3.8957	0.81149	2.4305	420.93	0.057037	5.3740e-05	0.072055	supercritical
156.00	97.000	754.03	0.0013262	-18.521	-5.6564	3.9115	0.81207	2.4822	411.07	0.062562	5.2410e-05	0.070798	supercritical
157.00	97.000	743.36	0.0013452	-16.195	-3.1465	3.9275	0.81281	2.5384	401.16	0.068518	5.1087e-05	0.069542	supercritical
158.00	97.000	732.31	0.0013655	-13.824	-0.57796	3.9438	0.81373	2.5994	391.22	0.074944	4.9771e-05	0.068286	supercritical
159.00	97.000	720.86	0.0013872	-11.402	2.0542	3.9604	0.81482	2.6658	381.28	0.081887	4.8459e-05	0.067032	supercritical
160.00	97.000	708.97	0.0014105	-8.9264	4.7555	3.9774	0.81607	2.7378	371.34	0.089393	4.7151e-05	0.065777	supercritical
161.00	97.000	696.61	0.0014355	-6.3928	7.5318	3.9947	0.81748	2.8160	361.43	0.097512	4.5847e-05	0.064520	supercritical
162.00	97.000	683.75	0.0014625	-3.7969	10.390	4.0124	0.81902	2.9004	351.59	0.10629	4.4544e-05	0.063263	supercritical
163.00	97.000	670.36	0.0014917	-1.1349	13.335	4.0305	0.82069	2.9912	341.86	0.11578	4.3244e-05	0.062002	supercritical
164.00	97.000	656.42	0.0015234	1.5968	16.374	4.0491	0.82245	3.0879	332.28	0.12603	4.1945e-05	0.060737	supercritical
165.00	97.000	641.90	0.0015579	4.4011	19.512	4.0682	0.82426	3.1897	322.90	0.13705	4.0649e-05	0.059468	supercritical
166.00	97.000	626.81	0.0015954	7.2793	22.755	4.0877	0.82609	3.2950	313.78	0.14887	3.9357e-05	0.058192	supercritical
167.00	97.000	611.14	0.0016363	10.231	26.103	4.1079	0.82787	3.4015	305.01	0.16148	3.8071e-05	0.056909	supercritical
168.00	97.000	594.93	0.0016809	13.252	29.557	4.1285	0.82953	3.5057	296.64	0.17485	3.6797e-05	0.055618	supercritical
169.00	97.000	578.25	0.0017293	16.338	33.112	4.1496	0.83101	3.6037	288.77	0.18890	3.5539e-05	0.054318	supercritical
170.00	97.000	561.19	0.0017819	19.476	36.760	4.1711	0.83222	3.6905	281.46	0.20353	3.4304e-05	0.053010	supercritical
171.00	97.000	543.87	0.0018387	22.652	40.488	4.1930	0.83304	3.7607	274.79	0.21859	3.3101e-05	0.051695	supercritical
172.00	97.000	526.45	0.0018995	25.849	44.275	4.2150	0.83340	3.8090	268.81	0.23387	3.1938e-05	0.050378	supercritical
173.00	97.000	509.10	0.0019642	29.044	48.097	4.2372	0.83320	3.8308	263.56	0.24913	3.0826e-05	0.049063	supercritical
174.00	97.000	492.03	0.0020324	32.212	51.926	4.2593	0.83240	3.8229	259.05	0.26409	2.9774e-05	0.047759	supercritical
175.00	97.000	475.41	0.0021034	35.329	55.733	4.2811	0.83097	3.7850	255.28	0.27847	2.8789e-05	0.046476	supercritical
176.00	97.000	459.42	0.0021767	38.373	59.487	4.3025	0.82894	3.7195	252.22	0.29204	2.7878e-05	0.045227	supercritical
177.00	97.000	444.17	0.0022514	41.326	63.164	4.3233	0.82637	3.6313	249.79	0.30460	2.7044e-05	0.044023	supercritical
178.00	97.000	429.76	0.0023269	44.174	66.744	4.3435	0.82334	3.5266	247.95	0.31606	2.6285e-05	0.042875	supercritical
179.00	97.000	416.22	0.0024026	46.909	70.214	4.3629	0.81995	3.4117	246.59	0.32635	2.5601e-05	0.041791	supercritical
180.00	97.000	403.55	0.0024780	49.530	73.566	4.3816	0.81630	3.2921	245.66	0.33549	2.4986e-05	0.040776	supercritical
181.00	97.000	391.74	0.0025527	52.037	76.798	4.3995	0.81246	3.1722	245.09	0.34353	2.4436e-05	0.039830	supercritical
182.00	97.000	380.73	0.0026265	54.434	79.911	4.4166	0.80851	3.0550	244.80	0.35055	2.3944e-05	0.038955	supercritical
183.00	97.000	370.48	0.0026992	56.727	82.910	4.4331	0.80450	2.9426	244.76	0.35661	2.3505e-05	0.038146	supercritical
184.00	97.000	360.92	0.0027707	58.923	85.799	4.4488	0.80049	2.8361	244.91	0.36181	2.3113e-05	0.037401	supercritical
185.00	97.000	352.01	0.0028409	61.028	88.584	4.4639	0.79651	2.7361	245.23	0.36623	2.2763e-05	0.036716	supercritical
186.00	97.000	343.68	0.0029097	63.049	91.273	4.4784	0.79259	2.6426	245.67	0.36995	2.2451e-05	0.036086	supercritical
187.00	97.000	335.88	0.0029773	64.992	93.872	4.4923	0.78874	2.5556	246.23	0.37304	2.2171e-05	0.035506	supercritical
188.00	97.000	328.56	0.0030435	66.864	96.386	4.5058	0.78498	2.4748	246.87	0.37556	2.1920e-05	0.034973	supercritical
189.00	97.000	321.69	0.0031085	68.670	98.823	4.5187	0.78131	2.3998	247.59	0.37758	2.1696e-05	0.034483	supercritical
190.00	97.000	315.23	0.0031723	70.416	101.19	4.5312	0.77776	2.3302	248.36	0.37915	2.1494e-05	0.034031	supercritical
191.00	97.000	309.12	0.0032349	72.106	103.49	4.5432	0.77431	2.2656	249.19	0.38032	2.1314e-05	0.033615	supercritical
192.00	97.000	303.36	0.0032964	73.745	105.72	4.5549	0.77097	2.2056	250.05	0.38112	2.1152e-05	0.033231	supercritical
193.00	97.000	297.90	0.0033569	75.336	107.90	4.5662	0.76774	2.1498	250.95	0.38160	2.1006e-05	0.032877	supercritical
194.00	97.000	292.72	0.0034163	76.883	110.02	4.5772	0.76463	2.0979	251.87	0.38180	2.0875e-05	0.032549	supercritical
195.00	97.000	287.80	0.0034747	78.390	112.09	4.5878	0.76162	2.0495	252.81	0.38174	2.0758e-05	0.032246	supercritical
196.00	97.000	283.11	0.0035322	79.859	114.12	4.5982	0.75872	2.0043	253.78	0.38144	2.0653e-05	0.031966	supercritical
197.00	97.000	278.65	0.0035887	81.293	116.10	4.6083	0.75593	1.9621	254.75	0.38094	2.0559e-05	0.031707	supercritical
198.00	97.000	274.39	0.0036445	82.695	118.05	4.6181	0.75324	1.9226	255.74	0.38026	2.0474e-05	0.031467	supercritical
199.00	97.000	270.31	0.0036994	84.066	119.95	4.6277	0.75064	1.8855	256.73	0.37941	2.0399e-05	0.031245	supercritical
200.00	97.000	266.41	0.0037536	85.408	121.82	4.6371	0.74814	1.8508	257.73	0.37842	2.0332e-05	0.031039	supercritical
201.00	97.000	262.67	0.0038070	86.724	123.65	4.6462	0.74574	1.8181	258.73	0.37729	2.0272e-05	0.030847	supercritical
202.00	97.000	259.09	0.0038597	88.016	125.45	4.6552	0.74342	1.7873	259.74	0.37604	2.0220e-05	0.030670	supercritical
203.00	97.000	255.64	0.0039118	89.283	127.23	4.6639	0.74118	1.7584	260.74	0.37469	2.0174e-05	0.030506	supercritical
204.00	97.000	252.32	0.0039632	90.529	128.97	4.6725	0.73903	1.7310	261.75	0.37325	2.0133e-05	0.030353	supercritical
205.00	97.000	249.13	0.0040140	91.754	130.69	4.6809	0.73696	1.7051	262.75	0.37172	2.0098e-05	0.030212	supercritical
206.00	97.000	246.05	0.0040642	92.960	132.38	4.6891	0.73496	1.6807	263.76	0.37011	2.0068e-05	0.030081	supercritical
207.00	97.000	243.08	0.0041138	94.148	134.05	4.6972	0.73304	1.6575	264.76	0.36844	2.0042e-05	0.029960	supercritical
208.00	97.000	240.21	0.0041629	95.318	135.70	4.7052	0.73119	1.6355	265.76	0.36671	2.0021e-05	0.029848	supercritical
209.00	97.000	237.44	0.0042115	96.471	137.32	4.7130	0.72940	1.6146	266.75	0.36493	2.0004e-05	0.029744	supercritical
210.00	97.000	234.76	0.0042596	97.609	138.93	4.7206	0.72767	1.5948	267.75	0.36310	1.9990e-05	0.029648	supercritical
211.00	97.000	232.17	0.0043073	98.733	140.51	4.7282	0.72601	1.5759	268.73	0.36123	1.9980e-05	0.029559	supercritical
212.00	97.000	229.65	0.0043544	99.842	142.08	4.7356	0.72441	1.5579	269.72	0.35932	1.9972e-05	0.029478	supercritical
213.00	97.000	227.21	0.0044012	100.94	143.63	4.7428	0.72286	1.5408	270.70	0.35739	1.9968e-05	0.029402	supercritical
214.00	97.000	224.85	0.0044475	102.02	145.16	4.7500	0.72137	1.5244	271.67	0.35542	1.9967e-05	0.029333	supercritical
215.00	97.000	222.55	0.0044934	103.09	146.68	4.7571	0.71993	1.5088	272.64	0.35343	1.9968e-05	0.029270	supercritical
216.00	97.000	220.32	0.0045389	104.15	148.18	4.7641	0.71854	1.4939	273.60	0.35143	1.9971e-05	0.029212	supercritical
217.00	97.000	218.15	0.0045840	105.20	149.67	4.7709	0.71720	1.4796	274.56	0.34940	1.9977e-05	0.029159	supercritical
218.00	97.000	216.04	0.0046288	106.24	151.14	4.7777	0.71591	1.4659	275.51	0.34736	1.9985e-05	0.029111	supercritical
219.00	97.000	213.99	0.0046732	107.27	152.60	4.7844	0.71465	1.4528	276.46	0.34531	1.9995e-05	0.029068	supercritical
220.00	97.000	211.99	0.0047173	108.29	154.04	4.7910	0.71345	1.4402	277.41	0.34325	2.0006e-05	0.029029	supercritical
221.00	97.000	210.04	0.0047610	109.30	155.48	4.7975	0.71228	1.4281	278.34	0.34119	2.0020e-05	0.028994	supercritical
222.00	97.000	208.14	0.0048045	110.30	156.90	4.8039	0.71115	1.4165	279.27	0.33912	2.0035e-05	0.028963	supercritical
223.00	97.000	206.29	0.0048476	111.29	158.31	4.8102	0.71006	1.4054	280.20	0.33704	2.0051e-05	0.028935	supercritical
224.00	97.000	204.48	0.0048904	112.28	159.71	4.8165	0.70900	1.3947	281.12	0.33496	2.0070e-05	0.028911	supercritical
225.00	97.000	202.72	0.0049330	113.25	161.10	4.8227	0.70798	1.3844	282.04	0.33289	2.0089e-05	0.028891	supercritical
226.00	97.000	201.00	0.0049752	114.22	162.48	4.8288	0.70699	1.3745	282.95	0.33081	2.0110e-05	0.028873	supercritical
227.00	97.000	199.31	0.0050172	115.18	163.85	4.8349	0.70604	1.3649	283.85	0.32874	2.0132e-05	0.028859	supercritical
228.00	97.000	197.67	0.0050590	116.14	165.21	4.8408	0.70512	1.3557	284.75	0.32667	2.0155e-05	0.028847	supercritical
229.00	97.000	196.06	0.0051005	117.09	166.56	4.8467	0.70422	1.3468	285.65	0.32460	2.0180e-05	0.028838	supercritical
230.00	97.000	194.49	0.0051417	118.03	167.90	4.8526	0.70336	1.3382	286.54	0.32254	2.0205e-05	0.028831	supercritical
231.00	97.000	192.95	0.0051827	118.97	169.24	4.8584	0.70252	1.3299	287.42	0.32048	2.0231e-05	0.028827	supercritical
232.00	97.000	191.44	0.0052235	119.90	170.56	4.8641	0.70171	1.3219	288.30	0.31844	2.0259e-05	0.028826	supercritical
233.00	97.000	189.97	0.0052640	120.82	171.88	4.8698	0.70093	1.3142	289.18	0.31639	2.0287e-05	0.028826	supercritical
234.00	97.000	188.52	0.0053044	121.74	173.19	4.8754	0.70017	1.3067	290.04	0.31436	2.0316e-05	0.028829	supercritical
235.00	97.000	187.11	0.0053445	122.65	174.50	4.8809	0.69943	1.2994	290.91	0.31234	2.0346e-05	0.028834	supercritical
236.00	97.000	185.72	0.0053844	123.56	175.79	4.8865	0.69872	1.2924	291.77	0.31032	2.0377e-05	0.028841	supercritical
237.00	97.000	184.36	0.0054241	124.47	177.08	4.8919	0.69803	1.2857	292.62	0.30832	2.0408e-05	0.028849	supercritical
238.00	97.000	183.03	0.0054636	125.37	178.36	4.8973	0.69736	1.2791	293.47	0.30632	2.0441e-05	0.028860	supercritical
239.00	97.000	181.72	0.0055029	126.26	179.64	4.9027	0.69671	1.2727	294.32	0.30434	2.0473e-05	0.028872	supercritical
240.00	97.000	180.44	0.0055421	127.15	180.91	4.9080	0.69608	1.2665	295.16	0.30236	2.0507e-05	0.028886	supercritical
241.00	97.000	179.18	0.0055810	128.04	182.17	4.9132	0.69547	1.2605	295.99	0.30040	2.0541e-05	0.028901	supercritical
242.00	97.000	177.94	0.0056198	128.92	183.43	4.9184	0.69489	1.2547	296.82	0.29844	2.0576e-05	0.028918	supercritical
243.00	97.000	176.73	0.0056584	129.80	184.68	4.9236	0.69431	1.2491	297.65	0.29650	2.0611e-05	0.028937	supercritical
244.00	97.000	175.54	0.0056969	130.67	185.93	4.9287	0.69376	1.2436	298.47	0.29457	2.0646e-05	0.028956	supercritical
245.00	97.000	174.36	0.0057351	131.54	187.17	4.9338	0.69323	1.2383	299.29	0.29266	2.0683e-05	0.028977	supercritical
246.00	97.000	173.21	0.0057733	132.40	188.40	4.9388	0.69271	1.2331	300.10	0.29075	2.0719e-05	0.029000	supercritical
247.00	97.000	172.08	0.0058112	133.27	189.64	4.9438	0.69220	1.2281	300.91	0.28886	2.0757e-05	0.029024	supercritical
248.00	97.000	170.97	0.0058491	134.13	190.86	4.9487	0.69172	1.2232	301.71	0.28697	2.0794e-05	0.029048	supercritical
249.00	97.000	169.87	0.0058867	134.98	192.08	4.9537	0.69124	1.2184	302.51	0.28510	2.0832e-05	0.029074	supercritical
250.00	97.000	168.80	0.0059242	135.83	193.30	4.9585	0.69079	1.2138	303.31	0.28325	2.0871e-05	0.029102	supercritical
251.00	97.000	167.74	0.0059616	136.68	194.51	4.9634	0.69034	1.2093	304.10	0.28140	2.0909e-05	0.029130	supercritical
252.00	97.000	166.70	0.0059989	137.53	195.72	4.9682	0.68991	1.2049	304.89	0.27957	2.0949e-05	0.029159	supercritical
253.00	97.000	165.67	0.0060360	138.37	196.92	4.9729	0.68950	1.2007	305.67	0.27775	2.0988e-05	0.029189	supercritical
254.00	97.000	164.67	0.0060729	139.21	198.12	4.9777	0.68909	1.1965	306.45	0.27594	2.1028e-05	0.029220	supercritical
255.00	97.000	163.67	0.0061098	140.05	199.31	4.9824	0.68870	1.1925	307.23	0.27415	2.1068e-05	0.029253	supercritical
256.00	97.000	162.69	0.0061465	140.88	200.50	4.9870	0.68832	1.1885	308.00	0.27237	2.1109e-05	0.029286	supercritical
257.00	97.000	161.73	0.0061831	141.71	201.69	4.9916	0.68796	1.1847	308.77	0.27060	2.1149e-05	0.029319	supercritical
258.00	97.000	160.78	0.0062196	142.54	202.87	4.9962	0.68760	1.1809	309.53	0.26884	2.1190e-05	0.029354	supercritical
259.00	97.000	159.85	0.0062559	143.37	204.05	5.0008	0.68726	1.1773	310.29	0.26709	2.1232e-05	0.029390	supercritical
260.00	97.000	158.93	0.0062921	144.19	205.23	5.0053	0.68693	1.1737	311.05	0.26536	2.1273e-05	0.029426	supercritical
261.00	97.000	158.02	0.0063283	145.01	206.40	5.0098	0.68661	1.1702	311.80	0.26364	2.1315e-05	0.029463	supercritical
262.00	97.000	157.13	0.0063643	145.83	207.57	5.0143	0.68630	1.1668	312.55	0.26193	2.1357e-05	0.029501	supercritical
263.00	97.000	156.25	0.0064002	146.65	208.73	5.0187	0.68600	1.1635	313.30	0.26024	2.1399e-05	0.029539	supercritical
264.00	97.000	155.38	0.0064360	147.47	209.89	5.0231	0.68571	1.1603	314.04	0.25855	2.1442e-05	0.029578	supercritical
265.00	97.000	154.52	0.0064717	148.28	211.05	5.0275	0.68543	1.1571	314.78	0.25688	2.1485e-05	0.029618	supercritical
266.00	97.000	153.67	0.0065073	149.09	212.21	5.0319	0.68516	1.1540	315.52	0.25522	2.1527e-05	0.029658	supercritical
267.00	97.000	152.84	0.0065427	149.90	213.36	5.0362	0.68490	1.1510	316.25	0.25358	2.1571e-05	0.029699	supercritical
268.00	97.000	152.02	0.0065781	150.70	214.51	5.0405	0.68464	1.1481	316.98	0.25194	2.1614e-05	0.029741	supercritical
269.00	97.000	151.21	0.0066134	151.51	215.66	5.0448	0.68440	1.1452	317.71	0.25032	2.1657e-05	0.029783	supercritical
270.00	97.000	150.41	0.0066486	152.31	216.80	5.0490	0.68416	1.1424	318.43	0.24871	2.1701e-05	0.029826	supercritical
271.00	97.000	149.62	0.0066837	153.11	217.94	5.0532	0.68394	1.1396	319.15	0.24711	2.1745e-05	0.029869	supercritical
272.00	97.000	148.84	0.0067187	153.91	219.08	5.0574	0.68372	1.1369	319.87	0.24552	2.1789e-05	0.029913	supercritical
273.00	97.000	148.07	0.0067536	154.71	220.22	5.0616	0.68351	1.1343	320.58	0.24395	2.1833e-05	0.029957	supercritical
274.00	97.000	147.31	0.0067885	155.50	221.35	5.0657	0.68331	1.1317	321.29	0.24238	2.1877e-05	0.030002	supercritical
275.00	97.000	146.56	0.0068232	156.29	222.48	5.0699	0.68311	1.1292	322.00	0.24083	2.1921e-05	0.030047	supercritical
276.00	97.000	145.82	0.0068579	157.09	223.61	5.0739	0.68292	1.1268	322.70	0.23929	2.1966e-05	0.030093	supercritical
277.00	97.000	145.09	0.0068925	157.88	224.73	5.0780	0.68274	1.1244	323.40	0.23776	2.2010e-05	0.030139	supercritical
278.00	97.000	144.36	0.0069269	158.66	225.86	5.0821	0.68257	1.1220	324.10	0.23624	2.2055e-05	0.030186	supercritical
279.00	97.000	143.65	0.0069614	159.45	226.98	5.0861	0.68241	1.1197	324.80	0.23473	2.2100e-05	0.030233	supercritical
280.00	97.000	142.95	0.0069957	160.24	228.10	5.0901	0.68225	1.1175	325.49	0.23323	2.2145e-05	0.030280	supercritical
281.00	97.000	142.25	0.0070299	161.02	229.21	5.0941	0.68210	1.1152	326.18	0.23175	2.2190e-05	0.030328	supercritical
282.00	97.000	141.56	0.0070641	161.80	230.33	5.0980	0.68195	1.1131	326.87	0.23027	2.2235e-05	0.030376	supercritical
283.00	97.000	140.88	0.0070982	162.59	231.44	5.1020	0.68181	1.1110	327.55	0.22881	2.2280e-05	0.030425	supercritical
284.00	97.000	140.21	0.0071322	163.37	232.55	5.1059	0.68168	1.1089	328.23	0.22735	2.2325e-05	0.030473	supercritical
285.00	97.000	139.54	0.0071662	164.14	233.66	5.1098	0.68156	1.1069	328.91	0.22591	2.2371e-05	0.030523	supercritical
286.00	97.000	138.89	0.0072001	164.92	234.76	5.1136	0.68144	1.1049	329.59	0.22448	2.2416e-05	0.030572	supercritical
287.00	97.000	138.24	0.0072339	165.70	235.87	5.1175	0.68132	1.1029	330.26	0.22305	2.2462e-05	0.030622	supercritical
288.00	97.000	137.60	0.0072676	166.47	236.97	5.1213	0.68121	1.1010	330.93	0.22164	2.2508e-05	0.030672	supercritical
289.00	97.000	136.96	0.0073013	167.24	238.07	5.1251	0.68111	1.0991	331.60	0.22024	2.2553e-05	0.030723	supercritical
290.00	97.000	136.33	0.0073349	168.02	239.17	5.1289	0.68102	1.0973	332.27	0.21885	2.2599e-05	0.030774	supercritical
291.00	97.000	135.71	0.0073685	168.79	240.26	5.1327	0.68093	1.0955	332.93	0.21746	2.2645e-05	0.030825	supercritical
292.00	97.000	135.10	0.0074019	169.56	241.36	5.1365	0.68084	1.0938	333.59	0.21609	2.2691e-05	0.030876	supercritical
293.00	97.000	134.49	0.0074353	170.33	242.45	5.1402	0.68076	1.0920	334.25	0.21473	2.2737e-05	0.030928	supercritical
294.00	97.000	133.89	0.0074687	171.09	243.54	5.1439	0.68069	1.0903	334.90	0.21338	2.2783e-05	0.030980	supercritical
295.00	97.000	133.30	0.0075020	171.86	244.63	5.1476	0.68062	1.0887	335.55	0.21203	2.2829e-05	0.031032	supercritical
296.00	97.000	132.71	0.0075352	172.63	245.72	5.1513	0.68055	1.0871	336.20	0.21070	2.2875e-05	0.031084	supercritical
297.00	97.000	132.13	0.0075684	173.39	246.80	5.1550	0.68050	1.0855	336.85	0.20938	2.2921e-05	0.031136	supercritical
298.00	97.000	131.55	0.0076015	174.15	247.89	5.1586	0.68044	1.0839	337.50	0.20806	2.2967e-05	0.031189	supercritical
299.00	97.000	130.98	0.0076345	174.92	248.97	5.1622	0.68039	1.0824	338.14	0.20676	2.3014e-05	0.031242	supercritical
300.00	97.000	130.42	0.0076675	175.68	250.05	5.1659	0.68035	1.0809	338.78	0.20546	2.3060e-05	0.031295	supercritical
301.00	97.000	129.86	0.0077004	176.44	251.13	5.1694	0.68031	1.0794	339.42	0.20417	2.3106e-05	0.031348	supercritical
302.00	97.000	129.31	0.0077333	177.20	252.21	5.1730	0.68027	1.0779	340.06	0.20289	2.3153e-05	0.031401	supercritical
303.00	97.000	128.76	0.0077661	177.96	253.29	5.1766	0.68024	1.0765	340.69	0.20163	2.3199e-05	0.031455	supercritical
304.00	97.000	128.22	0.0077989	178.72	254.37	5.1801	0.68022	1.0751	341.32	0.20037	2.3246e-05	0.031508	supercritical
305.00	97.000	127.69	0.0078316	179.47	255.44	5.1837	0.68020	1.0738	341.95	0.19911	2.3292e-05	0.031562	supercritical
306.00	97.000	127.16	0.0078643	180.23	256.51	5.1872	0.68018	1.0724	342.58	0.19787	2.3338e-05	0.031615	supercritical
307.00	97.000	126.63	0.0078969	180.99	257.59	5.1907	0.68017	1.0711	343.20	0.19664	2.3385e-05	0.031668	supercritical
308.00	97.000	126.11	0.0079295	181.74	258.66	5.1942	0.68016	1.0698	343.83	0.19541	2.3431e-05	0.031720	supercritical
309.00	97.000	125.60	0.0079620	182.49	259.72	5.1976	0.68016	1.0686	344.45	0.19420	2.3478e-05	0.031769	supercritical
310.00	97.000	125.09	0.0079944	183.25	260.79	5.2011	0.68016	1.0673	345.07	0.19299	2.3525e-05	0.031821	supercritical
311.00	97.000	124.58	0.0080268	184.00	261.86	5.2045	0.68016	1.0661	345.68	0.19179	2.3571e-05	0.031879	supercritical
312.00	97.000	124.08	0.0080592	184.75	262.92	5.2079	0.68017	1.0649	346.30	0.19059	2.3618e-05	0.031937	supercritical
313.00	97.000	123.59	0.0080915	185.50	263.99	5.2113	0.68018	1.0637	346.91	0.18941	2.3664e-05	0.031995	supercritical
314.00	97.000	123.10	0.0081238	186.25	265.05	5.2147	0.68020	1.0626	347.52	0.18823	2.3711e-05	0.032053	supercritical
315.00	97.000	122.61	0.0081560	187.00	266.11	5.2181	0.68022	1.0614	348.13	0.18707	2.3758e-05	0.032112	supercritical
316.00	97.000	122.13	0.0081882	187.75	267.18	5.2215	0.68024	1.0603	348.74	0.18591	2.3804e-05	0.032170	supercritical
317.00	97.000	121.65	0.0082203	188.50	268.23	5.2248	0.68027	1.0592	349.34	0.18475	2.3851e-05	0.032229	supercritical
318.00	97.000	121.18	0.0082524	189.25	269.29	5.2281	0.68030	1.0582	349.94	0.18361	2.3898e-05	0.032288	supercritical
319.00	97.000	120.71	0.0082844	189.99	270.35	5.2315	0.68033	1.0571	350.54	0.18247	2.3944e-05	0.032347	supercritical
320.00	97.000	120.24	0.0083164	190.74	271.41	5.2348	0.68037	1.0561	351.14	0.18134	2.3991e-05	0.032405	supercritical
321.00	97.000	119.78	0.0083484	191.48	272.46	5.2381	0.68041	1.0551	351.74	0.18022	2.4038e-05	0.032465	supercritical
322.00	97.000	119.33	0.0083803	192.23	273.52	5.2413	0.68046	1.0541	352.33	0.17911	2.4084e-05	0.032524	supercritical
323.00	97.000	118.88	0.0084121	192.97	274.57	5.2446	0.68051	1.0531	352.93	0.17800	2.4131e-05	0.032583	supercritical
324.00	97.000	118.43	0.0084440	193.72	275.62	5.2479	0.68056	1.0522	353.52	0.17690	2.4178e-05	0.032643	supercritical
325.00	97.000	117.98	0.0084757	194.46	276.68	5.2511	0.68062	1.0512	354.11	0.17581	2.4225e-05	0.032702	supercritical
326.00	97.000	117.54	0.0085075	195.20	277.73	5.2543	0.68067	1.0503	354.69	0.17473	2.4271e-05	0.032762	supercritical
327.00	97.000	117.11	0.0085392	195.95	278.78	5.2575	0.68074	1.0494	355.28	0.17365	2.4318e-05	0.032821	supercritical
328.00	97.000	116.67	0.0085709	196.69	279.83	5.2608	0.68080	1.0485	355.86	0.17258	2.4365e-05	0.032881	supercritical
329.00	97.000	116.25	0.0086025	197.43	280.87	5.2639	0.68087	1.0476	356.44	0.17152	2.4411e-05	0.032941	supercritical
330.00	97.000	115.82	0.0086341	198.17	281.92	5.2671	0.68094	1.0468	357.02	0.17046	2.4458e-05	0.033001	supercritical
331.00	97.000	115.40	0.0086656	198.91	282.97	5.2703	0.68102	1.0460	357.60	0.16941	2.4505e-05	0.033061	supercritical
332.00	97.000	114.98	0.0086971	199.65	284.01	5.2734	0.68109	1.0451	358.18	0.16837	2.4551e-05	0.033122	supercritical
333.00	97.000	114.57	0.0087286	200.39	285.06	5.2766	0.68118	1.0443	358.75	0.16733	2.4598e-05	0.033182	supercritical
334.00	97.000	114.15	0.0087601	201.13	286.10	5.2797	0.68126	1.0435	359.33	0.16630	2.4645e-05	0.033242	supercritical
335.00	97.000	113.75	0.0087915	201.87	287.14	5.2828	0.68135	1.0427	359.90	0.16528	2.4691e-05	0.033303	supercritical
336.00	97.000	113.34	0.0088228	202.61	288.19	5.2859	0.68144	1.0420	360.47	0.16427	2.4738e-05	0.033363	supercritical
337.00	97.000	112.94	0.0088542	203.34	289.23	5.2890	0.68153	1.0412	361.04	0.16326	2.4785e-05	0.033424	supercritical
338.00	97.000	112.54	0.0088855	204.08	290.27	5.2921	0.68162	1.0405	361.60	0.16225	2.4831e-05	0.033484	supercritical
339.00	97.000	112.15	0.0089167	204.82	291.31	5.2952	0.68172	1.0398	362.17	0.16126	2.4878e-05	0.033545	supercritical
340.00	97.000	111.76	0.0089480	205.55	292.35	5.2983	0.68182	1.0391	362.73	0.16027	2.4924e-05	0.033606	supercritical
341.00	97.000	111.37	0.0089792	206.29	293.39	5.3013	0.68193	1.0384	363.29	0.15928	2.4971e-05	0.033667	supercritical
342.00	97.000	110.98	0.0090103	207.03	294.43	5.3043	0.68203	1.0377	363.85	0.15831	2.5017e-05	0.033728	supercritical
343.00	97.000	110.60	0.0090415	207.76	295.46	5.3074	0.68214	1.0370	364.41	0.15734	2.5064e-05	0.033789	supercritical
344.00	97.000	110.22	0.0090726	208.50	296.50	5.3104	0.68226	1.0364	364.97	0.15637	2.5111e-05	0.033850	supercritical
345.00	97.000	109.85	0.0091036	209.23	297.54	5.3134	0.68237	1.0357	365.52	0.15541	2.5157e-05	0.033911	supercritical
346.00	97.000	109.47	0.0091347	209.96	298.57	5.3164	0.68249	1.0351	366.07	0.15446	2.5204e-05	0.033972	supercritical
347.00	97.000	109.10	0.0091657	210.70	299.61	5.3194	0.68261	1.0345	366.63	0.15351	2.5250e-05	0.034034	supercritical
348.00	97.000	108.74	0.0091967	211.43	300.64	5.3224	0.68273	1.0339	367.18	0.15257	2.5296e-05	0.034095	supercritical
349.00	97.000	108.37	0.0092276	212.17	301.67	5.3253	0.68285	1.0333	367.73	0.15164	2.5343e-05	0.034157	supercritical
350.00	97.000	108.01	0.0092585	212.90	302.71	5.3283	0.68298	1.0327	368.27	0.15071	2.5389e-05	0.034218	supercritical
351.00	97.000	107.65	0.0092894	213.63	303.74	5.3312	0.68311	1.0321	368.82	0.14978	2.5436e-05	0.034279	supercritical
352.00	97.000	107.29	0.0093203	214.36	304.77	5.3342	0.68324	1.0315	369.36	0.14887	2.5482e-05	0.034341	supercritical
353.00	97.000	106.94	0.0093511	215.10	305.80	5.3371	0.68338	1.0310	369.91	0.14796	2.5528e-05	0.034403	supercritical
354.00	97.000	106.59	0.0093819	215.83	306.83	5.3400	0.68351	1.0304	370.45	0.14705	2.5575e-05	0.034464	supercritical
355.00	97.000	106.24	0.0094127	216.56	307.86	5.3429	0.68365	1.0299	370.99	0.14615	2.5621e-05	0.034526	supercritical
356.00	97.000	105.89	0.0094434	217.29	308.89	5.3458	0.68380	1.0294	371.53	0.14525	2.5667e-05	0.034588	supercritical
357.00	97.000	105.55	0.0094741	218.02	309.92	5.3487	0.68394	1.0289	372.06	0.14436	2.5714e-05	0.034650	supercritical
358.00	97.000	105.21	0.0095048	218.75	310.95	5.3516	0.68409	1.0284	372.60	0.14348	2.5760e-05	0.034711	supercritical
359.00	97.000	104.87	0.0095354	219.48	311.98	5.3544	0.68423	1.0279	373.13	0.14260	2.5806e-05	0.034773	supercritical
360.00	97.000	104.54	0.0095661	220.22	313.01	5.3573	0.68438	1.0274	373.67	0.14173	2.5852e-05	0.034835	supercritical
361.00	97.000	104.20	0.0095967	220.95	314.03	5.3601	0.68454	1.0269	374.20	0.14086	2.5899e-05	0.034897	supercritical
362.00	97.000	103.87	0.0096273	221.68	315.06	5.3630	0.68469	1.0265	374.73	0.14000	2.5945e-05	0.034959	supercritical
363.00	97.000	103.54	0.0096578	222.41	316.09	5.3658	0.68485	1.0260	375.26	0.13914	2.5991e-05	0.035021	supercritical
364.00	97.000	103.22	0.0096883	223.14	317.11	5.3686	0.68501	1.0256	375.78	0.13829	2.6037e-05	0.035084	supercritical
365.00	97.000	102.89	0.0097188	223.86	318.14	5.3714	0.68517	1.0251	376.31	0.13744	2.6083e-05	0.035146	supercritical
366.00	97.000	102.57	0.0097493	224.59	319.16	5.3743	0.68533	1.0247	376.84	0.13660	2.6129e-05	0.035208	supercritical
367.00	97.000	102.25	0.0097798	225.32	320.19	5.3770	0.68550	1.0243	377.36	0.13576	2.6175e-05	0.035270	supercritical
368.00	97.000	101.93	0.0098102	226.05	321.21	5.3798	0.68567	1.0239	377.88	0.13493	2.6221e-05	0.035332	supercritical
369.00	97.000	101.62	0.0098406	226.78	322.23	5.3826	0.68584	1.0235	378.40	0.13410	2.6267e-05	0.035395	supercritical
370.00	97.000	101.31	0.0098710	227.51	323.26	5.3854	0.68601	1.0231	378.92	0.13328	2.6313e-05	0.035457	supercritical
371.00	97.000	101.00	0.0099013	228.24	324.28	5.3881	0.68618	1.0227	379.44	0.13247	2.6359e-05	0.035519	supercritical
372.00	97.000	100.69	0.0099316	228.97	325.30	5.3909	0.68635	1.0223	379.96	0.13165	2.6405e-05	0.035582	supercritical
373.00	97.000	100.38	0.0099619	229.69	326.33	5.3936	0.68653	1.0219	380.47	0.13085	2.6451e-05	0.035644	supercritical
374.00	97.000	100.08	0.0099922	230.42	327.35	5.3964	0.68671	1.0216	380.99	0.13004	2.6497e-05	0.035707	supercritical
375.00	97.000	99.776	0.010022	231.15	328.37	5.3991	0.68689	1.0212	381.50	0.12925	2.6543e-05	0.035769	supercritical
376.00	97.000	99.476	0.010053	231.88	329.39	5.4018	0.68707	1.0209	382.01	0.12845	2.6588e-05	0.035832	supercritical
377.00	97.000	99.178	0.010083	232.61	330.41	5.4045	0.68726	1.0205	382.52	0.12766	2.6634e-05	0.035894	supercritical
378.00	97.000	98.881	0.010113	233.33	331.43	5.4072	0.68745	1.0202	383.03	0.12688	2.6680e-05	0.035957	supercritical
379.00	97.000	98.587	0.010143	234.06	332.45	5.4099	0.68763	1.0199	383.54	0.12610	2.6726e-05	0.036019	supercritical
380.00	97.000	98.295	0.010173	234.79	333.47	5.4126	0.68782	1.0196	384.05	0.12533	2.6771e-05	0.036082	supercritical
381.00	97.000	98.005	0.010204	235.52	334.49	5.4153	0.68801	1.0193	384.55	0.12456	2.6817e-05	0.036144	supercritical
382.00	97.000	97.717	0.010234	236.24	335.51	5.4180	0.68821	1.0190	385.06	0.12379	2.6863e-05	0.036207	supercritical
383.00	97.000	97.430	0.010264	236.97	336.53	5.4206	0.68840	1.0187	385.56	0.12303	2.6908e-05	0.036270	supercritical
384.00	97.000	97.146	0.010294	237.70	337.55	5.4233	0.68860	1.0184	386.06	0.12227	2.6954e-05	0.036332	supercritical
385.00	97.000	96.863	0.010324	238.42	338.56	5.4259	0.68880	1.0181	386.57	0.12152	2.6999e-05	0.036395	supercritical
386.00	97.000	96.582	0.010354	239.15	339.58	5.4286	0.68900	1.0178	387.07	0.12077	2.7045e-05	0.036458	supercritical
387.00	97.000	96.303	0.010384	239.88	340.60	5.4312	0.68920	1.0176	387.56	0.12003	2.7090e-05	0.036521	supercritical
388.00	97.000	96.026	0.010414	240.60	341.62	5.4338	0.68940	1.0173	388.06	0.11929	2.7136e-05	0.036583	supercritical
389.00	97.000	95.751	0.010444	241.33	342.63	5.4365	0.68961	1.0170	388.56	0.11856	2.7181e-05	0.036646	supercritical
390.00	97.000	95.477	0.010474	242.06	343.65	5.4391	0.68981	1.0168	389.05	0.11783	2.7227e-05	0.036709	supercritical
391.00	97.000	95.205	0.010504	242.78	344.67	5.4417	0.69002	1.0166	389.55	0.11710	2.7272e-05	0.036772	supercritical
392.00	97.000	94.935	0.010534	243.51	345.68	5.4443	0.69023	1.0163	390.04	0.11638	2.7317e-05	0.036835	supercritical
393.00	97.000	94.666	0.010563	244.24	346.70	5.4469	0.69044	1.0161	390.53	0.11566	2.7363e-05	0.036897	supercritical
394.00	97.000	94.399	0.010593	244.96	347.72	5.4494	0.69065	1.0159	391.02	0.11494	2.7408e-05	0.036960	supercritical
395.00	97.000	94.134	0.010623	245.69	348.73	5.4520	0.69087	1.0156	391.51	0.11423	2.7453e-05	0.037023	supercritical
396.00	97.000	93.871	0.010653	246.41	349.75	5.4546	0.69108	1.0154	392.00	0.11353	2.7498e-05	0.037086	supercritical
397.00	97.000	93.609	0.010683	247.14	350.76	5.4571	0.69130	1.0152	392.49	0.11283	2.7544e-05	0.037149	supercritical
398.00	97.000	93.349	0.010713	247.87	351.78	5.4597	0.69152	1.0150	392.98	0.11213	2.7589e-05	0.037212	supercritical
399.00	97.000	93.090	0.010742	248.59	352.79	5.4622	0.69174	1.0148	393.46	0.11143	2.7634e-05	0.037275	supercritical
400.00	97.000	92.833	0.010772	249.32	353.81	5.4648	0.69196	1.0146	393.95	0.11074	2.7679e-05	0.037338	supercritical
401.00	97.000	92.577	0.010802	250.05	354.82	5.4673	0.69218	1.0145	394.43	0.11006	2.7724e-05	0.037401	supercritical
402.00	97.000	92.323	0.010831	250.77	355.84	5.4698	0.69240	1.0143	394.91	0.10937	2.7769e-05	0.037464	supercritical
403.00	97.000	92.071	0.010861	251.50	356.85	5.4724	0.69263	1.0141	395.40	0.10870	2.7814e-05	0.037527	supercritical
404.00	97.000	91.820	0.010891	252.22	357.87	5.4749	0.69285	1.0139	395.88	0.10802	2.7859e-05	0.037590	supercritical
405.00	97.000	91.571	0.010921	252.95	358.88	5.4774	0.69308	1.0138	396.36	0.10735	2.7904e-05	0.037653	supercritical
406.00	97.000	91.323	0.010950	253.68	359.89	5.4799	0.69331	1.0136	396.83	0.10668	2.7949e-05	0.037716	supercritical
407.00	97.000	91.076	0.010980	254.40	360.91	5.4824	0.69354	1.0134	397.31	0.10602	2.7994e-05	0.037779	supercritical
408.00	97.000	90.831	0.011009	255.13	361.92	5.4849	0.69377	1.0133	397.79	0.10536	2.8038e-05	0.037842	supercritical
409.00	97.000	90.588	0.011039	255.85	362.93	5.4873	0.69400	1.0132	398.26	0.10470	2.8083e-05	0.037905	supercritical
410.00	97.000	90.346	0.011069	256.58	363.95	5.4898	0.69424	1.0130	398.74	0.10405	2.8128e-05	0.037968	supercritical
411.00	97.000	90.105	0.011098	257.31	364.96	5.4923	0.69447	1.0129	399.21	0.10340	2.8173e-05	0.038031	supercritical
412.00	97.000	89.866	0.011128	258.03	365.97	5.4947	0.69471	1.0128	399.68	0.10276	2.8217e-05	0.038094	supercritical
413.00	97.000	89.628	0.011157	258.76	366.98	5.4972	0.69494	1.0126	400.16	0.10211	2.8262e-05	0.038157	supercritical
414.00	97.000	89.392	0.011187	259.49	368.00	5.4996	0.69518	1.0125	400.63	0.10148	2.8307e-05	0.038220	supercritical
415.00	97.000	89.157	0.011216	260.21	369.01	5.5021	0.69542	1.0124	401.10	0.10084	2.8351e-05	0.038283	supercritical
416.00	97.000	88.923	0.011246	260.94	370.02	5.5045	0.69566	1.0123	401.57	0.10021	2.8396e-05	0.038346	supercritical
417.00	97.000	88.691	0.011275	261.67	371.03	5.5070	0.69590	1.0122	402.03	0.099582	2.8441e-05	0.038409	supercritical
418.00	97.000	88.460	0.011305	262.39	372.05	5.5094	0.69615	1.0121	402.50	0.098957	2.8485e-05	0.038472	supercritical
419.00	97.000	88.230	0.011334	263.12	373.06	5.5118	0.69639	1.0120	402.97	0.098336	2.8530e-05	0.038535	supercritical
420.00	97.000	88.001	0.011363	263.84	374.07	5.5142	0.69664	1.0119	403.43	0.097718	2.8574e-05	0.038598	supercritical
421.00	97.000	87.774	0.011393	264.57	375.08	5.5166	0.69688	1.0118	403.89	0.097104	2.8618e-05	0.038661	supercritical
422.00	97.000	87.549	0.011422	265.30	376.09	5.5190	0.69713	1.0117	404.36	0.096493	2.8663e-05	0.038724	supercritical
423.00	97.000	87.324	0.011452	266.02	377.11	5.5214	0.69738	1.0116	404.82	0.095885	2.8707e-05	0.038787	supercritical
424.00	97.000	87.101	0.011481	266.75	378.12	5.5238	0.69763	1.0115	405.28	0.095281	2.8751e-05	0.038850	supercritical
425.00	97.000	86.879	0.011510	267.48	379.13	5.5262	0.69788	1.0115	405.74	0.094680	2.8796e-05	0.038914	supercritical
426.00	97.000	86.658	0.011540	268.21	380.14	5.5286	0.69813	1.0114	406.20	0.094082	2.8840e-05	0.038977	supercritical
427.00	97.000	86.438	0.011569	268.93	381.15	5.5309	0.69838	1.0113	406.66	0.093487	2.8884e-05	0.039040	supercritical
428.00	97.000	86.220	0.011598	269.66	382.16	5.5333	0.69863	1.0113	407.12	0.092896	2.8928e-05	0.039103	supercritical
429.00	97.000	86.003	0.011628	270.39	383.17	5.5357	0.69889	1.0112	407.57	0.092308	2.8973e-05	0.039166	supercritical
430.00	97.000	85.787	0.011657	271.11	384.18	5.5380	0.69914	1.0111	408.03	0.091723	2.9017e-05	0.039229	supercritical
431.00	97.000	85.572	0.011686	271.84	385.20	5.5404	0.69940	1.0111	408.49	0.091141	2.9061e-05	0.039292	supercritical
432.00	97.000	85.358	0.011715	272.57	386.21	5.5427	0.69965	1.0110	408.94	0.090562	2.9105e-05	0.039355	supercritical
433.00	97.000	85.146	0.011745	273.30	387.22	5.5450	0.69991	1.0110	409.39	0.089986	2.9149e-05	0.039418	supercritical
434.00	97.000	84.935	0.011774	274.02	388.23	5.5474	0.70017	1.0110	409.85	0.089413	2.9193e-05	0.039481	supercritical
435.00	97.000	84.724	0.011803	274.75	389.24	5.5497	0.70043	1.0109	410.30	0.088843	2.9237e-05	0.039544	supercritical
436.00	97.000	84.515	0.011832	275.48	390.25	5.5520	0.70069	1.0109	410.75	0.088277	2.9281e-05	0.039607	supercritical
437.00	97.000	84.307	0.011861	276.21	391.26	5.5543	0.70095	1.0109	411.20	0.087713	2.9325e-05	0.039670	supercritical
438.00	97.000	84.101	0.011891	276.93	392.27	5.5566	0.70121	1.0108	411.65	0.087152	2.9368e-05	0.039733	supercritical
439.00	97.000	83.895	0.011920	277.66	393.28	5.5589	0.70147	1.0108	412.10	0.086595	2.9412e-05	0.039796	supercritical
440.00	97.000	83.690	0.011949	278.39	394.29	5.5612	0.70173	1.0108	412.54	0.086040	2.9456e-05	0.039859	supercritical
441.00	97.000	83.487	0.011978	279.12	395.31	5.5635	0.70200	1.0108	412.99	0.085488	2.9500e-05	0.039922	supercritical
442.00	97.000	83.284	0.012007	279.85	396.32	5.5658	0.70226	1.0108	413.44	0.084939	2.9544e-05	0.039985	supercritical
443.00	97.000	83.083	0.012036	280.58	397.33	5.5681	0.70253	1.0107	413.88	0.084393	2.9587e-05	0.040049	supercritical
444.00	97.000	82.883	0.012065	281.30	398.34	5.5704	0.70279	1.0107	414.33	0.083850	2.9631e-05	0.040112	supercritical
445.00	97.000	82.684	0.012094	282.03	399.35	5.5727	0.70306	1.0107	414.77	0.083309	2.9675e-05	0.040175	supercritical
446.00	97.000	82.485	0.012123	282.76	400.36	5.5749	0.70333	1.0107	415.21	0.082772	2.9718e-05	0.040238	supercritical
447.00	97.000	82.288	0.012152	283.49	401.37	5.5772	0.70360	1.0107	415.66	0.082237	2.9762e-05	0.040301	supercritical
448.00	97.000	82.092	0.012181	284.22	402.38	5.5795	0.70387	1.0107	416.10	0.081705	2.9805e-05	0.040364	supercritical
449.00	97.000	81.897	0.012210	284.95	403.39	5.5817	0.70414	1.0107	416.54	0.081176	2.9849e-05	0.040427	supercritical
450.00	97.000	81.703	0.012240	285.68	404.40	5.5840	0.70441	1.0107	416.98	0.080649	2.9892e-05	0.040490	supercritical
451.00	97.000	81.509	0.012269	286.41	405.41	5.5862	0.70468	1.0108	417.42	0.080126	2.9936e-05	0.040553	supercritical
452.00	97.000	81.317	0.012298	287.14	406.42	5.5884	0.70495	1.0108	417.86	0.079605	2.9979e-05	0.040616	supercritical
453.00	97.000	81.126	0.012326	287.87	407.43	5.5907	0.70522	1.0108	418.29	0.079086	3.0022e-05	0.040678	supercritical
454.00	97.000	80.936	0.012355	288.60	408.44	5.5929	0.70549	1.0108	418.73	0.078571	3.0066e-05	0.040741	supercritical
455.00	97.000	80.747	0.012384	289.33	409.46	5.5951	0.70577	1.0108	419.17	0.078058	3.0109e-05	0.040804	supercritical
456.00	97.000	80.558	0.012413	290.06	410.47	5.5974	0.70604	1.0109	419.60	0.077547	3.0152e-05	0.040867	supercritical
457.00	97.000	80.371	0.012442	290.79	411.48	5.5996	0.70632	1.0109	420.04	0.077040	3.0196e-05	0.040930	supercritical
458.00	97.000	80.185	0.012471	291.52	412.49	5.6018	0.70659	1.0109	420.47	0.076534	3.0239e-05	0.040993	supercritical
459.00	97.000	79.999	0.012500	292.25	413.50	5.6040	0.70687	1.0110	420.90	0.076032	3.0282e-05	0.041056	supercritical
460.00	97.000	79.815	0.012529	292.98	414.51	5.6062	0.70715	1.0110	421.33	0.075532	3.0325e-05	0.041119	supercritical
461.00	97.000	79.631	0.012558	293.71	415.52	5.6084	0.70742	1.0110	421.77	0.075034	3.0368e-05	0.041182	supercritical
462.00	97.000	79.448	0.012587	294.44	416.53	5.6106	0.70770	1.0111	422.20	0.074540	3.0411e-05	0.041245	supercritical
463.00	97.000	79.266	0.012616	295.17	417.54	5.6128	0.70798	1.0111	422.63	0.074047	3.0454e-05	0.041308	supercritical
464.00	97.000	79.086	0.012645	295.90	418.55	5.6149	0.70826	1.0112	423.06	0.073557	3.0497e-05	0.041371	supercritical
465.00	97.000	78.906	0.012673	296.63	419.57	5.6171	0.70854	1.0112	423.49	0.073070	3.0540e-05	0.041433	supercritical
466.00	97.000	78.726	0.012702	297.37	420.58	5.6193	0.70882	1.0113	423.91	0.072585	3.0583e-05	0.041496	supercritical
467.00	97.000	78.548	0.012731	298.10	421.59	5.6215	0.70910	1.0113	424.34	0.072103	3.0626e-05	0.041559	supercritical
468.00	97.000	78.371	0.012760	298.83	422.60	5.6236	0.70938	1.0114	424.77	0.071623	3.0669e-05	0.041622	supercritical
469.00	97.000	78.194	0.012789	299.56	423.61	5.6258	0.70966	1.0114	425.19	0.071145	3.0712e-05	0.041685	supercritical
470.00	97.000	78.018	0.012817	300.29	424.62	5.6279	0.70994	1.0115	425.62	0.070670	3.0755e-05	0.041748	supercritical
471.00	97.000	77.844	0.012846	301.02	425.63	5.6301	0.71022	1.0115	426.04	0.070197	3.0798e-05	0.041810	supercritical
472.00	97.000	77.670	0.012875	301.76	426.65	5.6322	0.71050	1.0116	426.47	0.069726	3.0840e-05	0.041873	supercritical
473.00	97.000	77.497	0.012904	302.49	427.66	5.6344	0.71079	1.0117	426.89	0.069258	3.0883e-05	0.041936	supercritical
474.00	97.000	77.324	0.012933	303.22	428.67	5.6365	0.71107	1.0117	427.31	0.068793	3.0926e-05	0.041999	supercritical
475.00	97.000	77.153	0.012961	303.96	429.68	5.6386	0.71135	1.0118	427.74	0.068329	3.0968e-05	0.042062	supercritical
476.00	97.000	76.982	0.012990	304.69	430.69	5.6408	0.71164	1.0119	428.16	0.067868	3.1011e-05	0.042124	supercritical
477.00	97.000	76.812	0.013019	305.42	431.70	5.6429	0.71192	1.0120	428.58	0.067409	3.1054e-05	0.042187	supercritical
478.00	97.000	76.643	0.013047	306.16	432.72	5.6450	0.71221	1.0120	429.00	0.066953	3.1096e-05	0.042250	supercritical
479.00	97.000	76.475	0.013076	306.89	433.73	5.6471	0.71249	1.0121	429.42	0.066499	3.1139e-05	0.042313	supercritical
480.00	97.000	76.307	0.013105	307.62	434.74	5.6492	0.71278	1.0122	429.84	0.066047	3.1181e-05	0.042375	supercritical
481.00	97.000	76.141	0.013134	308.36	435.75	5.6513	0.71306	1.0123	430.25	0.065597	3.1224e-05	0.042438	supercritical
482.00	97.000	75.975	0.013162	309.09	436.76	5.6534	0.71335	1.0124	430.67	0.065149	3.1266e-05	0.042501	supercritical
483.00	97.000	75.810	0.013191	309.83	437.78	5.6555	0.71363	1.0124	431.09	0.064704	3.1308e-05	0.042563	supercritical
484.00	97.000	75.645	0.013220	310.56	438.79	5.6576	0.71392	1.0125	431.50	0.064261	3.1351e-05	0.042626	supercritical
485.00	97.000	75.482	0.013248	311.29	439.80	5.6597	0.71421	1.0126	431.92	0.063820	3.1393e-05	0.042689	supercritical
486.00	97.000	75.319	0.013277	312.03	440.82	5.6618	0.71450	1.0127	432.34	0.063381	3.1435e-05	0.042751	supercritical
487.00	97.000	75.157	0.013306	312.76	441.83	5.6639	0.71478	1.0128	432.75	0.062945	3.1478e-05	0.042814	supercritical
488.00	97.000	74.995	0.013334	313.50	442.84	5.6660	0.71507	1.0129	433.16	0.062510	3.1520e-05	0.042876	supercritical
489.00	97.000	74.835	0.013363	314.23	443.85	5.6680	0.71536	1.0130	433.58	0.062078	3.1562e-05	0.042939	supercritical
490.00	97.000	74.675	0.013391	314.97	444.87	5.6701	0.71565	1.0131	433.99	0.061648	3.1604e-05	0.043002	supercritical
491.00	97.000	74.516	0.013420	315.71	445.88	5.6722	0.71594	1.0132	434.40	0.061219	3.1647e-05	0.043064	supercritical
492.00	97.000	74.357	0.013449	316.44	446.89	5.6742	0.71623	1.0133	434.81	0.060793	3.1689e-05	0.043127	supercritical
493.00	97.000	74.200	0.013477	317.18	447.91	5.6763	0.71652	1.0134	435.22	0.060369	3.1731e-05	0.043189	supercritical
494.00	97.000	74.043	0.013506	317.91	448.92	5.6783	0.71681	1.0135	435.63	0.059948	3.1773e-05	0.043252	supercritical
495.00	97.000	73.886	0.013534	318.65	449.93	5.6804	0.71710	1.0136	436.04	0.059528	3.1815e-05	0.043314	supercritical
496.00	97.000	73.731	0.013563	319.39	450.95	5.6824	0.71739	1.0137	436.45	0.059110	3.1857e-05	0.043377	supercritical
497.00	97.000	73.576	0.013591	320.12	451.96	5.6845	0.71768	1.0138	436.86	0.058694	3.1899e-05	0.043439	supercritical
498.00	97.000	73.422	0.013620	320.86	452.97	5.6865	0.71797	1.0139	437.27	0.058280	3.1941e-05	0.043502	supercritical
499.00	97.000	73.268	0.013648	321.60	453.99	5.6886	0.71826	1.0140	437.67	0.057869	3.1983e-05	0.043564	supercritical
500.00	97.000	73.115	0.013677	322.34	455.00	5.6906	0.71855	1.0142	438.08	0.057459	3.2024e-05	0.043627	supercritical
501.00	97.000	72.963	0.013706	323.07	456.02	5.6926	0.71884	1.0143	438.49	0.057051	3.2066e-05	0.043689	supercritical
502.00	97.000	72.812	0.013734	323.81	457.03	5.6946	0.71913	1.0144	438.89	0.056645	3.2108e-05	0.043752	supercritical
503.00	97.000	72.661	0.013763	324.55	458.05	5.6967	0.71942	1.0145	439.30	0.056241	3.2150e-05	0.043814	supercritical
504.00	97.000	72.511	0.013791	325.29	459.06	5.6987	0.71971	1.0146	439.70	0.055839	3.2192e-05	0.043876	supercritical
505.00	97.000	72.362	0.013819	326.03	460.08	5.7007	0.72001	1.0148	440.10	0.055439	3.2233e-05	0.043939	supercritical
506.00	97.000	72.213	0.013848	326.76	461.09	5.7027	0.72030	1.0149	440.51	0.055041	3.2275e-05	0.044001	supercritical
507.00	97.000	72.065	0.013876	327.50	462.10	5.7047	0.72059	1.0150	440.91	0.054645	3.2317e-05	0.044064	supercritical
508.00	97.000	71.917	0.013905	328.24	463.12	5.7067	0.72088	1.0151	441.31	0.054251	3.2358e-05	0.044126	supercritical
509.00	97.000	71.770	0.013933	328.98	464.14	5.7087	0.72118	1.0153	441.71	0.053858	3.2400e-05	0.044188	supercritical
510.00	97.000	71.624	0.013962	329.72	465.15	5.7107	0.72147	1.0154	442.11	0.053467	3.2441e-05	0.044251	supercritical
511.00	97.000	71.478	0.013990	330.46	466.17	5.7127	0.72176	1.0155	442.51	0.053079	3.2483e-05	0.044313	supercritical
512.00	97.000	71.333	0.014019	331.20	467.18	5.7147	0.72205	1.0156	442.91	0.052692	3.2524e-05	0.044375	supercritical
513.00	97.000	71.189	0.014047	331.94	468.20	5.7166	0.72235	1.0158	443.31	0.052307	3.2566e-05	0.044437	supercritical
514.00	97.000	71.045	0.014075	332.68	469.21	5.7186	0.72264	1.0159	443.71	0.051924	3.2607e-05	0.044500	supercritical
515.00	97.000	70.902	0.014104	333.42	470.23	5.7206	0.72293	1.0160	444.11	0.051542	3.2649e-05	0.044562	supercritical
516.00	97.000	70.760	0.014132	334.16	471.25	5.7226	0.72323	1.0162	444.51	0.051162	3.2690e-05	0.044624	supercritical
517.00	97.000	70.618	0.014161	334.90	472.26	5.7245	0.72352	1.0163	444.90	0.050785	3.2731e-05	0.044686	supercritical
518.00	97.000	70.477	0.014189	335.64	473.28	5.7265	0.72381	1.0164	445.30	0.050409	3.2773e-05	0.044748	supercritical
519.00	97.000	70.336	0.014217	336.38	474.29	5.7285	0.72411	1.0166	445.70	0.050034	3.2814e-05	0.044811	supercritical
520.00	97.000	70.196	0.014246	337.13	475.31	5.7304	0.72440	1.0167	446.09	0.049662	3.2855e-05	0.044873	supercritical
521.00	97.000	70.056	0.014274	337.87	476.33	5.7324	0.72469	1.0169	446.49	0.049291	3.2896e-05	0.044935	supercritical
522.00	97.000	69.918	0.014303	338.61	477.34	5.7343	0.72499	1.0170	446.88	0.048922	3.2938e-05	0.044997	supercritical
523.00	97.000	69.779	0.014331	339.35	478.36	5.7363	0.72528	1.0172	447.28	0.048554	3.2979e-05	0.045059	supercritical
524.00	97.000	69.642	0.014359	340.09	479.38	5.7382	0.72557	1.0173	447.67	0.048189	3.3020e-05	0.045121	supercritical
525.00	97.000	69.504	0.014388	340.84	480.40	5.7401	0.72587	1.0174	448.06	0.047825	3.3061e-05	0.045183	supercritical
526.00	97.000	69.368	0.014416	341.58	481.41	5.7421	0.72616	1.0176	448.45	0.047463	3.3102e-05	0.045245	supercritical
527.00	97.000	69.232	0.014444	342.32	482.43	5.7440	0.72645	1.0177	448.85	0.047102	3.3143e-05	0.045307	supercritical
528.00	97.000	69.096	0.014473	343.07	483.45	5.7459	0.72675	1.0179	449.24	0.046743	3.3184e-05	0.045370	supercritical
529.00	97.000	68.961	0.014501	343.81	484.47	5.7479	0.72704	1.0180	449.63	0.046386	3.3225e-05	0.045432	supercritical
530.00	97.000	68.827	0.014529	344.55	485.49	5.7498	0.72734	1.0182	450.02	0.046030	3.3266e-05	0.045494	supercritical
531.00	97.000	68.693	0.014557	345.30	486.50	5.7517	0.72763	1.0183	450.41	0.045676	3.3307e-05	0.045556	supercritical
532.00	97.000	68.560	0.014586	346.04	487.52	5.7536	0.72792	1.0185	450.80	0.045324	3.3348e-05	0.045617	supercritical
533.00	97.000	68.427	0.014614	346.78	488.54	5.7555	0.72822	1.0186	451.19	0.044973	3.3389e-05	0.045679	supercritical
534.00	97.000	68.295	0.014642	347.53	489.56	5.7574	0.72851	1.0188	451.58	0.044624	3.3430e-05	0.045741	supercritical
535.00	97.000	68.164	0.014671	348.27	490.58	5.7594	0.72880	1.0190	451.96	0.044277	3.3470e-05	0.045803	supercritical
536.00	97.000	68.033	0.014699	349.02	491.60	5.7613	0.72910	1.0191	452.35	0.043931	3.3511e-05	0.045865	supercritical
537.00	97.000	67.902	0.014727	349.76	492.62	5.7632	0.72939	1.0193	452.74	0.043587	3.3552e-05	0.045927	supercritical
538.00	97.000	67.772	0.014755	350.51	493.64	5.7651	0.72968	1.0194	453.12	0.043244	3.3593e-05	0.045989	supercritical
539.00	97.000	67.643	0.014784	351.25	494.66	5.7669	0.72998	1.0196	453.51	0.042903	3.3633e-05	0.046051	supercritical
540.00	97.000	67.514	0.014812	352.00	495.67	5.7688	0.73027	1.0197	453.90	0.042563	3.3674e-05	0.046113	supercritical
541.00	97.000	67.385	0.014840	352.75	496.69	5.7707	0.73056	1.0199	454.28	0.042225	3.3715e-05	0.046174	supercritical
542.00	97.000	67.257	0.014868	353.49	497.71	5.7726	0.73086	1.0201	454.67	0.041889	3.3755e-05	0.046236	supercritical
543.00	97.000	67.130	0.014896	354.24	498.73	5.7745	0.73115	1.0202	455.05	0.041554	3.3796e-05	0.046298	supercritical
544.00	97.000	67.003	0.014925	354.99	499.76	5.7764	0.73144	1.0204	455.43	0.041220	3.3836e-05	0.046360	supercritical
545.00	97.000	66.877	0.014953	355.73	500.78	5.7782	0.73174	1.0205	455.82	0.040888	3.3877e-05	0.046422	supercritical
546.00	97.000	66.751	0.014981	356.48	501.80	5.7801	0.73203	1.0207	456.20	0.040558	3.3917e-05	0.046483	supercritical
547.00	97.000	66.625	0.015009	357.23	502.82	5.7820	0.73232	1.0209	456.58	0.040229	3.3958e-05	0.046545	supercritical
548.00	97.000	66.501	0.015037	357.97	503.84	5.7838	0.73262	1.0210	456.96	0.039901	3.3998e-05	0.046607	supercritical
549.00	97.000	66.376	0.015066	358.72	504.86	5.7857	0.73291	1.0212	457.35	0.039575	3.4039e-05	0.046668	supercritical
550.00	97.000	66.252	0.015094	359.47	505.88	5.7876	0.73320	1.0214	457.73	0.039251	3.4079e-05	0.046730	supercritical
551.00	97.000	66.129	0.015122	360.22	506.90	5.7894	0.73349	1.0215	458.11	0.038928	3.4119e-05	0.046792	supercritical
552.00	97.000	66.006	0.015150	360.97	507.92	5.7913	0.73379	1.0217	458.49	0.038606	3.4160e-05	0.046853	supercritical
553.00	97.000	65.883	0.015178	361.72	508.95	5.7931	0.73408	1.0219	458.87	0.038286	3.4200e-05	0.046915	supercritical
554.00	97.000	65.761	0.015206	362.46	509.97	5.7950	0.73437	1.0221	459.25	0.037967	3.4240e-05	0.046977	supercritical
555.00	97.000	65.640	0.015235	363.21	510.99	5.7968	0.73466	1.0222	459.62	0.037650	3.4280e-05	0.047038	supercritical
556.00	97.000	65.519	0.015263	363.96	512.01	5.7987	0.73495	1.0224	460.00	0.037334	3.4321e-05	0.047100	supercritical
557.00	97.000	65.398	0.015291	364.71	513.03	5.8005	0.73525	1.0226	460.38	0.037020	3.4361e-05	0.047161	supercritical
558.00	97.000	65.278	0.015319	365.46	514.06	5.8023	0.73554	1.0227	460.76	0.036706	3.4401e-05	0.047223	supercritical
559.00	97.000	65.159	0.015347	366.21	515.08	5.8042	0.73583	1.0229	461.13	0.036395	3.4441e-05	0.047284	supercritical
560.00	97.000	65.040	0.015375	366.96	516.10	5.8060	0.73612	1.0231	461.51	0.036084	3.4481e-05	0.047346	supercritical
561.00	97.000	64.921	0.015403	367.71	517.13	5.8078	0.73641	1.0233	461.89	0.035775	3.4521e-05	0.047407	supercritical
562.00	97.000	64.803	0.015431	368.46	518.15	5.8096	0.73670	1.0234	462.26	0.035468	3.4561e-05	0.047469	supercritical
563.00	97.000	64.685	0.015460	369.21	519.17	5.8114	0.73699	1.0236	462.64	0.035162	3.4601e-05	0.047530	supercritical
564.00	97.000	64.567	0.015488	369.97	520.20	5.8133	0.73728	1.0238	463.01	0.034857	3.4641e-05	0.047592	supercritical
565.00	97.000	64.451	0.015516	370.72	521.22	5.8151	0.73758	1.0240	463.39	0.034553	3.4681e-05	0.047653	supercritical
566.00	97.000	64.334	0.015544	371.47	522.24	5.8169	0.73787	1.0241	463.76	0.034251	3.4721e-05	0.047715	supercritical
567.00	97.000	64.218	0.015572	372.22	523.27	5.8187	0.73816	1.0243	464.13	0.033950	3.4761e-05	0.047776	supercritical
568.00	97.000	64.103	0.015600	372.97	524.29	5.8205	0.73845	1.0245	464.51	0.033651	3.4801e-05	0.047837	supercritical
569.00	97.000	63.987	0.015628	373.73	525.32	5.8223	0.73874	1.0247	464.88	0.033352	3.4840e-05	0.047899	supercritical
570.00	97.000	63.873	0.015656	374.48	526.34	5.8241	0.73903	1.0248	465.25	0.033055	3.4880e-05	0.047960	supercritical
571.00	97.000	63.758	0.015684	375.23	527.37	5.8259	0.73931	1.0250	465.62	0.032760	3.4920e-05	0.048021	supercritical
572.00	97.000	63.645	0.015712	375.98	528.39	5.8277	0.73960	1.0252	466.00	0.032465	3.4960e-05	0.048083	supercritical
573.00	97.000	63.531	0.015740	376.74	529.42	5.8295	0.73989	1.0254	466.37	0.032172	3.5000e-05	0.048144	supercritical
574.00	97.000	63.418	0.015768	377.49	530.44	5.8313	0.74018	1.0256	466.74	0.031881	3.5039e-05	0.048205	supercritical
575.00	97.000	63.306	0.015796	378.24	531.47	5.8331	0.74047	1.0257	467.11	0.031590	3.5079e-05	0.048266	supercritical
576.00	97.000	63.194	0.015824	379.00	532.49	5.8348	0.74076	1.0259	467.48	0.031301	3.5118e-05	0.048328	supercritical
577.00	97.000	63.082	0.015852	379.75	533.52	5.8366	0.74105	1.0261	467.85	0.031013	3.5158e-05	0.048389	supercritical
578.00	97.000	62.970	0.015880	380.51	534.55	5.8384	0.74134	1.0263	468.22	0.030726	3.5198e-05	0.048450	supercritical
579.00	97.000	62.860	0.015908	381.26	535.57	5.8402	0.74162	1.0265	468.58	0.030441	3.5237e-05	0.048511	supercritical
580.00	97.000	62.749	0.015936	382.02	536.60	5.8419	0.74191	1.0267	468.95	0.030156	3.5277e-05	0.048572	supercritical
581.00	97.000	62.639	0.015965	382.77	537.63	5.8437	0.74220	1.0268	469.32	0.029873	3.5316e-05	0.048634	supercritical
582.00	97.000	62.529	0.015993	383.53	538.65	5.8455	0.74249	1.0270	469.69	0.029591	3.5356e-05	0.048695	supercritical
583.00	97.000	62.420	0.016021	384.28	539.68	5.8472	0.74277	1.0272	470.05	0.029311	3.5395e-05	0.048756	supercritical
584.00	97.000	62.311	0.016048	385.04	540.71	5.8490	0.74306	1.0274	470.42	0.029031	3.5435e-05	0.048817	supercritical
585.00	97.000	62.203	0.016076	385.79	541.74	5.8508	0.74335	1.0276	470.79	0.028753	3.5474e-05	0.048878	supercritical
586.00	97.000	62.095	0.016104	386.55	542.76	5.8525	0.74363	1.0278	471.15	0.028476	3.5513e-05	0.048939	supercritical
587.00	97.000	61.987	0.016132	387.31	543.79	5.8543	0.74392	1.0280	471.52	0.028200	3.5553e-05	0.049000	supercritical
588.00	97.000	61.880	0.016160	388.06	544.82	5.8560	0.74420	1.0281	471.88	0.027925	3.5592e-05	0.049061	supercritical
589.00	97.000	61.773	0.016188	388.82	545.85	5.8578	0.74449	1.0283	472.25	0.027652	3.5631e-05	0.049122	supercritical
590.00	97.000	61.666	0.016216	389.58	546.88	5.8595	0.74478	1.0285	472.61	0.027380	3.5671e-05	0.049183	supercritical
591.00	97.000	61.560	0.016244	390.33	547.90	5.8613	0.74506	1.0287	472.98	0.027108	3.5710e-05	0.049244	supercritical
592.00	97.000	61.454	0.016272	391.09	548.93	5.8630	0.74535	1.0289	473.34	0.026838	3.5749e-05	0.049305	supercritical
593.00	97.000	61.349	0.016300	391.85	549.96	5.8647	0.74563	1.0291	473.70	0.026570	3.5788e-05	0.049366	supercritical
594.00	97.000	61.244	0.016328	392.61	550.99	5.8665	0.74591	1.0293	474.07	0.026302	3.5827e-05	0.049427	supercritical
595.00	97.000	61.139	0.016356	393.37	552.02	5.8682	0.74620	1.0295	474.43	0.026035	3.5866e-05	0.049488	supercritical
596.00	97.000	61.035	0.016384	394.12	553.05	5.8699	0.74648	1.0296	474.79	0.025770	3.5906e-05	0.049549	supercritical
597.00	97.000	60.931	0.016412	394.88	554.08	5.8717	0.74677	1.0298	475.15	0.025505	3.5945e-05	0.049609	supercritical
598.00	97.000	60.828	0.016440	395.64	555.11	5.8734	0.74705	1.0300	475.51	0.025242	3.5984e-05	0.049670	supercritical
599.00	97.000	60.724	0.016468	396.40	556.14	5.8751	0.74733	1.0302	475.88	0.024980	3.6023e-05	0.049731	supercritical
600.00	97.000	60.622	0.016496	397.16	557.17	5.8768	0.74761	1.0304	476.24	0.024719	3.6062e-05	0.049792	supercritical
