Temperature (K)	Pressure (bar)	Density (kg/m3)	Volume (m3/kg)	Internal Energy (kJ/kg)	Enthalpy (kJ/kg)	Entropy (J/g*K)	Cv (J/g*K)	Cp (J/g*K)	Sound Spd. (m/s)	Joule-Thomson (K/bar)	Viscosity (Pa*s)	Therm. Cond. (W/m*K)	Phase
60.000	101.00	1293.8	0.00077290	-185.73	-177.92	2.2309	1.0924	1.6527	1154.8	-0.037632	0.00062573	0.19799	liquid
61.000	101.00	1289.6	0.00077543	-184.10	-176.27	2.2582	1.0844	1.6549	1150.9	-0.037474	0.00059630	0.19667	liquid
62.000	101.00	1285.4	0.00077799	-182.47	-174.61	2.2852	1.0772	1.6566	1146.3	-0.037332	0.00056882	0.19535	liquid
63.000	101.00	1281.1	0.00078058	-180.84	-172.95	2.3117	1.0706	1.6580	1141.1	-0.037203	0.00054316	0.19403	liquid
64.000	101.00	1276.8	0.00078319	-179.20	-171.29	2.3378	1.0645	1.6589	1135.4	-0.037086	0.00051918	0.19271	liquid
65.000	101.00	1272.5	0.00078583	-177.57	-169.64	2.3635	1.0588	1.6596	1129.4	-0.036979	0.00049675	0.19138	liquid
66.000	101.00	1268.3	0.00078849	-175.94	-167.98	2.3889	1.0533	1.6599	1123.2	-0.036879	0.00047577	0.19006	liquid
67.000	101.00	1264.0	0.00079117	-174.31	-166.32	2.4138	1.0481	1.6600	1116.6	-0.036784	0.00045612	0.18874	liquid
68.000	101.00	1259.6	0.00079388	-172.67	-164.66	2.4384	1.0430	1.6599	1109.9	-0.036693	0.00043770	0.18742	liquid
69.000	101.00	1255.3	0.00079660	-171.04	-163.00	2.4627	1.0381	1.6596	1103.0	-0.036605	0.00042043	0.18610	liquid
70.000	101.00	1251.0	0.00079936	-169.41	-161.34	2.4865	1.0333	1.6593	1096.1	-0.036517	0.00040420	0.18478	liquid
71.000	101.00	1246.7	0.00080213	-167.78	-159.68	2.5101	1.0286	1.6588	1089.0	-0.036429	0.00038896	0.18346	liquid
72.000	101.00	1242.3	0.00080493	-166.15	-158.02	2.5333	1.0239	1.6582	1081.9	-0.036340	0.00037461	0.18214	liquid
73.000	101.00	1238.0	0.00080775	-164.52	-156.36	2.5561	1.0193	1.6576	1074.7	-0.036248	0.00036111	0.18082	liquid
74.000	101.00	1233.7	0.00081060	-162.89	-154.70	2.5787	1.0148	1.6570	1067.4	-0.036153	0.00034838	0.17950	liquid
75.000	101.00	1229.3	0.00081347	-161.26	-153.05	2.6009	1.0103	1.6564	1060.2	-0.036054	0.00033637	0.17818	liquid
76.000	101.00	1224.9	0.00081637	-159.64	-151.39	2.6229	1.0059	1.6558	1052.9	-0.035950	0.00032503	0.17685	liquid
77.000	101.00	1220.6	0.00081929	-158.01	-149.73	2.6445	1.0015	1.6553	1045.6	-0.035840	0.00031431	0.17553	liquid
78.000	101.00	1216.2	0.00082224	-156.38	-148.08	2.6659	0.99719	1.6548	1038.3	-0.035725	0.00030416	0.17421	liquid
79.000	101.00	1211.8	0.00082521	-154.76	-146.43	2.6869	0.99290	1.6544	1031.0	-0.035602	0.00029455	0.17289	liquid
80.000	101.00	1207.4	0.00082822	-153.14	-144.77	2.7077	0.98866	1.6541	1023.7	-0.035473	0.00028544	0.17157	liquid
81.000	101.00	1203.0	0.00083125	-151.51	-143.12	2.7283	0.98447	1.6539	1016.4	-0.035336	0.00027679	0.17025	liquid
82.000	101.00	1198.6	0.00083431	-149.89	-141.46	2.7486	0.98032	1.6537	1009.1	-0.035191	0.00026857	0.16893	liquid
83.000	101.00	1194.2	0.00083740	-148.27	-139.81	2.7686	0.97622	1.6537	1001.7	-0.035038	0.00026076	0.16760	liquid
84.000	101.00	1189.7	0.00084053	-146.65	-138.16	2.7884	0.97217	1.6537	994.44	-0.034876	0.00025332	0.16628	liquid
85.000	101.00	1185.3	0.00084369	-145.02	-136.50	2.8080	0.96816	1.6539	987.13	-0.034706	0.00024623	0.16495	liquid
86.000	101.00	1180.8	0.00084688	-143.40	-134.85	2.8273	0.96420	1.6542	979.83	-0.034525	0.00023947	0.16363	liquid
87.000	101.00	1176.3	0.00085010	-141.78	-133.19	2.8465	0.96029	1.6546	972.53	-0.034335	0.00023302	0.16230	liquid
88.000	101.00	1171.8	0.00085336	-140.16	-131.54	2.8654	0.95643	1.6551	965.24	-0.034135	0.00022685	0.16097	liquid
89.000	101.00	1167.3	0.00085665	-138.54	-129.88	2.8841	0.95261	1.6558	957.94	-0.033925	0.00022095	0.15964	liquid
90.000	101.00	1162.8	0.00085999	-136.91	-128.23	2.9026	0.94885	1.6566	950.65	-0.033704	0.00021530	0.15831	liquid
91.000	101.00	1158.3	0.00086336	-135.29	-126.57	2.9209	0.94513	1.6575	943.35	-0.033472	0.00020989	0.15698	liquid
92.000	101.00	1153.7	0.00086677	-133.67	-124.91	2.9390	0.94146	1.6585	936.06	-0.033229	0.00020469	0.15565	liquid
93.000	101.00	1149.1	0.00087022	-132.04	-123.25	2.9570	0.93784	1.6597	928.76	-0.032974	0.00019971	0.15432	liquid
94.000	101.00	1144.5	0.00087371	-130.42	-121.59	2.9747	0.93427	1.6610	921.47	-0.032707	0.00019492	0.15299	liquid
95.000	101.00	1139.9	0.00087725	-128.79	-119.93	2.9923	0.93075	1.6625	914.16	-0.032428	0.00019031	0.15165	liquid
96.000	101.00	1135.3	0.00088083	-127.16	-118.27	3.0097	0.92727	1.6641	906.86	-0.032136	0.00018588	0.15032	liquid
97.000	101.00	1130.6	0.00088446	-125.54	-116.60	3.0270	0.92384	1.6658	899.55	-0.031832	0.00018160	0.14898	liquid
98.000	101.00	1126.0	0.00088814	-123.91	-114.94	3.0441	0.92045	1.6677	892.23	-0.031514	0.00017748	0.14764	liquid
99.000	101.00	1121.3	0.00089186	-122.28	-113.27	3.0610	0.91712	1.6697	884.91	-0.031182	0.00017350	0.14631	liquid
100.00	101.00	1116.5	0.00089564	-120.64	-111.60	3.0778	0.91382	1.6719	877.58	-0.030835	0.00016966	0.14497	liquid
101.00	101.00	1111.8	0.00089946	-119.01	-109.92	3.0945	0.91058	1.6743	870.23	-0.030474	0.00016595	0.14363	liquid
102.00	101.00	1107.0	0.00090334	-117.37	-108.25	3.1110	0.90738	1.6768	862.88	-0.030098	0.00016236	0.14229	liquid
103.00	101.00	1102.2	0.00090728	-115.73	-106.57	3.1273	0.90422	1.6794	855.52	-0.029706	0.00015888	0.14095	liquid
104.00	101.00	1097.4	0.00091128	-114.09	-104.89	3.1436	0.90111	1.6822	848.15	-0.029298	0.00015551	0.13960	liquid
105.00	101.00	1092.5	0.00091533	-112.45	-103.21	3.1597	0.89804	1.6852	840.76	-0.028873	0.00015224	0.13826	liquid
106.00	101.00	1087.6	0.00091944	-110.81	-101.52	3.1757	0.89502	1.6884	833.36	-0.028431	0.00014907	0.13692	liquid
107.00	101.00	1082.7	0.00092362	-109.16	-99.829	3.1915	0.89204	1.6917	825.95	-0.027970	0.00014599	0.13558	liquid
108.00	101.00	1077.7	0.00092786	-107.51	-98.135	3.2073	0.88910	1.6952	818.51	-0.027491	0.00014300	0.13423	liquid
109.00	101.00	1072.8	0.00093217	-105.85	-96.438	3.2229	0.88621	1.6989	811.07	-0.026992	0.00014009	0.13289	liquid
110.00	101.00	1067.7	0.00093655	-104.20	-94.737	3.2385	0.88336	1.7027	803.60	-0.026473	0.00013726	0.13155	liquid
111.00	101.00	1062.7	0.00094101	-102.54	-93.033	3.2539	0.88055	1.7068	796.12	-0.025934	0.00013451	0.13021	liquid
112.00	101.00	1057.6	0.00094553	-100.87	-91.324	3.2692	0.87779	1.7111	788.61	-0.025372	0.00013182	0.12887	liquid
113.00	101.00	1052.5	0.00095014	-99.207	-89.610	3.2844	0.87507	1.7156	781.09	-0.024787	0.00012920	0.12754	liquid
114.00	101.00	1047.3	0.00095483	-97.536	-87.893	3.2996	0.87239	1.7202	773.54	-0.024179	0.00012665	0.12620	liquid
115.00	101.00	1042.1	0.00095960	-95.862	-86.170	3.3146	0.86975	1.7252	765.97	-0.023546	0.00012416	0.12486	liquid
116.00	101.00	1036.9	0.00096445	-94.183	-84.442	3.3296	0.86716	1.7303	758.38	-0.022887	0.00012173	0.12352	liquid
117.00	101.00	1031.6	0.00096940	-92.500	-82.709	3.3445	0.86461	1.7357	750.76	-0.022202	0.00011935	0.12219	liquid
118.00	101.00	1026.2	0.00097444	-90.812	-80.971	3.3593	0.86210	1.7413	743.11	-0.021488	0.00011703	0.12085	liquid
119.00	101.00	1020.9	0.00097957	-89.120	-79.226	3.3740	0.85964	1.7472	735.44	-0.020744	0.00011476	0.11951	liquid
120.00	101.00	1015.4	0.00098481	-87.423	-77.476	3.3886	0.85722	1.7534	727.74	-0.019970	0.00011254	0.11818	liquid
121.00	101.00	1009.9	0.00099015	-85.720	-75.720	3.4032	0.85484	1.7598	720.01	-0.019163	0.00011036	0.11685	liquid
122.00	101.00	1004.4	0.00099560	-84.012	-73.956	3.4177	0.85251	1.7666	712.25	-0.018322	0.00010823	0.11551	liquid
123.00	101.00	998.83	0.0010012	-82.298	-72.186	3.4322	0.85023	1.7736	704.46	-0.017445	0.00010615	0.11418	liquid
124.00	101.00	993.19	0.0010069	-80.578	-70.409	3.4466	0.84799	1.7810	696.64	-0.016531	0.00010410	0.11285	liquid
125.00	101.00	987.50	0.0010127	-78.852	-68.624	3.4609	0.84579	1.7887	688.78	-0.015577	0.00010209	0.11152	liquid
126.00	101.00	981.74	0.0010186	-77.119	-66.832	3.4752	0.84365	1.7968	680.88	-0.014582	0.00010013	0.11020	liquid
127.00	101.00	975.92	0.0010247	-75.380	-65.031	3.4894	0.84155	1.8053	672.95	-0.013542	9.8194e-05	0.10887	liquid
128.00	101.00	970.04	0.0010309	-73.633	-63.221	3.5036	0.83950	1.8141	664.98	-0.012457	9.6298e-05	0.10755	liquid
129.00	101.00	964.09	0.0010373	-71.878	-61.402	3.5178	0.83749	1.8234	656.97	-0.011322	9.4436e-05	0.10623	liquid
130.00	101.00	958.06	0.0010438	-70.116	-59.574	3.5319	0.83554	1.8331	648.92	-0.010136	9.2607e-05	0.10491	liquid
131.00	101.00	951.97	0.0010505	-68.345	-57.736	3.5460	0.83365	1.8433	640.83	-0.0088946	9.0809e-05	0.10359	liquid
132.00	101.00	945.80	0.0010573	-66.566	-55.887	3.5600	0.83180	1.8541	632.69	-0.0075954	8.9041e-05	0.10227	liquid
133.00	101.00	939.55	0.0010643	-64.777	-54.028	3.5741	0.83001	1.8653	624.51	-0.0062346	8.7302e-05	0.10096	liquid
134.00	101.00	933.21	0.0010716	-62.979	-52.156	3.5881	0.82828	1.8771	616.28	-0.0048085	8.5592e-05	0.099650	liquid
135.00	101.00	926.79	0.0010790	-61.171	-50.273	3.6021	0.82660	1.8895	608.00	-0.0033129	8.3909e-05	0.098342	liquid
136.00	101.00	920.28	0.0010866	-59.352	-48.377	3.6161	0.82499	1.9026	599.67	-0.0017433	8.2252e-05	0.097038	liquid
137.00	101.00	913.67	0.0010945	-57.522	-46.468	3.6301	0.82344	1.9164	591.29	-9.4769e-05	8.0621e-05	0.095736	liquid
138.00	101.00	906.96	0.0011026	-55.680	-44.544	3.6440	0.82195	1.9309	582.86	0.0016379	7.9013e-05	0.094437	liquid
139.00	101.00	900.15	0.0011109	-53.826	-42.606	3.6580	0.82053	1.9462	574.37	0.0034604	7.7430e-05	0.093141	liquid
140.00	101.00	893.22	0.0011195	-51.959	-40.651	3.6720	0.81917	1.9623	565.83	0.0053791	7.5869e-05	0.091849	liquid
141.00	101.00	886.18	0.0011284	-50.078	-38.681	3.6861	0.81790	1.9794	557.22	0.0074008	7.4330e-05	0.090560	liquid
142.00	101.00	879.02	0.0011376	-48.182	-36.692	3.7001	0.81669	1.9974	548.56	0.0095330	7.2812e-05	0.089274	liquid
143.00	101.00	871.72	0.0011472	-46.272	-34.685	3.7142	0.81557	2.0166	539.83	0.011784	7.1314e-05	0.087992	liquid
144.00	101.00	864.30	0.0011570	-44.345	-32.659	3.7283	0.81453	2.0368	531.04	0.014162	6.9836e-05	0.086714	liquid
145.00	101.00	856.73	0.0011672	-42.400	-30.611	3.7425	0.81357	2.0584	522.19	0.016678	6.8377e-05	0.085439	liquid
146.00	101.00	849.00	0.0011779	-40.438	-28.542	3.7567	0.81271	2.0812	513.27	0.019342	6.6936e-05	0.084168	liquid
147.00	101.00	841.12	0.0011889	-38.456	-26.448	3.7710	0.81194	2.1056	504.28	0.022166	6.5512e-05	0.082901	liquid
148.00	101.00	833.06	0.0012004	-36.454	-24.330	3.7854	0.81127	2.1315	495.23	0.025163	6.4104e-05	0.081638	liquid
149.00	101.00	824.83	0.0012124	-34.430	-22.185	3.7998	0.81071	2.1592	486.11	0.028347	6.2712e-05	0.080379	liquid
150.00	101.00	816.40	0.0012249	-32.382	-20.011	3.8144	0.81026	2.1887	476.92	0.031733	6.1335e-05	0.079123	liquid
151.00	101.00	807.76	0.0012380	-30.310	-17.807	3.8290	0.80993	2.2203	467.67	0.035340	5.9973e-05	0.077872	liquid
152.00	101.00	798.91	0.0012517	-28.212	-15.570	3.8438	0.80972	2.2542	458.36	0.039186	5.8624e-05	0.076624	liquid
153.00	101.00	789.83	0.0012661	-26.085	-13.297	3.8587	0.80964	2.2905	448.99	0.043291	5.7287e-05	0.075380	liquid
154.00	101.00	780.50	0.0012812	-23.928	-10.988	3.8737	0.80969	2.3295	439.56	0.047679	5.5963e-05	0.074139	liquid
155.00	101.00	770.90	0.0012972	-21.739	-8.6374	3.8889	0.80988	2.3715	430.09	0.052374	5.4649e-05	0.072902	supercritical
156.00	101.00	761.02	0.0013140	-19.515	-6.2436	3.9043	0.81021	2.4167	420.57	0.057404	5.3345e-05	0.071668	supercritical
157.00	101.00	750.84	0.0013318	-17.255	-3.8029	3.9199	0.81068	2.4653	411.02	0.062799	5.2051e-05	0.070437	supercritical
158.00	101.00	740.33	0.0013508	-14.954	-1.3116	3.9357	0.81130	2.5178	401.46	0.068591	5.0766e-05	0.069209	supercritical
159.00	101.00	729.48	0.0013708	-12.612	1.2341	3.9518	0.81206	2.5743	391.89	0.074815	4.9488e-05	0.067983	supercritical
160.00	101.00	718.25	0.0013923	-10.223	3.8385	3.9681	0.81297	2.6353	382.34	0.081506	4.8218e-05	0.066759	supercritical
161.00	101.00	706.64	0.0014152	-7.7869	6.5061	3.9848	0.81400	2.7008	372.82	0.088702	4.6953e-05	0.065536	supercritical
162.00	101.00	694.61	0.0014397	-5.2990	9.2416	4.0017	0.81515	2.7711	363.36	0.096441	4.5695e-05	0.064315	supercritical
163.00	101.00	682.14	0.0014660	-2.7566	12.050	4.0190	0.81641	2.8461	353.99	0.10476	4.4442e-05	0.063093	supercritical
164.00	101.00	669.21	0.0014943	-0.15714	14.935	4.0366	0.81774	2.9256	344.75	0.11369	4.3194e-05	0.061872	supercritical
165.00	101.00	655.81	0.0015248	2.5015	17.902	4.0547	0.81914	3.0091	335.68	0.12325	4.1952e-05	0.060649	supercritical
166.00	101.00	641.92	0.0015578	5.2206	20.955	4.0731	0.82055	3.0956	326.83	0.13346	4.0717e-05	0.059424	supercritical
167.00	101.00	627.56	0.0015935	8.0002	24.094	4.0920	0.82195	3.1836	318.25	0.14433	3.9491e-05	0.058197	supercritical
168.00	101.00	612.75	0.0016320	10.838	27.322	4.1112	0.82329	3.2712	310.00	0.15583	3.8275e-05	0.056967	supercritical
169.00	101.00	597.50	0.0016736	13.732	30.635	4.1309	0.82452	3.3557	302.15	0.16792	3.7074e-05	0.055733	supercritical
170.00	101.00	581.89	0.0017185	16.674	34.031	4.1509	0.82558	3.4341	294.74	0.18056	3.5893e-05	0.054496	supercritical
171.00	101.00	565.99	0.0017668	19.656	37.500	4.1713	0.82641	3.5030	287.84	0.19363	3.4735e-05	0.053257	supercritical
172.00	101.00	549.89	0.0018185	22.665	41.033	4.1919	0.82694	3.5589	281.50	0.20704	3.3608e-05	0.052017	supercritical
173.00	101.00	533.73	0.0018736	25.689	44.613	4.2126	0.82712	3.5982	275.76	0.22062	3.2519e-05	0.050780	supercritical
174.00	101.00	517.63	0.0019319	28.710	48.223	4.2334	0.82687	3.6179	270.65	0.23420	3.1474e-05	0.049549	supercritical
175.00	101.00	501.73	0.0019931	31.711	51.841	4.2542	0.82617	3.6159	266.17	0.24759	3.0480e-05	0.048332	supercritical
176.00	101.00	486.18	0.0020568	34.673	55.447	4.2747	0.82498	3.5915	262.34	0.26057	2.9544e-05	0.047135	supercritical
177.00	101.00	471.11	0.0021227	37.578	59.017	4.2949	0.82332	3.5457	259.11	0.27296	2.8668e-05	0.045966	supercritical
178.00	101.00	456.62	0.0021900	40.413	62.532	4.3147	0.82121	3.4811	256.47	0.28460	2.7857e-05	0.044834	supercritical
179.00	101.00	442.79	0.0022584	43.164	65.974	4.3340	0.81870	3.4015	254.36	0.29538	2.7111e-05	0.043747	supercritical
180.00	101.00	429.67	0.0023274	45.825	69.331	4.3527	0.81585	3.3111	252.72	0.30523	2.6430e-05	0.042712	supercritical
181.00	101.00	417.29	0.0023964	48.390	72.594	4.3708	0.81274	3.2140	251.49	0.31413	2.5810e-05	0.041732	supercritical
182.00	101.00	405.63	0.0024653	50.859	75.758	4.3882	0.80942	3.1139	250.62	0.32210	2.5249e-05	0.040812	supercritical
183.00	101.00	394.69	0.0025337	53.232	78.822	4.4050	0.80595	3.0136	250.05	0.32917	2.4741e-05	0.039951	supercritical
184.00	101.00	384.42	0.0026013	55.513	81.786	4.4212	0.80239	2.9151	249.74	0.33540	2.4284e-05	0.039149	supercritical
185.00	101.00	374.79	0.0026682	57.705	84.653	4.4367	0.79878	2.8200	249.65	0.34084	2.3872e-05	0.038404	supercritical
186.00	101.00	365.76	0.0027341	59.814	87.428	4.4517	0.79515	2.7291	249.74	0.34555	2.3500e-05	0.037713	supercritical
187.00	101.00	357.28	0.0027990	61.844	90.113	4.4661	0.79154	2.6430	249.97	0.34961	2.3165e-05	0.037073	supercritical
188.00	101.00	349.31	0.0028628	63.801	92.715	4.4800	0.78797	2.5617	250.34	0.35306	2.2864e-05	0.036481	supercritical
189.00	101.00	341.81	0.0029256	65.689	95.238	4.4933	0.78445	2.4854	250.80	0.35597	2.2592e-05	0.035933	supercritical
190.00	101.00	334.74	0.0029874	67.515	97.688	4.5063	0.78101	2.4140	251.36	0.35838	2.2347e-05	0.035426	supercritical
191.00	101.00	328.07	0.0030482	69.281	100.07	4.5188	0.77764	2.3471	251.99	0.36035	2.2125e-05	0.034957	supercritical
192.00	101.00	321.76	0.0031079	70.994	102.38	4.5309	0.77435	2.2845	252.68	0.36192	2.1925e-05	0.034523	supercritical
193.00	101.00	315.79	0.0031667	72.655	104.64	4.5426	0.77116	2.2260	253.42	0.36313	2.1745e-05	0.034121	supercritical
194.00	101.00	310.13	0.0032245	74.269	106.84	4.5539	0.76806	2.1714	254.20	0.36401	2.1581e-05	0.033748	supercritical
195.00	101.00	304.75	0.0032814	75.840	108.98	4.5650	0.76505	2.1202	255.02	0.36459	2.1434e-05	0.033403	supercritical
196.00	101.00	299.63	0.0033374	77.370	111.08	4.5757	0.76214	2.0723	255.87	0.36491	2.1301e-05	0.033083	supercritical
197.00	101.00	294.76	0.0033926	78.862	113.13	4.5861	0.75932	2.0275	256.74	0.36499	2.1180e-05	0.032785	supercritical
198.00	101.00	290.11	0.0034470	80.319	115.13	4.5963	0.75660	1.9854	257.63	0.36485	2.1072e-05	0.032509	supercritical
199.00	101.00	285.66	0.0035006	81.743	117.10	4.6062	0.75397	1.9459	258.54	0.36452	2.0974e-05	0.032252	supercritical
200.00	101.00	281.41	0.0035535	83.136	119.03	4.6158	0.75143	1.9088	259.46	0.36402	2.0886e-05	0.032014	supercritical
201.00	101.00	277.34	0.0036057	84.501	120.92	4.6253	0.74898	1.8738	260.39	0.36335	2.0806e-05	0.031792	supercritical
202.00	101.00	273.44	0.0036571	85.838	122.77	4.6345	0.74661	1.8409	261.34	0.36254	2.0735e-05	0.031586	supercritical
203.00	101.00	269.69	0.0037080	87.150	124.60	4.6435	0.74433	1.8099	262.28	0.36161	2.0672e-05	0.031394	supercritical
204.00	101.00	266.09	0.0037582	88.438	126.40	4.6523	0.74213	1.7805	263.24	0.36056	2.0615e-05	0.031215	supercritical
205.00	101.00	262.62	0.0038077	89.704	128.16	4.6610	0.74000	1.7528	264.19	0.35940	2.0564e-05	0.031050	supercritical
206.00	101.00	259.28	0.0038568	90.948	129.90	4.6694	0.73795	1.7266	265.15	0.35815	2.0520e-05	0.030895	supercritical
207.00	101.00	256.07	0.0039052	92.173	131.62	4.6777	0.73597	1.7017	266.11	0.35682	2.0481e-05	0.030752	supercritical
208.00	101.00	252.96	0.0039532	93.378	133.31	4.6859	0.73406	1.6782	267.07	0.35541	2.0447e-05	0.030618	supercritical
209.00	101.00	249.96	0.0040006	94.566	134.97	4.6939	0.73222	1.6558	268.03	0.35393	2.0417e-05	0.030494	supercritical
210.00	101.00	247.06	0.0040475	95.737	136.62	4.7017	0.73045	1.6345	268.99	0.35240	2.0392e-05	0.030379	supercritical
211.00	101.00	244.26	0.0040940	96.892	138.24	4.7094	0.72873	1.6143	269.95	0.35080	2.0370e-05	0.030272	supercritical
212.00	101.00	241.54	0.0041400	98.032	139.85	4.7170	0.72708	1.5950	270.91	0.34916	2.0353e-05	0.030173	supercritical
213.00	101.00	238.91	0.0041856	99.157	141.43	4.7245	0.72548	1.5766	271.86	0.34748	2.0339e-05	0.030082	supercritical
214.00	101.00	236.36	0.0042308	100.27	143.00	4.7318	0.72394	1.5591	272.81	0.34576	2.0328e-05	0.029997	supercritical
215.00	101.00	233.89	0.0042755	101.37	144.55	4.7390	0.72245	1.5424	273.75	0.34400	2.0320e-05	0.029918	supercritical
216.00	101.00	231.49	0.0043199	102.45	146.08	4.7462	0.72101	1.5264	274.70	0.34222	2.0315e-05	0.029846	supercritical
217.00	101.00	229.15	0.0043639	103.53	147.60	4.7532	0.71962	1.5111	275.63	0.34040	2.0313e-05	0.029779	supercritical
218.00	101.00	226.88	0.0044075	104.59	149.11	4.7601	0.71828	1.4964	276.57	0.33857	2.0313e-05	0.029718	supercritical
219.00	101.00	224.68	0.0044508	105.64	150.60	4.7669	0.71699	1.4824	277.50	0.33672	2.0316e-05	0.029662	supercritical
220.00	101.00	222.53	0.0044938	106.68	152.07	4.7736	0.71573	1.4690	278.43	0.33484	2.0320e-05	0.029610	supercritical
221.00	101.00	220.44	0.0045364	107.72	153.53	4.7803	0.71452	1.4561	279.35	0.33296	2.0327e-05	0.029564	supercritical
222.00	101.00	218.40	0.0045787	108.74	154.98	4.7868	0.71335	1.4437	280.27	0.33106	2.0336e-05	0.029521	supercritical
223.00	101.00	216.42	0.0046207	109.75	156.42	4.7933	0.71222	1.4318	281.18	0.32915	2.0346e-05	0.029483	supercritical
224.00	101.00	214.48	0.0046624	110.76	157.85	4.7997	0.71112	1.4203	282.09	0.32723	2.0359e-05	0.029449	supercritical
225.00	101.00	212.59	0.0047038	111.75	159.26	4.8060	0.71007	1.4093	282.99	0.32531	2.0372e-05	0.029418	supercritical
226.00	101.00	210.75	0.0047450	112.74	160.67	4.8122	0.70904	1.3987	283.89	0.32338	2.0388e-05	0.029391	supercritical
227.00	101.00	208.95	0.0047859	113.72	162.06	4.8183	0.70805	1.3885	284.79	0.32145	2.0405e-05	0.029367	supercritical
228.00	101.00	207.19	0.0048265	114.70	163.44	4.8244	0.70709	1.3787	285.68	0.31952	2.0423e-05	0.029346	supercritical
229.00	101.00	205.47	0.0048669	115.66	164.82	4.8304	0.70616	1.3692	286.56	0.31759	2.0443e-05	0.029329	supercritical
230.00	101.00	203.79	0.0049070	116.62	166.18	4.8364	0.70526	1.3601	287.44	0.31565	2.0463e-05	0.029314	supercritical
231.00	101.00	202.15	0.0049469	117.57	167.54	4.8423	0.70439	1.3513	288.32	0.31372	2.0485e-05	0.029302	supercritical
232.00	101.00	200.54	0.0049865	118.52	168.89	4.8481	0.70355	1.3427	289.19	0.31180	2.0509e-05	0.029293	supercritical
233.00	101.00	198.97	0.0050259	119.46	170.22	4.8538	0.70274	1.3345	290.06	0.30987	2.0533e-05	0.029286	supercritical
234.00	101.00	197.43	0.0050651	120.40	171.55	4.8595	0.70195	1.3265	290.92	0.30795	2.0558e-05	0.029281	supercritical
235.00	101.00	195.92	0.0051041	121.32	172.88	4.8652	0.70118	1.3188	291.78	0.30604	2.0584e-05	0.029279	supercritical
236.00	101.00	194.44	0.0051429	122.25	174.19	4.8708	0.70044	1.3114	292.63	0.30413	2.0611e-05	0.029279	supercritical
237.00	101.00	192.99	0.0051815	123.17	175.50	4.8763	0.69972	1.3042	293.48	0.30222	2.0639e-05	0.029281	supercritical
238.00	101.00	191.57	0.0052199	124.08	176.80	4.8818	0.69903	1.2972	294.32	0.30033	2.0667e-05	0.029285	supercritical
239.00	101.00	190.18	0.0052581	124.99	178.09	4.8872	0.69835	1.2904	295.16	0.29844	2.0697e-05	0.029291	supercritical
240.00	101.00	188.82	0.0052962	125.89	179.38	4.8926	0.69770	1.2839	296.00	0.29656	2.0727e-05	0.029299	supercritical
241.00	101.00	187.48	0.0053340	126.79	180.66	4.8979	0.69706	1.2775	296.83	0.29468	2.0758e-05	0.029309	supercritical
242.00	101.00	186.16	0.0053717	127.68	181.94	4.9032	0.69645	1.2713	297.65	0.29282	2.0790e-05	0.029320	supercritical
243.00	101.00	184.87	0.0054092	128.57	183.20	4.9084	0.69586	1.2653	298.48	0.29096	2.0822e-05	0.029333	supercritical
244.00	101.00	183.60	0.0054465	129.46	184.47	4.9136	0.69528	1.2595	299.29	0.28912	2.0855e-05	0.029347	supercritical
245.00	101.00	182.36	0.0054837	130.34	185.72	4.9187	0.69472	1.2539	300.11	0.28728	2.0888e-05	0.029363	supercritical
246.00	101.00	181.14	0.0055207	131.22	186.97	4.9238	0.69418	1.2484	300.92	0.28545	2.0922e-05	0.029381	supercritical
247.00	101.00	179.94	0.0055575	132.09	188.22	4.9289	0.69366	1.2431	301.72	0.28364	2.0957e-05	0.029400	supercritical
248.00	101.00	178.76	0.0055942	132.96	189.46	4.9339	0.69315	1.2379	302.52	0.28183	2.0992e-05	0.029420	supercritical
249.00	101.00	177.60	0.0056308	133.83	190.70	4.9388	0.69266	1.2328	303.32	0.28003	2.1028e-05	0.029441	supercritical
250.00	101.00	176.45	0.0056672	134.69	191.93	4.9438	0.69218	1.2280	304.11	0.27825	2.1064e-05	0.029464	supercritical
251.00	101.00	175.33	0.0057034	135.55	193.15	4.9487	0.69171	1.2232	304.90	0.27647	2.1100e-05	0.029488	supercritical
252.00	101.00	174.23	0.0057396	136.40	194.37	4.9535	0.69127	1.2185	305.69	0.27471	2.1137e-05	0.029513	supercritical
253.00	101.00	173.14	0.0057756	137.26	195.59	4.9583	0.69083	1.2140	306.47	0.27295	2.1174e-05	0.029539	supercritical
254.00	101.00	172.08	0.0058114	138.11	196.80	4.9631	0.69041	1.2096	307.25	0.27121	2.1212e-05	0.029566	supercritical
255.00	101.00	171.02	0.0058471	138.95	198.01	4.9679	0.69000	1.2054	308.02	0.26948	2.1250e-05	0.029594	supercritical
256.00	101.00	169.99	0.0058828	139.80	199.21	4.9726	0.68961	1.2012	308.79	0.26776	2.1289e-05	0.029623	supercritical
257.00	101.00	168.97	0.0059182	140.64	200.41	4.9773	0.68923	1.1971	309.56	0.26605	2.1327e-05	0.029653	supercritical
258.00	101.00	167.97	0.0059536	141.47	201.61	4.9819	0.68885	1.1932	310.32	0.26435	2.1366e-05	0.029684	supercritical
259.00	101.00	166.98	0.0059888	142.31	202.80	4.9865	0.68850	1.1893	311.08	0.26266	2.1406e-05	0.029716	supercritical
260.00	101.00	166.00	0.0060240	143.14	203.98	4.9911	0.68815	1.1855	311.84	0.26098	2.1446e-05	0.029749	supercritical
261.00	101.00	165.04	0.0060590	143.97	205.17	4.9956	0.68781	1.1818	312.59	0.25932	2.1486e-05	0.029783	supercritical
262.00	101.00	164.10	0.0060939	144.80	206.35	5.0001	0.68749	1.1783	313.34	0.25766	2.1526e-05	0.029817	supercritical
263.00	101.00	163.17	0.0061287	145.63	207.53	5.0046	0.68717	1.1748	314.08	0.25602	2.1567e-05	0.029852	supercritical
264.00	101.00	162.25	0.0061634	146.45	208.70	5.0091	0.68687	1.1713	314.82	0.25439	2.1607e-05	0.029888	supercritical
265.00	101.00	161.34	0.0061979	147.27	209.87	5.0135	0.68657	1.1680	315.56	0.25277	2.1649e-05	0.029925	supercritical
266.00	101.00	160.45	0.0062324	148.09	211.03	5.0179	0.68629	1.1648	316.30	0.25116	2.1690e-05	0.029962	supercritical
267.00	101.00	159.57	0.0062668	148.90	212.20	5.0222	0.68601	1.1616	317.03	0.24956	2.1731e-05	0.030000	supercritical
268.00	101.00	158.70	0.0063011	149.72	213.36	5.0266	0.68575	1.1585	317.76	0.24797	2.1773e-05	0.030039	supercritical
269.00	101.00	157.85	0.0063353	150.53	214.51	5.0309	0.68549	1.1554	318.48	0.24639	2.1815e-05	0.030078	supercritical
270.00	101.00	157.00	0.0063693	151.34	215.67	5.0352	0.68524	1.1525	319.21	0.24483	2.1857e-05	0.030118	supercritical
271.00	101.00	156.17	0.0064033	152.15	216.82	5.0394	0.68501	1.1496	319.92	0.24327	2.1900e-05	0.030159	supercritical
272.00	101.00	155.35	0.0064372	152.95	217.97	5.0437	0.68478	1.1467	320.64	0.24173	2.1942e-05	0.030200	supercritical
273.00	101.00	154.53	0.0064711	153.76	219.11	5.0479	0.68455	1.1440	321.35	0.24020	2.1985e-05	0.030241	supercritical
274.00	101.00	153.73	0.0065048	154.56	220.26	5.0520	0.68434	1.1413	322.06	0.23867	2.2028e-05	0.030284	supercritical
275.00	101.00	152.94	0.0065384	155.36	221.40	5.0562	0.68413	1.1386	322.77	0.23716	2.2071e-05	0.030326	supercritical
276.00	101.00	152.16	0.0065720	156.16	222.53	5.0603	0.68394	1.1360	323.47	0.23566	2.2114e-05	0.030370	supercritical
277.00	101.00	151.39	0.0066054	156.95	223.67	5.0644	0.68374	1.1335	324.17	0.23417	2.2158e-05	0.030413	supercritical
278.00	101.00	150.63	0.0066388	157.75	224.80	5.0685	0.68356	1.1310	324.87	0.23269	2.2201e-05	0.030458	supercritical
279.00	101.00	149.88	0.0066721	158.54	225.93	5.0726	0.68339	1.1286	325.57	0.23122	2.2245e-05	0.030502	supercritical
280.00	101.00	149.13	0.0067054	159.33	227.06	5.0766	0.68322	1.1262	326.26	0.22976	2.2289e-05	0.030547	supercritical
281.00	101.00	148.40	0.0067385	160.12	228.18	5.0806	0.68306	1.1239	326.95	0.22831	2.2333e-05	0.030593	supercritical
282.00	101.00	147.68	0.0067716	160.91	229.30	5.0846	0.68290	1.1216	327.64	0.22687	2.2377e-05	0.030639	supercritical
283.00	101.00	146.96	0.0068046	161.70	230.42	5.0886	0.68275	1.1193	328.32	0.22544	2.2421e-05	0.030685	supercritical
284.00	101.00	146.25	0.0068375	162.48	231.54	5.0925	0.68261	1.1172	329.00	0.22402	2.2465e-05	0.030732	supercritical
285.00	101.00	145.55	0.0068704	163.27	232.66	5.0964	0.68248	1.1150	329.68	0.22261	2.2509e-05	0.030779	supercritical
286.00	101.00	144.86	0.0069031	164.05	233.77	5.1003	0.68235	1.1129	330.35	0.22121	2.2554e-05	0.030827	supercritical
287.00	101.00	144.18	0.0069358	164.83	234.89	5.1042	0.68222	1.1109	331.03	0.21982	2.2598e-05	0.030875	supercritical
288.00	101.00	143.50	0.0069685	165.61	235.99	5.1081	0.68211	1.1089	331.70	0.21844	2.2643e-05	0.030923	supercritical
289.00	101.00	142.84	0.0070011	166.39	237.10	5.1119	0.68200	1.1069	332.37	0.21707	2.2688e-05	0.030971	supercritical
290.00	101.00	142.18	0.0070336	167.17	238.21	5.1157	0.68189	1.1050	333.03	0.21571	2.2733e-05	0.031020	supercritical
291.00	101.00	141.52	0.0070660	167.95	239.31	5.1195	0.68179	1.1031	333.69	0.21436	2.2778e-05	0.031069	supercritical
292.00	101.00	140.88	0.0070984	168.72	240.41	5.1233	0.68170	1.1012	334.35	0.21302	2.2823e-05	0.031119	supercritical
293.00	101.00	140.24	0.0071307	169.50	241.52	5.1271	0.68161	1.0994	335.01	0.21168	2.2868e-05	0.031169	supercritical
294.00	101.00	139.61	0.0071629	170.27	242.61	5.1308	0.68153	1.0976	335.67	0.21036	2.2913e-05	0.031219	supercritical
295.00	101.00	138.98	0.0071951	171.04	243.71	5.1345	0.68145	1.0959	336.32	0.20905	2.2958e-05	0.031269	supercritical
296.00	101.00	138.37	0.0072273	171.81	244.81	5.1382	0.68138	1.0942	336.97	0.20774	2.3003e-05	0.031320	supercritical
297.00	101.00	137.75	0.0072593	172.58	245.90	5.1419	0.68132	1.0925	337.62	0.20645	2.3049e-05	0.031370	supercritical
298.00	101.00	137.15	0.0072913	173.35	246.99	5.1456	0.68126	1.0908	338.26	0.20516	2.3094e-05	0.031421	supercritical
299.00	101.00	136.55	0.0073233	174.12	248.08	5.1493	0.68120	1.0892	338.91	0.20388	2.3139e-05	0.031473	supercritical
300.00	101.00	135.96	0.0073552	174.88	249.17	5.1529	0.68115	1.0876	339.55	0.20261	2.3185e-05	0.031524	supercritical
301.00	101.00	135.37	0.0073870	175.65	250.26	5.1565	0.68110	1.0861	340.19	0.20135	2.3230e-05	0.031575	supercritical
302.00	101.00	134.79	0.0074188	176.41	251.34	5.1601	0.68106	1.0846	340.82	0.20010	2.3276e-05	0.031627	supercritical
303.00	101.00	134.22	0.0074505	177.17	252.43	5.1637	0.68102	1.0831	341.46	0.19885	2.3322e-05	0.031679	supercritical
304.00	101.00	133.65	0.0074822	177.94	253.51	5.1673	0.68099	1.0816	342.09	0.19762	2.3367e-05	0.031731	supercritical
305.00	101.00	133.09	0.0075138	178.70	254.59	5.1708	0.68096	1.0802	342.72	0.19639	2.3413e-05	0.031782	supercritical
306.00	101.00	132.53	0.0075454	179.46	255.67	5.1743	0.68094	1.0788	343.35	0.19518	2.3459e-05	0.031834	supercritical
307.00	101.00	131.98	0.0075769	180.22	256.75	5.1779	0.68092	1.0774	343.97	0.19397	2.3505e-05	0.031885	supercritical
308.00	101.00	131.43	0.0076083	180.98	257.82	5.1814	0.68091	1.0760	344.59	0.19276	2.3551e-05	0.031935	supercritical
309.00	101.00	130.89	0.0076397	181.74	258.90	5.1848	0.68090	1.0747	345.22	0.19157	2.3596e-05	0.031982	supercritical
310.00	101.00	130.36	0.0076711	182.49	259.97	5.1883	0.68089	1.0734	345.83	0.19038	2.3642e-05	0.032033	supercritical
311.00	101.00	129.83	0.0077024	183.25	261.04	5.1918	0.68089	1.0721	346.45	0.18921	2.3688e-05	0.032090	supercritical
312.00	101.00	129.30	0.0077337	184.01	262.12	5.1952	0.68089	1.0708	347.07	0.18804	2.3734e-05	0.032147	supercritical
313.00	101.00	128.78	0.0077649	184.76	263.19	5.1986	0.68090	1.0696	347.68	0.18688	2.3780e-05	0.032204	supercritical
314.00	101.00	128.27	0.0077961	185.52	264.26	5.2020	0.68091	1.0684	348.29	0.18572	2.3826e-05	0.032261	supercritical
315.00	101.00	127.76	0.0078272	186.27	265.32	5.2054	0.68092	1.0672	348.90	0.18458	2.3872e-05	0.032318	supercritical
316.00	101.00	127.25	0.0078583	187.02	266.39	5.2088	0.68094	1.0660	349.50	0.18344	2.3918e-05	0.032375	supercritical
317.00	101.00	126.75	0.0078893	187.77	267.46	5.2122	0.68096	1.0649	350.11	0.18231	2.3964e-05	0.032433	supercritical
318.00	101.00	126.26	0.0079203	188.52	268.52	5.2155	0.68099	1.0638	350.71	0.18118	2.4010e-05	0.032490	supercritical
319.00	101.00	125.77	0.0079512	189.28	269.58	5.2189	0.68102	1.0627	351.31	0.18007	2.4057e-05	0.032548	supercritical
320.00	101.00	125.28	0.0079821	190.03	270.64	5.2222	0.68105	1.0616	351.91	0.17896	2.4103e-05	0.032606	supercritical
321.00	101.00	124.80	0.0080130	190.77	271.71	5.2255	0.68109	1.0605	352.51	0.17786	2.4149e-05	0.032664	supercritical
322.00	101.00	124.32	0.0080438	191.52	272.77	5.2288	0.68113	1.0595	353.10	0.17676	2.4195e-05	0.032722	supercritical
323.00	101.00	123.85	0.0080746	192.27	273.82	5.2321	0.68117	1.0584	353.69	0.17567	2.4241e-05	0.032781	supercritical
324.00	101.00	123.38	0.0081053	193.02	274.88	5.2354	0.68122	1.0574	354.29	0.17459	2.4287e-05	0.032839	supercritical
325.00	101.00	122.91	0.0081360	193.77	275.94	5.2386	0.68127	1.0564	354.88	0.17352	2.4333e-05	0.032897	supercritical
326.00	101.00	122.45	0.0081667	194.51	277.00	5.2419	0.68132	1.0555	355.46	0.17246	2.4380e-05	0.032956	supercritical
327.00	101.00	121.99	0.0081973	195.26	278.05	5.2451	0.68138	1.0545	356.05	0.17140	2.4426e-05	0.033015	supercritical
328.00	101.00	121.54	0.0082279	196.00	279.10	5.2483	0.68144	1.0536	356.63	0.17035	2.4472e-05	0.033074	supercritical
329.00	101.00	121.09	0.0082584	196.75	280.16	5.2515	0.68150	1.0527	357.21	0.16930	2.4518e-05	0.033133	supercritical
330.00	101.00	120.64	0.0082889	197.49	281.21	5.2547	0.68157	1.0518	357.79	0.16826	2.4564e-05	0.033192	supercritical
331.00	101.00	120.20	0.0083194	198.24	282.26	5.2579	0.68164	1.0509	358.37	0.16723	2.4610e-05	0.033251	supercritical
332.00	101.00	119.76	0.0083498	198.98	283.31	5.2611	0.68171	1.0500	358.95	0.16621	2.4657e-05	0.033310	supercritical
333.00	101.00	119.33	0.0083802	199.72	284.36	5.2642	0.68179	1.0492	359.52	0.16519	2.4703e-05	0.033370	supercritical
334.00	101.00	118.90	0.0084105	200.46	285.41	5.2674	0.68187	1.0483	360.10	0.16417	2.4749e-05	0.033429	supercritical
335.00	101.00	118.47	0.0084409	201.21	286.46	5.2705	0.68195	1.0475	360.67	0.16317	2.4795e-05	0.033489	supercritical
336.00	101.00	118.05	0.0084711	201.95	287.51	5.2736	0.68204	1.0467	361.24	0.16217	2.4841e-05	0.033548	supercritical
337.00	101.00	117.63	0.0085014	202.69	288.55	5.2767	0.68213	1.0459	361.81	0.16118	2.4888e-05	0.033608	supercritical
338.00	101.00	117.21	0.0085316	203.43	289.60	5.2798	0.68222	1.0451	362.37	0.16019	2.4934e-05	0.033668	supercritical
339.00	101.00	116.80	0.0085618	204.17	290.64	5.2829	0.68231	1.0444	362.94	0.15921	2.4980e-05	0.033728	supercritical
340.00	101.00	116.39	0.0085919	204.91	291.69	5.2860	0.68241	1.0436	363.50	0.15824	2.5026e-05	0.033788	supercritical
341.00	101.00	115.98	0.0086220	205.65	292.73	5.2891	0.68251	1.0429	364.06	0.15727	2.5072e-05	0.033848	supercritical
342.00	101.00	115.58	0.0086521	206.39	293.77	5.2921	0.68261	1.0421	364.62	0.15631	2.5118e-05	0.033908	supercritical
343.00	101.00	115.18	0.0086822	207.12	294.81	5.2951	0.68272	1.0414	365.18	0.15535	2.5164e-05	0.033968	supercritical
344.00	101.00	114.78	0.0087122	207.86	295.85	5.2982	0.68282	1.0407	365.74	0.15440	2.5210e-05	0.034028	supercritical
345.00	101.00	114.39	0.0087421	208.60	296.89	5.3012	0.68294	1.0401	366.29	0.15346	2.5257e-05	0.034089	supercritical
346.00	101.00	114.00	0.0087721	209.34	297.93	5.3042	0.68305	1.0394	366.85	0.15252	2.5303e-05	0.034149	supercritical
347.00	101.00	113.61	0.0088020	210.07	298.97	5.3072	0.68316	1.0387	367.40	0.15159	2.5349e-05	0.034210	supercritical
348.00	101.00	113.23	0.0088319	210.81	300.01	5.3102	0.68328	1.0381	367.95	0.15066	2.5395e-05	0.034270	supercritical
349.00	101.00	112.84	0.0088618	211.55	301.05	5.3132	0.68340	1.0375	368.50	0.14974	2.5441e-05	0.034331	supercritical
350.00	101.00	112.47	0.0088916	212.28	302.09	5.3161	0.68353	1.0368	369.05	0.14883	2.5487e-05	0.034391	supercritical
351.00	101.00	112.09	0.0089214	213.02	303.12	5.3191	0.68365	1.0362	369.59	0.14792	2.5533e-05	0.034452	supercritical
352.00	101.00	111.72	0.0089512	213.75	304.16	5.3220	0.68378	1.0356	370.14	0.14701	2.5579e-05	0.034513	supercritical
353.00	101.00	111.35	0.0089809	214.49	305.19	5.3250	0.68391	1.0350	370.68	0.14611	2.5625e-05	0.034574	supercritical
354.00	101.00	110.98	0.0090106	215.22	306.23	5.3279	0.68405	1.0345	371.22	0.14522	2.5671e-05	0.034635	supercritical
355.00	101.00	110.62	0.0090403	215.96	307.26	5.3308	0.68418	1.0339	371.76	0.14433	2.5717e-05	0.034696	supercritical
356.00	101.00	110.25	0.0090699	216.69	308.30	5.3337	0.68432	1.0333	372.30	0.14345	2.5763e-05	0.034757	supercritical
357.00	101.00	109.90	0.0090996	217.42	309.33	5.3366	0.68446	1.0328	372.84	0.14258	2.5809e-05	0.034818	supercritical
358.00	101.00	109.54	0.0091292	218.16	310.36	5.3395	0.68460	1.0323	373.38	0.14171	2.5854e-05	0.034879	supercritical
359.00	101.00	109.19	0.0091587	218.89	311.39	5.3424	0.68475	1.0317	373.91	0.14084	2.5900e-05	0.034940	supercritical
360.00	101.00	108.83	0.0091883	219.62	312.43	5.3453	0.68490	1.0312	374.44	0.13998	2.5946e-05	0.035002	supercritical
361.00	101.00	108.49	0.0092178	220.36	313.46	5.3481	0.68505	1.0307	374.98	0.13912	2.5992e-05	0.035063	supercritical
362.00	101.00	108.14	0.0092473	221.09	314.49	5.3510	0.68520	1.0302	375.51	0.13827	2.6038e-05	0.035124	supercritical
363.00	101.00	107.80	0.0092768	221.82	315.52	5.3538	0.68535	1.0297	376.04	0.13743	2.6084e-05	0.035186	supercritical
364.00	101.00	107.46	0.0093062	222.55	316.55	5.3566	0.68551	1.0293	376.56	0.13659	2.6129e-05	0.035247	supercritical
365.00	101.00	107.12	0.0093356	223.29	317.58	5.3595	0.68567	1.0288	377.09	0.13575	2.6175e-05	0.035309	supercritical
366.00	101.00	106.78	0.0093650	224.02	318.60	5.3623	0.68583	1.0284	377.61	0.13492	2.6221e-05	0.035370	supercritical
367.00	101.00	106.45	0.0093944	224.75	319.63	5.3651	0.68599	1.0279	378.14	0.13410	2.6267e-05	0.035432	supercritical
368.00	101.00	106.12	0.0094237	225.48	320.66	5.3679	0.68615	1.0275	378.66	0.13328	2.6312e-05	0.035493	supercritical
369.00	101.00	105.79	0.0094530	226.21	321.69	5.3707	0.68632	1.0270	379.18	0.13246	2.6358e-05	0.035555	supercritical
370.00	101.00	105.46	0.0094823	226.94	322.71	5.3735	0.68649	1.0266	379.70	0.13165	2.6404e-05	0.035617	supercritical
371.00	101.00	105.13	0.0095116	227.67	323.74	5.3762	0.68666	1.0262	380.22	0.13085	2.6449e-05	0.035678	supercritical
372.00	101.00	104.81	0.0095409	228.40	324.77	5.3790	0.68683	1.0258	380.74	0.13005	2.6495e-05	0.035740	supercritical
373.00	101.00	104.49	0.0095701	229.13	325.79	5.3817	0.68700	1.0254	381.25	0.12925	2.6540e-05	0.035802	supercritical
374.00	101.00	104.17	0.0095993	229.87	326.82	5.3845	0.68718	1.0250	381.77	0.12846	2.6586e-05	0.035864	supercritical
375.00	101.00	103.86	0.0096285	230.60	327.84	5.3872	0.68736	1.0246	382.28	0.12767	2.6632e-05	0.035926	supercritical
376.00	101.00	103.55	0.0096576	231.33	328.87	5.3899	0.68754	1.0243	382.79	0.12689	2.6677e-05	0.035988	supercritical
377.00	101.00	103.23	0.0096867	232.06	329.89	5.3927	0.68772	1.0239	383.30	0.12611	2.6723e-05	0.036050	supercritical
378.00	101.00	102.92	0.0097158	232.78	330.91	5.3954	0.68790	1.0236	383.81	0.12534	2.6768e-05	0.036112	supercritical
379.00	101.00	102.62	0.0097449	233.51	331.94	5.3981	0.68809	1.0232	384.32	0.12457	2.6813e-05	0.036174	supercritical
380.00	101.00	102.31	0.0097740	234.24	332.96	5.4008	0.68828	1.0229	384.83	0.12381	2.6859e-05	0.036236	supercritical
381.00	101.00	102.01	0.0098030	234.97	333.98	5.4035	0.68847	1.0225	385.34	0.12305	2.6904e-05	0.036298	supercritical
382.00	101.00	101.71	0.0098321	235.70	335.01	5.4061	0.68866	1.0222	385.84	0.12229	2.6950e-05	0.036360	supercritical
383.00	101.00	101.41	0.0098611	236.43	336.03	5.4088	0.68885	1.0219	386.34	0.12154	2.6995e-05	0.036422	supercritical
384.00	101.00	101.11	0.0098900	237.16	337.05	5.4115	0.68904	1.0216	386.85	0.12079	2.7040e-05	0.036484	supercritical
385.00	101.00	100.82	0.0099190	237.89	338.07	5.4141	0.68924	1.0213	387.35	0.12005	2.7085e-05	0.036546	supercritical
386.00	101.00	100.52	0.0099479	238.62	339.09	5.4168	0.68943	1.0210	387.85	0.11931	2.7131e-05	0.036608	supercritical
387.00	101.00	100.23	0.0099769	239.35	340.11	5.4194	0.68963	1.0207	388.35	0.11858	2.7176e-05	0.036670	supercritical
388.00	101.00	99.943	0.010006	240.08	341.13	5.4221	0.68983	1.0204	388.84	0.11785	2.7221e-05	0.036733	supercritical
389.00	101.00	99.655	0.010035	240.80	342.15	5.4247	0.69004	1.0201	389.34	0.11713	2.7266e-05	0.036795	supercritical
390.00	101.00	99.369	0.010063	241.53	343.17	5.4273	0.69024	1.0199	389.84	0.11640	2.7311e-05	0.036857	supercritical
391.00	101.00	99.085	0.010092	242.26	344.19	5.4299	0.69045	1.0196	390.33	0.11569	2.7357e-05	0.036920	supercritical
392.00	101.00	98.803	0.010121	242.99	345.21	5.4325	0.69065	1.0193	390.82	0.11497	2.7402e-05	0.036982	supercritical
393.00	101.00	98.523	0.010150	243.72	346.23	5.4351	0.69086	1.0191	391.32	0.11426	2.7447e-05	0.037044	supercritical
394.00	101.00	98.244	0.010179	244.45	347.25	5.4377	0.69107	1.0188	391.81	0.11356	2.7492e-05	0.037107	supercritical
395.00	101.00	97.967	0.010207	245.17	348.27	5.4403	0.69128	1.0186	392.30	0.11286	2.7537e-05	0.037169	supercritical
396.00	101.00	97.692	0.010236	245.90	349.29	5.4429	0.69150	1.0184	392.79	0.11216	2.7582e-05	0.037231	supercritical
397.00	101.00	97.419	0.010265	246.63	350.31	5.4454	0.69171	1.0181	393.28	0.11147	2.7627e-05	0.037294	supercritical
398.00	101.00	97.147	0.010294	247.36	351.33	5.4480	0.69193	1.0179	393.76	0.11078	2.7672e-05	0.037356	supercritical
399.00	101.00	96.877	0.010322	248.09	352.34	5.4506	0.69214	1.0177	394.25	0.11009	2.7716e-05	0.037419	supercritical
400.00	101.00	96.609	0.010351	248.82	353.36	5.4531	0.69236	1.0175	394.73	0.10941	2.7761e-05	0.037481	supercritical
401.00	101.00	96.342	0.010380	249.54	354.38	5.4556	0.69258	1.0173	395.22	0.10873	2.7806e-05	0.037543	supercritical
402.00	101.00	96.077	0.010408	250.27	355.40	5.4582	0.69280	1.0171	395.70	0.10806	2.7851e-05	0.037606	supercritical
403.00	101.00	95.814	0.010437	251.00	356.41	5.4607	0.69302	1.0169	396.18	0.10739	2.7896e-05	0.037668	supercritical
404.00	101.00	95.552	0.010466	251.73	357.43	5.4632	0.69325	1.0167	396.66	0.10672	2.7940e-05	0.037731	supercritical
405.00	101.00	95.292	0.010494	252.46	358.45	5.4657	0.69347	1.0165	397.14	0.10606	2.7985e-05	0.037793	supercritical
406.00	101.00	95.033	0.010523	253.18	359.46	5.4682	0.69370	1.0164	397.62	0.10540	2.8030e-05	0.037856	supercritical
407.00	101.00	94.776	0.010551	253.91	360.48	5.4707	0.69393	1.0162	398.10	0.10475	2.8074e-05	0.037919	supercritical
408.00	101.00	94.520	0.010580	254.64	361.49	5.4732	0.69416	1.0160	398.57	0.10409	2.8119e-05	0.037981	supercritical
409.00	101.00	94.266	0.010608	255.37	362.51	5.4757	0.69439	1.0159	399.05	0.10345	2.8164e-05	0.038044	supercritical
410.00	101.00	94.014	0.010637	256.10	363.53	5.4782	0.69462	1.0157	399.52	0.10280	2.8208e-05	0.038106	supercritical
411.00	101.00	93.763	0.010665	256.82	364.54	5.4807	0.69485	1.0156	400.00	0.10216	2.8253e-05	0.038169	supercritical
412.00	101.00	93.513	0.010694	257.55	365.56	5.4831	0.69509	1.0154	400.47	0.10152	2.8297e-05	0.038231	supercritical
413.00	101.00	93.265	0.010722	258.28	366.57	5.4856	0.69532	1.0153	400.94	0.10089	2.8342e-05	0.038294	supercritical
414.00	101.00	93.018	0.010751	259.01	367.59	5.4881	0.69556	1.0151	401.41	0.10026	2.8386e-05	0.038357	supercritical
415.00	101.00	92.773	0.010779	259.74	368.60	5.4905	0.69580	1.0150	401.88	0.099630	2.8430e-05	0.038419	supercritical
416.00	101.00	92.529	0.010807	260.46	369.62	5.4930	0.69603	1.0149	402.35	0.099006	2.8475e-05	0.038482	supercritical
417.00	101.00	92.287	0.010836	261.19	370.63	5.4954	0.69627	1.0147	402.82	0.098386	2.8519e-05	0.038545	supercritical
418.00	101.00	92.046	0.010864	261.92	371.65	5.4978	0.69651	1.0146	403.29	0.097769	2.8563e-05	0.038607	supercritical
419.00	101.00	91.806	0.010893	262.65	372.66	5.5002	0.69676	1.0145	403.75	0.097155	2.8608e-05	0.038670	supercritical
420.00	101.00	91.568	0.010921	263.38	373.68	5.5027	0.69700	1.0144	404.22	0.096545	2.8652e-05	0.038732	supercritical
421.00	101.00	91.331	0.010949	264.10	374.69	5.5051	0.69724	1.0143	404.68	0.095938	2.8696e-05	0.038795	supercritical
422.00	101.00	91.095	0.010978	264.83	375.71	5.5075	0.69749	1.0142	405.14	0.095334	2.8740e-05	0.038858	supercritical
423.00	101.00	90.861	0.011006	265.56	376.72	5.5099	0.69773	1.0141	405.61	0.094733	2.8785e-05	0.038920	supercritical
424.00	101.00	90.628	0.011034	266.29	377.73	5.5123	0.69798	1.0140	406.07	0.094136	2.8829e-05	0.038983	supercritical
425.00	101.00	90.397	0.011062	267.02	378.75	5.5147	0.69823	1.0139	406.53	0.093542	2.8873e-05	0.039046	supercritical
426.00	101.00	90.166	0.011091	267.75	379.76	5.5170	0.69848	1.0138	406.99	0.092951	2.8917e-05	0.039108	supercritical
427.00	101.00	89.937	0.011119	268.47	380.77	5.5194	0.69873	1.0137	407.45	0.092363	2.8961e-05	0.039171	supercritical
428.00	101.00	89.710	0.011147	269.20	381.79	5.5218	0.69898	1.0137	407.90	0.091778	2.9005e-05	0.039234	supercritical
429.00	101.00	89.483	0.011175	269.93	382.80	5.5242	0.69923	1.0136	408.36	0.091197	2.9049e-05	0.039296	supercritical
430.00	101.00	89.258	0.011203	270.66	383.82	5.5265	0.69949	1.0135	408.82	0.090618	2.9093e-05	0.039359	supercritical
431.00	101.00	89.034	0.011232	271.39	384.83	5.5289	0.69974	1.0135	409.27	0.090043	2.9137e-05	0.039422	supercritical
432.00	101.00	88.811	0.011260	272.12	385.84	5.5312	0.69999	1.0134	409.73	0.089471	2.9180e-05	0.039484	supercritical
433.00	101.00	88.590	0.011288	272.85	386.86	5.5336	0.70025	1.0133	410.18	0.088901	2.9224e-05	0.039547	supercritical
434.00	101.00	88.369	0.011316	273.58	387.87	5.5359	0.70051	1.0133	410.63	0.088335	2.9268e-05	0.039610	supercritical
435.00	101.00	88.150	0.011344	274.31	388.88	5.5382	0.70076	1.0132	411.09	0.087772	2.9312e-05	0.039673	supercritical
436.00	101.00	87.932	0.011372	275.03	389.90	5.5406	0.70102	1.0132	411.54	0.087211	2.9356e-05	0.039735	supercritical
437.00	101.00	87.716	0.011400	275.76	390.91	5.5429	0.70128	1.0131	411.99	0.086654	2.9399e-05	0.039798	supercritical
438.00	101.00	87.500	0.011429	276.49	391.92	5.5452	0.70154	1.0131	412.44	0.086100	2.9443e-05	0.039861	supercritical
439.00	101.00	87.286	0.011457	277.22	392.94	5.5475	0.70180	1.0131	412.88	0.085548	2.9487e-05	0.039923	supercritical
440.00	101.00	87.072	0.011485	277.95	393.95	5.5498	0.70206	1.0130	413.33	0.085000	2.9530e-05	0.039986	supercritical
441.00	101.00	86.860	0.011513	278.68	394.96	5.5521	0.70233	1.0130	413.78	0.084454	2.9574e-05	0.040049	supercritical
442.00	101.00	86.649	0.011541	279.41	395.97	5.5544	0.70259	1.0130	414.22	0.083911	2.9617e-05	0.040111	supercritical
443.00	101.00	86.439	0.011569	280.14	396.99	5.5567	0.70285	1.0129	414.67	0.083371	2.9661e-05	0.040174	supercritical
444.00	101.00	86.230	0.011597	280.87	398.00	5.5590	0.70312	1.0129	415.11	0.082834	2.9705e-05	0.040237	supercritical
445.00	101.00	86.023	0.011625	281.60	399.01	5.5613	0.70338	1.0129	415.56	0.082299	2.9748e-05	0.040299	supercritical
446.00	101.00	85.816	0.011653	282.33	400.03	5.5635	0.70365	1.0129	416.00	0.081767	2.9791e-05	0.040362	supercritical
447.00	101.00	85.610	0.011681	283.06	401.04	5.5658	0.70392	1.0129	416.44	0.081239	2.9835e-05	0.040425	supercritical
448.00	101.00	85.406	0.011709	283.79	402.05	5.5681	0.70418	1.0129	416.88	0.080712	2.9878e-05	0.040487	supercritical
449.00	101.00	85.203	0.011737	284.52	403.06	5.5703	0.70445	1.0129	417.33	0.080189	2.9922e-05	0.040550	supercritical
450.00	101.00	85.000	0.011765	285.25	404.08	5.5726	0.70472	1.0129	417.77	0.079668	2.9965e-05	0.040613	supercritical
451.00	101.00	84.799	0.011793	285.98	405.09	5.5748	0.70499	1.0129	418.20	0.079150	3.0008e-05	0.040675	supercritical
452.00	101.00	84.599	0.011821	286.72	406.10	5.5771	0.70526	1.0129	418.64	0.078635	3.0051e-05	0.040738	supercritical
453.00	101.00	84.399	0.011848	287.45	407.12	5.5793	0.70553	1.0129	419.08	0.078122	3.0095e-05	0.040800	supercritical
454.00	101.00	84.201	0.011876	288.18	408.13	5.5815	0.70580	1.0129	419.52	0.077612	3.0138e-05	0.040863	supercritical
455.00	101.00	84.004	0.011904	288.91	409.14	5.5838	0.70607	1.0129	419.95	0.077104	3.0181e-05	0.040926	supercritical
456.00	101.00	83.808	0.011932	289.64	410.15	5.5860	0.70635	1.0129	420.39	0.076599	3.0224e-05	0.040988	supercritical
457.00	101.00	83.612	0.011960	290.37	411.17	5.5882	0.70662	1.0129	420.82	0.076097	3.0267e-05	0.041051	supercritical
458.00	101.00	83.418	0.011988	291.10	412.18	5.5904	0.70689	1.0129	421.26	0.075597	3.0310e-05	0.041114	supercritical
459.00	101.00	83.225	0.012016	291.84	413.19	5.5926	0.70717	1.0130	421.69	0.075100	3.0353e-05	0.041176	supercritical
460.00	101.00	83.032	0.012043	292.57	414.21	5.5948	0.70744	1.0130	422.12	0.074605	3.0396e-05	0.041239	supercritical
461.00	101.00	82.841	0.012071	293.30	415.22	5.5970	0.70772	1.0130	422.55	0.074113	3.0439e-05	0.041301	supercritical
462.00	101.00	82.651	0.012099	294.03	416.23	5.5992	0.70800	1.0130	422.98	0.073623	3.0482e-05	0.041364	supercritical
463.00	101.00	82.461	0.012127	294.76	417.25	5.6014	0.70827	1.0131	423.41	0.073136	3.0525e-05	0.041426	supercritical
464.00	101.00	82.273	0.012155	295.50	418.26	5.6036	0.70855	1.0131	423.84	0.072651	3.0568e-05	0.041489	supercritical
465.00	101.00	82.085	0.012182	296.23	419.27	5.6058	0.70883	1.0131	424.27	0.072169	3.0611e-05	0.041552	supercritical
466.00	101.00	81.899	0.012210	296.96	420.28	5.6080	0.70911	1.0132	424.70	0.071689	3.0653e-05	0.041614	supercritical
467.00	101.00	81.713	0.012238	297.69	421.30	5.6101	0.70938	1.0132	425.13	0.071212	3.0696e-05	0.041677	supercritical
468.00	101.00	81.528	0.012266	298.43	422.31	5.6123	0.70966	1.0133	425.56	0.070737	3.0739e-05	0.041739	supercritical
469.00	101.00	81.344	0.012293	299.16	423.32	5.6145	0.70994	1.0133	425.98	0.070264	3.0782e-05	0.041802	supercritical
470.00	101.00	81.161	0.012321	299.89	424.34	5.6166	0.71022	1.0134	426.41	0.069794	3.0824e-05	0.041864	supercritical
471.00	101.00	80.979	0.012349	300.63	425.35	5.6188	0.71050	1.0134	426.83	0.069326	3.0867e-05	0.041927	supercritical
472.00	101.00	80.798	0.012377	301.36	426.36	5.6209	0.71079	1.0135	427.26	0.068860	3.0909e-05	0.041989	supercritical
473.00	101.00	80.617	0.012404	302.09	427.38	5.6231	0.71107	1.0135	427.68	0.068397	3.0952e-05	0.042052	supercritical
474.00	101.00	80.438	0.012432	302.83	428.39	5.6252	0.71135	1.0136	428.10	0.067936	3.0995e-05	0.042114	supercritical
475.00	101.00	80.259	0.012460	303.56	429.41	5.6274	0.71163	1.0137	428.52	0.067477	3.1037e-05	0.042177	supercritical
476.00	101.00	80.081	0.012487	304.30	430.42	5.6295	0.71191	1.0137	428.94	0.067021	3.1080e-05	0.042239	supercritical
477.00	101.00	79.904	0.012515	305.03	431.43	5.6316	0.71220	1.0138	429.36	0.066567	3.1122e-05	0.042302	supercritical
478.00	101.00	79.728	0.012543	305.77	432.45	5.6337	0.71248	1.0138	429.78	0.066115	3.1164e-05	0.042364	supercritical
479.00	101.00	79.553	0.012570	306.50	433.46	5.6359	0.71276	1.0139	430.20	0.065665	3.1207e-05	0.042427	supercritical
480.00	101.00	79.378	0.012598	307.24	434.47	5.6380	0.71305	1.0140	430.62	0.065218	3.1249e-05	0.042489	supercritical
481.00	101.00	79.205	0.012626	307.97	435.49	5.6401	0.71333	1.0141	431.04	0.064772	3.1292e-05	0.042551	supercritical
482.00	101.00	79.032	0.012653	308.71	436.50	5.6422	0.71362	1.0141	431.46	0.064329	3.1334e-05	0.042614	supercritical
483.00	101.00	78.860	0.012681	309.44	437.52	5.6443	0.71390	1.0142	431.88	0.063889	3.1376e-05	0.042676	supercritical
484.00	101.00	78.689	0.012708	310.18	438.53	5.6464	0.71419	1.0143	432.29	0.063450	3.1418e-05	0.042739	supercritical
485.00	101.00	78.518	0.012736	310.91	439.55	5.6485	0.71448	1.0144	432.71	0.063013	3.1461e-05	0.042801	supercritical
486.00	101.00	78.349	0.012763	311.65	440.56	5.6506	0.71476	1.0145	433.12	0.062579	3.1503e-05	0.042863	supercritical
487.00	101.00	78.180	0.012791	312.38	441.57	5.6527	0.71505	1.0145	433.54	0.062147	3.1545e-05	0.042926	supercritical
488.00	101.00	78.012	0.012819	313.12	442.59	5.6547	0.71534	1.0146	433.95	0.061716	3.1587e-05	0.042988	supercritical
489.00	101.00	77.844	0.012846	313.86	443.60	5.6568	0.71562	1.0147	434.36	0.061288	3.1629e-05	0.043050	supercritical
490.00	101.00	77.678	0.012874	314.59	444.62	5.6589	0.71591	1.0148	434.77	0.060862	3.1671e-05	0.043113	supercritical
491.00	101.00	77.512	0.012901	315.33	445.63	5.6610	0.71620	1.0149	435.19	0.060438	3.1713e-05	0.043175	supercritical
492.00	101.00	77.347	0.012929	316.07	446.65	5.6630	0.71649	1.0150	435.60	0.060017	3.1755e-05	0.043237	supercritical
493.00	101.00	77.183	0.012956	316.80	447.66	5.6651	0.71677	1.0151	436.01	0.059597	3.1797e-05	0.043299	supercritical
494.00	101.00	77.019	0.012984	317.54	448.68	5.6671	0.71706	1.0152	436.42	0.059179	3.1839e-05	0.043362	supercritical
495.00	101.00	76.857	0.013011	318.28	449.69	5.6692	0.71735	1.0153	436.83	0.058763	3.1881e-05	0.043424	supercritical
496.00	101.00	76.695	0.013039	319.02	450.71	5.6712	0.71764	1.0154	437.24	0.058350	3.1923e-05	0.043486	supercritical
497.00	101.00	76.533	0.013066	319.76	451.72	5.6733	0.71793	1.0155	437.64	0.057938	3.1965e-05	0.043548	supercritical
498.00	101.00	76.373	0.013094	320.49	452.74	5.6753	0.71822	1.0156	438.05	0.057528	3.2006e-05	0.043611	supercritical
499.00	101.00	76.213	0.013121	321.23	453.76	5.6774	0.71851	1.0157	438.46	0.057120	3.2048e-05	0.043673	supercritical
500.00	101.00	76.054	0.013149	321.97	454.77	5.6794	0.71880	1.0158	438.87	0.056714	3.2090e-05	0.043735	supercritical
501.00	101.00	75.895	0.013176	322.71	455.79	5.6814	0.71909	1.0159	439.27	0.056310	3.2132e-05	0.043797	supercritical
502.00	101.00	75.738	0.013203	323.45	456.80	5.6835	0.71938	1.0160	439.68	0.055908	3.2173e-05	0.043859	supercritical
503.00	101.00	75.581	0.013231	324.19	457.82	5.6855	0.71967	1.0161	440.08	0.055508	3.2215e-05	0.043922	supercritical
504.00	101.00	75.424	0.013258	324.93	458.84	5.6875	0.71996	1.0162	440.49	0.055110	3.2257e-05	0.043984	supercritical
505.00	101.00	75.269	0.013286	325.67	459.85	5.6895	0.72025	1.0163	440.89	0.054714	3.2298e-05	0.044046	supercritical
506.00	101.00	75.114	0.013313	326.40	460.87	5.6915	0.72054	1.0165	441.29	0.054320	3.2340e-05	0.044108	supercritical
507.00	101.00	74.959	0.013341	327.14	461.88	5.6935	0.72083	1.0166	441.69	0.053927	3.2381e-05	0.044170	supercritical
508.00	101.00	74.806	0.013368	327.88	462.90	5.6955	0.72112	1.0167	442.10	0.053537	3.2423e-05	0.044232	supercritical
509.00	101.00	74.653	0.013395	328.62	463.92	5.6975	0.72142	1.0168	442.50	0.053148	3.2464e-05	0.044294	supercritical
510.00	101.00	74.501	0.013423	329.37	464.93	5.6995	0.72171	1.0169	442.90	0.052761	3.2506e-05	0.044356	supercritical
511.00	101.00	74.349	0.013450	330.11	465.95	5.7015	0.72200	1.0171	443.30	0.052376	3.2547e-05	0.044418	supercritical
512.00	101.00	74.198	0.013477	330.85	466.97	5.7035	0.72229	1.0172	443.70	0.051993	3.2588e-05	0.044480	supercritical
513.00	101.00	74.048	0.013505	331.59	467.99	5.7055	0.72258	1.0173	444.10	0.051611	3.2630e-05	0.044543	supercritical
514.00	101.00	73.898	0.013532	332.33	469.00	5.7075	0.72287	1.0174	444.50	0.051231	3.2671e-05	0.044605	supercritical
515.00	101.00	73.749	0.013559	333.07	470.02	5.7094	0.72317	1.0176	444.89	0.050854	3.2712e-05	0.044667	supercritical
516.00	101.00	73.601	0.013587	333.81	471.04	5.7114	0.72346	1.0177	445.29	0.050477	3.2754e-05	0.044729	supercritical
517.00	101.00	73.453	0.013614	334.55	472.06	5.7134	0.72375	1.0178	445.69	0.050103	3.2795e-05	0.044790	supercritical
518.00	101.00	73.306	0.013641	335.30	473.07	5.7154	0.72404	1.0179	446.09	0.049731	3.2836e-05	0.044852	supercritical
519.00	101.00	73.160	0.013669	336.04	474.09	5.7173	0.72434	1.0181	446.48	0.049360	3.2877e-05	0.044914	supercritical
520.00	101.00	73.014	0.013696	336.78	475.11	5.7193	0.72463	1.0182	446.88	0.048991	3.2918e-05	0.044976	supercritical
521.00	101.00	72.869	0.013723	337.52	476.13	5.7212	0.72492	1.0183	447.27	0.048623	3.2959e-05	0.045038	supercritical
522.00	101.00	72.724	0.013751	338.27	477.15	5.7232	0.72521	1.0185	447.67	0.048258	3.3001e-05	0.045100	supercritical
523.00	101.00	72.580	0.013778	339.01	478.17	5.7251	0.72551	1.0186	448.06	0.047894	3.3042e-05	0.045162	supercritical
524.00	101.00	72.437	0.013805	339.75	479.18	5.7271	0.72580	1.0188	448.45	0.047531	3.3083e-05	0.045224	supercritical
525.00	101.00	72.294	0.013832	340.50	480.20	5.7290	0.72609	1.0189	448.85	0.047171	3.3124e-05	0.045286	supercritical
526.00	101.00	72.152	0.013860	341.24	481.22	5.7310	0.72638	1.0190	449.24	0.046812	3.3165e-05	0.045348	supercritical
527.00	101.00	72.010	0.013887	341.98	482.24	5.7329	0.72668	1.0192	449.63	0.046454	3.3206e-05	0.045409	supercritical
528.00	101.00	71.869	0.013914	342.73	483.26	5.7348	0.72697	1.0193	450.02	0.046099	3.3246e-05	0.045471	supercritical
529.00	101.00	71.729	0.013941	343.47	484.28	5.7368	0.72726	1.0195	450.41	0.045745	3.3287e-05	0.045533	supercritical
530.00	101.00	71.589	0.013969	344.22	485.30	5.7387	0.72756	1.0196	450.80	0.045392	3.3328e-05	0.045595	supercritical
531.00	101.00	71.450	0.013996	344.96	486.32	5.7406	0.72785	1.0197	451.19	0.045042	3.3369e-05	0.045657	supercritical
532.00	101.00	71.311	0.014023	345.71	487.34	5.7425	0.72814	1.0199	451.58	0.044693	3.3410e-05	0.045718	supercritical
533.00	101.00	71.173	0.014050	346.45	488.36	5.7444	0.72843	1.0200	451.97	0.044345	3.3450e-05	0.045780	supercritical
534.00	101.00	71.035	0.014078	347.20	489.38	5.7464	0.72873	1.0202	452.36	0.043999	3.3491e-05	0.045842	supercritical
535.00	101.00	70.898	0.014105	347.94	490.40	5.7483	0.72902	1.0203	452.75	0.043655	3.3532e-05	0.045903	supercritical
536.00	101.00	70.762	0.014132	348.69	491.42	5.7502	0.72931	1.0205	453.13	0.043312	3.3573e-05	0.045965	supercritical
537.00	101.00	70.626	0.014159	349.43	492.44	5.7521	0.72960	1.0206	453.52	0.042971	3.3613e-05	0.046027	supercritical
538.00	101.00	70.491	0.014186	350.18	493.46	5.7540	0.72990	1.0208	453.91	0.042631	3.3654e-05	0.046089	supercritical
539.00	101.00	70.356	0.014213	350.93	494.48	5.7559	0.73019	1.0209	454.29	0.042293	3.3694e-05	0.046150	supercritical
540.00	101.00	70.222	0.014241	351.67	495.50	5.7578	0.73048	1.0211	454.68	0.041956	3.3735e-05	0.046212	supercritical
541.00	101.00	70.088	0.014268	352.42	496.52	5.7596	0.73078	1.0212	455.06	0.041621	3.3775e-05	0.046273	supercritical
542.00	101.00	69.955	0.014295	353.17	497.54	5.7615	0.73107	1.0214	455.45	0.041288	3.3816e-05	0.046335	supercritical
543.00	101.00	69.822	0.014322	353.91	498.57	5.7634	0.73136	1.0216	455.83	0.040956	3.3856e-05	0.046397	supercritical
544.00	101.00	69.690	0.014349	354.66	499.59	5.7653	0.73165	1.0217	456.22	0.040625	3.3897e-05	0.046458	supercritical
545.00	101.00	69.559	0.014376	355.41	500.61	5.7672	0.73194	1.0219	456.60	0.040296	3.3937e-05	0.046520	supercritical
546.00	101.00	69.428	0.014404	356.16	501.63	5.7690	0.73224	1.0220	456.98	0.039969	3.3978e-05	0.046581	supercritical
547.00	101.00	69.297	0.014431	356.90	502.65	5.7709	0.73253	1.0222	457.36	0.039643	3.4018e-05	0.046643	supercritical
548.00	101.00	69.167	0.014458	357.65	503.68	5.7728	0.73282	1.0223	457.74	0.039318	3.4058e-05	0.046704	supercritical
549.00	101.00	69.038	0.014485	358.40	504.70	5.7747	0.73311	1.0225	458.13	0.038995	3.4099e-05	0.046766	supercritical
550.00	101.00	68.909	0.014512	359.15	505.72	5.7765	0.73340	1.0227	458.51	0.038673	3.4139e-05	0.046827	supercritical
551.00	101.00	68.780	0.014539	359.90	506.74	5.7784	0.73370	1.0228	458.89	0.038353	3.4179e-05	0.046889	supercritical
552.00	101.00	68.652	0.014566	360.65	507.77	5.7802	0.73399	1.0230	459.27	0.038034	3.4219e-05	0.046950	supercritical
553.00	101.00	68.525	0.014593	361.40	508.79	5.7821	0.73428	1.0232	459.65	0.037717	3.4260e-05	0.047012	supercritical
554.00	101.00	68.398	0.014620	362.15	509.81	5.7839	0.73457	1.0233	460.03	0.037401	3.4300e-05	0.047073	supercritical
555.00	101.00	68.271	0.014647	362.90	510.84	5.7858	0.73486	1.0235	460.40	0.037086	3.4340e-05	0.047134	supercritical
556.00	101.00	68.145	0.014674	363.65	511.86	5.7876	0.73515	1.0237	460.78	0.036773	3.4380e-05	0.047196	supercritical
557.00	101.00	68.020	0.014702	364.40	512.88	5.7895	0.73544	1.0238	461.16	0.036461	3.4420e-05	0.047257	supercritical
558.00	101.00	67.895	0.014729	365.15	513.91	5.7913	0.73574	1.0240	461.54	0.036151	3.4460e-05	0.047318	supercritical
559.00	101.00	67.771	0.014756	365.90	514.93	5.7931	0.73603	1.0242	461.91	0.035842	3.4500e-05	0.047380	supercritical
560.00	101.00	67.647	0.014783	366.65	515.96	5.7950	0.73632	1.0243	462.29	0.035534	3.4540e-05	0.047441	supercritical
561.00	101.00	67.523	0.014810	367.40	516.98	5.7968	0.73661	1.0245	462.67	0.035228	3.4580e-05	0.047502	supercritical
562.00	101.00	67.400	0.014837	368.15	518.00	5.7986	0.73690	1.0247	463.04	0.034923	3.4620e-05	0.047564	supercritical
563.00	101.00	67.277	0.014864	368.90	519.03	5.8004	0.73719	1.0248	463.42	0.034619	3.4660e-05	0.047625	supercritical
564.00	101.00	67.155	0.014891	369.66	520.05	5.8022	0.73748	1.0250	463.79	0.034317	3.4700e-05	0.047686	supercritical
565.00	101.00	67.034	0.014918	370.41	521.08	5.8041	0.73777	1.0252	464.17	0.034016	3.4740e-05	0.047747	supercritical
566.00	101.00	66.912	0.014945	371.16	522.10	5.8059	0.73806	1.0253	464.54	0.033716	3.4779e-05	0.047809	supercritical
567.00	101.00	66.792	0.014972	371.91	523.13	5.8077	0.73835	1.0255	464.91	0.033418	3.4819e-05	0.047870	supercritical
568.00	101.00	66.671	0.014999	372.67	524.16	5.8095	0.73864	1.0257	465.29	0.033121	3.4859e-05	0.047931	supercritical
569.00	101.00	66.552	0.015026	373.42	525.18	5.8113	0.73892	1.0259	465.66	0.032825	3.4899e-05	0.047992	supercritical
570.00	101.00	66.432	0.015053	374.17	526.21	5.8131	0.73921	1.0260	466.03	0.032531	3.4938e-05	0.048053	supercritical
571.00	101.00	66.313	0.015080	374.93	527.23	5.8149	0.73950	1.0262	466.40	0.032237	3.4978e-05	0.048114	supercritical
572.00	101.00	66.195	0.015107	375.68	528.26	5.8167	0.73979	1.0264	466.77	0.031946	3.5018e-05	0.048176	supercritical
573.00	101.00	66.077	0.015134	376.43	529.29	5.8185	0.74008	1.0266	467.14	0.031655	3.5057e-05	0.048237	supercritical
574.00	101.00	65.959	0.015161	377.19	530.31	5.8203	0.74037	1.0267	467.51	0.031366	3.5097e-05	0.048298	supercritical
575.00	101.00	65.842	0.015188	377.94	531.34	5.8221	0.74066	1.0269	467.88	0.031077	3.5137e-05	0.048359	supercritical
576.00	101.00	65.725	0.015215	378.70	532.37	5.8238	0.74094	1.0271	468.25	0.030791	3.5176e-05	0.048420	supercritical
577.00	101.00	65.609	0.015242	379.45	533.39	5.8256	0.74123	1.0273	468.62	0.030505	3.5216e-05	0.048481	supercritical
578.00	101.00	65.493	0.015269	380.21	534.42	5.8274	0.74152	1.0274	468.99	0.030221	3.5255e-05	0.048542	supercritical
579.00	101.00	65.378	0.015296	380.96	535.45	5.8292	0.74181	1.0276	469.36	0.029937	3.5295e-05	0.048603	supercritical
580.00	101.00	65.263	0.015323	381.72	536.48	5.8310	0.74209	1.0278	469.73	0.029655	3.5334e-05	0.048664	supercritical
581.00	101.00	65.148	0.015350	382.47	537.50	5.8327	0.74238	1.0280	470.10	0.029375	3.5373e-05	0.048725	supercritical
582.00	101.00	65.034	0.015377	383.23	538.53	5.8345	0.74267	1.0282	470.46	0.029095	3.5413e-05	0.048786	supercritical
583.00	101.00	64.921	0.015403	383.99	539.56	5.8363	0.74295	1.0283	470.83	0.028817	3.5452e-05	0.048847	supercritical
584.00	101.00	64.807	0.015430	384.74	540.59	5.8380	0.74324	1.0285	471.20	0.028540	3.5491e-05	0.048908	supercritical
585.00	101.00	64.694	0.015457	385.50	541.62	5.8398	0.74352	1.0287	471.56	0.028264	3.5531e-05	0.048969	supercritical
586.00	101.00	64.582	0.015484	386.26	542.65	5.8415	0.74381	1.0289	471.93	0.027989	3.5570e-05	0.049029	supercritical
587.00	101.00	64.470	0.015511	387.01	543.68	5.8433	0.74410	1.0291	472.29	0.027715	3.5609e-05	0.049090	supercritical
588.00	101.00	64.358	0.015538	387.77	544.71	5.8450	0.74438	1.0292	472.66	0.027443	3.5649e-05	0.049151	supercritical
589.00	101.00	64.247	0.015565	388.53	545.73	5.8468	0.74467	1.0294	473.02	0.027172	3.5688e-05	0.049212	supercritical
590.00	101.00	64.136	0.015592	389.29	546.76	5.8485	0.74495	1.0296	473.39	0.026902	3.5727e-05	0.049273	supercritical
591.00	101.00	64.026	0.015619	390.04	547.79	5.8503	0.74523	1.0298	473.75	0.026633	3.5766e-05	0.049334	supercritical
592.00	101.00	63.916	0.015646	390.80	548.82	5.8520	0.74552	1.0300	474.12	0.026365	3.5805e-05	0.049394	supercritical
593.00	101.00	63.806	0.015672	391.56	549.85	5.8538	0.74580	1.0302	474.48	0.026098	3.5844e-05	0.049455	supercritical
594.00	101.00	63.697	0.015699	392.32	550.88	5.8555	0.74609	1.0303	474.84	0.025832	3.5883e-05	0.049516	supercritical
595.00	101.00	63.588	0.015726	393.08	551.91	5.8572	0.74637	1.0305	475.20	0.025568	3.5922e-05	0.049577	supercritical
596.00	101.00	63.479	0.015753	393.84	552.94	5.8590	0.74665	1.0307	475.57	0.025305	3.5961e-05	0.049637	supercritical
597.00	101.00	63.371	0.015780	394.60	553.98	5.8607	0.74694	1.0309	475.93	0.025042	3.6000e-05	0.049698	supercritical
598.00	101.00	63.264	0.015807	395.36	555.01	5.8624	0.74722	1.0311	476.29	0.024781	3.6039e-05	0.049759	supercritical
599.00	101.00	63.156	0.015834	396.12	556.04	5.8641	0.74750	1.0313	476.65	0.024521	3.6078e-05	0.049819	supercritical
600.00	101.00	63.049	0.015861	396.88	557.07	5.8659	0.74778	1.0315	477.01	0.024262	3.6117e-05	0.049880	supercritical
