Temperature (K)	Pressure (bar)	Density (kg/m3)	Volume (m3/kg)	Internal Energy (kJ/kg)	Enthalpy (kJ/kg)	Entropy (J/g*K)	Cv (J/g*K)	Cp (J/g*K)	Sound Spd. (m/s)	Joule-Thomson (K/bar)	Viscosity (Pa*s)	Therm. Cond. (W/m*K)	Phase
60.000	100.00	1293.7	0.00077297	-185.71	-177.98	2.2312	1.0924	1.6529	1154.5	-0.037627	0.00062525	0.19796	liquid
61.000	100.00	1289.5	0.00077550	-184.08	-176.33	2.2585	1.0843	1.6551	1150.6	-0.037469	0.00059584	0.19663	liquid
62.000	100.00	1285.2	0.00077806	-182.45	-174.67	2.2854	1.0771	1.6568	1146.0	-0.037327	0.00056838	0.19531	liquid
63.000	100.00	1281.0	0.00078065	-180.82	-173.01	2.3119	1.0705	1.6581	1140.8	-0.037198	0.00054274	0.19399	liquid
64.000	100.00	1276.7	0.00078326	-179.19	-171.36	2.3381	1.0644	1.6591	1135.2	-0.037081	0.00051877	0.19266	liquid
65.000	100.00	1272.4	0.00078590	-177.56	-169.70	2.3638	1.0586	1.6597	1129.2	-0.036973	0.00049637	0.19134	liquid
66.000	100.00	1268.1	0.00078856	-175.92	-168.04	2.3891	1.0532	1.6601	1122.9	-0.036873	0.00047540	0.19002	liquid
67.000	100.00	1263.8	0.00079125	-174.29	-166.38	2.4141	1.0480	1.6602	1116.4	-0.036778	0.00045576	0.18869	liquid
68.000	100.00	1259.5	0.00079396	-172.66	-164.72	2.4387	1.0429	1.6601	1109.6	-0.036687	0.00043736	0.18737	liquid
69.000	100.00	1255.2	0.00079669	-171.02	-163.06	2.4629	1.0380	1.6598	1102.8	-0.036598	0.00042009	0.18605	liquid
70.000	100.00	1250.9	0.00079944	-169.39	-161.40	2.4868	1.0331	1.6594	1095.8	-0.036510	0.00040388	0.18473	liquid
71.000	100.00	1246.5	0.00080222	-167.76	-159.74	2.5103	1.0284	1.6589	1088.7	-0.036422	0.00038864	0.18341	liquid
72.000	100.00	1242.2	0.00080502	-166.13	-158.08	2.5335	1.0238	1.6584	1081.6	-0.036332	0.00037431	0.18209	liquid
73.000	100.00	1237.9	0.00080784	-164.50	-156.42	2.5564	1.0192	1.6578	1074.4	-0.036240	0.00036082	0.18076	liquid
74.000	100.00	1233.5	0.00081069	-162.87	-154.76	2.5790	1.0146	1.6572	1067.1	-0.036144	0.00034810	0.17944	liquid
75.000	100.00	1229.2	0.00081357	-161.24	-153.11	2.6012	1.0102	1.6566	1059.9	-0.036045	0.00033609	0.17812	liquid
76.000	100.00	1224.8	0.00081647	-159.61	-151.45	2.6231	1.0057	1.6560	1052.6	-0.035940	0.00032476	0.17680	liquid
77.000	100.00	1220.4	0.00081939	-157.99	-149.79	2.6448	1.0013	1.6555	1045.3	-0.035830	0.00031405	0.17548	liquid
78.000	100.00	1216.0	0.00082234	-156.36	-148.14	2.6662	0.99701	1.6551	1038.0	-0.035714	0.00030391	0.17416	liquid
79.000	100.00	1211.7	0.00082532	-154.74	-146.48	2.6872	0.99273	1.6547	1030.7	-0.035591	0.00029430	0.17283	liquid
80.000	100.00	1207.3	0.00082833	-153.11	-144.83	2.7080	0.98849	1.6543	1023.3	-0.035461	0.00028520	0.17151	liquid
81.000	100.00	1202.8	0.00083136	-151.49	-143.18	2.7286	0.98429	1.6541	1016.0	-0.035324	0.00027655	0.17019	liquid
82.000	100.00	1198.4	0.00083443	-149.87	-141.52	2.7489	0.98014	1.6540	1008.7	-0.035178	0.00026834	0.16886	liquid
83.000	100.00	1194.0	0.00083752	-148.24	-139.87	2.7689	0.97604	1.6539	1001.4	-0.035024	0.00026053	0.16754	liquid
84.000	100.00	1189.6	0.00084065	-146.62	-138.21	2.7887	0.97199	1.6540	994.07	-0.034862	0.00025310	0.16621	liquid
85.000	100.00	1185.1	0.00084381	-145.00	-136.56	2.8083	0.96798	1.6542	986.76	-0.034690	0.00024602	0.16489	liquid
86.000	100.00	1180.6	0.00084700	-143.38	-134.91	2.8277	0.96402	1.6545	979.45	-0.034509	0.00023926	0.16356	liquid
87.000	100.00	1176.2	0.00085023	-141.75	-133.25	2.8468	0.96011	1.6549	972.14	-0.034318	0.00023281	0.16223	liquid
88.000	100.00	1171.7	0.00085349	-140.13	-131.60	2.8657	0.95625	1.6554	964.84	-0.034117	0.00022665	0.16091	liquid
89.000	100.00	1167.1	0.00085679	-138.51	-129.94	2.8844	0.95243	1.6561	957.54	-0.033906	0.00022075	0.15958	liquid
90.000	100.00	1162.6	0.00086013	-136.88	-128.28	2.9029	0.94867	1.6569	950.23	-0.033684	0.00021511	0.15825	liquid
91.000	100.00	1158.1	0.00086350	-135.26	-126.63	2.9212	0.94495	1.6578	942.93	-0.033451	0.00020970	0.15691	liquid
92.000	100.00	1153.5	0.00086692	-133.64	-124.97	2.9394	0.94128	1.6589	935.63	-0.033207	0.00020451	0.15558	liquid
93.000	100.00	1148.9	0.00087038	-132.01	-123.31	2.9573	0.93766	1.6601	928.32	-0.032951	0.00019952	0.15425	liquid
94.000	100.00	1144.3	0.00087387	-130.39	-121.65	2.9751	0.93409	1.6614	921.02	-0.032683	0.00019474	0.15291	liquid
95.000	100.00	1139.7	0.00087742	-128.76	-119.98	2.9927	0.93056	1.6629	913.71	-0.032403	0.00019013	0.15158	liquid
96.000	100.00	1135.1	0.00088100	-127.13	-118.32	3.0101	0.92709	1.6645	906.39	-0.032110	0.00018570	0.15024	liquid
97.000	100.00	1130.4	0.00088464	-125.50	-116.66	3.0273	0.92366	1.6663	899.07	-0.031804	0.00018143	0.14890	liquid
98.000	100.00	1125.7	0.00088832	-123.87	-114.99	3.0444	0.92027	1.6682	891.74	-0.031484	0.00017731	0.14757	liquid
99.000	100.00	1121.0	0.00089205	-122.24	-113.32	3.0614	0.91693	1.6702	884.41	-0.031151	0.00017333	0.14623	liquid
100.00	100.00	1116.3	0.00089583	-120.61	-111.65	3.0782	0.91364	1.6725	877.07	-0.030803	0.00016949	0.14489	liquid
101.00	100.00	1111.5	0.00089966	-118.97	-109.97	3.0948	0.91040	1.6748	869.72	-0.030440	0.00016578	0.14355	liquid
102.00	100.00	1106.7	0.00090355	-117.33	-108.30	3.1113	0.90719	1.6773	862.35	-0.030062	0.00016219	0.14220	liquid
103.00	100.00	1101.9	0.00090749	-115.69	-106.62	3.1277	0.90404	1.6800	854.98	-0.029668	0.00015871	0.14086	liquid
104.00	100.00	1097.1	0.00091149	-114.05	-104.94	3.1440	0.90093	1.6828	847.60	-0.029258	0.00015534	0.13952	liquid
105.00	100.00	1092.2	0.00091555	-112.41	-103.25	3.1601	0.89786	1.6859	840.20	-0.028831	0.00015208	0.13818	liquid
106.00	100.00	1087.3	0.00091967	-110.76	-101.57	3.1761	0.89484	1.6890	832.79	-0.028387	0.00014891	0.13683	liquid
107.00	100.00	1082.4	0.00092386	-109.11	-99.876	3.1920	0.89186	1.6924	825.36	-0.027924	0.00014583	0.13549	liquid
108.00	100.00	1077.5	0.00092811	-107.46	-98.182	3.2077	0.88892	1.6959	817.91	-0.027442	0.00014284	0.13414	liquid
109.00	100.00	1072.5	0.00093243	-105.81	-96.484	3.2234	0.88603	1.6996	810.45	-0.026941	0.00013993	0.13280	liquid
110.00	100.00	1067.4	0.00093682	-104.15	-94.782	3.2389	0.88318	1.7035	802.97	-0.026419	0.00013710	0.13146	liquid
111.00	100.00	1062.4	0.00094128	-102.49	-93.077	3.2543	0.88037	1.7076	795.48	-0.025877	0.00013435	0.13012	liquid
112.00	100.00	1057.3	0.00094582	-100.83	-91.367	3.2697	0.87761	1.7120	787.96	-0.025312	0.00013166	0.12878	liquid
113.00	100.00	1052.2	0.00095043	-99.157	-89.653	3.2849	0.87489	1.7165	780.42	-0.024724	0.00012905	0.12744	liquid
114.00	100.00	1047.0	0.00095513	-97.485	-87.934	3.3001	0.87221	1.7212	772.86	-0.024113	0.00012650	0.12610	liquid
115.00	100.00	1041.8	0.00095991	-95.809	-86.210	3.3151	0.86958	1.7262	765.27	-0.023476	0.00012401	0.12476	liquid
116.00	100.00	1036.5	0.00096477	-94.129	-84.482	3.3301	0.86699	1.7313	757.66	-0.022814	0.00012158	0.12342	liquid
117.00	100.00	1031.2	0.00096973	-92.445	-82.748	3.3450	0.86444	1.7368	750.03	-0.022124	0.00011920	0.12208	liquid
118.00	100.00	1025.9	0.00097478	-90.756	-81.008	3.3598	0.86193	1.7425	742.36	-0.021406	0.00011688	0.12074	liquid
119.00	100.00	1020.5	0.00097993	-89.062	-79.263	3.3745	0.85947	1.7484	734.67	-0.020658	0.00011461	0.11941	liquid
120.00	100.00	1015.0	0.00098518	-87.363	-77.511	3.3892	0.85705	1.7546	726.96	-0.019878	0.00011238	0.11807	liquid
121.00	100.00	1009.5	0.00099054	-85.659	-75.753	3.4037	0.85468	1.7611	719.21	-0.019066	0.00011021	0.11674	liquid
122.00	100.00	1004.0	0.00099601	-83.949	-73.989	3.4183	0.85235	1.7680	711.43	-0.018220	0.00010808	0.11540	liquid
123.00	100.00	998.41	0.0010016	-82.233	-72.217	3.4327	0.85006	1.7751	703.62	-0.017337	0.00010599	0.11407	liquid
124.00	100.00	992.76	0.0010073	-80.511	-70.438	3.4471	0.84783	1.7825	695.77	-0.016416	0.00010395	0.11274	liquid
125.00	100.00	987.05	0.0010131	-78.783	-68.652	3.4615	0.84564	1.7903	687.89	-0.015456	0.00010194	0.11141	liquid
126.00	100.00	981.28	0.0010191	-77.048	-66.858	3.4758	0.84349	1.7985	679.97	-0.014453	9.9970e-05	0.11008	liquid
127.00	100.00	975.45	0.0010252	-75.307	-65.055	3.4900	0.84140	1.8071	672.02	-0.013406	9.8038e-05	0.10875	liquid
128.00	100.00	969.55	0.0010314	-73.558	-63.243	3.5042	0.83935	1.8160	664.02	-0.012312	9.6141e-05	0.10742	liquid
129.00	100.00	963.58	0.0010378	-71.801	-61.423	3.5184	0.83735	1.8254	655.99	-0.011168	9.4279e-05	0.10610	liquid
130.00	100.00	957.54	0.0010443	-70.036	-59.592	3.5325	0.83541	1.8353	647.91	-0.0099720	9.2448e-05	0.10478	liquid
131.00	100.00	951.43	0.0010510	-68.263	-57.752	3.5466	0.83351	1.8456	639.79	-0.0087204	9.0649e-05	0.10346	liquid
132.00	100.00	945.24	0.0010579	-66.480	-55.901	3.5607	0.83167	1.8564	631.63	-0.0074099	8.8881e-05	0.10214	liquid
133.00	100.00	938.97	0.0010650	-64.689	-54.039	3.5748	0.82989	1.8678	623.41	-0.0060369	8.7141e-05	0.10083	liquid
134.00	100.00	932.61	0.0010723	-62.888	-52.165	3.5888	0.82816	1.8798	615.15	-0.0045976	8.5430e-05	0.099514	liquid
135.00	100.00	926.17	0.0010797	-61.076	-50.279	3.6028	0.82650	1.8924	606.84	-0.0030876	8.3745e-05	0.098204	liquid
136.00	100.00	919.63	0.0010874	-59.254	-48.380	3.6168	0.82489	1.9057	598.48	-0.0015024	8.2087e-05	0.096897	liquid
137.00	100.00	913.00	0.0010953	-57.420	-46.468	3.6309	0.82335	1.9196	590.07	0.00016296	8.0454e-05	0.095592	liquid
138.00	100.00	906.27	0.0011034	-55.575	-44.541	3.6449	0.82187	1.9344	581.60	0.0019140	7.8845e-05	0.094291	liquid
139.00	100.00	899.42	0.0011118	-53.717	-42.599	3.6589	0.82046	1.9499	573.07	0.0037566	7.7260e-05	0.092993	liquid
140.00	100.00	892.47	0.0011205	-51.845	-40.641	3.6729	0.81912	1.9663	564.48	0.0056972	7.5697e-05	0.091697	liquid
141.00	100.00	885.40	0.0011294	-49.960	-38.666	3.6870	0.81785	1.9837	555.83	0.0077429	7.4156e-05	0.090406	liquid
142.00	100.00	878.20	0.0011387	-48.060	-36.673	3.7011	0.81666	2.0020	547.13	0.0099014	7.2636e-05	0.089117	liquid
143.00	100.00	870.87	0.0011483	-46.144	-34.661	3.7152	0.81555	2.0215	538.35	0.012181	7.1136e-05	0.087832	liquid
144.00	100.00	863.41	0.0011582	-44.212	-32.629	3.7293	0.81453	2.0422	529.51	0.014591	6.9656e-05	0.086551	liquid
145.00	100.00	855.79	0.0011685	-42.262	-30.576	3.7435	0.81359	2.0641	520.61	0.017142	6.8194e-05	0.085273	liquid
146.00	100.00	848.03	0.0011792	-40.293	-28.501	3.7578	0.81275	2.0875	511.64	0.019845	6.6750e-05	0.083998	liquid
147.00	100.00	840.09	0.0011903	-38.304	-26.401	3.7721	0.81201	2.1123	502.59	0.022711	6.5323e-05	0.082728	liquid
148.00	100.00	831.99	0.0012019	-36.295	-24.276	3.7866	0.81137	2.1388	493.48	0.025756	6.3912e-05	0.081461	liquid
149.00	100.00	823.69	0.0012140	-34.263	-22.123	3.8011	0.81084	2.1672	484.30	0.028992	6.2517e-05	0.080198	liquid
150.00	100.00	815.20	0.0012267	-32.208	-19.941	3.8157	0.81042	2.1974	475.05	0.032438	6.1136e-05	0.078938	liquid
151.00	100.00	806.50	0.0012399	-30.126	-17.727	3.8304	0.81012	2.2299	465.73	0.036110	5.9769e-05	0.077682	liquid
152.00	100.00	797.58	0.0012538	-28.018	-15.480	3.8452	0.80995	2.2647	456.35	0.040028	5.8416e-05	0.076430	liquid
153.00	100.00	788.42	0.0012684	-25.881	-13.197	3.8602	0.80991	2.3020	446.90	0.044216	5.7074e-05	0.075181	liquid
154.00	100.00	779.00	0.0012837	-23.712	-10.875	3.8753	0.81001	2.3422	437.40	0.048695	5.5744e-05	0.073935	liquid
155.00	100.00	769.30	0.0012999	-21.510	-8.5115	3.8906	0.81025	2.3855	427.84	0.053494	5.4425e-05	0.072693	supercritical
156.00	100.00	759.32	0.0013170	-19.273	-6.1029	3.9061	0.81064	2.4322	418.24	0.058640	5.3116e-05	0.071453	supercritical
157.00	100.00	749.02	0.0013351	-16.997	-3.6458	3.9218	0.81118	2.4826	408.61	0.064166	5.1815e-05	0.070216	supercritical
158.00	100.00	738.38	0.0013543	-14.679	-1.1364	3.9377	0.81187	2.5370	398.96	0.070106	5.0522e-05	0.068982	supercritical
159.00	100.00	727.39	0.0013748	-12.318	1.4296	3.9539	0.81270	2.5958	389.30	0.076496	4.9236e-05	0.067749	supercritical
160.00	100.00	716.01	0.0013966	-9.9096	4.0567	3.9704	0.81369	2.6592	379.65	0.083376	4.7957e-05	0.066518	supercritical
161.00	100.00	704.22	0.0014200	-7.4504	6.7497	3.9871	0.81481	2.7276	370.04	0.090785	4.6683e-05	0.065287	supercritical
162.00	100.00	692.00	0.0014451	-4.9374	9.5135	4.0043	0.81605	2.8010	360.49	0.098763	4.5415e-05	0.064057	supercritical
163.00	100.00	679.32	0.0014721	-2.3673	12.353	4.0217	0.81740	2.8796	351.04	0.10735	4.4151e-05	0.062827	supercritical
164.00	100.00	666.16	0.0015012	0.26272	15.274	4.0396	0.81883	2.9629	341.72	0.11658	4.2891e-05	0.061595	supercritical
165.00	100.00	652.50	0.0015326	2.9549	18.281	4.0579	0.82032	3.0505	332.57	0.12647	4.1637e-05	0.060362	supercritical
166.00	100.00	638.34	0.0015666	5.7105	21.376	4.0766	0.82183	3.1412	323.66	0.13705	4.0389e-05	0.059125	supercritical
167.00	100.00	623.68	0.0016034	8.5295	24.564	4.0957	0.82331	3.2334	315.03	0.14831	3.9149e-05	0.057885	supercritical
168.00	100.00	608.54	0.0016433	11.410	27.843	4.1153	0.82473	3.3248	306.75	0.16024	3.7920e-05	0.056641	supercritical
169.00	100.00	592.96	0.0016865	14.347	31.212	4.1353	0.82602	3.4125	298.88	0.17278	3.6706e-05	0.055392	supercritical
170.00	100.00	577.01	0.0017331	17.335	34.665	4.1557	0.82712	3.4932	291.48	0.18587	3.5511e-05	0.054139	supercritical
171.00	100.00	560.77	0.0017833	20.362	38.195	4.1764	0.82797	3.5631	284.63	0.19941	3.4343e-05	0.052883	supercritical
172.00	100.00	544.36	0.0018370	23.417	41.787	4.1973	0.82848	3.6181	278.36	0.21327	3.3207e-05	0.051625	supercritical
173.00	100.00	527.90	0.0018943	26.482	45.425	4.2184	0.82859	3.6546	272.72	0.22726	3.2111e-05	0.050370	supercritical
174.00	100.00	511.55	0.0019548	29.540	49.089	4.2395	0.82824	3.6692	267.73	0.24120	3.1063e-05	0.049123	supercritical
175.00	100.00	495.45	0.0020184	32.572	52.755	4.2605	0.82739	3.6601	263.41	0.25487	3.0069e-05	0.047889	supercritical
176.00	100.00	479.76	0.0020844	35.557	56.401	4.2813	0.82602	3.6271	259.75	0.26804	2.9136e-05	0.046679	supercritical
177.00	100.00	464.61	0.0021523	38.479	60.002	4.3017	0.82416	3.5719	256.71	0.28053	2.8268e-05	0.045500	supercritical
178.00	100.00	450.10	0.0022217	41.321	63.538	4.3216	0.82184	3.4979	254.25	0.29218	2.7468e-05	0.044361	supercritical
179.00	100.00	436.31	0.0022920	44.074	66.993	4.3410	0.81913	3.4096	252.32	0.30289	2.6735e-05	0.043273	supercritical
180.00	100.00	423.27	0.0023626	46.729	70.354	4.3597	0.81609	3.3117	250.86	0.31262	2.6068e-05	0.042239	supercritical
181.00	100.00	411.00	0.0024331	49.284	73.615	4.3778	0.81279	3.2084	249.80	0.32135	2.5464e-05	0.041266	supercritical
182.00	100.00	399.48	0.0025033	51.738	76.771	4.3952	0.80931	3.1035	249.07	0.32911	2.4919e-05	0.040354	supercritical
183.00	100.00	388.68	0.0025728	54.094	79.822	4.4119	0.80571	2.9995	248.64	0.33596	2.4428e-05	0.039504	supercritical
184.00	100.00	378.58	0.0026415	56.356	82.771	4.4280	0.80203	2.8985	248.45	0.34195	2.3987e-05	0.038714	supercritical
185.00	100.00	369.11	0.0027092	58.528	85.620	4.4434	0.79831	2.8017	248.47	0.34715	2.3589e-05	0.037983	supercritical
186.00	100.00	360.25	0.0027759	60.617	88.376	4.4583	0.79461	2.7097	248.65	0.35164	2.3232e-05	0.037306	supercritical
187.00	100.00	351.93	0.0028415	62.627	91.041	4.4725	0.79093	2.6230	248.97	0.35546	2.2911e-05	0.036680	supercritical
188.00	100.00	344.12	0.0029060	64.563	93.623	4.4863	0.78730	2.5415	249.41	0.35869	2.2623e-05	0.036102	supercritical
189.00	100.00	336.77	0.0029694	66.432	96.126	4.4996	0.78374	2.4653	249.94	0.36138	2.2363e-05	0.035568	supercritical
190.00	100.00	329.85	0.0030317	68.239	98.556	4.5124	0.78026	2.3941	250.55	0.36359	2.2128e-05	0.035075	supercritical
191.00	100.00	323.32	0.0030929	69.987	100.92	4.5248	0.77686	2.3276	251.24	0.36537	2.1917e-05	0.034619	supercritical
192.00	100.00	317.14	0.0031531	71.681	103.21	4.5368	0.77356	2.2655	251.97	0.36675	2.1727e-05	0.034197	supercritical
193.00	100.00	311.30	0.0032123	73.325	105.45	4.5484	0.77035	2.2076	252.75	0.36777	2.1555e-05	0.033807	supercritical
194.00	100.00	305.76	0.0032706	74.923	107.63	4.5597	0.76725	2.1535	253.58	0.36848	2.1400e-05	0.033445	supercritical
195.00	100.00	300.49	0.0033279	76.478	109.76	4.5706	0.76424	2.1030	254.43	0.36891	2.1261e-05	0.033111	supercritical
196.00	100.00	295.48	0.0033843	77.993	111.84	4.5813	0.76132	2.0557	255.31	0.36907	2.1135e-05	0.032800	supercritical
197.00	100.00	290.71	0.0034398	79.471	113.87	4.5916	0.75851	2.0114	256.21	0.36901	2.1021e-05	0.032512	supercritical
198.00	100.00	286.16	0.0034946	80.914	115.86	4.6017	0.75579	1.9700	257.12	0.36874	2.0919e-05	0.032245	supercritical
199.00	100.00	281.81	0.0035485	82.324	117.81	4.6115	0.75317	1.9310	258.06	0.36828	2.0827e-05	0.031997	supercritical
200.00	100.00	277.64	0.0036017	83.705	119.72	4.6211	0.75064	1.8945	259.00	0.36765	2.0744e-05	0.031767	supercritical
201.00	100.00	273.66	0.0036542	85.057	121.60	4.6305	0.74819	1.8601	259.95	0.36687	2.0670e-05	0.031553	supercritical
202.00	100.00	269.83	0.0037060	86.383	123.44	4.6396	0.74584	1.8277	260.91	0.36595	2.0603e-05	0.031354	supercritical
203.00	100.00	266.16	0.0037571	87.684	125.26	4.6486	0.74356	1.7971	261.87	0.36491	2.0544e-05	0.031169	supercritical
204.00	100.00	262.63	0.0038076	88.962	127.04	4.6573	0.74137	1.7683	262.84	0.36376	2.0492e-05	0.030997	supercritical
205.00	100.00	259.23	0.0038575	90.217	128.79	4.6659	0.73926	1.7410	263.81	0.36251	2.0445e-05	0.030837	supercritical
206.00	100.00	255.96	0.0039068	91.452	130.52	4.6743	0.73722	1.7152	264.78	0.36117	2.0404e-05	0.030689	supercritical
207.00	100.00	252.81	0.0039556	92.667	132.22	4.6826	0.73526	1.6907	265.75	0.35975	2.0369e-05	0.030551	supercritical
208.00	100.00	249.76	0.0040038	93.864	133.90	4.6906	0.73336	1.6676	266.72	0.35826	2.0338e-05	0.030423	supercritical
209.00	100.00	246.82	0.0040516	95.043	135.56	4.6986	0.73153	1.6455	267.69	0.35671	2.0311e-05	0.030304	supercritical
210.00	100.00	243.97	0.0040988	96.206	137.19	4.7064	0.72977	1.6246	268.66	0.35510	2.0289e-05	0.030194	supercritical
211.00	100.00	241.22	0.0041455	97.353	138.81	4.7141	0.72806	1.6047	269.63	0.35343	2.0271e-05	0.030092	supercritical
212.00	100.00	238.56	0.0041918	98.485	140.40	4.7216	0.72642	1.5858	270.59	0.35173	2.0256e-05	0.029997	supercritical
213.00	100.00	235.98	0.0042377	99.603	141.98	4.7290	0.72484	1.5677	271.55	0.34998	2.0244e-05	0.029910	supercritical
214.00	100.00	233.47	0.0042832	100.71	143.54	4.7363	0.72331	1.5505	272.51	0.34819	2.0236e-05	0.029829	supercritical
215.00	100.00	231.04	0.0043282	101.80	145.08	4.7435	0.72183	1.5340	273.46	0.34638	2.0230e-05	0.029754	supercritical
216.00	100.00	228.68	0.0043729	102.88	146.61	4.7506	0.72040	1.5183	274.41	0.34454	2.0227e-05	0.029685	supercritical
217.00	100.00	226.39	0.0044171	103.95	148.12	4.7576	0.71903	1.5032	275.35	0.34267	2.0227e-05	0.029622	supercritical
218.00	100.00	224.16	0.0044610	105.00	149.61	4.7645	0.71770	1.4888	276.29	0.34079	2.0229e-05	0.029564	supercritical
219.00	100.00	221.99	0.0045046	106.05	151.10	4.7712	0.71641	1.4750	277.23	0.33888	2.0234e-05	0.029512	supercritical
220.00	100.00	219.88	0.0045478	107.09	152.56	4.7779	0.71517	1.4618	278.16	0.33696	2.0240e-05	0.029463	supercritical
221.00	100.00	217.83	0.0045907	108.11	154.02	4.7845	0.71397	1.4491	279.08	0.33503	2.0249e-05	0.029420	supercritical
222.00	100.00	215.83	0.0046333	109.13	155.46	4.7910	0.71281	1.4369	280.01	0.33309	2.0259e-05	0.029380	supercritical
223.00	100.00	213.88	0.0046756	110.14	156.89	4.7975	0.71168	1.4252	280.92	0.33114	2.0271e-05	0.029345	supercritical
224.00	100.00	211.97	0.0047176	111.14	158.31	4.8038	0.71060	1.4139	281.84	0.32918	2.0285e-05	0.029313	supercritical
225.00	100.00	210.12	0.0047593	112.13	159.72	4.8101	0.70955	1.4031	282.74	0.32722	2.0300e-05	0.029285	supercritical
226.00	100.00	208.30	0.0048007	113.11	161.12	4.8163	0.70853	1.3927	283.65	0.32525	2.0317e-05	0.029260	supercritical
227.00	100.00	206.53	0.0048419	114.09	162.51	4.8224	0.70755	1.3826	284.54	0.32329	2.0335e-05	0.029238	supercritical
228.00	100.00	204.80	0.0048827	115.06	163.88	4.8285	0.70660	1.3730	285.44	0.32132	2.0355e-05	0.029220	supercritical
229.00	100.00	203.11	0.0049234	116.02	165.25	4.8345	0.70568	1.3636	286.32	0.31935	2.0376e-05	0.029205	supercritical
230.00	100.00	201.46	0.0049638	116.97	166.61	4.8404	0.70479	1.3546	287.21	0.31739	2.0398e-05	0.029192	supercritical
231.00	100.00	199.84	0.0050039	117.92	167.96	4.8462	0.70393	1.3459	288.08	0.31543	2.0421e-05	0.029182	supercritical
232.00	100.00	198.26	0.0050439	118.87	169.30	4.8520	0.70310	1.3375	288.96	0.31347	2.0445e-05	0.029175	supercritical
233.00	100.00	196.71	0.0050836	119.80	170.64	4.8578	0.70229	1.3294	289.83	0.31151	2.0470e-05	0.029170	supercritical
234.00	100.00	195.20	0.0051230	120.73	171.96	4.8635	0.70150	1.3216	290.69	0.30956	2.0496e-05	0.029167	supercritical
235.00	100.00	193.71	0.0051623	121.66	173.28	4.8691	0.70075	1.3140	291.55	0.30762	2.0524e-05	0.029167	supercritical
236.00	100.00	192.26	0.0052014	122.58	174.59	4.8746	0.70001	1.3066	292.41	0.30569	2.0551e-05	0.029168	supercritical
237.00	100.00	190.83	0.0052402	123.49	175.89	4.8801	0.69930	1.2995	293.26	0.30376	2.0580e-05	0.029172	supercritical
238.00	100.00	189.43	0.0052789	124.40	177.19	4.8856	0.69861	1.2927	294.10	0.30183	2.0610e-05	0.029178	supercritical
239.00	100.00	188.06	0.0053174	125.31	178.48	4.8910	0.69794	1.2860	294.94	0.29992	2.0640e-05	0.029185	supercritical
240.00	100.00	186.72	0.0053557	126.21	179.76	4.8964	0.69730	1.2795	295.78	0.29802	2.0671e-05	0.029195	supercritical
241.00	100.00	185.40	0.0053938	127.10	181.04	4.9017	0.69667	1.2733	296.61	0.29612	2.0703e-05	0.029206	supercritical
242.00	100.00	184.10	0.0054317	127.99	182.31	4.9069	0.69606	1.2672	297.44	0.29423	2.0735e-05	0.029219	supercritical
243.00	100.00	182.83	0.0054695	128.88	183.57	4.9121	0.69547	1.2613	298.26	0.29236	2.0768e-05	0.029233	supercritical
244.00	100.00	181.58	0.0055071	129.76	184.83	4.9173	0.69490	1.2555	299.08	0.29049	2.0802e-05	0.029249	supercritical
245.00	100.00	180.36	0.0055445	130.64	186.08	4.9224	0.69435	1.2500	299.89	0.28863	2.0836e-05	0.029266	supercritical
246.00	100.00	179.15	0.0055818	131.51	187.33	4.9275	0.69381	1.2446	300.71	0.28678	2.0871e-05	0.029285	supercritical
247.00	100.00	177.97	0.0056189	132.38	188.57	4.9326	0.69330	1.2393	301.51	0.28495	2.0906e-05	0.029305	supercritical
248.00	100.00	176.81	0.0056559	133.25	189.81	4.9376	0.69279	1.2342	302.31	0.28312	2.0942e-05	0.029326	supercritical
249.00	100.00	175.66	0.0056927	134.11	191.04	4.9425	0.69230	1.2292	303.11	0.28131	2.0978e-05	0.029349	supercritical
250.00	100.00	174.54	0.0057294	134.97	192.27	4.9474	0.69183	1.2244	303.91	0.27950	2.1015e-05	0.029372	supercritical
251.00	100.00	173.43	0.0057660	135.83	193.49	4.9523	0.69137	1.2197	304.70	0.27771	2.1052e-05	0.029397	supercritical
252.00	100.00	172.34	0.0058024	136.68	194.71	4.9571	0.69093	1.2151	305.48	0.27593	2.1089e-05	0.029423	supercritical
253.00	100.00	171.27	0.0058386	137.53	195.92	4.9620	0.69050	1.2107	306.26	0.27416	2.1127e-05	0.029451	supercritical
254.00	100.00	170.22	0.0058748	138.38	197.13	4.9667	0.69008	1.2064	307.04	0.27240	2.1165e-05	0.029479	supercritical
255.00	100.00	169.18	0.0059108	139.23	198.33	4.9714	0.68968	1.2021	307.82	0.27065	2.1204e-05	0.029508	supercritical
256.00	100.00	168.16	0.0059466	140.07	199.53	4.9761	0.68929	1.1980	308.59	0.26891	2.1243e-05	0.029538	supercritical
257.00	100.00	167.16	0.0059824	140.91	200.73	4.9808	0.68891	1.1940	309.35	0.26719	2.1282e-05	0.029569	supercritical
258.00	100.00	166.17	0.0060180	141.74	201.92	4.9854	0.68854	1.1901	310.12	0.26547	2.1322e-05	0.029601	supercritical
259.00	100.00	165.19	0.0060535	142.57	203.11	4.9900	0.68819	1.1863	310.88	0.26377	2.1362e-05	0.029634	supercritical
260.00	100.00	164.23	0.0060889	143.41	204.29	4.9946	0.68785	1.1826	311.63	0.26208	2.1402e-05	0.029668	supercritical
261.00	100.00	163.29	0.0061242	144.23	205.48	4.9991	0.68751	1.1789	312.39	0.26040	2.1443e-05	0.029702	supercritical
262.00	100.00	162.35	0.0061594	145.06	206.65	5.0036	0.68719	1.1754	313.14	0.25873	2.1483e-05	0.029737	supercritical
263.00	100.00	161.44	0.0061944	145.88	207.83	5.0081	0.68688	1.1720	313.88	0.25708	2.1524e-05	0.029773	supercritical
264.00	100.00	160.53	0.0062294	146.70	209.00	5.0125	0.68658	1.1686	314.62	0.25543	2.1566e-05	0.029810	supercritical
265.00	100.00	159.64	0.0062642	147.52	210.16	5.0170	0.68629	1.1653	315.36	0.25380	2.1607e-05	0.029848	supercritical
266.00	100.00	158.76	0.0062990	148.34	211.33	5.0213	0.68601	1.1621	316.10	0.25218	2.1649e-05	0.029886	supercritical
267.00	100.00	157.89	0.0063336	149.15	212.49	5.0257	0.68574	1.1589	316.83	0.25057	2.1691e-05	0.029924	supercritical
268.00	100.00	157.03	0.0063682	149.96	213.64	5.0300	0.68547	1.1559	317.56	0.24897	2.1733e-05	0.029964	supercritical
269.00	100.00	156.19	0.0064026	150.77	214.80	5.0343	0.68522	1.1529	318.28	0.24738	2.1775e-05	0.030004	supercritical
270.00	100.00	155.35	0.0064370	151.58	215.95	5.0386	0.68498	1.1499	319.01	0.24580	2.1818e-05	0.030045	supercritical
271.00	100.00	154.53	0.0064713	152.39	217.10	5.0428	0.68474	1.1471	319.73	0.24424	2.1861e-05	0.030086	supercritical
272.00	100.00	153.72	0.0065054	153.19	218.24	5.0471	0.68451	1.1443	320.44	0.24268	2.1903e-05	0.030128	supercritical
273.00	100.00	152.92	0.0065395	153.99	219.39	5.0513	0.68429	1.1416	321.16	0.24114	2.1947e-05	0.030170	supercritical
274.00	100.00	152.13	0.0065735	154.79	220.53	5.0554	0.68408	1.1389	321.87	0.23960	2.1990e-05	0.030213	supercritical
275.00	100.00	151.35	0.0066074	155.59	221.67	5.0596	0.68388	1.1363	322.57	0.23808	2.2033e-05	0.030256	supercritical
276.00	100.00	150.57	0.0066412	156.39	222.80	5.0637	0.68368	1.1337	323.28	0.23657	2.2077e-05	0.030300	supercritical
277.00	100.00	149.81	0.0066750	157.18	223.93	5.0678	0.68350	1.1312	323.98	0.23507	2.2120e-05	0.030344	supercritical
278.00	100.00	149.06	0.0067086	157.98	225.06	5.0719	0.68332	1.1287	324.68	0.23358	2.2164e-05	0.030389	supercritical
279.00	100.00	148.32	0.0067422	158.77	226.19	5.0759	0.68314	1.1264	325.37	0.23210	2.2208e-05	0.030434	supercritical
280.00	100.00	147.59	0.0067757	159.56	227.32	5.0799	0.68298	1.1240	326.06	0.23063	2.2252e-05	0.030480	supercritical
281.00	100.00	146.86	0.0068091	160.35	228.44	5.0839	0.68282	1.1217	326.75	0.22917	2.2296e-05	0.030526	supercritical
282.00	100.00	146.15	0.0068425	161.13	229.56	5.0879	0.68266	1.1195	327.44	0.22772	2.2341e-05	0.030573	supercritical
283.00	100.00	145.44	0.0068757	161.92	230.68	5.0919	0.68252	1.1173	328.12	0.22628	2.2385e-05	0.030620	supercritical
284.00	100.00	144.74	0.0069089	162.70	231.79	5.0958	0.68238	1.1151	328.80	0.22485	2.2430e-05	0.030667	supercritical
285.00	100.00	144.05	0.0069420	163.49	232.91	5.0997	0.68225	1.1130	329.48	0.22344	2.2474e-05	0.030715	supercritical
286.00	100.00	143.37	0.0069751	164.27	234.02	5.1036	0.68212	1.1109	330.16	0.22203	2.2519e-05	0.030763	supercritical
287.00	100.00	142.69	0.0070081	165.05	235.13	5.1075	0.68200	1.1089	330.83	0.22063	2.2564e-05	0.030811	supercritical
288.00	100.00	142.03	0.0070410	165.83	236.24	5.1113	0.68189	1.1069	331.50	0.21924	2.2609e-05	0.030860	supercritical
289.00	100.00	141.37	0.0070738	166.61	237.34	5.1152	0.68178	1.1050	332.17	0.21786	2.2654e-05	0.030909	supercritical
290.00	100.00	140.71	0.0071066	167.38	238.45	5.1190	0.68167	1.1031	332.84	0.21650	2.2699e-05	0.030958	supercritical
291.00	100.00	140.07	0.0071393	168.16	239.55	5.1228	0.68158	1.1012	333.50	0.21514	2.2744e-05	0.031008	supercritical
292.00	100.00	139.43	0.0071719	168.93	240.65	5.1266	0.68149	1.0994	334.16	0.21379	2.2789e-05	0.031058	supercritical
293.00	100.00	138.80	0.0072045	169.70	241.75	5.1303	0.68140	1.0976	334.82	0.21245	2.2835e-05	0.031108	supercritical
294.00	100.00	138.18	0.0072370	170.47	242.84	5.1341	0.68132	1.0958	335.47	0.21112	2.2880e-05	0.031159	supercritical
295.00	100.00	137.56	0.0072695	171.25	243.94	5.1378	0.68125	1.0941	336.12	0.20979	2.2925e-05	0.031209	supercritical
296.00	100.00	136.95	0.0073019	172.01	245.03	5.1415	0.68118	1.0924	336.78	0.20848	2.2971e-05	0.031260	supercritical
297.00	100.00	136.35	0.0073342	172.78	246.12	5.1452	0.68111	1.0907	337.42	0.20718	2.3016e-05	0.031312	supercritical
298.00	100.00	135.75	0.0073665	173.55	247.21	5.1488	0.68105	1.0891	338.07	0.20589	2.3062e-05	0.031363	supercritical
299.00	100.00	135.16	0.0073987	174.32	248.30	5.1525	0.68100	1.0875	338.71	0.20460	2.3108e-05	0.031415	supercritical
300.00	100.00	134.57	0.0074309	175.08	249.39	5.1561	0.68095	1.0860	339.35	0.20332	2.3153e-05	0.031466	supercritical
301.00	100.00	134.00	0.0074630	175.85	250.47	5.1597	0.68090	1.0844	339.99	0.20206	2.3199e-05	0.031518	supercritical
302.00	100.00	133.42	0.0074950	176.61	251.56	5.1633	0.68086	1.0829	340.63	0.20080	2.3245e-05	0.031570	supercritical
303.00	100.00	132.86	0.0075270	177.37	252.64	5.1669	0.68083	1.0814	341.26	0.19955	2.3291e-05	0.031623	supercritical
304.00	100.00	132.29	0.0075589	178.13	253.72	5.1704	0.68080	1.0800	341.89	0.19831	2.3337e-05	0.031675	supercritical
305.00	100.00	131.74	0.0075908	178.89	254.80	5.1740	0.68077	1.0786	342.52	0.19707	2.3383e-05	0.031727	supercritical
306.00	100.00	131.19	0.0076226	179.65	255.88	5.1775	0.68075	1.0772	343.15	0.19585	2.3429e-05	0.031779	supercritical
307.00	100.00	130.64	0.0076544	180.41	256.96	5.1810	0.68073	1.0758	343.78	0.19463	2.3475e-05	0.031831	supercritical
308.00	100.00	130.10	0.0076862	181.17	258.03	5.1845	0.68072	1.0745	344.40	0.19343	2.3521e-05	0.031881	supercritical
309.00	100.00	129.57	0.0077178	181.93	259.10	5.1880	0.68071	1.0732	345.02	0.19223	2.3567e-05	0.031929	supercritical
310.00	100.00	129.04	0.0077495	182.68	260.18	5.1915	0.68071	1.0719	345.64	0.19104	2.3613e-05	0.031980	supercritical
311.00	100.00	128.52	0.0077810	183.44	261.25	5.1949	0.68071	1.0706	346.26	0.18985	2.3659e-05	0.032037	supercritical
312.00	100.00	128.00	0.0078126	184.19	262.32	5.1983	0.68071	1.0694	346.87	0.18868	2.3705e-05	0.032094	supercritical
313.00	100.00	127.49	0.0078441	184.95	263.39	5.2018	0.68072	1.0681	347.48	0.18751	2.3751e-05	0.032151	supercritical
314.00	100.00	126.98	0.0078755	185.70	264.45	5.2052	0.68073	1.0669	348.09	0.18635	2.3797e-05	0.032209	supercritical
315.00	100.00	126.47	0.0079069	186.45	265.52	5.2086	0.68075	1.0658	348.70	0.18520	2.3843e-05	0.032266	supercritical
316.00	100.00	125.97	0.0079382	187.20	266.59	5.2119	0.68076	1.0646	349.31	0.18405	2.3890e-05	0.032324	supercritical
317.00	100.00	125.48	0.0079695	187.95	267.65	5.2153	0.68079	1.0635	349.91	0.18292	2.3936e-05	0.032382	supercritical
318.00	100.00	124.99	0.0080008	188.70	268.71	5.2186	0.68081	1.0624	350.52	0.18179	2.3982e-05	0.032439	supercritical
319.00	100.00	124.50	0.0080320	189.45	269.77	5.2220	0.68085	1.0613	351.12	0.18067	2.4028e-05	0.032498	supercritical
320.00	100.00	124.02	0.0080632	190.20	270.84	5.2253	0.68088	1.0602	351.72	0.17955	2.4075e-05	0.032556	supercritical
321.00	100.00	123.54	0.0080943	190.95	271.89	5.2286	0.68092	1.0592	352.31	0.17845	2.4121e-05	0.032614	supercritical
322.00	100.00	123.07	0.0081254	191.70	272.95	5.2319	0.68096	1.0581	352.91	0.17735	2.4167e-05	0.032672	supercritical
323.00	100.00	122.60	0.0081564	192.45	274.01	5.2352	0.68100	1.0571	353.50	0.17626	2.4213e-05	0.032731	supercritical
324.00	100.00	122.14	0.0081874	193.19	275.07	5.2384	0.68105	1.0561	354.09	0.17517	2.4260e-05	0.032790	supercritical
325.00	100.00	121.68	0.0082184	193.94	276.12	5.2417	0.68110	1.0551	354.68	0.17410	2.4306e-05	0.032848	supercritical
326.00	100.00	121.22	0.0082493	194.69	277.18	5.2449	0.68116	1.0542	355.27	0.17302	2.4352e-05	0.032907	supercritical
327.00	100.00	120.77	0.0082802	195.43	278.23	5.2482	0.68122	1.0532	355.85	0.17196	2.4399e-05	0.032966	supercritical
328.00	100.00	120.32	0.0083110	196.17	279.28	5.2514	0.68128	1.0523	356.44	0.17090	2.4445e-05	0.033025	supercritical
329.00	100.00	119.88	0.0083418	196.92	280.34	5.2546	0.68135	1.0514	357.02	0.16985	2.4491e-05	0.033085	supercritical
330.00	100.00	119.44	0.0083726	197.66	281.39	5.2578	0.68141	1.0505	357.60	0.16881	2.4538e-05	0.033144	supercritical
331.00	100.00	119.00	0.0084033	198.40	282.44	5.2610	0.68148	1.0496	358.18	0.16778	2.4584e-05	0.033203	supercritical
332.00	100.00	118.57	0.0084340	199.15	283.49	5.2641	0.68156	1.0488	358.75	0.16675	2.4630e-05	0.033263	supercritical
333.00	100.00	118.14	0.0084646	199.89	284.53	5.2673	0.68164	1.0479	359.33	0.16572	2.4676e-05	0.033322	supercritical
334.00	100.00	117.71	0.0084953	200.63	285.58	5.2704	0.68172	1.0471	359.90	0.16471	2.4723e-05	0.033382	supercritical
335.00	100.00	117.29	0.0085258	201.37	286.63	5.2735	0.68180	1.0463	360.47	0.16370	2.4769e-05	0.033442	supercritical
336.00	100.00	116.87	0.0085564	202.11	287.68	5.2767	0.68189	1.0455	361.04	0.16269	2.4815e-05	0.033502	supercritical
337.00	100.00	116.46	0.0085869	202.85	288.72	5.2798	0.68198	1.0447	361.61	0.16170	2.4862e-05	0.033562	supercritical
338.00	100.00	116.04	0.0086174	203.59	289.76	5.2829	0.68207	1.0440	362.18	0.16071	2.4908e-05	0.033622	supercritical
339.00	100.00	115.64	0.0086478	204.33	290.81	5.2859	0.68216	1.0432	362.74	0.15972	2.4954e-05	0.033682	supercritical
340.00	100.00	115.23	0.0086782	205.07	291.85	5.2890	0.68226	1.0425	363.31	0.15874	2.5000e-05	0.033742	supercritical
341.00	100.00	114.83	0.0087086	205.81	292.89	5.2921	0.68236	1.0417	363.87	0.15777	2.5047e-05	0.033802	supercritical
342.00	100.00	114.43	0.0087389	206.55	293.93	5.2951	0.68247	1.0410	364.43	0.15681	2.5093e-05	0.033863	supercritical
343.00	100.00	114.03	0.0087693	207.28	294.98	5.2982	0.68257	1.0403	364.99	0.15585	2.5139e-05	0.033923	supercritical
344.00	100.00	113.64	0.0087995	208.02	296.02	5.3012	0.68268	1.0396	365.54	0.15489	2.5185e-05	0.033984	supercritical
345.00	100.00	113.25	0.0088298	208.76	297.05	5.3042	0.68279	1.0390	366.10	0.15395	2.5232e-05	0.034044	supercritical
346.00	100.00	112.87	0.0088600	209.49	298.09	5.3072	0.68291	1.0383	366.65	0.15300	2.5278e-05	0.034105	supercritical
347.00	100.00	112.48	0.0088902	210.23	299.13	5.3102	0.68303	1.0377	367.21	0.15207	2.5324e-05	0.034166	supercritical
348.00	100.00	112.10	0.0089203	210.97	300.17	5.3132	0.68315	1.0370	367.76	0.15114	2.5370e-05	0.034226	supercritical
349.00	100.00	111.73	0.0089504	211.70	301.21	5.3162	0.68327	1.0364	368.30	0.15021	2.5416e-05	0.034287	supercritical
350.00	100.00	111.35	0.0089805	212.44	302.24	5.3191	0.68339	1.0358	368.85	0.14930	2.5462e-05	0.034348	supercritical
351.00	100.00	110.98	0.0090106	213.17	303.28	5.3221	0.68352	1.0352	369.40	0.14838	2.5508e-05	0.034409	supercritical
352.00	100.00	110.61	0.0090406	213.91	304.31	5.3250	0.68365	1.0346	369.94	0.14748	2.5555e-05	0.034470	supercritical
353.00	100.00	110.25	0.0090706	214.64	305.35	5.3280	0.68378	1.0340	370.49	0.14658	2.5601e-05	0.034531	supercritical
354.00	100.00	109.88	0.0091006	215.37	306.38	5.3309	0.68391	1.0335	371.03	0.14568	2.5647e-05	0.034592	supercritical
355.00	100.00	109.52	0.0091306	216.11	307.41	5.3338	0.68405	1.0329	371.57	0.14479	2.5693e-05	0.034653	supercritical
356.00	100.00	109.16	0.0091605	216.84	308.45	5.3367	0.68419	1.0323	372.11	0.14390	2.5739e-05	0.034715	supercritical
357.00	100.00	108.81	0.0091904	217.57	309.48	5.3396	0.68433	1.0318	372.64	0.14302	2.5785e-05	0.034776	supercritical
358.00	100.00	108.46	0.0092202	218.31	310.51	5.3425	0.68448	1.0313	373.18	0.14215	2.5831e-05	0.034837	supercritical
359.00	100.00	108.11	0.0092501	219.04	311.54	5.3454	0.68462	1.0308	373.71	0.14128	2.5877e-05	0.034899	supercritical
360.00	100.00	107.76	0.0092799	219.77	312.57	5.3482	0.68477	1.0303	374.25	0.14042	2.5923e-05	0.034960	supercritical
361.00	100.00	107.42	0.0093097	220.50	313.60	5.3511	0.68492	1.0298	374.78	0.13956	2.5969e-05	0.035021	supercritical
362.00	100.00	107.07	0.0093394	221.24	314.63	5.3539	0.68507	1.0293	375.31	0.13871	2.6015e-05	0.035083	supercritical
363.00	100.00	106.73	0.0093691	221.97	315.66	5.3568	0.68523	1.0288	375.84	0.13786	2.6060e-05	0.035145	supercritical
364.00	100.00	106.40	0.0093988	222.70	316.69	5.3596	0.68538	1.0283	376.37	0.13701	2.6106e-05	0.035206	supercritical
365.00	100.00	106.06	0.0094285	223.43	317.72	5.3624	0.68554	1.0279	376.89	0.13618	2.6152e-05	0.035268	supercritical
366.00	100.00	105.73	0.0094582	224.16	318.74	5.3652	0.68570	1.0274	377.42	0.13534	2.6198e-05	0.035329	supercritical
367.00	100.00	105.40	0.0094878	224.89	319.77	5.3680	0.68587	1.0270	377.94	0.13452	2.6244e-05	0.035391	supercritical
368.00	100.00	105.07	0.0095174	225.62	320.80	5.3708	0.68603	1.0266	378.46	0.13369	2.6290e-05	0.035453	supercritical
369.00	100.00	104.74	0.0095470	226.35	321.82	5.3736	0.68620	1.0261	378.99	0.13287	2.6335e-05	0.035515	supercritical
370.00	100.00	104.42	0.0095766	227.08	322.85	5.3764	0.68637	1.0257	379.50	0.13206	2.6381e-05	0.035577	supercritical
371.00	100.00	104.10	0.0096061	227.81	323.88	5.3792	0.68654	1.0253	380.02	0.13125	2.6427e-05	0.035639	supercritical
372.00	100.00	103.78	0.0096356	228.54	324.90	5.3819	0.68671	1.0249	380.54	0.13045	2.6472e-05	0.035700	supercritical
373.00	100.00	103.47	0.0096651	229.27	325.93	5.3847	0.68689	1.0245	381.06	0.12965	2.6518e-05	0.035762	supercritical
374.00	100.00	103.15	0.0096945	230.00	326.95	5.3874	0.68706	1.0242	381.57	0.12886	2.6564e-05	0.035824	supercritical
375.00	100.00	102.84	0.0097240	230.73	327.97	5.3902	0.68724	1.0238	382.08	0.12807	2.6609e-05	0.035886	supercritical
376.00	100.00	102.53	0.0097534	231.46	329.00	5.3929	0.68742	1.0234	382.60	0.12728	2.6655e-05	0.035949	supercritical
377.00	100.00	102.22	0.0097828	232.19	330.02	5.3956	0.68761	1.0231	383.11	0.12650	2.6700e-05	0.036011	supercritical
378.00	100.00	101.91	0.0098122	232.92	331.04	5.3983	0.68779	1.0227	383.62	0.12573	2.6746e-05	0.036073	supercritical
379.00	100.00	101.61	0.0098415	233.65	332.07	5.4010	0.68798	1.0224	384.13	0.12495	2.6791e-05	0.036135	supercritical
380.00	100.00	101.31	0.0098708	234.38	333.09	5.4037	0.68816	1.0220	384.63	0.12419	2.6837e-05	0.036197	supercritical
381.00	100.00	101.01	0.0099001	235.11	334.11	5.4064	0.68835	1.0217	385.14	0.12342	2.6882e-05	0.036259	supercritical
382.00	100.00	100.71	0.0099294	235.84	335.13	5.4091	0.68854	1.0214	385.64	0.12267	2.6928e-05	0.036321	supercritical
383.00	100.00	100.41	0.0099587	236.57	336.15	5.4117	0.68874	1.0211	386.15	0.12191	2.6973e-05	0.036384	supercritical
384.00	100.00	100.12	0.0099879	237.29	337.17	5.4144	0.68893	1.0208	386.65	0.12116	2.7019e-05	0.036446	supercritical
385.00	100.00	99.829	0.010017	238.02	338.19	5.4170	0.68913	1.0205	387.15	0.12042	2.7064e-05	0.036508	supercritical
386.00	100.00	99.539	0.010046	238.75	339.21	5.4197	0.68933	1.0202	387.65	0.11968	2.7109e-05	0.036571	supercritical
387.00	100.00	99.250	0.010076	239.48	340.23	5.4223	0.68953	1.0199	388.15	0.11894	2.7154e-05	0.036633	supercritical
388.00	100.00	98.964	0.010105	240.21	341.25	5.4250	0.68973	1.0196	388.65	0.11821	2.7200e-05	0.036695	supercritical
389.00	100.00	98.679	0.010134	240.94	342.27	5.4276	0.68993	1.0194	389.14	0.11748	2.7245e-05	0.036758	supercritical
390.00	100.00	98.397	0.010163	241.66	343.29	5.4302	0.69013	1.0191	389.64	0.11676	2.7290e-05	0.036820	supercritical
391.00	100.00	98.116	0.010192	242.39	344.31	5.4328	0.69034	1.0188	390.13	0.11604	2.7335e-05	0.036883	supercritical
392.00	100.00	97.837	0.010221	243.12	345.33	5.4354	0.69055	1.0186	390.63	0.11532	2.7380e-05	0.036945	supercritical
393.00	100.00	97.559	0.010250	243.85	346.35	5.4380	0.69076	1.0183	391.12	0.11461	2.7426e-05	0.037007	supercritical
394.00	100.00	97.284	0.010279	244.58	347.37	5.4406	0.69097	1.0181	391.61	0.11391	2.7471e-05	0.037070	supercritical
395.00	100.00	97.010	0.010308	245.30	348.39	5.4432	0.69118	1.0179	392.10	0.11320	2.7516e-05	0.037132	supercritical
396.00	100.00	96.737	0.010337	246.03	349.40	5.4458	0.69139	1.0176	392.59	0.11250	2.7561e-05	0.037195	supercritical
397.00	100.00	96.467	0.010366	246.76	350.42	5.4483	0.69161	1.0174	393.08	0.11181	2.7606e-05	0.037257	supercritical
398.00	100.00	96.198	0.010395	247.49	351.44	5.4509	0.69182	1.0172	393.56	0.11112	2.7651e-05	0.037320	supercritical
399.00	100.00	95.931	0.010424	248.21	352.46	5.4534	0.69204	1.0170	394.05	0.11043	2.7696e-05	0.037383	supercritical
400.00	100.00	95.666	0.010453	248.94	353.47	5.4560	0.69226	1.0168	394.54	0.10974	2.7741e-05	0.037445	supercritical
401.00	100.00	95.402	0.010482	249.67	354.49	5.4585	0.69248	1.0166	395.02	0.10906	2.7785e-05	0.037508	supercritical
402.00	100.00	95.139	0.010511	250.40	355.51	5.4610	0.69270	1.0164	395.50	0.10839	2.7830e-05	0.037570	supercritical
403.00	100.00	94.879	0.010540	251.12	356.52	5.4636	0.69293	1.0162	395.98	0.10772	2.7875e-05	0.037633	supercritical
404.00	100.00	94.620	0.010569	251.85	357.54	5.4661	0.69315	1.0160	396.46	0.10705	2.7920e-05	0.037696	supercritical
405.00	100.00	94.362	0.010597	252.58	358.55	5.4686	0.69338	1.0158	396.94	0.10638	2.7965e-05	0.037758	supercritical
406.00	100.00	94.106	0.010626	253.31	359.57	5.4711	0.69360	1.0157	397.42	0.10572	2.8009e-05	0.037821	supercritical
407.00	100.00	93.852	0.010655	254.03	360.59	5.4736	0.69383	1.0155	397.90	0.10506	2.8054e-05	0.037884	supercritical
408.00	100.00	93.599	0.010684	254.76	361.60	5.4761	0.69406	1.0153	398.38	0.10441	2.8099e-05	0.037946	supercritical
409.00	100.00	93.347	0.010713	255.49	362.62	5.4786	0.69429	1.0152	398.85	0.10376	2.8143e-05	0.038009	supercritical
410.00	100.00	93.097	0.010741	256.22	363.63	5.4811	0.69452	1.0150	399.33	0.10311	2.8188e-05	0.038072	supercritical
411.00	100.00	92.849	0.010770	256.94	364.65	5.4835	0.69476	1.0149	399.80	0.10247	2.8233e-05	0.038134	supercritical
412.00	100.00	92.602	0.010799	257.67	365.66	5.4860	0.69499	1.0147	400.27	0.10183	2.8277e-05	0.038197	supercritical
413.00	100.00	92.356	0.010828	258.40	366.68	5.4885	0.69523	1.0146	400.74	0.10119	2.8322e-05	0.038260	supercritical
414.00	100.00	92.112	0.010856	259.13	367.69	5.4909	0.69546	1.0145	401.21	0.10056	2.8366e-05	0.038322	supercritical
415.00	100.00	91.870	0.010885	259.85	368.70	5.4934	0.69570	1.0143	401.68	0.099933	2.8411e-05	0.038385	supercritical
416.00	100.00	91.628	0.010914	260.58	369.72	5.4958	0.69594	1.0142	402.15	0.099307	2.8455e-05	0.038448	supercritical
417.00	100.00	91.388	0.010942	261.31	370.73	5.4982	0.69618	1.0141	402.62	0.098685	2.8499e-05	0.038511	supercritical
418.00	100.00	91.150	0.010971	262.04	371.75	5.5007	0.69642	1.0140	403.09	0.098066	2.8544e-05	0.038573	supercritical
419.00	100.00	90.913	0.011000	262.77	372.76	5.5031	0.69667	1.0139	403.55	0.097450	2.8588e-05	0.038636	supercritical
420.00	100.00	90.677	0.011028	263.49	373.77	5.5055	0.69691	1.0138	404.02	0.096838	2.8632e-05	0.038699	supercritical
421.00	100.00	90.442	0.011057	264.22	374.79	5.5079	0.69715	1.0137	404.48	0.096229	2.8677e-05	0.038762	supercritical
422.00	100.00	90.209	0.011085	264.95	375.80	5.5103	0.69740	1.0136	404.95	0.095623	2.8721e-05	0.038824	supercritical
423.00	100.00	89.978	0.011114	265.68	376.82	5.5127	0.69765	1.0135	405.41	0.095021	2.8765e-05	0.038887	supercritical
424.00	100.00	89.747	0.011142	266.40	377.83	5.5151	0.69789	1.0134	405.87	0.094422	2.8809e-05	0.038950	supercritical
425.00	100.00	89.518	0.011171	267.13	378.84	5.5175	0.69814	1.0133	406.33	0.093826	2.8853e-05	0.039013	supercritical
426.00	100.00	89.290	0.011199	267.86	379.86	5.5199	0.69839	1.0132	406.79	0.093233	2.8898e-05	0.039075	supercritical
427.00	100.00	89.063	0.011228	268.59	380.87	5.5223	0.69864	1.0131	407.25	0.092644	2.8942e-05	0.039138	supercritical
428.00	100.00	88.838	0.011256	269.32	381.88	5.5246	0.69889	1.0131	407.71	0.092058	2.8986e-05	0.039201	supercritical
429.00	100.00	88.614	0.011285	270.05	382.89	5.5270	0.69915	1.0130	408.16	0.091474	2.9030e-05	0.039264	supercritical
430.00	100.00	88.391	0.011313	270.77	383.91	5.5294	0.69940	1.0129	408.62	0.090894	2.9074e-05	0.039327	supercritical
431.00	100.00	88.169	0.011342	271.50	384.92	5.5317	0.69965	1.0129	409.08	0.090317	2.9118e-05	0.039389	supercritical
432.00	100.00	87.949	0.011370	272.23	385.93	5.5341	0.69991	1.0128	409.53	0.089743	2.9162e-05	0.039452	supercritical
433.00	100.00	87.729	0.011399	272.96	386.95	5.5364	0.70017	1.0128	409.98	0.089172	2.9205e-05	0.039515	supercritical
434.00	100.00	87.511	0.011427	273.69	387.96	5.5387	0.70042	1.0127	410.44	0.088604	2.9249e-05	0.039578	supercritical
435.00	100.00	87.295	0.011455	274.42	388.97	5.5411	0.70068	1.0127	410.89	0.088040	2.9293e-05	0.039640	supercritical
436.00	100.00	87.079	0.011484	275.15	389.98	5.5434	0.70094	1.0126	411.34	0.087478	2.9337e-05	0.039703	supercritical
437.00	100.00	86.864	0.011512	275.87	391.00	5.5457	0.70120	1.0126	411.79	0.086919	2.9381e-05	0.039766	supercritical
438.00	100.00	86.651	0.011541	276.60	392.01	5.5480	0.70146	1.0125	412.24	0.086363	2.9424e-05	0.039829	supercritical
439.00	100.00	86.439	0.011569	277.33	393.02	5.5503	0.70172	1.0125	412.69	0.085810	2.9468e-05	0.039892	supercritical
440.00	100.00	86.227	0.011597	278.06	394.03	5.5526	0.70198	1.0125	413.13	0.085260	2.9512e-05	0.039954	supercritical
441.00	100.00	86.017	0.011626	278.79	395.05	5.5549	0.70224	1.0124	413.58	0.084712	2.9555e-05	0.040017	supercritical
442.00	100.00	85.809	0.011654	279.52	396.06	5.5572	0.70251	1.0124	414.03	0.084168	2.9599e-05	0.040080	supercritical
443.00	100.00	85.601	0.011682	280.25	397.07	5.5595	0.70277	1.0124	414.47	0.083626	2.9643e-05	0.040143	supercritical
444.00	100.00	85.394	0.011710	280.98	398.08	5.5618	0.70304	1.0124	414.92	0.083088	2.9686e-05	0.040205	supercritical
445.00	100.00	85.189	0.011739	281.71	399.10	5.5641	0.70330	1.0124	415.36	0.082552	2.9730e-05	0.040268	supercritical
446.00	100.00	84.984	0.011767	282.44	400.11	5.5663	0.70357	1.0123	415.80	0.082018	2.9773e-05	0.040331	supercritical
447.00	100.00	84.781	0.011795	283.17	401.12	5.5686	0.70384	1.0123	416.25	0.081488	2.9817e-05	0.040394	supercritical
448.00	100.00	84.578	0.011823	283.90	402.13	5.5709	0.70410	1.0123	416.69	0.080960	2.9860e-05	0.040456	supercritical
449.00	100.00	84.377	0.011852	284.63	403.15	5.5731	0.70437	1.0123	417.13	0.080436	2.9903e-05	0.040519	supercritical
450.00	100.00	84.176	0.011880	285.36	404.16	5.5754	0.70464	1.0123	417.57	0.079913	2.9947e-05	0.040582	supercritical
451.00	100.00	83.977	0.011908	286.09	405.17	5.5776	0.70491	1.0123	418.01	0.079394	2.9990e-05	0.040645	supercritical
452.00	100.00	83.779	0.011936	286.82	406.18	5.5799	0.70518	1.0123	418.44	0.078877	3.0033e-05	0.040707	supercritical
453.00	100.00	83.582	0.011964	287.55	407.20	5.5821	0.70545	1.0123	418.88	0.078363	3.0076e-05	0.040770	supercritical
454.00	100.00	83.385	0.011993	288.28	408.21	5.5843	0.70573	1.0124	419.32	0.077851	3.0120e-05	0.040833	supercritical
455.00	100.00	83.190	0.012021	289.01	409.22	5.5866	0.70600	1.0124	419.76	0.077342	3.0163e-05	0.040895	supercritical
456.00	100.00	82.996	0.012049	289.74	410.23	5.5888	0.70627	1.0124	420.19	0.076836	3.0206e-05	0.040958	supercritical
457.00	100.00	82.803	0.012077	290.48	411.24	5.5910	0.70655	1.0124	420.63	0.076333	3.0249e-05	0.041021	supercritical
458.00	100.00	82.610	0.012105	291.21	412.26	5.5932	0.70682	1.0124	421.06	0.075831	3.0292e-05	0.041083	supercritical
459.00	100.00	82.419	0.012133	291.94	413.27	5.5954	0.70709	1.0125	421.49	0.075333	3.0335e-05	0.041146	supercritical
460.00	100.00	82.229	0.012161	292.67	414.28	5.5976	0.70737	1.0125	421.92	0.074837	3.0378e-05	0.041209	supercritical
461.00	100.00	82.039	0.012189	293.40	415.29	5.5998	0.70765	1.0125	422.36	0.074343	3.0421e-05	0.041271	supercritical
462.00	100.00	81.851	0.012217	294.13	416.31	5.6020	0.70792	1.0126	422.79	0.073852	3.0464e-05	0.041334	supercritical
463.00	100.00	81.663	0.012245	294.87	417.32	5.6042	0.70820	1.0126	423.22	0.073364	3.0507e-05	0.041397	supercritical
464.00	100.00	81.477	0.012273	295.60	418.33	5.6064	0.70848	1.0126	423.65	0.072878	3.0550e-05	0.041459	supercritical
465.00	100.00	81.291	0.012301	296.33	419.34	5.6086	0.70875	1.0127	424.08	0.072394	3.0593e-05	0.041522	supercritical
466.00	100.00	81.106	0.012330	297.06	420.36	5.6108	0.70903	1.0127	424.50	0.071913	3.0636e-05	0.041585	supercritical
467.00	100.00	80.922	0.012358	297.79	421.37	5.6129	0.70931	1.0128	424.93	0.071434	3.0679e-05	0.041647	supercritical
468.00	100.00	80.739	0.012386	298.53	422.38	5.6151	0.70959	1.0128	425.36	0.070958	3.0721e-05	0.041710	supercritical
469.00	100.00	80.557	0.012414	299.26	423.40	5.6173	0.70987	1.0128	425.78	0.070484	3.0764e-05	0.041772	supercritical
470.00	100.00	80.376	0.012442	299.99	424.41	5.6194	0.71015	1.0129	426.21	0.070013	3.0807e-05	0.041835	supercritical
471.00	100.00	80.196	0.012470	300.73	425.42	5.6216	0.71043	1.0130	426.63	0.069543	3.0850e-05	0.041898	supercritical
472.00	100.00	80.016	0.012497	301.46	426.43	5.6237	0.71071	1.0130	427.06	0.069077	3.0892e-05	0.041960	supercritical
473.00	100.00	79.838	0.012525	302.19	427.45	5.6259	0.71100	1.0131	427.48	0.068612	3.0935e-05	0.042023	supercritical
474.00	100.00	79.660	0.012553	302.93	428.46	5.6280	0.71128	1.0131	427.90	0.068150	3.0977e-05	0.042085	supercritical
475.00	100.00	79.483	0.012581	303.66	429.47	5.6301	0.71156	1.0132	428.33	0.067690	3.1020e-05	0.042148	supercritical
476.00	100.00	79.307	0.012609	304.39	430.49	5.6323	0.71184	1.0133	428.75	0.067233	3.1062e-05	0.042210	supercritical
477.00	100.00	79.132	0.012637	305.13	431.50	5.6344	0.71213	1.0133	429.17	0.066777	3.1105e-05	0.042273	supercritical
478.00	100.00	78.957	0.012665	305.86	432.51	5.6365	0.71241	1.0134	429.59	0.066324	3.1147e-05	0.042335	supercritical
479.00	100.00	78.784	0.012693	306.60	433.53	5.6386	0.71270	1.0135	430.01	0.065873	3.1190e-05	0.042398	supercritical
480.00	100.00	78.611	0.012721	307.33	434.54	5.6407	0.71298	1.0135	430.43	0.065425	3.1232e-05	0.042460	supercritical
481.00	100.00	78.439	0.012749	308.07	435.55	5.6429	0.71327	1.0136	430.84	0.064978	3.1275e-05	0.042523	supercritical
482.00	100.00	78.268	0.012777	308.80	436.57	5.6450	0.71355	1.0137	431.26	0.064534	3.1317e-05	0.042585	supercritical
483.00	100.00	78.098	0.012804	309.54	437.58	5.6471	0.71384	1.0138	431.68	0.064092	3.1359e-05	0.042648	supercritical
484.00	100.00	77.928	0.012832	310.27	438.60	5.6492	0.71412	1.0139	432.09	0.063652	3.1401e-05	0.042710	supercritical
485.00	100.00	77.760	0.012860	311.01	439.61	5.6512	0.71441	1.0139	432.51	0.063215	3.1444e-05	0.042773	supercritical
486.00	100.00	77.592	0.012888	311.74	440.62	5.6533	0.71470	1.0140	432.92	0.062779	3.1486e-05	0.042835	supercritical
487.00	100.00	77.425	0.012916	312.48	441.64	5.6554	0.71498	1.0141	433.34	0.062346	3.1528e-05	0.042898	supercritical
488.00	100.00	77.258	0.012944	313.22	442.65	5.6575	0.71527	1.0142	433.75	0.061915	3.1570e-05	0.042960	supercritical
489.00	100.00	77.093	0.012971	313.95	443.67	5.6596	0.71556	1.0143	434.17	0.061486	3.1612e-05	0.043022	supercritical
490.00	100.00	76.928	0.012999	314.69	444.68	5.6616	0.71585	1.0144	434.58	0.061059	3.1654e-05	0.043085	supercritical
491.00	100.00	76.764	0.013027	315.42	445.69	5.6637	0.71613	1.0145	434.99	0.060634	3.1696e-05	0.043147	supercritical
492.00	100.00	76.600	0.013055	316.16	446.71	5.6658	0.71642	1.0146	435.40	0.060211	3.1738e-05	0.043210	supercritical
493.00	100.00	76.438	0.013083	316.90	447.72	5.6678	0.71671	1.0147	435.81	0.059790	3.1780e-05	0.043272	supercritical
494.00	100.00	76.276	0.013110	317.64	448.74	5.6699	0.71700	1.0148	436.22	0.059371	3.1822e-05	0.043334	supercritical
495.00	100.00	76.115	0.013138	318.37	449.75	5.6720	0.71729	1.0149	436.63	0.058954	3.1864e-05	0.043397	supercritical
496.00	100.00	75.954	0.013166	319.11	450.77	5.6740	0.71758	1.0150	437.04	0.058539	3.1906e-05	0.043459	supercritical
497.00	100.00	75.795	0.013194	319.85	451.78	5.6760	0.71787	1.0151	437.45	0.058127	3.1948e-05	0.043521	supercritical
498.00	100.00	75.636	0.013221	320.59	452.80	5.6781	0.71816	1.0152	437.86	0.057716	3.1990e-05	0.043583	supercritical
499.00	100.00	75.477	0.013249	321.32	453.81	5.6801	0.71845	1.0153	438.26	0.057307	3.2032e-05	0.043646	supercritical
500.00	100.00	75.320	0.013277	322.06	454.83	5.6822	0.71874	1.0154	438.67	0.056900	3.2074e-05	0.043708	supercritical
501.00	100.00	75.163	0.013304	322.80	455.84	5.6842	0.71903	1.0155	439.07	0.056495	3.2115e-05	0.043770	supercritical
502.00	100.00	75.007	0.013332	323.54	456.86	5.6862	0.71932	1.0156	439.48	0.056093	3.2157e-05	0.043833	supercritical
503.00	100.00	74.851	0.013360	324.28	457.88	5.6882	0.71961	1.0157	439.88	0.055692	3.2199e-05	0.043895	supercritical
504.00	100.00	74.697	0.013387	325.02	458.89	5.6902	0.71990	1.0158	440.29	0.055292	3.2240e-05	0.043957	supercritical
505.00	100.00	74.543	0.013415	325.76	459.91	5.6923	0.72019	1.0159	440.69	0.054895	3.2282e-05	0.044019	supercritical
506.00	100.00	74.389	0.013443	326.49	460.92	5.6943	0.72048	1.0161	441.10	0.054500	3.2324e-05	0.044081	supercritical
507.00	100.00	74.236	0.013470	327.23	461.94	5.6963	0.72077	1.0162	441.50	0.054107	3.2365e-05	0.044143	supercritical
508.00	100.00	74.084	0.013498	327.97	462.96	5.6983	0.72106	1.0163	441.90	0.053715	3.2407e-05	0.044206	supercritical
509.00	100.00	73.933	0.013526	328.71	463.97	5.7003	0.72136	1.0164	442.30	0.053325	3.2448e-05	0.044268	supercritical
510.00	100.00	73.782	0.013553	329.45	464.99	5.7023	0.72165	1.0165	442.70	0.052937	3.2490e-05	0.044330	supercritical
511.00	100.00	73.632	0.013581	330.19	466.00	5.7043	0.72194	1.0167	443.10	0.052551	3.2531e-05	0.044392	supercritical
512.00	100.00	73.483	0.013609	330.94	467.02	5.7063	0.72223	1.0168	443.50	0.052167	3.2572e-05	0.044454	supercritical
513.00	100.00	73.334	0.013636	331.68	468.04	5.7082	0.72252	1.0169	443.90	0.051785	3.2614e-05	0.044516	supercritical
514.00	100.00	73.186	0.013664	332.42	469.06	5.7102	0.72282	1.0170	444.30	0.051404	3.2655e-05	0.044578	supercritical
515.00	100.00	73.038	0.013691	333.16	470.07	5.7122	0.72311	1.0172	444.70	0.051026	3.2696e-05	0.044640	supercritical
516.00	100.00	72.891	0.013719	333.90	471.09	5.7142	0.72340	1.0173	445.10	0.050649	3.2738e-05	0.044702	supercritical
517.00	100.00	72.745	0.013747	334.64	472.11	5.7161	0.72369	1.0174	445.49	0.050273	3.2779e-05	0.044764	supercritical
518.00	100.00	72.599	0.013774	335.38	473.12	5.7181	0.72399	1.0176	445.89	0.049900	3.2820e-05	0.044826	supercritical
519.00	100.00	72.454	0.013802	336.12	474.14	5.7201	0.72428	1.0177	446.28	0.049528	3.2861e-05	0.044888	supercritical
520.00	100.00	72.310	0.013829	336.87	475.16	5.7220	0.72457	1.0178	446.68	0.049158	3.2903e-05	0.044950	supercritical
521.00	100.00	72.166	0.013857	337.61	476.18	5.7240	0.72486	1.0180	447.07	0.048790	3.2944e-05	0.045012	supercritical
522.00	100.00	72.023	0.013884	338.35	477.20	5.7259	0.72516	1.0181	447.47	0.048423	3.2985e-05	0.045074	supercritical
523.00	100.00	71.880	0.013912	339.09	478.21	5.7279	0.72545	1.0182	447.86	0.048059	3.3026e-05	0.045136	supercritical
524.00	100.00	71.739	0.013940	339.84	479.23	5.7298	0.72574	1.0184	448.26	0.047696	3.3067e-05	0.045198	supercritical
525.00	100.00	71.597	0.013967	340.58	480.25	5.7318	0.72604	1.0185	448.65	0.047334	3.3108e-05	0.045260	supercritical
526.00	100.00	71.456	0.013995	341.32	481.27	5.7337	0.72633	1.0187	449.04	0.046974	3.3149e-05	0.045322	supercritical
527.00	100.00	71.316	0.014022	342.07	482.29	5.7356	0.72662	1.0188	449.43	0.046616	3.3190e-05	0.045384	supercritical
528.00	100.00	71.177	0.014050	342.81	483.31	5.7376	0.72691	1.0190	449.82	0.046260	3.3231e-05	0.045446	supercritical
529.00	100.00	71.037	0.014077	343.56	484.33	5.7395	0.72721	1.0191	450.22	0.045905	3.3272e-05	0.045508	supercritical
530.00	100.00	70.899	0.014105	344.30	485.35	5.7414	0.72750	1.0192	450.61	0.045552	3.3313e-05	0.045569	supercritical
531.00	100.00	70.761	0.014132	345.04	486.36	5.7433	0.72779	1.0194	451.00	0.045200	3.3353e-05	0.045631	supercritical
532.00	100.00	70.624	0.014160	345.79	487.38	5.7453	0.72809	1.0195	451.39	0.044850	3.3394e-05	0.045693	supercritical
533.00	100.00	70.487	0.014187	346.53	488.40	5.7472	0.72838	1.0197	451.77	0.044502	3.3435e-05	0.045755	supercritical
534.00	100.00	70.351	0.014214	347.28	489.42	5.7491	0.72867	1.0198	452.16	0.044155	3.3476e-05	0.045817	supercritical
535.00	100.00	70.215	0.014242	348.02	490.44	5.7510	0.72897	1.0200	452.55	0.043810	3.3517e-05	0.045878	supercritical
536.00	100.00	70.080	0.014269	348.77	491.46	5.7529	0.72926	1.0201	452.94	0.043467	3.3557e-05	0.045940	supercritical
537.00	100.00	69.946	0.014297	349.52	492.48	5.7548	0.72955	1.0203	453.32	0.043125	3.3598e-05	0.046002	supercritical
538.00	100.00	69.812	0.014324	350.26	493.50	5.7567	0.72984	1.0204	453.71	0.042784	3.3639e-05	0.046064	supercritical
539.00	100.00	69.678	0.014352	351.01	494.52	5.7586	0.73014	1.0206	454.10	0.042445	3.3679e-05	0.046125	supercritical
540.00	100.00	69.545	0.014379	351.75	495.55	5.7605	0.73043	1.0208	454.48	0.042108	3.3720e-05	0.046187	supercritical
541.00	100.00	69.413	0.014407	352.50	496.57	5.7624	0.73072	1.0209	454.87	0.041772	3.3760e-05	0.046249	supercritical
542.00	100.00	69.281	0.014434	353.25	497.59	5.7643	0.73102	1.0211	455.25	0.041438	3.3801e-05	0.046310	supercritical
543.00	100.00	69.150	0.014461	353.99	498.61	5.7661	0.73131	1.0212	455.64	0.041105	3.3841e-05	0.046372	supercritical
544.00	100.00	69.019	0.014489	354.74	499.63	5.7680	0.73160	1.0214	456.02	0.040774	3.3882e-05	0.046434	supercritical
545.00	100.00	68.889	0.014516	355.49	500.65	5.7699	0.73189	1.0215	456.40	0.040444	3.3922e-05	0.046495	supercritical
546.00	100.00	68.759	0.014544	356.24	501.67	5.7718	0.73219	1.0217	456.79	0.040116	3.3963e-05	0.046557	supercritical
547.00	100.00	68.630	0.014571	356.98	502.69	5.7736	0.73248	1.0219	457.17	0.039789	3.4003e-05	0.046618	supercritical
548.00	100.00	68.501	0.014598	357.73	503.72	5.7755	0.73277	1.0220	457.55	0.039464	3.4043e-05	0.046680	supercritical
549.00	100.00	68.373	0.014626	358.48	504.74	5.7774	0.73306	1.0222	457.93	0.039140	3.4084e-05	0.046741	supercritical
550.00	100.00	68.245	0.014653	359.23	505.76	5.7792	0.73335	1.0223	458.31	0.038817	3.4124e-05	0.046803	supercritical
551.00	100.00	68.118	0.014680	359.98	506.78	5.7811	0.73365	1.0225	458.69	0.038497	3.4164e-05	0.046864	supercritical
552.00	100.00	67.991	0.014708	360.73	507.81	5.7829	0.73394	1.0227	459.07	0.038177	3.4204e-05	0.046926	supercritical
553.00	100.00	67.865	0.014735	361.48	508.83	5.7848	0.73423	1.0228	459.45	0.037859	3.4245e-05	0.046987	supercritical
554.00	100.00	67.739	0.014762	362.23	509.85	5.7866	0.73452	1.0230	459.83	0.037542	3.4285e-05	0.047049	supercritical
555.00	100.00	67.614	0.014790	362.98	510.87	5.7885	0.73481	1.0232	460.21	0.037227	3.4325e-05	0.047110	supercritical
556.00	100.00	67.489	0.014817	363.73	511.90	5.7903	0.73510	1.0233	460.59	0.036913	3.4365e-05	0.047172	supercritical
557.00	100.00	67.365	0.014844	364.48	512.92	5.7922	0.73539	1.0235	460.96	0.036601	3.4405e-05	0.047233	supercritical
558.00	100.00	67.241	0.014872	365.23	513.94	5.7940	0.73569	1.0237	461.34	0.036289	3.4445e-05	0.047295	supercritical
559.00	100.00	67.118	0.014899	365.98	514.97	5.7958	0.73598	1.0238	461.72	0.035980	3.4485e-05	0.047356	supercritical
560.00	100.00	66.995	0.014926	366.73	515.99	5.7977	0.73627	1.0240	462.09	0.035671	3.4525e-05	0.047417	supercritical
561.00	100.00	66.873	0.014954	367.48	517.02	5.7995	0.73656	1.0242	462.47	0.035364	3.4565e-05	0.047479	supercritical
562.00	100.00	66.751	0.014981	368.23	518.04	5.8013	0.73685	1.0244	462.85	0.035059	3.4605e-05	0.047540	supercritical
563.00	100.00	66.630	0.015008	368.98	519.07	5.8031	0.73714	1.0245	463.22	0.034755	3.4645e-05	0.047601	supercritical
564.00	100.00	66.509	0.015036	369.73	520.09	5.8050	0.73743	1.0247	463.60	0.034452	3.4685e-05	0.047663	supercritical
565.00	100.00	66.388	0.015063	370.49	521.11	5.8068	0.73772	1.0249	463.97	0.034150	3.4725e-05	0.047724	supercritical
566.00	100.00	66.268	0.015090	371.24	522.14	5.8086	0.73801	1.0250	464.34	0.033850	3.4765e-05	0.047785	supercritical
567.00	100.00	66.149	0.015117	371.99	523.16	5.8104	0.73830	1.0252	464.72	0.033551	3.4805e-05	0.047846	supercritical
568.00	100.00	66.030	0.015145	372.74	524.19	5.8122	0.73859	1.0254	465.09	0.033253	3.4844e-05	0.047908	supercritical
569.00	100.00	65.911	0.015172	373.50	525.22	5.8140	0.73888	1.0256	465.46	0.032957	3.4884e-05	0.047969	supercritical
570.00	100.00	65.793	0.015199	374.25	526.24	5.8158	0.73917	1.0257	465.84	0.032662	3.4924e-05	0.048030	supercritical
571.00	100.00	65.675	0.015226	375.00	527.27	5.8176	0.73946	1.0259	466.21	0.032368	3.4964e-05	0.048091	supercritical
572.00	100.00	65.558	0.015254	375.76	528.29	5.8194	0.73974	1.0261	466.58	0.032075	3.5003e-05	0.048152	supercritical
573.00	100.00	65.441	0.015281	376.51	529.32	5.8212	0.74003	1.0263	466.95	0.031784	3.5043e-05	0.048213	supercritical
574.00	100.00	65.325	0.015308	377.26	530.35	5.8230	0.74032	1.0264	467.32	0.031494	3.5083e-05	0.048275	supercritical
575.00	100.00	65.209	0.015335	378.02	531.37	5.8248	0.74061	1.0266	467.69	0.031206	3.5122e-05	0.048336	supercritical
576.00	100.00	65.093	0.015363	378.77	532.40	5.8266	0.74090	1.0268	468.06	0.030918	3.5162e-05	0.048397	supercritical
577.00	100.00	64.978	0.015390	379.53	533.43	5.8283	0.74119	1.0270	468.43	0.030632	3.5201e-05	0.048458	supercritical
578.00	100.00	64.863	0.015417	380.28	534.45	5.8301	0.74147	1.0272	468.80	0.030347	3.5241e-05	0.048519	supercritical
579.00	100.00	64.749	0.015444	381.04	535.48	5.8319	0.74176	1.0273	469.17	0.030063	3.5280e-05	0.048580	supercritical
580.00	100.00	64.635	0.015471	381.79	536.51	5.8337	0.74205	1.0275	469.53	0.029781	3.5320e-05	0.048641	supercritical
581.00	100.00	64.522	0.015499	382.55	537.53	5.8354	0.74233	1.0277	469.90	0.029499	3.5359e-05	0.048702	supercritical
582.00	100.00	64.409	0.015526	383.30	538.56	5.8372	0.74262	1.0279	470.27	0.029219	3.5399e-05	0.048763	supercritical
583.00	100.00	64.296	0.015553	384.06	539.59	5.8390	0.74291	1.0281	470.64	0.028940	3.5438e-05	0.048824	supercritical
584.00	100.00	64.184	0.015580	384.82	540.62	5.8407	0.74319	1.0282	471.00	0.028663	3.5477e-05	0.048885	supercritical
585.00	100.00	64.072	0.015607	385.57	541.65	5.8425	0.74348	1.0284	471.37	0.028386	3.5517e-05	0.048946	supercritical
586.00	100.00	63.961	0.015635	386.33	542.68	5.8442	0.74377	1.0286	471.73	0.028111	3.5556e-05	0.049007	supercritical
587.00	100.00	63.850	0.015662	387.09	543.70	5.8460	0.74405	1.0288	472.10	0.027837	3.5595e-05	0.049068	supercritical
588.00	100.00	63.739	0.015689	387.84	544.73	5.8478	0.74434	1.0290	472.47	0.027564	3.5634e-05	0.049129	supercritical
589.00	100.00	63.629	0.015716	388.60	545.76	5.8495	0.74462	1.0292	472.83	0.027292	3.5674e-05	0.049190	supercritical
590.00	100.00	63.519	0.015743	389.36	546.79	5.8512	0.74491	1.0293	473.19	0.027021	3.5713e-05	0.049250	supercritical
591.00	100.00	63.410	0.015770	390.12	547.82	5.8530	0.74519	1.0295	473.56	0.026751	3.5752e-05	0.049311	supercritical
592.00	100.00	63.301	0.015798	390.88	548.85	5.8547	0.74548	1.0297	473.92	0.026483	3.5791e-05	0.049372	supercritical
593.00	100.00	63.192	0.015825	391.63	549.88	5.8565	0.74576	1.0299	474.28	0.026216	3.5830e-05	0.049433	supercritical
594.00	100.00	63.084	0.015852	392.39	550.91	5.8582	0.74604	1.0301	474.65	0.025950	3.5869e-05	0.049494	supercritical
595.00	100.00	62.976	0.015879	393.15	551.94	5.8599	0.74633	1.0303	475.01	0.025685	3.5908e-05	0.049554	supercritical
596.00	100.00	62.869	0.015906	393.91	552.97	5.8617	0.74661	1.0305	475.37	0.025421	3.5947e-05	0.049615	supercritical
597.00	100.00	62.762	0.015933	394.67	554.00	5.8634	0.74689	1.0306	475.73	0.025158	3.5986e-05	0.049676	supercritical
598.00	100.00	62.655	0.015960	395.43	555.03	5.8651	0.74718	1.0308	476.09	0.024896	3.6025e-05	0.049737	supercritical
599.00	100.00	62.549	0.015987	396.19	556.06	5.8668	0.74746	1.0310	476.46	0.024636	3.6064e-05	0.049797	supercritical
600.00	100.00	62.443	0.016015	396.95	557.09	5.8686	0.74774	1.0312	476.82	0.024376	3.6103e-05	0.049858	supercritical
