Temperature (K)	Pressure (bar)	Density (kg/m3)	Volume (m3/kg)	Internal Energy (kJ/kg)	Enthalpy (kJ/kg)	Entropy (J/g*K)	Cv (J/g*K)	Cp (J/g*K)	Sound Spd. (m/s)	Joule-Thomson (K/bar)	Viscosity (Pa*s)	Therm. Cond. (W/m*K)	Phase
60.000	74.000	1290.7	0.00077475	-185.33	-179.60	2.2378	1.0914	1.6579	1147.6	-0.037479	0.00061288	0.19693	liquid
61.000	74.000	1286.5	0.00077732	-183.69	-177.94	2.2652	1.0827	1.6597	1143.7	-0.037323	0.00058399	0.19558	liquid
62.000	74.000	1282.2	0.00077993	-182.05	-176.28	2.2922	1.0750	1.6612	1139.1	-0.037181	0.00055702	0.19423	liquid
63.000	74.000	1277.9	0.00078256	-180.41	-174.62	2.3188	1.0680	1.6624	1133.9	-0.037050	0.00053184	0.19289	liquid
64.000	74.000	1273.5	0.00078522	-178.76	-172.95	2.3450	1.0615	1.6633	1128.3	-0.036930	0.00050830	0.19154	liquid
65.000	74.000	1269.2	0.00078790	-177.12	-171.29	2.3707	1.0555	1.6639	1122.2	-0.036818	0.00048630	0.19019	liquid
66.000	74.000	1264.8	0.00079061	-175.48	-169.63	2.3962	1.0498	1.6642	1115.8	-0.036712	0.00046571	0.18884	liquid
67.000	74.000	1260.5	0.00079334	-173.83	-167.96	2.4212	1.0443	1.6643	1109.2	-0.036611	0.00044642	0.18749	liquid
68.000	74.000	1256.1	0.00079610	-172.19	-166.30	2.4458	1.0391	1.6643	1102.4	-0.036512	0.00042835	0.18615	liquid
69.000	74.000	1251.7	0.00079889	-170.55	-164.63	2.4701	1.0340	1.6641	1095.4	-0.036415	0.00041140	0.18480	liquid
70.000	74.000	1247.4	0.00080169	-168.90	-162.97	2.4941	1.0290	1.6638	1088.3	-0.036318	0.00039548	0.18345	liquid
71.000	74.000	1243.0	0.00080453	-167.26	-161.31	2.5177	1.0242	1.6634	1081.1	-0.036220	0.00038052	0.18211	liquid
72.000	74.000	1238.6	0.00080739	-165.62	-159.64	2.5409	1.0194	1.6630	1073.8	-0.036120	0.00036645	0.18076	liquid
73.000	74.000	1234.2	0.00081027	-163.98	-157.98	2.5639	1.0148	1.6626	1066.5	-0.036016	0.00035320	0.17941	liquid
74.000	74.000	1229.7	0.00081318	-162.34	-156.32	2.5865	1.0102	1.6621	1059.1	-0.035909	0.00034071	0.17807	liquid
75.000	74.000	1225.3	0.00081612	-160.70	-154.66	2.6088	1.0056	1.6617	1051.7	-0.035796	0.00032893	0.17672	liquid
76.000	74.000	1220.9	0.00081908	-159.06	-152.99	2.6308	1.0012	1.6614	1044.3	-0.035678	0.00031780	0.17537	liquid
77.000	74.000	1216.4	0.00082207	-157.42	-151.33	2.6525	0.99675	1.6611	1036.8	-0.035554	0.00030727	0.17403	liquid
78.000	74.000	1212.0	0.00082509	-155.78	-149.67	2.6740	0.99239	1.6608	1029.3	-0.035423	0.00029732	0.17268	liquid
79.000	74.000	1207.5	0.00082814	-154.14	-148.01	2.6951	0.98807	1.6607	1021.8	-0.035284	0.00028788	0.17133	liquid
80.000	74.000	1203.0	0.00083123	-152.50	-146.35	2.7160	0.98380	1.6606	1014.3	-0.035137	0.00027894	0.16998	liquid
81.000	74.000	1198.6	0.00083434	-150.86	-144.69	2.7366	0.97959	1.6606	1006.8	-0.034982	0.00027045	0.16863	liquid
82.000	74.000	1194.1	0.00083748	-149.23	-143.03	2.7570	0.97542	1.6608	999.33	-0.034819	0.00026238	0.16728	liquid
83.000	74.000	1189.5	0.00084066	-147.59	-141.37	2.7771	0.97131	1.6610	991.83	-0.034645	0.00025471	0.16593	liquid
84.000	74.000	1185.0	0.00084387	-145.95	-139.71	2.7970	0.96724	1.6614	984.32	-0.034463	0.00024740	0.16458	liquid
85.000	74.000	1180.5	0.00084712	-144.31	-138.05	2.8167	0.96322	1.6619	976.81	-0.034270	0.00024044	0.16322	liquid
86.000	74.000	1175.9	0.00085041	-142.68	-136.38	2.8361	0.95925	1.6625	969.30	-0.034067	0.00023379	0.16187	liquid
87.000	74.000	1171.3	0.00085373	-141.04	-134.72	2.8554	0.95533	1.6633	961.79	-0.033852	0.00022745	0.16051	liquid
88.000	74.000	1166.7	0.00085709	-139.40	-133.06	2.8744	0.95146	1.6642	954.27	-0.033627	0.00022139	0.15916	liquid
89.000	74.000	1162.1	0.00086049	-137.76	-131.39	2.8932	0.94764	1.6652	946.75	-0.033390	0.00021559	0.15780	liquid
90.000	74.000	1157.5	0.00086393	-136.12	-129.73	2.9118	0.94387	1.6664	939.23	-0.033142	0.00021003	0.15644	liquid
91.000	74.000	1152.9	0.00086741	-134.48	-128.06	2.9302	0.94015	1.6677	931.70	-0.032880	0.00020470	0.15508	liquid
92.000	74.000	1148.2	0.00087094	-132.84	-126.39	2.9484	0.93647	1.6692	924.16	-0.032607	0.00019959	0.15371	liquid
93.000	74.000	1143.5	0.00087452	-131.19	-124.72	2.9665	0.93285	1.6708	916.62	-0.032319	0.00019469	0.15235	liquid
94.000	74.000	1138.8	0.00087814	-129.55	-123.05	2.9844	0.92927	1.6726	909.07	-0.032019	0.00018997	0.15099	liquid
95.000	74.000	1134.0	0.00088181	-127.90	-121.38	3.0021	0.92575	1.6746	901.51	-0.031704	0.00018543	0.14962	liquid
96.000	74.000	1129.3	0.00088552	-126.25	-119.70	3.0196	0.92227	1.6767	893.94	-0.031375	0.00018106	0.14825	liquid
97.000	74.000	1124.5	0.00088930	-124.60	-118.02	3.0370	0.91883	1.6790	886.36	-0.031031	0.00017684	0.14688	liquid
98.000	74.000	1119.7	0.00089312	-122.95	-116.34	3.0543	0.91545	1.6815	878.76	-0.030672	0.00017278	0.14551	liquid
99.000	74.000	1114.8	0.00089700	-121.30	-114.66	3.0713	0.91211	1.6841	871.15	-0.030296	0.00016885	0.14414	liquid
100.00	74.000	1110.0	0.00090093	-119.64	-112.97	3.0883	0.90882	1.6869	863.53	-0.029904	0.00016506	0.14277	liquid
101.00	74.000	1105.1	0.00090493	-117.98	-111.29	3.1051	0.90558	1.6899	855.88	-0.029494	0.00016139	0.14139	liquid
102.00	74.000	1100.1	0.00090898	-116.32	-109.59	3.1217	0.90238	1.6931	848.22	-0.029067	0.00015784	0.14002	liquid
103.00	74.000	1095.2	0.00091310	-114.66	-107.90	3.1383	0.89923	1.6964	840.54	-0.028621	0.00015440	0.13864	liquid
104.00	74.000	1090.2	0.00091729	-112.99	-106.20	3.1547	0.89612	1.7000	832.84	-0.028156	0.00015106	0.13726	liquid
105.00	74.000	1085.1	0.00092154	-111.32	-104.50	3.1710	0.89306	1.7038	825.11	-0.027671	0.00014783	0.13588	liquid
106.00	74.000	1080.1	0.00092586	-109.64	-102.79	3.1871	0.89005	1.7078	817.37	-0.027165	0.00014469	0.13450	liquid
107.00	74.000	1075.0	0.00093026	-107.97	-101.08	3.2032	0.88708	1.7120	809.59	-0.026637	0.00014163	0.13312	liquid
108.00	74.000	1069.8	0.00093473	-106.29	-99.369	3.2191	0.88416	1.7164	801.79	-0.026086	0.00013867	0.13174	liquid
109.00	74.000	1064.7	0.00093927	-104.60	-97.651	3.2350	0.88128	1.7211	793.96	-0.025512	0.00013578	0.13036	liquid
110.00	74.000	1059.4	0.00094390	-102.91	-95.927	3.2507	0.87844	1.7260	786.10	-0.024913	0.00013297	0.12898	liquid
111.00	74.000	1054.2	0.00094862	-101.22	-94.199	3.2664	0.87566	1.7311	778.21	-0.024288	0.00013023	0.12760	liquid
112.00	74.000	1048.9	0.00095342	-99.520	-92.465	3.2819	0.87292	1.7366	770.29	-0.023636	0.00012756	0.12622	liquid
113.00	74.000	1043.5	0.00095832	-97.817	-90.725	3.2974	0.87022	1.7423	762.33	-0.022956	0.00012495	0.12484	liquid
114.00	74.000	1038.1	0.00096331	-96.109	-88.980	3.3128	0.86757	1.7483	754.34	-0.022246	0.00012241	0.12346	liquid
115.00	74.000	1032.6	0.00096839	-94.395	-87.229	3.3281	0.86497	1.7546	746.31	-0.021504	0.00011993	0.12208	liquid
116.00	74.000	1027.1	0.00097359	-92.676	-85.471	3.3433	0.86242	1.7612	738.24	-0.020729	0.00011750	0.12070	liquid
117.00	74.000	1021.6	0.00097889	-90.950	-83.706	3.3584	0.85991	1.7681	730.12	-0.019920	0.00011512	0.11931	liquid
118.00	74.000	1015.9	0.00098430	-89.219	-81.935	3.3735	0.85745	1.7754	721.96	-0.019074	0.00011280	0.11793	liquid
119.00	74.000	1010.3	0.00098983	-87.480	-80.156	3.3885	0.85504	1.7831	713.76	-0.018189	0.00011053	0.11655	liquid
120.00	74.000	1004.5	0.00099549	-85.735	-78.368	3.4035	0.85268	1.7911	705.51	-0.017264	0.00010830	0.11516	liquid
121.00	74.000	998.73	0.0010013	-83.983	-76.573	3.4184	0.85037	1.7996	697.21	-0.016295	0.00010612	0.11378	liquid
122.00	74.000	992.86	0.0010072	-82.222	-74.769	3.4332	0.84811	1.8085	688.85	-0.015281	0.00010398	0.11240	liquid
123.00	74.000	986.92	0.0010133	-80.454	-72.956	3.4480	0.84591	1.8179	680.44	-0.014218	0.00010188	0.11101	liquid
124.00	74.000	980.90	0.0010195	-78.677	-71.133	3.4628	0.84376	1.8278	671.97	-0.013103	9.9822e-05	0.10963	liquid
125.00	74.000	974.81	0.0010258	-76.891	-69.300	3.4775	0.84166	1.8382	663.44	-0.011934	9.7799e-05	0.10825	liquid
126.00	74.000	968.64	0.0010324	-75.096	-67.457	3.4922	0.83963	1.8491	654.85	-0.010706	9.5812e-05	0.10686	liquid
127.00	74.000	962.38	0.0010391	-73.291	-65.602	3.5068	0.83765	1.8607	646.19	-0.0094157	9.3860e-05	0.10548	liquid
128.00	74.000	956.04	0.0010460	-71.475	-63.735	3.5215	0.83574	1.8730	637.46	-0.0080589	9.1940e-05	0.10410	liquid
129.00	74.000	949.60	0.0010531	-69.648	-61.856	3.5361	0.83388	1.8859	628.66	-0.0066307	9.0051e-05	0.10271	liquid
130.00	74.000	943.06	0.0010604	-67.810	-59.963	3.5507	0.83210	1.8996	619.78	-0.0051261	8.8193e-05	0.10133	liquid
131.00	74.000	936.42	0.0010679	-65.959	-58.056	3.5653	0.83038	1.9141	610.82	-0.0035394	8.6362e-05	0.099950	liquid
132.00	74.000	929.67	0.0010757	-64.094	-56.134	3.5800	0.82874	1.9296	601.77	-0.0018641	8.4559e-05	0.098568	liquid
133.00	74.000	922.80	0.0010837	-62.216	-54.197	3.5946	0.82717	1.9459	592.64	-9.3481e-05	8.2782e-05	0.097186	liquid
134.00	74.000	915.81	0.0010919	-60.322	-52.242	3.6092	0.82569	1.9634	583.41	0.0017803	8.1030e-05	0.095805	liquid
135.00	74.000	908.69	0.0011005	-58.413	-50.270	3.6239	0.82429	1.9820	574.08	0.0037658	7.9301e-05	0.094425	liquid
136.00	74.000	901.44	0.0011093	-56.487	-48.278	3.6386	0.82297	2.0018	564.65	0.0058726	7.7595e-05	0.093044	liquid
137.00	74.000	894.03	0.0011185	-54.543	-46.265	3.6533	0.82176	2.0231	555.11	0.0081115	7.5910e-05	0.091663	liquid
138.00	74.000	886.47	0.0011281	-52.579	-44.231	3.6681	0.82064	2.0459	545.45	0.010495	7.4244e-05	0.090283	liquid
139.00	74.000	878.73	0.0011380	-50.594	-42.173	3.6830	0.81963	2.0704	535.67	0.013035	7.2597e-05	0.088902	liquid
140.00	74.000	870.82	0.0011483	-48.587	-40.090	3.6979	0.81874	2.0968	525.75	0.015749	7.0968e-05	0.087521	liquid
141.00	74.000	862.71	0.0011591	-46.556	-37.979	3.7129	0.81798	2.1254	515.70	0.018654	6.9355e-05	0.086139	liquid
142.00	74.000	854.39	0.0011704	-44.499	-35.838	3.7281	0.81735	2.1563	505.50	0.021769	6.7756e-05	0.084757	liquid
143.00	74.000	845.84	0.0011822	-42.414	-33.665	3.7433	0.81687	2.1899	495.15	0.025118	6.6170e-05	0.083373	liquid
144.00	74.000	837.05	0.0011947	-40.298	-31.457	3.7587	0.81656	2.2266	484.62	0.028727	6.4597e-05	0.081987	liquid
145.00	74.000	827.99	0.0012077	-38.148	-29.211	3.7743	0.81642	2.2668	473.93	0.032625	6.3033e-05	0.080599	liquid
146.00	74.000	818.63	0.0012216	-35.962	-26.922	3.7900	0.81648	2.3109	463.05	0.036849	6.1478e-05	0.079209	liquid
147.00	74.000	808.94	0.0012362	-33.735	-24.587	3.8059	0.81675	2.3596	451.97	0.041439	5.9929e-05	0.077815	liquid
148.00	74.000	798.90	0.0012517	-31.464	-22.201	3.8221	0.81727	2.4137	440.68	0.046444	5.8384e-05	0.076416	liquid
149.00	74.000	788.47	0.0012683	-29.143	-19.758	3.8385	0.81807	2.4740	429.17	0.051920	5.6841e-05	0.075012	liquid
150.00	74.000	777.59	0.0012860	-26.767	-17.251	3.8553	0.81917	2.5417	417.42	0.057935	5.5297e-05	0.073602	liquid
151.00	74.000	766.21	0.0013051	-24.329	-14.671	3.8725	0.82061	2.6182	405.43	0.064570	5.3748e-05	0.072184	liquid
152.00	74.000	754.27	0.0013258	-21.822	-12.011	3.8900	0.82245	2.7053	393.19	0.071923	5.2192e-05	0.070755	liquid
153.00	74.000	741.69	0.0013483	-19.234	-9.2567	3.9081	0.82474	2.8051	380.68	0.080112	5.0624e-05	0.069316	liquid
154.00	74.000	728.38	0.0013729	-16.555	-6.3952	3.9267	0.82754	2.9208	367.88	0.089283	4.9039e-05	0.067863	liquid
155.00	74.000	714.22	0.0014001	-13.770	-3.4086	3.9460	0.83093	3.0560	354.80	0.099616	4.7431e-05	0.066393	supercritical
156.00	74.000	699.07	0.0014305	-10.860	-0.27495	3.9662	0.83500	3.2160	341.43	0.11134	4.5792e-05	0.064904	supercritical
157.00	74.000	682.76	0.0014646	-7.8047	3.0337	3.9873	0.83987	3.4073	327.76	0.12472	4.4114e-05	0.063392	supercritical
158.00	74.000	665.06	0.0015036	-4.5739	6.5529	4.0097	0.84566	3.6387	313.81	0.14013	4.2387e-05	0.061854	supercritical
159.00	74.000	645.69	0.0015487	-1.1325	10.328	4.0335	0.85253	3.9212	299.60	0.15799	4.0597e-05	0.060284	supercritical
160.00	74.000	624.32	0.0016017	2.5639	14.417	4.0591	0.86064	4.2679	285.21	0.17883	3.8731e-05	0.058674	supercritical
161.00	74.000	600.56	0.0016651	6.5678	18.890	4.0870	0.87011	4.6910	270.79	0.20322	3.6775e-05	0.057012	supercritical
162.00	74.000	574.03	0.0017421	10.934	23.826	4.1176	0.88079	5.1934	256.67	0.23171	3.4720e-05	0.055270	supercritical
163.00	74.000	544.51	0.0018365	15.704	29.295	4.1512	0.89196	5.7484	243.41	0.26451	3.2575e-05	0.053400	supercritical
164.00	74.000	512.26	0.0019521	20.864	35.310	4.1880	0.90174	6.2633	231.85	0.30105	3.0382e-05	0.051333	supercritical
165.00	74.000	478.52	0.0020898	26.285	41.749	4.2272	0.90722	6.5624	222.93	0.33928	2.8241e-05	0.049013	supercritical
166.00	74.000	445.50	0.0022447	31.697	48.308	4.2668	0.90611	6.4877	217.08	0.37591	2.6290e-05	0.046484	supercritical
167.00	74.000	415.44	0.0024071	36.797	54.610	4.3046	0.89882	6.0742	213.97	0.40796	2.4639e-05	0.043929	supercritical
168.00	74.000	389.44	0.0025678	41.405	60.406	4.3392	0.88787	5.5091	212.78	0.43417	2.3313e-05	0.041560	supercritical
169.00	74.000	367.47	0.0027213	45.492	65.630	4.3702	0.87571	4.9470	212.73	0.45480	2.2271e-05	0.039488	supercritical
170.00	74.000	348.92	0.0028660	49.115	70.324	4.3979	0.86375	4.4535	213.35	0.47070	2.1452e-05	0.037727	supercritical
171.00	74.000	333.13	0.0030019	52.350	74.564	4.4228	0.85260	4.0403	214.34	0.48281	2.0803e-05	0.036242	supercritical
172.00	74.000	319.53	0.0031296	55.269	78.428	4.4453	0.84241	3.6988	215.55	0.49192	2.0283e-05	0.034987	supercritical
173.00	74.000	307.68	0.0032501	57.930	81.981	4.4659	0.83315	3.4164	216.89	0.49865	1.9859e-05	0.033921	supercritical
174.00	74.000	297.23	0.0033644	60.380	85.277	4.4849	0.82474	3.1809	218.29	0.50350	1.9512e-05	0.033007	supercritical
175.00	74.000	287.92	0.0034731	62.654	88.356	4.5026	0.81706	2.9828	219.75	0.50684	1.9223e-05	0.032218	supercritical
176.00	74.000	279.56	0.0035771	64.782	91.252	4.5191	0.81002	2.8143	221.22	0.50897	1.8982e-05	0.031532	supercritical
177.00	74.000	271.98	0.0036767	66.784	93.992	4.5346	0.80353	2.6696	222.70	0.51011	1.8779e-05	0.030931	supercritical
178.00	74.000	265.07	0.0037726	68.680	96.598	4.5493	0.79752	2.5442	224.18	0.51045	1.8608e-05	0.030402	supercritical
179.00	74.000	258.72	0.0038652	70.484	99.086	4.5632	0.79194	2.4346	225.66	0.51013	1.8462e-05	0.029934	supercritical
180.00	74.000	252.86	0.0039547	72.207	101.47	4.5765	0.78673	2.3381	227.13	0.50926	1.8339e-05	0.029518	supercritical
181.00	74.000	247.43	0.0040415	73.859	103.77	4.5892	0.78184	2.2524	228.58	0.50794	1.8234e-05	0.029147	supercritical
182.00	74.000	242.37	0.0041258	75.448	105.98	4.6014	0.77726	2.1759	230.02	0.50625	1.8145e-05	0.028814	supercritical
183.00	74.000	237.65	0.0042080	76.981	108.12	4.6132	0.77294	2.1072	231.45	0.50425	1.8070e-05	0.028515	supercritical
184.00	74.000	233.21	0.0042880	78.464	110.20	4.6245	0.76886	2.0452	232.86	0.50199	1.8007e-05	0.028246	supercritical
185.00	74.000	229.03	0.0043662	79.902	112.21	4.6354	0.76501	1.9890	234.25	0.49951	1.7954e-05	0.028004	supercritical
186.00	74.000	225.09	0.0044427	81.300	114.18	4.6460	0.76136	1.9377	235.62	0.49685	1.7910e-05	0.027785	supercritical
187.00	74.000	221.36	0.0045175	82.659	116.09	4.6562	0.75790	1.8908	236.98	0.49403	1.7874e-05	0.027586	supercritical
188.00	74.000	217.82	0.0045909	83.985	117.96	4.6662	0.75461	1.8477	238.32	0.49109	1.7845e-05	0.027407	supercritical
189.00	74.000	214.46	0.0046629	85.280	119.79	4.6759	0.75148	1.8081	239.65	0.48805	1.7823e-05	0.027244	supercritical
190.00	74.000	211.25	0.0047337	86.546	121.58	4.6853	0.74850	1.7714	240.95	0.48492	1.7807e-05	0.027097	supercritical
191.00	74.000	208.19	0.0048032	87.786	123.33	4.6946	0.74566	1.7374	242.24	0.48172	1.7795e-05	0.026963	supercritical
192.00	74.000	205.27	0.0048716	89.001	125.05	4.7035	0.74295	1.7058	243.52	0.47847	1.7788e-05	0.026842	supercritical
193.00	74.000	202.47	0.0049390	90.193	126.74	4.7123	0.74037	1.6764	244.78	0.47517	1.7786e-05	0.026732	supercritical
194.00	74.000	199.78	0.0050054	91.364	128.40	4.7209	0.73790	1.6489	246.02	0.47183	1.7787e-05	0.026633	supercritical
195.00	74.000	197.21	0.0050708	92.516	130.04	4.7293	0.73553	1.6231	247.25	0.46847	1.7792e-05	0.026544	supercritical
196.00	74.000	194.73	0.0051354	93.649	131.65	4.7376	0.73327	1.5990	248.47	0.46509	1.7799e-05	0.026463	supercritical
197.00	74.000	192.34	0.0051991	94.765	133.24	4.7457	0.73111	1.5763	249.67	0.46170	1.7810e-05	0.026391	supercritical
198.00	74.000	190.04	0.0052621	95.865	134.80	4.7536	0.72903	1.5549	250.85	0.45830	1.7823e-05	0.026326	supercritical
199.00	74.000	187.82	0.0053243	96.949	136.35	4.7614	0.72705	1.5348	252.03	0.45490	1.7839e-05	0.026268	supercritical
200.00	74.000	185.67	0.0053858	98.019	137.87	4.7690	0.72514	1.5157	253.19	0.45150	1.7857e-05	0.026217	supercritical
201.00	74.000	183.60	0.0054466	99.076	139.38	4.7765	0.72331	1.4977	254.33	0.44810	1.7877e-05	0.026171	supercritical
202.00	74.000	181.60	0.0055068	100.12	140.87	4.7839	0.72155	1.4807	255.47	0.44472	1.7899e-05	0.026131	supercritical
203.00	74.000	179.65	0.0055663	101.15	142.34	4.7912	0.71986	1.4645	256.59	0.44135	1.7923e-05	0.026097	supercritical
204.00	74.000	177.77	0.0056253	102.17	143.80	4.7983	0.71824	1.4491	257.70	0.43799	1.7949e-05	0.026067	supercritical
205.00	74.000	175.94	0.0056837	103.18	145.24	4.8054	0.71668	1.4345	258.80	0.43465	1.7976e-05	0.026042	supercritical
206.00	74.000	174.17	0.0057416	104.18	146.67	4.8123	0.71518	1.4206	259.89	0.43133	1.8004e-05	0.026021	supercritical
207.00	74.000	172.45	0.0057989	105.17	148.08	4.8192	0.71374	1.4073	260.97	0.42803	1.8034e-05	0.026004	supercritical
208.00	74.000	170.77	0.0058558	106.15	149.48	4.8259	0.71235	1.3947	262.04	0.42475	1.8065e-05	0.025990	supercritical
209.00	74.000	169.14	0.0059122	107.12	150.87	4.8326	0.71102	1.3826	263.10	0.42149	1.8097e-05	0.025981	supercritical
210.00	74.000	167.56	0.0059682	108.08	152.25	4.8392	0.70973	1.3710	264.14	0.41826	1.8130e-05	0.025974	supercritical
211.00	74.000	166.01	0.0060237	109.04	153.61	4.8457	0.70849	1.3600	265.18	0.41505	1.8164e-05	0.025971	supercritical
212.00	74.000	164.51	0.0060788	109.99	154.97	4.8521	0.70729	1.3494	266.21	0.41187	1.8199e-05	0.025971	supercritical
213.00	74.000	163.04	0.0061335	110.93	156.31	4.8584	0.70614	1.3392	267.23	0.40871	1.8235e-05	0.025973	supercritical
214.00	74.000	161.61	0.0061878	111.86	157.65	4.8646	0.70502	1.3295	268.24	0.40558	1.8272e-05	0.025978	supercritical
215.00	74.000	160.21	0.0062417	112.78	158.97	4.8708	0.70395	1.3201	269.24	0.40248	1.8310e-05	0.025986	supercritical
216.00	74.000	158.85	0.0062952	113.70	160.29	4.8769	0.70292	1.3111	270.23	0.39940	1.8348e-05	0.025996	supercritical
217.00	74.000	157.52	0.0063485	114.62	161.59	4.8830	0.70192	1.3025	271.21	0.39635	1.8387e-05	0.026008	supercritical
218.00	74.000	156.22	0.0064013	115.52	162.89	4.8889	0.70095	1.2942	272.19	0.39333	1.8427e-05	0.026022	supercritical
219.00	74.000	154.95	0.0064539	116.42	164.18	4.8948	0.70002	1.2862	273.16	0.39033	1.8467e-05	0.026039	supercritical
220.00	74.000	153.70	0.0065061	117.32	165.46	4.9007	0.69912	1.2784	274.12	0.38737	1.8508e-05	0.026057	supercritical
221.00	74.000	152.48	0.0065581	118.21	166.74	4.9064	0.69825	1.2710	275.07	0.38443	1.8549e-05	0.026077	supercritical
222.00	74.000	151.29	0.0066097	119.10	168.01	4.9122	0.69741	1.2638	276.02	0.38151	1.8591e-05	0.026098	supercritical
223.00	74.000	150.13	0.0066610	119.98	169.27	4.9178	0.69660	1.2569	276.95	0.37863	1.8633e-05	0.026122	supercritical
224.00	74.000	148.98	0.0067121	120.85	170.52	4.9234	0.69581	1.2502	277.88	0.37577	1.8676e-05	0.026147	supercritical
225.00	74.000	147.86	0.0067629	121.72	171.77	4.9290	0.69505	1.2438	278.81	0.37294	1.8720e-05	0.026173	supercritical
226.00	74.000	146.77	0.0068135	122.59	173.01	4.9345	0.69432	1.2375	279.72	0.37014	1.8763e-05	0.026201	supercritical
227.00	74.000	145.69	0.0068638	123.45	174.24	4.9399	0.69361	1.2315	280.64	0.36737	1.8807e-05	0.026230	supercritical
228.00	74.000	144.64	0.0069138	124.31	175.47	4.9454	0.69292	1.2257	281.54	0.36462	1.8852e-05	0.026261	supercritical
229.00	74.000	143.60	0.0069636	125.16	176.69	4.9507	0.69226	1.2200	282.44	0.36190	1.8897e-05	0.026293	supercritical
230.00	74.000	142.59	0.0070132	126.01	177.91	4.9560	0.69162	1.2145	283.33	0.35921	1.8942e-05	0.026326	supercritical
231.00	74.000	141.59	0.0070625	126.86	179.12	4.9613	0.69100	1.2092	284.21	0.35654	1.8987e-05	0.026360	supercritical
232.00	74.000	140.61	0.0071117	127.70	180.33	4.9665	0.69039	1.2041	285.09	0.35390	1.9033e-05	0.026395	supercritical
233.00	74.000	139.65	0.0071606	128.54	181.53	4.9716	0.68981	1.1991	285.96	0.35128	1.9079e-05	0.026431	supercritical
234.00	74.000	138.71	0.0072093	129.38	182.73	4.9768	0.68925	1.1943	286.83	0.34869	1.9125e-05	0.026469	supercritical
235.00	74.000	137.78	0.0072578	130.21	183.92	4.9819	0.68870	1.1896	287.69	0.34612	1.9171e-05	0.026507	supercritical
236.00	74.000	136.87	0.0073061	131.04	185.11	4.9869	0.68817	1.1850	288.55	0.34358	1.9218e-05	0.026546	supercritical
237.00	74.000	135.98	0.0073542	131.87	186.29	4.9919	0.68766	1.1806	289.40	0.34107	1.9265e-05	0.026586	supercritical
238.00	74.000	135.10	0.0074021	132.69	187.47	4.9969	0.68717	1.1763	290.24	0.33858	1.9312e-05	0.026627	supercritical
239.00	74.000	134.23	0.0074499	133.51	188.64	5.0018	0.68669	1.1721	291.08	0.33611	1.9360e-05	0.026669	supercritical
240.00	74.000	133.38	0.0074975	134.33	189.81	5.0067	0.68623	1.1681	291.92	0.33367	1.9407e-05	0.026711	supercritical
241.00	74.000	132.54	0.0075449	135.15	190.98	5.0115	0.68578	1.1641	292.75	0.33125	1.9455e-05	0.026755	supercritical
242.00	74.000	131.72	0.0075921	135.96	192.14	5.0163	0.68534	1.1603	293.57	0.32886	1.9503e-05	0.026799	supercritical
243.00	74.000	130.90	0.0076391	136.77	193.30	5.0211	0.68492	1.1565	294.39	0.32648	1.9551e-05	0.026843	supercritical
244.00	74.000	130.11	0.0076860	137.58	194.45	5.0258	0.68452	1.1529	295.21	0.32413	1.9599e-05	0.026889	supercritical
245.00	74.000	129.32	0.0077328	138.38	195.61	5.0306	0.68412	1.1494	296.02	0.32181	1.9647e-05	0.026935	supercritical
246.00	74.000	128.55	0.0077793	139.19	196.75	5.0352	0.68374	1.1459	296.82	0.31950	1.9696e-05	0.026981	supercritical
247.00	74.000	127.78	0.0078258	139.99	197.90	5.0399	0.68337	1.1426	297.62	0.31722	1.9744e-05	0.027029	supercritical
248.00	74.000	127.03	0.0078721	140.79	199.04	5.0445	0.68302	1.1393	298.42	0.31496	1.9793e-05	0.027076	supercritical
249.00	74.000	126.29	0.0079182	141.58	200.18	5.0491	0.68267	1.1361	299.21	0.31272	1.9842e-05	0.027125	supercritical
250.00	74.000	125.56	0.0079642	142.38	201.31	5.0536	0.68234	1.1330	300.00	0.31051	1.9891e-05	0.027174	supercritical
251.00	74.000	124.84	0.0080101	143.17	202.44	5.0581	0.68202	1.1300	300.78	0.30831	1.9940e-05	0.027223	supercritical
252.00	74.000	124.13	0.0080558	143.96	203.57	5.0626	0.68171	1.1270	301.56	0.30613	1.9989e-05	0.027273	supercritical
253.00	74.000	123.44	0.0081014	144.75	204.70	5.0671	0.68141	1.1241	302.34	0.30398	2.0038e-05	0.027323	supercritical
254.00	74.000	122.75	0.0081468	145.53	205.82	5.0715	0.68112	1.1213	303.11	0.30184	2.0087e-05	0.027374	supercritical
255.00	74.000	122.07	0.0081922	146.32	206.94	5.0759	0.68083	1.1186	303.88	0.29973	2.0137e-05	0.027426	supercritical
256.00	74.000	121.40	0.0082374	147.10	208.06	5.0803	0.68056	1.1159	304.64	0.29763	2.0186e-05	0.027477	supercritical
257.00	74.000	120.74	0.0082825	147.88	209.17	5.0846	0.68030	1.1133	305.40	0.29555	2.0236e-05	0.027530	supercritical
258.00	74.000	120.08	0.0083275	148.66	210.28	5.0889	0.68005	1.1107	306.16	0.29350	2.0285e-05	0.027582	supercritical
259.00	74.000	119.44	0.0083723	149.44	211.39	5.0932	0.67981	1.1082	306.91	0.29146	2.0335e-05	0.027635	supercritical
260.00	74.000	118.81	0.0084170	150.21	212.50	5.0975	0.67957	1.1058	307.65	0.28944	2.0385e-05	0.027689	supercritical
261.00	74.000	118.18	0.0084617	150.99	213.60	5.1017	0.67934	1.1034	308.40	0.28744	2.0435e-05	0.027742	supercritical
262.00	74.000	117.56	0.0085062	151.76	214.71	5.1059	0.67913	1.1011	309.14	0.28545	2.0484e-05	0.027797	supercritical
263.00	74.000	116.95	0.0085506	152.53	215.81	5.1101	0.67892	1.0988	309.88	0.28349	2.0534e-05	0.027851	supercritical
264.00	74.000	116.35	0.0085949	153.30	216.90	5.1143	0.67871	1.0966	310.61	0.28154	2.0584e-05	0.027906	supercritical
265.00	74.000	115.75	0.0086391	154.07	218.00	5.1184	0.67852	1.0944	311.34	0.27961	2.0634e-05	0.027961	supercritical
266.00	74.000	115.16	0.0086832	154.84	219.09	5.1226	0.67833	1.0923	312.07	0.27770	2.0684e-05	0.028016	supercritical
267.00	74.000	114.58	0.0087272	155.60	220.18	5.1267	0.67815	1.0902	312.79	0.27580	2.0734e-05	0.028072	supercritical
268.00	74.000	114.01	0.0087711	156.37	221.27	5.1307	0.67798	1.0882	313.51	0.27392	2.0784e-05	0.028128	supercritical
269.00	74.000	113.44	0.0088149	157.13	222.36	5.1348	0.67782	1.0862	314.23	0.27206	2.0834e-05	0.028185	supercritical
270.00	74.000	112.88	0.0088586	157.89	223.45	5.1388	0.67766	1.0842	314.94	0.27021	2.0884e-05	0.028241	supercritical
271.00	74.000	112.33	0.0089022	158.65	224.53	5.1428	0.67751	1.0823	315.65	0.26838	2.0934e-05	0.028298	supercritical
272.00	74.000	111.79	0.0089457	159.41	225.61	5.1468	0.67736	1.0805	316.36	0.26657	2.0985e-05	0.028355	supercritical
273.00	74.000	111.24	0.0089892	160.17	226.69	5.1508	0.67723	1.0787	317.06	0.26477	2.1035e-05	0.028412	supercritical
274.00	74.000	110.71	0.0090325	160.93	227.77	5.1547	0.67709	1.0769	317.76	0.26299	2.1085e-05	0.028470	supercritical
275.00	74.000	110.18	0.0090758	161.68	228.84	5.1586	0.67697	1.0751	318.46	0.26122	2.1135e-05	0.028528	supercritical
276.00	74.000	109.66	0.0091190	162.44	229.92	5.1625	0.67685	1.0734	319.16	0.25947	2.1185e-05	0.028586	supercritical
277.00	74.000	109.15	0.0091620	163.19	230.99	5.1664	0.67674	1.0718	319.85	0.25773	2.1236e-05	0.028644	supercritical
278.00	74.000	108.64	0.0092050	163.94	232.06	5.1703	0.67663	1.0701	320.54	0.25601	2.1286e-05	0.028703	supercritical
279.00	74.000	108.13	0.0092480	164.70	233.13	5.1741	0.67653	1.0685	321.23	0.25430	2.1336e-05	0.028761	supercritical
280.00	74.000	107.63	0.0092908	165.45	234.20	5.1779	0.67643	1.0669	321.91	0.25260	2.1386e-05	0.028820	supercritical
281.00	74.000	107.14	0.0093336	166.20	235.26	5.1817	0.67634	1.0654	322.59	0.25092	2.1436e-05	0.028879	supercritical
282.00	74.000	106.65	0.0093763	166.94	236.33	5.1855	0.67626	1.0639	323.27	0.24926	2.1487e-05	0.028939	supercritical
283.00	74.000	106.17	0.0094189	167.69	237.39	5.1893	0.67618	1.0624	323.94	0.24761	2.1537e-05	0.028998	supercritical
284.00	74.000	105.69	0.0094614	168.44	238.45	5.1930	0.67610	1.0610	324.61	0.24597	2.1587e-05	0.029058	supercritical
285.00	74.000	105.22	0.0095039	169.19	239.51	5.1967	0.67603	1.0595	325.28	0.24434	2.1637e-05	0.029118	supercritical
286.00	74.000	104.75	0.0095463	169.93	240.57	5.2004	0.67597	1.0582	325.95	0.24273	2.1688e-05	0.029178	supercritical
287.00	74.000	104.29	0.0095886	170.67	241.63	5.2041	0.67591	1.0568	326.62	0.24114	2.1738e-05	0.029238	supercritical
288.00	74.000	103.83	0.0096309	171.42	242.69	5.2078	0.67586	1.0555	327.28	0.23955	2.1788e-05	0.029298	supercritical
289.00	74.000	103.38	0.0096731	172.16	243.74	5.2115	0.67581	1.0542	327.94	0.23798	2.1838e-05	0.029358	supercritical
290.00	74.000	102.93	0.0097152	172.90	244.80	5.2151	0.67576	1.0529	328.59	0.23642	2.1888e-05	0.029419	supercritical
291.00	74.000	102.49	0.0097572	173.64	245.85	5.2187	0.67572	1.0516	329.25	0.23487	2.1939e-05	0.029480	supercritical
292.00	74.000	102.05	0.0097992	174.38	246.90	5.2223	0.67569	1.0504	329.90	0.23334	2.1989e-05	0.029541	supercritical
293.00	74.000	101.61	0.0098411	175.12	247.95	5.2259	0.67566	1.0492	330.55	0.23182	2.2039e-05	0.029601	supercritical
294.00	74.000	101.18	0.0098830	175.86	249.00	5.2295	0.67563	1.0480	331.20	0.23031	2.2089e-05	0.029663	supercritical
295.00	74.000	100.76	0.0099248	176.60	250.04	5.2330	0.67561	1.0468	331.84	0.22881	2.2139e-05	0.029724	supercritical
296.00	74.000	100.34	0.0099665	177.34	251.09	5.2366	0.67559	1.0457	332.48	0.22732	2.2189e-05	0.029785	supercritical
297.00	74.000	99.918	0.010008	178.07	252.14	5.2401	0.67558	1.0446	333.12	0.22585	2.2239e-05	0.029846	supercritical
298.00	74.000	99.504	0.010050	178.81	253.18	5.2436	0.67557	1.0435	333.76	0.22438	2.2289e-05	0.029908	supercritical
299.00	74.000	99.095	0.010091	179.55	254.22	5.2471	0.67557	1.0424	334.40	0.22293	2.2339e-05	0.029969	supercritical
300.00	74.000	98.689	0.010133	180.28	255.26	5.2506	0.67557	1.0414	335.03	0.22149	2.2389e-05	0.030031	supercritical
301.00	74.000	98.287	0.010174	181.02	256.31	5.2541	0.67557	1.0403	335.66	0.22006	2.2439e-05	0.030093	supercritical
302.00	74.000	97.889	0.010216	181.75	257.35	5.2575	0.67558	1.0393	336.29	0.21864	2.2489e-05	0.030154	supercritical
303.00	74.000	97.495	0.010257	182.48	258.38	5.2609	0.67559	1.0383	336.91	0.21724	2.2539e-05	0.030216	supercritical
304.00	74.000	97.104	0.010298	183.21	259.42	5.2644	0.67561	1.0374	337.54	0.21584	2.2589e-05	0.030278	supercritical
305.00	74.000	96.717	0.010339	183.95	260.46	5.2678	0.67562	1.0364	338.16	0.21445	2.2639e-05	0.030339	supercritical
306.00	74.000	96.333	0.010381	184.68	261.49	5.2712	0.67565	1.0355	338.78	0.21308	2.2689e-05	0.030401	supercritical
307.00	74.000	95.953	0.010422	185.41	262.53	5.2745	0.67567	1.0346	339.40	0.21171	2.2739e-05	0.030462	supercritical
308.00	74.000	95.577	0.010463	186.14	263.56	5.2779	0.67570	1.0337	340.01	0.21036	2.2789e-05	0.030523	supercritical
309.00	74.000	95.204	0.010504	186.87	264.60	5.2812	0.67574	1.0328	340.63	0.20901	2.2838e-05	0.030582	supercritical
310.00	74.000	94.834	0.010545	187.60	265.63	5.2846	0.67577	1.0319	341.24	0.20768	2.2888e-05	0.030643	supercritical
311.00	74.000	94.468	0.010586	188.33	266.66	5.2879	0.67582	1.0311	341.85	0.20636	2.2938e-05	0.030708	supercritical
312.00	74.000	94.104	0.010627	189.06	267.69	5.2912	0.67586	1.0302	342.45	0.20504	2.2988e-05	0.030772	supercritical
313.00	74.000	93.744	0.010667	189.78	268.72	5.2945	0.67591	1.0294	343.06	0.20374	2.3037e-05	0.030836	supercritical
314.00	74.000	93.388	0.010708	190.51	269.75	5.2978	0.67596	1.0286	343.66	0.20244	2.3087e-05	0.030900	supercritical
315.00	74.000	93.034	0.010749	191.24	270.78	5.3011	0.67601	1.0278	344.26	0.20116	2.3137e-05	0.030965	supercritical
316.00	74.000	92.683	0.010789	191.96	271.81	5.3043	0.67607	1.0271	344.86	0.19988	2.3186e-05	0.031029	supercritical
317.00	74.000	92.336	0.010830	192.69	272.83	5.3076	0.67613	1.0263	345.46	0.19861	2.3236e-05	0.031094	supercritical
318.00	74.000	91.991	0.010871	193.42	273.86	5.3108	0.67620	1.0256	346.06	0.19736	2.3285e-05	0.031158	supercritical
319.00	74.000	91.649	0.010911	194.14	274.88	5.3140	0.67626	1.0248	346.65	0.19611	2.3335e-05	0.031223	supercritical
320.00	74.000	91.311	0.010952	194.87	275.91	5.3172	0.67633	1.0241	347.24	0.19487	2.3384e-05	0.031287	supercritical
321.00	74.000	90.975	0.010992	195.59	276.93	5.3204	0.67641	1.0234	347.83	0.19364	2.3434e-05	0.031352	supercritical
322.00	74.000	90.642	0.011032	196.31	277.95	5.3236	0.67648	1.0227	348.42	0.19241	2.3483e-05	0.031417	supercritical
323.00	74.000	90.311	0.011073	197.04	278.98	5.3268	0.67656	1.0221	349.01	0.19120	2.3532e-05	0.031481	supercritical
324.00	74.000	89.984	0.011113	197.76	280.00	5.3299	0.67665	1.0214	349.59	0.19000	2.3582e-05	0.031546	supercritical
325.00	74.000	89.659	0.011153	198.49	281.02	5.3331	0.67673	1.0208	350.17	0.18880	2.3631e-05	0.031611	supercritical
326.00	74.000	89.336	0.011194	199.21	282.04	5.3362	0.67682	1.0201	350.76	0.18761	2.3680e-05	0.031676	supercritical
327.00	74.000	89.017	0.011234	199.93	283.06	5.3393	0.67691	1.0195	351.33	0.18643	2.3729e-05	0.031741	supercritical
328.00	74.000	88.700	0.011274	200.65	284.08	5.3424	0.67700	1.0189	351.91	0.18526	2.3779e-05	0.031806	supercritical
329.00	74.000	88.385	0.011314	201.37	285.10	5.3455	0.67710	1.0183	352.49	0.18410	2.3828e-05	0.031871	supercritical
330.00	74.000	88.074	0.011354	202.10	286.12	5.3486	0.67720	1.0177	353.06	0.18295	2.3877e-05	0.031936	supercritical
331.00	74.000	87.764	0.011394	202.82	287.13	5.3517	0.67730	1.0172	353.63	0.18180	2.3926e-05	0.032001	supercritical
332.00	74.000	87.457	0.011434	203.54	288.15	5.3548	0.67741	1.0166	354.20	0.18066	2.3975e-05	0.032066	supercritical
333.00	74.000	87.153	0.011474	204.26	289.17	5.3578	0.67752	1.0161	354.77	0.17953	2.4024e-05	0.032131	supercritical
334.00	74.000	86.851	0.011514	204.98	290.18	5.3609	0.67763	1.0155	355.34	0.17841	2.4073e-05	0.032196	supercritical
335.00	74.000	86.551	0.011554	205.70	291.20	5.3639	0.67774	1.0150	355.91	0.17729	2.4122e-05	0.032261	supercritical
336.00	74.000	86.253	0.011594	206.42	292.21	5.3669	0.67786	1.0145	356.47	0.17619	2.4171e-05	0.032327	supercritical
337.00	74.000	85.958	0.011634	207.14	293.23	5.3699	0.67797	1.0140	357.03	0.17509	2.4220e-05	0.032392	supercritical
338.00	74.000	85.665	0.011673	207.86	294.24	5.3730	0.67810	1.0135	357.59	0.17400	2.4268e-05	0.032457	supercritical
339.00	74.000	85.375	0.011713	208.58	295.25	5.3759	0.67822	1.0130	358.15	0.17291	2.4317e-05	0.032523	supercritical
340.00	74.000	85.086	0.011753	209.30	296.27	5.3789	0.67834	1.0125	358.71	0.17183	2.4366e-05	0.032588	supercritical
341.00	74.000	84.800	0.011792	210.01	297.28	5.3819	0.67847	1.0121	359.27	0.17076	2.4415e-05	0.032653	supercritical
342.00	74.000	84.516	0.011832	210.73	298.29	5.3849	0.67860	1.0116	359.82	0.16970	2.4463e-05	0.032719	supercritical
343.00	74.000	84.234	0.011872	211.45	299.30	5.3878	0.67874	1.0112	360.37	0.16864	2.4512e-05	0.032784	supercritical
344.00	74.000	83.954	0.011911	212.17	300.31	5.3908	0.67887	1.0107	360.93	0.16760	2.4561e-05	0.032849	supercritical
345.00	74.000	83.677	0.011951	212.89	301.32	5.3937	0.67901	1.0103	361.48	0.16655	2.4609e-05	0.032915	supercritical
346.00	74.000	83.401	0.011990	213.61	302.33	5.3966	0.67915	1.0099	362.02	0.16552	2.4658e-05	0.032980	supercritical
347.00	74.000	83.127	0.012030	214.32	303.34	5.3995	0.67929	1.0095	362.57	0.16449	2.4706e-05	0.033046	supercritical
348.00	74.000	82.856	0.012069	215.04	304.35	5.4024	0.67944	1.0091	363.12	0.16347	2.4754e-05	0.033111	supercritical
349.00	74.000	82.586	0.012109	215.76	305.36	5.4053	0.67958	1.0087	363.66	0.16246	2.4803e-05	0.033177	supercritical
350.00	74.000	82.318	0.012148	216.48	306.37	5.4082	0.67973	1.0083	364.20	0.16145	2.4851e-05	0.033242	supercritical
351.00	74.000	82.053	0.012187	217.19	307.38	5.4111	0.67989	1.0079	364.74	0.16045	2.4900e-05	0.033308	supercritical
352.00	74.000	81.789	0.012227	217.91	308.39	5.4140	0.68004	1.0075	365.28	0.15945	2.4948e-05	0.033373	supercritical
353.00	74.000	81.527	0.012266	218.63	309.39	5.4168	0.68019	1.0072	365.82	0.15846	2.4996e-05	0.033439	supercritical
354.00	74.000	81.267	0.012305	219.34	310.40	5.4197	0.68035	1.0068	366.36	0.15748	2.5044e-05	0.033505	supercritical
355.00	74.000	81.009	0.012344	220.06	311.41	5.4225	0.68051	1.0065	366.89	0.15651	2.5092e-05	0.033570	supercritical
356.00	74.000	80.752	0.012384	220.77	312.41	5.4253	0.68067	1.0062	367.43	0.15554	2.5140e-05	0.033636	supercritical
357.00	74.000	80.498	0.012423	221.49	313.42	5.4282	0.68084	1.0058	367.96	0.15458	2.5189e-05	0.033701	supercritical
358.00	74.000	80.245	0.012462	222.21	314.42	5.4310	0.68100	1.0055	368.49	0.15362	2.5237e-05	0.033767	supercritical
359.00	74.000	79.994	0.012501	222.92	315.43	5.4338	0.68117	1.0052	369.02	0.15267	2.5285e-05	0.033833	supercritical
360.00	74.000	79.744	0.012540	223.64	316.44	5.4366	0.68134	1.0049	369.55	0.15173	2.5333e-05	0.033898	supercritical
361.00	74.000	79.497	0.012579	224.35	317.44	5.4394	0.68152	1.0046	370.08	0.15079	2.5380e-05	0.033964	supercritical
362.00	74.000	79.251	0.012618	225.07	318.44	5.4421	0.68169	1.0043	370.60	0.14986	2.5428e-05	0.034030	supercritical
363.00	74.000	79.007	0.012657	225.79	319.45	5.4449	0.68187	1.0040	371.13	0.14893	2.5476e-05	0.034095	supercritical
364.00	74.000	78.764	0.012696	226.50	320.45	5.4477	0.68204	1.0038	371.65	0.14801	2.5524e-05	0.034161	supercritical
365.00	74.000	78.523	0.012735	227.22	321.46	5.4504	0.68222	1.0035	372.18	0.14709	2.5572e-05	0.034227	supercritical
366.00	74.000	78.284	0.012774	227.93	322.46	5.4532	0.68240	1.0032	372.70	0.14619	2.5619e-05	0.034292	supercritical
367.00	74.000	78.046	0.012813	228.65	323.46	5.4559	0.68259	1.0030	373.22	0.14528	2.5667e-05	0.034358	supercritical
368.00	74.000	77.810	0.012852	229.36	324.47	5.4586	0.68277	1.0027	373.73	0.14438	2.5715e-05	0.034424	supercritical
369.00	74.000	77.576	0.012891	230.08	325.47	5.4614	0.68296	1.0025	374.25	0.14349	2.5762e-05	0.034489	supercritical
370.00	74.000	77.343	0.012929	230.79	326.47	5.4641	0.68315	1.0023	374.77	0.14261	2.5810e-05	0.034555	supercritical
371.00	74.000	77.112	0.012968	231.51	327.47	5.4668	0.68334	1.0020	375.28	0.14173	2.5857e-05	0.034621	supercritical
372.00	74.000	76.882	0.013007	232.22	328.47	5.4695	0.68353	1.0018	375.79	0.14085	2.5905e-05	0.034686	supercritical
373.00	74.000	76.653	0.013046	232.94	329.48	5.4722	0.68373	1.0016	376.31	0.13998	2.5952e-05	0.034752	supercritical
374.00	74.000	76.427	0.013084	233.65	330.48	5.4748	0.68392	1.0014	376.82	0.13912	2.5999e-05	0.034818	supercritical
375.00	74.000	76.201	0.013123	234.37	331.48	5.4775	0.68412	1.0012	377.33	0.13826	2.6047e-05	0.034883	supercritical
376.00	74.000	75.977	0.013162	235.08	332.48	5.4802	0.68432	1.0010	377.83	0.13740	2.6094e-05	0.034949	supercritical
377.00	74.000	75.755	0.013200	235.80	333.48	5.4828	0.68452	1.0008	378.34	0.13656	2.6141e-05	0.035015	supercritical
378.00	74.000	75.534	0.013239	236.51	334.48	5.4855	0.68472	1.0006	378.85	0.13571	2.6189e-05	0.035081	supercritical
379.00	74.000	75.314	0.013278	237.23	335.48	5.4881	0.68493	1.0004	379.35	0.13487	2.6236e-05	0.035146	supercritical
380.00	74.000	75.096	0.013316	237.94	336.48	5.4908	0.68513	1.0002	379.86	0.13404	2.6283e-05	0.035212	supercritical
381.00	74.000	74.879	0.013355	238.66	337.48	5.4934	0.68534	1.0001	380.36	0.13321	2.6330e-05	0.035278	supercritical
382.00	74.000	74.664	0.013393	239.37	338.48	5.4960	0.68555	0.99990	380.86	0.13239	2.6377e-05	0.035343	supercritical
383.00	74.000	74.450	0.013432	240.09	339.48	5.4986	0.68576	0.99974	381.36	0.13157	2.6424e-05	0.035409	supercritical
384.00	74.000	74.237	0.013470	240.80	340.48	5.5012	0.68597	0.99959	381.86	0.13076	2.6471e-05	0.035475	supercritical
385.00	74.000	74.025	0.013509	241.52	341.48	5.5038	0.68619	0.99944	382.36	0.12995	2.6518e-05	0.035540	supercritical
386.00	74.000	73.815	0.013547	242.23	342.48	5.5064	0.68640	0.99930	382.85	0.12915	2.6565e-05	0.035606	supercritical
387.00	74.000	73.606	0.013586	242.95	343.48	5.5090	0.68662	0.99916	383.35	0.12835	2.6612e-05	0.035672	supercritical
388.00	74.000	73.399	0.013624	243.66	344.48	5.5116	0.68684	0.99903	383.84	0.12756	2.6658e-05	0.035737	supercritical
389.00	74.000	73.193	0.013663	244.38	345.48	5.5142	0.68705	0.99890	384.34	0.12677	2.6705e-05	0.035803	supercritical
390.00	74.000	72.988	0.013701	245.09	346.48	5.5167	0.68728	0.99877	384.83	0.12598	2.6752e-05	0.035869	supercritical
391.00	74.000	72.784	0.013739	245.81	347.48	5.5193	0.68750	0.99866	385.32	0.12520	2.6799e-05	0.035934	supercritical
392.00	74.000	72.582	0.013778	246.52	348.47	5.5218	0.68772	0.99854	385.81	0.12443	2.6845e-05	0.036000	supercritical
393.00	74.000	72.380	0.013816	247.24	349.47	5.5244	0.68795	0.99843	386.30	0.12366	2.6892e-05	0.036066	supercritical
394.00	74.000	72.180	0.013854	247.95	350.47	5.5269	0.68817	0.99833	386.79	0.12289	2.6938e-05	0.036131	supercritical
395.00	74.000	71.981	0.013892	248.67	351.47	5.5294	0.68840	0.99823	387.28	0.12213	2.6985e-05	0.036197	supercritical
396.00	74.000	71.784	0.013931	249.38	352.47	5.5320	0.68863	0.99813	387.76	0.12137	2.7031e-05	0.036263	supercritical
397.00	74.000	71.587	0.013969	250.10	353.47	5.5345	0.68886	0.99804	388.25	0.12062	2.7078e-05	0.036328	supercritical
398.00	74.000	71.392	0.014007	250.81	354.46	5.5370	0.68909	0.99795	388.73	0.11987	2.7124e-05	0.036394	supercritical
399.00	74.000	71.198	0.014045	251.53	355.46	5.5395	0.68932	0.99787	389.21	0.11913	2.7171e-05	0.036459	supercritical
400.00	74.000	71.005	0.014084	252.24	356.46	5.5420	0.68956	0.99779	389.70	0.11839	2.7217e-05	0.036525	supercritical
401.00	74.000	70.813	0.014122	252.96	357.46	5.5445	0.68979	0.99772	390.18	0.11766	2.7263e-05	0.036590	supercritical
402.00	74.000	70.622	0.014160	253.67	358.45	5.5470	0.69003	0.99765	390.66	0.11693	2.7309e-05	0.036656	supercritical
403.00	74.000	70.433	0.014198	254.39	359.45	5.5495	0.69027	0.99759	391.14	0.11620	2.7356e-05	0.036722	supercritical
404.00	74.000	70.244	0.014236	255.10	360.45	5.5519	0.69051	0.99753	391.61	0.11548	2.7402e-05	0.036787	supercritical
405.00	74.000	70.057	0.014274	255.82	361.45	5.5544	0.69075	0.99747	392.09	0.11476	2.7448e-05	0.036853	supercritical
406.00	74.000	69.871	0.014312	256.54	362.45	5.5569	0.69099	0.99741	392.57	0.11405	2.7494e-05	0.036918	supercritical
407.00	74.000	69.685	0.014350	257.25	363.44	5.5593	0.69123	0.99737	393.04	0.11334	2.7540e-05	0.036984	supercritical
408.00	74.000	69.501	0.014388	257.97	364.44	5.5618	0.69147	0.99732	393.52	0.11263	2.7586e-05	0.037049	supercritical
409.00	74.000	69.318	0.014426	258.68	365.44	5.5642	0.69172	0.99728	393.99	0.11193	2.7632e-05	0.037115	supercritical
410.00	74.000	69.136	0.014464	259.40	366.43	5.5666	0.69196	0.99724	394.46	0.11123	2.7678e-05	0.037180	supercritical
411.00	74.000	68.955	0.014502	260.12	367.43	5.5691	0.69221	0.99721	394.93	0.11054	2.7724e-05	0.037246	supercritical
412.00	74.000	68.775	0.014540	260.83	368.43	5.5715	0.69246	0.99718	395.40	0.10985	2.7769e-05	0.037311	supercritical
413.00	74.000	68.596	0.014578	261.55	369.43	5.5739	0.69271	0.99715	395.87	0.10916	2.7815e-05	0.037377	supercritical
414.00	74.000	68.418	0.014616	262.26	370.42	5.5763	0.69296	0.99713	396.34	0.10848	2.7861e-05	0.037442	supercritical
415.00	74.000	68.241	0.014654	262.98	371.42	5.5787	0.69321	0.99711	396.81	0.10780	2.7907e-05	0.037507	supercritical
416.00	74.000	68.065	0.014692	263.70	372.42	5.5811	0.69346	0.99709	397.28	0.10713	2.7952e-05	0.037573	supercritical
417.00	74.000	67.890	0.014730	264.41	373.41	5.5835	0.69372	0.99708	397.74	0.10646	2.7998e-05	0.037638	supercritical
418.00	74.000	67.716	0.014768	265.13	374.41	5.5859	0.69397	0.99707	398.21	0.10579	2.8043e-05	0.037704	supercritical
419.00	74.000	67.543	0.014805	265.85	375.41	5.5883	0.69423	0.99706	398.67	0.10513	2.8089e-05	0.037769	supercritical
420.00	74.000	67.371	0.014843	266.57	376.41	5.5907	0.69448	0.99706	399.13	0.10447	2.8135e-05	0.037834	supercritical
421.00	74.000	67.200	0.014881	267.28	377.40	5.5930	0.69474	0.99706	399.59	0.10382	2.8180e-05	0.037900	supercritical
422.00	74.000	67.029	0.014919	268.00	378.40	5.5954	0.69500	0.99706	400.06	0.10316	2.8225e-05	0.037965	supercritical
423.00	74.000	66.860	0.014957	268.72	379.40	5.5978	0.69526	0.99707	400.52	0.10252	2.8271e-05	0.038030	supercritical
424.00	74.000	66.692	0.014994	269.44	380.39	5.6001	0.69552	0.99708	400.98	0.10187	2.8316e-05	0.038096	supercritical
425.00	74.000	66.524	0.015032	270.15	381.39	5.6025	0.69578	0.99709	401.43	0.10123	2.8361e-05	0.038161	supercritical
426.00	74.000	66.357	0.015070	270.87	382.39	5.6048	0.69604	0.99711	401.89	0.10059	2.8407e-05	0.038226	supercritical
427.00	74.000	66.192	0.015108	271.59	383.39	5.6071	0.69630	0.99713	402.35	0.099961	2.8452e-05	0.038291	supercritical
428.00	74.000	66.027	0.015145	272.31	384.38	5.6095	0.69656	0.99715	402.80	0.099331	2.8497e-05	0.038357	supercritical
429.00	74.000	65.863	0.015183	273.03	385.38	5.6118	0.69683	0.99718	403.26	0.098704	2.8542e-05	0.038422	supercritical
430.00	74.000	65.700	0.015221	273.74	386.38	5.6141	0.69709	0.99720	403.71	0.098081	2.8587e-05	0.038487	supercritical
431.00	74.000	65.538	0.015258	274.46	387.37	5.6164	0.69736	0.99723	404.17	0.097461	2.8632e-05	0.038552	supercritical
432.00	74.000	65.377	0.015296	275.18	388.37	5.6188	0.69763	0.99727	404.62	0.096845	2.8677e-05	0.038617	supercritical
433.00	74.000	65.216	0.015334	275.90	389.37	5.6211	0.69789	0.99731	405.07	0.096232	2.8722e-05	0.038683	supercritical
434.00	74.000	65.056	0.015371	276.62	390.37	5.6234	0.69816	0.99734	405.52	0.095622	2.8767e-05	0.038748	supercritical
435.00	74.000	64.898	0.015409	277.34	391.36	5.6257	0.69843	0.99739	405.97	0.095016	2.8812e-05	0.038813	supercritical
436.00	74.000	64.740	0.015446	278.06	392.36	5.6279	0.69870	0.99743	406.42	0.094413	2.8857e-05	0.038878	supercritical
437.00	74.000	64.583	0.015484	278.78	393.36	5.6302	0.69897	0.99748	406.87	0.093813	2.8902e-05	0.038943	supercritical
438.00	74.000	64.426	0.015522	279.50	394.36	5.6325	0.69924	0.99753	407.32	0.093217	2.8947e-05	0.039008	supercritical
439.00	74.000	64.271	0.015559	280.22	395.35	5.6348	0.69951	0.99758	407.77	0.092624	2.8992e-05	0.039073	supercritical
440.00	74.000	64.116	0.015597	280.93	396.35	5.6371	0.69979	0.99764	408.21	0.092034	2.9036e-05	0.039138	supercritical
441.00	74.000	63.962	0.015634	281.65	397.35	5.6393	0.70006	0.99770	408.66	0.091447	2.9081e-05	0.039203	supercritical
442.00	74.000	63.809	0.015672	282.38	398.35	5.6416	0.70034	0.99776	409.10	0.090863	2.9126e-05	0.039268	supercritical
443.00	74.000	63.657	0.015709	283.10	399.34	5.6438	0.70061	0.99782	409.55	0.090283	2.9170e-05	0.039333	supercritical
444.00	74.000	63.505	0.015747	283.82	400.34	5.6461	0.70089	0.99788	409.99	0.089706	2.9215e-05	0.039398	supercritical
445.00	74.000	63.354	0.015784	284.54	401.34	5.6483	0.70116	0.99795	410.43	0.089131	2.9259e-05	0.039463	supercritical
446.00	74.000	63.204	0.015822	285.26	402.34	5.6506	0.70144	0.99802	410.87	0.088560	2.9304e-05	0.039528	supercritical
447.00	74.000	63.055	0.015859	285.98	403.34	5.6528	0.70172	0.99809	411.31	0.087992	2.9348e-05	0.039593	supercritical
448.00	74.000	62.907	0.015897	286.70	404.33	5.6550	0.70199	0.99817	411.75	0.087427	2.9393e-05	0.039658	supercritical
449.00	74.000	62.759	0.015934	287.42	405.33	5.6573	0.70227	0.99825	412.19	0.086865	2.9437e-05	0.039723	supercritical
450.00	74.000	62.612	0.015971	288.14	406.33	5.6595	0.70255	0.99832	412.63	0.086306	2.9481e-05	0.039788	supercritical
451.00	74.000	62.466	0.016009	288.86	407.33	5.6617	0.70283	0.99841	413.07	0.085750	2.9526e-05	0.039853	supercritical
452.00	74.000	62.320	0.016046	289.59	408.33	5.6639	0.70311	0.99849	413.51	0.085197	2.9570e-05	0.039917	supercritical
453.00	74.000	62.175	0.016084	290.31	409.33	5.6661	0.70339	0.99858	413.94	0.084647	2.9614e-05	0.039982	supercritical
454.00	74.000	62.031	0.016121	291.03	410.32	5.6683	0.70368	0.99866	414.38	0.084099	2.9658e-05	0.040047	supercritical
455.00	74.000	61.888	0.016158	291.75	411.32	5.6705	0.70396	0.99875	414.81	0.083555	2.9703e-05	0.040112	supercritical
456.00	74.000	61.745	0.016196	292.47	412.32	5.6727	0.70424	0.99885	415.25	0.083014	2.9747e-05	0.040177	supercritical
457.00	74.000	61.603	0.016233	293.20	413.32	5.6749	0.70452	0.99894	415.68	0.082475	2.9791e-05	0.040241	supercritical
458.00	74.000	61.462	0.016270	293.92	414.32	5.6771	0.70481	0.99904	416.11	0.081939	2.9835e-05	0.040306	supercritical
459.00	74.000	61.321	0.016308	294.64	415.32	5.6793	0.70509	0.99913	416.55	0.081406	2.9879e-05	0.040371	supercritical
460.00	74.000	61.181	0.016345	295.37	416.32	5.6814	0.70538	0.99924	416.98	0.080876	2.9923e-05	0.040435	supercritical
461.00	74.000	61.042	0.016382	296.09	417.32	5.6836	0.70566	0.99934	417.41	0.080349	2.9967e-05	0.040500	supercritical
462.00	74.000	60.903	0.016419	296.81	418.32	5.6858	0.70595	0.99944	417.84	0.079824	3.0011e-05	0.040565	supercritical
463.00	74.000	60.766	0.016457	297.54	419.32	5.6879	0.70623	0.99955	418.27	0.079302	3.0054e-05	0.040629	supercritical
464.00	74.000	60.628	0.016494	298.26	420.32	5.6901	0.70652	0.99966	418.69	0.078783	3.0098e-05	0.040694	supercritical
465.00	74.000	60.492	0.016531	298.98	421.32	5.6922	0.70681	0.99977	419.12	0.078266	3.0142e-05	0.040759	supercritical
466.00	74.000	60.356	0.016568	299.71	422.32	5.6944	0.70710	0.99988	419.55	0.077753	3.0186e-05	0.040823	supercritical
467.00	74.000	60.221	0.016606	300.43	423.32	5.6965	0.70738	0.99999	419.98	0.077241	3.0229e-05	0.040888	supercritical
468.00	74.000	60.086	0.016643	301.16	424.32	5.6987	0.70767	1.0001	420.40	0.076733	3.0273e-05	0.040952	supercritical
469.00	74.000	59.952	0.016680	301.88	425.32	5.7008	0.70796	1.0002	420.83	0.076227	3.0317e-05	0.041017	supercritical
470.00	74.000	59.819	0.016717	302.61	426.32	5.7029	0.70825	1.0003	421.25	0.075724	3.0360e-05	0.041081	supercritical
471.00	74.000	59.686	0.016754	303.33	427.32	5.7051	0.70854	1.0005	421.68	0.075223	3.0404e-05	0.041146	supercritical
472.00	74.000	59.554	0.016792	304.06	428.32	5.7072	0.70883	1.0006	422.10	0.074725	3.0447e-05	0.041210	supercritical
473.00	74.000	59.422	0.016829	304.78	429.32	5.7093	0.70912	1.0007	422.52	0.074230	3.0491e-05	0.041275	supercritical
474.00	74.000	59.291	0.016866	305.51	430.32	5.7114	0.70941	1.0008	422.94	0.073737	3.0534e-05	0.041339	supercritical
475.00	74.000	59.161	0.016903	306.24	431.32	5.7135	0.70970	1.0010	423.36	0.073246	3.0578e-05	0.041403	supercritical
476.00	74.000	59.031	0.016940	306.96	432.32	5.7156	0.70999	1.0011	423.79	0.072758	3.0621e-05	0.041468	supercritical
477.00	74.000	58.902	0.016977	307.69	433.32	5.7177	0.71029	1.0012	424.20	0.072273	3.0664e-05	0.041532	supercritical
478.00	74.000	58.774	0.017014	308.42	434.32	5.7198	0.71058	1.0013	424.62	0.071790	3.0708e-05	0.041596	supercritical
479.00	74.000	58.646	0.017051	309.14	435.32	5.7219	0.71087	1.0015	425.04	0.071309	3.0751e-05	0.041661	supercritical
480.00	74.000	58.519	0.017089	309.87	436.33	5.7240	0.71116	1.0016	425.46	0.070831	3.0794e-05	0.041725	supercritical
481.00	74.000	58.392	0.017126	310.60	437.33	5.7261	0.71146	1.0018	425.88	0.070355	3.0837e-05	0.041789	supercritical
482.00	74.000	58.266	0.017163	311.33	438.33	5.7282	0.71175	1.0019	426.30	0.069882	3.0881e-05	0.041853	supercritical
483.00	74.000	58.141	0.017200	312.05	439.33	5.7302	0.71204	1.0020	426.71	0.069411	3.0924e-05	0.041918	supercritical
484.00	74.000	58.016	0.017237	312.78	440.33	5.7323	0.71234	1.0022	427.13	0.068943	3.0967e-05	0.041982	supercritical
485.00	74.000	57.891	0.017274	313.51	441.34	5.7344	0.71263	1.0023	427.54	0.068477	3.1010e-05	0.042046	supercritical
486.00	74.000	57.767	0.017311	314.24	442.34	5.7365	0.71293	1.0025	427.96	0.068013	3.1053e-05	0.042110	supercritical
487.00	74.000	57.644	0.017348	314.97	443.34	5.7385	0.71322	1.0026	428.37	0.067552	3.1096e-05	0.042174	supercritical
488.00	74.000	57.521	0.017385	315.69	444.34	5.7406	0.71352	1.0027	428.78	0.067092	3.1139e-05	0.042239	supercritical
489.00	74.000	57.399	0.017422	316.42	445.35	5.7426	0.71381	1.0029	429.20	0.066636	3.1182e-05	0.042303	supercritical
490.00	74.000	57.278	0.017459	317.15	446.35	5.7447	0.71411	1.0030	429.61	0.066181	3.1225e-05	0.042367	supercritical
491.00	74.000	57.157	0.017496	317.88	447.35	5.7467	0.71440	1.0032	430.02	0.065729	3.1267e-05	0.042431	supercritical
492.00	74.000	57.036	0.017533	318.61	448.35	5.7488	0.71470	1.0033	430.43	0.065279	3.1310e-05	0.042495	supercritical
493.00	74.000	56.916	0.017570	319.34	449.36	5.7508	0.71499	1.0035	430.84	0.064831	3.1353e-05	0.042559	supercritical
494.00	74.000	56.797	0.017607	320.07	450.36	5.7528	0.71529	1.0037	431.25	0.064386	3.1396e-05	0.042623	supercritical
495.00	74.000	56.678	0.017644	320.80	451.37	5.7549	0.71559	1.0038	431.66	0.063942	3.1438e-05	0.042687	supercritical
496.00	74.000	56.559	0.017681	321.53	452.37	5.7569	0.71588	1.0040	432.07	0.063501	3.1481e-05	0.042751	supercritical
497.00	74.000	56.441	0.017717	322.26	453.37	5.7589	0.71618	1.0041	432.47	0.063062	3.1524e-05	0.042815	supercritical
498.00	74.000	56.324	0.017754	322.99	454.38	5.7609	0.71648	1.0043	432.88	0.062625	3.1566e-05	0.042879	supercritical
499.00	74.000	56.207	0.017791	323.73	455.38	5.7629	0.71678	1.0044	433.29	0.062191	3.1609e-05	0.042943	supercritical
500.00	74.000	56.091	0.017828	324.46	456.39	5.7650	0.71707	1.0046	433.69	0.061758	3.1651e-05	0.043006	supercritical
501.00	74.000	55.975	0.017865	325.19	457.39	5.7670	0.71737	1.0048	434.10	0.061328	3.1694e-05	0.043070	supercritical
502.00	74.000	55.860	0.017902	325.92	458.40	5.7690	0.71767	1.0049	434.50	0.060900	3.1736e-05	0.043134	supercritical
503.00	74.000	55.745	0.017939	326.65	459.40	5.7710	0.71797	1.0051	434.91	0.060474	3.1779e-05	0.043198	supercritical
504.00	74.000	55.631	0.017976	327.39	460.41	5.7730	0.71826	1.0053	435.31	0.060050	3.1821e-05	0.043262	supercritical
505.00	74.000	55.517	0.018013	328.12	461.41	5.7750	0.71856	1.0054	435.72	0.059628	3.1864e-05	0.043325	supercritical
506.00	74.000	55.403	0.018049	328.85	462.42	5.7769	0.71886	1.0056	436.12	0.059208	3.1906e-05	0.043389	supercritical
507.00	74.000	55.290	0.018086	329.58	463.42	5.7789	0.71916	1.0058	436.52	0.058790	3.1948e-05	0.043453	supercritical
508.00	74.000	55.178	0.018123	330.32	464.43	5.7809	0.71946	1.0059	436.92	0.058374	3.1990e-05	0.043517	supercritical
509.00	74.000	55.066	0.018160	331.05	465.43	5.7829	0.71975	1.0061	437.32	0.057960	3.2033e-05	0.043580	supercritical
510.00	74.000	54.955	0.018197	331.78	466.44	5.7849	0.72005	1.0063	437.72	0.057549	3.2075e-05	0.043644	supercritical
511.00	74.000	54.844	0.018234	332.52	467.45	5.7868	0.72035	1.0064	438.12	0.057139	3.2117e-05	0.043708	supercritical
512.00	74.000	54.733	0.018270	333.25	468.45	5.7888	0.72065	1.0066	438.52	0.056731	3.2159e-05	0.043771	supercritical
513.00	74.000	54.623	0.018307	333.99	469.46	5.7908	0.72095	1.0068	438.92	0.056325	3.2201e-05	0.043835	supercritical
514.00	74.000	54.514	0.018344	334.72	470.47	5.7927	0.72125	1.0070	439.32	0.055921	3.2243e-05	0.043898	supercritical
515.00	74.000	54.405	0.018381	335.46	471.47	5.7947	0.72155	1.0071	439.72	0.055519	3.2285e-05	0.043962	supercritical
516.00	74.000	54.296	0.018418	336.19	472.48	5.7966	0.72185	1.0073	440.12	0.055119	3.2327e-05	0.044026	supercritical
517.00	74.000	54.188	0.018454	336.93	473.49	5.7986	0.72215	1.0075	440.51	0.054721	3.2369e-05	0.044089	supercritical
518.00	74.000	54.080	0.018491	337.66	474.50	5.8005	0.72244	1.0077	440.91	0.054325	3.2411e-05	0.044153	supercritical
519.00	74.000	53.973	0.018528	338.40	475.50	5.8025	0.72274	1.0079	441.31	0.053931	3.2453e-05	0.044216	supercritical
520.00	74.000	53.866	0.018565	339.13	476.51	5.8044	0.72304	1.0080	441.70	0.053539	3.2495e-05	0.044279	supercritical
521.00	74.000	53.760	0.018601	339.87	477.52	5.8064	0.72334	1.0082	442.10	0.053148	3.2537e-05	0.044343	supercritical
522.00	74.000	53.654	0.018638	340.61	478.53	5.8083	0.72364	1.0084	442.49	0.052760	3.2579e-05	0.044406	supercritical
523.00	74.000	53.548	0.018675	341.34	479.54	5.8102	0.72394	1.0086	442.88	0.052373	3.2620e-05	0.044470	supercritical
524.00	74.000	53.443	0.018711	342.08	480.55	5.8121	0.72424	1.0088	443.28	0.051988	3.2662e-05	0.044533	supercritical
525.00	74.000	53.339	0.018748	342.82	481.55	5.8141	0.72454	1.0089	443.67	0.051605	3.2704e-05	0.044596	supercritical
526.00	74.000	53.234	0.018785	343.56	482.56	5.8160	0.72484	1.0091	444.06	0.051223	3.2745e-05	0.044660	supercritical
527.00	74.000	53.131	0.018822	344.29	483.57	5.8179	0.72514	1.0093	444.46	0.050844	3.2787e-05	0.044723	supercritical
528.00	74.000	53.027	0.018858	345.03	484.58	5.8198	0.72544	1.0095	444.85	0.050466	3.2829e-05	0.044786	supercritical
529.00	74.000	52.924	0.018895	345.77	485.59	5.8217	0.72573	1.0097	445.24	0.050090	3.2870e-05	0.044849	supercritical
530.00	74.000	52.822	0.018932	346.51	486.60	5.8236	0.72603	1.0099	445.63	0.049716	3.2912e-05	0.044913	supercritical
531.00	74.000	52.720	0.018968	347.25	487.61	5.8255	0.72633	1.0101	446.02	0.049344	3.2953e-05	0.044976	supercritical
532.00	74.000	52.618	0.019005	347.99	488.62	5.8274	0.72663	1.0103	446.41	0.048973	3.2995e-05	0.045039	supercritical
533.00	74.000	52.517	0.019042	348.72	489.63	5.8293	0.72693	1.0105	446.80	0.048604	3.3036e-05	0.045102	supercritical
534.00	74.000	52.416	0.019078	349.46	490.64	5.8312	0.72723	1.0106	447.18	0.048237	3.3077e-05	0.045165	supercritical
535.00	74.000	52.315	0.019115	350.20	491.65	5.8331	0.72753	1.0108	447.57	0.047872	3.3119e-05	0.045229	supercritical
536.00	74.000	52.215	0.019151	350.94	492.66	5.8350	0.72783	1.0110	447.96	0.047508	3.3160e-05	0.045292	supercritical
537.00	74.000	52.116	0.019188	351.68	493.68	5.8369	0.72813	1.0112	448.35	0.047146	3.3201e-05	0.045355	supercritical
538.00	74.000	52.016	0.019225	352.42	494.69	5.8388	0.72842	1.0114	448.73	0.046786	3.3243e-05	0.045418	supercritical
539.00	74.000	51.918	0.019261	353.16	495.70	5.8407	0.72872	1.0116	449.12	0.046427	3.3284e-05	0.045481	supercritical
540.00	74.000	51.819	0.019298	353.91	496.71	5.8425	0.72902	1.0118	449.51	0.046070	3.3325e-05	0.045544	supercritical
541.00	74.000	51.721	0.019335	354.65	497.72	5.8444	0.72932	1.0120	449.89	0.045715	3.3366e-05	0.045607	supercritical
542.00	74.000	51.623	0.019371	355.39	498.73	5.8463	0.72962	1.0122	450.27	0.045361	3.3408e-05	0.045670	supercritical
543.00	74.000	51.526	0.019408	356.13	499.75	5.8481	0.72992	1.0124	450.66	0.045009	3.3449e-05	0.045733	supercritical
544.00	74.000	51.429	0.019444	356.87	500.76	5.8500	0.73021	1.0126	451.04	0.044659	3.3490e-05	0.045796	supercritical
545.00	74.000	51.333	0.019481	357.61	501.77	5.8519	0.73051	1.0128	451.43	0.044310	3.3531e-05	0.045859	supercritical
546.00	74.000	51.236	0.019517	358.36	502.78	5.8537	0.73081	1.0130	451.81	0.043963	3.3572e-05	0.045921	supercritical
547.00	74.000	51.141	0.019554	359.10	503.80	5.8556	0.73111	1.0132	452.19	0.043617	3.3613e-05	0.045984	supercritical
548.00	74.000	51.045	0.019591	359.84	504.81	5.8574	0.73140	1.0134	452.57	0.043273	3.3654e-05	0.046047	supercritical
549.00	74.000	50.950	0.019627	360.58	505.82	5.8593	0.73170	1.0136	452.96	0.042931	3.3695e-05	0.046110	supercritical
550.00	74.000	50.855	0.019664	361.33	506.84	5.8611	0.73200	1.0138	453.34	0.042590	3.3736e-05	0.046173	supercritical
551.00	74.000	50.761	0.019700	362.07	507.85	5.8630	0.73230	1.0140	453.72	0.042251	3.3776e-05	0.046236	supercritical
552.00	74.000	50.667	0.019737	362.81	508.87	5.8648	0.73259	1.0142	454.10	0.041913	3.3817e-05	0.046298	supercritical
553.00	74.000	50.574	0.019773	363.56	509.88	5.8666	0.73289	1.0144	454.48	0.041577	3.3858e-05	0.046361	supercritical
554.00	74.000	50.480	0.019810	364.30	510.89	5.8685	0.73319	1.0146	454.86	0.041242	3.3899e-05	0.046424	supercritical
555.00	74.000	50.387	0.019846	365.05	511.91	5.8703	0.73348	1.0148	455.23	0.040909	3.3940e-05	0.046486	supercritical
556.00	74.000	50.295	0.019883	365.79	512.92	5.8721	0.73378	1.0150	455.61	0.040578	3.3980e-05	0.046549	supercritical
557.00	74.000	50.203	0.019919	366.54	513.94	5.8739	0.73408	1.0152	455.99	0.040248	3.4021e-05	0.046612	supercritical
558.00	74.000	50.111	0.019956	367.28	514.95	5.8758	0.73437	1.0154	456.37	0.039919	3.4062e-05	0.046674	supercritical
559.00	74.000	50.020	0.019992	368.03	515.97	5.8776	0.73467	1.0156	456.75	0.039592	3.4102e-05	0.046737	supercritical
560.00	74.000	49.928	0.020029	368.77	516.99	5.8794	0.73497	1.0158	457.12	0.039266	3.4143e-05	0.046799	supercritical
561.00	74.000	49.838	0.020065	369.52	518.00	5.8812	0.73526	1.0160	457.50	0.038942	3.4183e-05	0.046862	supercritical
562.00	74.000	49.747	0.020102	370.27	519.02	5.8830	0.73556	1.0162	457.88	0.038619	3.4224e-05	0.046925	supercritical
563.00	74.000	49.657	0.020138	371.01	520.03	5.8848	0.73585	1.0164	458.25	0.038298	3.4265e-05	0.046987	supercritical
564.00	74.000	49.567	0.020175	371.76	521.05	5.8866	0.73615	1.0166	458.63	0.037978	3.4305e-05	0.047050	supercritical
565.00	74.000	49.478	0.020211	372.51	522.07	5.8884	0.73644	1.0168	459.00	0.037660	3.4345e-05	0.047112	supercritical
566.00	74.000	49.389	0.020247	373.25	523.08	5.8902	0.73674	1.0170	459.37	0.037343	3.4386e-05	0.047174	supercritical
567.00	74.000	49.300	0.020284	374.00	524.10	5.8920	0.73703	1.0172	459.75	0.037027	3.4426e-05	0.047237	supercritical
568.00	74.000	49.212	0.020320	374.75	525.12	5.8938	0.73733	1.0175	460.12	0.036713	3.4467e-05	0.047299	supercritical
569.00	74.000	49.124	0.020357	375.50	526.14	5.8956	0.73762	1.0177	460.49	0.036401	3.4507e-05	0.047362	supercritical
570.00	74.000	49.036	0.020393	376.24	527.15	5.8974	0.73791	1.0179	460.87	0.036089	3.4547e-05	0.047424	supercritical
571.00	74.000	48.949	0.020430	376.99	528.17	5.8992	0.73821	1.0181	461.24	0.035779	3.4587e-05	0.047486	supercritical
572.00	74.000	48.862	0.020466	377.74	529.19	5.9010	0.73850	1.0183	461.61	0.035471	3.4628e-05	0.047549	supercritical
573.00	74.000	48.775	0.020502	378.49	530.21	5.9027	0.73879	1.0185	461.98	0.035164	3.4668e-05	0.047611	supercritical
574.00	74.000	48.688	0.020539	379.24	531.23	5.9045	0.73909	1.0187	462.35	0.034858	3.4708e-05	0.047673	supercritical
575.00	74.000	48.602	0.020575	379.99	532.25	5.9063	0.73938	1.0189	462.72	0.034553	3.4748e-05	0.047736	supercritical
576.00	74.000	48.516	0.020612	380.74	533.27	5.9081	0.73967	1.0191	463.09	0.034250	3.4788e-05	0.047798	supercritical
577.00	74.000	48.431	0.020648	381.49	534.28	5.9098	0.73997	1.0193	463.46	0.033948	3.4828e-05	0.047860	supercritical
578.00	74.000	48.346	0.020684	382.24	535.30	5.9116	0.74026	1.0195	463.83	0.033648	3.4869e-05	0.047922	supercritical
579.00	74.000	48.261	0.020721	382.99	536.32	5.9134	0.74055	1.0198	464.20	0.033349	3.4909e-05	0.047984	supercritical
580.00	74.000	48.176	0.020757	383.74	537.34	5.9151	0.74084	1.0200	464.57	0.033051	3.4949e-05	0.048046	supercritical
581.00	74.000	48.092	0.020793	384.49	538.36	5.9169	0.74113	1.0202	464.94	0.032754	3.4989e-05	0.048109	supercritical
582.00	74.000	48.008	0.020830	385.24	539.38	5.9186	0.74142	1.0204	465.31	0.032459	3.5028e-05	0.048171	supercritical
583.00	74.000	47.924	0.020866	385.99	540.40	5.9204	0.74171	1.0206	465.67	0.032165	3.5068e-05	0.048233	supercritical
584.00	74.000	47.841	0.020903	386.75	541.43	5.9221	0.74201	1.0208	466.04	0.031873	3.5108e-05	0.048295	supercritical
585.00	74.000	47.758	0.020939	387.50	542.45	5.9239	0.74230	1.0210	466.41	0.031581	3.5148e-05	0.048357	supercritical
586.00	74.000	47.675	0.020975	388.25	543.47	5.9256	0.74259	1.0212	466.77	0.031291	3.5188e-05	0.048419	supercritical
587.00	74.000	47.593	0.021012	389.00	544.49	5.9274	0.74288	1.0215	467.14	0.031002	3.5228e-05	0.048481	supercritical
588.00	74.000	47.511	0.021048	389.76	545.51	5.9291	0.74317	1.0217	467.51	0.030715	3.5268e-05	0.048543	supercritical
589.00	74.000	47.429	0.021084	390.51	546.53	5.9308	0.74346	1.0219	467.87	0.030428	3.5307e-05	0.048605	supercritical
590.00	74.000	47.347	0.021121	391.26	547.55	5.9326	0.74374	1.0221	468.24	0.030143	3.5347e-05	0.048667	supercritical
591.00	74.000	47.266	0.021157	392.02	548.58	5.9343	0.74403	1.0223	468.60	0.029860	3.5387e-05	0.048729	supercritical
592.00	74.000	47.185	0.021193	392.77	549.60	5.9360	0.74432	1.0225	468.96	0.029577	3.5426e-05	0.048791	supercritical
593.00	74.000	47.104	0.021229	393.52	550.62	5.9378	0.74461	1.0227	469.33	0.029295	3.5466e-05	0.048852	supercritical
594.00	74.000	47.024	0.021266	394.28	551.64	5.9395	0.74490	1.0229	469.69	0.029015	3.5506e-05	0.048914	supercritical
595.00	74.000	46.944	0.021302	395.03	552.67	5.9412	0.74519	1.0232	470.05	0.028736	3.5545e-05	0.048976	supercritical
596.00	74.000	46.864	0.021338	395.79	553.69	5.9429	0.74547	1.0234	470.42	0.028459	3.5585e-05	0.049038	supercritical
597.00	74.000	46.784	0.021375	396.54	554.71	5.9446	0.74576	1.0236	470.78	0.028182	3.5624e-05	0.049100	supercritical
598.00	74.000	46.705	0.021411	397.30	555.74	5.9464	0.74605	1.0238	471.14	0.027907	3.5664e-05	0.049161	supercritical
599.00	74.000	46.626	0.021447	398.05	556.76	5.9481	0.74633	1.0240	471.50	0.027632	3.5703e-05	0.049223	supercritical
600.00	74.000	46.547	0.021484	398.81	557.79	5.9498	0.74662	1.0242	471.86	0.027359	3.5743e-05	0.049285	supercritical
