Temperature (K)	Pressure (bar)	Density (kg/m3)	Volume (m3/kg)	Internal Energy (kJ/kg)	Enthalpy (kJ/kg)	Entropy (J/g*K)	Cv (J/g*K)	Cp (J/g*K)	Sound Spd. (m/s)	Joule-Thomson (K/bar)	Viscosity (Pa*s)	Therm. Cond. (W/m*K)	Phase
60.000	93.000	1292.9	0.00077345	-185.61	-178.42	2.2329	1.0921	1.6542	1152.7	-0.037588	0.00062191	0.19768	liquid
61.000	93.000	1288.7	0.00077599	-183.98	-176.76	2.2603	1.0839	1.6563	1148.8	-0.037430	0.00059264	0.19635	liquid
62.000	93.000	1284.4	0.00077856	-182.35	-175.10	2.2872	1.0765	1.6580	1144.2	-0.037288	0.00056532	0.19502	liquid
63.000	93.000	1280.1	0.00078116	-180.71	-173.45	2.3138	1.0698	1.6593	1139.0	-0.037159	0.00053980	0.19369	liquid
64.000	93.000	1275.9	0.00078379	-179.08	-171.79	2.3399	1.0636	1.6602	1133.3	-0.037041	0.00051595	0.19236	liquid
65.000	93.000	1271.6	0.00078644	-177.44	-170.13	2.3657	1.0578	1.6608	1127.3	-0.036932	0.00049365	0.19103	liquid
66.000	93.000	1267.3	0.00078911	-175.80	-168.46	2.3910	1.0523	1.6611	1121.0	-0.036831	0.00047278	0.18970	liquid
67.000	93.000	1262.9	0.00079181	-174.17	-166.80	2.4160	1.0470	1.6613	1114.4	-0.036734	0.00045324	0.18837	liquid
68.000	93.000	1258.6	0.00079453	-172.53	-165.14	2.4406	1.0419	1.6612	1107.7	-0.036641	0.00043493	0.18704	liquid
69.000	93.000	1254.3	0.00079727	-170.90	-163.48	2.4649	1.0369	1.6609	1100.8	-0.036550	0.00041775	0.18571	liquid
70.000	93.000	1249.9	0.00080004	-169.26	-161.82	2.4888	1.0321	1.6606	1093.8	-0.036460	0.00040162	0.18439	liquid
71.000	93.000	1245.6	0.00080283	-167.63	-160.16	2.5123	1.0273	1.6601	1086.7	-0.036369	0.00038645	0.18306	liquid
72.000	93.000	1241.2	0.00080565	-165.99	-158.50	2.5355	1.0226	1.6596	1079.5	-0.036277	0.00037219	0.18173	liquid
73.000	93.000	1236.9	0.00080849	-164.36	-156.84	2.5584	1.0180	1.6590	1072.3	-0.036181	0.00035876	0.18040	liquid
74.000	93.000	1232.5	0.00081136	-162.73	-155.18	2.5810	1.0135	1.6585	1065.0	-0.036083	0.00034610	0.17907	liquid
75.000	93.000	1228.1	0.00081425	-161.10	-153.52	2.6032	1.0090	1.6580	1057.7	-0.035980	0.00033416	0.17775	liquid
76.000	93.000	1223.7	0.00081716	-159.47	-151.87	2.6252	1.0045	1.6574	1050.4	-0.035872	0.00032288	0.17642	liquid
77.000	93.000	1219.4	0.00082010	-157.84	-150.21	2.6469	1.0001	1.6570	1043.0	-0.035758	0.00031222	0.17509	liquid
78.000	93.000	1215.0	0.00082307	-156.21	-148.55	2.6682	0.99578	1.6566	1035.7	-0.035638	0.00030213	0.17376	liquid
79.000	93.000	1210.5	0.00082607	-154.58	-146.90	2.6893	0.99149	1.6562	1028.3	-0.035511	0.00029257	0.17243	liquid
80.000	93.000	1206.1	0.00082910	-152.95	-145.24	2.7102	0.98724	1.6560	1020.9	-0.035377	0.00028351	0.17110	liquid
81.000	93.000	1201.7	0.00083215	-151.32	-143.58	2.7307	0.98304	1.6558	1013.6	-0.035235	0.00027491	0.16977	liquid
82.000	93.000	1197.3	0.00083524	-149.70	-141.93	2.7511	0.97889	1.6557	1006.2	-0.035084	0.00026674	0.16844	liquid
83.000	93.000	1192.8	0.00083836	-148.07	-140.27	2.7711	0.97478	1.6558	998.84	-0.034925	0.00025897	0.16711	liquid
84.000	93.000	1188.3	0.00084151	-146.44	-138.62	2.7910	0.97072	1.6559	991.47	-0.034758	0.00025157	0.16578	liquid
85.000	93.000	1183.9	0.00084469	-144.82	-136.96	2.8106	0.96671	1.6562	984.11	-0.034581	0.00024452	0.16444	liquid
86.000	93.000	1179.4	0.00084791	-143.19	-135.30	2.8299	0.96275	1.6566	976.75	-0.034394	0.00023779	0.16311	liquid
87.000	93.000	1174.9	0.00085116	-141.56	-133.65	2.8491	0.95884	1.6571	969.39	-0.034197	0.00023137	0.16177	liquid
88.000	93.000	1170.3	0.00085445	-139.94	-131.99	2.8680	0.95497	1.6577	962.03	-0.033990	0.00022523	0.16044	liquid
89.000	93.000	1165.8	0.00085777	-138.31	-130.33	2.8868	0.95116	1.6585	954.67	-0.033772	0.00021936	0.15910	liquid
90.000	93.000	1161.3	0.00086114	-136.68	-128.67	2.9053	0.94739	1.6594	947.31	-0.033543	0.00021374	0.15776	liquid
91.000	93.000	1156.7	0.00086454	-135.05	-127.01	2.9236	0.94367	1.6604	939.95	-0.033303	0.00020835	0.15642	liquid
92.000	93.000	1152.1	0.00086799	-133.42	-125.35	2.9418	0.94000	1.6616	932.58	-0.033051	0.00020319	0.15508	liquid
93.000	93.000	1147.5	0.00087147	-131.79	-123.69	2.9598	0.93638	1.6629	925.22	-0.032787	0.00019822	0.15374	liquid
94.000	93.000	1142.9	0.00087500	-130.16	-122.03	2.9775	0.93281	1.6643	917.85	-0.032511	0.00019345	0.15240	liquid
95.000	93.000	1138.2	0.00087858	-128.53	-120.36	2.9952	0.92928	1.6659	910.47	-0.032222	0.00018887	0.15106	liquid
96.000	93.000	1133.5	0.00088220	-126.90	-118.69	3.0126	0.92580	1.6677	903.09	-0.031919	0.00018445	0.14971	liquid
97.000	93.000	1128.8	0.00088587	-125.26	-117.03	3.0299	0.92237	1.6696	895.70	-0.031604	0.00018020	0.14836	liquid
98.000	93.000	1124.1	0.00088958	-123.63	-115.36	3.0470	0.91899	1.6716	888.31	-0.031274	0.00017609	0.14702	liquid
99.000	93.000	1119.4	0.00089335	-121.99	-113.68	3.0640	0.91565	1.6738	880.90	-0.030930	0.00017213	0.14567	liquid
100.00	93.000	1114.6	0.00089717	-120.35	-112.01	3.0809	0.91236	1.6762	873.49	-0.030570	0.00016830	0.14432	liquid
101.00	93.000	1109.8	0.00090105	-118.71	-110.33	3.0976	0.90911	1.6787	866.06	-0.030196	0.00016460	0.14297	liquid
102.00	93.000	1105.0	0.00090498	-117.07	-108.65	3.1141	0.90591	1.6814	858.62	-0.029805	0.00016102	0.14162	liquid
103.00	93.000	1100.1	0.00090897	-115.42	-106.97	3.1305	0.90276	1.6842	851.17	-0.029398	0.00015756	0.14027	liquid
104.00	93.000	1095.3	0.00091302	-113.77	-105.28	3.1468	0.89965	1.6873	843.70	-0.028974	0.00015420	0.13892	liquid
105.00	93.000	1090.4	0.00091713	-112.12	-103.59	3.1630	0.89658	1.6905	836.22	-0.028533	0.00015094	0.13757	liquid
106.00	93.000	1085.4	0.00092130	-110.47	-101.90	3.1790	0.89356	1.6938	828.72	-0.028073	0.00014778	0.13621	liquid
107.00	93.000	1080.5	0.00092554	-108.81	-100.21	3.1949	0.89058	1.6974	821.21	-0.027593	0.00014471	0.13486	liquid
108.00	93.000	1075.4	0.00092984	-107.15	-98.506	3.2107	0.88765	1.7012	813.67	-0.027095	0.00014172	0.13350	liquid
109.00	93.000	1070.4	0.00093422	-105.49	-96.803	3.2264	0.88476	1.7051	806.12	-0.026575	0.00013882	0.13215	liquid
110.00	93.000	1065.3	0.00093867	-103.83	-95.096	3.2420	0.88191	1.7093	798.54	-0.026034	0.00013600	0.13080	liquid
111.00	93.000	1060.2	0.00094320	-102.16	-93.384	3.2575	0.87911	1.7136	790.95	-0.025471	0.00013325	0.12945	liquid
112.00	93.000	1055.1	0.00094780	-100.48	-91.668	3.2729	0.87635	1.7182	783.32	-0.024885	0.00013057	0.12810	liquid
113.00	93.000	1049.9	0.00095249	-98.806	-89.948	3.2882	0.87364	1.7230	775.68	-0.024274	0.00012796	0.12675	liquid
114.00	93.000	1044.6	0.00095726	-97.125	-88.222	3.3034	0.87097	1.7280	768.01	-0.023638	0.00012541	0.12540	liquid
115.00	93.000	1039.4	0.00096212	-95.439	-86.492	3.3185	0.86834	1.7333	760.31	-0.022975	0.00012292	0.12405	liquid
116.00	93.000	1034.1	0.00096707	-93.749	-84.756	3.3335	0.86576	1.7389	752.59	-0.022285	0.00012049	0.12270	liquid
117.00	93.000	1028.7	0.00097211	-92.054	-83.014	3.3485	0.86322	1.7447	744.83	-0.021566	0.00011812	0.12135	liquid
118.00	93.000	1023.3	0.00097726	-90.355	-81.266	3.3634	0.86072	1.7507	737.04	-0.020816	0.00011579	0.12000	liquid
119.00	93.000	1017.8	0.00098250	-88.650	-79.512	3.3782	0.85827	1.7571	729.23	-0.020035	0.00011352	0.11865	liquid
120.00	93.000	1012.3	0.00098785	-86.939	-77.752	3.3929	0.85587	1.7637	721.38	-0.019220	0.00011130	0.11730	liquid
121.00	93.000	1006.7	0.00099332	-85.222	-75.985	3.4076	0.85351	1.7707	713.49	-0.018370	0.00010912	0.11596	liquid
122.00	93.000	1001.1	0.00099890	-83.500	-74.210	3.4222	0.85119	1.7780	705.57	-0.017483	0.00010699	0.11461	liquid
123.00	93.000	995.42	0.0010046	-81.771	-72.428	3.4367	0.84893	1.7857	697.61	-0.016557	0.00010490	0.11326	liquid
124.00	93.000	989.68	0.0010104	-80.036	-70.639	3.4512	0.84671	1.7937	689.61	-0.015590	0.00010285	0.11192	liquid
125.00	93.000	983.88	0.0010164	-78.293	-68.841	3.4657	0.84454	1.8021	681.57	-0.014579	0.00010084	0.11057	liquid
126.00	93.000	978.01	0.0010225	-76.544	-67.034	3.4800	0.84242	1.8109	673.49	-0.013523	9.8872e-05	0.10923	liquid
127.00	93.000	972.07	0.0010287	-74.786	-65.219	3.4944	0.84035	1.8202	665.36	-0.012418	9.6935e-05	0.10789	liquid
128.00	93.000	966.06	0.0010351	-73.021	-63.394	3.5087	0.83833	1.8299	657.19	-0.011262	9.5034e-05	0.10655	liquid
129.00	93.000	959.98	0.0010417	-71.247	-61.559	3.5230	0.83637	1.8401	648.97	-0.010052	9.3165e-05	0.10521	liquid
130.00	93.000	953.82	0.0010484	-69.464	-59.713	3.5372	0.83446	1.8508	640.70	-0.0087837	9.1329e-05	0.10388	liquid
131.00	93.000	947.58	0.0010553	-67.672	-57.857	3.5515	0.83260	1.8621	632.38	-0.0074544	8.9523e-05	0.10254	liquid
132.00	93.000	941.26	0.0010624	-65.870	-55.989	3.5657	0.83081	1.8740	624.00	-0.0060599	8.7747e-05	0.10121	liquid
133.00	93.000	934.84	0.0010697	-64.057	-54.109	3.5799	0.82907	1.8865	615.57	-0.0045960	8.6000e-05	0.099876	liquid
134.00	93.000	928.34	0.0010772	-62.234	-52.216	3.5940	0.82740	1.8996	607.09	-0.0030579	8.4280e-05	0.098547	liquid
135.00	93.000	921.73	0.0010849	-60.399	-50.309	3.6082	0.82579	1.9135	598.54	-0.0014407	8.2586e-05	0.097220	liquid
136.00	93.000	915.03	0.0010929	-58.552	-48.389	3.6224	0.82424	1.9282	589.93	0.00026112	8.0917e-05	0.095895	liquid
137.00	93.000	908.21	0.0011011	-56.693	-46.453	3.6366	0.82277	1.9437	581.25	0.0020537	7.9273e-05	0.094572	liquid
138.00	93.000	901.28	0.0011095	-54.820	-44.501	3.6508	0.82137	1.9601	572.51	0.0039436	7.7652e-05	0.093252	liquid
139.00	93.000	894.24	0.0011183	-52.932	-42.532	3.6650	0.82004	1.9775	563.69	0.0059381	7.6054e-05	0.091935	liquid
140.00	93.000	887.06	0.0011273	-51.030	-40.546	3.6792	0.81879	1.9960	554.81	0.0080452	7.4477e-05	0.090619	liquid
141.00	93.000	879.76	0.0011367	-49.111	-38.540	3.6935	0.81763	2.0156	545.84	0.010274	7.2921e-05	0.089307	liquid
142.00	93.000	872.31	0.0011464	-47.175	-36.514	3.7078	0.81655	2.0364	536.80	0.012633	7.1384e-05	0.087997	liquid
143.00	93.000	864.71	0.0011565	-45.222	-34.467	3.7222	0.81557	2.0586	527.68	0.015135	6.9867e-05	0.086689	liquid
144.00	93.000	856.95	0.0011669	-43.249	-32.396	3.7366	0.81468	2.0823	518.48	0.017790	6.8367e-05	0.085385	liquid
145.00	93.000	849.03	0.0011778	-41.255	-30.301	3.7511	0.81390	2.1077	509.19	0.020612	6.6885e-05	0.084082	liquid
146.00	93.000	840.92	0.0011892	-39.240	-28.180	3.7657	0.81323	2.1348	499.81	0.023616	6.5419e-05	0.082783	liquid
147.00	93.000	832.62	0.0012010	-37.201	-26.031	3.7804	0.81267	2.1639	490.34	0.026817	6.3968e-05	0.081485	liquid
148.00	93.000	824.11	0.0012134	-35.137	-23.852	3.7951	0.81224	2.1952	480.77	0.030235	6.2531e-05	0.080191	liquid
149.00	93.000	815.39	0.0012264	-33.046	-21.640	3.8100	0.81194	2.2288	471.12	0.033888	6.1108e-05	0.078898	liquid
150.00	93.000	806.42	0.0012400	-30.926	-19.393	3.8251	0.81178	2.2651	461.37	0.037801	5.9697e-05	0.077608	liquid
151.00	93.000	797.20	0.0012544	-28.774	-17.109	3.8402	0.81177	2.3044	451.52	0.041997	5.8298e-05	0.076319	liquid
152.00	93.000	787.71	0.0012695	-26.590	-14.783	3.8556	0.81193	2.3470	441.59	0.046506	5.6908e-05	0.075032	liquid
153.00	93.000	777.92	0.0012855	-24.369	-12.414	3.8711	0.81225	2.3932	431.56	0.051359	5.5528e-05	0.073746	liquid
154.00	93.000	767.81	0.0013024	-22.108	-9.9956	3.8869	0.81275	2.4435	421.45	0.056592	5.4155e-05	0.072461	liquid
155.00	93.000	757.35	0.0013204	-19.805	-7.5251	3.9029	0.81343	2.4984	411.26	0.062245	5.2790e-05	0.071177	supercritical
156.00	93.000	746.52	0.0013396	-17.455	-4.9972	3.9191	0.81431	2.5583	401.00	0.068361	5.1429e-05	0.069893	supercritical
157.00	93.000	735.27	0.0013600	-15.055	-2.4065	3.9357	0.81540	2.6241	390.68	0.074991	5.0072e-05	0.068608	supercritical
158.00	93.000	723.59	0.0013820	-12.600	0.25305	3.9526	0.81668	2.6961	380.32	0.082189	4.8718e-05	0.067321	supercritical
159.00	93.000	711.42	0.0014056	-10.084	2.9881	3.9698	0.81817	2.7752	369.93	0.090014	4.7365e-05	0.066033	supercritical
160.00	93.000	698.72	0.0014312	-7.5039	5.8061	3.9875	0.81987	2.8621	359.55	0.098532	4.6012e-05	0.064741	supercritical
161.00	93.000	685.46	0.0014589	-4.8526	8.7150	4.0056	0.82175	2.9572	349.20	0.10781	4.4657e-05	0.063445	supercritical
162.00	93.000	671.58	0.0014890	-2.1245	11.723	4.0242	0.82380	3.0609	338.93	0.11791	4.3300e-05	0.062144	supercritical
163.00	93.000	657.06	0.0015219	0.68572	14.840	4.0434	0.82600	3.1733	328.77	0.12890	4.1940e-05	0.060835	supercritical
164.00	93.000	641.84	0.0015580	3.5831	18.073	4.0632	0.82830	3.2938	318.80	0.14084	4.0576e-05	0.059518	supercritical
165.00	93.000	625.92	0.0015977	6.5713	21.429	4.0836	0.83066	3.4207	309.08	0.15376	3.9211e-05	0.058191	supercritical
166.00	93.000	609.28	0.0016413	9.6514	24.915	4.1047	0.83301	3.5513	299.70	0.16767	3.7846e-05	0.056851	supercritical
167.00	93.000	591.96	0.0016893	12.821	28.532	4.1264	0.83526	3.6816	290.75	0.18255	3.6487e-05	0.055497	supercritical
168.00	93.000	574.02	0.0017421	16.075	32.276	4.1487	0.83731	3.8057	282.34	0.19832	3.5140e-05	0.054126	supercritical
169.00	93.000	555.57	0.0018000	19.399	36.139	4.1717	0.83901	3.9166	274.57	0.21485	3.3815e-05	0.052739	supercritical
170.00	93.000	536.77	0.0018630	22.776	40.102	4.1950	0.84021	4.0057	267.53	0.23194	3.2521e-05	0.051337	supercritical
171.00	93.000	517.84	0.0019311	26.181	44.140	4.2187	0.84078	4.0645	261.31	0.24930	3.1273e-05	0.049923	supercritical
172.00	93.000	499.02	0.0020039	29.582	48.219	4.2425	0.84059	4.0857	255.96	0.26657	3.0084e-05	0.048505	supercritical
173.00	93.000	480.59	0.0020808	32.946	52.298	4.2661	0.83957	4.0651	251.50	0.28336	2.8968e-05	0.047096	supercritical
174.00	93.000	462.79	0.0021608	36.240	56.335	4.2894	0.83771	4.0038	247.90	0.29929	2.7935e-05	0.045711	supercritical
175.00	93.000	445.83	0.0022430	39.433	60.293	4.3121	0.83509	3.9073	245.09	0.31408	2.6992e-05	0.044369	supercritical
176.00	93.000	429.85	0.0023264	42.506	64.141	4.3340	0.83184	3.7848	243.00	0.32751	2.6140e-05	0.043086	supercritical
177.00	93.000	414.93	0.0024100	45.444	67.858	4.3551	0.82809	3.6463	241.51	0.33950	2.5379e-05	0.041876	supercritical
178.00	93.000	401.08	0.0024933	48.244	71.431	4.3752	0.82398	3.5006	240.53	0.35006	2.4702e-05	0.040746	supercritical
179.00	93.000	388.26	0.0025756	50.906	74.859	4.3944	0.81964	3.3546	239.96	0.35925	2.4103e-05	0.039701	supercritical
180.00	93.000	376.42	0.0026566	53.435	78.142	4.4127	0.81518	3.2129	239.73	0.36717	2.3574e-05	0.038739	supercritical
181.00	93.000	365.48	0.0027362	55.841	81.287	4.4301	0.81067	3.0783	239.76	0.37394	2.3106e-05	0.037859	supercritical
182.00	93.000	355.36	0.0028140	58.131	84.302	4.4467	0.80618	2.9522	240.00	0.37966	2.2694e-05	0.037054	supercritical
183.00	93.000	345.99	0.0028902	60.315	87.195	4.4626	0.80174	2.8351	240.42	0.38446	2.2329e-05	0.036319	supercritical
184.00	93.000	337.30	0.0029647	62.403	89.975	4.4777	0.79739	2.7269	240.97	0.38843	2.2006e-05	0.035648	supercritical
185.00	93.000	329.21	0.0030376	64.401	92.651	4.4923	0.79315	2.6273	241.63	0.39167	2.1720e-05	0.035036	supercritical
186.00	93.000	321.66	0.0031089	66.320	95.232	4.5062	0.78902	2.5357	242.38	0.39427	2.1466e-05	0.034477	supercritical
187.00	93.000	314.61	0.0031786	68.164	97.725	4.5195	0.78502	2.4515	243.19	0.39629	2.1240e-05	0.033965	supercritical
188.00	93.000	308.00	0.0032468	69.942	100.14	4.5324	0.78116	2.3741	244.07	0.39781	2.1039e-05	0.033497	supercritical
189.00	93.000	301.79	0.0033136	71.659	102.48	4.5448	0.77743	2.3029	244.98	0.39889	2.0860e-05	0.033068	supercritical
190.00	93.000	295.94	0.0033791	73.320	104.74	4.5568	0.77383	2.2372	245.94	0.39957	2.0701e-05	0.032674	supercritical
191.00	93.000	290.42	0.0034433	74.929	106.95	4.5684	0.77037	2.1765	246.92	0.39990	2.0559e-05	0.032312	supercritical
192.00	93.000	285.20	0.0035063	76.491	109.10	4.5796	0.76704	2.1204	247.92	0.39993	2.0432e-05	0.031979	supercritical
193.00	93.000	280.26	0.0035682	78.010	111.19	4.5905	0.76383	2.0684	248.94	0.39967	2.0319e-05	0.031673	supercritical
194.00	93.000	275.56	0.0036289	79.488	113.24	4.6010	0.76075	2.0201	249.98	0.39918	2.0219e-05	0.031391	supercritical
195.00	93.000	271.10	0.0036887	80.930	115.23	4.6113	0.75778	1.9752	251.02	0.39847	2.0129e-05	0.031130	supercritical
196.00	93.000	266.84	0.0037475	82.337	117.19	4.6213	0.75493	1.9333	252.07	0.39757	2.0050e-05	0.030890	supercritical
197.00	93.000	262.78	0.0038054	83.712	119.10	4.6310	0.75219	1.8942	253.13	0.39649	1.9980e-05	0.030669	supercritical
198.00	93.000	258.91	0.0038624	85.058	120.98	4.6405	0.74955	1.8577	254.19	0.39527	1.9918e-05	0.030464	supercritical
199.00	93.000	255.19	0.0039186	86.375	122.82	4.6498	0.74702	1.8235	255.24	0.39391	1.9863e-05	0.030275	supercritical
200.00	93.000	251.64	0.0039740	87.667	124.63	4.6589	0.74459	1.7914	256.30	0.39244	1.9815e-05	0.030100	supercritical
201.00	93.000	248.22	0.0040287	88.935	126.40	4.6677	0.74225	1.7612	257.36	0.39086	1.9774e-05	0.029938	supercritical
202.00	93.000	244.94	0.0040826	90.180	128.15	4.6764	0.73999	1.7328	258.41	0.38918	1.9738e-05	0.029789	supercritical
203.00	93.000	241.79	0.0041359	91.404	129.87	4.6849	0.73783	1.7060	259.47	0.38743	1.9708e-05	0.029651	supercritical
204.00	93.000	238.75	0.0041885	92.608	131.56	4.6932	0.73574	1.6807	260.51	0.38560	1.9683e-05	0.029524	supercritical
205.00	93.000	235.82	0.0042405	93.793	133.23	4.7014	0.73374	1.6568	261.56	0.38370	1.9661e-05	0.029406	supercritical
206.00	93.000	233.00	0.0042919	94.961	134.88	4.7094	0.73181	1.6342	262.60	0.38176	1.9645e-05	0.029297	supercritical
207.00	93.000	230.27	0.0043427	96.111	136.50	4.7172	0.72995	1.6128	263.63	0.37976	1.9631e-05	0.029197	supercritical
208.00	93.000	227.63	0.0043930	97.246	138.10	4.7249	0.72816	1.5925	264.66	0.37772	1.9622e-05	0.029105	supercritical
209.00	93.000	225.08	0.0044428	98.366	139.68	4.7325	0.72643	1.5732	265.68	0.37564	1.9615e-05	0.029021	supercritical
210.00	93.000	222.61	0.0044921	99.471	141.25	4.7400	0.72477	1.5548	266.70	0.37353	1.9612e-05	0.028943	supercritical
211.00	93.000	220.22	0.0045409	100.56	142.79	4.7473	0.72317	1.5373	267.71	0.37139	1.9612e-05	0.028872	supercritical
212.00	93.000	217.90	0.0045893	101.64	144.32	4.7546	0.72163	1.5207	268.71	0.36923	1.9614e-05	0.028806	supercritical
213.00	93.000	215.65	0.0046372	102.71	145.84	4.7617	0.72014	1.5048	269.71	0.36705	1.9619e-05	0.028747	supercritical
214.00	93.000	213.46	0.0046847	103.77	147.33	4.7687	0.71871	1.4896	270.70	0.36485	1.9626e-05	0.028693	supercritical
215.00	93.000	211.34	0.0047318	104.81	148.82	4.7756	0.71732	1.4751	271.69	0.36264	1.9635e-05	0.028644	supercritical
216.00	93.000	209.27	0.0047784	105.84	150.28	4.7824	0.71598	1.4613	272.67	0.36042	1.9646e-05	0.028600	supercritical
217.00	93.000	207.26	0.0048248	106.87	151.74	4.7891	0.71469	1.4480	273.64	0.35819	1.9659e-05	0.028560	supercritical
218.00	93.000	205.31	0.0048707	107.88	153.18	4.7958	0.71345	1.4353	274.61	0.35595	1.9674e-05	0.028525	supercritical
219.00	93.000	203.40	0.0049163	108.89	154.61	4.8023	0.71225	1.4231	275.57	0.35372	1.9690e-05	0.028494	supercritical
220.00	93.000	201.55	0.0049616	109.88	156.03	4.8088	0.71109	1.4114	276.53	0.35148	1.9709e-05	0.028466	supercritical
221.00	93.000	199.74	0.0050065	110.87	157.43	4.8151	0.70996	1.4002	277.47	0.34924	1.9728e-05	0.028442	supercritical
222.00	93.000	197.97	0.0050512	111.85	158.83	4.8214	0.70888	1.3894	278.42	0.34700	1.9749e-05	0.028422	supercritical
223.00	93.000	196.25	0.0050955	112.82	160.21	4.8277	0.70783	1.3790	279.35	0.34476	1.9771e-05	0.028405	supercritical
224.00	93.000	194.57	0.0051395	113.79	161.58	4.8338	0.70682	1.3690	280.28	0.34253	1.9795e-05	0.028391	supercritical
225.00	93.000	192.93	0.0051832	114.74	162.95	4.8399	0.70584	1.3594	281.21	0.34031	1.9820e-05	0.028379	supercritical
226.00	93.000	191.33	0.0052267	115.70	164.30	4.8459	0.70489	1.3502	282.13	0.33809	1.9845e-05	0.028371	supercritical
227.00	93.000	189.76	0.0052699	116.64	165.65	4.8518	0.70398	1.3413	283.04	0.33588	1.9872e-05	0.028365	supercritical
228.00	93.000	188.22	0.0053128	117.58	166.99	4.8577	0.70309	1.3326	283.94	0.33367	1.9900e-05	0.028362	supercritical
229.00	93.000	186.72	0.0053555	118.51	168.31	4.8635	0.70223	1.3243	284.85	0.33148	1.9929e-05	0.028361	supercritical
230.00	93.000	185.26	0.0053979	119.43	169.63	4.8693	0.70141	1.3163	285.74	0.32929	1.9959e-05	0.028363	supercritical
231.00	93.000	183.82	0.0054401	120.35	170.95	4.8750	0.70060	1.3086	286.63	0.32712	1.9989e-05	0.028366	supercritical
232.00	93.000	182.41	0.0054821	121.27	172.25	4.8806	0.69983	1.3011	287.51	0.32495	2.0020e-05	0.028372	supercritical
233.00	93.000	181.03	0.0055238	122.18	173.55	4.8862	0.69907	1.2938	288.39	0.32280	2.0053e-05	0.028380	supercritical
234.00	93.000	179.68	0.0055654	123.08	174.84	4.8917	0.69835	1.2868	289.27	0.32066	2.0085e-05	0.028389	supercritical
235.00	93.000	178.36	0.0056067	123.98	176.12	4.8972	0.69764	1.2801	290.13	0.31853	2.0119e-05	0.028401	supercritical
236.00	93.000	177.06	0.0056478	124.88	177.40	4.9026	0.69696	1.2735	291.00	0.31641	2.0153e-05	0.028414	supercritical
237.00	93.000	175.79	0.0056887	125.77	178.67	4.9080	0.69630	1.2671	291.86	0.31431	2.0188e-05	0.028429	supercritical
238.00	93.000	174.54	0.0057294	126.65	179.93	4.9133	0.69566	1.2610	292.71	0.31222	2.0223e-05	0.028446	supercritical
239.00	93.000	173.31	0.0057699	127.53	181.19	4.9186	0.69504	1.2550	293.56	0.31014	2.0259e-05	0.028464	supercritical
240.00	93.000	172.11	0.0058103	128.41	182.44	4.9238	0.69443	1.2492	294.40	0.30807	2.0295e-05	0.028483	supercritical
241.00	93.000	170.93	0.0058504	129.28	183.69	4.9290	0.69385	1.2436	295.24	0.30602	2.0332e-05	0.028504	supercritical
242.00	93.000	169.77	0.0058904	130.15	184.93	4.9341	0.69329	1.2381	296.07	0.30398	2.0370e-05	0.028526	supercritical
243.00	93.000	168.63	0.0059302	131.02	186.17	4.9392	0.69274	1.2328	296.90	0.30196	2.0408e-05	0.028550	supercritical
244.00	93.000	167.51	0.0059698	131.88	187.40	4.9443	0.69221	1.2277	297.72	0.29995	2.0446e-05	0.028575	supercritical
245.00	93.000	166.41	0.0060093	132.74	188.62	4.9493	0.69170	1.2227	298.54	0.29795	2.0485e-05	0.028601	supercritical
246.00	93.000	165.33	0.0060486	133.59	189.84	4.9543	0.69120	1.2178	299.36	0.29597	2.0524e-05	0.028628	supercritical
247.00	93.000	164.26	0.0060878	134.44	191.06	4.9592	0.69072	1.2131	300.17	0.29400	2.0564e-05	0.028656	supercritical
248.00	93.000	163.22	0.0061268	135.29	192.27	4.9641	0.69026	1.2085	300.97	0.29205	2.0604e-05	0.028686	supercritical
249.00	93.000	162.19	0.0061657	136.13	193.48	4.9689	0.68981	1.2040	301.78	0.29011	2.0644e-05	0.028716	supercritical
250.00	93.000	161.18	0.0062044	136.98	194.68	4.9738	0.68937	1.1996	302.57	0.28818	2.0685e-05	0.028747	supercritical
251.00	93.000	160.18	0.0062430	137.81	195.87	4.9785	0.68894	1.1954	303.37	0.28627	2.0726e-05	0.028780	supercritical
252.00	93.000	159.20	0.0062814	138.65	197.07	4.9833	0.68853	1.1913	304.16	0.28437	2.0767e-05	0.028813	supercritical
253.00	93.000	158.24	0.0063197	139.48	198.26	4.9880	0.68814	1.1873	304.94	0.28249	2.0808e-05	0.028847	supercritical
254.00	93.000	157.29	0.0063579	140.31	199.44	4.9927	0.68775	1.1834	305.72	0.28062	2.0850e-05	0.028882	supercritical
255.00	93.000	156.35	0.0063959	141.14	200.62	4.9973	0.68738	1.1795	306.50	0.27876	2.0892e-05	0.028918	supercritical
256.00	93.000	155.43	0.0064338	141.97	201.80	5.0019	0.68702	1.1758	307.27	0.27692	2.0935e-05	0.028955	supercritical
257.00	93.000	154.52	0.0064716	142.79	202.98	5.0065	0.68667	1.1722	308.04	0.27509	2.0977e-05	0.028992	supercritical
258.00	93.000	153.63	0.0065093	143.61	204.15	5.0110	0.68633	1.1687	308.81	0.27328	2.1020e-05	0.029030	supercritical
259.00	93.000	152.75	0.0065468	144.43	205.31	5.0156	0.68601	1.1652	309.57	0.27148	2.1063e-05	0.029069	supercritical
260.00	93.000	151.88	0.0065843	145.24	206.48	5.0200	0.68569	1.1618	310.32	0.26969	2.1106e-05	0.029109	supercritical
261.00	93.000	151.02	0.0066216	146.06	207.64	5.0245	0.68539	1.1586	311.08	0.26792	2.1150e-05	0.029149	supercritical
262.00	93.000	150.18	0.0066588	146.87	208.79	5.0289	0.68509	1.1554	311.83	0.26616	2.1193e-05	0.029190	supercritical
263.00	93.000	149.35	0.0066959	147.68	209.95	5.0333	0.68481	1.1522	312.58	0.26441	2.1237e-05	0.029232	supercritical
264.00	93.000	148.52	0.0067329	148.48	211.10	5.0377	0.68453	1.1492	313.32	0.26268	2.1281e-05	0.029274	supercritical
265.00	93.000	147.72	0.0067698	149.29	212.25	5.0420	0.68426	1.1462	314.06	0.26096	2.1326e-05	0.029317	supercritical
266.00	93.000	146.92	0.0068066	150.09	213.39	5.0463	0.68401	1.1433	314.80	0.25925	2.1370e-05	0.029360	supercritical
267.00	93.000	146.13	0.0068432	150.89	214.53	5.0506	0.68376	1.1404	315.53	0.25756	2.1414e-05	0.029404	supercritical
268.00	93.000	145.35	0.0068798	151.69	215.67	5.0549	0.68352	1.1376	316.26	0.25588	2.1459e-05	0.029448	supercritical
269.00	93.000	144.59	0.0069163	152.49	216.81	5.0591	0.68329	1.1349	316.98	0.25421	2.1504e-05	0.029493	supercritical
270.00	93.000	143.83	0.0069527	153.28	217.94	5.0633	0.68307	1.1323	317.71	0.25255	2.1549e-05	0.029538	supercritical
271.00	93.000	143.08	0.0069890	154.07	219.07	5.0675	0.68285	1.1297	318.43	0.25091	2.1594e-05	0.029584	supercritical
272.00	93.000	142.34	0.0070252	154.87	220.20	5.0716	0.68265	1.1271	319.14	0.24928	2.1639e-05	0.029631	supercritical
273.00	93.000	141.62	0.0070613	155.66	221.33	5.0758	0.68245	1.1246	319.86	0.24766	2.1684e-05	0.029678	supercritical
274.00	93.000	140.90	0.0070973	156.44	222.45	5.0799	0.68226	1.1222	320.57	0.24606	2.1730e-05	0.029725	supercritical
275.00	93.000	140.19	0.0071333	157.23	223.57	5.0840	0.68208	1.1198	321.28	0.24447	2.1775e-05	0.029772	supercritical
276.00	93.000	139.49	0.0071691	158.02	224.69	5.0880	0.68190	1.1175	321.98	0.24289	2.1821e-05	0.029821	supercritical
277.00	93.000	138.79	0.0072049	158.80	225.81	5.0921	0.68173	1.1152	322.68	0.24132	2.1867e-05	0.029869	supercritical
278.00	93.000	138.11	0.0072406	159.58	226.92	5.0961	0.68157	1.1130	323.38	0.23976	2.1913e-05	0.029918	supercritical
279.00	93.000	137.43	0.0072762	160.36	228.03	5.1001	0.68141	1.1108	324.07	0.23821	2.1959e-05	0.029967	supercritical
280.00	93.000	136.77	0.0073117	161.14	229.14	5.1040	0.68127	1.1087	324.77	0.23668	2.2005e-05	0.030017	supercritical
281.00	93.000	136.11	0.0073471	161.92	230.25	5.1080	0.68112	1.1066	325.46	0.23516	2.2051e-05	0.030067	supercritical
282.00	93.000	135.46	0.0073825	162.70	231.35	5.1119	0.68099	1.1046	326.14	0.23365	2.2097e-05	0.030117	supercritical
283.00	93.000	134.81	0.0074178	163.47	232.46	5.1158	0.68086	1.1025	326.83	0.23215	2.2143e-05	0.030168	supercritical
284.00	93.000	134.17	0.0074530	164.25	233.56	5.1197	0.68074	1.1006	327.51	0.23066	2.2189e-05	0.030219	supercritical
285.00	93.000	133.54	0.0074882	165.02	234.66	5.1236	0.68062	1.0987	328.19	0.22918	2.2236e-05	0.030270	supercritical
286.00	93.000	132.92	0.0075232	165.79	235.76	5.1274	0.68051	1.0968	328.86	0.22772	2.2282e-05	0.030321	supercritical
287.00	93.000	132.31	0.0075582	166.56	236.85	5.1312	0.68041	1.0949	329.53	0.22626	2.2329e-05	0.030373	supercritical
288.00	93.000	131.70	0.0075932	167.33	237.95	5.1351	0.68031	1.0931	330.20	0.22482	2.2375e-05	0.030425	supercritical
289.00	93.000	131.10	0.0076280	168.10	239.04	5.1388	0.68022	1.0914	330.87	0.22339	2.2422e-05	0.030478	supercritical
290.00	93.000	130.50	0.0076628	168.87	240.13	5.1426	0.68013	1.0896	331.54	0.22196	2.2469e-05	0.030530	supercritical
291.00	93.000	129.91	0.0076976	169.63	241.22	5.1464	0.68005	1.0879	332.20	0.22055	2.2515e-05	0.030583	supercritical
292.00	93.000	129.33	0.0077322	170.40	242.31	5.1501	0.67997	1.0863	332.86	0.21915	2.2562e-05	0.030636	supercritical
293.00	93.000	128.75	0.0077668	171.16	243.39	5.1538	0.67990	1.0846	333.52	0.21776	2.2609e-05	0.030690	supercritical
294.00	93.000	128.18	0.0078014	171.92	244.47	5.1575	0.67983	1.0830	334.17	0.21637	2.2656e-05	0.030743	supercritical
295.00	93.000	127.62	0.0078358	172.68	245.56	5.1612	0.67977	1.0814	334.82	0.21500	2.2703e-05	0.030797	supercritical
296.00	93.000	127.06	0.0078703	173.44	246.64	5.1648	0.67971	1.0799	335.47	0.21364	2.2750e-05	0.030851	supercritical
297.00	93.000	126.51	0.0079046	174.20	247.72	5.1685	0.67966	1.0784	336.12	0.21229	2.2797e-05	0.030905	supercritical
298.00	93.000	125.96	0.0079389	174.96	248.79	5.1721	0.67962	1.0769	336.77	0.21095	2.2844e-05	0.030960	supercritical
299.00	93.000	125.42	0.0079731	175.72	249.87	5.1757	0.67958	1.0755	337.41	0.20962	2.2891e-05	0.031014	supercritical
300.00	93.000	124.89	0.0080073	176.48	250.95	5.1793	0.67954	1.0740	338.05	0.20829	2.2938e-05	0.031069	supercritical
301.00	93.000	124.36	0.0080414	177.23	252.02	5.1828	0.67951	1.0726	338.69	0.20698	2.2985e-05	0.031124	supercritical
302.00	93.000	123.83	0.0080755	177.99	253.09	5.1864	0.67948	1.0713	339.32	0.20568	2.3032e-05	0.031179	supercritical
303.00	93.000	123.31	0.0081095	178.74	254.16	5.1899	0.67946	1.0699	339.96	0.20438	2.3079e-05	0.031234	supercritical
304.00	93.000	122.80	0.0081435	179.50	255.23	5.1935	0.67944	1.0686	340.59	0.20310	2.3126e-05	0.031288	supercritical
305.00	93.000	122.29	0.0081774	180.25	256.30	5.1970	0.67942	1.0673	341.22	0.20182	2.3173e-05	0.031343	supercritical
306.00	93.000	121.78	0.0082112	181.00	257.37	5.2005	0.67941	1.0660	341.84	0.20056	2.3220e-05	0.031398	supercritical
307.00	93.000	121.29	0.0082450	181.75	258.43	5.2039	0.67941	1.0648	342.47	0.19930	2.3267e-05	0.031453	supercritical
308.00	93.000	120.79	0.0082788	182.50	259.49	5.2074	0.67940	1.0636	343.09	0.19805	2.3315e-05	0.031506	supercritical
309.00	93.000	120.30	0.0083124	183.25	260.56	5.2108	0.67941	1.0624	343.71	0.19681	2.3362e-05	0.031557	supercritical
310.00	93.000	119.82	0.0083461	184.00	261.62	5.2143	0.67941	1.0612	344.33	0.19558	2.3409e-05	0.031611	supercritical
311.00	93.000	119.34	0.0083797	184.75	262.68	5.2177	0.67942	1.0600	344.95	0.19435	2.3456e-05	0.031670	supercritical
312.00	93.000	118.86	0.0084132	185.50	263.74	5.2211	0.67944	1.0589	345.56	0.19314	2.3503e-05	0.031730	supercritical
313.00	93.000	118.39	0.0084467	186.24	264.80	5.2245	0.67946	1.0578	346.17	0.19193	2.3551e-05	0.031789	supercritical
314.00	93.000	117.92	0.0084802	186.99	265.86	5.2278	0.67948	1.0567	346.78	0.19074	2.3598e-05	0.031848	supercritical
315.00	93.000	117.46	0.0085136	187.74	266.91	5.2312	0.67950	1.0556	347.39	0.18955	2.3645e-05	0.031908	supercritical
316.00	93.000	117.00	0.0085469	188.48	267.97	5.2346	0.67953	1.0546	348.00	0.18837	2.3692e-05	0.031967	supercritical
317.00	93.000	116.55	0.0085802	189.22	269.02	5.2379	0.67957	1.0536	348.60	0.18719	2.3740e-05	0.032027	supercritical
318.00	93.000	116.10	0.0086135	189.97	270.07	5.2412	0.67960	1.0526	349.20	0.18603	2.3787e-05	0.032087	supercritical
319.00	93.000	115.65	0.0086467	190.71	271.13	5.2445	0.67964	1.0516	349.80	0.18487	2.3834e-05	0.032147	supercritical
320.00	93.000	115.21	0.0086799	191.45	272.18	5.2478	0.67969	1.0506	350.40	0.18372	2.3881e-05	0.032207	supercritical
321.00	93.000	114.77	0.0087130	192.20	273.23	5.2511	0.67973	1.0496	351.00	0.18258	2.3929e-05	0.032267	supercritical
322.00	93.000	114.34	0.0087461	192.94	274.28	5.2543	0.67978	1.0487	351.59	0.18145	2.3976e-05	0.032327	supercritical
323.00	93.000	113.91	0.0087792	193.68	275.32	5.2576	0.67984	1.0478	352.18	0.18032	2.4023e-05	0.032388	supercritical
324.00	93.000	113.48	0.0088122	194.42	276.37	5.2608	0.67990	1.0469	352.77	0.17920	2.4070e-05	0.032448	supercritical
325.00	93.000	113.06	0.0088452	195.16	277.42	5.2640	0.67996	1.0460	353.36	0.17809	2.4117e-05	0.032508	supercritical
326.00	93.000	112.64	0.0088781	195.90	278.46	5.2673	0.68002	1.0451	353.95	0.17699	2.4165e-05	0.032569	supercritical
327.00	93.000	112.22	0.0089110	196.64	279.51	5.2705	0.68009	1.0443	354.53	0.17590	2.4212e-05	0.032630	supercritical
328.00	93.000	111.81	0.0089438	197.37	280.55	5.2736	0.68016	1.0434	355.12	0.17481	2.4259e-05	0.032691	supercritical
329.00	93.000	111.40	0.0089766	198.11	281.60	5.2768	0.68023	1.0426	355.70	0.17373	2.4306e-05	0.032751	supercritical
330.00	93.000	111.00	0.0090094	198.85	282.64	5.2800	0.68031	1.0418	356.28	0.17265	2.4353e-05	0.032812	supercritical
331.00	93.000	110.59	0.0090421	199.59	283.68	5.2831	0.68039	1.0410	356.85	0.17159	2.4401e-05	0.032873	supercritical
332.00	93.000	110.19	0.0090748	200.32	284.72	5.2863	0.68047	1.0402	357.43	0.17053	2.4448e-05	0.032935	supercritical
333.00	93.000	109.80	0.0091075	201.06	285.76	5.2894	0.68055	1.0395	358.01	0.16947	2.4495e-05	0.032996	supercritical
334.00	93.000	109.41	0.0091401	201.80	286.80	5.2925	0.68064	1.0387	358.58	0.16843	2.4542e-05	0.033057	supercritical
335.00	93.000	109.02	0.0091727	202.53	287.84	5.2956	0.68073	1.0380	359.15	0.16739	2.4589e-05	0.033118	supercritical
336.00	93.000	108.63	0.0092052	203.27	288.87	5.2987	0.68083	1.0373	359.72	0.16636	2.4636e-05	0.033180	supercritical
337.00	93.000	108.25	0.0092378	204.00	289.91	5.3018	0.68093	1.0365	360.29	0.16533	2.4683e-05	0.033241	supercritical
338.00	93.000	107.87	0.0092702	204.73	290.95	5.3049	0.68102	1.0359	360.85	0.16431	2.4730e-05	0.033303	supercritical
339.00	93.000	107.50	0.0093027	205.47	291.98	5.3079	0.68113	1.0352	361.42	0.16330	2.4777e-05	0.033364	supercritical
340.00	93.000	107.12	0.0093351	206.20	293.02	5.3110	0.68123	1.0345	361.98	0.16229	2.4824e-05	0.033426	supercritical
341.00	93.000	106.75	0.0093675	206.93	294.05	5.3140	0.68134	1.0338	362.54	0.16130	2.4871e-05	0.033488	supercritical
342.00	93.000	106.39	0.0093998	207.67	295.09	5.3170	0.68145	1.0332	363.10	0.16030	2.4918e-05	0.033549	supercritical
343.00	93.000	106.02	0.0094321	208.40	296.12	5.3201	0.68156	1.0326	363.66	0.15932	2.4965e-05	0.033611	supercritical
344.00	93.000	105.66	0.0094644	209.13	297.15	5.3231	0.68168	1.0320	364.21	0.15834	2.5012e-05	0.033673	supercritical
345.00	93.000	105.30	0.0094967	209.86	298.18	5.3260	0.68180	1.0313	364.77	0.15736	2.5059e-05	0.033735	supercritical
346.00	93.000	104.94	0.0095289	210.59	299.21	5.3290	0.68192	1.0307	365.32	0.15640	2.5106e-05	0.033797	supercritical
347.00	93.000	104.59	0.0095611	211.33	300.24	5.3320	0.68204	1.0302	365.87	0.15543	2.5153e-05	0.033859	supercritical
348.00	93.000	104.24	0.0095932	212.06	301.27	5.3350	0.68217	1.0296	366.42	0.15448	2.5199e-05	0.033921	supercritical
349.00	93.000	103.89	0.0096253	212.79	302.30	5.3379	0.68230	1.0290	366.97	0.15353	2.5246e-05	0.033983	supercritical
350.00	93.000	103.55	0.0096574	213.52	303.33	5.3409	0.68243	1.0285	367.52	0.15259	2.5293e-05	0.034046	supercritical
351.00	93.000	103.20	0.0096895	214.25	304.36	5.3438	0.68256	1.0279	368.06	0.15165	2.5340e-05	0.034108	supercritical
352.00	93.000	102.86	0.0097215	214.98	305.39	5.3467	0.68270	1.0274	368.61	0.15072	2.5387e-05	0.034170	supercritical
353.00	93.000	102.53	0.0097535	215.71	306.41	5.3496	0.68284	1.0269	369.15	0.14979	2.5433e-05	0.034233	supercritical
354.00	93.000	102.19	0.0097855	216.44	307.44	5.3525	0.68298	1.0264	369.69	0.14887	2.5480e-05	0.034295	supercritical
355.00	93.000	101.86	0.0098174	217.17	308.47	5.3554	0.68312	1.0259	370.23	0.14796	2.5527e-05	0.034357	supercritical
356.00	93.000	101.53	0.0098494	217.89	309.49	5.3583	0.68327	1.0254	370.77	0.14705	2.5573e-05	0.034420	supercritical
357.00	93.000	101.20	0.0098812	218.62	310.52	5.3612	0.68341	1.0249	371.31	0.14615	2.5620e-05	0.034482	supercritical
358.00	93.000	100.88	0.0099131	219.35	311.54	5.3641	0.68356	1.0244	371.84	0.14525	2.5667e-05	0.034545	supercritical
359.00	93.000	100.55	0.0099449	220.08	312.57	5.3669	0.68371	1.0240	372.37	0.14436	2.5713e-05	0.034607	supercritical
360.00	93.000	100.23	0.0099767	220.81	313.59	5.3698	0.68387	1.0235	372.91	0.14348	2.5760e-05	0.034670	supercritical
361.00	93.000	99.915	0.010009	221.54	314.61	5.3726	0.68402	1.0231	373.44	0.14260	2.5806e-05	0.034733	supercritical
362.00	93.000	99.599	0.010040	222.26	315.64	5.3754	0.68418	1.0227	373.97	0.14172	2.5853e-05	0.034795	supercritical
363.00	93.000	99.285	0.010072	222.99	316.66	5.3783	0.68434	1.0222	374.50	0.14085	2.5899e-05	0.034858	supercritical
364.00	93.000	98.974	0.010104	223.72	317.68	5.3811	0.68450	1.0218	375.02	0.13999	2.5946e-05	0.034921	supercritical
365.00	93.000	98.664	0.010135	224.44	318.70	5.3839	0.68467	1.0214	375.55	0.13913	2.5992e-05	0.034984	supercritical
366.00	93.000	98.357	0.010167	225.17	319.72	5.3867	0.68484	1.0210	376.07	0.13827	2.6038e-05	0.035047	supercritical
367.00	93.000	98.052	0.010199	225.90	320.75	5.3895	0.68500	1.0206	376.60	0.13743	2.6085e-05	0.035109	supercritical
368.00	93.000	97.749	0.010230	226.62	321.77	5.3922	0.68517	1.0202	377.12	0.13658	2.6131e-05	0.035172	supercritical
369.00	93.000	97.449	0.010262	227.35	322.79	5.3950	0.68535	1.0199	377.64	0.13574	2.6177e-05	0.035235	supercritical
370.00	93.000	97.150	0.010293	228.08	323.81	5.3978	0.68552	1.0195	378.16	0.13491	2.6224e-05	0.035298	supercritical
371.00	93.000	96.853	0.010325	228.80	324.82	5.4005	0.68570	1.0191	378.68	0.13408	2.6270e-05	0.035361	supercritical
372.00	93.000	96.559	0.010356	229.53	325.84	5.4033	0.68587	1.0188	379.19	0.13326	2.6316e-05	0.035424	supercritical
373.00	93.000	96.266	0.010388	230.26	326.86	5.4060	0.68605	1.0184	379.71	0.13244	2.6362e-05	0.035487	supercritical
374.00	93.000	95.976	0.010419	230.98	327.88	5.4087	0.68624	1.0181	380.22	0.13163	2.6408e-05	0.035550	supercritical
375.00	93.000	95.687	0.010451	231.71	328.90	5.4114	0.68642	1.0178	380.74	0.13082	2.6454e-05	0.035613	supercritical
376.00	93.000	95.400	0.010482	232.43	329.92	5.4141	0.68661	1.0175	381.25	0.13001	2.6501e-05	0.035676	supercritical
377.00	93.000	95.115	0.010514	233.16	330.93	5.4168	0.68679	1.0172	381.76	0.12922	2.6547e-05	0.035739	supercritical
378.00	93.000	94.832	0.010545	233.88	331.95	5.4195	0.68698	1.0168	382.27	0.12842	2.6593e-05	0.035802	supercritical
379.00	93.000	94.551	0.010576	234.61	332.97	5.4222	0.68717	1.0166	382.78	0.12763	2.6639e-05	0.035866	supercritical
380.00	93.000	94.272	0.010608	235.33	333.98	5.4249	0.68737	1.0163	383.28	0.12685	2.6685e-05	0.035929	supercritical
381.00	93.000	93.995	0.010639	236.06	335.00	5.4276	0.68756	1.0160	383.79	0.12607	2.6731e-05	0.035992	supercritical
382.00	93.000	93.720	0.010670	236.78	336.02	5.4302	0.68776	1.0157	384.29	0.12529	2.6776e-05	0.036055	supercritical
383.00	93.000	93.446	0.010701	237.51	337.03	5.4329	0.68795	1.0154	384.80	0.12452	2.6822e-05	0.036118	supercritical
384.00	93.000	93.174	0.010733	238.23	338.05	5.4355	0.68815	1.0152	385.30	0.12375	2.6868e-05	0.036182	supercritical
385.00	93.000	92.904	0.010764	238.96	339.06	5.4382	0.68835	1.0149	385.80	0.12299	2.6914e-05	0.036245	supercritical
386.00	93.000	92.635	0.010795	239.68	340.08	5.4408	0.68856	1.0147	386.30	0.12223	2.6960e-05	0.036308	supercritical
387.00	93.000	92.369	0.010826	240.41	341.09	5.4434	0.68876	1.0144	386.80	0.12148	2.7005e-05	0.036371	supercritical
388.00	93.000	92.104	0.010857	241.13	342.11	5.4461	0.68896	1.0142	387.29	0.12073	2.7051e-05	0.036435	supercritical
389.00	93.000	91.840	0.010888	241.86	343.12	5.4487	0.68917	1.0139	387.79	0.11999	2.7097e-05	0.036498	supercritical
390.00	93.000	91.579	0.010920	242.58	344.13	5.4513	0.68938	1.0137	388.29	0.11925	2.7142e-05	0.036561	supercritical
391.00	93.000	91.319	0.010951	243.31	345.15	5.4539	0.68959	1.0135	388.78	0.11851	2.7188e-05	0.036625	supercritical
392.00	93.000	91.060	0.010982	244.03	346.16	5.4564	0.68980	1.0133	389.27	0.11778	2.7234e-05	0.036688	supercritical
393.00	93.000	90.804	0.011013	244.75	347.17	5.4590	0.69002	1.0131	389.76	0.11705	2.7279e-05	0.036751	supercritical
394.00	93.000	90.548	0.011044	245.48	348.19	5.4616	0.69023	1.0129	390.26	0.11633	2.7325e-05	0.036815	supercritical
395.00	93.000	90.295	0.011075	246.20	349.20	5.4642	0.69045	1.0127	390.75	0.11561	2.7370e-05	0.036878	supercritical
396.00	93.000	90.043	0.011106	246.93	350.21	5.4667	0.69066	1.0125	391.23	0.11489	2.7416e-05	0.036941	supercritical
397.00	93.000	89.792	0.011137	247.65	351.22	5.4693	0.69088	1.0123	391.72	0.11418	2.7461e-05	0.037005	supercritical
398.00	93.000	89.544	0.011168	248.38	352.24	5.4718	0.69110	1.0121	392.21	0.11348	2.7506e-05	0.037068	supercritical
399.00	93.000	89.296	0.011199	249.10	353.25	5.4744	0.69132	1.0119	392.69	0.11277	2.7552e-05	0.037132	supercritical
400.00	93.000	89.050	0.011230	249.82	354.26	5.4769	0.69155	1.0117	393.18	0.11208	2.7597e-05	0.037195	supercritical
401.00	93.000	88.806	0.011260	250.55	355.27	5.4794	0.69177	1.0116	393.66	0.11138	2.7642e-05	0.037259	supercritical
402.00	93.000	88.563	0.011291	251.27	356.28	5.4819	0.69200	1.0114	394.14	0.11069	2.7688e-05	0.037322	supercritical
403.00	93.000	88.322	0.011322	252.00	357.29	5.4845	0.69222	1.0113	394.62	0.11000	2.7733e-05	0.037385	supercritical
404.00	93.000	88.082	0.011353	252.72	358.31	5.4870	0.69245	1.0111	395.10	0.10932	2.7778e-05	0.037449	supercritical
405.00	93.000	87.843	0.011384	253.45	359.32	5.4895	0.69268	1.0110	395.58	0.10864	2.7823e-05	0.037512	supercritical
406.00	93.000	87.606	0.011415	254.17	360.33	5.4920	0.69291	1.0108	396.06	0.10796	2.7868e-05	0.037576	supercritical
407.00	93.000	87.370	0.011446	254.89	361.34	5.4944	0.69315	1.0107	396.54	0.10729	2.7913e-05	0.037639	supercritical
408.00	93.000	87.136	0.011476	255.62	362.35	5.4969	0.69338	1.0106	397.02	0.10662	2.7958e-05	0.037703	supercritical
409.00	93.000	86.903	0.011507	256.34	363.36	5.4994	0.69361	1.0104	397.49	0.10596	2.8004e-05	0.037766	supercritical
410.00	93.000	86.672	0.011538	257.07	364.37	5.5019	0.69385	1.0103	397.97	0.10530	2.8048e-05	0.037830	supercritical
411.00	93.000	86.441	0.011569	257.79	365.38	5.5043	0.69409	1.0102	398.44	0.10464	2.8093e-05	0.037893	supercritical
412.00	93.000	86.212	0.011599	258.52	366.39	5.5068	0.69432	1.0101	398.91	0.10399	2.8138e-05	0.037957	supercritical
413.00	93.000	85.985	0.011630	259.24	367.40	5.5092	0.69456	1.0100	399.38	0.10334	2.8183e-05	0.038020	supercritical
414.00	93.000	85.759	0.011661	259.97	368.41	5.5117	0.69480	1.0099	399.85	0.10269	2.8228e-05	0.038083	supercritical
415.00	93.000	85.534	0.011691	260.69	369.42	5.5141	0.69505	1.0098	400.32	0.10205	2.8273e-05	0.038147	supercritical
416.00	93.000	85.310	0.011722	261.42	370.43	5.5165	0.69529	1.0097	400.79	0.10141	2.8318e-05	0.038210	supercritical
417.00	93.000	85.088	0.011753	262.14	371.44	5.5190	0.69553	1.0096	401.26	0.10078	2.8362e-05	0.038274	supercritical
418.00	93.000	84.867	0.011783	262.87	372.45	5.5214	0.69578	1.0095	401.73	0.10015	2.8407e-05	0.038337	supercritical
419.00	93.000	84.647	0.011814	263.59	373.46	5.5238	0.69602	1.0094	402.19	0.099518	2.8452e-05	0.038401	supercritical
420.00	93.000	84.428	0.011844	264.31	374.47	5.5262	0.69627	1.0093	402.66	0.098893	2.8496e-05	0.038464	supercritical
421.00	93.000	84.211	0.011875	265.04	375.48	5.5286	0.69652	1.0093	403.12	0.098271	2.8541e-05	0.038528	supercritical
422.00	93.000	83.995	0.011905	265.76	376.49	5.5310	0.69677	1.0092	403.58	0.097653	2.8586e-05	0.038591	supercritical
423.00	93.000	83.780	0.011936	266.49	377.50	5.5334	0.69702	1.0091	404.04	0.097038	2.8630e-05	0.038655	supercritical
424.00	93.000	83.566	0.011967	267.22	378.50	5.5358	0.69727	1.0091	404.51	0.096427	2.8675e-05	0.038718	supercritical
425.00	93.000	83.354	0.011997	267.94	379.51	5.5381	0.69752	1.0090	404.97	0.095819	2.8719e-05	0.038782	supercritical
426.00	93.000	83.142	0.012028	268.67	380.52	5.5405	0.69777	1.0089	405.43	0.095214	2.8764e-05	0.038845	supercritical
427.00	93.000	82.932	0.012058	269.39	381.53	5.5429	0.69802	1.0089	405.88	0.094613	2.8808e-05	0.038909	supercritical
428.00	93.000	82.723	0.012089	270.12	382.54	5.5452	0.69828	1.0088	406.34	0.094014	2.8852e-05	0.038972	supercritical
429.00	93.000	82.515	0.012119	270.84	383.55	5.5476	0.69853	1.0088	406.80	0.093419	2.8897e-05	0.039036	supercritical
430.00	93.000	82.309	0.012149	271.57	384.56	5.5499	0.69879	1.0088	407.25	0.092828	2.8941e-05	0.039099	supercritical
431.00	93.000	82.103	0.012180	272.29	385.57	5.5523	0.69905	1.0087	407.71	0.092239	2.8985e-05	0.039162	supercritical
432.00	93.000	81.898	0.012210	273.02	386.58	5.5546	0.69931	1.0087	408.16	0.091654	2.9030e-05	0.039226	supercritical
433.00	93.000	81.695	0.012241	273.75	387.58	5.5570	0.69957	1.0087	408.62	0.091071	2.9074e-05	0.039289	supercritical
434.00	93.000	81.493	0.012271	274.47	388.59	5.5593	0.69983	1.0086	409.07	0.090492	2.9118e-05	0.039353	supercritical
435.00	93.000	81.292	0.012301	275.20	389.60	5.5616	0.70009	1.0086	409.52	0.089916	2.9162e-05	0.039416	supercritical
436.00	93.000	81.092	0.012332	275.92	390.61	5.5639	0.70035	1.0086	409.97	0.089343	2.9206e-05	0.039480	supercritical
437.00	93.000	80.892	0.012362	276.65	391.62	5.5662	0.70061	1.0086	410.42	0.088773	2.9250e-05	0.039543	supercritical
438.00	93.000	80.694	0.012392	277.38	392.63	5.5685	0.70087	1.0086	410.87	0.088206	2.9294e-05	0.039606	supercritical
439.00	93.000	80.498	0.012423	278.10	393.64	5.5708	0.70114	1.0085	411.32	0.087642	2.9338e-05	0.039670	supercritical
440.00	93.000	80.302	0.012453	278.83	394.64	5.5731	0.70140	1.0085	411.77	0.087081	2.9382e-05	0.039733	supercritical
441.00	93.000	80.107	0.012483	279.56	395.65	5.5754	0.70167	1.0085	412.21	0.086523	2.9426e-05	0.039797	supercritical
442.00	93.000	79.913	0.012514	280.28	396.66	5.5777	0.70193	1.0085	412.66	0.085968	2.9470e-05	0.039860	supercritical
443.00	93.000	79.720	0.012544	281.01	397.67	5.5800	0.70220	1.0085	413.11	0.085416	2.9514e-05	0.039923	supercritical
444.00	93.000	79.528	0.012574	281.74	398.68	5.5823	0.70247	1.0085	413.55	0.084867	2.9558e-05	0.039987	supercritical
445.00	93.000	79.338	0.012604	282.47	399.69	5.5845	0.70274	1.0085	413.99	0.084321	2.9602e-05	0.040050	supercritical
446.00	93.000	79.148	0.012635	283.19	400.70	5.5868	0.70301	1.0085	414.44	0.083777	2.9645e-05	0.040113	supercritical
447.00	93.000	78.959	0.012665	283.92	401.70	5.5890	0.70328	1.0086	414.88	0.083237	2.9689e-05	0.040177	supercritical
448.00	93.000	78.771	0.012695	284.65	402.71	5.5913	0.70355	1.0086	415.32	0.082699	2.9733e-05	0.040240	supercritical
449.00	93.000	78.584	0.012725	285.38	403.72	5.5936	0.70382	1.0086	415.76	0.082164	2.9776e-05	0.040304	supercritical
450.00	93.000	78.398	0.012755	286.10	404.73	5.5958	0.70409	1.0086	416.20	0.081632	2.9820e-05	0.040367	supercritical
451.00	93.000	78.213	0.012786	286.83	405.74	5.5980	0.70436	1.0086	416.64	0.081102	2.9864e-05	0.040430	supercritical
452.00	93.000	78.029	0.012816	287.56	406.75	5.6003	0.70464	1.0087	417.08	0.080576	2.9907e-05	0.040493	supercritical
453.00	93.000	77.846	0.012846	288.29	407.76	5.6025	0.70491	1.0087	417.51	0.080052	2.9951e-05	0.040557	supercritical
454.00	93.000	77.664	0.012876	289.02	408.76	5.6047	0.70518	1.0087	417.95	0.079531	2.9994e-05	0.040620	supercritical
455.00	93.000	77.483	0.012906	289.75	409.77	5.6069	0.70546	1.0088	418.39	0.079012	3.0038e-05	0.040683	supercritical
456.00	93.000	77.302	0.012936	290.47	410.78	5.6092	0.70574	1.0088	418.82	0.078496	3.0081e-05	0.040747	supercritical
457.00	93.000	77.123	0.012966	291.20	411.79	5.6114	0.70601	1.0088	419.26	0.077983	3.0125e-05	0.040810	supercritical
458.00	93.000	76.944	0.012996	291.93	412.80	5.6136	0.70629	1.0089	419.69	0.077473	3.0168e-05	0.040873	supercritical
459.00	93.000	76.767	0.013027	292.66	413.81	5.6158	0.70657	1.0089	420.12	0.076965	3.0211e-05	0.040936	supercritical
460.00	93.000	76.590	0.013057	293.39	414.82	5.6180	0.70684	1.0090	420.56	0.076460	3.0255e-05	0.041000	supercritical
461.00	93.000	76.414	0.013087	294.12	415.83	5.6202	0.70712	1.0090	420.99	0.075957	3.0298e-05	0.041063	supercritical
462.00	93.000	76.239	0.013117	294.85	416.84	5.6223	0.70740	1.0091	421.42	0.075457	3.0341e-05	0.041126	supercritical
463.00	93.000	76.065	0.013147	295.58	417.84	5.6245	0.70768	1.0091	421.85	0.074959	3.0384e-05	0.041189	supercritical
464.00	93.000	75.891	0.013177	296.31	418.85	5.6267	0.70796	1.0092	422.28	0.074464	3.0427e-05	0.041252	supercritical
465.00	93.000	75.719	0.013207	297.04	419.86	5.6289	0.70824	1.0092	422.71	0.073972	3.0470e-05	0.041316	supercritical
466.00	93.000	75.547	0.013237	297.77	420.87	5.6310	0.70852	1.0093	423.14	0.073482	3.0514e-05	0.041379	supercritical
467.00	93.000	75.376	0.013267	298.50	421.88	5.6332	0.70880	1.0094	423.56	0.072994	3.0557e-05	0.041442	supercritical
468.00	93.000	75.207	0.013297	299.23	422.89	5.6354	0.70909	1.0094	423.99	0.072509	3.0600e-05	0.041505	supercritical
469.00	93.000	75.037	0.013327	299.96	423.90	5.6375	0.70937	1.0095	424.42	0.072027	3.0643e-05	0.041568	supercritical
470.00	93.000	74.869	0.013357	300.69	424.91	5.6397	0.70965	1.0096	424.84	0.071547	3.0686e-05	0.041631	supercritical
471.00	93.000	74.702	0.013387	301.42	425.92	5.6418	0.70993	1.0096	425.27	0.071069	3.0729e-05	0.041694	supercritical
472.00	93.000	74.535	0.013417	302.16	426.93	5.6440	0.71022	1.0097	425.69	0.070594	3.0771e-05	0.041757	supercritical
473.00	93.000	74.369	0.013446	302.89	427.94	5.6461	0.71050	1.0098	426.11	0.070121	3.0814e-05	0.041821	supercritical
474.00	93.000	74.204	0.013476	303.62	428.95	5.6482	0.71079	1.0099	426.53	0.069651	3.0857e-05	0.041884	supercritical
475.00	93.000	74.040	0.013506	304.35	429.96	5.6504	0.71107	1.0100	426.96	0.069182	3.0900e-05	0.041947	supercritical
476.00	93.000	73.876	0.013536	305.08	430.97	5.6525	0.71136	1.0100	427.38	0.068717	3.0943e-05	0.042010	supercritical
477.00	93.000	73.713	0.013566	305.81	431.98	5.6546	0.71164	1.0101	427.80	0.068253	3.0985e-05	0.042073	supercritical
478.00	93.000	73.551	0.013596	306.55	432.99	5.6567	0.71193	1.0102	428.22	0.067792	3.1028e-05	0.042136	supercritical
479.00	93.000	73.390	0.013626	307.28	434.00	5.6588	0.71221	1.0103	428.64	0.067333	3.1071e-05	0.042199	supercritical
480.00	93.000	73.229	0.013656	308.01	435.01	5.6609	0.71250	1.0104	429.06	0.066877	3.1113e-05	0.042262	supercritical
481.00	93.000	73.070	0.013686	308.74	436.02	5.6630	0.71279	1.0105	429.48	0.066422	3.1156e-05	0.042325	supercritical
482.00	93.000	72.911	0.013715	309.48	437.03	5.6651	0.71308	1.0106	429.89	0.065970	3.1199e-05	0.042388	supercritical
483.00	93.000	72.752	0.013745	310.21	438.04	5.6672	0.71336	1.0107	430.31	0.065521	3.1241e-05	0.042451	supercritical
484.00	93.000	72.595	0.013775	310.94	439.05	5.6693	0.71365	1.0108	430.73	0.065073	3.1284e-05	0.042514	supercritical
485.00	93.000	72.438	0.013805	311.68	440.06	5.6714	0.71394	1.0109	431.14	0.064628	3.1326e-05	0.042576	supercritical
486.00	93.000	72.282	0.013835	312.41	441.07	5.6735	0.71423	1.0110	431.56	0.064185	3.1368e-05	0.042639	supercritical
487.00	93.000	72.127	0.013864	313.14	442.08	5.6756	0.71452	1.0111	431.97	0.063744	3.1411e-05	0.042702	supercritical
488.00	93.000	71.972	0.013894	313.88	443.10	5.6776	0.71481	1.0112	432.38	0.063305	3.1453e-05	0.042765	supercritical
489.00	93.000	71.818	0.013924	314.61	444.11	5.6797	0.71510	1.0113	432.80	0.062868	3.1496e-05	0.042828	supercritical
490.00	93.000	71.665	0.013954	315.35	445.12	5.6818	0.71539	1.0114	433.21	0.062434	3.1538e-05	0.042891	supercritical
491.00	93.000	71.512	0.013984	316.08	446.13	5.6838	0.71568	1.0115	433.62	0.062002	3.1580e-05	0.042954	supercritical
492.00	93.000	71.361	0.014013	316.82	447.14	5.6859	0.71597	1.0116	434.03	0.061571	3.1622e-05	0.043017	supercritical
493.00	93.000	71.209	0.014043	317.55	448.15	5.6880	0.71626	1.0117	434.44	0.061143	3.1665e-05	0.043079	supercritical
494.00	93.000	71.059	0.014073	318.29	449.16	5.6900	0.71655	1.0118	434.85	0.060717	3.1707e-05	0.043142	supercritical
495.00	93.000	70.909	0.014103	319.02	450.18	5.6920	0.71684	1.0119	435.26	0.060293	3.1749e-05	0.043205	supercritical
496.00	93.000	70.760	0.014132	319.76	451.19	5.6941	0.71713	1.0120	435.67	0.059872	3.1791e-05	0.043268	supercritical
497.00	93.000	70.612	0.014162	320.49	452.20	5.6961	0.71742	1.0122	436.08	0.059452	3.1833e-05	0.043330	supercritical
498.00	93.000	70.464	0.014192	321.23	453.21	5.6982	0.71771	1.0123	436.49	0.059034	3.1875e-05	0.043393	supercritical
499.00	93.000	70.317	0.014221	321.97	454.22	5.7002	0.71800	1.0124	436.89	0.058618	3.1917e-05	0.043456	supercritical
500.00	93.000	70.170	0.014251	322.70	455.24	5.7022	0.71830	1.0125	437.30	0.058204	3.1959e-05	0.043519	supercritical
501.00	93.000	70.024	0.014281	323.44	456.25	5.7042	0.71859	1.0126	437.71	0.057793	3.2001e-05	0.043581	supercritical
502.00	93.000	69.879	0.014310	324.18	457.26	5.7063	0.71888	1.0128	438.11	0.057383	3.2043e-05	0.043644	supercritical
503.00	93.000	69.735	0.014340	324.91	458.28	5.7083	0.71917	1.0129	438.52	0.056975	3.2085e-05	0.043707	supercritical
504.00	93.000	69.591	0.014370	325.65	459.29	5.7103	0.71947	1.0130	438.92	0.056569	3.2127e-05	0.043769	supercritical
505.00	93.000	69.448	0.014399	326.39	460.30	5.7123	0.71976	1.0132	439.33	0.056166	3.2169e-05	0.043832	supercritical
506.00	93.000	69.305	0.014429	327.13	461.31	5.7143	0.72005	1.0133	439.73	0.055764	3.2210e-05	0.043895	supercritical
507.00	93.000	69.163	0.014459	327.86	462.33	5.7163	0.72035	1.0134	440.13	0.055364	3.2252e-05	0.043957	supercritical
508.00	93.000	69.022	0.014488	328.60	463.34	5.7183	0.72064	1.0136	440.53	0.054966	3.2294e-05	0.044020	supercritical
509.00	93.000	68.881	0.014518	329.34	464.36	5.7203	0.72093	1.0137	440.93	0.054569	3.2336e-05	0.044082	supercritical
510.00	93.000	68.741	0.014547	330.08	465.37	5.7223	0.72123	1.0138	441.34	0.054175	3.2377e-05	0.044145	supercritical
511.00	93.000	68.601	0.014577	330.82	466.38	5.7243	0.72152	1.0140	441.74	0.053783	3.2419e-05	0.044207	supercritical
512.00	93.000	68.462	0.014607	331.56	467.40	5.7263	0.72181	1.0141	442.14	0.053392	3.2461e-05	0.044270	supercritical
513.00	93.000	68.324	0.014636	332.29	468.41	5.7282	0.72211	1.0142	442.53	0.053003	3.2502e-05	0.044332	supercritical
514.00	93.000	68.186	0.014666	333.03	469.43	5.7302	0.72240	1.0144	442.93	0.052617	3.2544e-05	0.044395	supercritical
515.00	93.000	68.049	0.014695	333.77	470.44	5.7322	0.72270	1.0145	443.33	0.052232	3.2585e-05	0.044457	supercritical
516.00	93.000	67.912	0.014725	334.51	471.45	5.7341	0.72299	1.0147	443.73	0.051848	3.2627e-05	0.044520	supercritical
517.00	93.000	67.776	0.014754	335.25	472.47	5.7361	0.72328	1.0148	444.13	0.051467	3.2668e-05	0.044582	supercritical
518.00	93.000	67.641	0.014784	335.99	473.48	5.7381	0.72358	1.0149	444.52	0.051088	3.2710e-05	0.044645	supercritical
519.00	93.000	67.506	0.014814	336.73	474.50	5.7400	0.72387	1.0151	444.92	0.050710	3.2751e-05	0.044707	supercritical
520.00	93.000	67.371	0.014843	337.47	475.51	5.7420	0.72417	1.0152	445.31	0.050334	3.2792e-05	0.044769	supercritical
521.00	93.000	67.238	0.014873	338.21	476.53	5.7439	0.72446	1.0154	445.71	0.049960	3.2834e-05	0.044832	supercritical
522.00	93.000	67.105	0.014902	338.96	477.54	5.7459	0.72476	1.0155	446.10	0.049587	3.2875e-05	0.044894	supercritical
523.00	93.000	66.972	0.014932	339.70	478.56	5.7478	0.72505	1.0157	446.50	0.049216	3.2916e-05	0.044956	supercritical
524.00	93.000	66.840	0.014961	340.44	479.58	5.7498	0.72535	1.0158	446.89	0.048847	3.2957e-05	0.045019	supercritical
525.00	93.000	66.708	0.014991	341.18	480.59	5.7517	0.72564	1.0160	447.28	0.048480	3.2999e-05	0.045081	supercritical
526.00	93.000	66.577	0.015020	341.92	481.61	5.7536	0.72593	1.0161	447.68	0.048115	3.3040e-05	0.045143	supercritical
527.00	93.000	66.447	0.015050	342.66	482.62	5.7556	0.72623	1.0163	448.07	0.047751	3.3081e-05	0.045206	supercritical
528.00	93.000	66.317	0.015079	343.41	483.64	5.7575	0.72652	1.0165	448.46	0.047389	3.3122e-05	0.045268	supercritical
529.00	93.000	66.188	0.015109	344.15	484.66	5.7594	0.72682	1.0166	448.85	0.047028	3.3163e-05	0.045330	supercritical
530.00	93.000	66.059	0.015138	344.89	485.67	5.7613	0.72711	1.0168	449.24	0.046669	3.3204e-05	0.045392	supercritical
531.00	93.000	65.931	0.015167	345.63	486.69	5.7633	0.72741	1.0169	449.63	0.046312	3.3245e-05	0.045455	supercritical
532.00	93.000	65.803	0.015197	346.38	487.71	5.7652	0.72770	1.0171	450.02	0.045957	3.3286e-05	0.045517	supercritical
533.00	93.000	65.676	0.015226	347.12	488.72	5.7671	0.72800	1.0172	450.41	0.045603	3.3327e-05	0.045579	supercritical
534.00	93.000	65.549	0.015256	347.86	489.74	5.7690	0.72829	1.0174	450.80	0.045251	3.3368e-05	0.045641	supercritical
535.00	93.000	65.423	0.015285	348.61	490.76	5.7709	0.72859	1.0176	451.19	0.044900	3.3409e-05	0.045703	supercritical
536.00	93.000	65.297	0.015315	349.35	491.78	5.7728	0.72888	1.0177	451.57	0.044551	3.3450e-05	0.045765	supercritical
537.00	93.000	65.172	0.015344	350.10	492.80	5.7747	0.72917	1.0179	451.96	0.044204	3.3491e-05	0.045827	supercritical
538.00	93.000	65.047	0.015373	350.84	493.81	5.7766	0.72947	1.0181	452.35	0.043858	3.3532e-05	0.045889	supercritical
539.00	93.000	64.923	0.015403	351.58	494.83	5.7785	0.72976	1.0182	452.73	0.043514	3.3572e-05	0.045952	supercritical
540.00	93.000	64.799	0.015432	352.33	495.85	5.7804	0.73006	1.0184	453.12	0.043171	3.3613e-05	0.046014	supercritical
541.00	93.000	64.676	0.015462	353.07	496.87	5.7822	0.73035	1.0185	453.50	0.042830	3.3654e-05	0.046076	supercritical
542.00	93.000	64.554	0.015491	353.82	497.89	5.7841	0.73065	1.0187	453.89	0.042491	3.3695e-05	0.046138	supercritical
543.00	93.000	64.431	0.015520	354.57	498.91	5.7860	0.73094	1.0189	454.27	0.042153	3.3735e-05	0.046200	supercritical
544.00	93.000	64.310	0.015550	355.31	499.92	5.7879	0.73123	1.0190	454.66	0.041816	3.3776e-05	0.046262	supercritical
545.00	93.000	64.188	0.015579	356.06	500.94	5.7897	0.73153	1.0192	455.04	0.041481	3.3816e-05	0.046324	supercritical
546.00	93.000	64.068	0.015608	356.80	501.96	5.7916	0.73182	1.0194	455.42	0.041148	3.3857e-05	0.046386	supercritical
547.00	93.000	63.947	0.015638	357.55	502.98	5.7935	0.73212	1.0196	455.81	0.040816	3.3898e-05	0.046447	supercritical
548.00	93.000	63.828	0.015667	358.30	504.00	5.7953	0.73241	1.0197	456.19	0.040486	3.3938e-05	0.046509	supercritical
549.00	93.000	63.708	0.015697	359.04	505.02	5.7972	0.73270	1.0199	456.57	0.040157	3.3979e-05	0.046571	supercritical
550.00	93.000	63.589	0.015726	359.79	506.04	5.7991	0.73300	1.0201	456.95	0.039830	3.4019e-05	0.046633	supercritical
551.00	93.000	63.471	0.015755	360.54	507.06	5.8009	0.73329	1.0202	457.33	0.039504	3.4059e-05	0.046695	supercritical
552.00	93.000	63.353	0.015785	361.29	508.08	5.8028	0.73358	1.0204	457.71	0.039179	3.4100e-05	0.046757	supercritical
553.00	93.000	63.236	0.015814	362.03	509.10	5.8046	0.73388	1.0206	458.09	0.038856	3.4140e-05	0.046819	supercritical
554.00	93.000	63.119	0.015843	362.78	510.12	5.8065	0.73417	1.0208	458.47	0.038535	3.4181e-05	0.046880	supercritical
555.00	93.000	63.002	0.015872	363.53	511.14	5.8083	0.73446	1.0209	458.85	0.038215	3.4221e-05	0.046942	supercritical
556.00	93.000	62.886	0.015902	364.28	512.17	5.8101	0.73475	1.0211	459.23	0.037896	3.4261e-05	0.047004	supercritical
557.00	93.000	62.771	0.015931	365.03	513.19	5.8120	0.73505	1.0213	459.60	0.037579	3.4301e-05	0.047066	supercritical
558.00	93.000	62.655	0.015960	365.78	514.21	5.8138	0.73534	1.0215	459.98	0.037263	3.4342e-05	0.047127	supercritical
559.00	93.000	62.541	0.015990	366.53	515.23	5.8156	0.73563	1.0217	460.36	0.036949	3.4382e-05	0.047189	supercritical
560.00	93.000	62.426	0.016019	367.28	516.25	5.8175	0.73592	1.0218	460.74	0.036636	3.4422e-05	0.047251	supercritical
561.00	93.000	62.312	0.016048	368.03	517.27	5.8193	0.73622	1.0220	461.11	0.036324	3.4462e-05	0.047313	supercritical
562.00	93.000	62.199	0.016077	368.78	518.30	5.8211	0.73651	1.0222	461.49	0.036014	3.4502e-05	0.047374	supercritical
563.00	93.000	62.086	0.016107	369.53	519.32	5.8229	0.73680	1.0224	461.86	0.035705	3.4542e-05	0.047436	supercritical
564.00	93.000	61.973	0.016136	370.28	520.34	5.8247	0.73709	1.0226	462.24	0.035398	3.4582e-05	0.047497	supercritical
565.00	93.000	61.861	0.016165	371.03	521.36	5.8265	0.73738	1.0227	462.61	0.035092	3.4622e-05	0.047559	supercritical
566.00	93.000	61.750	0.016194	371.78	522.39	5.8284	0.73767	1.0229	462.99	0.034787	3.4662e-05	0.047621	supercritical
567.00	93.000	61.638	0.016224	372.53	523.41	5.8302	0.73796	1.0231	463.36	0.034483	3.4702e-05	0.047682	supercritical
568.00	93.000	61.527	0.016253	373.28	524.43	5.8320	0.73825	1.0233	463.73	0.034181	3.4742e-05	0.047744	supercritical
569.00	93.000	61.417	0.016282	374.03	525.46	5.8338	0.73855	1.0235	464.11	0.033881	3.4782e-05	0.047805	supercritical
570.00	93.000	61.307	0.016311	374.78	526.48	5.8356	0.73884	1.0237	464.48	0.033581	3.4822e-05	0.047867	supercritical
571.00	93.000	61.197	0.016341	375.54	527.50	5.8374	0.73913	1.0238	464.85	0.033283	3.4862e-05	0.047928	supercritical
572.00	93.000	61.088	0.016370	376.29	528.53	5.8391	0.73942	1.0240	465.22	0.032986	3.4902e-05	0.047990	supercritical
573.00	93.000	60.979	0.016399	377.04	529.55	5.8409	0.73971	1.0242	465.59	0.032691	3.4942e-05	0.048051	supercritical
574.00	93.000	60.871	0.016428	377.79	530.57	5.8427	0.74000	1.0244	465.96	0.032396	3.4981e-05	0.048113	supercritical
575.00	93.000	60.763	0.016457	378.55	531.60	5.8445	0.74028	1.0246	466.33	0.032104	3.5021e-05	0.048174	supercritical
576.00	93.000	60.655	0.016487	379.30	532.62	5.8463	0.74057	1.0248	466.70	0.031812	3.5061e-05	0.048235	supercritical
577.00	93.000	60.548	0.016516	380.05	533.65	5.8481	0.74086	1.0250	467.07	0.031521	3.5101e-05	0.048297	supercritical
578.00	93.000	60.441	0.016545	380.81	534.67	5.8498	0.74115	1.0251	467.44	0.031232	3.5140e-05	0.048358	supercritical
579.00	93.000	60.335	0.016574	381.56	535.70	5.8516	0.74144	1.0253	467.81	0.030944	3.5180e-05	0.048420	supercritical
580.00	93.000	60.229	0.016603	382.31	536.72	5.8534	0.74173	1.0255	468.18	0.030658	3.5220e-05	0.048481	supercritical
581.00	93.000	60.123	0.016632	383.07	537.75	5.8551	0.74202	1.0257	468.55	0.030372	3.5259e-05	0.048542	supercritical
582.00	93.000	60.018	0.016662	383.82	538.78	5.8569	0.74230	1.0259	468.92	0.030088	3.5299e-05	0.048604	supercritical
583.00	93.000	59.913	0.016691	384.58	539.80	5.8587	0.74259	1.0261	469.28	0.029805	3.5338e-05	0.048665	supercritical
584.00	93.000	59.809	0.016720	385.33	540.83	5.8604	0.74288	1.0263	469.65	0.029524	3.5378e-05	0.048726	supercritical
585.00	93.000	59.705	0.016749	386.09	541.85	5.8622	0.74317	1.0265	470.02	0.029243	3.5417e-05	0.048787	supercritical
586.00	93.000	59.601	0.016778	386.84	542.88	5.8639	0.74345	1.0267	470.38	0.028964	3.5457e-05	0.048849	supercritical
587.00	93.000	59.498	0.016807	387.60	543.91	5.8657	0.74374	1.0268	470.75	0.028686	3.5496e-05	0.048910	supercritical
588.00	93.000	59.395	0.016836	388.36	544.93	5.8674	0.74403	1.0270	471.11	0.028409	3.5535e-05	0.048971	supercritical
589.00	93.000	59.292	0.016866	389.11	545.96	5.8692	0.74431	1.0272	471.48	0.028133	3.5575e-05	0.049032	supercritical
590.00	93.000	59.190	0.016895	389.87	546.99	5.8709	0.74460	1.0274	471.84	0.027859	3.5614e-05	0.049093	supercritical
591.00	93.000	59.088	0.016924	390.62	548.02	5.8727	0.74489	1.0276	472.21	0.027585	3.5653e-05	0.049154	supercritical
592.00	93.000	58.987	0.016953	391.38	549.04	5.8744	0.74517	1.0278	472.57	0.027313	3.5693e-05	0.049215	supercritical
593.00	93.000	58.886	0.016982	392.14	550.07	5.8761	0.74546	1.0280	472.93	0.027042	3.5732e-05	0.049277	supercritical
594.00	93.000	58.785	0.017011	392.90	551.10	5.8779	0.74574	1.0282	473.30	0.026772	3.5771e-05	0.049338	supercritical
595.00	93.000	58.685	0.017040	393.65	552.13	5.8796	0.74603	1.0284	473.66	0.026503	3.5810e-05	0.049399	supercritical
596.00	93.000	58.584	0.017069	394.41	553.16	5.8813	0.74631	1.0286	474.02	0.026236	3.5850e-05	0.049460	supercritical
597.00	93.000	58.485	0.017098	395.17	554.19	5.8831	0.74659	1.0288	474.38	0.025969	3.5889e-05	0.049521	supercritical
598.00	93.000	58.385	0.017128	395.93	555.21	5.8848	0.74688	1.0290	474.74	0.025704	3.5928e-05	0.049582	supercritical
599.00	93.000	58.287	0.017157	396.69	556.24	5.8865	0.74716	1.0292	475.11	0.025440	3.5967e-05	0.049643	supercritical
600.00	93.000	58.188	0.017186	397.45	557.27	5.8882	0.74745	1.0294	475.47	0.025176	3.6006e-05	0.049704	supercritical
