Temperature (K)	Pressure (bar)	Density (kg/m3)	Volume (m3/kg)	Internal Energy (kJ/kg)	Enthalpy (kJ/kg)	Entropy (J/g*K)	Cv (J/g*K)	Cp (J/g*K)	Sound Spd. (m/s)	Joule-Thomson (K/bar)	Viscosity (Pa*s)	Therm. Cond. (W/m*K)	Phase
60.000	160.00	1300.4	0.00076899	-186.55	-174.25	2.2163	1.0946	1.6423	1170.1	-0.037938	0.00065410	0.20030	liquid
61.000	160.00	1296.3	0.00077144	-184.95	-172.60	2.2435	1.0879	1.6451	1166.1	-0.037775	0.00062345	0.19903	liquid
62.000	160.00	1292.1	0.00077391	-183.34	-170.96	2.2703	1.0818	1.6474	1161.5	-0.037631	0.00059485	0.19776	liquid
63.000	160.00	1288.0	0.00077640	-181.73	-169.31	2.2966	1.0761	1.6491	1156.4	-0.037505	0.00056813	0.19649	liquid
64.000	160.00	1283.8	0.00077892	-180.12	-167.66	2.3226	1.0708	1.6503	1150.8	-0.037393	0.00054316	0.19522	liquid
65.000	160.00	1279.7	0.00078146	-178.51	-166.01	2.3482	1.0657	1.6511	1144.9	-0.037293	0.00051981	0.19395	liquid
66.000	160.00	1275.5	0.00078402	-176.90	-164.36	2.3734	1.0608	1.6515	1138.8	-0.037203	0.00049795	0.19268	liquid
67.000	160.00	1271.3	0.00078660	-175.29	-162.71	2.3983	1.0560	1.6516	1132.5	-0.037121	0.00047749	0.19141	liquid
68.000	160.00	1267.1	0.00078920	-173.68	-161.05	2.4227	1.0513	1.6514	1126.0	-0.037044	0.00045830	0.19015	liquid
69.000	160.00	1262.9	0.00079182	-172.07	-159.40	2.4468	1.0467	1.6510	1119.3	-0.036972	0.00044030	0.18888	liquid
70.000	160.00	1258.7	0.00079446	-170.46	-157.75	2.4706	1.0422	1.6504	1112.6	-0.036902	0.00042340	0.18761	liquid
71.000	160.00	1254.5	0.00079712	-168.86	-156.10	2.4940	1.0377	1.6497	1105.8	-0.036833	0.00040751	0.18634	liquid
72.000	160.00	1250.3	0.00079980	-167.25	-154.45	2.5171	1.0332	1.6489	1098.9	-0.036765	0.00039257	0.18507	liquid
73.000	160.00	1246.1	0.00080249	-165.64	-152.80	2.5398	1.0288	1.6480	1092.0	-0.036695	0.00037850	0.18381	liquid
74.000	160.00	1241.9	0.00080521	-164.04	-151.16	2.5622	1.0244	1.6471	1085.1	-0.036624	0.00036524	0.18254	liquid
75.000	160.00	1237.7	0.00080795	-162.44	-149.51	2.5843	1.0201	1.6462	1078.2	-0.036550	0.00035272	0.18127	liquid
76.000	160.00	1233.5	0.00081071	-160.84	-147.86	2.6061	1.0157	1.6452	1071.2	-0.036472	0.00034091	0.18001	liquid
77.000	160.00	1229.3	0.00081350	-159.24	-146.22	2.6276	1.0114	1.6443	1064.2	-0.036390	0.00032974	0.17874	liquid
78.000	160.00	1225.0	0.00081630	-157.64	-144.58	2.6488	1.0072	1.6434	1057.3	-0.036304	0.00031917	0.17748	liquid
79.000	160.00	1220.8	0.00081913	-156.04	-142.93	2.6697	1.0029	1.6425	1050.3	-0.036213	0.00030916	0.17621	liquid
80.000	160.00	1216.6	0.00082198	-154.44	-141.29	2.6904	0.99875	1.6417	1043.4	-0.036116	0.00029967	0.17494	liquid
81.000	160.00	1212.3	0.00082486	-152.85	-139.65	2.7108	0.99460	1.6409	1036.4	-0.036013	0.00029067	0.17368	liquid
82.000	160.00	1208.1	0.00082776	-151.25	-138.01	2.7309	0.99048	1.6403	1029.5	-0.035903	0.00028212	0.17241	liquid
83.000	160.00	1203.8	0.00083068	-149.66	-136.37	2.7508	0.98641	1.6397	1022.5	-0.035787	0.00027399	0.17114	liquid
84.000	160.00	1199.6	0.00083364	-148.07	-134.73	2.7704	0.98239	1.6392	1015.6	-0.035664	0.00026625	0.16987	liquid
85.000	160.00	1195.3	0.00083661	-146.48	-133.09	2.7898	0.97840	1.6387	1008.7	-0.035534	0.00025888	0.16861	liquid
86.000	160.00	1191.0	0.00083962	-144.89	-131.45	2.8090	0.97446	1.6384	1001.8	-0.035396	0.00025185	0.16734	liquid
87.000	160.00	1186.7	0.00084265	-143.30	-129.81	2.8279	0.97057	1.6382	994.91	-0.035250	0.00024515	0.16607	liquid
88.000	160.00	1182.4	0.00084572	-141.71	-128.18	2.8467	0.96673	1.6381	988.03	-0.035096	0.00023874	0.16480	liquid
89.000	160.00	1178.1	0.00084881	-140.12	-126.54	2.8652	0.96293	1.6380	981.16	-0.034934	0.00023262	0.16353	liquid
90.000	160.00	1173.8	0.00085193	-138.53	-124.90	2.8835	0.95917	1.6381	974.30	-0.034764	0.00022676	0.16226	liquid
91.000	160.00	1169.5	0.00085509	-136.94	-123.26	2.9016	0.95547	1.6383	967.45	-0.034584	0.00022114	0.16099	liquid
92.000	160.00	1165.1	0.00085827	-135.35	-121.62	2.9195	0.95181	1.6386	960.61	-0.034396	0.00021576	0.15972	liquid
93.000	160.00	1160.8	0.00086149	-133.77	-119.98	2.9372	0.94820	1.6390	953.77	-0.034199	0.00021060	0.15845	liquid
94.000	160.00	1156.4	0.00086475	-132.18	-118.34	2.9547	0.94464	1.6394	946.94	-0.033993	0.00020564	0.15718	liquid
95.000	160.00	1152.0	0.00086803	-130.59	-116.70	2.9721	0.94112	1.6401	940.12	-0.033777	0.00020087	0.15591	liquid
96.000	160.00	1147.6	0.00087136	-129.01	-115.06	2.9893	0.93765	1.6408	933.30	-0.033551	0.00019629	0.15464	liquid
97.000	160.00	1143.2	0.00087472	-127.42	-113.42	3.0063	0.93422	1.6416	926.49	-0.033315	0.00019188	0.15337	liquid
98.000	160.00	1138.8	0.00087812	-125.83	-111.78	3.0231	0.93084	1.6425	919.69	-0.033069	0.00018762	0.15209	liquid
99.000	160.00	1134.4	0.00088155	-124.24	-110.14	3.0398	0.92751	1.6435	912.89	-0.032813	0.00018352	0.15082	liquid
100.00	160.00	1129.9	0.00088503	-122.65	-108.49	3.0563	0.92422	1.6447	906.09	-0.032546	0.00017956	0.14955	liquid
101.00	160.00	1125.4	0.00088855	-121.07	-106.85	3.0727	0.92098	1.6460	899.29	-0.032269	0.00017574	0.14828	liquid
102.00	160.00	1120.9	0.00089211	-119.48	-105.20	3.0889	0.91778	1.6473	892.50	-0.031980	0.00017205	0.14701	liquid
103.00	160.00	1116.4	0.00089571	-117.89	-103.55	3.1050	0.91462	1.6488	885.71	-0.031679	0.00016847	0.14574	liquid
104.00	160.00	1111.9	0.00089936	-116.29	-101.90	3.1209	0.91151	1.6504	878.92	-0.031367	0.00016502	0.14447	liquid
105.00	160.00	1107.4	0.00090305	-114.70	-100.25	3.1367	0.90844	1.6521	872.13	-0.031043	0.00016167	0.14319	liquid
106.00	160.00	1102.8	0.00090679	-113.11	-98.600	3.1524	0.90541	1.6539	865.34	-0.030707	0.00015842	0.14192	liquid
107.00	160.00	1098.2	0.00091058	-111.51	-96.945	3.1679	0.90242	1.6558	858.56	-0.030358	0.00015527	0.14065	liquid
108.00	160.00	1093.6	0.00091442	-109.92	-95.288	3.1833	0.89948	1.6579	851.77	-0.029996	0.00015221	0.13938	liquid
109.00	160.00	1089.0	0.00091831	-108.32	-93.630	3.1986	0.89657	1.6600	844.98	-0.029620	0.00014924	0.13812	liquid
110.00	160.00	1084.3	0.00092225	-106.72	-91.968	3.2138	0.89371	1.6623	838.19	-0.029231	0.00014635	0.13685	liquid
111.00	160.00	1079.6	0.00092624	-105.12	-90.305	3.2289	0.89088	1.6647	831.40	-0.028828	0.00014355	0.13558	liquid
112.00	160.00	1074.9	0.00093029	-103.52	-88.639	3.2438	0.88809	1.6672	824.60	-0.028410	0.00014082	0.13431	liquid
113.00	160.00	1070.2	0.00093439	-101.92	-86.970	3.2586	0.88535	1.6699	817.81	-0.027977	0.00013816	0.13305	liquid
114.00	160.00	1065.5	0.00093856	-100.32	-85.299	3.2734	0.88264	1.6727	811.01	-0.027529	0.00013557	0.13179	liquid
115.00	160.00	1060.7	0.00094278	-98.709	-83.625	3.2880	0.87997	1.6755	804.21	-0.027065	0.00013305	0.13053	liquid
116.00	160.00	1055.9	0.00094707	-97.101	-81.948	3.3025	0.87733	1.6786	797.41	-0.026584	0.00013059	0.12927	liquid
117.00	160.00	1051.1	0.00095142	-95.490	-80.268	3.3169	0.87474	1.6817	790.60	-0.026086	0.00012818	0.12802	liquid
118.00	160.00	1046.2	0.00095583	-93.878	-78.584	3.3312	0.87218	1.6850	783.79	-0.025571	0.00012584	0.12677	liquid
119.00	160.00	1041.3	0.00096032	-92.263	-76.898	3.3455	0.86966	1.6884	776.97	-0.025038	0.00012355	0.12551	liquid
120.00	160.00	1036.4	0.00096487	-90.645	-75.207	3.3596	0.86718	1.6920	770.15	-0.024486	0.00012132	0.12427	liquid
121.00	160.00	1031.5	0.00096949	-89.026	-73.514	3.3737	0.86473	1.6957	763.33	-0.023915	0.00011913	0.12302	liquid
122.00	160.00	1026.5	0.00097419	-87.403	-71.816	3.3876	0.86232	1.6995	756.50	-0.023324	0.00011700	0.12178	liquid
123.00	160.00	1021.5	0.00097897	-85.778	-70.115	3.4015	0.85995	1.7035	749.67	-0.022713	0.00011491	0.12053	liquid
124.00	160.00	1016.4	0.00098382	-84.150	-68.409	3.4153	0.85761	1.7077	742.83	-0.022079	0.00011286	0.11930	liquid
125.00	160.00	1011.4	0.00098875	-82.519	-66.699	3.4291	0.85531	1.7120	735.99	-0.021424	0.00011086	0.11806	liquid
126.00	160.00	1006.3	0.00099377	-80.885	-64.985	3.4427	0.85305	1.7165	729.14	-0.020746	0.00010890	0.11683	liquid
127.00	160.00	1001.1	0.00099888	-79.248	-63.266	3.4563	0.85082	1.7211	722.29	-0.020044	0.00010698	0.11560	liquid
128.00	160.00	995.95	0.0010041	-77.608	-61.543	3.4698	0.84863	1.7259	715.44	-0.019317	0.00010510	0.11437	liquid
129.00	160.00	990.73	0.0010094	-75.964	-59.814	3.4833	0.84648	1.7309	708.58	-0.018565	0.00010325	0.11315	liquid
130.00	160.00	985.48	0.0010147	-74.317	-58.081	3.4967	0.84436	1.7360	701.71	-0.017786	0.00010145	0.11193	liquid
131.00	160.00	980.18	0.0010202	-72.666	-56.342	3.5100	0.84228	1.7414	694.84	-0.016979	9.9673e-05	0.11071	liquid
132.00	160.00	974.85	0.0010258	-71.011	-54.598	3.5233	0.84024	1.7469	687.96	-0.016144	9.7934e-05	0.10950	liquid
133.00	160.00	969.47	0.0010315	-69.352	-52.848	3.5365	0.83823	1.7526	681.08	-0.015279	9.6227e-05	0.10829	liquid
134.00	160.00	964.05	0.0010373	-67.689	-51.093	3.5496	0.83626	1.7586	674.20	-0.014384	9.4552e-05	0.10709	liquid
135.00	160.00	958.59	0.0010432	-66.022	-49.331	3.5627	0.83432	1.7647	667.31	-0.013456	9.2908e-05	0.10589	liquid
136.00	160.00	953.08	0.0010492	-64.351	-47.563	3.5758	0.83243	1.7710	660.42	-0.012495	9.1294e-05	0.10469	liquid
137.00	160.00	947.53	0.0010554	-62.675	-45.789	3.5888	0.83057	1.7776	653.52	-0.011499	8.9709e-05	0.10350	liquid
138.00	160.00	941.93	0.0010616	-60.994	-44.008	3.6017	0.82875	1.7844	646.62	-0.010467	8.8152e-05	0.10232	liquid
139.00	160.00	936.28	0.0010681	-59.309	-42.220	3.6146	0.82696	1.7914	639.72	-0.0093973	8.6622e-05	0.10114	liquid
140.00	160.00	930.58	0.0010746	-57.619	-40.425	3.6275	0.82522	1.7987	632.82	-0.0082888	8.5120e-05	0.099965	liquid
141.00	160.00	924.83	0.0010813	-55.923	-38.623	3.6403	0.82351	1.8062	625.91	-0.0071396	8.3643e-05	0.098797	liquid
142.00	160.00	919.03	0.0010881	-54.222	-36.813	3.6531	0.82184	1.8140	619.01	-0.0059481	8.2192e-05	0.097635	liquid
143.00	160.00	913.17	0.0010951	-52.516	-34.995	3.6659	0.82022	1.8220	612.10	-0.0047126	8.0766e-05	0.096480	liquid
144.00	160.00	907.26	0.0011022	-50.804	-33.168	3.6786	0.81863	1.8303	605.19	-0.0034313	7.9364e-05	0.095330	liquid
145.00	160.00	901.29	0.0011095	-49.086	-31.334	3.6913	0.81708	1.8389	598.29	-0.0021022	7.7986e-05	0.094187	liquid
146.00	160.00	895.26	0.0011170	-47.363	-29.491	3.7040	0.81557	1.8477	591.38	-0.00072354	7.6631e-05	0.093051	liquid
147.00	160.00	889.17	0.0011246	-45.633	-27.638	3.7166	0.81410	1.8569	584.48	0.00070682	7.5299e-05	0.091922	liquid
148.00	160.00	883.02	0.0011325	-43.896	-25.777	3.7292	0.81268	1.8664	577.59	0.0021910	7.3990e-05	0.090800	liquid
149.00	160.00	876.81	0.0011405	-42.154	-23.906	3.7418	0.81129	1.8761	570.70	0.0037311	7.2702e-05	0.089685	liquid
150.00	160.00	870.53	0.0011487	-40.404	-22.024	3.7544	0.80995	1.8862	563.82	0.0053294	7.1435e-05	0.088578	liquid
151.00	160.00	864.18	0.0011572	-38.648	-20.133	3.7670	0.80864	1.8966	556.95	0.0069884	7.0190e-05	0.087480	liquid
152.00	160.00	857.77	0.0011658	-36.884	-18.231	3.7795	0.80738	1.9074	550.09	0.0087102	6.8965e-05	0.086389	liquid
153.00	160.00	851.29	0.0011747	-35.113	-16.318	3.7921	0.80616	1.9184	543.24	0.010498	6.7761e-05	0.085306	liquid
154.00	160.00	844.73	0.0011838	-33.335	-14.394	3.8046	0.80499	1.9298	536.41	0.012353	6.6576e-05	0.084233	liquid
155.00	160.00	838.11	0.0011932	-31.549	-12.458	3.8171	0.80385	1.9416	529.60	0.014279	6.5411e-05	0.083168	supercritical
156.00	160.00	831.41	0.0012028	-29.755	-10.511	3.8297	0.80276	1.9537	522.80	0.016278	6.4266e-05	0.082112	supercritical
157.00	160.00	824.63	0.0012127	-27.954	-8.5509	3.8422	0.80171	1.9661	516.04	0.018353	6.3140e-05	0.081065	supercritical
158.00	160.00	817.77	0.0012228	-26.144	-6.5784	3.8547	0.80070	1.9789	509.29	0.020506	6.2032e-05	0.080028	supercritical
159.00	160.00	810.84	0.0012333	-24.325	-4.5929	3.8672	0.79974	1.9921	502.58	0.022741	6.0943e-05	0.079000	supercritical
160.00	160.00	803.83	0.0012440	-22.499	-2.5941	3.8798	0.79881	2.0056	495.91	0.025060	5.9873e-05	0.077982	supercritical
161.00	160.00	796.73	0.0012551	-20.664	-0.58166	3.8923	0.79793	2.0194	489.27	0.027465	5.8820e-05	0.076975	supercritical
162.00	160.00	789.56	0.0012665	-18.820	1.4447	3.9049	0.79708	2.0335	482.67	0.029959	5.7786e-05	0.075978	supercritical
163.00	160.00	782.30	0.0012783	-16.967	3.4854	3.9174	0.79627	2.0479	476.12	0.032545	5.6769e-05	0.074991	supercritical
164.00	160.00	774.95	0.0012904	-15.106	5.5407	3.9300	0.79550	2.0626	469.63	0.035225	5.5769e-05	0.074015	supercritical
165.00	160.00	767.53	0.0013029	-13.235	7.6108	3.9426	0.79476	2.0776	463.19	0.038001	5.4787e-05	0.073049	supercritical
166.00	160.00	760.01	0.0013158	-11.356	9.6960	3.9552	0.79405	2.0928	456.81	0.040875	5.3823e-05	0.072095	supercritical
167.00	160.00	752.42	0.0013291	-9.4683	11.797	3.9678	0.79338	2.1082	450.51	0.043849	5.2875e-05	0.071152	supercritical
168.00	160.00	744.73	0.0013428	-7.5717	13.913	3.9804	0.79273	2.1238	444.27	0.046924	5.1945e-05	0.070220	supercritical
169.00	160.00	736.97	0.0013569	-5.6665	16.044	3.9931	0.79211	2.1394	438.12	0.050100	5.1031e-05	0.069300	supercritical
170.00	160.00	729.12	0.0013715	-3.7529	18.191	4.0057	0.79151	2.1551	432.06	0.053377	5.0134e-05	0.068391	supercritical
171.00	160.00	721.20	0.0013866	-1.8311	20.354	4.0184	0.79093	2.1707	426.09	0.056756	4.9254e-05	0.067493	supercritical
172.00	160.00	713.19	0.0014021	0.098327	22.533	4.0311	0.79036	2.1862	420.23	0.060235	4.8391e-05	0.066607	supercritical
173.00	160.00	705.12	0.0014182	2.0351	24.726	4.0438	0.78981	2.2014	414.47	0.063813	4.7545e-05	0.065734	supercritical
174.00	160.00	696.97	0.0014348	3.9788	26.935	4.0566	0.78927	2.2164	408.84	0.067485	4.6716e-05	0.064872	supercritical
175.00	160.00	688.76	0.0014519	5.9287	29.159	4.0693	0.78874	2.2309	403.33	0.071249	4.5903e-05	0.064021	supercritical
176.00	160.00	680.48	0.0014695	7.8841	31.397	4.0821	0.78820	2.2448	397.95	0.075100	4.5108e-05	0.063183	supercritical
177.00	160.00	672.16	0.0014878	9.8443	33.648	4.0948	0.78767	2.2581	392.71	0.079032	4.4329e-05	0.062357	supercritical
178.00	160.00	663.78	0.0015065	11.808	35.913	4.1076	0.78713	2.2705	387.62	0.083039	4.3568e-05	0.061543	supercritical
179.00	160.00	655.37	0.0015259	13.775	38.189	4.1203	0.78658	2.2821	382.69	0.087113	4.2823e-05	0.060742	supercritical
180.00	160.00	646.92	0.0015458	15.744	40.477	4.1331	0.78602	2.2926	377.92	0.091247	4.2097e-05	0.059952	supercritical
181.00	160.00	638.45	0.0015663	17.713	42.774	4.1458	0.78543	2.3019	373.31	0.095430	4.1387e-05	0.059175	supercritical
182.00	160.00	629.98	0.0015874	19.682	45.080	4.1585	0.78483	2.3099	368.89	0.099655	4.0696e-05	0.058410	supercritical
183.00	160.00	621.50	0.0016090	21.649	47.393	4.1712	0.78420	2.3165	364.63	0.10391	4.0022e-05	0.057658	supercritical
184.00	160.00	613.03	0.0016313	23.612	49.712	4.1838	0.78355	2.3217	360.56	0.10819	3.9366e-05	0.056919	supercritical
185.00	160.00	604.58	0.0016541	25.571	52.036	4.1964	0.78285	2.3253	356.68	0.11247	3.8729e-05	0.056192	supercritical
186.00	160.00	596.16	0.0016774	27.524	54.362	4.2090	0.78212	2.3274	352.98	0.11676	3.8109e-05	0.055479	supercritical
187.00	160.00	587.78	0.0017013	29.469	56.690	4.2214	0.78135	2.3277	349.46	0.12103	3.7508e-05	0.054778	supercritical
188.00	160.00	579.47	0.0017257	31.406	59.017	4.2339	0.78053	2.3265	346.13	0.12528	3.6924e-05	0.054091	supercritical
189.00	160.00	571.21	0.0017507	33.332	61.343	4.2462	0.77967	2.3235	342.99	0.12950	3.6360e-05	0.053417	supercritical
190.00	160.00	563.04	0.0017761	35.246	63.664	4.2584	0.77876	2.3188	340.03	0.13367	3.5813e-05	0.052757	supercritical
191.00	160.00	554.95	0.0018020	37.148	65.980	4.2706	0.77779	2.3125	337.24	0.13778	3.5284e-05	0.052111	supercritical
192.00	160.00	546.95	0.0018283	39.035	68.288	4.2826	0.77677	2.3045	334.64	0.14183	3.4774e-05	0.051479	supercritical
193.00	160.00	539.07	0.0018551	40.907	70.588	4.2946	0.77570	2.2949	332.20	0.14579	3.4282e-05	0.050861	supercritical
194.00	160.00	531.29	0.0018822	42.762	72.878	4.3064	0.77458	2.2838	329.94	0.14967	3.3807e-05	0.050258	supercritical
195.00	160.00	523.64	0.0019097	44.600	75.155	4.3181	0.77341	2.2712	327.84	0.15345	3.3350e-05	0.049669	supercritical
196.00	160.00	516.12	0.0019375	46.419	77.420	4.3297	0.77219	2.2573	325.89	0.15712	3.2911e-05	0.049095	supercritical
197.00	160.00	508.74	0.0019656	48.219	79.669	4.3412	0.77093	2.2421	324.10	0.16068	3.2488e-05	0.048536	supercritical
198.00	160.00	501.50	0.0019940	49.999	81.903	4.3525	0.76962	2.2257	322.45	0.16411	3.2083e-05	0.047992	supercritical
199.00	160.00	494.40	0.0020227	51.758	84.120	4.3637	0.76828	2.2083	320.94	0.16742	3.1694e-05	0.047464	supercritical
200.00	160.00	487.45	0.0020515	53.495	86.320	4.3747	0.76690	2.1899	319.57	0.17059	3.1322e-05	0.046950	supercritical
201.00	160.00	480.65	0.0020805	55.212	88.500	4.3856	0.76549	2.1708	318.32	0.17363	3.0965e-05	0.046452	supercritical
202.00	160.00	474.00	0.0021097	56.906	90.661	4.3963	0.76406	2.1510	317.20	0.17653	3.0624e-05	0.045970	supercritical
203.00	160.00	467.51	0.0021390	58.578	92.802	4.4068	0.76260	2.1306	316.19	0.17929	3.0298e-05	0.045502	supercritical
204.00	160.00	461.17	0.0021684	60.228	94.922	4.4173	0.76113	2.1098	315.28	0.18190	2.9987e-05	0.045050	supercritical
205.00	160.00	454.98	0.0021979	61.855	97.021	4.4275	0.75965	2.0887	314.48	0.18438	2.9689e-05	0.044612	supercritical
206.00	160.00	448.95	0.0022274	63.461	99.099	4.4376	0.75815	2.0674	313.78	0.18672	2.9406e-05	0.044190	supercritical
207.00	160.00	443.07	0.0022570	65.044	101.16	4.4476	0.75666	2.0459	313.17	0.18892	2.9135e-05	0.043782	supercritical
208.00	160.00	437.34	0.0022866	66.606	103.19	4.4574	0.75516	2.0244	312.64	0.19098	2.8878e-05	0.043388	supercritical
209.00	160.00	431.75	0.0023161	68.147	105.20	4.4671	0.75366	2.0029	312.19	0.19291	2.8633e-05	0.043008	supercritical
210.00	160.00	426.31	0.0023457	69.666	107.20	4.4766	0.75217	1.9816	311.82	0.19471	2.8399e-05	0.042643	supercritical
211.00	160.00	421.01	0.0023752	71.165	109.17	4.4859	0.75069	1.9604	311.51	0.19638	2.8177e-05	0.042291	supercritical
212.00	160.00	415.85	0.0024047	72.643	111.12	4.4952	0.74922	1.9394	311.28	0.19793	2.7965e-05	0.041952	supercritical
213.00	160.00	410.83	0.0024341	74.101	113.05	4.5042	0.74776	1.9187	311.10	0.19936	2.7765e-05	0.041626	supercritical
214.00	160.00	405.93	0.0024635	75.540	114.96	4.5132	0.74631	1.8983	310.98	0.20068	2.7574e-05	0.041312	supercritical
215.00	160.00	401.17	0.0024927	76.960	116.84	4.5220	0.74489	1.8782	310.91	0.20188	2.7392e-05	0.041011	supercritical
216.00	160.00	396.52	0.0025219	78.361	118.71	4.5307	0.74348	1.8585	310.89	0.20298	2.7220e-05	0.040722	supercritical
217.00	160.00	392.00	0.0025510	79.745	120.56	4.5392	0.74209	1.8392	310.91	0.20398	2.7057e-05	0.040444	supercritical
218.00	160.00	387.60	0.0025800	81.110	122.39	4.5476	0.74072	1.8203	310.98	0.20488	2.6902e-05	0.040177	supercritical
219.00	160.00	383.30	0.0026089	82.459	124.20	4.5559	0.73937	1.8018	311.09	0.20568	2.6754e-05	0.039920	supercritical
220.00	160.00	379.12	0.0026377	83.791	125.99	4.5641	0.73805	1.7837	311.24	0.20640	2.6615e-05	0.039674	supercritical
221.00	160.00	375.04	0.0026663	85.108	127.77	4.5721	0.73675	1.7661	311.42	0.20703	2.6483e-05	0.039439	supercritical
222.00	160.00	371.07	0.0026949	86.408	129.53	4.5800	0.73547	1.7488	311.63	0.20757	2.6357e-05	0.039212	supercritical
223.00	160.00	367.20	0.0027233	87.694	131.27	4.5879	0.73422	1.7320	311.87	0.20804	2.6239e-05	0.038995	supercritical
224.00	160.00	363.42	0.0027516	88.965	132.99	4.5956	0.73299	1.7157	312.14	0.20843	2.6126e-05	0.038788	supercritical
225.00	160.00	359.74	0.0027798	90.221	134.70	4.6032	0.73178	1.6997	312.44	0.20875	2.6020e-05	0.038588	supercritical
226.00	160.00	356.14	0.0028079	91.464	136.39	4.6107	0.73060	1.6842	312.75	0.20900	2.5920e-05	0.038397	supercritical
227.00	160.00	352.63	0.0028358	92.694	138.07	4.6181	0.72945	1.6690	313.10	0.20919	2.5825e-05	0.038215	supercritical
228.00	160.00	349.21	0.0028636	93.911	139.73	4.6254	0.72832	1.6543	313.46	0.20931	2.5735e-05	0.038039	supercritical
229.00	160.00	345.86	0.0028913	95.115	141.38	4.6326	0.72722	1.6400	313.84	0.20938	2.5651e-05	0.037872	supercritical
230.00	160.00	342.60	0.0029189	96.307	143.01	4.6397	0.72613	1.6260	314.24	0.20939	2.5571e-05	0.037711	supercritical
231.00	160.00	339.41	0.0029463	97.487	144.63	4.6467	0.72508	1.6125	314.66	0.20935	2.5496e-05	0.037558	supercritical
232.00	160.00	336.29	0.0029736	98.656	146.23	4.6537	0.72405	1.5993	315.09	0.20926	2.5425e-05	0.037411	supercritical
233.00	160.00	333.25	0.0030008	99.814	147.83	4.6605	0.72304	1.5864	315.53	0.20912	2.5358e-05	0.037271	supercritical
234.00	160.00	330.27	0.0030278	100.96	149.41	4.6673	0.72205	1.5740	315.99	0.20893	2.5295e-05	0.037136	supercritical
235.00	160.00	327.36	0.0030548	102.10	150.97	4.6740	0.72109	1.5618	316.47	0.20871	2.5237e-05	0.037008	supercritical
236.00	160.00	324.51	0.0030816	103.23	152.53	4.6806	0.72015	1.5500	316.95	0.20844	2.5182e-05	0.036885	supercritical
237.00	160.00	321.72	0.0031083	104.34	154.07	4.6871	0.71924	1.5385	317.44	0.20813	2.5130e-05	0.036768	supercritical
238.00	160.00	319.00	0.0031348	105.45	155.61	4.6936	0.71834	1.5274	317.95	0.20779	2.5082e-05	0.036657	supercritical
239.00	160.00	316.33	0.0031613	106.55	157.13	4.7000	0.71747	1.5165	318.46	0.20741	2.5037e-05	0.036550	supercritical
240.00	160.00	313.71	0.0031876	107.64	158.64	4.7063	0.71662	1.5059	318.99	0.20700	2.4995e-05	0.036448	supercritical
241.00	160.00	311.16	0.0032138	108.72	160.14	4.7125	0.71579	1.4956	319.52	0.20656	2.4956e-05	0.036351	supercritical
242.00	160.00	308.65	0.0032399	109.79	161.63	4.7187	0.71498	1.4856	320.06	0.20609	2.4920e-05	0.036259	supercritical
243.00	160.00	306.19	0.0032659	110.86	163.11	4.7248	0.71419	1.4759	320.60	0.20559	2.4886e-05	0.036171	supercritical
244.00	160.00	303.79	0.0032918	111.92	164.58	4.7308	0.71342	1.4664	321.15	0.20507	2.4856e-05	0.036087	supercritical
245.00	160.00	301.43	0.0033175	112.97	166.05	4.7368	0.71267	1.4572	321.71	0.20452	2.4827e-05	0.036008	supercritical
246.00	160.00	299.12	0.0033432	114.01	167.50	4.7427	0.71194	1.4482	322.27	0.20395	2.4801e-05	0.035932	supercritical
247.00	160.00	296.85	0.0033687	115.04	168.94	4.7486	0.71123	1.4395	322.84	0.20335	2.4778e-05	0.035860	supercritical
248.00	160.00	294.62	0.0033942	116.07	170.38	4.7544	0.71053	1.4310	323.41	0.20274	2.4756e-05	0.035792	supercritical
249.00	160.00	292.44	0.0034195	117.09	171.80	4.7601	0.70986	1.4227	323.99	0.20211	2.4737e-05	0.035727	supercritical
250.00	160.00	290.30	0.0034447	118.11	173.22	4.7658	0.70920	1.4146	324.57	0.20146	2.4720e-05	0.035666	supercritical
251.00	160.00	288.20	0.0034699	119.12	174.63	4.7714	0.70855	1.4067	325.16	0.20079	2.4705e-05	0.035608	supercritical
252.00	160.00	286.13	0.0034949	120.12	176.04	4.7770	0.70793	1.3991	325.74	0.20010	2.4691e-05	0.035553	supercritical
253.00	160.00	284.11	0.0035198	121.11	177.43	4.7825	0.70732	1.3916	326.34	0.19940	2.4679e-05	0.035502	supercritical
254.00	160.00	282.12	0.0035446	122.11	178.82	4.7880	0.70672	1.3843	326.93	0.19869	2.4670e-05	0.035453	supercritical
255.00	160.00	280.16	0.0035694	123.09	180.20	4.7934	0.70615	1.3772	327.53	0.19796	2.4661e-05	0.035407	supercritical
256.00	160.00	278.24	0.0035940	124.07	181.57	4.7988	0.70558	1.3703	328.12	0.19722	2.4655e-05	0.035364	supercritical
257.00	160.00	276.35	0.0036186	125.04	182.94	4.8041	0.70503	1.3635	328.73	0.19647	2.4650e-05	0.035324	supercritical
258.00	160.00	274.50	0.0036430	126.01	184.30	4.8094	0.70450	1.3569	329.33	0.19571	2.4646e-05	0.035286	supercritical
259.00	160.00	272.67	0.0036674	126.98	185.65	4.8147	0.70398	1.3505	329.93	0.19494	2.4644e-05	0.035251	supercritical
260.00	160.00	270.88	0.0036917	127.94	187.00	4.8199	0.70347	1.3442	330.54	0.19416	2.4643e-05	0.035218	supercritical
261.00	160.00	269.12	0.0037159	128.89	188.34	4.8250	0.70298	1.3381	331.15	0.19336	2.4644e-05	0.035188	supercritical
262.00	160.00	267.38	0.0037400	129.84	189.68	4.8301	0.70250	1.3321	331.75	0.19257	2.4646e-05	0.035160	supercritical
263.00	160.00	265.67	0.0037640	130.78	191.01	4.8352	0.70203	1.3263	332.36	0.19176	2.4649e-05	0.035134	supercritical
264.00	160.00	264.00	0.0037879	131.72	192.33	4.8402	0.70158	1.3206	332.97	0.19095	2.4653e-05	0.035110	supercritical
265.00	160.00	262.34	0.0038118	132.66	193.65	4.8452	0.70114	1.3151	333.58	0.19013	2.4659e-05	0.035088	supercritical
266.00	160.00	260.72	0.0038356	133.59	194.96	4.8501	0.70071	1.3096	334.20	0.18930	2.4665e-05	0.035068	supercritical
267.00	160.00	259.12	0.0038593	134.52	196.27	4.8550	0.70029	1.3043	334.81	0.18847	2.4673e-05	0.035050	supercritical
268.00	160.00	257.54	0.0038829	135.44	197.57	4.8599	0.69988	1.2991	335.42	0.18763	2.4682e-05	0.035034	supercritical
269.00	160.00	255.99	0.0039065	136.36	198.87	4.8647	0.69949	1.2941	336.03	0.18679	2.4691e-05	0.035020	supercritical
270.00	160.00	254.46	0.0039299	137.28	200.16	4.8695	0.69910	1.2891	336.65	0.18595	2.4702e-05	0.035007	supercritical
271.00	160.00	252.95	0.0039533	138.19	201.44	4.8743	0.69873	1.2843	337.26	0.18510	2.4713e-05	0.034997	supercritical
272.00	160.00	251.47	0.0039766	139.10	202.73	4.8790	0.69837	1.2795	337.87	0.18425	2.4726e-05	0.034988	supercritical
273.00	160.00	250.01	0.0039999	140.01	204.00	4.8837	0.69801	1.2749	338.49	0.18339	2.4739e-05	0.034980	supercritical
274.00	160.00	248.57	0.0040231	140.91	205.28	4.8883	0.69767	1.2704	339.10	0.18253	2.4753e-05	0.034974	supercritical
275.00	160.00	247.15	0.0040462	141.81	206.54	4.8930	0.69734	1.2660	339.71	0.18167	2.4768e-05	0.034970	supercritical
276.00	160.00	245.75	0.0040692	142.70	207.81	4.8975	0.69702	1.2616	340.32	0.18081	2.4784e-05	0.034967	supercritical
277.00	160.00	244.37	0.0040922	143.59	209.07	4.9021	0.69670	1.2574	340.93	0.17995	2.4801e-05	0.034965	supercritical
278.00	160.00	243.01	0.0041151	144.48	210.32	4.9066	0.69640	1.2533	341.55	0.17908	2.4818e-05	0.034965	supercritical
279.00	160.00	241.67	0.0041380	145.37	211.57	4.9111	0.69611	1.2492	342.16	0.17822	2.4836e-05	0.034966	supercritical
280.00	160.00	240.34	0.0041607	146.25	212.82	4.9156	0.69582	1.2452	342.77	0.17735	2.4855e-05	0.034968	supercritical
281.00	160.00	239.04	0.0041835	147.13	214.07	4.9200	0.69554	1.2414	343.38	0.17648	2.4874e-05	0.034972	supercritical
282.00	160.00	237.75	0.0042061	148.01	215.30	4.9244	0.69528	1.2376	343.99	0.17561	2.4894e-05	0.034977	supercritical
283.00	160.00	236.48	0.0042287	148.88	216.54	4.9288	0.69502	1.2338	344.59	0.17474	2.4914e-05	0.034982	supercritical
284.00	160.00	235.23	0.0042512	149.75	217.77	4.9331	0.69476	1.2302	345.20	0.17387	2.4936e-05	0.034990	supercritical
285.00	160.00	233.99	0.0042737	150.62	219.00	4.9374	0.69452	1.2266	345.81	0.17300	2.4957e-05	0.034998	supercritical
286.00	160.00	232.77	0.0042961	151.49	220.23	4.9417	0.69429	1.2231	346.42	0.17213	2.4980e-05	0.035007	supercritical
287.00	160.00	231.56	0.0043185	152.35	221.45	4.9460	0.69406	1.2197	347.02	0.17127	2.5003e-05	0.035017	supercritical
288.00	160.00	230.37	0.0043408	153.21	222.66	4.9502	0.69384	1.2163	347.63	0.17040	2.5026e-05	0.035029	supercritical
289.00	160.00	229.20	0.0043630	154.07	223.88	4.9544	0.69363	1.2130	348.23	0.16953	2.5050e-05	0.035041	supercritical
290.00	160.00	228.04	0.0043852	154.93	225.09	4.9586	0.69342	1.2098	348.83	0.16867	2.5074e-05	0.035054	supercritical
291.00	160.00	226.90	0.0044073	155.78	226.30	4.9628	0.69322	1.2067	349.43	0.16780	2.5099e-05	0.035068	supercritical
292.00	160.00	225.76	0.0044294	156.63	227.50	4.9669	0.69303	1.2036	350.03	0.16694	2.5125e-05	0.035083	supercritical
293.00	160.00	224.65	0.0044514	157.48	228.71	4.9710	0.69285	1.2005	350.63	0.16607	2.5151e-05	0.035099	supercritical
294.00	160.00	223.54	0.0044734	158.33	229.91	4.9751	0.69267	1.1975	351.23	0.16521	2.5177e-05	0.035115	supercritical
295.00	160.00	222.45	0.0044953	159.18	231.10	4.9792	0.69250	1.1946	351.83	0.16435	2.5204e-05	0.035133	supercritical
296.00	160.00	221.38	0.0045172	160.02	232.29	4.9832	0.69234	1.1918	352.43	0.16350	2.5231e-05	0.035151	supercritical
297.00	160.00	220.31	0.0045390	160.86	233.48	4.9872	0.69218	1.1889	353.02	0.16264	2.5258e-05	0.035169	supercritical
298.00	160.00	219.26	0.0045608	161.70	234.67	4.9912	0.69203	1.1862	353.61	0.16179	2.5286e-05	0.035189	supercritical
299.00	160.00	218.22	0.0045825	162.54	235.86	4.9952	0.69189	1.1835	354.21	0.16093	2.5314e-05	0.035209	supercritical
300.00	160.00	217.20	0.0046042	163.37	237.04	4.9991	0.69175	1.1808	354.80	0.16008	2.5343e-05	0.035229	supercritical
301.00	160.00	216.18	0.0046258	164.21	238.22	5.0031	0.69162	1.1782	355.39	0.15923	2.5372e-05	0.035250	supercritical
302.00	160.00	215.18	0.0046474	165.04	239.40	5.0070	0.69149	1.1757	355.98	0.15839	2.5401e-05	0.035272	supercritical
303.00	160.00	214.18	0.0046689	165.87	240.57	5.0109	0.69137	1.1732	356.57	0.15755	2.5431e-05	0.035294	supercritical
304.00	160.00	213.20	0.0046904	166.70	241.74	5.0147	0.69126	1.1707	357.15	0.15670	2.5461e-05	0.035316	supercritical
305.00	160.00	212.23	0.0047118	167.52	242.91	5.0186	0.69115	1.1683	357.74	0.15587	2.5492e-05	0.035338	supercritical
306.00	160.00	211.27	0.0047332	168.35	244.08	5.0224	0.69104	1.1659	358.32	0.15503	2.5522e-05	0.035360	supercritical
307.00	160.00	210.32	0.0047546	169.17	245.24	5.0262	0.69095	1.1636	358.91	0.15420	2.5553e-05	0.035381	supercritical
308.00	160.00	209.39	0.0047759	169.99	246.41	5.0300	0.69085	1.1613	359.49	0.15336	2.5584e-05	0.035400	supercritical
309.00	160.00	208.46	0.0047971	170.81	247.57	5.0337	0.69077	1.1591	360.07	0.15254	2.5616e-05	0.035410	supercritical
310.00	160.00	207.54	0.0048184	171.63	248.72	5.0375	0.69068	1.1569	360.65	0.15171	2.5648e-05	0.035431	supercritical
311.00	160.00	206.63	0.0048396	172.45	249.88	5.0412	0.69061	1.1547	361.23	0.15089	2.5680e-05	0.035465	supercritical
312.00	160.00	205.73	0.0048607	173.26	251.03	5.0449	0.69054	1.1526	361.81	0.15007	2.5712e-05	0.035500	supercritical
313.00	160.00	204.84	0.0048818	174.08	252.19	5.0486	0.69047	1.1505	362.38	0.14925	2.5745e-05	0.035535	supercritical
314.00	160.00	203.96	0.0049029	174.89	253.34	5.0522	0.69041	1.1485	362.96	0.14844	2.5778e-05	0.035571	supercritical
315.00	160.00	203.09	0.0049239	175.70	254.48	5.0559	0.69035	1.1465	363.53	0.14762	2.5811e-05	0.035607	supercritical
316.00	160.00	202.23	0.0049449	176.51	255.63	5.0595	0.69030	1.1445	364.10	0.14681	2.5844e-05	0.035644	supercritical
317.00	160.00	201.38	0.0049658	177.32	256.77	5.0631	0.69025	1.1426	364.67	0.14601	2.5877e-05	0.035681	supercritical
318.00	160.00	200.53	0.0049867	178.13	257.91	5.0667	0.69021	1.1407	365.24	0.14521	2.5911e-05	0.035719	supercritical
319.00	160.00	199.70	0.0050076	178.93	259.05	5.0703	0.69017	1.1388	365.81	0.14441	2.5945e-05	0.035757	supercritical
320.00	160.00	198.87	0.0050284	179.74	260.19	5.0739	0.69014	1.1370	366.38	0.14361	2.5979e-05	0.035795	supercritical
321.00	160.00	198.05	0.0050492	180.54	261.33	5.0774	0.69011	1.1352	366.94	0.14282	2.6014e-05	0.035834	supercritical
322.00	160.00	197.24	0.0050700	181.34	262.46	5.0809	0.69008	1.1334	367.51	0.14203	2.6048e-05	0.035873	supercritical
323.00	160.00	196.44	0.0050907	182.14	263.59	5.0844	0.69006	1.1316	368.07	0.14124	2.6083e-05	0.035912	supercritical
324.00	160.00	195.64	0.0051114	182.94	264.72	5.0879	0.69005	1.1299	368.63	0.14045	2.6118e-05	0.035952	supercritical
325.00	160.00	194.85	0.0051321	183.74	265.85	5.0914	0.69004	1.1282	369.19	0.13967	2.6153e-05	0.035993	supercritical
326.00	160.00	194.07	0.0051527	184.54	266.98	5.0949	0.69003	1.1266	369.75	0.13889	2.6188e-05	0.036033	supercritical
327.00	160.00	193.30	0.0051733	185.33	268.11	5.0983	0.69002	1.1250	370.31	0.13812	2.6223e-05	0.036074	supercritical
328.00	160.00	192.54	0.0051938	186.13	269.23	5.1018	0.69002	1.1234	370.87	0.13735	2.6259e-05	0.036116	supercritical
329.00	160.00	191.78	0.0052144	186.92	270.35	5.1052	0.69003	1.1218	371.42	0.13658	2.6295e-05	0.036157	supercritical
330.00	160.00	191.03	0.0052349	187.72	271.47	5.1086	0.69004	1.1202	371.98	0.13581	2.6331e-05	0.036199	supercritical
331.00	160.00	190.28	0.0052553	188.51	272.59	5.1120	0.69005	1.1187	372.53	0.13505	2.6367e-05	0.036242	supercritical
332.00	160.00	189.55	0.0052757	189.30	273.71	5.1153	0.69006	1.1172	373.08	0.13429	2.6403e-05	0.036284	supercritical
333.00	160.00	188.82	0.0052961	190.09	274.83	5.1187	0.69008	1.1158	373.63	0.13354	2.6439e-05	0.036327	supercritical
334.00	160.00	188.09	0.0053165	190.88	275.94	5.1220	0.69011	1.1143	374.18	0.13279	2.6476e-05	0.036371	supercritical
335.00	160.00	187.38	0.0053368	191.67	277.06	5.1254	0.69013	1.1129	374.73	0.13204	2.6512e-05	0.036414	supercritical
336.00	160.00	186.67	0.0053571	192.46	278.17	5.1287	0.69016	1.1115	375.27	0.13129	2.6549e-05	0.036458	supercritical
337.00	160.00	185.96	0.0053774	193.24	279.28	5.1320	0.69020	1.1101	375.82	0.13055	2.6586e-05	0.036502	supercritical
338.00	160.00	185.27	0.0053976	194.03	280.39	5.1353	0.69024	1.1088	376.36	0.12981	2.6623e-05	0.036547	supercritical
339.00	160.00	184.57	0.0054179	194.81	281.50	5.1386	0.69028	1.1075	376.90	0.12907	2.6660e-05	0.036591	supercritical
340.00	160.00	183.89	0.0054380	195.60	282.60	5.1418	0.69032	1.1062	377.45	0.12834	2.6697e-05	0.036636	supercritical
341.00	160.00	183.21	0.0054582	196.38	283.71	5.1451	0.69037	1.1049	377.99	0.12761	2.6735e-05	0.036681	supercritical
342.00	160.00	182.54	0.0054783	197.16	284.81	5.1483	0.69042	1.1036	378.52	0.12688	2.6772e-05	0.036727	supercritical
343.00	160.00	181.87	0.0054984	197.94	285.92	5.1515	0.69047	1.1024	379.06	0.12616	2.6810e-05	0.036773	supercritical
344.00	160.00	181.21	0.0055185	198.72	287.02	5.1547	0.69053	1.1012	379.60	0.12544	2.6847e-05	0.036819	supercritical
345.00	160.00	180.55	0.0055385	199.50	288.12	5.1579	0.69059	1.1000	380.13	0.12472	2.6885e-05	0.036865	supercritical
346.00	160.00	179.90	0.0055586	200.28	289.22	5.1611	0.69066	1.0988	380.67	0.12401	2.6923e-05	0.036911	supercritical
347.00	160.00	179.26	0.0055785	201.06	290.32	5.1643	0.69072	1.0976	381.20	0.12330	2.6961e-05	0.036958	supercritical
348.00	160.00	178.62	0.0055985	201.84	291.41	5.1674	0.69080	1.0965	381.73	0.12259	2.6999e-05	0.037005	supercritical
349.00	160.00	177.99	0.0056184	202.62	292.51	5.1706	0.69087	1.0954	382.26	0.12189	2.7037e-05	0.037052	supercritical
350.00	160.00	177.36	0.0056384	203.39	293.61	5.1737	0.69094	1.0943	382.79	0.12119	2.7075e-05	0.037099	supercritical
351.00	160.00	176.73	0.0056582	204.17	294.70	5.1768	0.69102	1.0932	383.32	0.12049	2.7114e-05	0.037147	supercritical
352.00	160.00	176.12	0.0056781	204.94	295.79	5.1799	0.69111	1.0921	383.85	0.11979	2.7152e-05	0.037195	supercritical
353.00	160.00	175.50	0.0056979	205.72	296.88	5.1830	0.69119	1.0911	384.37	0.11910	2.7191e-05	0.037243	supercritical
354.00	160.00	174.89	0.0057177	206.49	297.97	5.1861	0.69128	1.0900	384.89	0.11842	2.7229e-05	0.037291	supercritical
355.00	160.00	174.29	0.0057375	207.26	299.06	5.1892	0.69137	1.0890	385.42	0.11773	2.7268e-05	0.037339	supercritical
356.00	160.00	173.69	0.0057573	208.03	300.15	5.1923	0.69146	1.0880	385.94	0.11705	2.7307e-05	0.037388	supercritical
357.00	160.00	173.10	0.0057770	208.81	301.24	5.1953	0.69156	1.0870	386.46	0.11637	2.7345e-05	0.037436	supercritical
358.00	160.00	172.51	0.0057967	209.58	302.33	5.1983	0.69166	1.0861	386.98	0.11570	2.7384e-05	0.037485	supercritical
359.00	160.00	171.93	0.0058164	210.35	303.41	5.2014	0.69176	1.0851	387.50	0.11502	2.7423e-05	0.037535	supercritical
360.00	160.00	171.35	0.0058361	211.12	304.50	5.2044	0.69187	1.0842	388.01	0.11435	2.7462e-05	0.037584	supercritical
361.00	160.00	170.77	0.0058557	211.89	305.58	5.2074	0.69197	1.0833	388.53	0.11369	2.7501e-05	0.037633	supercritical
362.00	160.00	170.20	0.0058754	212.66	306.66	5.2104	0.69208	1.0824	389.05	0.11303	2.7540e-05	0.037683	supercritical
363.00	160.00	169.64	0.0058950	213.42	307.74	5.2134	0.69220	1.0815	389.56	0.11237	2.7579e-05	0.037733	supercritical
364.00	160.00	169.07	0.0059145	214.19	308.83	5.2163	0.69231	1.0806	390.07	0.11171	2.7619e-05	0.037783	supercritical
365.00	160.00	168.52	0.0059341	214.96	309.91	5.2193	0.69243	1.0797	390.58	0.11105	2.7658e-05	0.037833	supercritical
366.00	160.00	167.96	0.0059536	215.73	310.98	5.2223	0.69255	1.0789	391.09	0.11040	2.7697e-05	0.037883	supercritical
367.00	160.00	167.42	0.0059731	216.49	312.06	5.2252	0.69267	1.0781	391.60	0.10976	2.7737e-05	0.037934	supercritical
368.00	160.00	166.87	0.0059926	217.26	313.14	5.2281	0.69280	1.0772	392.11	0.10911	2.7776e-05	0.037984	supercritical
369.00	160.00	166.33	0.0060121	218.02	314.22	5.2311	0.69292	1.0764	392.62	0.10847	2.7815e-05	0.038035	supercritical
370.00	160.00	165.80	0.0060315	218.79	315.29	5.2340	0.69305	1.0756	393.12	0.10783	2.7855e-05	0.038086	supercritical
371.00	160.00	165.26	0.0060510	219.55	316.37	5.2369	0.69319	1.0749	393.63	0.10720	2.7895e-05	0.038137	supercritical
372.00	160.00	164.73	0.0060704	220.32	317.44	5.2398	0.69332	1.0741	394.13	0.10656	2.7934e-05	0.038188	supercritical
373.00	160.00	164.21	0.0060898	221.08	318.52	5.2426	0.69346	1.0733	394.63	0.10594	2.7974e-05	0.038240	supercritical
374.00	160.00	163.69	0.0061091	221.84	319.59	5.2455	0.69360	1.0726	395.13	0.10531	2.8014e-05	0.038291	supercritical
375.00	160.00	163.17	0.0061285	222.61	320.66	5.2484	0.69374	1.0719	395.64	0.10469	2.8053e-05	0.038343	supercritical
376.00	160.00	162.66	0.0061478	223.37	321.73	5.2512	0.69388	1.0712	396.13	0.10406	2.8093e-05	0.038395	supercritical
377.00	160.00	162.15	0.0061671	224.13	322.80	5.2541	0.69402	1.0705	396.63	0.10345	2.8133e-05	0.038447	supercritical
378.00	160.00	161.65	0.0061864	224.89	323.87	5.2569	0.69417	1.0698	397.13	0.10283	2.8173e-05	0.038499	supercritical
379.00	160.00	161.14	0.0062056	225.65	324.94	5.2597	0.69432	1.0691	397.63	0.10222	2.8213e-05	0.038551	supercritical
380.00	160.00	160.65	0.0062249	226.41	326.01	5.2626	0.69447	1.0684	398.12	0.10161	2.8253e-05	0.038603	supercritical
381.00	160.00	160.15	0.0062441	227.18	327.08	5.2654	0.69463	1.0678	398.61	0.10101	2.8293e-05	0.038655	supercritical
382.00	160.00	159.66	0.0062633	227.94	328.15	5.2682	0.69478	1.0671	399.11	0.10040	2.8333e-05	0.038708	supercritical
383.00	160.00	159.17	0.0062825	228.69	329.22	5.2710	0.69494	1.0665	399.60	0.099803	2.8373e-05	0.038760	supercritical
384.00	160.00	158.69	0.0063017	229.45	330.28	5.2737	0.69510	1.0658	400.09	0.099205	2.8413e-05	0.038813	supercritical
385.00	160.00	158.21	0.0063209	230.21	331.35	5.2765	0.69526	1.0652	400.58	0.098611	2.8453e-05	0.038866	supercritical
386.00	160.00	157.73	0.0063400	230.97	332.41	5.2793	0.69543	1.0646	401.07	0.098019	2.8493e-05	0.038919	supercritical
387.00	160.00	157.25	0.0063591	231.73	333.48	5.2820	0.69559	1.0640	401.55	0.097430	2.8533e-05	0.038972	supercritical
388.00	160.00	156.78	0.0063782	232.49	334.54	5.2848	0.69576	1.0634	402.04	0.096844	2.8573e-05	0.039025	supercritical
389.00	160.00	156.32	0.0063973	233.25	335.60	5.2875	0.69593	1.0629	402.53	0.096261	2.8613e-05	0.039079	supercritical
390.00	160.00	155.85	0.0064164	234.00	336.67	5.2902	0.69610	1.0623	403.01	0.095680	2.8653e-05	0.039132	supercritical
391.00	160.00	155.39	0.0064354	234.76	337.73	5.2929	0.69628	1.0617	403.50	0.095102	2.8694e-05	0.039185	supercritical
392.00	160.00	154.93	0.0064544	235.52	338.79	5.2957	0.69645	1.0612	403.98	0.094527	2.8734e-05	0.039239	supercritical
393.00	160.00	154.48	0.0064735	236.27	339.85	5.2984	0.69663	1.0607	404.46	0.093955	2.8774e-05	0.039293	supercritical
394.00	160.00	154.02	0.0064925	237.03	340.91	5.3011	0.69681	1.0601	404.94	0.093385	2.8814e-05	0.039347	supercritical
395.00	160.00	153.58	0.0065114	237.79	341.97	5.3037	0.69699	1.0596	405.42	0.092819	2.8855e-05	0.039400	supercritical
396.00	160.00	153.13	0.0065304	238.54	343.03	5.3064	0.69717	1.0591	405.90	0.092254	2.8895e-05	0.039454	supercritical
397.00	160.00	152.69	0.0065494	239.30	344.09	5.3091	0.69735	1.0586	406.38	0.091693	2.8935e-05	0.039508	supercritical
398.00	160.00	152.25	0.0065683	240.05	345.15	5.3118	0.69754	1.0581	406.85	0.091134	2.8976e-05	0.039563	supercritical
399.00	160.00	151.81	0.0065872	240.81	346.21	5.3144	0.69772	1.0576	407.33	0.090578	2.9016e-05	0.039617	supercritical
400.00	160.00	151.37	0.0066061	241.56	347.26	5.3171	0.69791	1.0572	407.80	0.090024	2.9056e-05	0.039671	supercritical
401.00	160.00	150.94	0.0066250	242.32	348.32	5.3197	0.69810	1.0567	408.28	0.089473	2.9097e-05	0.039726	supercritical
402.00	160.00	150.51	0.0066439	243.07	349.38	5.3223	0.69830	1.0562	408.75	0.088925	2.9137e-05	0.039780	supercritical
403.00	160.00	150.09	0.0066627	243.83	350.43	5.3250	0.69849	1.0558	409.22	0.088379	2.9178e-05	0.039835	supercritical
404.00	160.00	149.67	0.0066816	244.58	351.49	5.3276	0.69869	1.0554	409.69	0.087836	2.9218e-05	0.039889	supercritical
405.00	160.00	149.24	0.0067004	245.34	352.54	5.3302	0.69888	1.0549	410.16	0.087296	2.9258e-05	0.039944	supercritical
406.00	160.00	148.83	0.0067192	246.09	353.60	5.3328	0.69908	1.0545	410.63	0.086758	2.9299e-05	0.039999	supercritical
407.00	160.00	148.41	0.0067380	246.84	354.65	5.3354	0.69928	1.0541	411.10	0.086222	2.9339e-05	0.040054	supercritical
408.00	160.00	148.00	0.0067568	247.60	355.71	5.3380	0.69948	1.0537	411.57	0.085690	2.9380e-05	0.040109	supercritical
409.00	160.00	147.59	0.0067756	248.35	356.76	5.3405	0.69968	1.0533	412.03	0.085159	2.9420e-05	0.040164	supercritical
410.00	160.00	147.18	0.0067943	249.10	357.81	5.3431	0.69989	1.0529	412.50	0.084631	2.9461e-05	0.040219	supercritical
411.00	160.00	146.78	0.0068130	249.86	358.86	5.3457	0.70009	1.0525	412.96	0.084106	2.9501e-05	0.040274	supercritical
412.00	160.00	146.38	0.0068318	250.61	359.92	5.3482	0.70030	1.0521	413.43	0.083583	2.9542e-05	0.040329	supercritical
413.00	160.00	145.98	0.0068505	251.36	360.97	5.3508	0.70051	1.0517	413.89	0.083063	2.9582e-05	0.040384	supercritical
414.00	160.00	145.58	0.0068692	252.11	362.02	5.3533	0.70072	1.0514	414.35	0.082545	2.9623e-05	0.040440	supercritical
415.00	160.00	145.18	0.0068879	252.87	363.07	5.3559	0.70093	1.0510	414.81	0.082030	2.9663e-05	0.040495	supercritical
416.00	160.00	144.79	0.0069065	253.62	364.12	5.3584	0.70114	1.0507	415.27	0.081517	2.9704e-05	0.040551	supercritical
417.00	160.00	144.40	0.0069252	254.37	365.17	5.3609	0.70136	1.0503	415.73	0.081006	2.9744e-05	0.040606	supercritical
418.00	160.00	144.01	0.0069438	255.12	366.22	5.3634	0.70157	1.0500	416.19	0.080498	2.9785e-05	0.040662	supercritical
419.00	160.00	143.63	0.0069624	255.87	367.27	5.3659	0.70179	1.0496	416.65	0.079992	2.9825e-05	0.040718	supercritical
420.00	160.00	143.24	0.0069811	256.63	368.32	5.3684	0.70201	1.0493	417.10	0.079489	2.9866e-05	0.040773	supercritical
421.00	160.00	142.86	0.0069997	257.38	369.37	5.3709	0.70222	1.0490	417.56	0.078988	2.9906e-05	0.040829	supercritical
422.00	160.00	142.49	0.0070182	258.13	370.42	5.3734	0.70244	1.0487	418.02	0.078489	2.9947e-05	0.040885	supercritical
423.00	160.00	142.11	0.0070368	258.88	371.47	5.3759	0.70267	1.0484	418.47	0.077993	2.9987e-05	0.040941	supercritical
424.00	160.00	141.74	0.0070554	259.63	372.52	5.3784	0.70289	1.0481	418.92	0.077499	3.0028e-05	0.040997	supercritical
425.00	160.00	141.36	0.0070739	260.38	373.56	5.3808	0.70311	1.0478	419.38	0.077007	3.0068e-05	0.041053	supercritical
426.00	160.00	140.99	0.0070925	261.13	374.61	5.3833	0.70334	1.0475	419.83	0.076518	3.0109e-05	0.041109	supercritical
427.00	160.00	140.63	0.0071110	261.88	375.66	5.3858	0.70356	1.0472	420.28	0.076031	3.0149e-05	0.041165	supercritical
428.00	160.00	140.26	0.0071295	262.63	376.71	5.3882	0.70379	1.0469	420.73	0.075546	3.0190e-05	0.041221	supercritical
429.00	160.00	139.90	0.0071480	263.39	377.75	5.3907	0.70402	1.0467	421.18	0.075064	3.0230e-05	0.041278	supercritical
430.00	160.00	139.54	0.0071665	264.14	378.80	5.3931	0.70425	1.0464	421.63	0.074583	3.0271e-05	0.041334	supercritical
431.00	160.00	139.18	0.0071850	264.89	379.85	5.3955	0.70448	1.0461	422.07	0.074105	3.0311e-05	0.041390	supercritical
432.00	160.00	138.82	0.0072034	265.64	380.89	5.3979	0.70471	1.0459	422.52	0.073630	3.0352e-05	0.041447	supercritical
433.00	160.00	138.47	0.0072219	266.39	381.94	5.4004	0.70494	1.0456	422.97	0.073156	3.0392e-05	0.041503	supercritical
434.00	160.00	138.12	0.0072403	267.14	382.98	5.4028	0.70518	1.0454	423.41	0.072685	3.0433e-05	0.041560	supercritical
435.00	160.00	137.76	0.0072587	267.89	384.03	5.4052	0.70541	1.0451	423.85	0.072216	3.0473e-05	0.041616	supercritical
436.00	160.00	137.42	0.0072772	268.64	385.07	5.4076	0.70565	1.0449	424.30	0.071749	3.0514e-05	0.041673	supercritical
437.00	160.00	137.07	0.0072956	269.39	386.12	5.4100	0.70588	1.0447	424.74	0.071284	3.0554e-05	0.041729	supercritical
438.00	160.00	136.72	0.0073140	270.14	387.16	5.4124	0.70612	1.0445	425.18	0.070822	3.0595e-05	0.041786	supercritical
439.00	160.00	136.38	0.0073323	270.89	388.21	5.4147	0.70636	1.0442	425.62	0.070362	3.0635e-05	0.041843	supercritical
440.00	160.00	136.04	0.0073507	271.64	389.25	5.4171	0.70660	1.0440	426.06	0.069903	3.0676e-05	0.041899	supercritical
441.00	160.00	135.70	0.0073691	272.39	390.30	5.4195	0.70684	1.0438	426.50	0.069447	3.0716e-05	0.041956	supercritical
442.00	160.00	135.37	0.0073874	273.14	391.34	5.4219	0.70708	1.0436	426.94	0.068993	3.0757e-05	0.042013	supercritical
443.00	160.00	135.03	0.0074058	273.89	392.38	5.4242	0.70732	1.0434	427.38	0.068542	3.0797e-05	0.042070	supercritical
444.00	160.00	134.70	0.0074241	274.64	393.43	5.4266	0.70757	1.0432	427.82	0.068092	3.0837e-05	0.042127	supercritical
445.00	160.00	134.37	0.0074424	275.39	394.47	5.4289	0.70781	1.0430	428.26	0.067644	3.0878e-05	0.042184	supercritical
446.00	160.00	134.04	0.0074607	276.14	395.51	5.4313	0.70806	1.0429	428.69	0.067199	3.0918e-05	0.042241	supercritical
447.00	160.00	133.71	0.0074790	276.89	396.56	5.4336	0.70830	1.0427	429.13	0.066755	3.0959e-05	0.042298	supercritical
448.00	160.00	133.38	0.0074973	277.64	397.60	5.4359	0.70855	1.0425	429.56	0.066314	3.0999e-05	0.042355	supercritical
449.00	160.00	133.06	0.0075156	278.39	398.64	5.4382	0.70880	1.0423	429.99	0.065874	3.1039e-05	0.042412	supercritical
450.00	160.00	132.73	0.0075338	279.14	399.68	5.4406	0.70905	1.0422	430.43	0.065437	3.1080e-05	0.042469	supercritical
451.00	160.00	132.41	0.0075521	279.89	400.72	5.4429	0.70930	1.0420	430.86	0.065002	3.1120e-05	0.042526	supercritical
452.00	160.00	132.09	0.0075703	280.64	401.77	5.4452	0.70955	1.0418	431.29	0.064568	3.1160e-05	0.042583	supercritical
453.00	160.00	131.78	0.0075885	281.39	402.81	5.4475	0.70980	1.0417	431.72	0.064137	3.1201e-05	0.042640	supercritical
454.00	160.00	131.46	0.0076068	282.14	403.85	5.4498	0.71005	1.0415	432.15	0.063708	3.1241e-05	0.042698	supercritical
455.00	160.00	131.15	0.0076250	282.89	404.89	5.4521	0.71030	1.0414	432.58	0.063280	3.1281e-05	0.042755	supercritical
456.00	160.00	130.84	0.0076432	283.64	405.93	5.4544	0.71055	1.0413	433.01	0.062855	3.1322e-05	0.042812	supercritical
457.00	160.00	130.52	0.0076614	284.39	406.97	5.4566	0.71081	1.0411	433.44	0.062432	3.1362e-05	0.042870	supercritical
458.00	160.00	130.22	0.0076795	285.14	408.01	5.4589	0.71106	1.0410	433.86	0.062010	3.1402e-05	0.042927	supercritical
459.00	160.00	129.91	0.0076977	285.89	409.06	5.4612	0.71132	1.0409	434.29	0.061591	3.1442e-05	0.042984	supercritical
460.00	160.00	129.60	0.0077159	286.64	410.10	5.4634	0.71157	1.0407	434.72	0.061173	3.1483e-05	0.043042	supercritical
461.00	160.00	129.30	0.0077340	287.39	411.14	5.4657	0.71183	1.0406	435.14	0.060757	3.1523e-05	0.043099	supercritical
462.00	160.00	129.00	0.0077522	288.14	412.18	5.4680	0.71209	1.0405	435.57	0.060343	3.1563e-05	0.043157	supercritical
463.00	160.00	128.69	0.0077703	288.89	413.22	5.4702	0.71235	1.0404	435.99	0.059932	3.1603e-05	0.043214	supercritical
464.00	160.00	128.40	0.0077884	289.64	414.26	5.4725	0.71260	1.0403	436.41	0.059522	3.1644e-05	0.043272	supercritical
465.00	160.00	128.10	0.0078066	290.39	415.30	5.4747	0.71286	1.0402	436.84	0.059113	3.1684e-05	0.043329	supercritical
466.00	160.00	127.80	0.0078247	291.14	416.34	5.4769	0.71312	1.0401	437.26	0.058707	3.1724e-05	0.043387	supercritical
467.00	160.00	127.51	0.0078428	291.89	417.38	5.4792	0.71338	1.0400	437.68	0.058303	3.1764e-05	0.043445	supercritical
468.00	160.00	127.21	0.0078608	292.65	418.42	5.4814	0.71365	1.0399	438.10	0.057900	3.1804e-05	0.043502	supercritical
469.00	160.00	126.92	0.0078789	293.40	419.46	5.4836	0.71391	1.0398	438.52	0.057499	3.1844e-05	0.043560	supercritical
470.00	160.00	126.63	0.0078970	294.15	420.50	5.4858	0.71417	1.0397	438.94	0.057101	3.1885e-05	0.043617	supercritical
471.00	160.00	126.34	0.0079151	294.90	421.54	5.4880	0.71443	1.0396	439.36	0.056703	3.1925e-05	0.043675	supercritical
472.00	160.00	126.05	0.0079331	295.65	422.58	5.4902	0.71470	1.0395	439.77	0.056308	3.1965e-05	0.043733	supercritical
473.00	160.00	125.77	0.0079511	296.40	423.62	5.4924	0.71496	1.0394	440.19	0.055915	3.2005e-05	0.043791	supercritical
474.00	160.00	125.48	0.0079692	297.15	424.66	5.4946	0.71522	1.0394	440.61	0.055523	3.2045e-05	0.043848	supercritical
475.00	160.00	125.20	0.0079872	297.90	425.70	5.4968	0.71549	1.0393	441.02	0.055133	3.2085e-05	0.043906	supercritical
476.00	160.00	124.92	0.0080052	298.65	426.73	5.4990	0.71576	1.0392	441.44	0.054745	3.2125e-05	0.043964	supercritical
477.00	160.00	124.64	0.0080232	299.40	427.77	5.5012	0.71602	1.0392	441.85	0.054359	3.2165e-05	0.044022	supercritical
478.00	160.00	124.36	0.0080412	300.15	428.81	5.5034	0.71629	1.0391	442.27	0.053974	3.2205e-05	0.044080	supercritical
479.00	160.00	124.08	0.0080592	300.90	429.85	5.5055	0.71656	1.0390	442.68	0.053591	3.2245e-05	0.044137	supercritical
480.00	160.00	123.81	0.0080772	301.66	430.89	5.5077	0.71682	1.0390	443.09	0.053210	3.2285e-05	0.044195	supercritical
481.00	160.00	123.53	0.0080952	302.41	431.93	5.5099	0.71709	1.0389	443.51	0.052830	3.2325e-05	0.044253	supercritical
482.00	160.00	123.26	0.0081132	303.16	432.97	5.5120	0.71736	1.0389	443.92	0.052452	3.2365e-05	0.044311	supercritical
483.00	160.00	122.98	0.0081311	303.91	434.01	5.5142	0.71763	1.0388	444.33	0.052076	3.2405e-05	0.044369	supercritical
484.00	160.00	122.71	0.0081491	304.66	435.05	5.5163	0.71790	1.0388	444.74	0.051702	3.2445e-05	0.044427	supercritical
485.00	160.00	122.44	0.0081670	305.41	436.09	5.5185	0.71817	1.0387	445.15	0.051329	3.2485e-05	0.044485	supercritical
486.00	160.00	122.18	0.0081849	306.17	437.12	5.5206	0.71844	1.0387	445.56	0.050958	3.2524e-05	0.044543	supercritical
487.00	160.00	121.91	0.0082029	306.92	438.16	5.5227	0.71871	1.0387	445.97	0.050589	3.2564e-05	0.044601	supercritical
488.00	160.00	121.64	0.0082208	307.67	439.20	5.5249	0.71898	1.0386	446.37	0.050221	3.2604e-05	0.044659	supercritical
489.00	160.00	121.38	0.0082387	308.42	440.24	5.5270	0.71925	1.0386	446.78	0.049855	3.2644e-05	0.044717	supercritical
490.00	160.00	121.12	0.0082566	309.17	441.28	5.5291	0.71952	1.0386	447.19	0.049491	3.2684e-05	0.044775	supercritical
491.00	160.00	120.85	0.0082745	309.93	442.32	5.5312	0.71979	1.0385	447.59	0.049128	3.2724e-05	0.044833	supercritical
492.00	160.00	120.59	0.0082924	310.68	443.36	5.5333	0.72007	1.0385	448.00	0.048767	3.2763e-05	0.044891	supercritical
493.00	160.00	120.33	0.0083103	311.43	444.39	5.5355	0.72034	1.0385	448.40	0.048407	3.2803e-05	0.044949	supercritical
494.00	160.00	120.07	0.0083281	312.18	445.43	5.5376	0.72061	1.0385	448.81	0.048049	3.2843e-05	0.045007	supercritical
495.00	160.00	119.82	0.0083460	312.94	446.47	5.5397	0.72089	1.0385	449.21	0.047693	3.2883e-05	0.045065	supercritical
496.00	160.00	119.56	0.0083639	313.69	447.51	5.5418	0.72116	1.0384	449.62	0.047338	3.2922e-05	0.045123	supercritical
497.00	160.00	119.31	0.0083817	314.44	448.55	5.5438	0.72144	1.0384	450.02	0.046985	3.2962e-05	0.045181	supercritical
498.00	160.00	119.05	0.0083995	315.19	449.59	5.5459	0.72171	1.0384	450.42	0.046633	3.3002e-05	0.045240	supercritical
499.00	160.00	118.80	0.0084174	315.95	450.63	5.5480	0.72198	1.0384	450.82	0.046283	3.3041e-05	0.045298	supercritical
500.00	160.00	118.55	0.0084352	316.70	451.66	5.5501	0.72226	1.0384	451.22	0.045935	3.3081e-05	0.045356	supercritical
501.00	160.00	118.30	0.0084530	317.45	452.70	5.5522	0.72254	1.0384	451.62	0.045588	3.3120e-05	0.045414	supercritical
502.00	160.00	118.05	0.0084708	318.21	453.74	5.5542	0.72281	1.0384	452.02	0.045242	3.3160e-05	0.045472	supercritical
503.00	160.00	117.80	0.0084887	318.96	454.78	5.5563	0.72309	1.0384	452.42	0.044898	3.3200e-05	0.045530	supercritical
504.00	160.00	117.56	0.0085065	319.71	455.82	5.5584	0.72336	1.0384	452.82	0.044556	3.3239e-05	0.045589	supercritical
505.00	160.00	117.31	0.0085242	320.47	456.86	5.5604	0.72364	1.0384	453.22	0.044215	3.3279e-05	0.045647	supercritical
506.00	160.00	117.07	0.0085420	321.22	457.89	5.5625	0.72392	1.0384	453.62	0.043875	3.3318e-05	0.045705	supercritical
507.00	160.00	116.83	0.0085598	321.98	458.93	5.5645	0.72419	1.0385	454.01	0.043538	3.3358e-05	0.045763	supercritical
508.00	160.00	116.58	0.0085776	322.73	459.97	5.5666	0.72447	1.0385	454.41	0.043201	3.3397e-05	0.045821	supercritical
509.00	160.00	116.34	0.0085953	323.48	461.01	5.5686	0.72475	1.0385	454.81	0.042866	3.3437e-05	0.045880	supercritical
510.00	160.00	116.10	0.0086131	324.24	462.05	5.5707	0.72503	1.0385	455.20	0.042533	3.3476e-05	0.045938	supercritical
511.00	160.00	115.86	0.0086309	324.99	463.09	5.5727	0.72530	1.0385	455.60	0.042201	3.3516e-05	0.045996	supercritical
512.00	160.00	115.63	0.0086486	325.75	464.13	5.5747	0.72558	1.0386	455.99	0.041870	3.3555e-05	0.046054	supercritical
513.00	160.00	115.39	0.0086663	326.50	465.16	5.5768	0.72586	1.0386	456.38	0.041541	3.3594e-05	0.046113	supercritical
514.00	160.00	115.15	0.0086841	327.26	466.20	5.5788	0.72614	1.0386	456.78	0.041213	3.3634e-05	0.046171	supercritical
515.00	160.00	114.92	0.0087018	328.01	467.24	5.5808	0.72642	1.0386	457.17	0.040887	3.3673e-05	0.046229	supercritical
516.00	160.00	114.69	0.0087195	328.77	468.28	5.5828	0.72670	1.0387	457.56	0.040562	3.3712e-05	0.046288	supercritical
517.00	160.00	114.45	0.0087372	329.52	469.32	5.5848	0.72697	1.0387	457.95	0.040239	3.3752e-05	0.046346	supercritical
518.00	160.00	114.22	0.0087549	330.28	470.36	5.5868	0.72725	1.0387	458.34	0.039917	3.3791e-05	0.046404	supercritical
519.00	160.00	113.99	0.0087726	331.03	471.40	5.5888	0.72753	1.0388	458.74	0.039596	3.3830e-05	0.046462	supercritical
520.00	160.00	113.76	0.0087903	331.79	472.43	5.5908	0.72781	1.0388	459.13	0.039277	3.3870e-05	0.046521	supercritical
521.00	160.00	113.53	0.0088080	332.55	473.47	5.5928	0.72809	1.0388	459.52	0.038959	3.3909e-05	0.046579	supercritical
522.00	160.00	113.31	0.0088257	333.30	474.51	5.5948	0.72837	1.0389	459.90	0.038642	3.3948e-05	0.046637	supercritical
523.00	160.00	113.08	0.0088434	334.06	475.55	5.5968	0.72865	1.0389	460.29	0.038327	3.3987e-05	0.046696	supercritical
524.00	160.00	112.85	0.0088610	334.81	476.59	5.5988	0.72893	1.0390	460.68	0.038013	3.4026e-05	0.046754	supercritical
525.00	160.00	112.63	0.0088787	335.57	477.63	5.6008	0.72921	1.0390	461.07	0.037701	3.4066e-05	0.046812	supercritical
526.00	160.00	112.41	0.0088963	336.33	478.67	5.6027	0.72949	1.0391	461.46	0.037390	3.4105e-05	0.046871	supercritical
527.00	160.00	112.18	0.0089140	337.08	479.71	5.6047	0.72977	1.0391	461.84	0.037080	3.4144e-05	0.046929	supercritical
528.00	160.00	111.96	0.0089316	337.84	480.75	5.6067	0.73005	1.0392	462.23	0.036772	3.4183e-05	0.046987	supercritical
529.00	160.00	111.74	0.0089493	338.60	481.79	5.6087	0.73033	1.0392	462.61	0.036465	3.4222e-05	0.047046	supercritical
530.00	160.00	111.52	0.0089669	339.35	482.82	5.6106	0.73061	1.0393	463.00	0.036159	3.4261e-05	0.047104	supercritical
531.00	160.00	111.30	0.0089845	340.11	483.86	5.6126	0.73089	1.0393	463.38	0.035855	3.4300e-05	0.047162	supercritical
532.00	160.00	111.08	0.0090021	340.87	484.90	5.6145	0.73117	1.0394	463.77	0.035551	3.4339e-05	0.047221	supercritical
533.00	160.00	110.87	0.0090198	341.63	485.94	5.6165	0.73145	1.0395	464.15	0.035250	3.4378e-05	0.047279	supercritical
534.00	160.00	110.65	0.0090374	342.38	486.98	5.6184	0.73173	1.0395	464.54	0.034949	3.4417e-05	0.047337	supercritical
535.00	160.00	110.44	0.0090550	343.14	488.02	5.6204	0.73202	1.0396	464.92	0.034650	3.4456e-05	0.047396	supercritical
536.00	160.00	110.22	0.0090726	343.90	489.06	5.6223	0.73230	1.0397	465.30	0.034352	3.4495e-05	0.047454	supercritical
537.00	160.00	110.01	0.0090901	344.66	490.10	5.6243	0.73258	1.0397	465.68	0.034055	3.4534e-05	0.047513	supercritical
538.00	160.00	109.80	0.0091077	345.42	491.14	5.6262	0.73286	1.0398	466.06	0.033760	3.4573e-05	0.047571	supercritical
539.00	160.00	109.59	0.0091253	346.18	492.18	5.6281	0.73314	1.0399	466.45	0.033465	3.4612e-05	0.047629	supercritical
540.00	160.00	109.37	0.0091429	346.93	493.22	5.6301	0.73342	1.0399	466.83	0.033172	3.4650e-05	0.047688	supercritical
541.00	160.00	109.16	0.0091605	347.69	494.26	5.6320	0.73370	1.0400	467.21	0.032881	3.4689e-05	0.047746	supercritical
542.00	160.00	108.96	0.0091780	348.45	495.30	5.6339	0.73398	1.0401	467.59	0.032590	3.4728e-05	0.047804	supercritical
543.00	160.00	108.75	0.0091956	349.21	496.34	5.6358	0.73426	1.0401	467.96	0.032301	3.4767e-05	0.047863	supercritical
544.00	160.00	108.54	0.0092131	349.97	497.38	5.6377	0.73454	1.0402	468.34	0.032013	3.4806e-05	0.047921	supercritical
545.00	160.00	108.33	0.0092307	350.73	498.42	5.6396	0.73482	1.0403	468.72	0.031726	3.4844e-05	0.047979	supercritical
546.00	160.00	108.13	0.0092482	351.49	499.46	5.6415	0.73511	1.0404	469.10	0.031441	3.4883e-05	0.048038	supercritical
547.00	160.00	107.92	0.0092657	352.25	500.50	5.6435	0.73539	1.0405	469.48	0.031156	3.4922e-05	0.048096	supercritical
548.00	160.00	107.72	0.0092833	353.01	501.54	5.6454	0.73567	1.0405	469.85	0.030873	3.4961e-05	0.048155	supercritical
549.00	160.00	107.52	0.0093008	353.77	502.58	5.6472	0.73595	1.0406	470.23	0.030591	3.4999e-05	0.048213	supercritical
550.00	160.00	107.32	0.0093183	354.53	503.62	5.6491	0.73623	1.0407	470.61	0.030310	3.5038e-05	0.048271	supercritical
551.00	160.00	107.11	0.0093358	355.29	504.66	5.6510	0.73651	1.0408	470.98	0.030030	3.5077e-05	0.048330	supercritical
552.00	160.00	106.91	0.0093533	356.05	505.71	5.6529	0.73679	1.0409	471.36	0.029752	3.5115e-05	0.048388	supercritical
553.00	160.00	106.71	0.0093708	356.81	506.75	5.6548	0.73707	1.0410	471.73	0.029475	3.5154e-05	0.048446	supercritical
554.00	160.00	106.52	0.0093883	357.57	507.79	5.6567	0.73735	1.0411	472.10	0.029199	3.5192e-05	0.048505	supercritical
555.00	160.00	106.32	0.0094058	358.34	508.83	5.6586	0.73763	1.0411	472.48	0.028924	3.5231e-05	0.048563	supercritical
556.00	160.00	106.12	0.0094233	359.10	509.87	5.6604	0.73791	1.0412	472.85	0.028650	3.5269e-05	0.048621	supercritical
557.00	160.00	105.92	0.0094408	359.86	510.91	5.6623	0.73819	1.0413	473.22	0.028377	3.5308e-05	0.048680	supercritical
558.00	160.00	105.73	0.0094583	360.62	511.95	5.6642	0.73847	1.0414	473.60	0.028105	3.5346e-05	0.048738	supercritical
559.00	160.00	105.53	0.0094757	361.38	512.99	5.6660	0.73875	1.0415	473.97	0.027835	3.5385e-05	0.048797	supercritical
560.00	160.00	105.34	0.0094932	362.14	514.04	5.6679	0.73903	1.0416	474.34	0.027566	3.5423e-05	0.048855	supercritical
561.00	160.00	105.15	0.0095107	362.91	515.08	5.6698	0.73931	1.0417	474.71	0.027297	3.5462e-05	0.048913	supercritical
562.00	160.00	104.95	0.0095281	363.67	516.12	5.6716	0.73959	1.0418	475.08	0.027030	3.5500e-05	0.048972	supercritical
563.00	160.00	104.76	0.0095456	364.43	517.16	5.6735	0.73987	1.0419	475.45	0.026764	3.5539e-05	0.049030	supercritical
564.00	160.00	104.57	0.0095630	365.19	518.20	5.6753	0.74015	1.0420	475.82	0.026499	3.5577e-05	0.049088	supercritical
565.00	160.00	104.38	0.0095805	365.96	519.24	5.6772	0.74043	1.0421	476.19	0.026236	3.5615e-05	0.049147	supercritical
566.00	160.00	104.19	0.0095979	366.72	520.29	5.6790	0.74071	1.0422	476.56	0.025973	3.5654e-05	0.049205	supercritical
567.00	160.00	104.00	0.0096153	367.48	521.33	5.6808	0.74099	1.0423	476.93	0.025711	3.5692e-05	0.049263	supercritical
568.00	160.00	103.81	0.0096328	368.25	522.37	5.6827	0.74127	1.0424	477.30	0.025451	3.5730e-05	0.049322	supercritical
569.00	160.00	103.62	0.0096502	369.01	523.41	5.6845	0.74155	1.0425	477.67	0.025191	3.5768e-05	0.049380	supercritical
570.00	160.00	103.44	0.0096676	369.77	524.46	5.6863	0.74183	1.0426	478.03	0.024933	3.5807e-05	0.049438	supercritical
571.00	160.00	103.25	0.0096850	370.54	525.50	5.6882	0.74211	1.0427	478.40	0.024675	3.5845e-05	0.049497	supercritical
572.00	160.00	103.07	0.0097024	371.30	526.54	5.6900	0.74239	1.0428	478.77	0.024419	3.5883e-05	0.049555	supercritical
573.00	160.00	102.88	0.0097198	372.07	527.58	5.6918	0.74267	1.0429	479.13	0.024164	3.5921e-05	0.049613	supercritical
574.00	160.00	102.70	0.0097372	372.83	528.63	5.6936	0.74294	1.0431	479.50	0.023909	3.5959e-05	0.049671	supercritical
575.00	160.00	102.52	0.0097546	373.60	529.67	5.6955	0.74322	1.0432	479.86	0.023656	3.5998e-05	0.049730	supercritical
576.00	160.00	102.33	0.0097720	374.36	530.71	5.6973	0.74350	1.0433	480.23	0.023404	3.6036e-05	0.049788	supercritical
577.00	160.00	102.15	0.0097894	375.13	531.76	5.6991	0.74378	1.0434	480.59	0.023153	3.6074e-05	0.049846	supercritical
578.00	160.00	101.97	0.0098068	375.89	532.80	5.7009	0.74406	1.0435	480.96	0.022903	3.6112e-05	0.049905	supercritical
579.00	160.00	101.79	0.0098242	376.66	533.84	5.7027	0.74433	1.0436	481.32	0.022654	3.6150e-05	0.049963	supercritical
580.00	160.00	101.61	0.0098416	377.42	534.89	5.7045	0.74461	1.0437	481.69	0.022406	3.6188e-05	0.050021	supercritical
581.00	160.00	101.43	0.0098589	378.19	535.93	5.7063	0.74489	1.0438	482.05	0.022159	3.6226e-05	0.050080	supercritical
582.00	160.00	101.25	0.0098763	378.95	536.98	5.7081	0.74517	1.0440	482.41	0.021913	3.6264e-05	0.050138	supercritical
583.00	160.00	101.07	0.0098937	379.72	538.02	5.7099	0.74544	1.0441	482.77	0.021667	3.6302e-05	0.050196	supercritical
584.00	160.00	100.90	0.0099110	380.49	539.06	5.7117	0.74572	1.0442	483.14	0.021423	3.6340e-05	0.050254	supercritical
585.00	160.00	100.72	0.0099284	381.25	540.11	5.7135	0.74600	1.0443	483.50	0.021180	3.6378e-05	0.050313	supercritical
586.00	160.00	100.55	0.0099457	382.02	541.15	5.7152	0.74627	1.0444	483.86	0.020938	3.6416e-05	0.050371	supercritical
587.00	160.00	100.37	0.0099631	382.79	542.20	5.7170	0.74655	1.0446	484.22	0.020697	3.6454e-05	0.050429	supercritical
588.00	160.00	100.20	0.0099804	383.56	543.24	5.7188	0.74683	1.0447	484.58	0.020457	3.6491e-05	0.050487	supercritical
589.00	160.00	100.02	0.0099977	384.32	544.29	5.7206	0.74710	1.0448	484.94	0.020218	3.6529e-05	0.050546	supercritical
590.00	160.00	99.850	0.010015	385.09	545.33	5.7223	0.74738	1.0449	485.30	0.019979	3.6567e-05	0.050604	supercritical
591.00	160.00	99.677	0.010032	385.86	546.38	5.7241	0.74765	1.0450	485.66	0.019742	3.6605e-05	0.050662	supercritical
592.00	160.00	99.505	0.010050	386.63	547.42	5.7259	0.74793	1.0452	486.02	0.019506	3.6643e-05	0.050720	supercritical
593.00	160.00	99.334	0.010067	387.39	548.47	5.7276	0.74820	1.0453	486.38	0.019270	3.6681e-05	0.050778	supercritical
594.00	160.00	99.164	0.010084	388.16	549.51	5.7294	0.74848	1.0454	486.73	0.019036	3.6718e-05	0.050837	supercritical
595.00	160.00	98.994	0.010102	388.93	550.56	5.7312	0.74875	1.0455	487.09	0.018802	3.6756e-05	0.050895	supercritical
596.00	160.00	98.824	0.010119	389.70	551.60	5.7329	0.74903	1.0457	487.45	0.018569	3.6794e-05	0.050953	supercritical
597.00	160.00	98.656	0.010136	390.47	552.65	5.7347	0.74930	1.0458	487.81	0.018338	3.6831e-05	0.051011	supercritical
598.00	160.00	98.488	0.010154	391.24	553.69	5.7364	0.74958	1.0459	488.16	0.018107	3.6869e-05	0.051069	supercritical
599.00	160.00	98.320	0.010171	392.01	554.74	5.7382	0.74985	1.0460	488.52	0.017877	3.6907e-05	0.051128	supercritical
600.00	160.00	98.153	0.010188	392.78	555.79	5.7399	0.75012	1.0462	488.88	0.017648	3.6944e-05	0.051186	supercritical
