Temperature (K)	Pressure (bar)	Density (kg/m3)	Volume (m3/kg)	Internal Energy (kJ/kg)	Enthalpy (kJ/kg)	Entropy (J/g*K)	Cv (J/g*K)	Cp (J/g*K)	Sound Spd. (m/s)	Joule-Thomson (K/bar)	Viscosity (Pa*s)	Therm. Cond. (W/m*K)	Phase
60.000	70.000	1290.3	0.00077503	-185.27	-179.85	2.2388	1.0912	1.6587	1146.6	-0.037456	0.00061098	0.19677	liquid
61.000	70.000	1286.0	0.00077761	-183.63	-178.19	2.2662	1.0825	1.6605	1142.7	-0.037300	0.00058217	0.19542	liquid
62.000	70.000	1281.7	0.00078022	-181.99	-176.53	2.2932	1.0747	1.6619	1138.1	-0.037157	0.00055528	0.19407	liquid
63.000	70.000	1277.4	0.00078285	-180.34	-174.86	2.3198	1.0676	1.6631	1132.9	-0.037027	0.00053016	0.19271	liquid
64.000	70.000	1273.0	0.00078552	-178.70	-173.20	2.3460	1.0610	1.6639	1127.2	-0.036906	0.00050670	0.19136	liquid
65.000	70.000	1268.7	0.00078821	-177.05	-171.54	2.3718	1.0550	1.6645	1121.1	-0.036793	0.00048475	0.19001	liquid
66.000	70.000	1264.3	0.00079093	-175.41	-169.87	2.3972	1.0492	1.6648	1114.7	-0.036686	0.00046422	0.18866	liquid
67.000	70.000	1260.0	0.00079367	-173.76	-168.21	2.4223	1.0437	1.6650	1108.1	-0.036584	0.00044499	0.18731	liquid
68.000	70.000	1255.6	0.00079644	-172.12	-166.54	2.4469	1.0385	1.6649	1101.3	-0.036484	0.00042697	0.18596	liquid
69.000	70.000	1251.2	0.00079923	-170.47	-164.88	2.4713	1.0334	1.6648	1094.3	-0.036386	0.00041007	0.18461	liquid
70.000	70.000	1246.8	0.00080205	-168.83	-163.21	2.4952	1.0284	1.6645	1087.2	-0.036287	0.00039419	0.18326	liquid
71.000	70.000	1242.4	0.00080489	-167.18	-161.55	2.5188	1.0235	1.6641	1079.9	-0.036188	0.00037928	0.18191	liquid
72.000	70.000	1238.0	0.00080776	-165.54	-159.88	2.5421	1.0188	1.6637	1072.6	-0.036086	0.00036524	0.18055	liquid
73.000	70.000	1233.6	0.00081065	-163.89	-158.22	2.5650	1.0141	1.6633	1065.3	-0.035980	0.00035203	0.17920	liquid
74.000	70.000	1229.2	0.00081357	-162.25	-156.56	2.5877	1.0095	1.6629	1057.9	-0.035871	0.00033958	0.17785	liquid
75.000	70.000	1224.7	0.00081651	-160.61	-154.89	2.6100	1.0049	1.6626	1050.4	-0.035756	0.00032782	0.17650	liquid
76.000	70.000	1220.3	0.00081949	-158.97	-153.23	2.6320	1.0005	1.6622	1043.0	-0.035636	0.00031673	0.17515	liquid
77.000	70.000	1215.8	0.00082249	-157.33	-151.57	2.6537	0.99603	1.6620	1035.5	-0.035509	0.00030623	0.17380	liquid
78.000	70.000	1211.4	0.00082552	-155.69	-149.91	2.6752	0.99166	1.6618	1028.0	-0.035376	0.00029630	0.17245	liquid
79.000	70.000	1206.9	0.00082859	-154.05	-148.25	2.6963	0.98734	1.6616	1020.5	-0.035234	0.00028690	0.17110	liquid
80.000	70.000	1202.4	0.00083168	-152.41	-146.58	2.7172	0.98307	1.6616	1012.9	-0.035085	0.00027798	0.16974	liquid
81.000	70.000	1197.9	0.00083480	-150.77	-144.92	2.7379	0.97885	1.6617	1005.4	-0.034927	0.00026951	0.16839	liquid
82.000	70.000	1193.4	0.00083796	-149.13	-143.26	2.7583	0.97468	1.6619	997.87	-0.034761	0.00026146	0.16704	liquid
83.000	70.000	1188.8	0.00084115	-147.49	-141.60	2.7784	0.97056	1.6622	990.33	-0.034584	0.00025381	0.16568	liquid
84.000	70.000	1184.3	0.00084438	-145.85	-139.94	2.7983	0.96649	1.6626	982.79	-0.034398	0.00024652	0.16432	liquid
85.000	70.000	1179.7	0.00084764	-144.21	-138.27	2.8180	0.96247	1.6631	975.25	-0.034202	0.00023958	0.16297	liquid
86.000	70.000	1175.2	0.00085094	-142.57	-136.61	2.8375	0.95850	1.6638	967.71	-0.033995	0.00023295	0.16161	liquid
87.000	70.000	1170.6	0.00085428	-140.93	-134.95	2.8567	0.95458	1.6646	960.16	-0.033777	0.00022663	0.16025	liquid
88.000	70.000	1166.0	0.00085765	-139.28	-133.28	2.8757	0.95071	1.6656	952.61	-0.033548	0.00022058	0.15888	liquid
89.000	70.000	1161.3	0.00086107	-137.64	-131.61	2.8946	0.94689	1.6667	945.06	-0.033307	0.00021479	0.15752	liquid
90.000	70.000	1156.7	0.00086453	-136.00	-129.95	2.9132	0.94312	1.6679	937.50	-0.033053	0.00020925	0.15616	liquid
91.000	70.000	1152.0	0.00086803	-134.35	-128.28	2.9316	0.93939	1.6693	929.93	-0.032788	0.00020393	0.15479	liquid
92.000	70.000	1147.3	0.00087158	-132.71	-126.61	2.9499	0.93572	1.6709	922.36	-0.032509	0.00019884	0.15342	liquid
93.000	70.000	1142.6	0.00087517	-131.06	-124.94	2.9679	0.93210	1.6726	914.78	-0.032217	0.00019394	0.15205	liquid
94.000	70.000	1137.9	0.00087881	-129.42	-123.26	2.9858	0.92852	1.6745	907.19	-0.031911	0.00018923	0.15068	liquid
95.000	70.000	1133.1	0.00088250	-127.77	-121.59	3.0036	0.92499	1.6765	899.59	-0.031590	0.00018470	0.14931	liquid
96.000	70.000	1128.4	0.00088624	-126.11	-119.91	3.0211	0.92151	1.6787	891.98	-0.031255	0.00018034	0.14794	liquid
97.000	70.000	1123.6	0.00089003	-124.46	-118.23	3.0385	0.91808	1.6811	884.35	-0.030905	0.00017613	0.14657	liquid
98.000	70.000	1118.7	0.00089388	-122.81	-116.55	3.0558	0.91469	1.6836	876.71	-0.030539	0.00017207	0.14519	liquid
99.000	70.000	1113.9	0.00089778	-121.15	-114.86	3.0729	0.91136	1.6864	869.05	-0.030156	0.00016816	0.14381	liquid
100.00	70.000	1109.0	0.00090175	-119.49	-113.18	3.0899	0.90807	1.6893	861.38	-0.029756	0.00016437	0.14243	liquid
101.00	70.000	1104.0	0.00090577	-117.82	-111.48	3.1067	0.90482	1.6924	853.69	-0.029339	0.00016071	0.14105	liquid
102.00	70.000	1099.1	0.00090985	-116.16	-109.79	3.1234	0.90163	1.6957	845.98	-0.028903	0.00015716	0.13967	liquid
103.00	70.000	1094.1	0.00091400	-114.49	-108.09	3.1399	0.89848	1.6992	838.25	-0.028449	0.00015373	0.13829	liquid
104.00	70.000	1089.1	0.00091821	-112.82	-106.39	3.1564	0.89537	1.7029	830.49	-0.027974	0.00015040	0.13690	liquid
105.00	70.000	1084.0	0.00092250	-111.14	-104.69	3.1727	0.89231	1.7068	822.71	-0.027479	0.00014717	0.13552	liquid
106.00	70.000	1078.9	0.00092685	-109.47	-102.98	3.1889	0.88930	1.7109	814.91	-0.026963	0.00014403	0.13413	liquid
107.00	70.000	1073.8	0.00093128	-107.78	-101.27	3.2050	0.88633	1.7152	807.08	-0.026424	0.00014098	0.13275	liquid
108.00	70.000	1068.6	0.00093579	-106.10	-99.548	3.2210	0.88341	1.7198	799.22	-0.025861	0.00013802	0.13136	liquid
109.00	70.000	1063.4	0.00094037	-104.41	-97.826	3.2368	0.88054	1.7247	791.33	-0.025274	0.00013513	0.12998	liquid
110.00	70.000	1058.2	0.00094504	-102.71	-96.099	3.2526	0.87771	1.7297	783.40	-0.024662	0.00013232	0.12859	liquid
111.00	70.000	1052.9	0.00094980	-101.01	-94.366	3.2683	0.87493	1.7351	775.45	-0.024023	0.00012959	0.12721	liquid
112.00	70.000	1047.5	0.00095465	-99.311	-92.628	3.2839	0.87219	1.7407	767.46	-0.023356	0.00012692	0.12582	liquid
113.00	70.000	1042.1	0.00095959	-97.602	-90.885	3.2994	0.86950	1.7466	759.43	-0.022659	0.00012431	0.12443	liquid
114.00	70.000	1036.7	0.00096463	-95.887	-89.135	3.3148	0.86686	1.7529	751.36	-0.021932	0.00012177	0.12305	liquid
115.00	70.000	1031.2	0.00096977	-94.167	-87.379	3.3301	0.86426	1.7594	743.25	-0.021171	0.00011929	0.12166	liquid
116.00	70.000	1025.6	0.00097502	-92.441	-85.616	3.3454	0.86171	1.7663	735.10	-0.020377	0.00011686	0.12027	liquid
117.00	70.000	1020.0	0.00098038	-90.709	-83.846	3.3606	0.85921	1.7735	726.90	-0.019546	0.00011448	0.11888	liquid
118.00	70.000	1014.3	0.00098585	-88.970	-82.069	3.3757	0.85676	1.7811	718.66	-0.018677	0.00011216	0.11749	liquid
119.00	70.000	1008.6	0.00099145	-87.224	-80.284	3.3908	0.85436	1.7890	710.36	-0.017768	0.00010989	0.11609	liquid
120.00	70.000	1002.8	0.00099718	-85.471	-78.491	3.4058	0.85202	1.7974	702.02	-0.016816	0.00010766	0.11470	liquid
121.00	70.000	996.97	0.0010030	-83.710	-76.689	3.4207	0.84972	1.8063	693.62	-0.015819	0.00010547	0.11331	liquid
122.00	70.000	991.05	0.0010090	-81.941	-74.878	3.4356	0.84748	1.8156	685.16	-0.014774	0.00010333	0.11192	liquid
123.00	70.000	985.05	0.0010152	-80.164	-73.058	3.4505	0.84529	1.8254	676.65	-0.013678	0.00010123	0.11053	liquid
124.00	70.000	978.97	0.0010215	-78.377	-71.227	3.4653	0.84316	1.8357	668.07	-0.012528	9.9169e-05	0.10913	liquid
125.00	70.000	972.81	0.0010280	-76.582	-69.386	3.4801	0.84108	1.8466	659.42	-0.011320	9.7143e-05	0.10774	liquid
126.00	70.000	966.57	0.0010346	-74.776	-67.534	3.4949	0.83907	1.8582	650.71	-0.010050	9.5152e-05	0.10635	liquid
127.00	70.000	960.23	0.0010414	-72.959	-65.669	3.5096	0.83711	1.8703	641.92	-0.0087143	9.3195e-05	0.10496	liquid
128.00	70.000	953.81	0.0010484	-71.132	-63.793	3.5243	0.83523	1.8832	633.06	-0.0073078	9.1270e-05	0.10356	liquid
129.00	70.000	947.29	0.0010556	-69.292	-61.903	3.5390	0.83341	1.8969	624.12	-0.0058253	8.9376e-05	0.10217	liquid
130.00	70.000	940.66	0.0010631	-67.440	-59.999	3.5537	0.83165	1.9113	615.09	-0.0042613	8.7511e-05	0.10078	liquid
131.00	70.000	933.92	0.0010708	-65.575	-58.080	3.5684	0.82998	1.9267	605.97	-0.0026093	8.5675e-05	0.099384	liquid
132.00	70.000	927.07	0.0010787	-63.696	-56.145	3.5831	0.82837	1.9431	596.76	-0.00086249	8.3864e-05	0.097991	liquid
133.00	70.000	920.09	0.0010868	-61.801	-54.193	3.5979	0.82685	1.9605	587.45	0.00098701	8.2079e-05	0.096597	liquid
134.00	70.000	912.98	0.0010953	-59.891	-52.224	3.6126	0.82542	1.9791	578.04	0.0029479	8.0318e-05	0.095204	liquid
135.00	70.000	905.73	0.0011041	-57.963	-50.235	3.6274	0.82407	1.9990	568.52	0.0050298	7.8580e-05	0.093810	liquid
136.00	70.000	898.34	0.0011132	-56.017	-48.225	3.6422	0.82283	2.0203	558.88	0.0072438	7.6863e-05	0.092416	liquid
137.00	70.000	890.78	0.0011226	-54.052	-46.193	3.6571	0.82168	2.0432	549.12	0.0096020	7.5167e-05	0.091021	liquid
138.00	70.000	883.06	0.0011324	-52.065	-44.138	3.6721	0.82065	2.0678	539.22	0.012119	7.3489e-05	0.089625	liquid
139.00	70.000	875.15	0.0011427	-50.056	-42.057	3.6871	0.81973	2.0944	529.19	0.014809	7.1829e-05	0.088229	liquid
140.00	70.000	867.04	0.0011533	-48.022	-39.949	3.7022	0.81895	2.1232	519.00	0.017692	7.0185e-05	0.086831	liquid
141.00	70.000	858.72	0.0011645	-45.962	-37.810	3.7174	0.81830	2.1544	508.66	0.020787	6.8555e-05	0.085431	liquid
142.00	70.000	850.17	0.0011762	-43.872	-35.639	3.7328	0.81781	2.1885	498.15	0.024118	6.6939e-05	0.084030	liquid
143.00	70.000	841.37	0.0011885	-41.752	-33.432	3.7483	0.81748	2.2257	487.46	0.027714	6.5333e-05	0.082626	liquid
144.00	70.000	832.29	0.0012015	-39.597	-31.186	3.7639	0.81734	2.2665	476.57	0.031605	6.3738e-05	0.081219	liquid
145.00	70.000	822.91	0.0012152	-37.404	-28.898	3.7798	0.81741	2.3116	465.48	0.035830	6.2150e-05	0.079808	liquid
146.00	70.000	813.19	0.0012297	-35.170	-26.561	3.7958	0.81770	2.3615	454.17	0.040431	6.0567e-05	0.078392	liquid
147.00	70.000	803.11	0.0012452	-32.889	-24.173	3.8121	0.81826	2.4171	442.62	0.045462	5.8988e-05	0.076970	liquid
148.00	70.000	792.61	0.0012617	-30.557	-21.725	3.8287	0.81911	2.4795	430.82	0.050983	5.7409e-05	0.075542	liquid
149.00	70.000	781.64	0.0012794	-28.166	-19.211	3.8456	0.82029	2.5499	418.74	0.057070	5.5827e-05	0.074106	liquid
150.00	70.000	770.16	0.0012984	-25.711	-16.622	3.8630	0.82186	2.6301	406.38	0.063813	5.4238e-05	0.072659	liquid
151.00	70.000	758.08	0.0013191	-23.181	-13.947	3.8807	0.82387	2.7220	393.70	0.071323	5.2638e-05	0.071201	liquid
152.00	70.000	745.31	0.0013417	-20.565	-11.173	3.8990	0.82640	2.8286	380.69	0.079737	5.1023e-05	0.069728	liquid
153.00	70.000	731.74	0.0013666	-17.850	-8.2837	3.9180	0.82954	2.9535	367.32	0.089228	4.9385e-05	0.068239	liquid
154.00	70.000	717.24	0.0013942	-15.018	-5.2582	3.9377	0.83339	3.1019	353.56	0.10002	4.7717e-05	0.066729	liquid
155.00	70.000	701.63	0.0014252	-12.046	-2.0697	3.9583	0.83812	3.2809	339.39	0.11239	4.6009e-05	0.065196	supercritical
156.00	70.000	684.68	0.0014605	-8.9067	1.3170	3.9801	0.84390	3.5004	324.78	0.12671	4.4249e-05	0.063636	supercritical
157.00	70.000	666.08	0.0015013	-5.5600	4.9492	4.0033	0.85101	3.7747	309.69	0.14348	4.2422e-05	0.062043	supercritical
158.00	70.000	645.43	0.0015494	-1.9541	8.8913	4.0283	0.85978	4.1242	294.10	0.16335	4.0505e-05	0.060414	supercritical
159.00	70.000	622.18	0.0016073	1.9814	13.232	4.0557	0.87065	4.5777	278.04	0.18719	3.8474e-05	0.058739	supercritical
160.00	70.000	595.61	0.0016789	6.3407	18.093	4.0862	0.88409	5.1709	261.64	0.21608	3.6298e-05	0.057000	supercritical
161.00	70.000	564.90	0.0017702	11.239	23.631	4.1207	0.90023	5.9325	245.35	0.25118	3.3948e-05	0.055149	supercritical
162.00	70.000	529.42	0.0018889	16.781	30.003	4.1602	0.91772	6.8223	230.17	0.29308	3.1423e-05	0.053077	supercritical
163.00	70.000	489.73	0.0020419	22.943	37.237	4.2047	0.93180	7.5860	217.85	0.34025	2.8811e-05	0.050614	supercritical
164.00	70.000	448.99	0.0022272	29.378	44.968	4.2520	0.93539	7.7417	209.99	0.38766	2.6344e-05	0.047664	supercritical
165.00	70.000	411.92	0.0024277	35.471	52.465	4.2975	0.92651	7.1556	206.47	0.42903	2.4288e-05	0.044487	supercritical
166.00	70.000	381.14	0.0026237	40.813	59.179	4.3381	0.91057	6.2613	205.72	0.46151	2.2724e-05	0.041544	supercritical
167.00	70.000	356.38	0.0028060	45.368	65.010	4.3731	0.89318	5.4241	206.33	0.48573	2.1569e-05	0.039069	supercritical
168.00	70.000	336.35	0.0029731	49.270	70.081	4.4034	0.87694	4.7465	207.56	0.50346	2.0710e-05	0.037058	supercritical
169.00	70.000	319.84	0.0031266	52.666	74.552	4.4299	0.86255	4.2175	209.06	0.51630	2.0056e-05	0.035427	supercritical
170.00	70.000	305.95	0.0032685	55.675	78.555	4.4536	0.84997	3.8039	210.69	0.52547	1.9548e-05	0.034093	supercritical
171.00	70.000	294.05	0.0034008	58.383	82.189	4.4749	0.83893	3.4757	212.36	0.53188	1.9145e-05	0.032985	supercritical
172.00	70.000	283.69	0.0035250	60.853	85.527	4.4943	0.82919	3.2109	214.05	0.53618	1.8821e-05	0.032055	supercritical
173.00	70.000	274.55	0.0036423	63.130	88.626	4.5123	0.82050	2.9936	215.74	0.53884	1.8557e-05	0.031264	supercritical
174.00	70.000	266.39	0.0037539	65.250	91.527	4.5290	0.81267	2.8124	217.41	0.54022	1.8339e-05	0.030584	supercritical
175.00	70.000	259.04	0.0038604	67.238	94.260	4.5447	0.80558	2.6593	219.06	0.54059	1.8159e-05	0.029996	supercritical
176.00	70.000	252.37	0.0039625	69.115	96.853	4.5595	0.79909	2.5283	220.69	0.54015	1.8008e-05	0.029482	supercritical
177.00	70.000	246.26	0.0040607	70.898	99.323	4.5735	0.79312	2.4149	222.29	0.53906	1.7883e-05	0.029031	supercritical
178.00	70.000	240.64	0.0041556	72.598	101.69	4.5868	0.78759	2.3159	223.87	0.53744	1.7777e-05	0.028632	supercritical
179.00	70.000	235.44	0.0042474	74.227	103.96	4.5995	0.78245	2.2287	225.42	0.53539	1.7690e-05	0.028278	supercritical
180.00	70.000	230.60	0.0043364	75.793	106.15	4.6117	0.77765	2.1512	226.95	0.53299	1.7616e-05	0.027963	supercritical
181.00	70.000	226.09	0.0044230	77.302	108.26	4.6234	0.77316	2.0821	228.45	0.53031	1.7556e-05	0.027682	supercritical
182.00	70.000	221.86	0.0045074	78.762	110.31	4.6347	0.76894	2.0199	229.93	0.52740	1.7506e-05	0.027430	supercritical
183.00	70.000	217.88	0.0045897	80.178	112.31	4.6456	0.76496	1.9637	231.38	0.52429	1.7465e-05	0.027204	supercritical
184.00	70.000	214.13	0.0046701	81.552	114.24	4.6562	0.76120	1.9126	232.82	0.52103	1.7433e-05	0.027000	supercritical
185.00	70.000	210.58	0.0047488	82.890	116.13	4.6664	0.75764	1.8661	234.23	0.51765	1.7408e-05	0.026817	supercritical
186.00	70.000	207.21	0.0048259	84.195	117.98	4.6764	0.75428	1.8234	235.62	0.51416	1.7390e-05	0.026652	supercritical
187.00	70.000	204.02	0.0049016	85.469	119.78	4.6860	0.75108	1.7842	236.98	0.51059	1.7377e-05	0.026503	supercritical
188.00	70.000	200.97	0.0049758	86.715	121.55	4.6955	0.74804	1.7480	238.33	0.50696	1.7370e-05	0.026369	supercritical
189.00	70.000	198.07	0.0050488	87.935	123.28	4.7046	0.74515	1.7145	239.66	0.50328	1.7367e-05	0.026248	supercritical
190.00	70.000	195.29	0.0051206	89.132	124.98	4.7136	0.74239	1.6834	240.97	0.49956	1.7368e-05	0.026139	supercritical
191.00	70.000	192.63	0.0051913	90.306	126.64	4.7224	0.73977	1.6545	242.26	0.49581	1.7373e-05	0.026041	supercritical
192.00	70.000	190.08	0.0052609	91.459	128.29	4.7309	0.73726	1.6275	243.54	0.49205	1.7381e-05	0.025953	supercritical
193.00	70.000	187.64	0.0053295	92.594	129.90	4.7393	0.73487	1.6022	244.79	0.48828	1.7393e-05	0.025874	supercritical
194.00	70.000	185.28	0.0053972	93.710	131.49	4.7475	0.73258	1.5786	246.04	0.48450	1.7407e-05	0.025804	supercritical
195.00	70.000	183.02	0.0054640	94.810	133.06	4.7556	0.73039	1.5564	247.26	0.48073	1.7424e-05	0.025741	supercritical
196.00	70.000	180.83	0.0055300	95.894	134.60	4.7635	0.72829	1.5355	248.47	0.47697	1.7443e-05	0.025685	supercritical
197.00	70.000	178.73	0.0055952	96.963	136.13	4.7713	0.72628	1.5158	249.67	0.47321	1.7464e-05	0.025636	supercritical
198.00	70.000	176.69	0.0056596	98.018	137.64	4.7789	0.72436	1.4972	250.85	0.46947	1.7487e-05	0.025594	supercritical
199.00	70.000	174.72	0.0057233	99.060	139.12	4.7864	0.72251	1.4796	252.01	0.46575	1.7513e-05	0.025556	supercritical
200.00	70.000	172.82	0.0057864	100.09	140.59	4.7938	0.72074	1.4629	253.17	0.46205	1.7539e-05	0.025524	supercritical
201.00	70.000	170.97	0.0058488	101.11	142.05	4.8010	0.71904	1.4472	254.31	0.45837	1.7568e-05	0.025497	supercritical
202.00	70.000	169.19	0.0059106	102.12	143.49	4.8082	0.71740	1.4322	255.44	0.45472	1.7598e-05	0.025475	supercritical
203.00	70.000	167.45	0.0059718	103.11	144.91	4.8152	0.71584	1.4179	256.55	0.45109	1.7629e-05	0.025457	supercritical
204.00	70.000	165.77	0.0060325	104.10	146.33	4.8221	0.71433	1.4044	257.66	0.44749	1.7661e-05	0.025443	supercritical
205.00	70.000	164.13	0.0060926	105.08	147.72	4.8290	0.71288	1.3914	258.75	0.44392	1.7695e-05	0.025432	supercritical
206.00	70.000	162.54	0.0061522	106.04	149.11	4.8357	0.71148	1.3791	259.83	0.44038	1.7729e-05	0.025425	supercritical
207.00	70.000	161.00	0.0062113	107.00	150.48	4.8424	0.71014	1.3674	260.90	0.43687	1.7765e-05	0.025422	supercritical
208.00	70.000	159.49	0.0062699	107.95	151.84	4.8489	0.70884	1.3561	261.96	0.43339	1.7802e-05	0.025421	supercritical
209.00	70.000	158.03	0.0063281	108.90	153.19	4.8554	0.70760	1.3453	263.01	0.42994	1.7839e-05	0.025424	supercritical
210.00	70.000	156.60	0.0063858	109.83	154.53	4.8618	0.70639	1.3350	264.05	0.42652	1.7877e-05	0.025429	supercritical
211.00	70.000	155.20	0.0064431	110.76	155.86	4.8681	0.70524	1.3252	265.08	0.42314	1.7916e-05	0.025437	supercritical
212.00	70.000	153.84	0.0065001	111.68	157.18	4.8744	0.70412	1.3157	266.10	0.41979	1.7956e-05	0.025447	supercritical
213.00	70.000	152.52	0.0065566	112.60	158.50	4.8805	0.70304	1.3066	267.11	0.41647	1.7997e-05	0.025460	supercritical
214.00	70.000	151.22	0.0066127	113.51	159.80	4.8866	0.70201	1.2979	268.11	0.41319	1.8038e-05	0.025474	supercritical
215.00	70.000	149.96	0.0066685	114.41	161.09	4.8927	0.70101	1.2895	269.10	0.40993	1.8080e-05	0.025491	supercritical
216.00	70.000	148.72	0.0067239	115.31	162.38	4.8986	0.70004	1.2814	270.09	0.40672	1.8122e-05	0.025510	supercritical
217.00	70.000	147.51	0.0067790	116.20	163.65	4.9045	0.69910	1.2736	271.07	0.40353	1.8165e-05	0.025531	supercritical
218.00	70.000	146.33	0.0068338	117.09	164.92	4.9104	0.69820	1.2661	272.03	0.40038	1.8208e-05	0.025553	supercritical
219.00	70.000	145.18	0.0068882	117.97	166.19	4.9162	0.69733	1.2589	272.99	0.39725	1.8252e-05	0.025578	supercritical
220.00	70.000	144.04	0.0069424	118.85	167.44	4.9219	0.69649	1.2519	273.95	0.39416	1.8296e-05	0.025604	supercritical
221.00	70.000	142.93	0.0069962	119.72	168.69	4.9275	0.69568	1.2452	274.89	0.39111	1.8341e-05	0.025631	supercritical
222.00	70.000	141.85	0.0070497	120.58	169.93	4.9331	0.69489	1.2387	275.83	0.38808	1.8386e-05	0.025660	supercritical
223.00	70.000	140.79	0.0071030	121.45	171.17	4.9387	0.69413	1.2325	276.76	0.38509	1.8431e-05	0.025690	supercritical
224.00	70.000	139.74	0.0071560	122.31	172.40	4.9442	0.69340	1.2264	277.68	0.38212	1.8477e-05	0.025722	supercritical
225.00	70.000	138.72	0.0072088	123.16	173.62	4.9496	0.69269	1.2206	278.60	0.37919	1.8523e-05	0.025754	supercritical
226.00	70.000	137.72	0.0072612	124.01	174.84	4.9550	0.69200	1.2149	279.51	0.37629	1.8569e-05	0.025788	supercritical
227.00	70.000	136.73	0.0073135	124.86	176.05	4.9604	0.69134	1.2094	280.41	0.37342	1.8616e-05	0.025824	supercritical
228.00	70.000	135.77	0.0073655	125.70	177.26	4.9657	0.69070	1.2041	281.31	0.37058	1.8663e-05	0.025860	supercritical
229.00	70.000	134.82	0.0074172	126.54	178.46	4.9710	0.69008	1.1989	282.20	0.36777	1.8710e-05	0.025897	supercritical
230.00	70.000	133.89	0.0074688	127.37	179.66	4.9762	0.68948	1.1940	283.08	0.36498	1.8757e-05	0.025936	supercritical
231.00	70.000	132.98	0.0075201	128.21	180.85	4.9813	0.68889	1.1891	283.96	0.36223	1.8805e-05	0.025975	supercritical
232.00	70.000	132.08	0.0075712	129.04	182.03	4.9865	0.68833	1.1844	284.84	0.35950	1.8853e-05	0.026015	supercritical
233.00	70.000	131.20	0.0076220	129.86	183.22	4.9916	0.68779	1.1799	285.70	0.35681	1.8901e-05	0.026057	supercritical
234.00	70.000	130.33	0.0076727	130.68	184.39	4.9966	0.68726	1.1755	286.56	0.35414	1.8949e-05	0.026099	supercritical
235.00	70.000	129.48	0.0077232	131.50	185.57	5.0016	0.68675	1.1712	287.42	0.35150	1.8998e-05	0.026141	supercritical
236.00	70.000	128.64	0.0077735	132.32	186.74	5.0066	0.68626	1.1670	288.27	0.34888	1.9046e-05	0.026185	supercritical
237.00	70.000	127.82	0.0078236	133.14	187.90	5.0115	0.68578	1.1630	289.11	0.34630	1.9095e-05	0.026230	supercritical
238.00	70.000	127.01	0.0078735	133.95	189.06	5.0164	0.68532	1.1590	289.95	0.34373	1.9144e-05	0.026275	supercritical
239.00	70.000	126.21	0.0079232	134.76	190.22	5.0212	0.68487	1.1552	290.79	0.34120	1.9193e-05	0.026321	supercritical
240.00	70.000	125.43	0.0079728	135.56	191.37	5.0260	0.68443	1.1515	291.61	0.33869	1.9242e-05	0.026367	supercritical
241.00	70.000	124.65	0.0080222	136.37	192.52	5.0308	0.68402	1.1479	292.44	0.33621	1.9292e-05	0.026414	supercritical
242.00	70.000	123.89	0.0080714	137.17	193.67	5.0356	0.68361	1.1443	293.26	0.33375	1.9341e-05	0.026462	supercritical
243.00	70.000	123.15	0.0081204	137.97	194.81	5.0403	0.68322	1.1409	294.07	0.33131	1.9391e-05	0.026510	supercritical
244.00	70.000	122.41	0.0081693	138.77	195.95	5.0450	0.68284	1.1376	294.88	0.32890	1.9441e-05	0.026559	supercritical
245.00	70.000	121.68	0.0082181	139.56	197.09	5.0496	0.68247	1.1343	295.69	0.32652	1.9491e-05	0.026609	supercritical
246.00	70.000	120.97	0.0082667	140.35	198.22	5.0542	0.68212	1.1311	296.49	0.32416	1.9541e-05	0.026659	supercritical
247.00	70.000	120.26	0.0083151	141.14	199.35	5.0588	0.68177	1.1281	297.28	0.32182	1.9591e-05	0.026710	supercritical
248.00	70.000	119.57	0.0083634	141.93	200.48	5.0634	0.68144	1.1250	298.07	0.31950	1.9641e-05	0.026761	supercritical
249.00	70.000	118.88	0.0084115	142.72	201.60	5.0679	0.68112	1.1221	298.86	0.31721	1.9691e-05	0.026812	supercritical
250.00	70.000	118.21	0.0084595	143.50	202.72	5.0724	0.68081	1.1192	299.64	0.31494	1.9741e-05	0.026864	supercritical
251.00	70.000	117.54	0.0085074	144.29	203.84	5.0768	0.68051	1.1165	300.42	0.31269	1.9791e-05	0.026917	supercritical
252.00	70.000	116.89	0.0085551	145.07	204.95	5.0813	0.68022	1.1137	301.20	0.31046	1.9842e-05	0.026970	supercritical
253.00	70.000	116.24	0.0086027	145.85	206.06	5.0857	0.67994	1.1111	301.97	0.30826	1.9892e-05	0.027023	supercritical
254.00	70.000	115.60	0.0086502	146.62	207.17	5.0901	0.67967	1.1085	302.73	0.30607	1.9943e-05	0.027077	supercritical
255.00	70.000	114.97	0.0086976	147.40	208.28	5.0944	0.67941	1.1059	303.49	0.30391	1.9993e-05	0.027131	supercritical
256.00	70.000	114.35	0.0087448	148.17	209.39	5.0987	0.67916	1.1035	304.25	0.30177	2.0044e-05	0.027185	supercritical
257.00	70.000	113.74	0.0087919	148.95	210.49	5.1030	0.67891	1.1011	305.01	0.29964	2.0095e-05	0.027240	supercritical
258.00	70.000	113.14	0.0088389	149.72	211.59	5.1073	0.67868	1.0987	305.76	0.29754	2.0145e-05	0.027295	supercritical
259.00	70.000	112.54	0.0088858	150.49	212.69	5.1115	0.67845	1.0964	306.51	0.29546	2.0196e-05	0.027351	supercritical
260.00	70.000	111.95	0.0089325	151.25	213.78	5.1158	0.67824	1.0941	307.25	0.29340	2.0247e-05	0.027407	supercritical
261.00	70.000	111.37	0.0089792	152.02	214.87	5.1200	0.67803	1.0919	307.99	0.29135	2.0298e-05	0.027463	supercritical
262.00	70.000	110.79	0.0090257	152.79	215.97	5.1241	0.67783	1.0898	308.73	0.28933	2.0348e-05	0.027520	supercritical
263.00	70.000	110.23	0.0090721	153.55	217.05	5.1283	0.67763	1.0877	309.46	0.28732	2.0399e-05	0.027576	supercritical
264.00	70.000	109.67	0.0091185	154.31	218.14	5.1324	0.67745	1.0856	310.19	0.28533	2.0450e-05	0.027633	supercritical
265.00	70.000	109.11	0.0091647	155.07	219.23	5.1365	0.67727	1.0836	310.91	0.28336	2.0501e-05	0.027691	supercritical
266.00	70.000	108.57	0.0092108	155.83	220.31	5.1406	0.67710	1.0817	311.64	0.28141	2.0552e-05	0.027748	supercritical
267.00	70.000	108.03	0.0092568	156.59	221.39	5.1446	0.67693	1.0797	312.36	0.27948	2.0603e-05	0.027806	supercritical
268.00	70.000	107.49	0.0093028	157.35	222.47	5.1487	0.67678	1.0779	313.07	0.27756	2.0654e-05	0.027865	supercritical
269.00	70.000	106.97	0.0093486	158.10	223.54	5.1527	0.67663	1.0760	313.79	0.27566	2.0705e-05	0.027923	supercritical
270.00	70.000	106.45	0.0093943	158.86	224.62	5.1567	0.67648	1.0742	314.50	0.27378	2.0756e-05	0.027982	supercritical
271.00	70.000	105.93	0.0094400	159.61	225.69	5.1606	0.67635	1.0725	315.20	0.27191	2.0807e-05	0.028040	supercritical
272.00	70.000	105.42	0.0094855	160.37	226.76	5.1646	0.67621	1.0707	315.91	0.27007	2.0858e-05	0.028100	supercritical
273.00	70.000	104.92	0.0095310	161.12	227.83	5.1685	0.67609	1.0690	316.61	0.26823	2.0909e-05	0.028159	supercritical
274.00	70.000	104.42	0.0095763	161.87	228.90	5.1724	0.67597	1.0674	317.30	0.26642	2.0960e-05	0.028218	supercritical
275.00	70.000	103.93	0.0096216	162.62	229.97	5.1763	0.67586	1.0658	318.00	0.26462	2.1011e-05	0.028278	supercritical
276.00	70.000	103.45	0.0096668	163.37	231.03	5.1802	0.67575	1.0642	318.69	0.26283	2.1062e-05	0.028338	supercritical
277.00	70.000	102.97	0.0097119	164.11	232.10	5.1840	0.67565	1.0626	319.38	0.26106	2.1113e-05	0.028398	supercritical
278.00	70.000	102.49	0.0097570	164.86	233.16	5.1878	0.67556	1.0611	320.06	0.25931	2.1163e-05	0.028458	supercritical
279.00	70.000	102.02	0.0098019	165.61	234.22	5.1916	0.67547	1.0596	320.75	0.25757	2.1214e-05	0.028519	supercritical
280.00	70.000	101.56	0.0098468	166.35	235.28	5.1954	0.67538	1.0582	321.43	0.25584	2.1265e-05	0.028579	supercritical
281.00	70.000	101.10	0.0098916	167.10	236.34	5.1992	0.67530	1.0568	322.10	0.25413	2.1316e-05	0.028640	supercritical
282.00	70.000	100.64	0.0099363	167.84	237.39	5.2030	0.67523	1.0554	322.78	0.25244	2.1367e-05	0.028701	supercritical
283.00	70.000	100.19	0.0099810	168.58	238.45	5.2067	0.67516	1.0540	323.45	0.25076	2.1418e-05	0.028762	supercritical
284.00	70.000	99.745	0.010026	169.32	239.50	5.2104	0.67510	1.0526	324.12	0.24909	2.1469e-05	0.028824	supercritical
285.00	70.000	99.304	0.010070	170.06	240.55	5.2141	0.67504	1.0513	324.79	0.24744	2.1520e-05	0.028885	supercritical
286.00	70.000	98.868	0.010114	170.80	241.60	5.2178	0.67498	1.0500	325.45	0.24580	2.1571e-05	0.028947	supercritical
287.00	70.000	98.437	0.010159	171.54	242.65	5.2214	0.67493	1.0488	326.11	0.24417	2.1622e-05	0.029008	supercritical
288.00	70.000	98.009	0.010203	172.28	243.70	5.2251	0.67489	1.0475	326.77	0.24256	2.1672e-05	0.029070	supercritical
289.00	70.000	97.586	0.010247	173.02	244.75	5.2287	0.67485	1.0463	327.43	0.24096	2.1723e-05	0.029132	supercritical
290.00	70.000	97.168	0.010291	173.75	245.79	5.2323	0.67482	1.0451	328.08	0.23937	2.1774e-05	0.029194	supercritical
291.00	70.000	96.753	0.010336	174.49	246.84	5.2359	0.67479	1.0440	328.73	0.23780	2.1825e-05	0.029256	supercritical
292.00	70.000	96.343	0.010380	175.22	247.88	5.2395	0.67476	1.0428	329.38	0.23624	2.1875e-05	0.029318	supercritical
293.00	70.000	95.937	0.010424	175.96	248.92	5.2431	0.67474	1.0417	330.03	0.23469	2.1926e-05	0.029381	supercritical
294.00	70.000	95.535	0.010467	176.69	249.96	5.2466	0.67472	1.0406	330.67	0.23316	2.1977e-05	0.029443	supercritical
295.00	70.000	95.136	0.010511	177.43	251.00	5.2501	0.67471	1.0395	331.31	0.23164	2.2028e-05	0.029506	supercritical
296.00	70.000	94.742	0.010555	178.16	252.04	5.2537	0.67470	1.0385	331.95	0.23013	2.2078e-05	0.029568	supercritical
297.00	70.000	94.351	0.010599	178.89	253.08	5.2572	0.67470	1.0375	332.59	0.22863	2.2129e-05	0.029631	supercritical
298.00	70.000	93.964	0.010642	179.62	254.12	5.2607	0.67470	1.0364	333.22	0.22714	2.2179e-05	0.029694	supercritical
299.00	70.000	93.581	0.010686	180.35	255.15	5.2641	0.67470	1.0354	333.86	0.22566	2.2230e-05	0.029757	supercritical
300.00	70.000	93.201	0.010729	181.08	256.19	5.2676	0.67471	1.0345	334.49	0.22420	2.2280e-05	0.029820	supercritical
301.00	70.000	92.825	0.010773	181.81	257.22	5.2710	0.67472	1.0335	335.11	0.22275	2.2331e-05	0.029883	supercritical
302.00	70.000	92.453	0.010816	182.54	258.26	5.2744	0.67473	1.0326	335.74	0.22131	2.2381e-05	0.029946	supercritical
303.00	70.000	92.084	0.010860	183.27	259.29	5.2779	0.67475	1.0317	336.36	0.21988	2.2432e-05	0.030009	supercritical
304.00	70.000	91.718	0.010903	184.00	260.32	5.2813	0.67477	1.0308	336.99	0.21846	2.2482e-05	0.030072	supercritical
305.00	70.000	91.356	0.010946	184.73	261.35	5.2846	0.67480	1.0299	337.60	0.21705	2.2533e-05	0.030135	supercritical
306.00	70.000	90.997	0.010989	185.45	262.38	5.2880	0.67483	1.0290	338.22	0.21566	2.2583e-05	0.030197	supercritical
307.00	70.000	90.641	0.011033	186.18	263.41	5.2914	0.67486	1.0282	338.84	0.21427	2.2633e-05	0.030260	supercritical
308.00	70.000	90.288	0.011076	186.91	264.44	5.2947	0.67490	1.0273	339.45	0.21290	2.2684e-05	0.030322	supercritical
309.00	70.000	89.939	0.011119	187.63	265.46	5.2980	0.67494	1.0265	340.06	0.21153	2.2734e-05	0.030383	supercritical
310.00	70.000	89.592	0.011162	188.36	266.49	5.3013	0.67499	1.0257	340.67	0.21018	2.2784e-05	0.030445	supercritical
311.00	70.000	89.249	0.011205	189.08	267.51	5.3047	0.67503	1.0249	341.28	0.20883	2.2834e-05	0.030510	supercritical
312.00	70.000	88.909	0.011247	189.81	268.54	5.3079	0.67508	1.0242	341.88	0.20750	2.2884e-05	0.030576	supercritical
313.00	70.000	88.571	0.011290	190.53	269.56	5.3112	0.67514	1.0234	342.49	0.20617	2.2934e-05	0.030641	supercritical
314.00	70.000	88.237	0.011333	191.25	270.59	5.3145	0.67520	1.0227	343.09	0.20486	2.2985e-05	0.030706	supercritical
315.00	70.000	87.906	0.011376	191.98	271.61	5.3177	0.67526	1.0219	343.69	0.20355	2.3035e-05	0.030771	supercritical
316.00	70.000	87.577	0.011419	192.70	272.63	5.3210	0.67532	1.0212	344.28	0.20226	2.3085e-05	0.030837	supercritical
317.00	70.000	87.251	0.011461	193.42	273.65	5.3242	0.67539	1.0205	344.88	0.20097	2.3135e-05	0.030902	supercritical
318.00	70.000	86.928	0.011504	194.14	274.67	5.3274	0.67546	1.0198	345.47	0.19970	2.3184e-05	0.030968	supercritical
319.00	70.000	86.607	0.011546	194.87	275.69	5.3306	0.67553	1.0192	346.06	0.19843	2.3234e-05	0.031033	supercritical
320.00	70.000	86.290	0.011589	195.59	276.71	5.3338	0.67561	1.0185	346.65	0.19717	2.3284e-05	0.031098	supercritical
321.00	70.000	85.975	0.011631	196.31	277.73	5.3370	0.67569	1.0179	347.24	0.19592	2.3334e-05	0.031164	supercritical
322.00	70.000	85.662	0.011674	197.03	278.74	5.3401	0.67577	1.0172	347.83	0.19468	2.3384e-05	0.031230	supercritical
323.00	70.000	85.352	0.011716	197.75	279.76	5.3433	0.67585	1.0166	348.41	0.19345	2.3434e-05	0.031295	supercritical
324.00	70.000	85.045	0.011758	198.47	280.78	5.3464	0.67594	1.0160	348.99	0.19223	2.3483e-05	0.031361	supercritical
325.00	70.000	84.740	0.011801	199.19	281.79	5.3496	0.67603	1.0154	349.58	0.19102	2.3533e-05	0.031427	supercritical
326.00	70.000	84.438	0.011843	199.91	282.81	5.3527	0.67613	1.0148	350.15	0.18982	2.3583e-05	0.031492	supercritical
327.00	70.000	84.138	0.011885	200.63	283.82	5.3558	0.67622	1.0143	350.73	0.18862	2.3632e-05	0.031558	supercritical
328.00	70.000	83.840	0.011927	201.35	284.84	5.3589	0.67632	1.0137	351.31	0.18743	2.3682e-05	0.031624	supercritical
329.00	70.000	83.545	0.011970	202.06	285.85	5.3620	0.67642	1.0132	351.88	0.18625	2.3731e-05	0.031690	supercritical
330.00	70.000	83.252	0.012012	202.78	286.86	5.3650	0.67653	1.0126	352.45	0.18508	2.3781e-05	0.031755	supercritical
331.00	70.000	82.962	0.012054	203.50	287.88	5.3681	0.67664	1.0121	353.02	0.18392	2.3830e-05	0.031821	supercritical
332.00	70.000	82.674	0.012096	204.22	288.89	5.3712	0.67675	1.0116	353.59	0.18277	2.3879e-05	0.031887	supercritical
333.00	70.000	82.388	0.012138	204.94	289.90	5.3742	0.67686	1.0111	354.16	0.18162	2.3929e-05	0.031953	supercritical
334.00	70.000	82.104	0.012180	205.65	290.91	5.3772	0.67697	1.0106	354.73	0.18048	2.3978e-05	0.032019	supercritical
335.00	70.000	81.822	0.012222	206.37	291.92	5.3803	0.67709	1.0101	355.29	0.17935	2.4027e-05	0.032085	supercritical
336.00	70.000	81.543	0.012263	207.09	292.93	5.3833	0.67721	1.0096	355.85	0.17823	2.4077e-05	0.032151	supercritical
337.00	70.000	81.266	0.012305	207.80	293.94	5.3863	0.67734	1.0092	356.41	0.17712	2.4126e-05	0.032217	supercritical
338.00	70.000	80.991	0.012347	208.52	294.95	5.3893	0.67746	1.0087	356.97	0.17601	2.4175e-05	0.032283	supercritical
339.00	70.000	80.718	0.012389	209.24	295.96	5.3922	0.67759	1.0083	357.53	0.17491	2.4224e-05	0.032349	supercritical
340.00	70.000	80.447	0.012431	209.95	296.97	5.3952	0.67772	1.0078	358.09	0.17382	2.4273e-05	0.032415	supercritical
341.00	70.000	80.178	0.012472	210.67	297.97	5.3982	0.67785	1.0074	358.64	0.17273	2.4322e-05	0.032481	supercritical
342.00	70.000	79.911	0.012514	211.38	298.98	5.4011	0.67799	1.0070	359.19	0.17166	2.4371e-05	0.032547	supercritical
343.00	70.000	79.646	0.012556	212.10	299.99	5.4040	0.67812	1.0066	359.74	0.17059	2.4420e-05	0.032613	supercritical
344.00	70.000	79.383	0.012597	212.81	300.99	5.4070	0.67826	1.0062	360.29	0.16952	2.4469e-05	0.032679	supercritical
345.00	70.000	79.122	0.012639	213.53	302.00	5.4099	0.67841	1.0058	360.84	0.16847	2.4518e-05	0.032745	supercritical
346.00	70.000	78.863	0.012680	214.24	303.00	5.4128	0.67855	1.0054	361.39	0.16742	2.4566e-05	0.032812	supercritical
347.00	70.000	78.606	0.012722	214.96	304.01	5.4157	0.67870	1.0050	361.94	0.16638	2.4615e-05	0.032878	supercritical
348.00	70.000	78.350	0.012763	215.67	305.01	5.4186	0.67885	1.0047	362.48	0.16534	2.4664e-05	0.032944	supercritical
349.00	70.000	78.097	0.012805	216.39	306.02	5.4215	0.67900	1.0043	363.02	0.16432	2.4713e-05	0.033010	supercritical
350.00	70.000	77.845	0.012846	217.10	307.02	5.4244	0.67915	1.0040	363.56	0.16329	2.4761e-05	0.033076	supercritical
351.00	70.000	77.595	0.012887	217.82	308.03	5.4272	0.67931	1.0036	364.10	0.16228	2.4810e-05	0.033142	supercritical
352.00	70.000	77.347	0.012929	218.53	309.03	5.4301	0.67946	1.0033	364.64	0.16127	2.4858e-05	0.033209	supercritical
353.00	70.000	77.101	0.012970	219.24	310.03	5.4329	0.67962	1.0030	365.18	0.16027	2.4907e-05	0.033275	supercritical
354.00	70.000	76.856	0.013011	219.96	311.04	5.4358	0.67978	1.0027	365.71	0.15928	2.4955e-05	0.033341	supercritical
355.00	70.000	76.613	0.013053	220.67	312.04	5.4386	0.67995	1.0024	366.25	0.15829	2.5004e-05	0.033407	supercritical
356.00	70.000	76.372	0.013094	221.38	313.04	5.4414	0.68011	1.0021	366.78	0.15731	2.5052e-05	0.033473	supercritical
357.00	70.000	76.132	0.013135	222.10	314.04	5.4442	0.68028	1.0018	367.31	0.15633	2.5100e-05	0.033540	supercritical
358.00	70.000	75.894	0.013176	222.81	315.05	5.4470	0.68045	1.0015	367.84	0.15537	2.5149e-05	0.033606	supercritical
359.00	70.000	75.658	0.013217	223.53	316.05	5.4498	0.68062	1.0012	368.37	0.15440	2.5197e-05	0.033672	supercritical
360.00	70.000	75.424	0.013258	224.24	317.05	5.4526	0.68080	1.0009	368.90	0.15345	2.5245e-05	0.033738	supercritical
361.00	70.000	75.191	0.013300	224.95	318.05	5.4554	0.68097	1.0007	369.42	0.15250	2.5293e-05	0.033805	supercritical
362.00	70.000	74.959	0.013341	225.66	319.05	5.4581	0.68115	1.0004	369.95	0.15155	2.5341e-05	0.033871	supercritical
363.00	70.000	74.729	0.013382	226.38	320.05	5.4609	0.68133	1.0002	370.47	0.15062	2.5390e-05	0.033937	supercritical
364.00	70.000	74.501	0.013423	227.09	321.05	5.4637	0.68151	0.99991	370.99	0.14968	2.5438e-05	0.034003	supercritical
365.00	70.000	74.274	0.013464	227.80	322.05	5.4664	0.68169	0.99967	371.51	0.14876	2.5486e-05	0.034069	supercritical
366.00	70.000	74.049	0.013505	228.52	323.05	5.4691	0.68188	0.99944	372.03	0.14784	2.5534e-05	0.034136	supercritical
367.00	70.000	73.826	0.013545	229.23	324.05	5.4719	0.68207	0.99921	372.55	0.14692	2.5581e-05	0.034202	supercritical
368.00	70.000	73.603	0.013586	229.94	325.05	5.4746	0.68226	0.99899	373.07	0.14602	2.5629e-05	0.034268	supercritical
369.00	70.000	73.383	0.013627	230.66	326.05	5.4773	0.68245	0.99878	373.59	0.14511	2.5677e-05	0.034334	supercritical
370.00	70.000	73.163	0.013668	231.37	327.04	5.4800	0.68264	0.99857	374.10	0.14422	2.5725e-05	0.034401	supercritical
371.00	70.000	72.945	0.013709	232.08	328.04	5.4827	0.68283	0.99837	374.61	0.14332	2.5773e-05	0.034467	supercritical
372.00	70.000	72.729	0.013750	232.79	329.04	5.4854	0.68303	0.99817	375.13	0.14244	2.5820e-05	0.034533	supercritical
373.00	70.000	72.514	0.013790	233.51	330.04	5.4880	0.68322	0.99798	375.64	0.14156	2.5868e-05	0.034599	supercritical
374.00	70.000	72.300	0.013831	234.22	331.04	5.4907	0.68342	0.99780	376.15	0.14068	2.5916e-05	0.034666	supercritical
375.00	70.000	72.088	0.013872	234.93	332.03	5.4934	0.68362	0.99762	376.65	0.13981	2.5963e-05	0.034732	supercritical
376.00	70.000	71.877	0.013913	235.64	333.03	5.4960	0.68383	0.99745	377.16	0.13895	2.6011e-05	0.034798	supercritical
377.00	70.000	71.668	0.013953	236.36	334.03	5.4987	0.68403	0.99728	377.67	0.13809	2.6058e-05	0.034864	supercritical
378.00	70.000	71.459	0.013994	237.07	335.03	5.5013	0.68424	0.99712	378.17	0.13724	2.6106e-05	0.034931	supercritical
379.00	70.000	71.253	0.014035	237.78	336.02	5.5040	0.68444	0.99696	378.68	0.13639	2.6153e-05	0.034997	supercritical
380.00	70.000	71.047	0.014075	238.49	337.02	5.5066	0.68465	0.99681	379.18	0.13555	2.6200e-05	0.035063	supercritical
381.00	70.000	70.843	0.014116	239.21	338.02	5.5092	0.68486	0.99667	379.68	0.13471	2.6248e-05	0.035129	supercritical
382.00	70.000	70.640	0.014156	239.92	339.01	5.5118	0.68507	0.99653	380.18	0.13388	2.6295e-05	0.035195	supercritical
383.00	70.000	70.438	0.014197	240.63	340.01	5.5144	0.68529	0.99639	380.68	0.13305	2.6342e-05	0.035262	supercritical
384.00	70.000	70.238	0.014237	241.35	341.01	5.5170	0.68550	0.99626	381.18	0.13223	2.6389e-05	0.035328	supercritical
385.00	70.000	70.038	0.014278	242.06	342.00	5.5196	0.68572	0.99614	381.68	0.13141	2.6436e-05	0.035394	supercritical
386.00	70.000	69.840	0.014318	242.77	343.00	5.5222	0.68594	0.99602	382.17	0.13060	2.6484e-05	0.035460	supercritical
387.00	70.000	69.644	0.014359	243.48	344.00	5.5248	0.68616	0.99590	382.67	0.12979	2.6531e-05	0.035526	supercritical
388.00	70.000	69.448	0.014399	244.20	344.99	5.5274	0.68638	0.99579	383.16	0.12899	2.6578e-05	0.035592	supercritical
389.00	70.000	69.254	0.014440	244.91	345.99	5.5299	0.68660	0.99568	383.65	0.12819	2.6625e-05	0.035658	supercritical
390.00	70.000	69.061	0.014480	245.62	346.98	5.5325	0.68682	0.99558	384.14	0.12739	2.6671e-05	0.035725	supercritical
391.00	70.000	68.869	0.014520	246.34	347.98	5.5350	0.68705	0.99548	384.63	0.12661	2.6718e-05	0.035791	supercritical
392.00	70.000	68.678	0.014561	247.05	348.97	5.5376	0.68727	0.99539	385.12	0.12582	2.6765e-05	0.035857	supercritical
393.00	70.000	68.488	0.014601	247.76	349.97	5.5401	0.68750	0.99530	385.61	0.12504	2.6812e-05	0.035923	supercritical
394.00	70.000	68.299	0.014641	248.47	350.96	5.5426	0.68773	0.99522	386.10	0.12427	2.6859e-05	0.035989	supercritical
395.00	70.000	68.112	0.014682	249.19	351.96	5.5451	0.68796	0.99514	386.59	0.12350	2.6905e-05	0.036055	supercritical
396.00	70.000	67.926	0.014722	249.90	352.95	5.5477	0.68819	0.99507	387.07	0.12273	2.6952e-05	0.036121	supercritical
397.00	70.000	67.740	0.014762	250.61	353.95	5.5502	0.68842	0.99500	387.56	0.12197	2.6999e-05	0.036187	supercritical
398.00	70.000	67.556	0.014802	251.33	354.94	5.5527	0.68866	0.99493	388.04	0.12122	2.7045e-05	0.036253	supercritical
399.00	70.000	67.373	0.014843	252.04	355.94	5.5552	0.68889	0.99487	388.52	0.12047	2.7092e-05	0.036319	supercritical
400.00	70.000	67.191	0.014883	252.75	356.93	5.5577	0.68913	0.99481	389.00	0.11972	2.7138e-05	0.036385	supercritical
401.00	70.000	67.011	0.014923	253.47	357.93	5.5601	0.68937	0.99476	389.48	0.11897	2.7185e-05	0.036451	supercritical
402.00	70.000	66.831	0.014963	254.18	358.92	5.5626	0.68961	0.99471	389.96	0.11824	2.7231e-05	0.036517	supercritical
403.00	70.000	66.652	0.015003	254.89	359.92	5.5651	0.68985	0.99466	390.44	0.11750	2.7278e-05	0.036583	supercritical
404.00	70.000	66.474	0.015043	255.61	360.91	5.5676	0.69009	0.99462	390.92	0.11677	2.7324e-05	0.036649	supercritical
405.00	70.000	66.297	0.015084	256.32	361.91	5.5700	0.69033	0.99458	391.39	0.11605	2.7370e-05	0.036715	supercritical
406.00	70.000	66.122	0.015124	257.04	362.90	5.5725	0.69057	0.99454	391.87	0.11532	2.7416e-05	0.036781	supercritical
407.00	70.000	65.947	0.015164	257.75	363.90	5.5749	0.69082	0.99451	392.34	0.11461	2.7463e-05	0.036847	supercritical
408.00	70.000	65.773	0.015204	258.46	364.89	5.5774	0.69106	0.99449	392.82	0.11389	2.7509e-05	0.036913	supercritical
409.00	70.000	65.601	0.015244	259.18	365.89	5.5798	0.69131	0.99446	393.29	0.11318	2.7555e-05	0.036979	supercritical
410.00	70.000	65.429	0.015284	259.89	366.88	5.5822	0.69156	0.99444	393.76	0.11248	2.7601e-05	0.037045	supercritical
411.00	70.000	65.258	0.015324	260.61	367.87	5.5846	0.69181	0.99443	394.23	0.11178	2.7647e-05	0.037111	supercritical
412.00	70.000	65.088	0.015364	261.32	368.87	5.5871	0.69206	0.99441	394.70	0.11108	2.7693e-05	0.037176	supercritical
413.00	70.000	64.919	0.015404	262.04	369.86	5.5895	0.69231	0.99440	395.17	0.11039	2.7739e-05	0.037242	supercritical
414.00	70.000	64.751	0.015444	262.75	370.86	5.5919	0.69256	0.99440	395.64	0.10970	2.7785e-05	0.037308	supercritical
415.00	70.000	64.584	0.015484	263.47	371.85	5.5943	0.69281	0.99439	396.10	0.10901	2.7831e-05	0.037374	supercritical
416.00	70.000	64.418	0.015524	264.18	372.85	5.5967	0.69307	0.99439	396.57	0.10833	2.7877e-05	0.037440	supercritical
417.00	70.000	64.253	0.015563	264.90	373.84	5.5991	0.69332	0.99440	397.03	0.10765	2.7922e-05	0.037505	supercritical
418.00	70.000	64.089	0.015603	265.61	374.84	5.6014	0.69358	0.99441	397.50	0.10698	2.7968e-05	0.037571	supercritical
419.00	70.000	63.926	0.015643	266.33	375.83	5.6038	0.69384	0.99442	397.96	0.10631	2.8014e-05	0.037637	supercritical
420.00	70.000	63.763	0.015683	267.04	376.82	5.6062	0.69410	0.99443	398.42	0.10564	2.8060e-05	0.037703	supercritical
421.00	70.000	63.602	0.015723	267.76	377.82	5.6086	0.69435	0.99445	398.88	0.10498	2.8105e-05	0.037768	supercritical
422.00	70.000	63.441	0.015763	268.47	378.81	5.6109	0.69461	0.99447	399.35	0.10432	2.8151e-05	0.037834	supercritical
423.00	70.000	63.281	0.015802	269.19	379.81	5.6133	0.69488	0.99449	399.81	0.10367	2.8196e-05	0.037900	supercritical
424.00	70.000	63.122	0.015842	269.91	380.80	5.6156	0.69514	0.99451	400.26	0.10302	2.8242e-05	0.037965	supercritical
425.00	70.000	62.964	0.015882	270.62	381.80	5.6180	0.69540	0.99454	400.72	0.10237	2.8287e-05	0.038031	supercritical
426.00	70.000	62.807	0.015922	271.34	382.79	5.6203	0.69566	0.99457	401.18	0.10173	2.8333e-05	0.038097	supercritical
427.00	70.000	62.651	0.015962	272.05	383.79	5.6226	0.69593	0.99461	401.64	0.10109	2.8378e-05	0.038162	supercritical
428.00	70.000	62.495	0.016001	272.77	384.78	5.6250	0.69619	0.99465	402.09	0.10045	2.8423e-05	0.038228	supercritical
429.00	70.000	62.340	0.016041	273.49	385.77	5.6273	0.69646	0.99469	402.55	0.099816	2.8469e-05	0.038294	supercritical
430.00	70.000	62.186	0.016081	274.20	386.77	5.6296	0.69673	0.99473	403.00	0.099186	2.8514e-05	0.038359	supercritical
431.00	70.000	62.033	0.016120	274.92	387.76	5.6319	0.69699	0.99477	403.45	0.098560	2.8559e-05	0.038425	supercritical
432.00	70.000	61.881	0.016160	275.64	388.76	5.6342	0.69726	0.99482	403.90	0.097937	2.8604e-05	0.038490	supercritical
433.00	70.000	61.730	0.016200	276.36	389.75	5.6365	0.69753	0.99487	404.36	0.097318	2.8650e-05	0.038556	supercritical
434.00	70.000	61.579	0.016239	277.07	390.75	5.6388	0.69780	0.99493	404.81	0.096702	2.8695e-05	0.038621	supercritical
435.00	70.000	61.429	0.016279	277.79	391.74	5.6411	0.69807	0.99498	405.26	0.096089	2.8740e-05	0.038687	supercritical
436.00	70.000	61.280	0.016319	278.51	392.74	5.6434	0.69835	0.99504	405.70	0.095480	2.8785e-05	0.038752	supercritical
437.00	70.000	61.132	0.016358	279.23	393.73	5.6457	0.69862	0.99510	406.15	0.094874	2.8830e-05	0.038818	supercritical
438.00	70.000	60.984	0.016398	279.94	394.73	5.6479	0.69889	0.99517	406.60	0.094272	2.8875e-05	0.038883	supercritical
439.00	70.000	60.837	0.016437	280.66	395.72	5.6502	0.69917	0.99523	407.05	0.093672	2.8920e-05	0.038948	supercritical
440.00	70.000	60.691	0.016477	281.38	396.72	5.6525	0.69944	0.99530	407.49	0.093076	2.8964e-05	0.039014	supercritical
441.00	70.000	60.546	0.016516	282.10	397.71	5.6547	0.69971	0.99537	407.94	0.092484	2.9009e-05	0.039079	supercritical
442.00	70.000	60.401	0.016556	282.82	398.71	5.6570	0.69999	0.99545	408.38	0.091894	2.9054e-05	0.039144	supercritical
443.00	70.000	60.257	0.016595	283.54	399.71	5.6592	0.70027	0.99552	408.82	0.091308	2.9099e-05	0.039210	supercritical
444.00	70.000	60.114	0.016635	284.26	400.70	5.6615	0.70054	0.99560	409.27	0.090724	2.9143e-05	0.039275	supercritical
445.00	70.000	59.972	0.016674	284.98	401.70	5.6637	0.70082	0.99568	409.71	0.090144	2.9188e-05	0.039340	supercritical
446.00	70.000	59.830	0.016714	285.69	402.69	5.6659	0.70110	0.99577	410.15	0.089567	2.9233e-05	0.039406	supercritical
447.00	70.000	59.689	0.016753	286.41	403.69	5.6682	0.70138	0.99585	410.59	0.088994	2.9277e-05	0.039471	supercritical
448.00	70.000	59.549	0.016793	287.13	404.68	5.6704	0.70166	0.99594	411.03	0.088423	2.9322e-05	0.039536	supercritical
449.00	70.000	59.409	0.016832	287.85	405.68	5.6726	0.70194	0.99603	411.47	0.087855	2.9366e-05	0.039601	supercritical
450.00	70.000	59.271	0.016872	288.57	406.68	5.6748	0.70222	0.99612	411.91	0.087291	2.9411e-05	0.039666	supercritical
451.00	70.000	59.132	0.016911	289.29	407.67	5.6771	0.70250	0.99621	412.34	0.086729	2.9455e-05	0.039732	supercritical
452.00	70.000	58.995	0.016951	290.01	408.67	5.6793	0.70278	0.99631	412.78	0.086170	2.9500e-05	0.039797	supercritical
453.00	70.000	58.858	0.016990	290.74	409.67	5.6815	0.70307	0.99641	413.22	0.085615	2.9544e-05	0.039862	supercritical
454.00	70.000	58.722	0.017029	291.46	410.66	5.6837	0.70335	0.99651	413.65	0.085062	2.9588e-05	0.039927	supercritical
455.00	70.000	58.587	0.017069	292.18	411.66	5.6858	0.70363	0.99661	414.09	0.084512	2.9633e-05	0.039992	supercritical
456.00	70.000	58.452	0.017108	292.90	412.65	5.6880	0.70392	0.99671	414.52	0.083965	2.9677e-05	0.040057	supercritical
457.00	70.000	58.318	0.017147	293.62	413.65	5.6902	0.70420	0.99682	414.95	0.083421	2.9721e-05	0.040122	supercritical
458.00	70.000	58.184	0.017187	294.34	414.65	5.6924	0.70449	0.99693	415.39	0.082880	2.9765e-05	0.040187	supercritical
459.00	70.000	58.051	0.017226	295.06	415.65	5.6946	0.70477	0.99704	415.82	0.082342	2.9809e-05	0.040252	supercritical
460.00	70.000	57.919	0.017265	295.78	416.64	5.6967	0.70506	0.99715	416.25	0.081807	2.9854e-05	0.040317	supercritical
461.00	70.000	57.788	0.017305	296.51	417.64	5.6989	0.70535	0.99726	416.68	0.081274	2.9898e-05	0.040382	supercritical
462.00	70.000	57.657	0.017344	297.23	418.64	5.7011	0.70564	0.99738	417.11	0.080744	2.9942e-05	0.040447	supercritical
463.00	70.000	57.527	0.017383	297.95	419.63	5.7032	0.70592	0.99749	417.54	0.080217	2.9986e-05	0.040512	supercritical
464.00	70.000	57.397	0.017423	298.67	420.63	5.7054	0.70621	0.99761	417.97	0.079693	3.0030e-05	0.040577	supercritical
465.00	70.000	57.268	0.017462	299.40	421.63	5.7075	0.70650	0.99773	418.39	0.079172	3.0073e-05	0.040642	supercritical
466.00	70.000	57.139	0.017501	300.12	422.63	5.7097	0.70679	0.99786	418.82	0.078653	3.0117e-05	0.040707	supercritical
467.00	70.000	57.012	0.017540	300.84	423.63	5.7118	0.70708	0.99798	419.25	0.078137	3.0161e-05	0.040771	supercritical
468.00	70.000	56.884	0.017580	301.57	424.62	5.7139	0.70737	0.99811	419.67	0.077623	3.0205e-05	0.040836	supercritical
469.00	70.000	56.758	0.017619	302.29	425.62	5.7161	0.70766	0.99823	420.10	0.077112	3.0249e-05	0.040901	supercritical
470.00	70.000	56.632	0.017658	303.01	426.62	5.7182	0.70795	0.99836	420.52	0.076604	3.0292e-05	0.040966	supercritical
471.00	70.000	56.506	0.017697	303.74	427.62	5.7203	0.70824	0.99849	420.94	0.076099	3.0336e-05	0.041031	supercritical
472.00	70.000	56.382	0.017736	304.46	428.62	5.7224	0.70853	0.99863	421.37	0.075596	3.0380e-05	0.041095	supercritical
473.00	70.000	56.257	0.017775	305.19	429.62	5.7246	0.70882	0.99876	421.79	0.075096	3.0423e-05	0.041160	supercritical
474.00	70.000	56.134	0.017815	305.91	430.61	5.7267	0.70912	0.99890	422.21	0.074598	3.0467e-05	0.041225	supercritical
475.00	70.000	56.011	0.017854	306.64	431.61	5.7288	0.70941	0.99903	422.63	0.074103	3.0510e-05	0.041289	supercritical
476.00	70.000	55.888	0.017893	307.36	432.61	5.7309	0.70970	0.99917	423.05	0.073610	3.0554e-05	0.041354	supercritical
477.00	70.000	55.766	0.017932	308.09	433.61	5.7330	0.70999	0.99931	423.47	0.073120	3.0597e-05	0.041419	supercritical
478.00	70.000	55.645	0.017971	308.81	434.61	5.7351	0.71029	0.99945	423.89	0.072633	3.0641e-05	0.041483	supercritical
479.00	70.000	55.524	0.018010	309.54	435.61	5.7371	0.71058	0.99960	424.31	0.072148	3.0684e-05	0.041548	supercritical
480.00	70.000	55.404	0.018049	310.26	436.61	5.7392	0.71088	0.99974	424.73	0.071665	3.0728e-05	0.041612	supercritical
481.00	70.000	55.284	0.018088	310.99	437.61	5.7413	0.71117	0.99989	425.14	0.071185	3.0771e-05	0.041677	supercritical
482.00	70.000	55.165	0.018128	311.72	438.61	5.7434	0.71146	1.0000	425.56	0.070707	3.0814e-05	0.041741	supercritical
483.00	70.000	55.046	0.018167	312.44	439.61	5.7455	0.71176	1.0002	425.98	0.070232	3.0857e-05	0.041806	supercritical
484.00	70.000	54.928	0.018206	313.17	440.61	5.7475	0.71205	1.0003	426.39	0.069759	3.0901e-05	0.041870	supercritical
485.00	70.000	54.810	0.018245	313.90	441.61	5.7496	0.71235	1.0005	426.81	0.069289	3.0944e-05	0.041935	supercritical
486.00	70.000	54.693	0.018284	314.62	442.61	5.7517	0.71265	1.0006	427.22	0.068821	3.0987e-05	0.041999	supercritical
487.00	70.000	54.577	0.018323	315.35	443.61	5.7537	0.71294	1.0008	427.63	0.068355	3.1030e-05	0.042064	supercritical
488.00	70.000	54.461	0.018362	316.08	444.61	5.7558	0.71324	1.0009	428.05	0.067891	3.1073e-05	0.042128	supercritical
489.00	70.000	54.345	0.018401	316.81	445.61	5.7578	0.71353	1.0011	428.46	0.067430	3.1116e-05	0.042192	supercritical
490.00	70.000	54.230	0.018440	317.54	446.62	5.7599	0.71383	1.0013	428.87	0.066972	3.1159e-05	0.042257	supercritical
491.00	70.000	54.116	0.018479	318.26	447.62	5.7619	0.71413	1.0014	429.28	0.066515	3.1202e-05	0.042321	supercritical
492.00	70.000	54.002	0.018518	318.99	448.62	5.7639	0.71443	1.0016	429.69	0.066061	3.1245e-05	0.042385	supercritical
493.00	70.000	53.889	0.018557	319.72	449.62	5.7660	0.71472	1.0017	430.10	0.065609	3.1288e-05	0.042450	supercritical
494.00	70.000	53.776	0.018596	320.45	450.62	5.7680	0.71502	1.0019	430.51	0.065159	3.1331e-05	0.042514	supercritical
495.00	70.000	53.663	0.018635	321.18	451.62	5.7700	0.71532	1.0021	430.92	0.064712	3.1373e-05	0.042578	supercritical
496.00	70.000	53.551	0.018674	321.91	452.63	5.7721	0.71562	1.0022	431.33	0.064267	3.1416e-05	0.042642	supercritical
497.00	70.000	53.440	0.018713	322.64	453.63	5.7741	0.71591	1.0024	431.74	0.063824	3.1459e-05	0.042707	supercritical
498.00	70.000	53.329	0.018752	323.37	454.63	5.7761	0.71621	1.0026	432.14	0.063383	3.1502e-05	0.042771	supercritical
499.00	70.000	53.218	0.018791	324.10	455.63	5.7781	0.71651	1.0027	432.55	0.062945	3.1544e-05	0.042835	supercritical
500.00	70.000	53.108	0.018829	324.83	456.64	5.7801	0.71681	1.0029	432.95	0.062508	3.1587e-05	0.042899	supercritical
501.00	70.000	52.999	0.018868	325.56	457.64	5.7821	0.71711	1.0031	433.36	0.062074	3.1630e-05	0.042963	supercritical
502.00	70.000	52.890	0.018907	326.29	458.64	5.7841	0.71741	1.0032	433.76	0.061642	3.1672e-05	0.043027	supercritical
503.00	70.000	52.781	0.018946	327.02	459.65	5.7861	0.71771	1.0034	434.17	0.061212	3.1715e-05	0.043091	supercritical
504.00	70.000	52.673	0.018985	327.75	460.65	5.7881	0.71800	1.0036	434.57	0.060784	3.1757e-05	0.043155	supercritical
505.00	70.000	52.565	0.019024	328.49	461.65	5.7901	0.71830	1.0038	434.98	0.060358	3.1800e-05	0.043219	supercritical
506.00	70.000	52.458	0.019063	329.22	462.66	5.7921	0.71860	1.0039	435.38	0.059935	3.1842e-05	0.043283	supercritical
507.00	70.000	52.352	0.019102	329.95	463.66	5.7941	0.71890	1.0041	435.78	0.059513	3.1885e-05	0.043347	supercritical
508.00	70.000	52.245	0.019140	330.68	464.66	5.7960	0.71920	1.0043	436.18	0.059094	3.1927e-05	0.043411	supercritical
509.00	70.000	52.140	0.019179	331.41	465.67	5.7980	0.71950	1.0045	436.58	0.058676	3.1969e-05	0.043475	supercritical
510.00	70.000	52.034	0.019218	332.15	466.67	5.8000	0.71980	1.0047	436.98	0.058261	3.2012e-05	0.043539	supercritical
511.00	70.000	51.929	0.019257	332.88	467.68	5.8020	0.72010	1.0048	437.38	0.057847	3.2054e-05	0.043603	supercritical
512.00	70.000	51.825	0.019296	333.61	468.68	5.8039	0.72040	1.0050	437.78	0.057436	3.2096e-05	0.043667	supercritical
513.00	70.000	51.721	0.019335	334.35	469.69	5.8059	0.72070	1.0052	438.18	0.057026	3.2138e-05	0.043730	supercritical
514.00	70.000	51.617	0.019373	335.08	470.69	5.8078	0.72100	1.0054	438.58	0.056619	3.2180e-05	0.043794	supercritical
515.00	70.000	51.514	0.019412	335.81	471.70	5.8098	0.72130	1.0056	438.98	0.056213	3.2222e-05	0.043858	supercritical
516.00	70.000	51.411	0.019451	336.55	472.70	5.8117	0.72160	1.0057	439.37	0.055810	3.2265e-05	0.043922	supercritical
517.00	70.000	51.309	0.019490	337.28	473.71	5.8137	0.72190	1.0059	439.77	0.055408	3.2307e-05	0.043985	supercritical
518.00	70.000	51.207	0.019529	338.02	474.72	5.8156	0.72220	1.0061	440.17	0.055009	3.2349e-05	0.044049	supercritical
519.00	70.000	51.106	0.019567	338.75	475.72	5.8176	0.72250	1.0063	440.56	0.054611	3.2391e-05	0.044113	supercritical
520.00	70.000	51.005	0.019606	339.49	476.73	5.8195	0.72280	1.0065	440.96	0.054215	3.2433e-05	0.044177	supercritical
521.00	70.000	50.904	0.019645	340.22	477.74	5.8214	0.72310	1.0067	441.35	0.053821	3.2475e-05	0.044240	supercritical
522.00	70.000	50.804	0.019684	340.96	478.74	5.8234	0.72340	1.0069	441.75	0.053429	3.2516e-05	0.044304	supercritical
523.00	70.000	50.704	0.019722	341.69	479.75	5.8253	0.72370	1.0071	442.14	0.053039	3.2558e-05	0.044367	supercritical
524.00	70.000	50.605	0.019761	342.43	480.76	5.8272	0.72400	1.0072	442.53	0.052651	3.2600e-05	0.044431	supercritical
525.00	70.000	50.506	0.019800	343.17	481.76	5.8291	0.72430	1.0074	442.93	0.052264	3.2642e-05	0.044494	supercritical
526.00	70.000	50.407	0.019838	343.90	482.77	5.8311	0.72460	1.0076	443.32	0.051880	3.2684e-05	0.044558	supercritical
527.00	70.000	50.309	0.019877	344.64	483.78	5.8330	0.72490	1.0078	443.71	0.051497	3.2725e-05	0.044622	supercritical
528.00	70.000	50.211	0.019916	345.38	484.79	5.8349	0.72520	1.0080	444.10	0.051116	3.2767e-05	0.044685	supercritical
529.00	70.000	50.114	0.019955	346.11	485.80	5.8368	0.72550	1.0082	444.49	0.050737	3.2809e-05	0.044748	supercritical
530.00	70.000	50.017	0.019993	346.85	486.80	5.8387	0.72580	1.0084	444.88	0.050360	3.2850e-05	0.044812	supercritical
531.00	70.000	49.920	0.020032	347.59	487.81	5.8406	0.72610	1.0086	445.27	0.049984	3.2892e-05	0.044875	supercritical
532.00	70.000	49.824	0.020071	348.33	488.82	5.8425	0.72640	1.0088	445.66	0.049610	3.2933e-05	0.044939	supercritical
533.00	70.000	49.728	0.020109	349.07	489.83	5.8444	0.72670	1.0090	446.05	0.049238	3.2975e-05	0.045002	supercritical
534.00	70.000	49.633	0.020148	349.80	490.84	5.8463	0.72700	1.0092	446.44	0.048868	3.3017e-05	0.045065	supercritical
535.00	70.000	49.538	0.020187	350.54	491.85	5.8482	0.72730	1.0094	446.83	0.048500	3.3058e-05	0.045129	supercritical
536.00	70.000	49.443	0.020225	351.28	492.86	5.8501	0.72760	1.0096	447.21	0.048133	3.3099e-05	0.045192	supercritical
537.00	70.000	49.349	0.020264	352.02	493.87	5.8519	0.72790	1.0098	447.60	0.047768	3.3141e-05	0.045255	supercritical
538.00	70.000	49.255	0.020302	352.76	494.88	5.8538	0.72820	1.0100	447.99	0.047404	3.3182e-05	0.045319	supercritical
539.00	70.000	49.162	0.020341	353.50	495.89	5.8557	0.72850	1.0102	448.37	0.047043	3.3224e-05	0.045382	supercritical
540.00	70.000	49.068	0.020380	354.24	496.90	5.8576	0.72880	1.0104	448.76	0.046683	3.3265e-05	0.045445	supercritical
541.00	70.000	48.976	0.020418	354.98	497.91	5.8594	0.72910	1.0106	449.14	0.046324	3.3306e-05	0.045508	supercritical
542.00	70.000	48.883	0.020457	355.72	498.92	5.8613	0.72940	1.0108	449.53	0.045968	3.3347e-05	0.045571	supercritical
543.00	70.000	48.791	0.020496	356.46	499.93	5.8632	0.72970	1.0110	449.91	0.045613	3.3389e-05	0.045635	supercritical
544.00	70.000	48.699	0.020534	357.20	500.94	5.8650	0.72999	1.0112	450.30	0.045259	3.3430e-05	0.045698	supercritical
545.00	70.000	48.608	0.020573	357.94	501.95	5.8669	0.73029	1.0114	450.68	0.044908	3.3471e-05	0.045761	supercritical
546.00	70.000	48.517	0.020611	358.68	502.96	5.8687	0.73059	1.0116	451.06	0.044558	3.3512e-05	0.045824	supercritical
547.00	70.000	48.427	0.020650	359.43	503.98	5.8706	0.73089	1.0118	451.45	0.044209	3.3553e-05	0.045887	supercritical
548.00	70.000	48.336	0.020688	360.17	504.99	5.8724	0.73119	1.0120	451.83	0.043862	3.3594e-05	0.045950	supercritical
549.00	70.000	48.246	0.020727	360.91	506.00	5.8743	0.73149	1.0122	452.21	0.043517	3.3635e-05	0.046013	supercritical
550.00	70.000	48.157	0.020766	361.65	507.01	5.8761	0.73179	1.0124	452.59	0.043173	3.3676e-05	0.046076	supercritical
551.00	70.000	48.068	0.020804	362.40	508.02	5.8780	0.73208	1.0126	452.97	0.042831	3.3717e-05	0.046139	supercritical
552.00	70.000	47.979	0.020843	363.14	509.04	5.8798	0.73238	1.0128	453.35	0.042491	3.3758e-05	0.046202	supercritical
553.00	70.000	47.890	0.020881	363.88	510.05	5.8816	0.73268	1.0131	453.73	0.042152	3.3799e-05	0.046265	supercritical
554.00	70.000	47.802	0.020920	364.63	511.06	5.8835	0.73298	1.0133	454.11	0.041814	3.3840e-05	0.046328	supercritical
555.00	70.000	47.714	0.020958	365.37	512.08	5.8853	0.73327	1.0135	454.49	0.041478	3.3881e-05	0.046390	supercritical
556.00	70.000	47.627	0.020997	366.11	513.09	5.8871	0.73357	1.0137	454.87	0.041144	3.3921e-05	0.046453	supercritical
557.00	70.000	47.539	0.021035	366.86	514.10	5.8889	0.73387	1.0139	455.24	0.040811	3.3962e-05	0.046516	supercritical
558.00	70.000	47.452	0.021074	367.60	515.12	5.8908	0.73417	1.0141	455.62	0.040480	3.4003e-05	0.046579	supercritical
559.00	70.000	47.366	0.021112	368.35	516.13	5.8926	0.73446	1.0143	456.00	0.040150	3.4044e-05	0.046642	supercritical
560.00	70.000	47.280	0.021151	369.09	517.15	5.8944	0.73476	1.0145	456.38	0.039822	3.4084e-05	0.046705	supercritical
561.00	70.000	47.194	0.021189	369.84	518.16	5.8962	0.73506	1.0147	456.75	0.039495	3.4125e-05	0.046767	supercritical
562.00	70.000	47.108	0.021228	370.58	519.18	5.8980	0.73535	1.0149	457.13	0.039170	3.4166e-05	0.046830	supercritical
563.00	70.000	47.023	0.021266	371.33	520.19	5.8998	0.73565	1.0151	457.50	0.038846	3.4206e-05	0.046893	supercritical
564.00	70.000	46.938	0.021305	372.07	521.21	5.9016	0.73594	1.0154	457.88	0.038523	3.4247e-05	0.046955	supercritical
565.00	70.000	46.854	0.021343	372.82	522.22	5.9034	0.73624	1.0156	458.25	0.038202	3.4287e-05	0.047018	supercritical
566.00	70.000	46.769	0.021382	373.57	523.24	5.9052	0.73654	1.0158	458.63	0.037883	3.4328e-05	0.047081	supercritical
567.00	70.000	46.685	0.021420	374.31	524.25	5.9070	0.73683	1.0160	459.00	0.037565	3.4368e-05	0.047143	supercritical
568.00	70.000	46.602	0.021458	375.06	525.27	5.9088	0.73713	1.0162	459.37	0.037248	3.4409e-05	0.047206	supercritical
569.00	70.000	46.518	0.021497	375.81	526.29	5.9106	0.73742	1.0164	459.75	0.036933	3.4449e-05	0.047268	supercritical
570.00	70.000	46.435	0.021535	376.55	527.30	5.9124	0.73772	1.0166	460.12	0.036619	3.4489e-05	0.047331	supercritical
571.00	70.000	46.353	0.021574	377.30	528.32	5.9141	0.73801	1.0168	460.49	0.036307	3.4530e-05	0.047393	supercritical
572.00	70.000	46.270	0.021612	378.05	529.34	5.9159	0.73830	1.0171	460.86	0.035996	3.4570e-05	0.047456	supercritical
573.00	70.000	46.188	0.021651	378.80	530.35	5.9177	0.73860	1.0173	461.24	0.035686	3.4610e-05	0.047518	supercritical
574.00	70.000	46.106	0.021689	379.55	531.37	5.9195	0.73889	1.0175	461.61	0.035378	3.4651e-05	0.047581	supercritical
575.00	70.000	46.025	0.021727	380.30	532.39	5.9212	0.73919	1.0177	461.98	0.035071	3.4691e-05	0.047643	supercritical
576.00	70.000	45.944	0.021766	381.04	533.41	5.9230	0.73948	1.0179	462.35	0.034765	3.4731e-05	0.047706	supercritical
577.00	70.000	45.863	0.021804	381.79	534.42	5.9248	0.73977	1.0181	462.72	0.034461	3.4771e-05	0.047768	supercritical
578.00	70.000	45.782	0.021843	382.54	535.44	5.9265	0.74007	1.0184	463.09	0.034158	3.4811e-05	0.047830	supercritical
579.00	70.000	45.702	0.021881	383.29	536.46	5.9283	0.74036	1.0186	463.46	0.033857	3.4852e-05	0.047893	supercritical
580.00	70.000	45.622	0.021919	384.04	537.48	5.9301	0.74065	1.0188	463.82	0.033557	3.4892e-05	0.047955	supercritical
581.00	70.000	45.542	0.021958	384.79	538.50	5.9318	0.74094	1.0190	464.19	0.033258	3.4932e-05	0.048017	supercritical
582.00	70.000	45.462	0.021996	385.54	539.52	5.9336	0.74123	1.0192	464.56	0.032960	3.4972e-05	0.048080	supercritical
583.00	70.000	45.383	0.022035	386.29	540.54	5.9353	0.74153	1.0194	464.93	0.032664	3.5012e-05	0.048142	supercritical
584.00	70.000	45.304	0.022073	387.05	541.56	5.9371	0.74182	1.0196	465.29	0.032369	3.5052e-05	0.048204	supercritical
585.00	70.000	45.226	0.022111	387.80	542.58	5.9388	0.74211	1.0199	465.66	0.032075	3.5092e-05	0.048266	supercritical
586.00	70.000	45.148	0.022150	388.55	543.60	5.9406	0.74240	1.0201	466.03	0.031783	3.5131e-05	0.048328	supercritical
587.00	70.000	45.069	0.022188	389.30	544.62	5.9423	0.74269	1.0203	466.39	0.031492	3.5171e-05	0.048391	supercritical
588.00	70.000	44.992	0.022226	390.05	545.64	5.9440	0.74298	1.0205	466.76	0.031202	3.5211e-05	0.048453	supercritical
589.00	70.000	44.914	0.022265	390.80	546.66	5.9458	0.74327	1.0207	467.12	0.030913	3.5251e-05	0.048515	supercritical
590.00	70.000	44.837	0.022303	391.56	547.68	5.9475	0.74356	1.0210	467.49	0.030626	3.5291e-05	0.048577	supercritical
591.00	70.000	44.760	0.022341	392.31	548.70	5.9492	0.74385	1.0212	467.85	0.030340	3.5331e-05	0.048639	supercritical
592.00	70.000	44.683	0.022380	393.06	549.72	5.9510	0.74414	1.0214	468.22	0.030055	3.5370e-05	0.048701	supercritical
593.00	70.000	44.607	0.022418	393.82	550.74	5.9527	0.74443	1.0216	468.58	0.029772	3.5410e-05	0.048763	supercritical
594.00	70.000	44.531	0.022456	394.57	551.76	5.9544	0.74472	1.0218	468.94	0.029489	3.5450e-05	0.048825	supercritical
595.00	70.000	44.455	0.022495	395.32	552.79	5.9561	0.74501	1.0220	469.31	0.029208	3.5489e-05	0.048887	supercritical
596.00	70.000	44.380	0.022533	396.08	553.81	5.9578	0.74529	1.0223	469.67	0.028928	3.5529e-05	0.048949	supercritical
597.00	70.000	44.304	0.022571	396.83	554.83	5.9595	0.74558	1.0225	470.03	0.028649	3.5569e-05	0.049011	supercritical
598.00	70.000	44.229	0.022609	397.59	555.85	5.9613	0.74587	1.0227	470.39	0.028372	3.5608e-05	0.049073	supercritical
599.00	70.000	44.154	0.022648	398.34	556.88	5.9630	0.74616	1.0229	470.76	0.028096	3.5648e-05	0.049135	supercritical
600.00	70.000	44.080	0.022686	399.10	557.90	5.9647	0.74644	1.0231	471.12	0.027820	3.5687e-05	0.049197	supercritical
