Temperature (K)	Pressure (bar)	Density (kg/m3)	Volume (m3/kg)	Internal Energy (kJ/kg)	Enthalpy (kJ/kg)	Entropy (J/g*K)	Cv (J/g*K)	Cp (J/g*K)	Sound Spd. (m/s)	Joule-Thomson (K/bar)	Viscosity (Pa*s)	Therm. Cond. (W/m*K)	Phase
60.000	61.000	1289.2	0.00077566	-185.14	-180.41	2.2411	1.0909	1.6604	1144.1	-0.037402	0.00060672	0.19641	liquid
61.000	61.000	1284.9	0.00077825	-183.49	-178.74	2.2686	1.0819	1.6622	1140.3	-0.037247	0.00057809	0.19505	liquid
62.000	61.000	1280.6	0.00078087	-181.84	-177.08	2.2956	1.0739	1.6636	1135.7	-0.037104	0.00055137	0.19369	liquid
63.000	61.000	1276.3	0.00078353	-180.20	-175.42	2.3222	1.0667	1.6647	1130.5	-0.036973	0.00052641	0.19233	liquid
64.000	61.000	1271.9	0.00078621	-178.55	-173.75	2.3484	1.0600	1.6655	1124.8	-0.036851	0.00050309	0.19097	liquid
65.000	61.000	1267.6	0.00078892	-176.90	-172.09	2.3743	1.0538	1.6660	1118.7	-0.036736	0.00048128	0.18961	liquid
66.000	61.000	1263.2	0.00079165	-175.25	-170.42	2.3997	1.0480	1.6664	1112.3	-0.036627	0.00046088	0.18825	liquid
67.000	61.000	1258.8	0.00079441	-173.60	-168.75	2.4248	1.0424	1.6665	1105.6	-0.036522	0.00044177	0.18689	liquid
68.000	61.000	1254.4	0.00079720	-171.95	-167.09	2.4495	1.0371	1.6665	1098.7	-0.036420	0.00042387	0.18553	liquid
69.000	61.000	1250.0	0.00080001	-170.30	-165.42	2.4738	1.0319	1.6663	1091.7	-0.036319	0.00040707	0.18417	liquid
70.000	61.000	1245.6	0.00080284	-168.65	-163.75	2.4978	1.0269	1.6661	1084.5	-0.036217	0.00039130	0.18281	liquid
71.000	61.000	1241.2	0.00080570	-167.00	-162.09	2.5214	1.0220	1.6658	1077.3	-0.036113	0.00037647	0.18145	liquid
72.000	61.000	1236.7	0.00080859	-165.36	-160.42	2.5447	1.0172	1.6654	1069.9	-0.036007	0.00036253	0.18009	liquid
73.000	61.000	1232.3	0.00081151	-163.71	-158.76	2.5677	1.0125	1.6651	1062.5	-0.035898	0.00034940	0.17873	liquid
74.000	61.000	1227.8	0.00081445	-162.06	-157.09	2.5903	1.0079	1.6648	1055.1	-0.035784	0.00033702	0.17737	liquid
75.000	61.000	1223.4	0.00081742	-160.41	-155.43	2.6127	1.0033	1.6645	1047.6	-0.035665	0.00032535	0.17601	liquid
76.000	61.000	1218.9	0.00082042	-158.77	-153.76	2.6347	0.99884	1.6642	1040.0	-0.035539	0.00031432	0.17465	liquid
77.000	61.000	1214.4	0.00082345	-157.12	-152.10	2.6565	0.99440	1.6640	1032.5	-0.035407	0.00030389	0.17329	liquid
78.000	61.000	1209.9	0.00082650	-155.48	-150.44	2.6779	0.99002	1.6639	1024.9	-0.035268	0.00029403	0.17193	liquid
79.000	61.000	1205.4	0.00082959	-153.83	-148.77	2.6991	0.98569	1.6639	1017.3	-0.035121	0.00028468	0.17057	liquid
80.000	61.000	1200.9	0.00083271	-152.19	-147.11	2.7200	0.98141	1.6639	1009.7	-0.034965	0.00027581	0.16921	liquid
81.000	61.000	1196.4	0.00083586	-150.54	-145.44	2.7407	0.97718	1.6641	1002.2	-0.034801	0.00026740	0.16784	liquid
82.000	61.000	1191.8	0.00083905	-148.90	-143.78	2.7611	0.97301	1.6644	994.55	-0.034627	0.00025940	0.16648	liquid
83.000	61.000	1187.3	0.00084227	-147.25	-142.12	2.7813	0.96888	1.6648	986.94	-0.034444	0.00025179	0.16511	liquid
84.000	61.000	1182.7	0.00084553	-145.61	-140.45	2.8013	0.96481	1.6653	979.33	-0.034250	0.00024455	0.16375	liquid
85.000	61.000	1178.1	0.00084882	-143.96	-138.78	2.8210	0.96078	1.6660	971.72	-0.034045	0.00023764	0.16238	liquid
86.000	61.000	1173.5	0.00085216	-142.32	-137.12	2.8405	0.95681	1.6668	964.10	-0.033830	0.00023106	0.16101	liquid
87.000	61.000	1168.9	0.00085553	-140.67	-135.45	2.8597	0.95289	1.6678	956.48	-0.033603	0.00022477	0.15964	liquid
88.000	61.000	1164.2	0.00085894	-139.02	-133.78	2.8788	0.94901	1.6688	948.85	-0.033365	0.00021875	0.15827	liquid
89.000	61.000	1159.6	0.00086240	-137.37	-132.11	2.8977	0.94519	1.6701	941.21	-0.033114	0.00021300	0.15689	liquid
90.000	61.000	1154.9	0.00086589	-135.72	-130.44	2.9163	0.94141	1.6715	933.57	-0.032850	0.00020749	0.15552	liquid
91.000	61.000	1150.2	0.00086944	-134.07	-128.77	2.9348	0.93769	1.6731	925.92	-0.032574	0.00020220	0.15414	liquid
92.000	61.000	1145.4	0.00087303	-132.42	-127.10	2.9531	0.93401	1.6748	918.26	-0.032284	0.00019713	0.15276	liquid
93.000	61.000	1140.7	0.00087666	-130.77	-125.42	2.9712	0.93039	1.6767	910.59	-0.031979	0.00019226	0.15138	liquid
94.000	61.000	1135.9	0.00088035	-129.11	-123.74	2.9892	0.92681	1.6787	902.91	-0.031661	0.00018757	0.15000	liquid
95.000	61.000	1131.1	0.00088408	-127.46	-122.06	3.0069	0.92328	1.6809	895.21	-0.031327	0.00018306	0.14862	liquid
96.000	61.000	1126.3	0.00088787	-125.80	-120.38	3.0246	0.91980	1.6833	887.50	-0.030978	0.00017872	0.14724	liquid
97.000	61.000	1121.4	0.00089172	-124.14	-118.70	3.0420	0.91637	1.6859	879.78	-0.030613	0.00017453	0.14585	liquid
98.000	61.000	1116.5	0.00089562	-122.47	-117.01	3.0593	0.91298	1.6887	872.03	-0.030231	0.00017049	0.14446	liquid
99.000	61.000	1111.6	0.00089958	-120.81	-115.32	3.0765	0.90965	1.6916	864.27	-0.029832	0.00016659	0.14307	liquid
100.00	61.000	1106.7	0.00090360	-119.14	-113.63	3.0935	0.90636	1.6948	856.49	-0.029415	0.00016282	0.14168	liquid
101.00	61.000	1101.7	0.00090768	-117.47	-111.93	3.1104	0.90312	1.6981	848.69	-0.028979	0.00015917	0.14029	liquid
102.00	61.000	1096.7	0.00091183	-115.79	-110.23	3.1271	0.89992	1.7017	840.86	-0.028524	0.00015564	0.13889	liquid
103.00	61.000	1091.7	0.00091604	-114.11	-108.53	3.1437	0.89677	1.7055	833.01	-0.028048	0.00015222	0.13750	liquid
104.00	61.000	1086.6	0.00092033	-112.43	-106.82	3.1602	0.89367	1.7095	825.13	-0.027552	0.00014890	0.13610	liquid
105.00	61.000	1081.4	0.00092469	-110.75	-105.11	3.1766	0.89062	1.7137	817.23	-0.027033	0.00014567	0.13470	liquid
106.00	61.000	1076.3	0.00092912	-109.06	-103.39	3.1929	0.88761	1.7182	809.29	-0.026492	0.00014255	0.13330	liquid
107.00	61.000	1071.1	0.00093363	-107.37	-101.67	3.2090	0.88465	1.7229	801.32	-0.025927	0.00013950	0.13190	liquid
108.00	61.000	1065.8	0.00093822	-105.67	-99.945	3.2251	0.88174	1.7278	793.32	-0.025336	0.00013655	0.13051	liquid
109.00	61.000	1060.6	0.00094290	-103.97	-98.215	3.2410	0.87887	1.7331	785.29	-0.024720	0.00013367	0.12911	liquid
110.00	61.000	1055.2	0.00094766	-102.26	-96.479	3.2569	0.87605	1.7386	777.21	-0.024076	0.00013086	0.12771	liquid
111.00	61.000	1049.8	0.00095252	-100.55	-94.737	3.2726	0.87328	1.7444	769.10	-0.023403	0.00012813	0.12631	liquid
112.00	61.000	1044.4	0.00095747	-98.831	-92.990	3.2883	0.87055	1.7505	760.95	-0.022699	0.00012546	0.12491	liquid
113.00	61.000	1038.9	0.00096252	-97.108	-91.236	3.3039	0.86787	1.7569	752.75	-0.021964	0.00012286	0.12350	liquid
114.00	61.000	1033.4	0.00096768	-95.379	-89.476	3.3194	0.86525	1.7637	744.51	-0.021195	0.00012032	0.12210	liquid
115.00	61.000	1027.8	0.00097294	-93.644	-87.709	3.3349	0.86267	1.7708	736.22	-0.020390	0.00011784	0.12069	liquid
116.00	61.000	1022.2	0.00097832	-91.902	-85.934	3.3502	0.86014	1.7783	727.88	-0.019548	0.00011541	0.11929	liquid
117.00	61.000	1016.4	0.00098382	-90.154	-84.152	3.3655	0.85766	1.7862	719.48	-0.018667	0.00011303	0.11788	liquid
118.00	61.000	1010.7	0.00098944	-88.398	-82.362	3.3807	0.85523	1.7945	711.04	-0.017743	0.00011071	0.11647	liquid
119.00	61.000	1004.8	0.00099519	-86.634	-80.563	3.3959	0.85286	1.8032	702.53	-0.016775	0.00010843	0.11506	liquid
120.00	61.000	998.92	0.0010011	-84.862	-78.755	3.4111	0.85054	1.8125	693.96	-0.015759	0.00010620	0.11365	liquid
121.00	61.000	992.93	0.0010071	-83.082	-76.938	3.4261	0.84828	1.8222	685.33	-0.014693	0.00010401	0.11224	liquid
122.00	61.000	986.86	0.0010133	-81.292	-75.111	3.4412	0.84607	1.8325	676.63	-0.013574	0.00010186	0.11083	liquid
123.00	61.000	980.72	0.0010197	-79.493	-73.273	3.4562	0.84392	1.8434	667.86	-0.012397	9.9751e-05	0.10941	liquid
124.00	61.000	974.49	0.0010262	-77.684	-71.424	3.4712	0.84184	1.8548	659.01	-0.011159	9.7680e-05	0.10800	liquid
125.00	61.000	968.17	0.0010329	-75.864	-69.563	3.4861	0.83981	1.8670	650.08	-0.0098554	9.5645e-05	0.10659	liquid
126.00	61.000	961.76	0.0010398	-74.032	-67.690	3.5010	0.83785	1.8799	641.07	-0.0084817	9.3644e-05	0.10517	liquid
127.00	61.000	955.24	0.0010469	-72.189	-65.803	3.5159	0.83596	1.8936	631.98	-0.0070325	9.1675e-05	0.10375	liquid
128.00	61.000	948.63	0.0010542	-70.333	-63.902	3.5308	0.83415	1.9081	622.79	-0.0055019	8.9737e-05	0.10234	liquid
129.00	61.000	941.90	0.0010617	-68.463	-61.986	3.5458	0.83240	1.9236	613.50	-0.0038834	8.7829e-05	0.10092	liquid
130.00	61.000	935.05	0.0010695	-66.578	-60.055	3.5607	0.83074	1.9401	604.11	-0.0021699	8.5948e-05	0.099501	liquid
131.00	61.000	928.07	0.0010775	-64.679	-58.106	3.5756	0.82916	1.9577	594.61	-0.00035323	8.4094e-05	0.098081	liquid
132.00	61.000	920.97	0.0010858	-62.762	-56.139	3.5906	0.82766	1.9765	584.99	0.0015756	8.2265e-05	0.096660	liquid
133.00	61.000	913.72	0.0010944	-60.829	-54.153	3.6056	0.82627	1.9966	575.25	0.0036268	8.0459e-05	0.095238	liquid
134.00	61.000	906.31	0.0011034	-58.876	-52.145	3.6206	0.82497	2.0183	565.38	0.0058118	7.8676e-05	0.093814	liquid
135.00	61.000	898.75	0.0011127	-56.903	-50.115	3.6357	0.82378	2.0417	555.36	0.0081438	7.6913e-05	0.092388	liquid
136.00	61.000	891.01	0.0011223	-54.907	-48.061	3.6508	0.82270	2.0669	545.20	0.010638	7.5169e-05	0.090959	liquid
137.00	61.000	883.07	0.0011324	-52.889	-45.981	3.6661	0.82175	2.0942	534.87	0.013310	7.3443e-05	0.089529	liquid
138.00	61.000	874.94	0.0011429	-50.844	-43.872	3.6814	0.82094	2.1239	524.37	0.016181	7.1732e-05	0.088096	liquid
139.00	61.000	866.57	0.0011540	-48.771	-41.732	3.6969	0.82028	2.1563	513.68	0.019273	7.0036e-05	0.086659	liquid
140.00	61.000	857.97	0.0011655	-46.668	-39.559	3.7125	0.81978	2.1917	502.80	0.022613	6.8351e-05	0.085218	liquid
141.00	61.000	849.10	0.0011777	-44.532	-37.348	3.7282	0.81947	2.2307	491.69	0.026231	6.6678e-05	0.083773	liquid
142.00	61.000	839.93	0.0011906	-42.358	-35.096	3.7441	0.81936	2.2739	480.35	0.030164	6.5012e-05	0.082323	liquid
143.00	61.000	830.44	0.0012042	-40.144	-32.798	3.7602	0.81948	2.3218	468.75	0.034456	6.3352e-05	0.080866	liquid
144.00	61.000	820.59	0.0012186	-37.884	-30.450	3.7766	0.81987	2.3754	456.87	0.039158	6.1694e-05	0.079401	liquid
145.00	61.000	810.33	0.0012341	-35.573	-28.045	3.7932	0.82056	2.4358	444.69	0.044334	6.0037e-05	0.077927	liquid
146.00	61.000	799.61	0.0012506	-33.205	-25.576	3.8102	0.82160	2.5044	432.16	0.050061	5.8375e-05	0.076443	liquid
147.00	61.000	788.37	0.0012684	-30.770	-23.033	3.8276	0.82305	2.5831	419.27	0.056434	5.6705e-05	0.074946	liquid
148.00	61.000	776.53	0.0012878	-28.261	-20.406	3.8454	0.82498	2.6742	405.95	0.063573	5.5022e-05	0.073433	liquid
149.00	61.000	763.99	0.0013089	-25.664	-17.679	3.8637	0.82751	2.7810	392.18	0.071632	5.3318e-05	0.071903	liquid
150.00	61.000	750.62	0.0013322	-22.963	-14.837	3.8827	0.83076	2.9083	377.87	0.080810	5.1586e-05	0.070350	liquid
151.00	61.000	736.26	0.0013582	-20.139	-11.854	3.9026	0.83493	3.0626	362.97	0.091372	4.9816e-05	0.068772	liquid
152.00	61.000	720.69	0.0013876	-17.163	-8.6991	3.9234	0.84026	3.2542	347.37	0.10368	4.7992e-05	0.067163	liquid
153.00	61.000	703.60	0.0014213	-13.998	-5.3280	3.9455	0.84715	3.4987	330.94	0.11826	4.6097e-05	0.065519	liquid
154.00	61.000	684.53	0.0014608	-10.587	-1.6754	3.9693	0.85621	3.8228	313.49	0.13588	4.4102e-05	0.063835	liquid
155.00	61.000	662.81	0.0015087	-6.8436	2.3597	3.9954	0.86845	4.2744	294.74	0.15774	4.1965e-05	0.062108	supercritical
156.00	61.000	637.27	0.0015692	-2.6257	6.9465	4.0249	0.88568	4.9484	274.28	0.18585	3.9617e-05	0.060342	supercritical
157.00	61.000	605.81	0.0016507	2.3288	12.398	4.0597	0.91136	6.0558	251.51	0.22381	3.6934e-05	0.058548	supercritical
158.00	61.000	564.21	0.0017724	8.5564	19.368	4.1040	0.95205	8.1150	226.01	0.27830	3.3680e-05	0.056695	supercritical
159.00	61.000	504.27	0.0019831	17.164	29.260	4.1664	1.0126	11.979	200.34	0.35875	2.9471e-05	0.054358	supercritical
160.00	61.000	426.93	0.0023423	28.479	42.767	4.2510	1.0434	13.822	187.02	0.45462	2.4740e-05	0.049544	supercritical
161.00	61.000	366.80	0.0027263	38.172	54.802	4.3260	1.0022	10.048	187.74	0.52510	2.1597e-05	0.043072	supercritical
162.00	61.000	329.92	0.0030310	44.793	63.282	4.3786	0.95451	7.1903	191.19	0.56607	1.9933e-05	0.038485	supercritical
163.00	61.000	305.29	0.0032756	49.622	69.603	4.4175	0.91819	5.5987	194.53	0.59017	1.8953e-05	0.035491	supercritical
164.00	61.000	287.18	0.0034821	53.445	74.686	4.4486	0.89104	4.6397	197.54	0.60472	1.8309e-05	0.033412	supercritical
165.00	61.000	272.98	0.0036633	56.644	78.990	4.4747	0.87013	4.0078	200.26	0.61342	1.7854e-05	0.031877	supercritical
166.00	61.000	261.34	0.0038264	59.422	82.763	4.4975	0.85347	3.5616	202.76	0.61830	1.7517e-05	0.030693	supercritical
167.00	61.000	251.52	0.0039759	61.898	86.151	4.5179	0.83979	3.2299	205.09	0.62056	1.7260e-05	0.029748	supercritical
168.00	61.000	243.02	0.0041148	64.147	89.248	4.5364	0.82828	2.9735	207.29	0.62096	1.7060e-05	0.028976	supercritical
169.00	61.000	235.56	0.0042453	66.219	92.115	4.5534	0.81839	2.7691	209.38	0.62001	1.6902e-05	0.028332	supercritical
170.00	61.000	228.90	0.0043687	68.149	94.798	4.5692	0.80974	2.6021	211.38	0.61805	1.6776e-05	0.027788	supercritical
171.00	61.000	222.91	0.0044862	69.963	97.329	4.5841	0.80206	2.4630	213.30	0.61535	1.6675e-05	0.027323	supercritical
172.00	61.000	217.45	0.0045987	71.680	99.732	4.5981	0.79517	2.3452	215.15	0.61207	1.6595e-05	0.026921	supercritical
173.00	61.000	212.46	0.0047068	73.314	102.02	4.6114	0.78893	2.2441	216.95	0.60836	1.6531e-05	0.026572	supercritical
174.00	61.000	207.85	0.0048111	74.877	104.22	4.6240	0.78321	2.1563	218.69	0.60432	1.6481e-05	0.026266	supercritical
175.00	61.000	203.58	0.0049120	76.378	106.34	4.6362	0.77795	2.0792	220.38	0.60003	1.6442e-05	0.025997	supercritical
176.00	61.000	199.60	0.0050099	77.825	108.39	4.6478	0.77308	2.0110	222.04	0.59554	1.6413e-05	0.025760	supercritical
177.00	61.000	195.88	0.0051051	79.224	110.37	4.6590	0.76855	1.9501	223.65	0.59091	1.6392e-05	0.025550	supercritical
178.00	61.000	192.39	0.0051979	80.581	112.29	4.6699	0.76432	1.8955	225.22	0.58617	1.6379e-05	0.025364	supercritical
179.00	61.000	189.09	0.0052884	81.899	114.16	4.6803	0.76035	1.8462	226.76	0.58136	1.6372e-05	0.025198	supercritical
180.00	61.000	185.98	0.0053769	83.182	115.98	4.6905	0.75661	1.8014	228.27	0.57649	1.6371e-05	0.025051	supercritical
181.00	61.000	183.03	0.0054636	84.434	117.76	4.7004	0.75309	1.7605	229.74	0.57159	1.6374e-05	0.024920	supercritical
182.00	61.000	180.23	0.0055486	85.657	119.50	4.7100	0.74976	1.7231	231.19	0.56668	1.6382e-05	0.024804	supercritical
183.00	61.000	177.56	0.0056319	86.855	121.21	4.7193	0.74661	1.6886	232.61	0.56176	1.6393e-05	0.024700	supercritical
184.00	61.000	175.01	0.0057138	88.028	122.88	4.7284	0.74362	1.6569	234.01	0.55685	1.6408e-05	0.024609	supercritical
185.00	61.000	172.58	0.0057943	89.178	124.52	4.7373	0.74079	1.6274	235.39	0.55196	1.6426e-05	0.024527	supercritical
186.00	61.000	170.25	0.0058736	90.308	126.14	4.7460	0.73809	1.6001	236.74	0.54709	1.6447e-05	0.024456	supercritical
187.00	61.000	168.02	0.0059517	91.419	127.72	4.7545	0.73552	1.5746	238.07	0.54225	1.6470e-05	0.024393	supercritical
188.00	61.000	165.88	0.0060286	92.513	129.29	4.7629	0.73307	1.5509	239.37	0.53744	1.6496e-05	0.024338	supercritical
189.00	61.000	163.81	0.0061045	93.589	130.83	4.7710	0.73073	1.5286	240.66	0.53267	1.6524e-05	0.024291	supercritical
190.00	61.000	161.83	0.0061794	94.651	132.34	4.7790	0.72849	1.5078	241.93	0.52794	1.6553e-05	0.024250	supercritical
191.00	61.000	159.91	0.0062533	95.697	133.84	4.7869	0.72636	1.4882	243.18	0.52325	1.6584e-05	0.024215	supercritical
192.00	61.000	158.07	0.0063264	96.731	135.32	4.7946	0.72432	1.4697	244.42	0.51861	1.6617e-05	0.024186	supercritical
193.00	61.000	156.28	0.0063987	97.751	136.78	4.8022	0.72236	1.4523	245.64	0.51402	1.6651e-05	0.024163	supercritical
194.00	61.000	154.56	0.0064701	98.759	138.23	4.8097	0.72049	1.4359	246.84	0.50947	1.6687e-05	0.024144	supercritical
195.00	61.000	152.89	0.0065408	99.756	139.65	4.8170	0.71870	1.4203	248.02	0.50498	1.6723e-05	0.024130	supercritical
196.00	61.000	151.27	0.0066108	100.74	141.07	4.8243	0.71697	1.4056	249.20	0.50053	1.6761e-05	0.024120	supercritical
197.00	61.000	149.70	0.0066800	101.72	142.47	4.8314	0.71532	1.3916	250.35	0.49613	1.6800e-05	0.024113	supercritical
198.00	61.000	148.18	0.0067487	102.68	143.85	4.8384	0.71374	1.3783	251.50	0.49179	1.6840e-05	0.024111	supercritical
199.00	61.000	146.70	0.0068167	103.64	145.22	4.8453	0.71221	1.3657	252.63	0.48749	1.6881e-05	0.024112	supercritical
200.00	61.000	145.26	0.0068841	104.59	146.58	4.8521	0.71075	1.3537	253.74	0.48325	1.6923e-05	0.024116	supercritical
201.00	61.000	143.87	0.0069510	105.53	147.93	4.8588	0.70934	1.3422	254.85	0.47905	1.6965e-05	0.024123	supercritical
202.00	61.000	142.51	0.0070173	106.46	149.27	4.8655	0.70799	1.3312	255.94	0.47491	1.7008e-05	0.024133	supercritical
203.00	61.000	141.18	0.0070830	107.39	150.59	4.8720	0.70669	1.3207	257.02	0.47082	1.7052e-05	0.024146	supercritical
204.00	61.000	139.89	0.0071483	108.30	151.91	4.8785	0.70543	1.3107	258.09	0.46678	1.7096e-05	0.024161	supercritical
205.00	61.000	138.64	0.0072131	109.21	153.21	4.8849	0.70423	1.3012	259.15	0.46278	1.7141e-05	0.024178	supercritical
206.00	61.000	137.41	0.0072774	110.12	154.51	4.8912	0.70306	1.2920	260.20	0.45884	1.7187e-05	0.024198	supercritical
207.00	61.000	136.22	0.0073413	111.02	155.80	4.8974	0.70194	1.2832	261.24	0.45494	1.7233e-05	0.024219	supercritical
208.00	61.000	135.05	0.0074048	111.91	157.08	4.9036	0.70086	1.2747	262.27	0.45109	1.7279e-05	0.024243	supercritical
209.00	61.000	133.91	0.0074678	112.79	158.35	4.9097	0.69982	1.2666	263.29	0.44729	1.7326e-05	0.024269	supercritical
210.00	61.000	132.79	0.0075305	113.68	159.61	4.9157	0.69882	1.2588	264.30	0.44354	1.7373e-05	0.024296	supercritical
211.00	61.000	131.71	0.0075927	114.55	160.87	4.9217	0.69785	1.2513	265.30	0.43983	1.7421e-05	0.024325	supercritical
212.00	61.000	130.64	0.0076546	115.42	162.11	4.9276	0.69692	1.2441	266.29	0.43616	1.7469e-05	0.024355	supercritical
213.00	61.000	129.60	0.0077161	116.29	163.35	4.9334	0.69601	1.2371	267.27	0.43255	1.7517e-05	0.024387	supercritical
214.00	61.000	128.58	0.0077773	117.15	164.59	4.9392	0.69514	1.2304	268.25	0.42897	1.7566e-05	0.024421	supercritical
215.00	61.000	127.58	0.0078381	118.00	165.82	4.9449	0.69430	1.2240	269.21	0.42544	1.7615e-05	0.024456	supercritical
216.00	61.000	126.60	0.0078987	118.85	167.04	4.9506	0.69349	1.2178	270.17	0.42195	1.7664e-05	0.024492	supercritical
217.00	61.000	125.65	0.0079589	119.70	168.25	4.9562	0.69271	1.2117	271.12	0.41851	1.7714e-05	0.024529	supercritical
218.00	61.000	124.71	0.0080188	120.55	169.46	4.9617	0.69195	1.2059	272.06	0.41510	1.7764e-05	0.024568	supercritical
219.00	61.000	123.79	0.0080784	121.38	170.66	4.9672	0.69122	1.2003	273.00	0.41174	1.7814e-05	0.024607	supercritical
220.00	61.000	122.89	0.0081377	122.22	171.86	4.9727	0.69051	1.1949	273.93	0.40842	1.7864e-05	0.024648	supercritical
221.00	61.000	122.00	0.0081967	123.05	173.05	4.9781	0.68982	1.1896	274.85	0.40513	1.7914e-05	0.024690	supercritical
222.00	61.000	121.13	0.0082555	123.88	174.24	4.9835	0.68916	1.1846	275.76	0.40189	1.7965e-05	0.024732	supercritical
223.00	61.000	120.28	0.0083140	124.71	175.42	4.9888	0.68852	1.1796	276.67	0.39868	1.8016e-05	0.024776	supercritical
224.00	61.000	119.44	0.0083722	125.53	176.60	4.9940	0.68790	1.1749	277.57	0.39551	1.8067e-05	0.024820	supercritical
225.00	61.000	118.62	0.0084302	126.35	177.77	4.9993	0.68730	1.1703	278.46	0.39238	1.8118e-05	0.024866	supercritical
226.00	61.000	117.81	0.0084880	127.16	178.94	5.0044	0.68672	1.1658	279.35	0.38928	1.8169e-05	0.024912	supercritical
227.00	61.000	117.02	0.0085455	127.98	180.10	5.0096	0.68616	1.1614	280.23	0.38623	1.8221e-05	0.024959	supercritical
228.00	61.000	116.24	0.0086028	128.79	181.26	5.0147	0.68562	1.1572	281.11	0.38320	1.8272e-05	0.025006	supercritical
229.00	61.000	115.48	0.0086598	129.59	182.42	5.0197	0.68510	1.1531	281.98	0.38021	1.8324e-05	0.025055	supercritical
230.00	61.000	114.72	0.0087167	130.40	183.57	5.0247	0.68459	1.1492	282.84	0.37726	1.8376e-05	0.025104	supercritical
231.00	61.000	113.98	0.0087733	131.20	184.72	5.0297	0.68410	1.1453	283.70	0.37434	1.8427e-05	0.025154	supercritical
232.00	61.000	113.25	0.0088298	132.00	185.86	5.0347	0.68363	1.1416	284.55	0.37145	1.8479e-05	0.025204	supercritical
233.00	61.000	112.54	0.0088860	132.79	187.00	5.0396	0.68317	1.1379	285.40	0.36859	1.8531e-05	0.025255	supercritical
234.00	61.000	111.83	0.0089421	133.59	188.14	5.0444	0.68272	1.1344	286.24	0.36577	1.8583e-05	0.025306	supercritical
235.00	61.000	111.14	0.0089979	134.38	189.27	5.0493	0.68229	1.1309	287.08	0.36297	1.8636e-05	0.025358	supercritical
236.00	61.000	110.45	0.0090536	135.17	190.40	5.0541	0.68188	1.1276	287.91	0.36021	1.8688e-05	0.025411	supercritical
237.00	61.000	109.78	0.0091091	135.96	191.52	5.0588	0.68147	1.1243	288.73	0.35748	1.8740e-05	0.025464	supercritical
238.00	61.000	109.12	0.0091644	136.74	192.65	5.0635	0.68108	1.1212	289.55	0.35478	1.8793e-05	0.025518	supercritical
239.00	61.000	108.47	0.0092195	137.53	193.77	5.0682	0.68071	1.1181	290.37	0.35211	1.8845e-05	0.025572	supercritical
240.00	61.000	107.82	0.0092745	138.31	194.88	5.0729	0.68034	1.1151	291.18	0.34946	1.8898e-05	0.025627	supercritical
241.00	61.000	107.19	0.0093293	139.09	196.00	5.0775	0.67999	1.1121	291.99	0.34685	1.8950e-05	0.025682	supercritical
242.00	61.000	106.57	0.0093839	139.86	197.11	5.0821	0.67965	1.1093	292.79	0.34426	1.9003e-05	0.025737	supercritical
243.00	61.000	105.95	0.0094384	140.64	198.21	5.0867	0.67932	1.1065	293.59	0.34170	1.9055e-05	0.025793	supercritical
244.00	61.000	105.34	0.0094927	141.41	199.32	5.0912	0.67900	1.1038	294.38	0.33917	1.9108e-05	0.025849	supercritical
245.00	61.000	104.75	0.0095469	142.19	200.42	5.0957	0.67870	1.1012	295.17	0.33666	1.9161e-05	0.025906	supercritical
246.00	61.000	104.16	0.0096009	142.96	201.52	5.1002	0.67840	1.0986	295.96	0.33419	1.9213e-05	0.025963	supercritical
247.00	61.000	103.58	0.0096548	143.73	202.62	5.1047	0.67811	1.0961	296.74	0.33173	1.9266e-05	0.026020	supercritical
248.00	61.000	103.00	0.0097085	144.49	203.71	5.1091	0.67783	1.0936	297.51	0.32930	1.9319e-05	0.026078	supercritical
249.00	61.000	102.44	0.0097621	145.26	204.81	5.1135	0.67757	1.0912	298.29	0.32690	1.9372e-05	0.026136	supercritical
250.00	61.000	101.88	0.0098156	146.02	205.90	5.1179	0.67731	1.0889	299.05	0.32452	1.9424e-05	0.026194	supercritical
251.00	61.000	101.33	0.0098689	146.78	206.98	5.1222	0.67706	1.0866	299.82	0.32217	1.9477e-05	0.026253	supercritical
252.00	61.000	100.79	0.0099221	147.54	208.07	5.1265	0.67682	1.0844	300.58	0.31984	1.9530e-05	0.026312	supercritical
253.00	61.000	100.25	0.0099752	148.30	209.15	5.1308	0.67659	1.0822	301.33	0.31753	1.9583e-05	0.026371	supercritical
254.00	61.000	99.719	0.010028	149.06	210.23	5.1351	0.67636	1.0801	302.09	0.31525	1.9636e-05	0.026431	supercritical
255.00	61.000	99.197	0.010081	149.82	211.31	5.1393	0.67615	1.0780	302.84	0.31299	1.9688e-05	0.026490	supercritical
256.00	61.000	98.681	0.010134	150.57	212.39	5.1435	0.67594	1.0760	303.58	0.31075	1.9741e-05	0.026550	supercritical
257.00	61.000	98.172	0.010186	151.33	213.47	5.1477	0.67574	1.0740	304.32	0.30853	1.9794e-05	0.026611	supercritical
258.00	61.000	97.668	0.010239	152.08	214.54	5.1519	0.67555	1.0720	305.06	0.30634	1.9847e-05	0.026671	supercritical
259.00	61.000	97.172	0.010291	152.83	215.61	5.1560	0.67537	1.0702	305.79	0.30417	1.9900e-05	0.026732	supercritical
260.00	61.000	96.681	0.010343	153.58	216.68	5.1602	0.67519	1.0683	306.53	0.30201	1.9952e-05	0.026793	supercritical
261.00	61.000	96.196	0.010395	154.33	217.75	5.1642	0.67502	1.0665	307.25	0.29988	2.0005e-05	0.026854	supercritical
262.00	61.000	95.717	0.010447	155.08	218.81	5.1683	0.67486	1.0647	307.98	0.29777	2.0058e-05	0.026916	supercritical
263.00	61.000	95.243	0.010499	155.83	219.88	5.1724	0.67470	1.0630	308.70	0.29568	2.0111e-05	0.026977	supercritical
264.00	61.000	94.776	0.010551	156.57	220.94	5.1764	0.67455	1.0613	309.42	0.29361	2.0163e-05	0.027039	supercritical
265.00	61.000	94.313	0.010603	157.32	222.00	5.1804	0.67441	1.0596	310.13	0.29156	2.0216e-05	0.027101	supercritical
266.00	61.000	93.856	0.010655	158.06	223.06	5.1844	0.67428	1.0580	310.84	0.28953	2.0269e-05	0.027163	supercritical
267.00	61.000	93.405	0.010706	158.81	224.11	5.1884	0.67415	1.0564	311.55	0.28751	2.0322e-05	0.027226	supercritical
268.00	61.000	92.958	0.010758	159.55	225.17	5.1923	0.67402	1.0549	312.25	0.28552	2.0374e-05	0.027288	supercritical
269.00	61.000	92.517	0.010809	160.29	226.22	5.1962	0.67391	1.0534	312.96	0.28354	2.0427e-05	0.027351	supercritical
270.00	61.000	92.080	0.010860	161.03	227.28	5.2002	0.67379	1.0519	313.66	0.28159	2.0479e-05	0.027414	supercritical
271.00	61.000	91.649	0.010911	161.77	228.33	5.2040	0.67369	1.0504	314.35	0.27965	2.0532e-05	0.027477	supercritical
272.00	61.000	91.222	0.010962	162.51	229.38	5.2079	0.67359	1.0490	315.04	0.27772	2.0585e-05	0.027540	supercritical
273.00	61.000	90.800	0.011013	163.24	230.43	5.2117	0.67349	1.0476	315.73	0.27582	2.0637e-05	0.027604	supercritical
274.00	61.000	90.382	0.011064	163.98	231.47	5.2156	0.67340	1.0462	316.42	0.27393	2.0690e-05	0.027667	supercritical
275.00	61.000	89.969	0.011115	164.72	232.52	5.2194	0.67332	1.0449	317.11	0.27206	2.0742e-05	0.027731	supercritical
276.00	61.000	89.560	0.011166	165.45	233.56	5.2232	0.67324	1.0436	317.79	0.27021	2.0795e-05	0.027794	supercritical
277.00	61.000	89.156	0.011216	166.19	234.61	5.2269	0.67317	1.0423	318.47	0.26837	2.0847e-05	0.027858	supercritical
278.00	61.000	88.756	0.011267	166.92	235.65	5.2307	0.67310	1.0410	319.14	0.26655	2.0899e-05	0.027922	supercritical
279.00	61.000	88.360	0.011317	167.65	236.69	5.2344	0.67304	1.0398	319.82	0.26475	2.0952e-05	0.027986	supercritical
280.00	61.000	87.969	0.011368	168.38	237.73	5.2382	0.67298	1.0386	320.49	0.26296	2.1004e-05	0.028050	supercritical
281.00	61.000	87.581	0.011418	169.11	238.76	5.2419	0.67293	1.0374	321.15	0.26118	2.1056e-05	0.028115	supercritical
282.00	61.000	87.197	0.011468	169.84	239.80	5.2455	0.67288	1.0363	321.82	0.25942	2.1109e-05	0.028179	supercritical
283.00	61.000	86.817	0.011518	170.57	240.84	5.2492	0.67283	1.0351	322.48	0.25768	2.1161e-05	0.028244	supercritical
284.00	61.000	86.442	0.011569	171.30	241.87	5.2529	0.67279	1.0340	323.14	0.25595	2.1213e-05	0.028308	supercritical
285.00	61.000	86.069	0.011619	172.03	242.91	5.2565	0.67276	1.0329	323.80	0.25424	2.1265e-05	0.028373	supercritical
286.00	61.000	85.701	0.011668	172.76	243.94	5.2601	0.67273	1.0319	324.46	0.25254	2.1317e-05	0.028438	supercritical
287.00	61.000	85.336	0.011718	173.49	244.97	5.2637	0.67270	1.0308	325.11	0.25086	2.1369e-05	0.028503	supercritical
288.00	61.000	84.975	0.011768	174.21	246.00	5.2673	0.67268	1.0298	325.76	0.24919	2.1422e-05	0.028568	supercritical
289.00	61.000	84.617	0.011818	174.94	247.03	5.2709	0.67266	1.0288	326.41	0.24753	2.1474e-05	0.028633	supercritical
290.00	61.000	84.263	0.011868	175.66	248.06	5.2744	0.67265	1.0278	327.05	0.24589	2.1525e-05	0.028698	supercritical
291.00	61.000	83.913	0.011917	176.39	249.08	5.2779	0.67264	1.0268	327.70	0.24426	2.1577e-05	0.028763	supercritical
292.00	61.000	83.565	0.011967	177.11	250.11	5.2815	0.67264	1.0259	328.34	0.24265	2.1629e-05	0.028829	supercritical
293.00	61.000	83.221	0.012016	177.84	251.14	5.2850	0.67264	1.0250	328.98	0.24105	2.1681e-05	0.028894	supercritical
294.00	61.000	82.880	0.012066	178.56	252.16	5.2885	0.67264	1.0241	329.61	0.23946	2.1733e-05	0.028959	supercritical
295.00	61.000	82.543	0.012115	179.28	253.18	5.2919	0.67265	1.0232	330.25	0.23788	2.1785e-05	0.029025	supercritical
296.00	61.000	82.208	0.012164	180.00	254.21	5.2954	0.67266	1.0223	330.88	0.23632	2.1836e-05	0.029090	supercritical
297.00	61.000	81.877	0.012213	180.73	255.23	5.2988	0.67267	1.0214	331.51	0.23477	2.1888e-05	0.029156	supercritical
298.00	61.000	81.549	0.012263	181.45	256.25	5.3023	0.67269	1.0206	332.13	0.23323	2.1940e-05	0.029221	supercritical
299.00	61.000	81.223	0.012312	182.17	257.27	5.3057	0.67271	1.0198	332.76	0.23171	2.1991e-05	0.029287	supercritical
300.00	61.000	80.901	0.012361	182.89	258.29	5.3091	0.67274	1.0190	333.38	0.23020	2.2043e-05	0.029353	supercritical
301.00	61.000	80.582	0.012410	183.61	259.31	5.3125	0.67277	1.0182	334.00	0.22870	2.2094e-05	0.029419	supercritical
302.00	61.000	80.265	0.012459	184.33	260.33	5.3159	0.67280	1.0174	334.62	0.22721	2.2146e-05	0.029484	supercritical
303.00	61.000	79.951	0.012508	185.05	261.34	5.3192	0.67283	1.0166	335.24	0.22573	2.2197e-05	0.029550	supercritical
304.00	61.000	79.641	0.012556	185.76	262.36	5.3226	0.67287	1.0159	335.85	0.22426	2.2249e-05	0.029616	supercritical
305.00	61.000	79.332	0.012605	186.48	263.37	5.3259	0.67292	1.0152	336.47	0.22281	2.2300e-05	0.029681	supercritical
306.00	61.000	79.027	0.012654	187.20	264.39	5.3292	0.67296	1.0145	337.08	0.22137	2.2351e-05	0.029747	supercritical
307.00	61.000	78.724	0.012703	187.92	265.40	5.3325	0.67301	1.0138	337.69	0.21994	2.2403e-05	0.029812	supercritical
308.00	61.000	78.424	0.012751	188.63	266.42	5.3358	0.67307	1.0131	338.29	0.21852	2.2454e-05	0.029877	supercritical
309.00	61.000	78.127	0.012800	189.35	267.43	5.3391	0.67312	1.0124	338.90	0.21711	2.2505e-05	0.029941	supercritical
310.00	61.000	77.832	0.012848	190.07	268.44	5.3424	0.67318	1.0118	339.50	0.21571	2.2556e-05	0.030006	supercritical
311.00	61.000	77.539	0.012897	190.78	269.45	5.3456	0.67325	1.0111	340.10	0.21432	2.2607e-05	0.030074	supercritical
312.00	61.000	77.249	0.012945	191.50	270.46	5.3489	0.67331	1.0105	340.70	0.21294	2.2658e-05	0.030141	supercritical
313.00	61.000	76.962	0.012993	192.21	271.47	5.3521	0.67338	1.0099	341.30	0.21158	2.2709e-05	0.030208	supercritical
314.00	61.000	76.676	0.013042	192.93	272.48	5.3553	0.67345	1.0092	341.89	0.21022	2.2760e-05	0.030275	supercritical
315.00	61.000	76.394	0.013090	193.64	273.49	5.3586	0.67353	1.0087	342.48	0.20887	2.2811e-05	0.030343	supercritical
316.00	61.000	76.113	0.013138	194.36	274.50	5.3617	0.67361	1.0081	343.08	0.20754	2.2862e-05	0.030410	supercritical
317.00	61.000	75.835	0.013186	195.07	275.51	5.3649	0.67369	1.0075	343.67	0.20621	2.2913e-05	0.030477	supercritical
318.00	61.000	75.560	0.013235	195.78	276.52	5.3681	0.67377	1.0069	344.25	0.20490	2.2963e-05	0.030545	supercritical
319.00	61.000	75.286	0.013283	196.50	277.52	5.3713	0.67386	1.0064	344.84	0.20359	2.3014e-05	0.030612	supercritical
320.00	61.000	75.015	0.013331	197.21	278.53	5.3744	0.67395	1.0059	345.42	0.20229	2.3065e-05	0.030679	supercritical
321.00	61.000	74.746	0.013379	197.92	279.53	5.3776	0.67404	1.0053	346.01	0.20101	2.3115e-05	0.030747	supercritical
322.00	61.000	74.479	0.013427	198.64	280.54	5.3807	0.67413	1.0048	346.59	0.19973	2.3166e-05	0.030814	supercritical
323.00	61.000	74.214	0.013475	199.35	281.54	5.3838	0.67423	1.0043	347.17	0.19846	2.3216e-05	0.030882	supercritical
324.00	61.000	73.951	0.013522	200.06	282.55	5.3869	0.67433	1.0038	347.74	0.19720	2.3267e-05	0.030949	supercritical
325.00	61.000	73.691	0.013570	200.77	283.55	5.3900	0.67444	1.0033	348.32	0.19595	2.3317e-05	0.031017	supercritical
326.00	61.000	73.432	0.013618	201.48	284.55	5.3931	0.67454	1.0029	348.89	0.19471	2.3368e-05	0.031084	supercritical
327.00	61.000	73.175	0.013666	202.20	285.56	5.3961	0.67465	1.0024	349.46	0.19348	2.3418e-05	0.031152	supercritical
328.00	61.000	72.921	0.013713	202.91	286.56	5.3992	0.67476	1.0020	350.04	0.19226	2.3468e-05	0.031219	supercritical
329.00	61.000	72.668	0.013761	203.62	287.56	5.4023	0.67488	1.0015	350.60	0.19104	2.3519e-05	0.031287	supercritical
330.00	61.000	72.418	0.013809	204.33	288.56	5.4053	0.67499	1.0011	351.17	0.18984	2.3569e-05	0.031354	supercritical
331.00	61.000	72.169	0.013856	205.04	289.56	5.4083	0.67511	1.0007	351.74	0.18864	2.3619e-05	0.031422	supercritical
332.00	61.000	71.922	0.013904	205.75	290.56	5.4113	0.67523	1.0003	352.30	0.18745	2.3669e-05	0.031489	supercritical
333.00	61.000	71.677	0.013951	206.46	291.56	5.4143	0.67536	0.99985	352.86	0.18627	2.3719e-05	0.031557	supercritical
334.00	61.000	71.434	0.013999	207.17	292.56	5.4173	0.67548	0.99946	353.42	0.18510	2.3769e-05	0.031624	supercritical
335.00	61.000	71.193	0.014046	207.88	293.56	5.4203	0.67561	0.99907	353.98	0.18394	2.3819e-05	0.031692	supercritical
336.00	61.000	70.954	0.014094	208.59	294.56	5.4233	0.67574	0.99869	354.54	0.18278	2.3869e-05	0.031760	supercritical
337.00	61.000	70.716	0.014141	209.30	295.56	5.4263	0.67588	0.99832	355.10	0.18163	2.3919e-05	0.031827	supercritical
338.00	61.000	70.480	0.014188	210.01	296.56	5.4292	0.67601	0.99796	355.65	0.18049	2.3968e-05	0.031895	supercritical
339.00	61.000	70.246	0.014236	210.72	297.56	5.4322	0.67615	0.99761	356.21	0.17936	2.4018e-05	0.031962	supercritical
340.00	61.000	70.014	0.014283	211.43	298.55	5.4351	0.67629	0.99727	356.76	0.17824	2.4068e-05	0.032030	supercritical
341.00	61.000	69.783	0.014330	212.14	299.55	5.4380	0.67643	0.99693	357.31	0.17712	2.4118e-05	0.032098	supercritical
342.00	61.000	69.554	0.014377	212.85	300.55	5.4410	0.67658	0.99660	357.86	0.17602	2.4167e-05	0.032165	supercritical
343.00	61.000	69.326	0.014425	213.55	301.54	5.4439	0.67673	0.99628	358.40	0.17491	2.4217e-05	0.032233	supercritical
344.00	61.000	69.101	0.014472	214.26	302.54	5.4468	0.67688	0.99597	358.95	0.17382	2.4266e-05	0.032300	supercritical
345.00	61.000	68.877	0.014519	214.97	303.54	5.4497	0.67703	0.99567	359.49	0.17274	2.4316e-05	0.032368	supercritical
346.00	61.000	68.654	0.014566	215.68	304.53	5.4525	0.67718	0.99537	360.04	0.17166	2.4365e-05	0.032436	supercritical
347.00	61.000	68.433	0.014613	216.39	305.53	5.4554	0.67734	0.99508	360.58	0.17059	2.4414e-05	0.032503	supercritical
348.00	61.000	68.214	0.014660	217.10	306.52	5.4583	0.67750	0.99480	361.12	0.16952	2.4464e-05	0.032571	supercritical
349.00	61.000	67.996	0.014707	217.80	307.52	5.4611	0.67766	0.99452	361.66	0.16847	2.4513e-05	0.032638	supercritical
350.00	61.000	67.780	0.014754	218.51	308.51	5.4640	0.67782	0.99425	362.19	0.16742	2.4562e-05	0.032706	supercritical
351.00	61.000	67.565	0.014801	219.22	309.50	5.4668	0.67798	0.99399	362.73	0.16637	2.4611e-05	0.032773	supercritical
352.00	61.000	67.352	0.014847	219.93	310.50	5.4696	0.67815	0.99374	363.26	0.16534	2.4661e-05	0.032841	supercritical
353.00	61.000	67.140	0.014894	220.64	311.49	5.4725	0.67832	0.99349	363.80	0.16431	2.4710e-05	0.032909	supercritical
354.00	61.000	66.930	0.014941	221.34	312.49	5.4753	0.67849	0.99325	364.33	0.16329	2.4759e-05	0.032976	supercritical
355.00	61.000	66.721	0.014988	222.05	313.48	5.4781	0.67866	0.99301	364.86	0.16227	2.4808e-05	0.033044	supercritical
356.00	61.000	66.513	0.015035	222.76	314.47	5.4809	0.67884	0.99279	365.39	0.16126	2.4857e-05	0.033111	supercritical
357.00	61.000	66.307	0.015081	223.47	315.46	5.4837	0.67901	0.99257	365.92	0.16026	2.4905e-05	0.033179	supercritical
358.00	61.000	66.103	0.015128	224.18	316.46	5.4864	0.67919	0.99235	366.44	0.15927	2.4954e-05	0.033246	supercritical
359.00	61.000	65.900	0.015175	224.88	317.45	5.4892	0.67937	0.99214	366.97	0.15828	2.5003e-05	0.033314	supercritical
360.00	61.000	65.698	0.015221	225.59	318.44	5.4920	0.67955	0.99194	367.49	0.15730	2.5052e-05	0.033381	supercritical
361.00	61.000	65.497	0.015268	226.30	319.43	5.4947	0.67974	0.99174	368.01	0.15632	2.5101e-05	0.033449	supercritical
362.00	61.000	65.298	0.015314	227.01	320.42	5.4974	0.67992	0.99155	368.54	0.15535	2.5149e-05	0.033517	supercritical
363.00	61.000	65.100	0.015361	227.71	321.42	5.5002	0.68011	0.99137	369.06	0.15439	2.5198e-05	0.033584	supercritical
364.00	61.000	64.904	0.015407	228.42	322.41	5.5029	0.68030	0.99119	369.57	0.15343	2.5246e-05	0.033652	supercritical
365.00	61.000	64.708	0.015454	229.13	323.40	5.5056	0.68049	0.99102	370.09	0.15248	2.5295e-05	0.033719	supercritical
366.00	61.000	64.514	0.015500	229.84	324.39	5.5083	0.68068	0.99085	370.61	0.15154	2.5343e-05	0.033786	supercritical
367.00	61.000	64.322	0.015547	230.54	325.38	5.5110	0.68088	0.99069	371.12	0.15060	2.5392e-05	0.033854	supercritical
368.00	61.000	64.130	0.015593	231.25	326.37	5.5137	0.68107	0.99053	371.64	0.14966	2.5440e-05	0.033921	supercritical
369.00	61.000	63.940	0.015640	231.96	327.36	5.5164	0.68127	0.99038	372.15	0.14874	2.5488e-05	0.033989	supercritical
370.00	61.000	63.751	0.015686	232.67	328.35	5.5191	0.68147	0.99023	372.66	0.14782	2.5537e-05	0.034056	supercritical
371.00	61.000	63.563	0.015732	233.37	329.34	5.5218	0.68167	0.99009	373.17	0.14690	2.5585e-05	0.034124	supercritical
372.00	61.000	63.377	0.015779	234.08	330.33	5.5244	0.68187	0.98996	373.68	0.14599	2.5633e-05	0.034191	supercritical
373.00	61.000	63.191	0.015825	234.79	331.32	5.5271	0.68208	0.98983	374.19	0.14509	2.5681e-05	0.034259	supercritical
374.00	61.000	63.007	0.015871	235.50	332.31	5.5298	0.68228	0.98970	374.70	0.14419	2.5729e-05	0.034326	supercritical
375.00	61.000	62.824	0.015917	236.20	333.30	5.5324	0.68249	0.98958	375.20	0.14330	2.5777e-05	0.034393	supercritical
376.00	61.000	62.642	0.015964	236.91	334.29	5.5350	0.68270	0.98947	375.71	0.14241	2.5825e-05	0.034461	supercritical
377.00	61.000	62.461	0.016010	237.62	335.28	5.5377	0.68291	0.98936	376.21	0.14153	2.5873e-05	0.034528	supercritical
378.00	61.000	62.282	0.016056	238.33	336.27	5.5403	0.68312	0.98925	376.71	0.14066	2.5921e-05	0.034595	supercritical
379.00	61.000	62.103	0.016102	239.03	337.26	5.5429	0.68334	0.98915	377.21	0.13979	2.5969e-05	0.034663	supercritical
380.00	61.000	61.926	0.016148	239.74	338.25	5.5455	0.68355	0.98906	377.71	0.13892	2.6017e-05	0.034730	supercritical
381.00	61.000	61.750	0.016194	240.45	339.24	5.5481	0.68377	0.98897	378.21	0.13806	2.6065e-05	0.034797	supercritical
382.00	61.000	61.574	0.016241	241.16	340.23	5.5507	0.68399	0.98888	378.71	0.13721	2.6112e-05	0.034864	supercritical
383.00	61.000	61.400	0.016287	241.87	341.21	5.5533	0.68421	0.98880	379.21	0.13636	2.6160e-05	0.034932	supercritical
384.00	61.000	61.227	0.016333	242.57	342.20	5.5559	0.68443	0.98872	379.70	0.13551	2.6208e-05	0.034999	supercritical
385.00	61.000	61.055	0.016379	243.28	343.19	5.5584	0.68465	0.98865	380.20	0.13468	2.6255e-05	0.035066	supercritical
386.00	61.000	60.884	0.016425	243.99	344.18	5.5610	0.68487	0.98858	380.69	0.13384	2.6303e-05	0.035133	supercritical
387.00	61.000	60.714	0.016471	244.70	345.17	5.5635	0.68510	0.98851	381.18	0.13301	2.6350e-05	0.035201	supercritical
388.00	61.000	60.545	0.016517	245.41	346.16	5.5661	0.68533	0.98845	381.67	0.13219	2.6398e-05	0.035268	supercritical
389.00	61.000	60.378	0.016562	246.11	347.15	5.5686	0.68555	0.98840	382.16	0.13137	2.6445e-05	0.035335	supercritical
390.00	61.000	60.211	0.016608	246.82	348.13	5.5712	0.68578	0.98835	382.65	0.13056	2.6492e-05	0.035402	supercritical
391.00	61.000	60.045	0.016654	247.53	349.12	5.5737	0.68602	0.98830	383.14	0.12975	2.6540e-05	0.035469	supercritical
392.00	61.000	59.880	0.016700	248.24	350.11	5.5762	0.68625	0.98825	383.63	0.12895	2.6587e-05	0.035536	supercritical
393.00	61.000	59.716	0.016746	248.95	351.10	5.5788	0.68648	0.98821	384.11	0.12815	2.6634e-05	0.035603	supercritical
394.00	61.000	59.553	0.016792	249.66	352.09	5.5813	0.68672	0.98818	384.60	0.12736	2.6681e-05	0.035671	supercritical
395.00	61.000	59.391	0.016838	250.37	353.08	5.5838	0.68695	0.98815	385.08	0.12657	2.6728e-05	0.035738	supercritical
396.00	61.000	59.230	0.016883	251.07	354.06	5.5863	0.68719	0.98812	385.56	0.12578	2.6776e-05	0.035805	supercritical
397.00	61.000	59.070	0.016929	251.78	355.05	5.5888	0.68743	0.98809	386.05	0.12500	2.6823e-05	0.035872	supercritical
398.00	61.000	58.911	0.016975	252.49	356.04	5.5912	0.68767	0.98807	386.53	0.12423	2.6870e-05	0.035939	supercritical
399.00	61.000	58.752	0.017021	253.20	357.03	5.5937	0.68791	0.98805	387.01	0.12346	2.6917e-05	0.036006	supercritical
400.00	61.000	58.595	0.017066	253.91	358.02	5.5962	0.68815	0.98804	387.49	0.12269	2.6963e-05	0.036073	supercritical
401.00	61.000	58.439	0.017112	254.62	359.00	5.5987	0.68839	0.98803	387.96	0.12193	2.7010e-05	0.036140	supercritical
402.00	61.000	58.283	0.017158	255.33	359.99	5.6011	0.68864	0.98802	388.44	0.12117	2.7057e-05	0.036207	supercritical
403.00	61.000	58.128	0.017203	256.04	360.98	5.6036	0.68888	0.98802	388.92	0.12042	2.7104e-05	0.036273	supercritical
404.00	61.000	57.975	0.017249	256.75	361.97	5.6060	0.68913	0.98802	389.39	0.11967	2.7151e-05	0.036340	supercritical
405.00	61.000	57.822	0.017295	257.46	362.96	5.6085	0.68938	0.98803	389.87	0.11893	2.7197e-05	0.036407	supercritical
406.00	61.000	57.670	0.017340	258.17	363.94	5.6109	0.68963	0.98803	390.34	0.11819	2.7244e-05	0.036474	supercritical
407.00	61.000	57.518	0.017386	258.88	364.93	5.6133	0.68988	0.98804	390.81	0.11745	2.7290e-05	0.036541	supercritical
408.00	61.000	57.368	0.017431	259.59	365.92	5.6158	0.69013	0.98806	391.28	0.11672	2.7337e-05	0.036608	supercritical
409.00	61.000	57.219	0.017477	260.30	366.91	5.6182	0.69038	0.98808	391.75	0.11600	2.7383e-05	0.036674	supercritical
410.00	61.000	57.070	0.017522	261.01	367.90	5.6206	0.69063	0.98810	392.22	0.11528	2.7430e-05	0.036741	supercritical
411.00	61.000	56.922	0.017568	261.72	368.88	5.6230	0.69089	0.98812	392.69	0.11456	2.7476e-05	0.036808	supercritical
412.00	61.000	56.775	0.017613	262.43	369.87	5.6254	0.69114	0.98815	393.16	0.11384	2.7523e-05	0.036875	supercritical
413.00	61.000	56.629	0.017659	263.14	370.86	5.6278	0.69140	0.98818	393.63	0.11313	2.7569e-05	0.036941	supercritical
414.00	61.000	56.484	0.017704	263.85	371.85	5.6302	0.69165	0.98821	394.09	0.11243	2.7615e-05	0.037008	supercritical
415.00	61.000	56.339	0.017750	264.56	372.84	5.6326	0.69191	0.98824	394.56	0.11173	2.7662e-05	0.037075	supercritical
416.00	61.000	56.195	0.017795	265.27	373.82	5.6350	0.69217	0.98828	395.02	0.11103	2.7708e-05	0.037141	supercritical
417.00	61.000	56.052	0.017841	265.99	374.81	5.6373	0.69243	0.98832	395.49	0.11034	2.7754e-05	0.037208	supercritical
418.00	61.000	55.910	0.017886	266.70	375.80	5.6397	0.69269	0.98837	395.95	0.10965	2.7800e-05	0.037275	supercritical
419.00	61.000	55.768	0.017931	267.41	376.79	5.6421	0.69295	0.98842	396.41	0.10896	2.7846e-05	0.037341	supercritical
420.00	61.000	55.628	0.017977	268.12	377.78	5.6444	0.69322	0.98847	396.87	0.10828	2.7892e-05	0.037408	supercritical
421.00	61.000	55.488	0.018022	268.83	378.77	5.6468	0.69348	0.98852	397.33	0.10760	2.7938e-05	0.037474	supercritical
422.00	61.000	55.349	0.018067	269.54	379.76	5.6491	0.69375	0.98857	397.79	0.10693	2.7984e-05	0.037541	supercritical
423.00	61.000	55.210	0.018113	270.26	380.74	5.6514	0.69401	0.98863	398.25	0.10626	2.8030e-05	0.037607	supercritical
424.00	61.000	55.072	0.018158	270.97	381.73	5.6538	0.69428	0.98869	398.70	0.10559	2.8076e-05	0.037674	supercritical
425.00	61.000	54.935	0.018203	271.68	382.72	5.6561	0.69454	0.98876	399.16	0.10493	2.8122e-05	0.037740	supercritical
426.00	61.000	54.799	0.018248	272.39	383.71	5.6584	0.69481	0.98882	399.62	0.10427	2.8167e-05	0.037807	supercritical
427.00	61.000	54.664	0.018294	273.11	384.70	5.6608	0.69508	0.98889	400.07	0.10361	2.8213e-05	0.037873	supercritical
428.00	61.000	54.529	0.018339	273.82	385.69	5.6631	0.69535	0.98896	400.52	0.10296	2.8259e-05	0.037940	supercritical
429.00	61.000	54.395	0.018384	274.53	386.68	5.6654	0.69562	0.98904	400.98	0.10231	2.8304e-05	0.038006	supercritical
430.00	61.000	54.261	0.018429	275.25	387.67	5.6677	0.69589	0.98911	401.43	0.10167	2.8350e-05	0.038072	supercritical
431.00	61.000	54.128	0.018475	275.96	388.66	5.6700	0.69616	0.98919	401.88	0.10103	2.8396e-05	0.038139	supercritical
432.00	61.000	53.996	0.018520	276.67	389.64	5.6723	0.69644	0.98927	402.33	0.10039	2.8441e-05	0.038205	supercritical
433.00	61.000	53.865	0.018565	277.39	390.63	5.6746	0.69671	0.98936	402.78	0.099758	2.8486e-05	0.038271	supercritical
434.00	61.000	53.734	0.018610	278.10	391.62	5.6768	0.69699	0.98944	403.23	0.099128	2.8532e-05	0.038337	supercritical
435.00	61.000	53.604	0.018655	278.82	392.61	5.6791	0.69726	0.98953	403.68	0.098501	2.8577e-05	0.038404	supercritical
436.00	61.000	53.475	0.018700	279.53	393.60	5.6814	0.69754	0.98962	404.13	0.097878	2.8623e-05	0.038470	supercritical
437.00	61.000	53.346	0.018745	280.24	394.59	5.6837	0.69781	0.98971	404.57	0.097258	2.8668e-05	0.038536	supercritical
438.00	61.000	53.218	0.018791	280.96	395.58	5.6859	0.69809	0.98981	405.02	0.096642	2.8713e-05	0.038602	supercritical
439.00	61.000	53.091	0.018836	281.67	396.57	5.6882	0.69837	0.98991	405.46	0.096029	2.8758e-05	0.038668	supercritical
440.00	61.000	52.964	0.018881	282.39	397.56	5.6904	0.69865	0.99001	405.91	0.095420	2.8804e-05	0.038735	supercritical
441.00	61.000	52.838	0.018926	283.10	398.55	5.6927	0.69893	0.99011	406.35	0.094813	2.8849e-05	0.038801	supercritical
442.00	61.000	52.713	0.018971	283.82	399.54	5.6949	0.69920	0.99021	406.79	0.094211	2.8894e-05	0.038867	supercritical
443.00	61.000	52.588	0.019016	284.54	400.53	5.6972	0.69949	0.99032	407.24	0.093611	2.8939e-05	0.038933	supercritical
444.00	61.000	52.464	0.019061	285.25	401.52	5.6994	0.69977	0.99042	407.68	0.093015	2.8984e-05	0.038999	supercritical
445.00	61.000	52.340	0.019106	285.97	402.51	5.7016	0.70005	0.99053	408.12	0.092422	2.9029e-05	0.039065	supercritical
446.00	61.000	52.217	0.019151	286.68	403.50	5.7038	0.70033	0.99065	408.56	0.091832	2.9074e-05	0.039131	supercritical
447.00	61.000	52.095	0.019196	287.40	404.49	5.7061	0.70061	0.99076	409.00	0.091245	2.9119e-05	0.039197	supercritical
448.00	61.000	51.973	0.019241	288.12	405.48	5.7083	0.70090	0.99088	409.44	0.090662	2.9164e-05	0.039263	supercritical
449.00	61.000	51.852	0.019286	288.83	406.48	5.7105	0.70118	0.99099	409.87	0.090081	2.9208e-05	0.039329	supercritical
450.00	61.000	51.732	0.019331	289.55	407.47	5.7127	0.70147	0.99111	410.31	0.089504	2.9253e-05	0.039394	supercritical
451.00	61.000	51.612	0.019375	290.27	408.46	5.7149	0.70175	0.99123	410.75	0.088930	2.9298e-05	0.039460	supercritical
452.00	61.000	51.492	0.019420	290.98	409.45	5.7171	0.70204	0.99136	411.18	0.088359	2.9343e-05	0.039526	supercritical
453.00	61.000	51.373	0.019465	291.70	410.44	5.7193	0.70232	0.99148	411.62	0.087791	2.9387e-05	0.039592	supercritical
454.00	61.000	51.255	0.019510	292.42	411.43	5.7215	0.70261	0.99161	412.05	0.087226	2.9432e-05	0.039658	supercritical
455.00	61.000	51.138	0.019555	293.14	412.42	5.7236	0.70290	0.99174	412.48	0.086665	2.9476e-05	0.039723	supercritical
456.00	61.000	51.021	0.019600	293.86	413.42	5.7258	0.70318	0.99187	412.92	0.086106	2.9521e-05	0.039789	supercritical
457.00	61.000	50.904	0.019645	294.57	414.41	5.7280	0.70347	0.99200	413.35	0.085550	2.9565e-05	0.039855	supercritical
458.00	61.000	50.788	0.019690	295.29	415.40	5.7302	0.70376	0.99214	413.78	0.084997	2.9610e-05	0.039921	supercritical
459.00	61.000	50.673	0.019734	296.01	416.39	5.7323	0.70405	0.99227	414.21	0.084447	2.9654e-05	0.039986	supercritical
460.00	61.000	50.558	0.019779	296.73	417.38	5.7345	0.70434	0.99241	414.64	0.083900	2.9699e-05	0.040052	supercritical
461.00	61.000	50.444	0.019824	297.45	418.38	5.7366	0.70463	0.99255	415.07	0.083356	2.9743e-05	0.040117	supercritical
462.00	61.000	50.330	0.019869	298.17	419.37	5.7388	0.70492	0.99269	415.50	0.082815	2.9787e-05	0.040183	supercritical
463.00	61.000	50.217	0.019914	298.89	420.36	5.7409	0.70521	0.99283	415.93	0.082276	2.9832e-05	0.040249	supercritical
464.00	61.000	50.104	0.019958	299.61	421.36	5.7431	0.70550	0.99297	416.35	0.081741	2.9876e-05	0.040314	supercritical
465.00	61.000	49.992	0.020003	300.33	422.35	5.7452	0.70580	0.99312	416.78	0.081208	2.9920e-05	0.040380	supercritical
466.00	61.000	49.881	0.020048	301.05	423.34	5.7473	0.70609	0.99327	417.21	0.080678	2.9964e-05	0.040445	supercritical
467.00	61.000	49.770	0.020093	301.77	424.33	5.7495	0.70638	0.99342	417.63	0.080151	3.0008e-05	0.040511	supercritical
468.00	61.000	49.659	0.020137	302.49	425.33	5.7516	0.70667	0.99357	418.06	0.079626	3.0052e-05	0.040576	supercritical
469.00	61.000	49.549	0.020182	303.21	426.32	5.7537	0.70697	0.99372	418.48	0.079105	3.0096e-05	0.040642	supercritical
470.00	61.000	49.439	0.020227	303.93	427.32	5.7558	0.70726	0.99387	418.90	0.078586	3.0140e-05	0.040707	supercritical
471.00	61.000	49.330	0.020271	304.65	428.31	5.7580	0.70756	0.99402	419.33	0.078069	3.0184e-05	0.040772	supercritical
472.00	61.000	49.222	0.020316	305.38	429.30	5.7601	0.70785	0.99418	419.75	0.077556	3.0228e-05	0.040838	supercritical
473.00	61.000	49.114	0.020361	306.10	430.30	5.7622	0.70815	0.99434	420.17	0.077045	3.0272e-05	0.040903	supercritical
474.00	61.000	49.006	0.020405	306.82	431.29	5.7643	0.70844	0.99450	420.59	0.076537	3.0316e-05	0.040968	supercritical
475.00	61.000	48.899	0.020450	307.54	432.29	5.7664	0.70874	0.99466	421.01	0.076031	3.0360e-05	0.041034	supercritical
476.00	61.000	48.793	0.020495	308.26	433.28	5.7685	0.70903	0.99482	421.43	0.075528	3.0404e-05	0.041099	supercritical
477.00	61.000	48.687	0.020539	308.99	434.28	5.7705	0.70933	0.99498	421.85	0.075028	3.0447e-05	0.041164	supercritical
478.00	61.000	48.581	0.020584	309.71	435.27	5.7726	0.70962	0.99514	422.27	0.074530	3.0491e-05	0.041229	supercritical
479.00	61.000	48.476	0.020629	310.43	436.27	5.7747	0.70992	0.99531	422.68	0.074035	3.0535e-05	0.041294	supercritical
480.00	61.000	48.372	0.020673	311.16	437.26	5.7768	0.71022	0.99547	423.10	0.073542	3.0578e-05	0.041360	supercritical
481.00	61.000	48.268	0.020718	311.88	438.26	5.7789	0.71052	0.99564	423.52	0.073052	3.0622e-05	0.041425	supercritical
482.00	61.000	48.164	0.020762	312.60	439.25	5.7809	0.71081	0.99581	423.93	0.072564	3.0665e-05	0.041490	supercritical
483.00	61.000	48.061	0.020807	313.33	440.25	5.7830	0.71111	0.99598	424.35	0.072079	3.0709e-05	0.041555	supercritical
484.00	61.000	47.958	0.020852	314.05	441.25	5.7850	0.71141	0.99615	424.76	0.071596	3.0752e-05	0.041620	supercritical
485.00	61.000	47.856	0.020896	314.78	442.24	5.7871	0.71171	0.99633	425.18	0.071116	3.0796e-05	0.041685	supercritical
486.00	61.000	47.754	0.020941	315.50	443.24	5.7892	0.71201	0.99650	425.59	0.070638	3.0839e-05	0.041750	supercritical
487.00	61.000	47.653	0.020985	316.23	444.23	5.7912	0.71231	0.99667	426.00	0.070163	3.0882e-05	0.041815	supercritical
488.00	61.000	47.552	0.021030	316.95	445.23	5.7932	0.71260	0.99685	426.41	0.069690	3.0926e-05	0.041880	supercritical
489.00	61.000	47.451	0.021074	317.68	446.23	5.7953	0.71290	0.99703	426.83	0.069219	3.0969e-05	0.041945	supercritical
490.00	61.000	47.351	0.021119	318.40	447.23	5.7973	0.71320	0.99720	427.24	0.068751	3.1012e-05	0.042010	supercritical
491.00	61.000	47.252	0.021163	319.13	448.22	5.7994	0.71350	0.99738	427.65	0.068285	3.1055e-05	0.042074	supercritical
492.00	61.000	47.153	0.021208	319.85	449.22	5.8014	0.71380	0.99756	428.06	0.067822	3.1099e-05	0.042139	supercritical
493.00	61.000	47.054	0.021252	320.58	450.22	5.8034	0.71410	0.99775	428.47	0.067361	3.1142e-05	0.042204	supercritical
494.00	61.000	46.956	0.021297	321.31	451.22	5.8054	0.71440	0.99793	428.88	0.066902	3.1185e-05	0.042269	supercritical
495.00	61.000	46.858	0.021341	322.03	452.21	5.8075	0.71470	0.99811	429.28	0.066445	3.1228e-05	0.042334	supercritical
496.00	61.000	46.761	0.021386	322.76	453.21	5.8095	0.71500	0.99830	429.69	0.065991	3.1271e-05	0.042398	supercritical
497.00	61.000	46.664	0.021430	323.49	454.21	5.8115	0.71530	0.99848	430.10	0.065539	3.1314e-05	0.042463	supercritical
498.00	61.000	46.567	0.021474	324.22	455.21	5.8135	0.71561	0.99867	430.50	0.065089	3.1357e-05	0.042528	supercritical
499.00	61.000	46.471	0.021519	324.94	456.21	5.8155	0.71591	0.99885	430.91	0.064642	3.1400e-05	0.042593	supercritical
500.00	61.000	46.375	0.021563	325.67	457.21	5.8175	0.71621	0.99904	431.32	0.064197	3.1443e-05	0.042657	supercritical
501.00	61.000	46.280	0.021608	326.40	458.21	5.8195	0.71651	0.99923	431.72	0.063754	3.1485e-05	0.042722	supercritical
502.00	61.000	46.185	0.021652	327.13	459.21	5.8215	0.71681	0.99942	432.12	0.063313	3.1528e-05	0.042786	supercritical
503.00	61.000	46.091	0.021696	327.86	460.20	5.8235	0.71711	0.99961	432.53	0.062874	3.1571e-05	0.042851	supercritical
504.00	61.000	45.997	0.021741	328.59	461.20	5.8255	0.71741	0.99980	432.93	0.062438	3.1614e-05	0.042916	supercritical
505.00	61.000	45.903	0.021785	329.31	462.20	5.8274	0.71772	1.0000	433.33	0.062004	3.1656e-05	0.042980	supercritical
506.00	61.000	45.810	0.021830	330.04	463.20	5.8294	0.71802	1.0002	433.74	0.061571	3.1699e-05	0.043045	supercritical
507.00	61.000	45.717	0.021874	330.77	464.20	5.8314	0.71832	1.0004	434.14	0.061141	3.1742e-05	0.043109	supercritical
508.00	61.000	45.624	0.021918	331.50	465.21	5.8334	0.71862	1.0006	434.54	0.060714	3.1784e-05	0.043174	supercritical
509.00	61.000	45.532	0.021963	332.23	466.21	5.8353	0.71892	1.0008	434.94	0.060288	3.1827e-05	0.043238	supercritical
510.00	61.000	45.440	0.022007	332.96	467.21	5.8373	0.71923	1.0010	435.34	0.059864	3.1869e-05	0.043302	supercritical
511.00	61.000	45.349	0.022051	333.70	468.21	5.8393	0.71953	1.0012	435.74	0.059442	3.1912e-05	0.043367	supercritical
512.00	61.000	45.258	0.022096	334.43	469.21	5.8412	0.71983	1.0014	436.14	0.059023	3.1954e-05	0.043431	supercritical
513.00	61.000	45.167	0.022140	335.16	470.21	5.8432	0.72013	1.0016	436.54	0.058605	3.1997e-05	0.043495	supercritical
514.00	61.000	45.077	0.022184	335.89	471.21	5.8451	0.72043	1.0018	436.93	0.058190	3.2039e-05	0.043560	supercritical
515.00	61.000	44.987	0.022228	336.62	472.21	5.8471	0.72074	1.0020	437.33	0.057776	3.2081e-05	0.043624	supercritical
516.00	61.000	44.898	0.022273	337.35	473.22	5.8490	0.72104	1.0022	437.73	0.057365	3.2124e-05	0.043688	supercritical
517.00	61.000	44.809	0.022317	338.08	474.22	5.8509	0.72134	1.0024	438.12	0.056956	3.2166e-05	0.043752	supercritical
518.00	61.000	44.720	0.022361	338.82	475.22	5.8529	0.72164	1.0026	438.52	0.056548	3.2208e-05	0.043817	supercritical
519.00	61.000	44.632	0.022405	339.55	476.22	5.8548	0.72195	1.0028	438.91	0.056143	3.2251e-05	0.043881	supercritical
520.00	61.000	44.544	0.022450	340.28	477.23	5.8567	0.72225	1.0030	439.31	0.055739	3.2293e-05	0.043945	supercritical
521.00	61.000	44.456	0.022494	341.02	478.23	5.8587	0.72255	1.0032	439.70	0.055337	3.2335e-05	0.044009	supercritical
522.00	61.000	44.369	0.022538	341.75	479.23	5.8606	0.72285	1.0034	440.10	0.054938	3.2377e-05	0.044073	supercritical
523.00	61.000	44.282	0.022582	342.48	480.24	5.8625	0.72316	1.0036	440.49	0.054540	3.2419e-05	0.044137	supercritical
524.00	61.000	44.196	0.022627	343.22	481.24	5.8644	0.72346	1.0038	440.88	0.054144	3.2461e-05	0.044201	supercritical
525.00	61.000	44.109	0.022671	343.95	482.24	5.8664	0.72376	1.0040	441.28	0.053750	3.2503e-05	0.044265	supercritical
526.00	61.000	44.024	0.022715	344.69	483.25	5.8683	0.72406	1.0042	441.67	0.053358	3.2545e-05	0.044329	supercritical
527.00	61.000	43.938	0.022759	345.42	484.25	5.8702	0.72436	1.0044	442.06	0.052968	3.2587e-05	0.044393	supercritical
528.00	61.000	43.853	0.022803	346.16	485.26	5.8721	0.72467	1.0046	442.45	0.052580	3.2629e-05	0.044457	supercritical
529.00	61.000	43.768	0.022848	346.89	486.26	5.8740	0.72497	1.0048	442.84	0.052194	3.2671e-05	0.044521	supercritical
530.00	61.000	43.684	0.022892	347.63	487.27	5.8759	0.72527	1.0051	443.23	0.051809	3.2713e-05	0.044585	supercritical
531.00	61.000	43.600	0.022936	348.36	488.27	5.8778	0.72557	1.0053	443.62	0.051426	3.2754e-05	0.044649	supercritical
532.00	61.000	43.516	0.022980	349.10	489.28	5.8797	0.72588	1.0055	444.01	0.051045	3.2796e-05	0.044713	supercritical
533.00	61.000	43.432	0.023024	349.83	490.28	5.8815	0.72618	1.0057	444.40	0.050666	3.2838e-05	0.044777	supercritical
534.00	61.000	43.349	0.023068	350.57	491.29	5.8834	0.72648	1.0059	444.78	0.050289	3.2880e-05	0.044841	supercritical
535.00	61.000	43.266	0.023113	351.31	492.29	5.8853	0.72678	1.0061	445.17	0.049913	3.2921e-05	0.044904	supercritical
536.00	61.000	43.184	0.023157	352.04	493.30	5.8872	0.72708	1.0063	445.56	0.049540	3.2963e-05	0.044968	supercritical
537.00	61.000	43.102	0.023201	352.78	494.31	5.8891	0.72738	1.0065	445.95	0.049167	3.3005e-05	0.045032	supercritical
538.00	61.000	43.020	0.023245	353.52	495.31	5.8909	0.72769	1.0068	446.33	0.048797	3.3046e-05	0.045095	supercritical
539.00	61.000	42.938	0.023289	354.26	496.32	5.8928	0.72799	1.0070	446.72	0.048429	3.3088e-05	0.045159	supercritical
540.00	61.000	42.857	0.023333	354.99	497.33	5.8947	0.72829	1.0072	447.10	0.048062	3.3129e-05	0.045223	supercritical
541.00	61.000	42.776	0.023377	355.73	498.34	5.8965	0.72859	1.0074	447.49	0.047697	3.3171e-05	0.045286	supercritical
542.00	61.000	42.696	0.023421	356.47	499.34	5.8984	0.72889	1.0076	447.87	0.047334	3.3212e-05	0.045350	supercritical
543.00	61.000	42.616	0.023466	357.21	500.35	5.9003	0.72919	1.0078	448.26	0.046972	3.3253e-05	0.045414	supercritical
544.00	61.000	42.536	0.023510	357.95	501.36	5.9021	0.72949	1.0081	448.64	0.046612	3.3295e-05	0.045477	supercritical
545.00	61.000	42.456	0.023554	358.69	502.37	5.9040	0.72979	1.0083	449.02	0.046254	3.3336e-05	0.045541	supercritical
546.00	61.000	42.377	0.023598	359.43	503.37	5.9058	0.73010	1.0085	449.40	0.045897	3.3378e-05	0.045604	supercritical
547.00	61.000	42.298	0.023642	360.17	504.38	5.9077	0.73040	1.0087	449.79	0.045542	3.3419e-05	0.045668	supercritical
548.00	61.000	42.219	0.023686	360.91	505.39	5.9095	0.73070	1.0089	450.17	0.045189	3.3460e-05	0.045731	supercritical
549.00	61.000	42.141	0.023730	361.65	506.40	5.9113	0.73100	1.0091	450.55	0.044837	3.3501e-05	0.045795	supercritical
550.00	61.000	42.063	0.023774	362.39	507.41	5.9132	0.73130	1.0094	450.93	0.044487	3.3542e-05	0.045858	supercritical
551.00	61.000	41.985	0.023818	363.13	508.42	5.9150	0.73160	1.0096	451.31	0.044139	3.3584e-05	0.045921	supercritical
552.00	61.000	41.908	0.023862	363.87	509.43	5.9168	0.73190	1.0098	451.69	0.043792	3.3625e-05	0.045985	supercritical
553.00	61.000	41.830	0.023906	364.61	510.44	5.9187	0.73220	1.0100	452.07	0.043446	3.3666e-05	0.046048	supercritical
554.00	61.000	41.753	0.023950	365.35	511.45	5.9205	0.73250	1.0102	452.45	0.043103	3.3707e-05	0.046111	supercritical
555.00	61.000	41.677	0.023994	366.10	512.46	5.9223	0.73280	1.0105	452.83	0.042761	3.3748e-05	0.046175	supercritical
556.00	61.000	41.601	0.024038	366.84	513.47	5.9241	0.73309	1.0107	453.21	0.042420	3.3789e-05	0.046238	supercritical
557.00	61.000	41.525	0.024082	367.58	514.48	5.9260	0.73339	1.0109	453.58	0.042081	3.3830e-05	0.046301	supercritical
558.00	61.000	41.449	0.024126	368.32	515.49	5.9278	0.73369	1.0111	453.96	0.041744	3.3871e-05	0.046364	supercritical
559.00	61.000	41.373	0.024170	369.07	516.50	5.9296	0.73399	1.0114	454.34	0.041408	3.3912e-05	0.046428	supercritical
560.00	61.000	41.298	0.024214	369.81	517.52	5.9314	0.73429	1.0116	454.71	0.041074	3.3953e-05	0.046491	supercritical
561.00	61.000	41.223	0.024258	370.55	518.53	5.9332	0.73459	1.0118	455.09	0.040741	3.3993e-05	0.046554	supercritical
562.00	61.000	41.149	0.024302	371.30	519.54	5.9350	0.73489	1.0120	455.47	0.040410	3.4034e-05	0.046617	supercritical
563.00	61.000	41.074	0.024346	372.04	520.55	5.9368	0.73518	1.0122	455.84	0.040080	3.4075e-05	0.046680	supercritical
564.00	61.000	41.000	0.024390	372.78	521.56	5.9386	0.73548	1.0125	456.22	0.039752	3.4116e-05	0.046743	supercritical
565.00	61.000	40.927	0.024434	373.53	522.58	5.9404	0.73578	1.0127	456.59	0.039425	3.4156e-05	0.046806	supercritical
566.00	61.000	40.853	0.024478	374.27	523.59	5.9422	0.73608	1.0129	456.97	0.039100	3.4197e-05	0.046869	supercritical
567.00	61.000	40.780	0.024522	375.02	524.60	5.9440	0.73637	1.0131	457.34	0.038776	3.4238e-05	0.046932	supercritical
568.00	61.000	40.707	0.024566	375.76	525.62	5.9457	0.73667	1.0134	457.71	0.038453	3.4278e-05	0.046995	supercritical
569.00	61.000	40.634	0.024610	376.51	526.63	5.9475	0.73697	1.0136	458.08	0.038133	3.4319e-05	0.047058	supercritical
570.00	61.000	40.562	0.024654	377.26	527.64	5.9493	0.73726	1.0138	458.46	0.037813	3.4360e-05	0.047121	supercritical
571.00	61.000	40.490	0.024698	378.00	528.66	5.9511	0.73756	1.0140	458.83	0.037495	3.4400e-05	0.047184	supercritical
572.00	61.000	40.418	0.024741	378.75	529.67	5.9529	0.73786	1.0143	459.20	0.037178	3.4441e-05	0.047247	supercritical
573.00	61.000	40.346	0.024785	379.49	530.68	5.9546	0.73815	1.0145	459.57	0.036863	3.4481e-05	0.047310	supercritical
574.00	61.000	40.275	0.024829	380.24	531.70	5.9564	0.73845	1.0147	459.94	0.036549	3.4521e-05	0.047373	supercritical
575.00	61.000	40.204	0.024873	380.99	532.71	5.9582	0.73874	1.0150	460.31	0.036237	3.4562e-05	0.047435	supercritical
576.00	61.000	40.133	0.024917	381.74	533.73	5.9599	0.73904	1.0152	460.68	0.035926	3.4602e-05	0.047498	supercritical
577.00	61.000	40.063	0.024961	382.48	534.74	5.9617	0.73933	1.0154	461.05	0.035616	3.4643e-05	0.047561	supercritical
578.00	61.000	39.992	0.025005	383.23	535.76	5.9635	0.73963	1.0156	461.42	0.035308	3.4683e-05	0.047624	supercritical
579.00	61.000	39.922	0.025049	383.98	536.78	5.9652	0.73992	1.0159	461.79	0.035001	3.4723e-05	0.047686	supercritical
580.00	61.000	39.852	0.025093	384.73	537.79	5.9670	0.74022	1.0161	462.16	0.034696	3.4763e-05	0.047749	supercritical
581.00	61.000	39.783	0.025136	385.48	538.81	5.9687	0.74051	1.0163	462.53	0.034392	3.4804e-05	0.047812	supercritical
582.00	61.000	39.714	0.025180	386.22	539.82	5.9705	0.74080	1.0165	462.90	0.034089	3.4844e-05	0.047874	supercritical
583.00	61.000	39.644	0.025224	386.97	540.84	5.9722	0.74110	1.0168	463.26	0.033787	3.4884e-05	0.047937	supercritical
584.00	61.000	39.576	0.025268	387.72	541.86	5.9740	0.74139	1.0170	463.63	0.033487	3.4924e-05	0.048000	supercritical
585.00	61.000	39.507	0.025312	388.47	542.88	5.9757	0.74168	1.0172	464.00	0.033189	3.4964e-05	0.048062	supercritical
586.00	61.000	39.439	0.025356	389.22	543.89	5.9774	0.74197	1.0174	464.36	0.032891	3.5004e-05	0.048125	supercritical
587.00	61.000	39.371	0.025400	389.97	544.91	5.9792	0.74227	1.0177	464.73	0.032595	3.5044e-05	0.048187	supercritical
588.00	61.000	39.303	0.025443	390.72	545.93	5.9809	0.74256	1.0179	465.09	0.032300	3.5085e-05	0.048250	supercritical
589.00	61.000	39.235	0.025487	391.47	546.95	5.9826	0.74285	1.0181	465.46	0.032006	3.5124e-05	0.048312	supercritical
590.00	61.000	39.168	0.025531	392.22	547.96	5.9844	0.74314	1.0184	465.82	0.031714	3.5164e-05	0.048375	supercritical
591.00	61.000	39.101	0.025575	392.98	548.98	5.9861	0.74343	1.0186	466.19	0.031423	3.5204e-05	0.048437	supercritical
592.00	61.000	39.034	0.025619	393.73	550.00	5.9878	0.74372	1.0188	466.55	0.031133	3.5244e-05	0.048500	supercritical
593.00	61.000	38.967	0.025662	394.48	551.02	5.9895	0.74401	1.0190	466.92	0.030845	3.5284e-05	0.048562	supercritical
594.00	61.000	38.901	0.025706	395.23	552.04	5.9912	0.74430	1.0193	467.28	0.030557	3.5324e-05	0.048624	supercritical
595.00	61.000	38.835	0.025750	395.98	553.06	5.9930	0.74459	1.0195	467.64	0.030271	3.5364e-05	0.048687	supercritical
596.00	61.000	38.769	0.025794	396.74	554.08	5.9947	0.74488	1.0197	468.01	0.029987	3.5404e-05	0.048749	supercritical
597.00	61.000	38.703	0.025838	397.49	555.10	5.9964	0.74517	1.0200	468.37	0.029703	3.5443e-05	0.048811	supercritical
598.00	61.000	38.638	0.025881	398.24	556.12	5.9981	0.74546	1.0202	468.73	0.029421	3.5483e-05	0.048873	supercritical
599.00	61.000	38.572	0.025925	398.99	557.14	5.9998	0.74575	1.0204	469.09	0.029140	3.5523e-05	0.048936	supercritical
600.00	61.000	38.507	0.025969	399.75	558.16	6.0015	0.74604	1.0206	469.45	0.028860	3.5563e-05	0.048998	supercritical
