Temperature (K)	Pressure (bar)	Density (kg/m3)	Volume (m3/kg)	Internal Energy (kJ/kg)	Enthalpy (kJ/kg)	Entropy (J/g*K)	Cv (J/g*K)	Cp (J/g*K)	Sound Spd. (m/s)	Joule-Thomson (K/bar)	Viscosity (Pa*s)	Therm. Cond. (W/m*K)	Phase
60.000	110.00	1294.8	0.00077229	-185.86	-177.36	2.2287	1.0927	1.6511	1157.1	-0.037681	0.00063003	0.19835	liquid
61.000	110.00	1290.6	0.00077481	-184.23	-175.71	2.2560	1.0849	1.6533	1153.2	-0.037523	0.00060042	0.19704	liquid
62.000	110.00	1286.4	0.00077736	-182.60	-174.05	2.2829	1.0779	1.6551	1148.6	-0.037380	0.00057277	0.19572	liquid
63.000	110.00	1282.2	0.00077993	-180.98	-172.40	2.3094	1.0714	1.6565	1143.4	-0.037252	0.00054695	0.19441	liquid
64.000	110.00	1277.9	0.00078253	-179.35	-170.74	2.3355	1.0655	1.6575	1137.8	-0.037136	0.00052282	0.19309	liquid
65.000	110.00	1273.6	0.00078515	-177.72	-169.08	2.3612	1.0599	1.6582	1131.8	-0.037030	0.00050025	0.19178	liquid
66.000	110.00	1269.4	0.00078779	-176.09	-167.42	2.3865	1.0545	1.6585	1125.6	-0.036932	0.00047914	0.19047	liquid
67.000	110.00	1265.1	0.00079046	-174.46	-165.77	2.4114	1.0493	1.6586	1119.1	-0.036839	0.00045936	0.18915	liquid
68.000	110.00	1260.8	0.00079315	-172.83	-164.11	2.4360	1.0443	1.6585	1112.4	-0.036751	0.00044083	0.18784	liquid
69.000	110.00	1256.5	0.00079586	-171.20	-162.45	2.4602	1.0395	1.6582	1105.6	-0.036665	0.00042344	0.18653	liquid
70.000	110.00	1252.2	0.00079859	-169.58	-160.79	2.4841	1.0347	1.6578	1098.6	-0.036580	0.00040712	0.18521	liquid
71.000	110.00	1247.9	0.00080135	-167.95	-159.13	2.5076	1.0300	1.6573	1091.6	-0.036495	0.00039178	0.18390	liquid
72.000	110.00	1243.6	0.00080413	-166.32	-157.48	2.5307	1.0254	1.6567	1084.5	-0.036409	0.00037734	0.18259	liquid
73.000	110.00	1239.3	0.00080693	-164.70	-155.82	2.5536	1.0208	1.6561	1077.4	-0.036321	0.00036375	0.18128	liquid
74.000	110.00	1234.9	0.00080976	-163.07	-154.16	2.5761	1.0163	1.6554	1070.2	-0.036230	0.00035094	0.17997	liquid
75.000	110.00	1230.6	0.00081261	-161.45	-152.51	2.5983	1.0119	1.6547	1063.0	-0.036135	0.00033886	0.17865	liquid
76.000	110.00	1226.3	0.00081548	-159.82	-150.85	2.6202	1.0074	1.6541	1055.7	-0.036036	0.00032744	0.17734	liquid
77.000	110.00	1221.9	0.00081838	-158.20	-149.20	2.6419	1.0031	1.6535	1048.5	-0.035931	0.00031665	0.17603	liquid
78.000	110.00	1217.6	0.00082131	-156.58	-147.55	2.6632	0.99876	1.6530	1041.3	-0.035820	0.00030645	0.17472	liquid
79.000	110.00	1213.2	0.00082426	-154.96	-145.89	2.6843	0.99448	1.6525	1034.0	-0.035703	0.00029678	0.17341	liquid
80.000	110.00	1208.8	0.00082724	-153.34	-144.24	2.7050	0.99025	1.6521	1026.7	-0.035579	0.00028761	0.17209	liquid
81.000	110.00	1204.5	0.00083024	-151.72	-142.59	2.7256	0.98606	1.6517	1019.5	-0.035448	0.00027890	0.17078	liquid
82.000	110.00	1200.1	0.00083328	-150.10	-140.94	2.7458	0.98192	1.6515	1012.2	-0.035309	0.00027064	0.16947	liquid
83.000	110.00	1195.7	0.00083635	-148.49	-139.29	2.7658	0.97782	1.6514	1005.0	-0.035162	0.00026278	0.16815	liquid
84.000	110.00	1191.3	0.00083944	-146.87	-137.64	2.7856	0.97377	1.6513	997.75	-0.035006	0.00025529	0.16684	liquid
85.000	110.00	1186.8	0.00084257	-145.25	-135.98	2.8052	0.96977	1.6514	990.51	-0.034842	0.00024816	0.16552	liquid
86.000	110.00	1182.4	0.00084573	-143.64	-134.33	2.8245	0.96581	1.6516	983.27	-0.034669	0.00024136	0.16420	liquid
87.000	110.00	1178.0	0.00084892	-142.02	-132.68	2.8436	0.96191	1.6519	976.04	-0.034487	0.00023487	0.16289	liquid
88.000	110.00	1173.5	0.00085215	-140.40	-131.03	2.8625	0.95805	1.6523	968.81	-0.034294	0.00022867	0.16157	liquid
89.000	110.00	1169.0	0.00085541	-138.79	-129.38	2.8811	0.95424	1.6528	961.59	-0.034092	0.00022273	0.16025	liquid
90.000	110.00	1164.5	0.00085871	-137.17	-127.72	2.8996	0.95047	1.6535	954.37	-0.033880	0.00021705	0.15893	liquid
91.000	110.00	1160.0	0.00086205	-135.55	-126.07	2.9179	0.94676	1.6543	947.15	-0.033657	0.00021161	0.15761	liquid
92.000	110.00	1155.5	0.00086542	-133.93	-124.42	2.9360	0.94309	1.6552	939.93	-0.033423	0.00020639	0.15629	liquid
93.000	110.00	1151.0	0.00086883	-132.32	-122.76	2.9539	0.93947	1.6562	932.71	-0.033178	0.00020138	0.15496	liquid
94.000	110.00	1146.4	0.00087229	-130.70	-121.10	2.9716	0.93590	1.6574	925.49	-0.032922	0.00019656	0.15364	liquid
95.000	110.00	1141.8	0.00087578	-129.08	-119.44	2.9891	0.93238	1.6587	918.27	-0.032653	0.00019193	0.15232	liquid
96.000	110.00	1137.2	0.00087932	-127.46	-117.79	3.0065	0.92890	1.6602	911.04	-0.032373	0.00018747	0.15099	liquid
97.000	110.00	1132.6	0.00088291	-125.84	-116.12	3.0237	0.92547	1.6617	903.82	-0.032080	0.00018318	0.14967	liquid
98.000	110.00	1128.0	0.00088654	-124.21	-114.46	3.0408	0.92209	1.6635	896.58	-0.031774	0.00017904	0.14834	liquid
99.000	110.00	1123.3	0.00089021	-122.59	-112.80	3.0577	0.91875	1.6653	889.35	-0.031456	0.00017504	0.14701	liquid
100.00	110.00	1118.6	0.00089394	-120.96	-111.13	3.0744	0.91546	1.6673	882.11	-0.031123	0.00017119	0.14569	liquid
101.00	110.00	1113.9	0.00089771	-119.34	-109.46	3.0910	0.91221	1.6695	874.86	-0.030777	0.00016746	0.14436	liquid
102.00	110.00	1109.2	0.00090154	-117.71	-107.79	3.1075	0.90901	1.6718	867.60	-0.030416	0.00016385	0.14303	liquid
103.00	110.00	1104.5	0.00090542	-116.08	-106.12	3.1238	0.90585	1.6742	860.34	-0.030040	0.00016036	0.14170	liquid
104.00	110.00	1099.7	0.00090936	-114.45	-104.44	3.1400	0.90274	1.6768	853.06	-0.029648	0.00015698	0.14037	liquid
105.00	110.00	1094.9	0.00091335	-112.81	-102.77	3.1560	0.89967	1.6796	845.78	-0.029241	0.00015370	0.13904	liquid
106.00	110.00	1090.0	0.00091740	-111.18	-101.08	3.1720	0.89665	1.6825	838.48	-0.028818	0.00015051	0.13771	liquid
107.00	110.00	1085.2	0.00092151	-109.54	-99.400	3.1878	0.89367	1.6855	831.18	-0.028377	0.00014743	0.13638	liquid
108.00	110.00	1080.3	0.00092568	-107.90	-97.713	3.2035	0.89073	1.6888	823.86	-0.027919	0.00014443	0.13505	liquid
109.00	110.00	1075.4	0.00092992	-106.25	-96.023	3.2191	0.88783	1.6922	816.52	-0.027442	0.00014151	0.13371	liquid
110.00	110.00	1070.4	0.00093423	-104.61	-94.329	3.2345	0.88498	1.6958	809.17	-0.026946	0.00013867	0.13238	liquid
111.00	110.00	1065.4	0.00093860	-102.96	-92.631	3.2499	0.88217	1.6995	801.81	-0.026431	0.00013591	0.13106	liquid
112.00	110.00	1060.4	0.00094305	-101.30	-90.930	3.2651	0.87940	1.7035	794.43	-0.025896	0.00013322	0.12973	liquid
113.00	110.00	1055.3	0.00094756	-99.648	-89.224	3.2803	0.87667	1.7076	787.03	-0.025339	0.00013060	0.12841	liquid
114.00	110.00	1050.2	0.00095216	-97.988	-87.515	3.2954	0.87398	1.7119	779.62	-0.024760	0.00012804	0.12708	liquid
115.00	110.00	1045.1	0.00095683	-96.326	-85.800	3.3103	0.87134	1.7164	772.19	-0.024158	0.00012555	0.12576	liquid
116.00	110.00	1039.9	0.00096159	-94.659	-84.082	3.3252	0.86874	1.7212	764.73	-0.023532	0.00012311	0.12443	liquid
117.00	110.00	1034.7	0.00096643	-92.989	-82.358	3.3400	0.86618	1.7261	757.26	-0.022881	0.00012073	0.12311	liquid
118.00	110.00	1029.5	0.00097136	-91.314	-80.629	3.3547	0.86366	1.7313	749.76	-0.022204	0.00011841	0.12179	liquid
119.00	110.00	1024.2	0.00097638	-89.635	-78.895	3.3694	0.86118	1.7367	742.24	-0.021500	0.00011614	0.12047	liquid
120.00	110.00	1018.9	0.00098149	-87.952	-77.156	3.3839	0.85875	1.7424	734.70	-0.020768	0.00011392	0.11915	liquid
121.00	110.00	1013.5	0.00098671	-86.264	-75.410	3.3984	0.85636	1.7483	727.14	-0.020005	0.00011174	0.11783	liquid
122.00	110.00	1008.0	0.00099202	-84.571	-73.659	3.4128	0.85401	1.7545	719.55	-0.019212	0.00010961	0.11651	liquid
123.00	110.00	1002.6	0.00099745	-82.873	-71.901	3.4272	0.85170	1.7609	711.93	-0.018386	0.00010753	0.11520	liquid
124.00	110.00	997.03	0.0010030	-81.170	-70.137	3.4415	0.84944	1.7676	704.29	-0.017526	0.00010548	0.11388	liquid
125.00	110.00	991.44	0.0010086	-79.461	-68.366	3.4557	0.84722	1.7747	696.62	-0.016630	0.00010348	0.11257	liquid
126.00	110.00	985.81	0.0010144	-77.746	-66.588	3.4699	0.84505	1.7820	688.92	-0.015697	0.00010152	0.11126	liquid
127.00	110.00	980.11	0.0010203	-76.025	-64.802	3.4840	0.84292	1.7897	681.19	-0.014724	9.9588e-05	0.10995	liquid
128.00	110.00	974.36	0.0010263	-74.298	-63.008	3.4980	0.84084	1.7977	673.43	-0.013709	9.7697e-05	0.10865	liquid
129.00	110.00	968.54	0.0010325	-72.564	-61.206	3.5121	0.83880	1.8061	665.64	-0.012651	9.5841e-05	0.10734	liquid
130.00	110.00	962.66	0.0010388	-70.823	-59.396	3.5260	0.83681	1.8148	657.81	-0.011546	9.4017e-05	0.10604	liquid
131.00	110.00	956.72	0.0010452	-69.074	-57.577	3.5400	0.83487	1.8240	649.95	-0.010393	9.2226e-05	0.10474	liquid
132.00	110.00	950.70	0.0010519	-67.318	-55.748	3.5539	0.83298	1.8336	642.06	-0.0091889	9.0466e-05	0.10344	liquid
133.00	110.00	944.62	0.0010586	-65.554	-53.909	3.5678	0.83114	1.8437	634.13	-0.0079305	8.8737e-05	0.10215	liquid
134.00	110.00	938.46	0.0010656	-63.782	-52.060	3.5816	0.82935	1.8542	626.16	-0.0066148	8.7035e-05	0.10086	liquid
135.00	110.00	932.22	0.0010727	-62.000	-50.201	3.5954	0.82762	1.8652	618.16	-0.0052385	8.5362e-05	0.099572	liquid
136.00	110.00	925.91	0.0010800	-60.210	-48.330	3.6092	0.82594	1.8767	610.11	-0.0037980	8.3716e-05	0.098288	liquid
137.00	110.00	919.51	0.0010875	-58.410	-46.447	3.6230	0.82431	1.8889	602.03	-0.0022894	8.2097e-05	0.097008	liquid
138.00	110.00	913.02	0.0010953	-56.600	-44.552	3.6368	0.82274	1.9016	593.91	-0.00070860	8.0502e-05	0.095730	liquid
139.00	110.00	906.43	0.0011032	-54.779	-42.644	3.6506	0.82123	1.9149	585.74	0.00094893	7.8932e-05	0.094457	liquid
140.00	110.00	899.76	0.0011114	-52.947	-40.722	3.6644	0.81979	1.9290	577.53	0.0026881	7.7386e-05	0.093188	liquid
141.00	110.00	892.98	0.0011198	-51.104	-38.785	3.6782	0.81840	1.9437	569.28	0.0045140	7.5863e-05	0.091923	liquid
142.00	110.00	886.10	0.0011285	-49.248	-36.834	3.6919	0.81708	1.9593	560.98	0.0064326	7.4362e-05	0.090661	liquid
143.00	110.00	879.10	0.0011375	-47.379	-34.867	3.7058	0.81583	1.9756	552.64	0.0084498	7.2882e-05	0.089405	liquid
144.00	110.00	872.00	0.0011468	-45.497	-32.882	3.7196	0.81465	1.9929	544.25	0.010572	7.1424e-05	0.088152	liquid
145.00	110.00	864.77	0.0011564	-43.601	-30.881	3.7334	0.81355	2.0111	535.81	0.012807	6.9985e-05	0.086905	liquid
146.00	110.00	857.41	0.0011663	-41.689	-28.860	3.7473	0.81251	2.0303	527.33	0.015163	6.8566e-05	0.085662	liquid
147.00	110.00	849.92	0.0011766	-39.762	-26.820	3.7613	0.81156	2.0505	518.80	0.017647	6.7166e-05	0.084424	liquid
148.00	110.00	842.29	0.0011872	-37.818	-24.759	3.7752	0.81069	2.0720	510.23	0.020270	6.5784e-05	0.083191	liquid
149.00	110.00	834.51	0.0011983	-35.857	-22.675	3.7893	0.80991	2.0947	501.61	0.023040	6.4420e-05	0.081963	liquid
150.00	110.00	826.57	0.0012098	-33.877	-20.569	3.8033	0.80921	2.1187	492.95	0.025970	6.3073e-05	0.080740	liquid
151.00	110.00	818.47	0.0012218	-31.877	-18.437	3.8175	0.80861	2.1442	484.25	0.029070	6.1742e-05	0.079523	liquid
152.00	110.00	810.20	0.0012343	-29.857	-16.280	3.8317	0.80810	2.1712	475.50	0.032353	6.0427e-05	0.078311	liquid
153.00	110.00	801.74	0.0012473	-27.814	-14.094	3.8461	0.80769	2.1999	466.73	0.035833	5.9128e-05	0.077104	liquid
154.00	110.00	793.09	0.0012609	-25.749	-11.879	3.8605	0.80739	2.2304	457.91	0.039524	5.7843e-05	0.075903	liquid
155.00	110.00	784.24	0.0012751	-23.659	-9.6328	3.8750	0.80719	2.2628	449.08	0.043444	5.6572e-05	0.074708	supercritical
156.00	110.00	775.17	0.0012900	-21.544	-7.3530	3.8897	0.80709	2.2972	440.22	0.047607	5.5315e-05	0.073518	supercritical
157.00	110.00	765.87	0.0013057	-19.400	-5.0377	3.9045	0.80710	2.3338	431.35	0.052034	5.4070e-05	0.072333	supercritical
158.00	110.00	756.33	0.0013222	-17.228	-2.6846	3.9194	0.80722	2.3728	422.48	0.056743	5.2839e-05	0.071154	supercritical
159.00	110.00	746.54	0.0013395	-15.026	-0.29132	3.9345	0.80745	2.4141	413.61	0.061755	5.1619e-05	0.069980	supercritical
160.00	110.00	736.48	0.0013578	-12.791	2.1446	3.9498	0.80777	2.4581	404.77	0.067091	5.0411e-05	0.068812	supercritical
161.00	110.00	726.15	0.0013771	-10.523	4.6258	3.9653	0.80820	2.5047	395.96	0.072772	4.9214e-05	0.067649	supercritical
162.00	110.00	715.52	0.0013976	-8.2185	7.1549	3.9809	0.80872	2.5540	387.21	0.078821	4.8028e-05	0.066491	supercritical
163.00	110.00	704.59	0.0014193	-5.8772	9.7347	3.9968	0.80931	2.6060	378.53	0.085258	4.6852e-05	0.065337	supercritical
164.00	110.00	693.34	0.0014423	-3.4974	12.368	4.0129	0.80998	2.6606	369.94	0.092102	4.5687e-05	0.064188	supercritical
165.00	110.00	681.76	0.0014668	-1.0778	15.057	4.0293	0.81070	2.7176	361.48	0.099369	4.4533e-05	0.063044	supercritical
166.00	110.00	669.86	0.0014929	1.3823	17.804	4.0459	0.81145	2.7765	353.17	0.10707	4.3389e-05	0.061903	supercritical
167.00	110.00	657.62	0.0015206	3.8833	20.610	4.0627	0.81222	2.8368	345.05	0.11521	4.2258e-05	0.060767	supercritical
168.00	110.00	645.06	0.0015502	6.4247	23.477	4.0798	0.81298	2.8976	337.14	0.12379	4.1139e-05	0.059633	supercritical
169.00	110.00	632.18	0.0015818	9.0052	26.405	4.0972	0.81371	2.9580	329.50	0.13280	4.0034e-05	0.058504	supercritical
170.00	110.00	619.01	0.0016155	11.622	29.393	4.1148	0.81438	3.0167	322.15	0.14221	3.8946e-05	0.057377	supercritical
171.00	110.00	605.57	0.0016513	14.273	32.438	4.1327	0.81497	3.0722	315.13	0.15200	3.7876e-05	0.056255	supercritical
172.00	110.00	591.91	0.0016894	16.952	35.536	4.1508	0.81543	3.1229	308.49	0.16211	3.6827e-05	0.055137	supercritical
173.00	110.00	578.08	0.0017299	19.653	38.681	4.1690	0.81575	3.1673	302.25	0.17249	3.5802e-05	0.054024	supercritical
174.00	110.00	564.14	0.0017726	22.369	41.868	4.1874	0.81588	3.2038	296.44	0.18307	3.4805e-05	0.052918	supercritical
175.00	110.00	550.17	0.0018176	25.092	45.086	4.2058	0.81580	3.2308	291.09	0.19378	3.3839e-05	0.051820	supercritical
176.00	110.00	536.22	0.0018649	27.812	48.326	4.2243	0.81548	3.2469	286.21	0.20451	3.2908e-05	0.050734	supercritical
177.00	110.00	522.40	0.0019142	30.519	51.576	4.2427	0.81489	3.2513	281.81	0.21517	3.2015e-05	0.049663	supercritical
178.00	110.00	508.78	0.0019655	33.203	54.824	4.2610	0.81401	3.2432	277.89	0.22564	3.1163e-05	0.048609	supercritical
179.00	110.00	495.43	0.0020185	35.855	58.058	4.2791	0.81283	3.2226	274.44	0.23582	3.0356e-05	0.047577	supercritical
180.00	110.00	482.42	0.0020729	38.464	61.265	4.2970	0.81136	3.1902	271.45	0.24561	2.9595e-05	0.046572	supercritical
181.00	110.00	469.82	0.0021285	41.022	64.435	4.3145	0.80960	3.1470	268.90	0.25492	2.8881e-05	0.045597	supercritical
182.00	110.00	457.68	0.0021849	43.522	67.556	4.3317	0.80758	3.0946	266.75	0.26368	2.8214e-05	0.044656	supercritical
183.00	110.00	446.02	0.0022421	45.959	70.621	4.3485	0.80533	3.0349	264.98	0.27183	2.7595e-05	0.043753	supercritical
184.00	110.00	434.87	0.0022995	48.329	73.624	4.3649	0.80288	2.9698	263.55	0.27937	2.7023e-05	0.042891	supercritical
185.00	110.00	424.24	0.0023572	50.631	76.560	4.3808	0.80026	2.9011	262.42	0.28627	2.6494e-05	0.042071	supercritical
186.00	110.00	414.12	0.0024147	52.864	79.426	4.3962	0.79750	2.8306	261.56	0.29255	2.6008e-05	0.041294	supercritical
187.00	110.00	404.51	0.0024721	55.028	82.221	4.4112	0.79465	2.7595	260.94	0.29821	2.5561e-05	0.040560	supercritical
188.00	110.00	395.39	0.0025292	57.124	84.945	4.4258	0.79172	2.6890	260.53	0.30330	2.5152e-05	0.039870	supercritical
189.00	110.00	386.73	0.0025858	59.156	87.599	4.4398	0.78875	2.6199	260.30	0.30783	2.4777e-05	0.039221	supercritical
190.00	110.00	378.52	0.0026418	61.125	90.185	4.4535	0.78576	2.5528	260.23	0.31185	2.4434e-05	0.038612	supercritical
191.00	110.00	370.73	0.0026973	63.035	92.706	4.4667	0.78277	2.4881	260.29	0.31538	2.4120e-05	0.038042	supercritical
192.00	110.00	363.34	0.0027522	64.888	95.163	4.4795	0.77979	2.4261	260.47	0.31847	2.3832e-05	0.037508	supercritical
193.00	110.00	356.32	0.0028065	66.687	97.559	4.4920	0.77685	2.3669	260.74	0.32115	2.3569e-05	0.037009	supercritical
194.00	110.00	349.64	0.0028601	68.436	99.897	4.5041	0.77394	2.3105	261.11	0.32344	2.3329e-05	0.036542	supercritical
195.00	110.00	343.29	0.0029130	70.138	102.18	4.5158	0.77108	2.2570	261.55	0.32538	2.3109e-05	0.036106	supercritical
196.00	110.00	337.24	0.0029653	71.794	104.41	4.5272	0.76828	2.2062	262.06	0.32700	2.2908e-05	0.035698	supercritical
197.00	110.00	331.47	0.0030169	73.408	106.59	4.5383	0.76553	2.1581	262.62	0.32832	2.2724e-05	0.035317	supercritical
198.00	110.00	325.96	0.0030679	74.983	108.73	4.5491	0.76286	2.1125	263.23	0.32937	2.2555e-05	0.034960	supercritical
199.00	110.00	320.70	0.0031182	76.520	110.82	4.5597	0.76025	2.0694	263.88	0.33018	2.2401e-05	0.034627	supercritical
200.00	110.00	315.67	0.0031679	78.022	112.87	4.5699	0.75771	2.0286	264.57	0.33075	2.2260e-05	0.034316	supercritical
201.00	110.00	310.85	0.0032170	79.491	114.88	4.5800	0.75524	1.9900	265.28	0.33112	2.2132e-05	0.034024	supercritical
202.00	110.00	306.24	0.0032654	80.929	116.85	4.5898	0.75284	1.9534	266.03	0.33130	2.2014e-05	0.033751	supercritical
203.00	110.00	301.81	0.0033134	82.338	118.79	4.5993	0.75052	1.9187	266.79	0.33130	2.1907e-05	0.033496	supercritical
204.00	110.00	297.56	0.0033607	83.719	120.69	4.6087	0.74826	1.8859	267.58	0.33114	2.1809e-05	0.033257	supercritical
205.00	110.00	293.47	0.0034075	85.075	122.56	4.6178	0.74608	1.8548	268.38	0.33084	2.1720e-05	0.033034	supercritical
206.00	110.00	289.53	0.0034538	86.405	124.40	4.6268	0.74396	1.8252	269.20	0.33040	2.1638e-05	0.032825	supercritical
207.00	110.00	285.74	0.0034996	87.713	126.21	4.6355	0.74191	1.7972	270.03	0.32985	2.1565e-05	0.032629	supercritical
208.00	110.00	282.09	0.0035449	88.998	127.99	4.6441	0.73992	1.7705	270.87	0.32918	2.1498e-05	0.032445	supercritical
209.00	110.00	278.57	0.0035898	90.262	129.75	4.6526	0.73800	1.7451	271.71	0.32841	2.1437e-05	0.032274	supercritical
210.00	110.00	275.17	0.0036341	91.507	131.48	4.6608	0.73614	1.7210	272.57	0.32755	2.1383e-05	0.032113	supercritical
211.00	110.00	271.88	0.0036781	92.734	133.19	4.6689	0.73434	1.6980	273.43	0.32660	2.1334e-05	0.031963	supercritical
212.00	110.00	268.70	0.0037216	93.942	134.88	4.6769	0.73260	1.6761	274.29	0.32558	2.1290e-05	0.031822	supercritical
213.00	110.00	265.63	0.0037647	95.134	136.54	4.6848	0.73092	1.6552	275.16	0.32449	2.1251e-05	0.031691	supercritical
214.00	110.00	262.65	0.0038074	96.309	138.19	4.6925	0.72929	1.6353	276.03	0.32333	2.1216e-05	0.031568	supercritical
215.00	110.00	259.76	0.0038497	97.469	139.82	4.7000	0.72771	1.6162	276.90	0.32212	2.1186e-05	0.031453	supercritical
216.00	110.00	256.96	0.0038916	98.615	141.42	4.7075	0.72619	1.5980	277.77	0.32085	2.1159e-05	0.031346	supercritical
217.00	110.00	254.25	0.0039332	99.747	143.01	4.7148	0.72472	1.5806	278.65	0.31954	2.1137e-05	0.031246	supercritical
218.00	110.00	251.61	0.0039744	100.87	144.58	4.7221	0.72329	1.5639	279.52	0.31818	2.1117e-05	0.031153	supercritical
219.00	110.00	249.05	0.0040153	101.97	146.14	4.7292	0.72191	1.5480	280.39	0.31678	2.1101e-05	0.031066	supercritical
220.00	110.00	246.56	0.0040559	103.07	147.68	4.7362	0.72057	1.5327	281.27	0.31535	2.1088e-05	0.030985	supercritical
221.00	110.00	244.13	0.0040961	104.15	149.21	4.7431	0.71928	1.5180	282.14	0.31389	2.1078e-05	0.030910	supercritical
222.00	110.00	241.78	0.0041360	105.22	150.72	4.7500	0.71803	1.5039	283.01	0.31240	2.1070e-05	0.030841	supercritical
223.00	110.00	239.48	0.0041757	106.28	152.21	4.7567	0.71682	1.4903	283.88	0.31088	2.1065e-05	0.030776	supercritical
224.00	110.00	237.24	0.0042151	107.33	153.70	4.7633	0.71565	1.4773	284.74	0.30934	2.1062e-05	0.030717	supercritical
225.00	110.00	235.07	0.0042541	108.37	155.17	4.7699	0.71451	1.4648	285.61	0.30778	2.1062e-05	0.030662	supercritical
226.00	110.00	232.94	0.0042929	109.40	156.63	4.7763	0.71342	1.4528	286.47	0.30621	2.1063e-05	0.030612	supercritical
227.00	110.00	230.87	0.0043315	110.43	158.07	4.7827	0.71235	1.4412	287.33	0.30461	2.1067e-05	0.030565	supercritical
228.00	110.00	228.84	0.0043698	111.44	159.51	4.7890	0.71132	1.4300	288.19	0.30301	2.1073e-05	0.030523	supercritical
229.00	110.00	226.87	0.0044078	112.45	160.93	4.7953	0.71033	1.4192	289.04	0.30139	2.1080e-05	0.030484	supercritical
230.00	110.00	224.94	0.0044456	113.45	162.35	4.8014	0.70936	1.4089	289.89	0.29976	2.1089e-05	0.030450	supercritical
231.00	110.00	223.05	0.0044832	114.44	163.75	4.8075	0.70842	1.3988	290.74	0.29812	2.1100e-05	0.030418	supercritical
232.00	110.00	221.21	0.0045206	115.42	165.15	4.8135	0.70752	1.3892	291.58	0.29648	2.1112e-05	0.030390	supercritical
233.00	110.00	219.41	0.0045577	116.40	166.53	4.8195	0.70664	1.3798	292.42	0.29483	2.1126e-05	0.030365	supercritical
234.00	110.00	217.65	0.0045946	117.37	167.91	4.8254	0.70579	1.3708	293.26	0.29317	2.1141e-05	0.030343	supercritical
235.00	110.00	215.92	0.0046313	118.33	169.27	4.8312	0.70496	1.3621	294.09	0.29152	2.1157e-05	0.030324	supercritical
236.00	110.00	214.23	0.0046678	119.28	170.63	4.8370	0.70416	1.3537	294.92	0.28986	2.1175e-05	0.030307	supercritical
237.00	110.00	212.58	0.0047041	120.23	171.98	4.8427	0.70339	1.3455	295.75	0.28819	2.1193e-05	0.030294	supercritical
238.00	110.00	210.96	0.0047402	121.18	173.32	4.8483	0.70263	1.3376	296.58	0.28653	2.1213e-05	0.030282	supercritical
239.00	110.00	209.37	0.0047762	122.12	174.65	4.8539	0.70191	1.3300	297.40	0.28487	2.1234e-05	0.030273	supercritical
240.00	110.00	207.82	0.0048119	123.05	175.98	4.8595	0.70120	1.3225	298.21	0.28321	2.1256e-05	0.030267	supercritical
241.00	110.00	206.29	0.0048475	123.98	177.30	4.8650	0.70051	1.3154	299.03	0.28155	2.1279e-05	0.030262	supercritical
242.00	110.00	204.80	0.0048829	124.90	178.61	4.8704	0.69985	1.3084	299.84	0.27989	2.1303e-05	0.030260	supercritical
243.00	110.00	203.33	0.0049181	125.82	179.92	4.8758	0.69921	1.3016	300.64	0.27824	2.1328e-05	0.030260	supercritical
244.00	110.00	201.89	0.0049532	126.73	181.22	4.8811	0.69858	1.2951	301.45	0.27659	2.1354e-05	0.030262	supercritical
245.00	110.00	200.48	0.0049881	127.64	182.51	4.8864	0.69798	1.2887	302.25	0.27494	2.1380e-05	0.030265	supercritical
246.00	110.00	199.09	0.0050228	128.54	183.79	4.8916	0.69739	1.2826	303.04	0.27330	2.1408e-05	0.030270	supercritical
247.00	110.00	197.73	0.0050574	129.44	185.07	4.8968	0.69682	1.2766	303.83	0.27167	2.1436e-05	0.030277	supercritical
248.00	110.00	196.39	0.0050918	130.34	186.35	4.9020	0.69627	1.2707	304.62	0.27003	2.1464e-05	0.030286	supercritical
249.00	110.00	195.08	0.0051261	131.23	187.61	4.9071	0.69573	1.2651	305.41	0.26841	2.1494e-05	0.030296	supercritical
250.00	110.00	193.79	0.0051603	132.11	188.88	4.9121	0.69521	1.2596	306.19	0.26679	2.1524e-05	0.030308	supercritical
251.00	110.00	192.52	0.0051943	133.00	190.13	4.9171	0.69471	1.2542	306.97	0.26518	2.1554e-05	0.030322	supercritical
252.00	110.00	191.27	0.0052282	133.87	191.38	4.9221	0.69422	1.2490	307.74	0.26357	2.1586e-05	0.030336	supercritical
253.00	110.00	190.04	0.0052619	134.75	192.63	4.9270	0.69375	1.2439	308.52	0.26197	2.1617e-05	0.030352	supercritical
254.00	110.00	188.84	0.0052955	135.62	193.87	4.9319	0.69329	1.2390	309.28	0.26038	2.1650e-05	0.030370	supercritical
255.00	110.00	187.65	0.0053290	136.49	195.11	4.9368	0.69284	1.2342	310.05	0.25879	2.1683e-05	0.030388	supercritical
256.00	110.00	186.48	0.0053624	137.35	196.34	4.9416	0.69241	1.2295	310.81	0.25721	2.1716e-05	0.030408	supercritical
257.00	110.00	185.34	0.0053956	138.22	197.57	4.9464	0.69199	1.2249	311.57	0.25564	2.1750e-05	0.030429	supercritical
258.00	110.00	184.20	0.0054288	139.07	198.79	4.9512	0.69159	1.2205	312.32	0.25408	2.1784e-05	0.030452	supercritical
259.00	110.00	183.09	0.0054618	139.93	200.01	4.9559	0.69120	1.2162	313.07	0.25253	2.1819e-05	0.030475	supercritical
260.00	110.00	182.00	0.0054946	140.78	201.22	4.9605	0.69082	1.2119	313.82	0.25098	2.1854e-05	0.030499	supercritical
261.00	110.00	180.92	0.0055274	141.63	202.43	4.9652	0.69045	1.2078	314.57	0.24944	2.1890e-05	0.030525	supercritical
262.00	110.00	179.85	0.0055601	142.48	203.64	4.9698	0.69009	1.2038	315.31	0.24791	2.1926e-05	0.030551	supercritical
263.00	110.00	178.81	0.0055926	143.32	204.84	4.9744	0.68974	1.1999	316.05	0.24639	2.1962e-05	0.030579	supercritical
264.00	110.00	177.77	0.0056251	144.16	206.04	4.9789	0.68941	1.1961	316.78	0.24488	2.1999e-05	0.030607	supercritical
265.00	110.00	176.76	0.0056575	145.00	207.23	4.9834	0.68908	1.1923	317.52	0.24338	2.2036e-05	0.030636	supercritical
266.00	110.00	175.76	0.0056897	145.84	208.42	4.9879	0.68877	1.1887	318.25	0.24188	2.2073e-05	0.030666	supercritical
267.00	110.00	174.77	0.0057218	146.67	209.61	4.9924	0.68847	1.1852	318.97	0.24039	2.2111e-05	0.030697	supercritical
268.00	110.00	173.80	0.0057539	147.50	210.79	4.9968	0.68817	1.1817	319.70	0.23891	2.2149e-05	0.030729	supercritical
269.00	110.00	172.84	0.0057859	148.33	211.97	5.0012	0.68789	1.1783	320.42	0.23744	2.2188e-05	0.030761	supercritical
270.00	110.00	171.89	0.0058177	149.16	213.15	5.0056	0.68762	1.1750	321.13	0.23598	2.2226e-05	0.030795	supercritical
271.00	110.00	170.96	0.0058495	149.98	214.32	5.0099	0.68735	1.1717	321.85	0.23453	2.2265e-05	0.030829	supercritical
272.00	110.00	170.03	0.0058812	150.80	215.49	5.0142	0.68709	1.1686	322.56	0.23309	2.2304e-05	0.030863	supercritical
273.00	110.00	169.13	0.0059128	151.62	216.66	5.0185	0.68685	1.1655	323.27	0.23165	2.2344e-05	0.030899	supercritical
274.00	110.00	168.23	0.0059443	152.44	217.82	5.0228	0.68661	1.1625	323.97	0.23023	2.2383e-05	0.030935	supercritical
275.00	110.00	167.34	0.0059757	153.25	218.99	5.0270	0.68638	1.1595	324.68	0.22881	2.2423e-05	0.030972	supercritical
276.00	110.00	166.47	0.0060070	154.07	220.14	5.0312	0.68616	1.1566	325.38	0.22740	2.2463e-05	0.031009	supercritical
277.00	110.00	165.61	0.0060383	154.88	221.30	5.0354	0.68594	1.1538	326.07	0.22600	2.2504e-05	0.031047	supercritical
278.00	110.00	164.76	0.0060695	155.69	222.45	5.0395	0.68574	1.1510	326.77	0.22461	2.2544e-05	0.031085	supercritical
279.00	110.00	163.92	0.0061005	156.50	223.60	5.0436	0.68554	1.1483	327.46	0.22323	2.2585e-05	0.031125	supercritical
280.00	110.00	163.09	0.0061316	157.30	224.75	5.0477	0.68535	1.1457	328.15	0.22186	2.2626e-05	0.031164	supercritical
281.00	110.00	162.27	0.0061625	158.11	225.89	5.0518	0.68516	1.1431	328.84	0.22049	2.2667e-05	0.031204	supercritical
282.00	110.00	161.46	0.0061934	158.91	227.03	5.0559	0.68499	1.1405	329.52	0.21913	2.2708e-05	0.031245	supercritical
283.00	110.00	160.66	0.0062241	159.71	228.17	5.0599	0.68482	1.1381	330.20	0.21779	2.2750e-05	0.031286	supercritical
284.00	110.00	159.88	0.0062549	160.51	229.31	5.0639	0.68466	1.1356	330.88	0.21645	2.2791e-05	0.031328	supercritical
285.00	110.00	159.10	0.0062855	161.30	230.44	5.0679	0.68450	1.1332	331.56	0.21512	2.2833e-05	0.031370	supercritical
286.00	110.00	158.33	0.0063161	162.10	231.58	5.0719	0.68435	1.1309	332.23	0.21380	2.2875e-05	0.031413	supercritical
287.00	110.00	157.57	0.0063466	162.89	232.71	5.0758	0.68421	1.1286	332.90	0.21248	2.2917e-05	0.031456	supercritical
288.00	110.00	156.81	0.0063770	163.69	233.83	5.0797	0.68408	1.1264	333.57	0.21118	2.2960e-05	0.031499	supercritical
289.00	110.00	156.07	0.0064074	164.48	234.96	5.0836	0.68395	1.1242	334.23	0.20988	2.3002e-05	0.031543	supercritical
290.00	110.00	155.34	0.0064377	165.27	236.08	5.0875	0.68382	1.1221	334.90	0.20859	2.3044e-05	0.031588	supercritical
291.00	110.00	154.61	0.0064679	166.06	237.20	5.0914	0.68371	1.1199	335.56	0.20731	2.3087e-05	0.031632	supercritical
292.00	110.00	153.89	0.0064981	166.84	238.32	5.0952	0.68360	1.1179	336.21	0.20604	2.3130e-05	0.031677	supercritical
293.00	110.00	153.18	0.0065282	167.63	239.44	5.0990	0.68349	1.1159	336.87	0.20478	2.3173e-05	0.031723	supercritical
294.00	110.00	152.48	0.0065583	168.41	240.55	5.1028	0.68339	1.1139	337.52	0.20352	2.3216e-05	0.031768	supercritical
295.00	110.00	151.79	0.0065882	169.20	241.67	5.1066	0.68330	1.1119	338.18	0.20227	2.3259e-05	0.031815	supercritical
296.00	110.00	151.10	0.0066182	169.98	242.78	5.1104	0.68321	1.1100	338.82	0.20103	2.3302e-05	0.031861	supercritical
297.00	110.00	150.42	0.0066480	170.76	243.89	5.1141	0.68313	1.1082	339.47	0.19980	2.3345e-05	0.031908	supercritical
298.00	110.00	149.75	0.0066779	171.54	244.99	5.1178	0.68305	1.1063	340.11	0.19858	2.3389e-05	0.031954	supercritical
299.00	110.00	149.08	0.0067076	172.32	246.10	5.1215	0.68298	1.1045	340.76	0.19736	2.3432e-05	0.032002	supercritical
300.00	110.00	148.43	0.0067373	173.09	247.20	5.1252	0.68291	1.1028	341.40	0.19616	2.3476e-05	0.032049	supercritical
301.00	110.00	147.78	0.0067669	173.87	248.31	5.1289	0.68285	1.1011	342.03	0.19496	2.3519e-05	0.032097	supercritical
302.00	110.00	147.13	0.0067965	174.64	249.41	5.1325	0.68279	1.0994	342.67	0.19376	2.3563e-05	0.032144	supercritical
303.00	110.00	146.50	0.0068261	175.42	250.50	5.1362	0.68274	1.0977	343.30	0.19258	2.3607e-05	0.032192	supercritical
304.00	110.00	145.87	0.0068555	176.19	251.60	5.1398	0.68269	1.0961	343.93	0.19140	2.3651e-05	0.032240	supercritical
305.00	110.00	145.24	0.0068850	176.96	252.70	5.1434	0.68265	1.0945	344.56	0.19023	2.3695e-05	0.032288	supercritical
306.00	110.00	144.63	0.0069143	177.73	253.79	5.1470	0.68261	1.0929	345.19	0.18907	2.3739e-05	0.032336	supercritical
307.00	110.00	144.02	0.0069437	178.50	254.88	5.1505	0.68258	1.0914	345.81	0.18792	2.3783e-05	0.032383	supercritical
308.00	110.00	143.41	0.0069729	179.27	255.97	5.1541	0.68255	1.0899	346.43	0.18677	2.3827e-05	0.032429	supercritical
309.00	110.00	142.81	0.0070022	180.04	257.06	5.1576	0.68253	1.0884	347.05	0.18563	2.3871e-05	0.032471	supercritical
310.00	110.00	142.22	0.0070313	180.81	258.15	5.1611	0.68251	1.0869	347.67	0.18450	2.3915e-05	0.032518	supercritical
311.00	110.00	141.63	0.0070605	181.57	259.24	5.1646	0.68249	1.0855	348.29	0.18337	2.3960e-05	0.032572	supercritical
312.00	110.00	141.05	0.0070895	182.34	260.32	5.1681	0.68248	1.0841	348.90	0.18225	2.4004e-05	0.032626	supercritical
313.00	110.00	140.48	0.0071186	183.10	261.40	5.1716	0.68248	1.0827	349.51	0.18114	2.4049e-05	0.032680	supercritical
314.00	110.00	139.91	0.0071476	183.86	262.49	5.1750	0.68247	1.0814	350.12	0.18004	2.4093e-05	0.032735	supercritical
315.00	110.00	139.34	0.0071765	184.63	263.57	5.1785	0.68248	1.0800	350.73	0.17894	2.4138e-05	0.032789	supercritical
316.00	110.00	138.78	0.0072054	185.39	264.65	5.1819	0.68248	1.0787	351.33	0.17785	2.4182e-05	0.032844	supercritical
317.00	110.00	138.23	0.0072342	186.15	265.72	5.1853	0.68249	1.0775	351.94	0.17677	2.4227e-05	0.032899	supercritical
318.00	110.00	137.68	0.0072631	186.91	266.80	5.1887	0.68251	1.0762	352.54	0.17569	2.4271e-05	0.032954	supercritical
319.00	110.00	137.14	0.0072918	187.67	267.88	5.1921	0.68252	1.0750	353.14	0.17463	2.4316e-05	0.033009	supercritical
320.00	110.00	136.60	0.0073205	188.43	268.95	5.1954	0.68254	1.0738	353.74	0.17356	2.4361e-05	0.033064	supercritical
321.00	110.00	136.07	0.0073492	189.18	270.02	5.1988	0.68257	1.0726	354.33	0.17251	2.4405e-05	0.033120	supercritical
322.00	110.00	135.54	0.0073779	189.94	271.10	5.2021	0.68260	1.0714	354.93	0.17146	2.4450e-05	0.033175	supercritical
323.00	110.00	135.02	0.0074065	190.70	272.17	5.2054	0.68263	1.0703	355.52	0.17042	2.4495e-05	0.033231	supercritical
324.00	110.00	134.50	0.0074350	191.45	273.24	5.2087	0.68267	1.0692	356.11	0.16938	2.4540e-05	0.033287	supercritical
325.00	110.00	133.98	0.0074635	192.21	274.31	5.2120	0.68271	1.0681	356.70	0.16835	2.4585e-05	0.033343	supercritical
326.00	110.00	133.48	0.0074920	192.96	275.37	5.2153	0.68275	1.0670	357.29	0.16733	2.4630e-05	0.033400	supercritical
327.00	110.00	132.97	0.0075204	193.71	276.44	5.2186	0.68280	1.0659	357.87	0.16631	2.4675e-05	0.033456	supercritical
328.00	110.00	132.47	0.0075488	194.47	277.50	5.2218	0.68285	1.0649	358.46	0.16530	2.4719e-05	0.033513	supercritical
329.00	110.00	131.97	0.0075772	195.22	278.57	5.2251	0.68290	1.0638	359.04	0.16430	2.4764e-05	0.033569	supercritical
330.00	110.00	131.48	0.0076055	195.97	279.63	5.2283	0.68296	1.0628	359.62	0.16330	2.4809e-05	0.033626	supercritical
331.00	110.00	131.00	0.0076338	196.72	280.69	5.2315	0.68302	1.0618	360.20	0.16231	2.4854e-05	0.033683	supercritical
332.00	110.00	130.51	0.0076621	197.47	281.76	5.2347	0.68308	1.0609	360.77	0.16132	2.4899e-05	0.033740	supercritical
333.00	110.00	130.03	0.0076903	198.22	282.82	5.2379	0.68315	1.0599	361.35	0.16034	2.4944e-05	0.033797	supercritical
334.00	110.00	129.56	0.0077185	198.97	283.88	5.2411	0.68322	1.0590	361.92	0.15937	2.4989e-05	0.033855	supercritical
335.00	110.00	129.09	0.0077466	199.72	284.93	5.2442	0.68329	1.0581	362.49	0.15840	2.5034e-05	0.033912	supercritical
336.00	110.00	128.62	0.0077747	200.47	285.99	5.2474	0.68337	1.0572	363.06	0.15744	2.5079e-05	0.033970	supercritical
337.00	110.00	128.16	0.0078028	201.22	287.05	5.2505	0.68345	1.0563	363.63	0.15649	2.5124e-05	0.034027	supercritical
338.00	110.00	127.70	0.0078308	201.97	288.10	5.2537	0.68353	1.0554	364.19	0.15554	2.5170e-05	0.034085	supercritical
339.00	110.00	127.25	0.0078588	202.71	289.16	5.2568	0.68361	1.0545	364.76	0.15459	2.5215e-05	0.034143	supercritical
340.00	110.00	126.79	0.0078868	203.46	290.21	5.2599	0.68370	1.0537	365.32	0.15365	2.5260e-05	0.034201	supercritical
341.00	110.00	126.35	0.0079148	204.20	291.27	5.2630	0.68379	1.0529	365.88	0.15272	2.5305e-05	0.034259	supercritical
342.00	110.00	125.90	0.0079427	204.95	292.32	5.2660	0.68389	1.0521	366.44	0.15180	2.5350e-05	0.034317	supercritical
343.00	110.00	125.46	0.0079705	205.70	293.37	5.2691	0.68398	1.0513	367.00	0.15088	2.5395e-05	0.034376	supercritical
344.00	110.00	125.03	0.0079984	206.44	294.42	5.2722	0.68408	1.0505	367.56	0.14996	2.5440e-05	0.034434	supercritical
345.00	110.00	124.59	0.0080262	207.18	295.47	5.2752	0.68419	1.0497	368.11	0.14905	2.5485e-05	0.034493	supercritical
346.00	110.00	124.16	0.0080540	207.93	296.52	5.2783	0.68429	1.0490	368.67	0.14815	2.5530e-05	0.034551	supercritical
347.00	110.00	123.74	0.0080817	208.67	297.57	5.2813	0.68440	1.0482	369.22	0.14725	2.5575e-05	0.034610	supercritical
348.00	110.00	123.31	0.0081095	209.41	298.62	5.2843	0.68451	1.0475	369.77	0.14635	2.5620e-05	0.034669	supercritical
349.00	110.00	122.89	0.0081372	210.16	299.67	5.2873	0.68462	1.0468	370.32	0.14547	2.5666e-05	0.034727	supercritical
350.00	110.00	122.48	0.0081648	210.90	300.71	5.2903	0.68474	1.0461	370.87	0.14458	2.5711e-05	0.034786	supercritical
351.00	110.00	122.06	0.0081925	211.64	301.76	5.2933	0.68486	1.0454	371.41	0.14371	2.5756e-05	0.034845	supercritical
352.00	110.00	121.65	0.0082201	212.38	302.80	5.2963	0.68498	1.0447	371.96	0.14283	2.5801e-05	0.034904	supercritical
353.00	110.00	121.25	0.0082476	213.12	303.85	5.2992	0.68510	1.0441	372.50	0.14197	2.5846e-05	0.034963	supercritical
354.00	110.00	120.84	0.0082752	213.86	304.89	5.3022	0.68523	1.0434	373.04	0.14110	2.5891e-05	0.035023	supercritical
355.00	110.00	120.44	0.0083027	214.60	305.93	5.3051	0.68535	1.0428	373.58	0.14025	2.5936e-05	0.035082	supercritical
356.00	110.00	120.04	0.0083302	215.34	306.98	5.3081	0.68548	1.0422	374.12	0.13940	2.5981e-05	0.035141	supercritical
357.00	110.00	119.65	0.0083577	216.08	308.02	5.3110	0.68562	1.0415	374.66	0.13855	2.6026e-05	0.035201	supercritical
358.00	110.00	119.26	0.0083851	216.82	309.06	5.3139	0.68575	1.0409	375.19	0.13771	2.6071e-05	0.035260	supercritical
359.00	110.00	118.87	0.0084125	217.56	310.10	5.3168	0.68589	1.0403	375.73	0.13687	2.6116e-05	0.035320	supercritical
360.00	110.00	118.48	0.0084399	218.30	311.14	5.3197	0.68603	1.0398	376.26	0.13604	2.6161e-05	0.035380	supercritical
361.00	110.00	118.10	0.0084673	219.04	312.18	5.3226	0.68617	1.0392	376.79	0.13521	2.6206e-05	0.035439	supercritical
362.00	110.00	117.72	0.0084946	219.78	313.22	5.3254	0.68632	1.0386	377.32	0.13439	2.6251e-05	0.035499	supercritical
363.00	110.00	117.34	0.0085219	220.52	314.26	5.3283	0.68646	1.0381	377.85	0.13357	2.6296e-05	0.035559	supercritical
364.00	110.00	116.97	0.0085492	221.25	315.29	5.3312	0.68661	1.0375	378.38	0.13276	2.6341e-05	0.035619	supercritical
365.00	110.00	116.60	0.0085765	221.99	316.33	5.3340	0.68676	1.0370	378.91	0.13195	2.6386e-05	0.035679	supercritical
366.00	110.00	116.23	0.0086037	222.73	317.37	5.3368	0.68692	1.0365	379.43	0.13115	2.6431e-05	0.035739	supercritical
367.00	110.00	115.86	0.0086309	223.46	318.40	5.3397	0.68707	1.0360	379.95	0.13035	2.6476e-05	0.035799	supercritical
368.00	110.00	115.50	0.0086581	224.20	319.44	5.3425	0.68723	1.0355	380.48	0.12956	2.6521e-05	0.035859	supercritical
369.00	110.00	115.14	0.0086853	224.94	320.48	5.3453	0.68739	1.0350	381.00	0.12877	2.6566e-05	0.035919	supercritical
370.00	110.00	114.78	0.0087124	225.67	321.51	5.3481	0.68755	1.0345	381.52	0.12799	2.6611e-05	0.035979	supercritical
371.00	110.00	114.42	0.0087395	226.41	322.54	5.3509	0.68772	1.0340	382.03	0.12721	2.6656e-05	0.036040	supercritical
372.00	110.00	114.07	0.0087666	227.15	323.58	5.3537	0.68788	1.0336	382.55	0.12643	2.6701e-05	0.036100	supercritical
373.00	110.00	113.72	0.0087937	227.88	324.61	5.3564	0.68805	1.0331	383.07	0.12566	2.6745e-05	0.036160	supercritical
374.00	110.00	113.37	0.0088207	228.62	325.64	5.3592	0.68822	1.0327	383.58	0.12489	2.6790e-05	0.036221	supercritical
375.00	110.00	113.02	0.0088477	229.35	326.68	5.3620	0.68839	1.0322	384.10	0.12413	2.6835e-05	0.036281	supercritical
376.00	110.00	112.68	0.0088747	230.09	327.71	5.3647	0.68857	1.0318	384.61	0.12337	2.6880e-05	0.036342	supercritical
377.00	110.00	112.34	0.0089017	230.82	328.74	5.3675	0.68874	1.0314	385.12	0.12262	2.6925e-05	0.036402	supercritical
378.00	110.00	112.00	0.0089287	231.56	329.77	5.3702	0.68892	1.0310	385.63	0.12187	2.6969e-05	0.036463	supercritical
379.00	110.00	111.66	0.0089556	232.29	330.80	5.3729	0.68910	1.0306	386.14	0.12113	2.7014e-05	0.036524	supercritical
380.00	110.00	111.33	0.0089825	233.03	331.83	5.3756	0.68928	1.0302	386.64	0.12039	2.7059e-05	0.036584	supercritical
381.00	110.00	111.00	0.0090094	233.76	332.86	5.3783	0.68946	1.0298	387.15	0.11965	2.7104e-05	0.036645	supercritical
382.00	110.00	110.67	0.0090363	234.49	333.89	5.3810	0.68965	1.0294	387.65	0.11892	2.7148e-05	0.036706	supercritical
383.00	110.00	110.34	0.0090631	235.23	334.92	5.3837	0.68984	1.0291	388.16	0.11819	2.7193e-05	0.036767	supercritical
384.00	110.00	110.01	0.0090899	235.96	335.95	5.3864	0.69002	1.0287	388.66	0.11747	2.7238e-05	0.036828	supercritical
385.00	110.00	109.69	0.0091168	236.70	336.98	5.3891	0.69021	1.0284	389.16	0.11675	2.7282e-05	0.036888	supercritical
386.00	110.00	109.37	0.0091435	237.43	338.01	5.3917	0.69041	1.0280	389.66	0.11603	2.7327e-05	0.036949	supercritical
387.00	110.00	109.05	0.0091703	238.16	339.04	5.3944	0.69060	1.0277	390.16	0.11532	2.7371e-05	0.037010	supercritical
388.00	110.00	108.73	0.0091971	238.90	340.06	5.3971	0.69079	1.0273	390.66	0.11461	2.7416e-05	0.037071	supercritical
389.00	110.00	108.42	0.0092238	239.63	341.09	5.3997	0.69099	1.0270	391.15	0.11391	2.7460e-05	0.037132	supercritical
390.00	110.00	108.10	0.0092505	240.36	342.12	5.4023	0.69119	1.0267	391.65	0.11321	2.7505e-05	0.037193	supercritical
391.00	110.00	107.79	0.0092772	241.09	343.14	5.4050	0.69139	1.0264	392.14	0.11251	2.7549e-05	0.037255	supercritical
392.00	110.00	107.48	0.0093039	241.83	344.17	5.4076	0.69159	1.0261	392.64	0.11182	2.7594e-05	0.037316	supercritical
393.00	110.00	107.18	0.0093305	242.56	345.20	5.4102	0.69179	1.0258	393.13	0.11113	2.7638e-05	0.037377	supercritical
394.00	110.00	106.87	0.0093571	243.29	346.22	5.4128	0.69200	1.0255	393.62	0.11045	2.7683e-05	0.037438	supercritical
395.00	110.00	106.57	0.0093838	244.03	347.25	5.4154	0.69220	1.0252	394.11	0.10977	2.7727e-05	0.037499	supercritical
396.00	110.00	106.27	0.0094104	244.76	348.27	5.4180	0.69241	1.0249	394.60	0.10909	2.7772e-05	0.037560	supercritical
397.00	110.00	105.97	0.0094369	245.49	349.30	5.4206	0.69262	1.0247	395.09	0.10842	2.7816e-05	0.037622	supercritical
398.00	110.00	105.67	0.0094635	246.22	350.32	5.4232	0.69283	1.0244	395.57	0.10775	2.7860e-05	0.037683	supercritical
399.00	110.00	105.37	0.0094900	246.96	351.35	5.4257	0.69304	1.0241	396.06	0.10708	2.7905e-05	0.037744	supercritical
400.00	110.00	105.08	0.0095166	247.69	352.37	5.4283	0.69326	1.0239	396.55	0.10642	2.7949e-05	0.037806	supercritical
401.00	110.00	104.79	0.0095431	248.42	353.39	5.4309	0.69347	1.0236	397.03	0.10576	2.7993e-05	0.037867	supercritical
402.00	110.00	104.50	0.0095696	249.15	354.42	5.4334	0.69369	1.0234	397.51	0.10511	2.8037e-05	0.037928	supercritical
403.00	110.00	104.21	0.0095960	249.88	355.44	5.4359	0.69391	1.0232	397.99	0.10445	2.8082e-05	0.037990	supercritical
404.00	110.00	103.92	0.0096225	250.62	356.46	5.4385	0.69413	1.0229	398.47	0.10381	2.8126e-05	0.038051	supercritical
405.00	110.00	103.64	0.0096489	251.35	357.49	5.4410	0.69435	1.0227	398.95	0.10316	2.8170e-05	0.038113	supercritical
406.00	110.00	103.36	0.0096753	252.08	358.51	5.4435	0.69457	1.0225	399.43	0.10252	2.8214e-05	0.038174	supercritical
407.00	110.00	103.07	0.0097017	252.81	359.53	5.4460	0.69479	1.0223	399.91	0.10188	2.8258e-05	0.038235	supercritical
408.00	110.00	102.79	0.0097281	253.54	360.55	5.4486	0.69502	1.0221	400.38	0.10125	2.8302e-05	0.038297	supercritical
409.00	110.00	102.52	0.0097545	254.28	361.57	5.4511	0.69524	1.0219	400.86	0.10062	2.8346e-05	0.038359	supercritical
410.00	110.00	102.24	0.0097809	255.01	362.60	5.4536	0.69547	1.0217	401.33	0.099994	2.8390e-05	0.038420	supercritical
411.00	110.00	101.97	0.0098072	255.74	363.62	5.4560	0.69570	1.0215	401.81	0.099371	2.8434e-05	0.038482	supercritical
412.00	110.00	101.69	0.0098335	256.47	364.64	5.4585	0.69593	1.0213	402.28	0.098751	2.8478e-05	0.038543	supercritical
413.00	110.00	101.42	0.0098598	257.20	365.66	5.4610	0.69616	1.0211	402.75	0.098134	2.8522e-05	0.038605	supercritical
414.00	110.00	101.15	0.0098861	257.93	366.68	5.4635	0.69639	1.0209	403.22	0.097520	2.8566e-05	0.038666	supercritical
415.00	110.00	100.88	0.0099124	258.67	367.70	5.4659	0.69662	1.0208	403.69	0.096910	2.8610e-05	0.038728	supercritical
416.00	110.00	100.62	0.0099387	259.40	368.72	5.4684	0.69686	1.0206	404.16	0.096303	2.8654e-05	0.038790	supercritical
417.00	110.00	100.35	0.0099649	260.13	369.74	5.4708	0.69709	1.0205	404.63	0.095700	2.8698e-05	0.038851	supercritical
418.00	110.00	100.09	0.0099911	260.86	370.76	5.4733	0.69733	1.0203	405.10	0.095099	2.8742e-05	0.038913	supercritical
419.00	110.00	99.827	0.010017	261.59	371.78	5.4757	0.69757	1.0201	405.56	0.094502	2.8786e-05	0.038975	supercritical
420.00	110.00	99.566	0.010044	262.33	372.80	5.4781	0.69781	1.0200	406.03	0.093908	2.8829e-05	0.039036	supercritical
421.00	110.00	99.307	0.010070	263.06	373.82	5.4806	0.69805	1.0199	406.49	0.093317	2.8873e-05	0.039098	supercritical
422.00	110.00	99.050	0.010096	263.79	374.84	5.4830	0.69829	1.0197	406.95	0.092730	2.8917e-05	0.039160	supercritical
423.00	110.00	98.794	0.010122	264.52	375.86	5.4854	0.69853	1.0196	407.42	0.092145	2.8960e-05	0.039221	supercritical
424.00	110.00	98.539	0.010148	265.25	376.88	5.4878	0.69877	1.0195	407.88	0.091563	2.9004e-05	0.039283	supercritical
425.00	110.00	98.286	0.010174	265.99	377.90	5.4902	0.69902	1.0193	408.34	0.090985	2.9048e-05	0.039345	supercritical
426.00	110.00	98.035	0.010200	266.72	378.92	5.4926	0.69926	1.0192	408.80	0.090410	2.9091e-05	0.039407	supercritical
427.00	110.00	97.785	0.010227	267.45	379.94	5.4950	0.69951	1.0191	409.26	0.089837	2.9135e-05	0.039468	supercritical
428.00	110.00	97.536	0.010253	268.18	380.96	5.4974	0.69976	1.0190	409.71	0.089268	2.9178e-05	0.039530	supercritical
429.00	110.00	97.288	0.010279	268.91	381.98	5.4998	0.70000	1.0189	410.17	0.088702	2.9222e-05	0.039592	supercritical
430.00	110.00	97.042	0.010305	269.65	383.00	5.5021	0.70025	1.0188	410.63	0.088138	2.9265e-05	0.039654	supercritical
431.00	110.00	96.798	0.010331	270.38	384.02	5.5045	0.70050	1.0187	411.08	0.087578	2.9309e-05	0.039716	supercritical
432.00	110.00	96.554	0.010357	271.11	385.04	5.5069	0.70075	1.0186	411.54	0.087020	2.9352e-05	0.039777	supercritical
433.00	110.00	96.312	0.010383	271.84	386.05	5.5092	0.70101	1.0185	411.99	0.086466	2.9396e-05	0.039839	supercritical
434.00	110.00	96.072	0.010409	272.57	387.07	5.5116	0.70126	1.0184	412.44	0.085914	2.9439e-05	0.039901	supercritical
435.00	110.00	95.832	0.010435	273.31	388.09	5.5139	0.70151	1.0183	412.89	0.085365	2.9482e-05	0.039963	supercritical
436.00	110.00	95.594	0.010461	274.04	389.11	5.5162	0.70177	1.0183	413.34	0.084819	2.9526e-05	0.040025	supercritical
437.00	110.00	95.358	0.010487	274.77	390.13	5.5186	0.70202	1.0182	413.79	0.084276	2.9569e-05	0.040086	supercritical
438.00	110.00	95.122	0.010513	275.51	391.15	5.5209	0.70228	1.0181	414.24	0.083736	2.9612e-05	0.040148	supercritical
439.00	110.00	94.888	0.010539	276.24	392.16	5.5232	0.70254	1.0181	414.69	0.083198	2.9656e-05	0.040210	supercritical
440.00	110.00	94.655	0.010565	276.97	393.18	5.5255	0.70279	1.0180	415.14	0.082664	2.9699e-05	0.040272	supercritical
441.00	110.00	94.424	0.010591	277.70	394.20	5.5279	0.70305	1.0179	415.59	0.082132	2.9742e-05	0.040334	supercritical
442.00	110.00	94.193	0.010616	278.44	395.22	5.5302	0.70331	1.0179	416.03	0.081603	2.9785e-05	0.040396	supercritical
443.00	110.00	93.964	0.010642	279.17	396.24	5.5325	0.70357	1.0178	416.48	0.081076	2.9828e-05	0.040457	supercritical
444.00	110.00	93.736	0.010668	279.90	397.25	5.5348	0.70383	1.0178	416.92	0.080552	2.9871e-05	0.040519	supercritical
445.00	110.00	93.509	0.010694	280.64	398.27	5.5370	0.70410	1.0177	417.36	0.080031	2.9914e-05	0.040581	supercritical
446.00	110.00	93.284	0.010720	281.37	399.29	5.5393	0.70436	1.0177	417.81	0.079513	2.9957e-05	0.040643	supercritical
447.00	110.00	93.059	0.010746	282.10	400.31	5.5416	0.70462	1.0177	418.25	0.078997	3.0000e-05	0.040705	supercritical
448.00	110.00	92.836	0.010772	282.84	401.32	5.5439	0.70489	1.0176	418.69	0.078484	3.0043e-05	0.040767	supercritical
449.00	110.00	92.614	0.010797	283.57	402.34	5.5462	0.70515	1.0176	419.13	0.077973	3.0086e-05	0.040829	supercritical
450.00	110.00	92.393	0.010823	284.30	403.36	5.5484	0.70542	1.0176	419.57	0.077465	3.0129e-05	0.040891	supercritical
451.00	110.00	92.174	0.010849	285.04	404.38	5.5507	0.70568	1.0175	420.01	0.076960	3.0172e-05	0.040952	supercritical
452.00	110.00	91.955	0.010875	285.77	405.39	5.5529	0.70595	1.0175	420.45	0.076457	3.0215e-05	0.041014	supercritical
453.00	110.00	91.738	0.010901	286.50	406.41	5.5552	0.70622	1.0175	420.88	0.075957	3.0258e-05	0.041076	supercritical
454.00	110.00	91.521	0.010926	287.24	407.43	5.5574	0.70649	1.0175	421.32	0.075459	3.0301e-05	0.041138	supercritical
455.00	110.00	91.306	0.010952	287.97	408.45	5.5597	0.70675	1.0175	421.76	0.074964	3.0343e-05	0.041200	supercritical
456.00	110.00	91.092	0.010978	288.71	409.46	5.5619	0.70702	1.0174	422.19	0.074471	3.0386e-05	0.041262	supercritical
457.00	110.00	90.879	0.011004	289.44	410.48	5.5641	0.70729	1.0174	422.63	0.073981	3.0429e-05	0.041324	supercritical
458.00	110.00	90.667	0.011029	290.18	411.50	5.5663	0.70756	1.0174	423.06	0.073494	3.0472e-05	0.041385	supercritical
459.00	110.00	90.456	0.011055	290.91	412.52	5.5686	0.70784	1.0174	423.49	0.073008	3.0514e-05	0.041447	supercritical
460.00	110.00	90.247	0.011081	291.65	413.53	5.5708	0.70811	1.0174	423.92	0.072525	3.0557e-05	0.041509	supercritical
461.00	110.00	90.038	0.011106	292.38	414.55	5.5730	0.70838	1.0174	424.36	0.072045	3.0599e-05	0.041571	supercritical
462.00	110.00	89.830	0.011132	293.12	415.57	5.5752	0.70865	1.0174	424.79	0.071567	3.0642e-05	0.041633	supercritical
463.00	110.00	89.624	0.011158	293.85	416.59	5.5774	0.70893	1.0174	425.22	0.071091	3.0685e-05	0.041695	supercritical
464.00	110.00	89.418	0.011183	294.59	417.60	5.5796	0.70920	1.0175	425.65	0.070618	3.0727e-05	0.041757	supercritical
465.00	110.00	89.213	0.011209	295.32	418.62	5.5818	0.70948	1.0175	426.07	0.070147	3.0770e-05	0.041818	supercritical
466.00	110.00	89.010	0.011235	296.06	419.64	5.5840	0.70975	1.0175	426.50	0.069679	3.0812e-05	0.041880	supercritical
467.00	110.00	88.807	0.011260	296.79	420.66	5.5861	0.71003	1.0175	426.93	0.069213	3.0854e-05	0.041942	supercritical
468.00	110.00	88.606	0.011286	297.53	421.67	5.5883	0.71030	1.0175	427.36	0.068749	3.0897e-05	0.042004	supercritical
469.00	110.00	88.405	0.011312	298.26	422.69	5.5905	0.71058	1.0176	427.78	0.068287	3.0939e-05	0.042066	supercritical
470.00	110.00	88.206	0.011337	299.00	423.71	5.5927	0.71086	1.0176	428.21	0.067828	3.0982e-05	0.042128	supercritical
471.00	110.00	88.007	0.011363	299.74	424.73	5.5948	0.71114	1.0176	428.63	0.067371	3.1024e-05	0.042189	supercritical
472.00	110.00	87.809	0.011388	300.47	425.74	5.5970	0.71141	1.0176	429.06	0.066916	3.1066e-05	0.042251	supercritical
473.00	110.00	87.613	0.011414	301.21	426.76	5.5991	0.71169	1.0177	429.48	0.066464	3.1108e-05	0.042313	supercritical
474.00	110.00	87.417	0.011439	301.95	427.78	5.6013	0.71197	1.0177	429.90	0.066013	3.1151e-05	0.042375	supercritical
475.00	110.00	87.222	0.011465	302.68	428.80	5.6034	0.71225	1.0178	430.32	0.065565	3.1193e-05	0.042437	supercritical
476.00	110.00	87.028	0.011491	303.42	429.82	5.6056	0.71253	1.0178	430.74	0.065119	3.1235e-05	0.042498	supercritical
477.00	110.00	86.835	0.011516	304.16	430.83	5.6077	0.71281	1.0178	431.16	0.064676	3.1277e-05	0.042560	supercritical
478.00	110.00	86.643	0.011542	304.89	431.85	5.6098	0.71309	1.0179	431.58	0.064234	3.1319e-05	0.042622	supercritical
479.00	110.00	86.452	0.011567	305.63	432.87	5.6120	0.71337	1.0179	432.00	0.063795	3.1361e-05	0.042684	supercritical
480.00	110.00	86.262	0.011593	306.37	433.89	5.6141	0.71365	1.0180	432.42	0.063358	3.1403e-05	0.042746	supercritical
481.00	110.00	86.073	0.011618	307.11	434.90	5.6162	0.71394	1.0180	432.84	0.062922	3.1445e-05	0.042807	supercritical
482.00	110.00	85.884	0.011644	307.84	435.92	5.6183	0.71422	1.0181	433.26	0.062489	3.1487e-05	0.042869	supercritical
483.00	110.00	85.697	0.011669	308.58	436.94	5.6204	0.71450	1.0181	433.67	0.062059	3.1529e-05	0.042931	supercritical
484.00	110.00	85.510	0.011694	309.32	437.96	5.6225	0.71478	1.0182	434.09	0.061630	3.1571e-05	0.042993	supercritical
485.00	110.00	85.325	0.011720	310.06	438.98	5.6246	0.71507	1.0183	434.50	0.061203	3.1613e-05	0.043054	supercritical
486.00	110.00	85.140	0.011745	310.80	440.00	5.6267	0.71535	1.0183	434.92	0.060779	3.1655e-05	0.043116	supercritical
487.00	110.00	84.956	0.011771	311.53	441.01	5.6288	0.71564	1.0184	435.33	0.060356	3.1697e-05	0.043178	supercritical
488.00	110.00	84.773	0.011796	312.27	442.03	5.6309	0.71592	1.0185	435.75	0.059936	3.1738e-05	0.043239	supercritical
489.00	110.00	84.590	0.011822	313.01	443.05	5.6330	0.71620	1.0185	436.16	0.059517	3.1780e-05	0.043301	supercritical
490.00	110.00	84.409	0.011847	313.75	444.07	5.6351	0.71649	1.0186	436.57	0.059101	3.1822e-05	0.043363	supercritical
491.00	110.00	84.228	0.011872	314.49	445.09	5.6372	0.71678	1.0187	436.98	0.058686	3.1864e-05	0.043425	supercritical
492.00	110.00	84.049	0.011898	315.23	446.11	5.6392	0.71706	1.0187	437.39	0.058274	3.1905e-05	0.043486	supercritical
493.00	110.00	83.870	0.011923	315.97	447.13	5.6413	0.71735	1.0188	437.80	0.057863	3.1947e-05	0.043548	supercritical
494.00	110.00	83.692	0.011949	316.71	448.14	5.6434	0.71763	1.0189	438.21	0.057455	3.1989e-05	0.043610	supercritical
495.00	110.00	83.514	0.011974	317.45	449.16	5.6454	0.71792	1.0190	438.62	0.057048	3.2030e-05	0.043671	supercritical
496.00	110.00	83.338	0.011999	318.19	450.18	5.6475	0.71821	1.0191	439.03	0.056643	3.2072e-05	0.043733	supercritical
497.00	110.00	83.162	0.012025	318.93	451.20	5.6495	0.71849	1.0191	439.44	0.056241	3.2113e-05	0.043795	supercritical
498.00	110.00	82.987	0.012050	319.67	452.22	5.6516	0.71878	1.0192	439.85	0.055840	3.2155e-05	0.043856	supercritical
499.00	110.00	82.813	0.012075	320.41	453.24	5.6536	0.71907	1.0193	440.25	0.055441	3.2196e-05	0.043918	supercritical
500.00	110.00	82.640	0.012101	321.15	454.26	5.6557	0.71935	1.0194	440.66	0.055044	3.2238e-05	0.043979	supercritical
501.00	110.00	82.467	0.012126	321.89	455.28	5.6577	0.71964	1.0195	441.06	0.054649	3.2279e-05	0.044041	supercritical
502.00	110.00	82.295	0.012151	322.63	456.30	5.6597	0.71993	1.0196	441.47	0.054256	3.2321e-05	0.044103	supercritical
503.00	110.00	82.124	0.012177	323.37	457.32	5.6618	0.72022	1.0197	441.87	0.053864	3.2362e-05	0.044164	supercritical
504.00	110.00	81.954	0.012202	324.12	458.34	5.6638	0.72051	1.0198	442.28	0.053475	3.2403e-05	0.044226	supercritical
505.00	110.00	81.785	0.012227	324.86	459.36	5.6658	0.72079	1.0199	442.68	0.053087	3.2445e-05	0.044287	supercritical
506.00	110.00	81.616	0.012253	325.60	460.38	5.6678	0.72108	1.0200	443.08	0.052701	3.2486e-05	0.044349	supercritical
507.00	110.00	81.448	0.012278	326.34	461.40	5.6699	0.72137	1.0201	443.48	0.052317	3.2527e-05	0.044410	supercritical
508.00	110.00	81.281	0.012303	327.08	462.42	5.6719	0.72166	1.0202	443.89	0.051935	3.2568e-05	0.044472	supercritical
509.00	110.00	81.114	0.012328	327.83	463.44	5.6739	0.72195	1.0203	444.29	0.051555	3.2610e-05	0.044534	supercritical
510.00	110.00	80.948	0.012354	328.57	464.46	5.6759	0.72224	1.0204	444.69	0.051176	3.2651e-05	0.044595	supercritical
511.00	110.00	80.783	0.012379	329.31	465.48	5.6779	0.72253	1.0205	445.09	0.050799	3.2692e-05	0.044657	supercritical
512.00	110.00	80.619	0.012404	330.05	466.50	5.6799	0.72282	1.0206	445.49	0.050424	3.2733e-05	0.044718	supercritical
513.00	110.00	80.455	0.012429	330.80	467.52	5.6819	0.72311	1.0207	445.89	0.050051	3.2774e-05	0.044780	supercritical
514.00	110.00	80.292	0.012454	331.54	468.54	5.6838	0.72340	1.0208	446.28	0.049679	3.2815e-05	0.044841	supercritical
515.00	110.00	80.130	0.012480	332.28	469.56	5.6858	0.72369	1.0209	446.68	0.049309	3.2856e-05	0.044902	supercritical
516.00	110.00	79.969	0.012505	333.03	470.58	5.6878	0.72398	1.0210	447.08	0.048941	3.2897e-05	0.044964	supercritical
517.00	110.00	79.808	0.012530	333.77	471.60	5.6898	0.72427	1.0211	447.48	0.048574	3.2938e-05	0.045025	supercritical
518.00	110.00	79.648	0.012555	334.52	472.62	5.6918	0.72456	1.0213	447.87	0.048210	3.2979e-05	0.045087	supercritical
519.00	110.00	79.488	0.012580	335.26	473.65	5.6937	0.72485	1.0214	448.27	0.047847	3.3020e-05	0.045148	supercritical
520.00	110.00	79.329	0.012606	336.00	474.67	5.6957	0.72514	1.0215	448.66	0.047485	3.3061e-05	0.045210	supercritical
521.00	110.00	79.171	0.012631	336.75	475.69	5.6977	0.72543	1.0216	449.06	0.047126	3.3102e-05	0.045271	supercritical
522.00	110.00	79.014	0.012656	337.49	476.71	5.6996	0.72572	1.0217	449.45	0.046767	3.3143e-05	0.045332	supercritical
523.00	110.00	78.857	0.012681	338.24	477.73	5.7016	0.72601	1.0219	449.84	0.046411	3.3183e-05	0.045394	supercritical
524.00	110.00	78.701	0.012706	338.98	478.75	5.7035	0.72630	1.0220	450.24	0.046056	3.3224e-05	0.045455	supercritical
525.00	110.00	78.546	0.012731	339.73	479.78	5.7055	0.72659	1.0221	450.63	0.045703	3.3265e-05	0.045516	supercritical
526.00	110.00	78.391	0.012757	340.48	480.80	5.7074	0.72688	1.0222	451.02	0.045352	3.3306e-05	0.045578	supercritical
527.00	110.00	78.237	0.012782	341.22	481.82	5.7094	0.72717	1.0224	451.41	0.045002	3.3346e-05	0.045639	supercritical
528.00	110.00	78.083	0.012807	341.97	482.84	5.7113	0.72746	1.0225	451.80	0.044653	3.3387e-05	0.045700	supercritical
529.00	110.00	77.930	0.012832	342.71	483.87	5.7132	0.72775	1.0226	452.19	0.044307	3.3428e-05	0.045762	supercritical
530.00	110.00	77.778	0.012857	343.46	484.89	5.7152	0.72805	1.0227	452.58	0.043962	3.3468e-05	0.045823	supercritical
531.00	110.00	77.627	0.012882	344.21	485.91	5.7171	0.72834	1.0229	452.97	0.043618	3.3509e-05	0.045884	supercritical
532.00	110.00	77.476	0.012907	344.95	486.93	5.7190	0.72863	1.0230	453.36	0.043276	3.3549e-05	0.045946	supercritical
533.00	110.00	77.325	0.012932	345.70	487.96	5.7209	0.72892	1.0231	453.75	0.042936	3.3590e-05	0.046007	supercritical
534.00	110.00	77.176	0.012957	346.45	488.98	5.7229	0.72921	1.0233	454.14	0.042597	3.3630e-05	0.046068	supercritical
535.00	110.00	77.027	0.012983	347.20	490.00	5.7248	0.72950	1.0234	454.53	0.042259	3.3671e-05	0.046129	supercritical
536.00	110.00	76.878	0.013008	347.94	491.03	5.7267	0.72979	1.0235	454.91	0.041923	3.3711e-05	0.046190	supercritical
537.00	110.00	76.730	0.013033	348.69	492.05	5.7286	0.73008	1.0237	455.30	0.041589	3.3752e-05	0.046252	supercritical
538.00	110.00	76.583	0.013058	349.44	493.07	5.7305	0.73037	1.0238	455.69	0.041256	3.3792e-05	0.046313	supercritical
539.00	110.00	76.436	0.013083	350.19	494.10	5.7324	0.73066	1.0240	456.07	0.040925	3.3832e-05	0.046374	supercritical
540.00	110.00	76.290	0.013108	350.94	495.12	5.7343	0.73095	1.0241	456.46	0.040595	3.3873e-05	0.046435	supercritical
541.00	110.00	76.145	0.013133	351.69	496.15	5.7362	0.73124	1.0242	456.84	0.040267	3.3913e-05	0.046496	supercritical
542.00	110.00	76.000	0.013158	352.43	497.17	5.7381	0.73153	1.0244	457.23	0.039940	3.3953e-05	0.046557	supercritical
543.00	110.00	75.856	0.013183	353.18	498.20	5.7400	0.73183	1.0245	457.61	0.039615	3.3993e-05	0.046619	supercritical
544.00	110.00	75.712	0.013208	353.93	499.22	5.7419	0.73212	1.0247	457.99	0.039291	3.4034e-05	0.046680	supercritical
545.00	110.00	75.569	0.013233	354.68	500.24	5.7437	0.73241	1.0248	458.38	0.038968	3.4074e-05	0.046741	supercritical
546.00	110.00	75.426	0.013258	355.43	501.27	5.7456	0.73270	1.0250	458.76	0.038647	3.4114e-05	0.046802	supercritical
547.00	110.00	75.284	0.013283	356.18	502.29	5.7475	0.73299	1.0251	459.14	0.038328	3.4154e-05	0.046863	supercritical
548.00	110.00	75.143	0.013308	356.93	503.32	5.7494	0.73328	1.0252	459.52	0.038009	3.4194e-05	0.046924	supercritical
549.00	110.00	75.002	0.013333	357.68	504.35	5.7512	0.73357	1.0254	459.90	0.037693	3.4234e-05	0.046985	supercritical
550.00	110.00	74.862	0.013358	358.43	505.37	5.7531	0.73386	1.0255	460.28	0.037377	3.4274e-05	0.047046	supercritical
551.00	110.00	74.722	0.013383	359.18	506.40	5.7550	0.73415	1.0257	460.66	0.037063	3.4314e-05	0.047107	supercritical
552.00	110.00	74.583	0.013408	359.93	507.42	5.7568	0.73444	1.0258	461.04	0.036751	3.4354e-05	0.047168	supercritical
553.00	110.00	74.444	0.013433	360.69	508.45	5.7587	0.73473	1.0260	461.42	0.036440	3.4394e-05	0.047229	supercritical
554.00	110.00	74.306	0.013458	361.44	509.47	5.7605	0.73502	1.0261	461.80	0.036130	3.4434e-05	0.047290	supercritical
555.00	110.00	74.169	0.013483	362.19	510.50	5.7624	0.73531	1.0263	462.18	0.035821	3.4474e-05	0.047351	supercritical
556.00	110.00	74.032	0.013508	362.94	511.53	5.7642	0.73559	1.0265	462.56	0.035514	3.4514e-05	0.047412	supercritical
557.00	110.00	73.895	0.013533	363.69	512.55	5.7661	0.73588	1.0266	462.93	0.035208	3.4554e-05	0.047473	supercritical
558.00	110.00	73.759	0.013558	364.45	513.58	5.7679	0.73617	1.0268	463.31	0.034904	3.4594e-05	0.047534	supercritical
559.00	110.00	73.624	0.013583	365.20	514.61	5.7698	0.73646	1.0269	463.69	0.034601	3.4633e-05	0.047595	supercritical
560.00	110.00	73.489	0.013608	365.95	515.63	5.7716	0.73675	1.0271	464.06	0.034299	3.4673e-05	0.047655	supercritical
561.00	110.00	73.354	0.013632	366.70	516.66	5.7734	0.73704	1.0272	464.44	0.033999	3.4713e-05	0.047716	supercritical
562.00	110.00	73.221	0.013657	367.46	517.69	5.7753	0.73733	1.0274	464.81	0.033700	3.4753e-05	0.047777	supercritical
563.00	110.00	73.087	0.013682	368.21	518.72	5.7771	0.73762	1.0275	465.19	0.033402	3.4792e-05	0.047838	supercritical
564.00	110.00	72.954	0.013707	368.96	519.74	5.7789	0.73791	1.0277	465.56	0.033105	3.4832e-05	0.047899	supercritical
565.00	110.00	72.822	0.013732	369.72	520.77	5.7807	0.73819	1.0279	465.94	0.032810	3.4872e-05	0.047960	supercritical
566.00	110.00	72.690	0.013757	370.47	521.80	5.7825	0.73848	1.0280	466.31	0.032516	3.4911e-05	0.048020	supercritical
567.00	110.00	72.559	0.013782	371.23	522.83	5.7844	0.73877	1.0282	466.68	0.032224	3.4951e-05	0.048081	supercritical
568.00	110.00	72.428	0.013807	371.98	523.86	5.7862	0.73906	1.0284	467.05	0.031932	3.4990e-05	0.048142	supercritical
569.00	110.00	72.298	0.013832	372.74	524.88	5.7880	0.73935	1.0285	467.43	0.031642	3.5030e-05	0.048203	supercritical
570.00	110.00	72.168	0.013857	373.49	525.91	5.7898	0.73963	1.0287	467.80	0.031353	3.5069e-05	0.048263	supercritical
571.00	110.00	72.039	0.013881	374.25	526.94	5.7916	0.73992	1.0288	468.17	0.031066	3.5109e-05	0.048324	supercritical
572.00	110.00	71.910	0.013906	375.00	527.97	5.7934	0.74021	1.0290	468.54	0.030779	3.5148e-05	0.048385	supercritical
573.00	110.00	71.782	0.013931	375.76	529.00	5.7952	0.74049	1.0292	468.91	0.030494	3.5188e-05	0.048446	supercritical
574.00	110.00	71.654	0.013956	376.51	530.03	5.7970	0.74078	1.0293	469.28	0.030210	3.5227e-05	0.048506	supercritical
575.00	110.00	71.526	0.013981	377.27	531.06	5.7988	0.74107	1.0295	469.65	0.029928	3.5267e-05	0.048567	supercritical
576.00	110.00	71.400	0.014006	378.02	532.09	5.8006	0.74135	1.0297	470.02	0.029646	3.5306e-05	0.048628	supercritical
577.00	110.00	71.273	0.014031	378.78	533.12	5.8023	0.74164	1.0298	470.39	0.029366	3.5345e-05	0.048688	supercritical
578.00	110.00	71.147	0.014055	379.54	534.15	5.8041	0.74192	1.0300	470.76	0.029087	3.5385e-05	0.048749	supercritical
579.00	110.00	71.022	0.014080	380.29	535.18	5.8059	0.74221	1.0302	471.13	0.028809	3.5424e-05	0.048809	supercritical
580.00	110.00	70.897	0.014105	381.05	536.21	5.8077	0.74250	1.0303	471.49	0.028532	3.5463e-05	0.048870	supercritical
581.00	110.00	70.772	0.014130	381.81	537.24	5.8095	0.74278	1.0305	471.86	0.028257	3.5502e-05	0.048931	supercritical
582.00	110.00	70.648	0.014155	382.57	538.27	5.8112	0.74307	1.0307	472.23	0.027983	3.5541e-05	0.048991	supercritical
583.00	110.00	70.524	0.014179	383.32	539.30	5.8130	0.74335	1.0308	472.59	0.027709	3.5581e-05	0.049052	supercritical
584.00	110.00	70.401	0.014204	384.08	540.33	5.8148	0.74364	1.0310	472.96	0.027437	3.5620e-05	0.049112	supercritical
585.00	110.00	70.278	0.014229	384.84	541.36	5.8165	0.74392	1.0312	473.33	0.027166	3.5659e-05	0.049173	supercritical
586.00	110.00	70.156	0.014254	385.60	542.39	5.8183	0.74420	1.0314	473.69	0.026897	3.5698e-05	0.049233	supercritical
587.00	110.00	70.034	0.014279	386.36	543.42	5.8201	0.74449	1.0315	474.06	0.026628	3.5737e-05	0.049294	supercritical
588.00	110.00	69.913	0.014303	387.12	544.46	5.8218	0.74477	1.0317	474.42	0.026361	3.5776e-05	0.049354	supercritical
589.00	110.00	69.792	0.014328	387.88	545.49	5.8236	0.74506	1.0319	474.78	0.026094	3.5815e-05	0.049415	supercritical
590.00	110.00	69.672	0.014353	388.64	546.52	5.8253	0.74534	1.0320	475.15	0.025829	3.5854e-05	0.049475	supercritical
591.00	110.00	69.551	0.014378	389.40	547.55	5.8271	0.74562	1.0322	475.51	0.025565	3.5893e-05	0.049535	supercritical
592.00	110.00	69.432	0.014403	390.16	548.58	5.8288	0.74590	1.0324	475.87	0.025302	3.5932e-05	0.049596	supercritical
593.00	110.00	69.313	0.014427	390.92	549.62	5.8306	0.74619	1.0326	476.24	0.025040	3.5971e-05	0.049656	supercritical
594.00	110.00	69.194	0.014452	391.68	550.65	5.8323	0.74647	1.0327	476.60	0.024780	3.6010e-05	0.049717	supercritical
595.00	110.00	69.076	0.014477	392.44	551.68	5.8340	0.74675	1.0329	476.96	0.024520	3.6049e-05	0.049777	supercritical
596.00	110.00	68.958	0.014502	393.20	552.71	5.8358	0.74703	1.0331	477.32	0.024261	3.6087e-05	0.049837	supercritical
597.00	110.00	68.840	0.014526	393.96	553.75	5.8375	0.74731	1.0333	477.68	0.024004	3.6126e-05	0.049898	supercritical
598.00	110.00	68.723	0.014551	394.72	554.78	5.8392	0.74760	1.0334	478.04	0.023748	3.6165e-05	0.049958	supercritical
599.00	110.00	68.606	0.014576	395.48	555.81	5.8410	0.74788	1.0336	478.41	0.023492	3.6204e-05	0.050018	supercritical
600.00	110.00	68.490	0.014601	396.24	556.85	5.8427	0.74816	1.0338	478.77	0.023238	3.6242e-05	0.050079	supercritical
