Temperature (K)	Pressure (bar)	Density (kg/m3)	Volume (m3/kg)	Internal Energy (kJ/kg)	Enthalpy (kJ/kg)	Entropy (J/g*K)	Cv (J/g*K)	Cp (J/g*K)	Sound Spd. (m/s)	Joule-Thomson (K/bar)	Viscosity (Pa*s)	Therm. Cond. (W/m*K)	Phase
60.000	99.000	1293.6	0.00077304	-185.70	-178.04	2.2314	1.0923	1.6531	1154.3	-0.037621	0.00062478	0.19792	liquid
61.000	99.000	1289.4	0.00077557	-184.07	-176.39	2.2588	1.0842	1.6552	1150.3	-0.037463	0.00059538	0.19659	liquid
62.000	99.000	1285.1	0.00077813	-182.44	-174.73	2.2857	1.0770	1.6570	1145.7	-0.037321	0.00056794	0.19527	liquid
63.000	99.000	1280.9	0.00078072	-180.81	-173.08	2.3122	1.0704	1.6583	1140.6	-0.037192	0.00054232	0.19395	liquid
64.000	99.000	1276.6	0.00078334	-179.17	-171.42	2.3383	1.0643	1.6592	1134.9	-0.037075	0.00051837	0.19262	liquid
65.000	99.000	1272.3	0.00078598	-177.54	-169.76	2.3641	1.0585	1.6599	1128.9	-0.036967	0.00049598	0.19130	liquid
66.000	99.000	1268.0	0.00078864	-175.91	-168.10	2.3894	1.0531	1.6602	1122.6	-0.036867	0.00047502	0.18997	liquid
67.000	99.000	1263.7	0.00079133	-174.27	-166.44	2.4144	1.0478	1.6603	1116.1	-0.036772	0.00045540	0.18865	liquid
68.000	99.000	1259.4	0.00079404	-172.64	-164.78	2.4390	1.0427	1.6602	1109.4	-0.036680	0.00043701	0.18733	liquid
69.000	99.000	1255.1	0.00079677	-171.01	-163.12	2.4632	1.0378	1.6600	1102.5	-0.036591	0.00041976	0.18600	liquid
70.000	99.000	1250.7	0.00079953	-169.37	-161.46	2.4871	1.0330	1.6596	1095.5	-0.036503	0.00040356	0.18468	liquid
71.000	99.000	1246.4	0.00080231	-167.74	-159.80	2.5106	1.0283	1.6591	1088.4	-0.036414	0.00038833	0.18336	liquid
72.000	99.000	1242.1	0.00080511	-166.11	-158.14	2.5338	1.0236	1.6586	1081.3	-0.036324	0.00037401	0.18203	liquid
73.000	99.000	1237.7	0.00080794	-164.48	-156.48	2.5567	1.0190	1.6580	1074.1	-0.036232	0.00036052	0.18071	liquid
74.000	99.000	1233.4	0.00081079	-162.85	-154.82	2.5793	1.0145	1.6574	1066.8	-0.036136	0.00034781	0.17939	liquid
75.000	99.000	1229.0	0.00081366	-161.22	-153.17	2.6015	1.0100	1.6568	1059.6	-0.036035	0.00033582	0.17807	liquid
76.000	99.000	1224.6	0.00081656	-159.59	-151.51	2.6234	1.0056	1.6562	1052.3	-0.035930	0.00032449	0.17675	liquid
77.000	99.000	1220.3	0.00081949	-157.97	-149.85	2.6451	1.0012	1.6557	1045.0	-0.035820	0.00031379	0.17542	liquid
78.000	99.000	1215.9	0.00082245	-156.34	-148.20	2.6664	0.99684	1.6553	1037.6	-0.035703	0.00030365	0.17410	liquid
79.000	99.000	1211.5	0.00082543	-154.71	-146.54	2.6875	0.99255	1.6549	1030.3	-0.035580	0.00029406	0.17278	liquid
80.000	99.000	1207.1	0.00082844	-153.09	-144.89	2.7083	0.98831	1.6546	1023.0	-0.035449	0.00028496	0.17145	liquid
81.000	99.000	1202.7	0.00083147	-151.47	-143.23	2.7289	0.98411	1.6543	1015.7	-0.035311	0.00027632	0.17013	liquid
82.000	99.000	1198.3	0.00083454	-149.84	-141.58	2.7492	0.97996	1.6542	1008.3	-0.035165	0.00026811	0.16880	liquid
83.000	99.000	1193.8	0.00083764	-148.22	-139.93	2.7692	0.97586	1.6542	1001.0	-0.035010	0.00026031	0.16748	liquid
84.000	99.000	1189.4	0.00084077	-146.59	-138.27	2.7891	0.97181	1.6543	993.70	-0.034847	0.00025288	0.16615	liquid
85.000	99.000	1184.9	0.00084394	-144.97	-136.62	2.8086	0.96780	1.6545	986.38	-0.034675	0.00024580	0.16483	liquid
86.000	99.000	1180.5	0.00084713	-143.35	-134.96	2.8280	0.96384	1.6548	979.06	-0.034493	0.00023905	0.16350	liquid
87.000	99.000	1176.0	0.00085036	-141.73	-133.31	2.8471	0.95993	1.6552	971.75	-0.034301	0.00023261	0.16217	liquid
88.000	99.000	1171.5	0.00085363	-140.10	-131.65	2.8660	0.95607	1.6558	964.44	-0.034099	0.00022644	0.16084	liquid
89.000	99.000	1167.0	0.00085693	-138.48	-130.00	2.8848	0.95225	1.6564	957.13	-0.033887	0.00022055	0.15951	liquid
90.000	99.000	1162.4	0.00086027	-136.86	-128.34	2.9033	0.94849	1.6572	949.82	-0.033664	0.00021491	0.15818	liquid
91.000	99.000	1157.9	0.00086365	-135.23	-126.68	2.9216	0.94477	1.6582	942.51	-0.033430	0.00020950	0.15684	liquid
92.000	99.000	1153.3	0.00086707	-133.61	-125.02	2.9397	0.94110	1.6593	935.19	-0.033185	0.00020432	0.15551	liquid
93.000	99.000	1148.7	0.00087053	-131.98	-123.36	2.9577	0.93748	1.6605	927.88	-0.032928	0.00019934	0.15418	liquid
94.000	99.000	1144.1	0.00087403	-130.35	-121.70	2.9754	0.93391	1.6618	920.57	-0.032659	0.00019455	0.15284	liquid
95.000	99.000	1139.5	0.00087758	-128.73	-120.04	2.9930	0.93038	1.6633	913.25	-0.032377	0.00018995	0.15150	liquid
96.000	99.000	1134.9	0.00088117	-127.10	-118.37	3.0104	0.92690	1.6650	905.92	-0.032083	0.00018552	0.15017	liquid
97.000	99.000	1130.2	0.00088481	-125.47	-116.71	3.0277	0.92347	1.6667	898.59	-0.031775	0.00018125	0.14883	liquid
98.000	99.000	1125.5	0.00088850	-123.84	-115.04	3.0448	0.92009	1.6687	891.26	-0.031454	0.00017713	0.14749	liquid
99.000	99.000	1120.8	0.00089223	-122.20	-113.37	3.0618	0.91675	1.6707	883.91	-0.031119	0.00017316	0.14615	liquid
100.00	99.000	1116.0	0.00089602	-120.57	-111.70	3.0786	0.91346	1.6730	876.56	-0.030770	0.00016932	0.14481	liquid
101.00	99.000	1111.3	0.00089986	-118.93	-110.03	3.0952	0.91021	1.6754	869.20	-0.030406	0.00016561	0.14346	liquid
102.00	99.000	1106.5	0.00090375	-117.30	-108.35	3.1117	0.90701	1.6779	861.82	-0.030026	0.00016202	0.14212	liquid
103.00	99.000	1101.7	0.00090770	-115.66	-106.67	3.1281	0.90386	1.6806	854.44	-0.029630	0.00015855	0.14078	liquid
104.00	99.000	1096.8	0.00091171	-114.01	-104.99	3.1444	0.90075	1.6835	847.04	-0.029218	0.00015518	0.13943	liquid
105.00	99.000	1092.0	0.00091577	-112.37	-103.30	3.1605	0.89768	1.6865	839.63	-0.028789	0.00015192	0.13809	liquid
106.00	99.000	1087.1	0.00091990	-110.72	-101.61	3.1765	0.89466	1.6897	832.21	-0.028342	0.00014875	0.13674	liquid
107.00	99.000	1082.1	0.00092410	-109.07	-99.923	3.1924	0.89168	1.6931	824.77	-0.027877	0.00014567	0.13540	liquid
108.00	99.000	1077.2	0.00092835	-107.42	-98.228	3.2081	0.88874	1.6967	817.31	-0.027393	0.00014268	0.13405	liquid
109.00	99.000	1072.2	0.00093268	-105.76	-96.530	3.2238	0.88585	1.7004	809.84	-0.026890	0.00013977	0.13270	liquid
110.00	99.000	1067.1	0.00093708	-104.10	-94.827	3.2394	0.88300	1.7043	802.35	-0.026365	0.00013695	0.13136	liquid
111.00	99.000	1062.1	0.00094155	-102.44	-93.121	3.2548	0.88019	1.7085	794.83	-0.025820	0.00013419	0.13002	liquid
112.00	99.000	1057.0	0.00094610	-100.78	-91.410	3.2701	0.87743	1.7128	787.30	-0.025252	0.00013151	0.12868	liquid
113.00	99.000	1051.8	0.00095072	-99.107	-89.695	3.2854	0.87471	1.7174	779.75	-0.024661	0.00012889	0.12734	liquid
114.00	99.000	1046.7	0.00095543	-97.434	-87.976	3.3005	0.87203	1.7222	772.17	-0.024046	0.00012634	0.12600	liquid
115.00	99.000	1041.4	0.00096022	-95.757	-86.251	3.3156	0.86940	1.7272	764.57	-0.023406	0.00012385	0.12466	liquid
116.00	99.000	1036.2	0.00096510	-94.076	-84.521	3.3306	0.86681	1.7324	756.94	-0.022740	0.00012142	0.12332	liquid
117.00	99.000	1030.9	0.00097007	-92.390	-82.786	3.3455	0.86426	1.7379	749.29	-0.022046	0.00011905	0.12198	liquid
118.00	99.000	1025.5	0.00097513	-90.699	-81.045	3.3603	0.86176	1.7436	741.61	-0.021323	0.00011672	0.12064	liquid
119.00	99.000	1020.1	0.00098030	-89.004	-79.299	3.3750	0.85930	1.7496	733.90	-0.020570	0.00011445	0.11930	liquid
120.00	99.000	1014.7	0.00098556	-87.303	-77.546	3.3897	0.85688	1.7559	726.17	-0.019786	0.00011223	0.11796	liquid
121.00	99.000	1009.1	0.00099093	-85.597	-75.787	3.4043	0.85451	1.7625	718.40	-0.018969	0.00011005	0.11662	liquid
122.00	99.000	1003.6	0.00099642	-83.885	-74.021	3.4188	0.85218	1.7694	710.60	-0.018117	0.00010792	0.11529	liquid
123.00	99.000	997.99	0.0010020	-82.168	-72.248	3.4333	0.84990	1.7766	702.77	-0.017228	0.00010584	0.11395	liquid
124.00	99.000	992.33	0.0010077	-80.444	-70.468	3.4477	0.84767	1.7841	694.90	-0.016301	0.00010379	0.11262	liquid
125.00	99.000	986.60	0.0010136	-78.714	-68.680	3.4621	0.84548	1.7920	687.00	-0.015333	0.00010178	0.11129	liquid
126.00	99.000	980.82	0.0010196	-76.977	-66.884	3.4764	0.84334	1.8002	679.06	-0.014323	9.9814e-05	0.10996	liquid
127.00	99.000	974.97	0.0010257	-75.233	-65.079	3.4906	0.84124	1.8089	671.08	-0.013268	9.7882e-05	0.10863	liquid
128.00	99.000	969.06	0.0010319	-73.482	-63.266	3.5049	0.83920	1.8179	663.06	-0.012166	9.5984e-05	0.10730	liquid
129.00	99.000	963.07	0.0010383	-71.723	-61.443	3.5191	0.83721	1.8275	655.00	-0.011013	9.4121e-05	0.10597	liquid
130.00	99.000	957.02	0.0010449	-69.955	-59.611	3.5332	0.83527	1.8374	646.90	-0.0098068	9.2289e-05	0.10465	liquid
131.00	99.000	950.89	0.0010516	-68.179	-57.768	3.5473	0.83338	1.8479	638.75	-0.0085446	9.0490e-05	0.10333	liquid
132.00	99.000	944.68	0.0010586	-66.394	-55.915	3.5614	0.83155	1.8589	630.55	-0.0072226	8.8720e-05	0.10201	liquid
133.00	99.000	938.39	0.0010657	-64.600	-54.050	3.5755	0.82977	1.8704	622.31	-0.0058373	8.6979e-05	0.10069	liquid
134.00	99.000	932.01	0.0010729	-62.796	-52.174	3.5895	0.82805	1.8825	614.02	-0.0043845	8.5267e-05	0.099377	liquid
135.00	99.000	925.55	0.0010804	-60.981	-50.285	3.6036	0.82639	1.8953	605.68	-0.0028599	8.3581e-05	0.098065	liquid
136.00	99.000	918.99	0.0010882	-59.156	-48.383	3.6176	0.82479	1.9088	597.28	-0.0012589	8.1922e-05	0.096755	liquid
137.00	99.000	912.33	0.0010961	-57.318	-46.467	3.6317	0.82326	1.9229	588.83	0.00042367	8.0287e-05	0.095448	liquid
138.00	99.000	905.57	0.0011043	-55.469	-44.537	3.6457	0.82179	1.9379	580.32	0.0021935	7.8677e-05	0.094144	liquid
139.00	99.000	898.70	0.0011127	-53.607	-42.591	3.6597	0.82039	1.9537	571.76	0.0040565	7.7090e-05	0.092843	liquid
140.00	99.000	891.71	0.0011214	-51.731	-40.629	3.6738	0.81906	1.9703	563.13	0.0060195	7.5525e-05	0.091545	liquid
141.00	99.000	884.61	0.0011304	-49.841	-38.650	3.6879	0.81781	1.9880	554.44	0.0080897	7.3982e-05	0.090251	liquid
142.00	99.000	877.38	0.0011398	-47.936	-36.653	3.7020	0.81664	2.0067	545.68	0.010275	7.2460e-05	0.088959	liquid
143.00	99.000	870.01	0.0011494	-46.015	-34.636	3.7162	0.81554	2.0265	536.86	0.012584	7.0958e-05	0.087671	liquid
144.00	99.000	862.51	0.0011594	-44.077	-32.599	3.7304	0.81454	2.0476	527.98	0.015027	6.9475e-05	0.086386	liquid
145.00	99.000	854.85	0.0011698	-42.121	-30.541	3.7446	0.81362	2.0700	519.02	0.017614	6.8010e-05	0.085105	liquid
146.00	99.000	847.04	0.0011806	-40.147	-28.459	3.7589	0.81280	2.0938	509.99	0.020356	6.6563e-05	0.083828	liquid
147.00	99.000	839.06	0.0011918	-38.151	-26.352	3.7733	0.81208	2.1192	500.89	0.023267	6.5133e-05	0.082553	liquid
148.00	99.000	830.90	0.0012035	-36.135	-24.220	3.7877	0.81147	2.1463	491.72	0.026360	6.3718e-05	0.081283	liquid
149.00	99.000	822.55	0.0012157	-34.095	-22.059	3.8023	0.81097	2.1753	482.48	0.029651	6.2320e-05	0.080016	liquid
150.00	99.000	813.99	0.0012285	-32.031	-19.868	3.8170	0.81058	2.2064	473.16	0.033156	6.0935e-05	0.078752	liquid
151.00	99.000	805.23	0.0012419	-29.940	-17.646	3.8317	0.81032	2.2397	463.77	0.036896	5.9564e-05	0.077492	liquid
152.00	99.000	796.23	0.0012559	-27.822	-15.388	3.8466	0.81019	2.2754	454.31	0.040890	5.8206e-05	0.076235	liquid
153.00	99.000	786.98	0.0012707	-25.674	-13.094	3.8617	0.81020	2.3139	444.79	0.045162	5.6859e-05	0.074981	liquid
154.00	99.000	777.47	0.0012862	-23.493	-10.759	3.8769	0.81035	2.3553	435.21	0.049737	5.5524e-05	0.073730	liquid
155.00	99.000	767.68	0.0013026	-21.278	-8.3821	3.8923	0.81064	2.4000	425.57	0.054643	5.4199e-05	0.072482	supercritical
156.00	99.000	757.59	0.0013200	-19.026	-5.9583	3.9078	0.81109	2.4483	415.89	0.059911	5.2883e-05	0.071237	supercritical
157.00	99.000	747.17	0.0013384	-16.734	-3.4842	3.9237	0.81170	2.5005	406.16	0.065574	5.1575e-05	0.069994	supercritical
158.00	99.000	736.40	0.0013580	-14.400	-0.95585	3.9397	0.81246	2.5570	396.42	0.071668	5.0275e-05	0.068752	supercritical
159.00	99.000	725.26	0.0013788	-12.019	1.6313	3.9560	0.81338	2.6181	386.67	0.078234	4.8981e-05	0.067513	supercritical
160.00	99.000	713.72	0.0014011	-9.5890	4.2820	3.9727	0.81444	2.6842	376.93	0.085311	4.7693e-05	0.066274	supercritical
161.00	99.000	701.75	0.0014250	-7.1061	7.0015	3.9896	0.81565	2.7556	367.22	0.092944	4.6409e-05	0.065035	supercritical
162.00	99.000	689.32	0.0014507	-4.5668	9.7951	4.0069	0.81699	2.8325	357.58	0.10118	4.5130e-05	0.063796	supercritical
163.00	99.000	676.42	0.0014784	-1.9676	12.668	4.0246	0.81844	2.9148	348.03	0.11005	4.3854e-05	0.062556	supercritical
164.00	99.000	663.01	0.0015083	0.69449	15.626	4.0427	0.81997	3.0023	338.63	0.11959	4.2583e-05	0.061314	supercritical
165.00	99.000	649.08	0.0015406	3.4220	18.674	4.0612	0.82156	3.0942	329.41	0.12984	4.1315e-05	0.060069	supercritical
166.00	99.000	634.62	0.0015757	6.2162	21.816	4.0802	0.82317	3.1895	320.43	0.14081	4.0053e-05	0.058820	supercritical
167.00	99.000	619.65	0.0016138	9.0769	25.054	4.0996	0.82475	3.2861	311.75	0.15249	3.8799e-05	0.057567	supercritical
168.00	99.000	604.17	0.0016552	12.002	28.388	4.1195	0.82625	3.3815	303.44	0.16487	3.7556e-05	0.056308	supercritical
169.00	99.000	588.25	0.0017000	14.986	31.815	4.1399	0.82760	3.4727	295.56	0.17788	3.6327e-05	0.055043	supercritical
170.00	99.000	571.94	0.0017484	18.021	35.330	4.1606	0.82874	3.5556	288.19	0.19146	3.5120e-05	0.053773	supercritical
171.00	99.000	555.36	0.0018006	21.096	38.922	4.1817	0.82959	3.6260	281.38	0.20549	3.3940e-05	0.052498	supercritical
172.00	99.000	538.62	0.0018566	24.196	42.577	4.2030	0.83006	3.6796	275.19	0.21980	3.2795e-05	0.051222	supercritical
173.00	99.000	521.86	0.0019162	27.304	46.275	4.2244	0.83009	3.7123	269.67	0.23422	3.1693e-05	0.049948	supercritical
174.00	99.000	505.26	0.0019792	30.399	49.993	4.2459	0.82962	3.7208	264.83	0.24851	3.0642e-05	0.048682	supercritical
175.00	99.000	488.98	0.0020451	33.461	53.708	4.2671	0.82860	3.7034	260.67	0.26244	2.9650e-05	0.047433	supercritical
176.00	99.000	473.16	0.0021134	36.469	57.392	4.2881	0.82704	3.6607	257.20	0.27578	2.8723e-05	0.046209	supercritical
177.00	99.000	457.96	0.0021836	39.404	61.021	4.3087	0.82496	3.5953	254.35	0.28833	2.7864e-05	0.045020	supercritical
178.00	99.000	443.45	0.0022550	42.251	64.576	4.3287	0.82242	3.5114	252.09	0.29996	2.7076e-05	0.043877	supercritical
179.00	99.000	429.72	0.0023271	45.001	68.040	4.3481	0.81949	3.4142	250.35	0.31057	2.6358e-05	0.042788	supercritical
180.00	99.000	416.78	0.0023994	47.648	71.402	4.3669	0.81625	3.3088	249.06	0.32013	2.5707e-05	0.041759	supercritical
181.00	99.000	404.64	0.0024714	50.190	74.656	4.3849	0.81277	3.1996	248.16	0.32866	2.5120e-05	0.040793	supercritical
182.00	99.000	393.27	0.0025428	52.627	77.801	4.4022	0.80913	3.0902	247.59	0.33620	2.4592e-05	0.039891	supercritical
183.00	99.000	382.64	0.0026134	54.965	80.837	4.4188	0.80538	2.9830	247.29	0.34280	2.4118e-05	0.039054	supercritical
184.00	99.000	372.71	0.0026830	57.206	83.768	4.4348	0.80159	2.8798	247.22	0.34855	2.3692e-05	0.038278	supercritical
185.00	99.000	363.42	0.0027516	59.357	86.598	4.4502	0.79778	2.7815	247.34	0.35350	2.3311e-05	0.037561	supercritical
186.00	99.000	354.73	0.0028191	61.424	89.333	4.4649	0.79400	2.6887	247.61	0.35773	2.2968e-05	0.036899	supercritical
187.00	99.000	346.58	0.0028854	63.413	91.978	4.4791	0.79026	2.6017	248.01	0.36132	2.2661e-05	0.036288	supercritical
188.00	99.000	338.93	0.0029505	65.328	94.538	4.4927	0.78658	2.5202	248.52	0.36432	2.2385e-05	0.035725	supercritical
189.00	99.000	331.74	0.0030144	67.177	97.020	4.5059	0.78298	2.4442	249.12	0.36679	2.2137e-05	0.035205	supercritical
190.00	99.000	324.96	0.0030773	68.964	99.428	4.5186	0.77947	2.3734	249.79	0.36879	2.1914e-05	0.034725	supercritical
191.00	99.000	318.58	0.0031390	70.693	101.77	4.5309	0.77605	2.3074	250.52	0.37037	2.1713e-05	0.034282	supercritical
192.00	99.000	312.54	0.0031996	72.369	104.04	4.5428	0.77273	2.2460	251.30	0.37156	2.1532e-05	0.033873	supercritical
193.00	99.000	306.82	0.0032592	73.995	106.26	4.5543	0.76952	2.1887	252.12	0.37240	2.1369e-05	0.033494	supercritical
194.00	99.000	301.40	0.0033179	75.577	108.42	4.5655	0.76640	2.1353	252.98	0.37294	2.1222e-05	0.033144	supercritical
195.00	99.000	296.25	0.0033756	77.116	110.53	4.5763	0.76339	2.0854	253.86	0.37321	2.1090e-05	0.032820	supercritical
196.00	99.000	291.35	0.0034323	78.615	112.60	4.5869	0.76048	2.0388	254.77	0.37322	2.0971e-05	0.032520	supercritical
197.00	99.000	286.68	0.0034882	80.079	114.61	4.5971	0.75767	1.9952	255.70	0.37301	2.0864e-05	0.032242	supercritical
198.00	99.000	282.22	0.0035433	81.508	116.59	4.6071	0.75496	1.9543	256.64	0.37260	2.0768e-05	0.031984	supercritical
199.00	99.000	277.96	0.0035976	82.905	118.52	4.6169	0.75235	1.9160	257.59	0.37201	2.0682e-05	0.031744	supercritical
200.00	99.000	273.89	0.0036511	84.273	120.42	4.6264	0.74982	1.8800	258.55	0.37126	2.0604e-05	0.031522	supercritical
201.00	99.000	269.98	0.0037039	85.614	122.28	4.6357	0.74739	1.8462	259.52	0.37036	2.0535e-05	0.031315	supercritical
202.00	99.000	266.24	0.0037560	86.928	124.11	4.6448	0.74505	1.8143	260.50	0.36933	2.0473e-05	0.031124	supercritical
203.00	99.000	262.64	0.0038075	88.218	125.91	4.6537	0.74278	1.7843	261.48	0.36819	2.0419e-05	0.030946	supercritical
204.00	99.000	259.18	0.0038583	89.485	127.68	4.6624	0.74061	1.7559	262.46	0.36694	2.0370e-05	0.030781	supercritical
205.00	99.000	255.85	0.0039085	90.730	129.42	4.6709	0.73850	1.7291	263.44	0.36560	2.0328e-05	0.030627	supercritical
206.00	99.000	252.65	0.0039581	91.955	131.14	4.6792	0.73648	1.7037	264.43	0.36417	2.0290e-05	0.030485	supercritical
207.00	99.000	249.55	0.0040071	93.161	132.83	4.6874	0.73453	1.6797	265.41	0.36267	2.0258e-05	0.030352	supercritical
208.00	99.000	246.57	0.0040557	94.349	134.50	4.6955	0.73264	1.6569	266.39	0.36109	2.0231e-05	0.030230	supercritical
209.00	99.000	243.68	0.0041037	95.520	136.15	4.7033	0.73083	1.6353	267.37	0.35946	2.0207e-05	0.030116	supercritical
210.00	99.000	240.89	0.0041512	96.674	137.77	4.7111	0.72908	1.6147	268.34	0.35778	2.0188e-05	0.030010	supercritical
211.00	99.000	238.20	0.0041982	97.813	139.38	4.7187	0.72739	1.5951	269.32	0.35605	2.0172e-05	0.029913	supercritical
212.00	99.000	235.58	0.0042448	98.938	140.96	4.7262	0.72576	1.5765	270.29	0.35427	2.0160e-05	0.029822	supercritical
213.00	99.000	233.05	0.0042910	100.05	142.53	4.7336	0.72419	1.5587	271.25	0.35246	2.0151e-05	0.029739	supercritical
214.00	99.000	230.59	0.0043367	101.15	144.08	4.7409	0.72267	1.5418	272.22	0.35062	2.0145e-05	0.029662	supercritical
215.00	99.000	228.20	0.0043820	102.23	145.61	4.7480	0.72120	1.5256	273.17	0.34875	2.0141e-05	0.029591	supercritical
216.00	99.000	225.89	0.0044270	103.30	147.13	4.7551	0.71979	1.5101	274.13	0.34685	2.0141e-05	0.029526	supercritical
217.00	99.000	223.64	0.0044715	104.37	148.63	4.7620	0.71842	1.4953	275.08	0.34493	2.0143e-05	0.029467	supercritical
218.00	99.000	221.45	0.0045157	105.42	150.12	4.7688	0.71710	1.4812	276.02	0.34299	2.0147e-05	0.029412	supercritical
219.00	99.000	219.32	0.0045596	106.46	151.60	4.7756	0.71583	1.4676	276.96	0.34104	2.0153e-05	0.029362	supercritical
220.00	99.000	217.25	0.0046031	107.49	153.06	4.7822	0.71460	1.4546	277.90	0.33907	2.0161e-05	0.029317	supercritical
221.00	99.000	215.23	0.0046463	108.51	154.51	4.7888	0.71341	1.4421	278.83	0.33709	2.0171e-05	0.029277	supercritical
222.00	99.000	213.26	0.0046891	109.52	155.94	4.7953	0.71226	1.4301	279.75	0.33511	2.0183e-05	0.029240	supercritical
223.00	99.000	211.34	0.0047317	110.52	157.37	4.8017	0.71115	1.4186	280.67	0.33312	2.0197e-05	0.029207	supercritical
224.00	99.000	209.47	0.0047739	111.52	158.78	4.8080	0.71007	1.4075	281.59	0.33112	2.0212e-05	0.029178	supercritical
225.00	99.000	207.64	0.0048159	112.50	160.18	4.8143	0.70903	1.3969	282.50	0.32912	2.0229e-05	0.029152	supercritical
226.00	99.000	205.86	0.0048576	113.48	161.57	4.8204	0.70803	1.3866	283.41	0.32712	2.0247e-05	0.029130	supercritical
227.00	99.000	204.12	0.0048990	114.45	162.95	4.8265	0.70705	1.3767	284.31	0.32511	2.0267e-05	0.029111	supercritical
228.00	99.000	202.42	0.0049402	115.42	164.33	4.8326	0.70611	1.3672	285.20	0.32311	2.0288e-05	0.029095	supercritical
229.00	99.000	200.76	0.0049811	116.38	165.69	4.8385	0.70520	1.3580	286.09	0.32111	2.0310e-05	0.029081	supercritical
230.00	99.000	199.13	0.0050218	117.33	167.04	4.8444	0.70432	1.3492	286.98	0.31911	2.0333e-05	0.029071	supercritical
231.00	99.000	197.54	0.0050622	118.27	168.39	4.8503	0.70346	1.3406	287.86	0.31712	2.0357e-05	0.029063	supercritical
232.00	99.000	195.98	0.0051024	119.21	169.72	4.8560	0.70264	1.3323	288.73	0.31513	2.0382e-05	0.029058	supercritical
233.00	99.000	194.46	0.0051424	120.14	171.05	4.8618	0.70184	1.3243	289.60	0.31315	2.0409e-05	0.029054	supercritical
234.00	99.000	192.97	0.0051822	121.07	172.37	4.8674	0.70106	1.3166	290.47	0.31117	2.0436e-05	0.029054	supercritical
235.00	99.000	191.51	0.0052217	121.99	173.69	4.8730	0.70031	1.3091	291.33	0.30920	2.0464e-05	0.029055	supercritical
236.00	99.000	190.08	0.0052611	122.91	174.99	4.8785	0.69958	1.3019	292.19	0.30724	2.0493e-05	0.029058	supercritical
237.00	99.000	188.67	0.0053002	123.82	176.29	4.8840	0.69888	1.2949	293.04	0.30528	2.0522e-05	0.029064	supercritical
238.00	99.000	187.30	0.0053392	124.72	177.58	4.8895	0.69820	1.2881	293.89	0.30334	2.0553e-05	0.029071	supercritical
239.00	99.000	185.95	0.0053779	125.62	178.87	4.8949	0.69754	1.2816	294.73	0.30140	2.0584e-05	0.029080	supercritical
240.00	99.000	184.62	0.0054165	126.52	180.14	4.9002	0.69689	1.2752	295.57	0.29947	2.0616e-05	0.029091	supercritical
241.00	99.000	183.32	0.0054549	127.41	181.42	4.9055	0.69627	1.2690	296.40	0.29755	2.0648e-05	0.029104	supercritical
242.00	99.000	182.05	0.0054931	128.30	182.68	4.9107	0.69567	1.2630	297.23	0.29564	2.0682e-05	0.029118	supercritical
243.00	99.000	180.79	0.0055311	129.18	183.94	4.9159	0.69509	1.2572	298.05	0.29374	2.0715e-05	0.029134	supercritical
244.00	99.000	179.56	0.0055690	130.06	185.20	4.9211	0.69452	1.2516	298.87	0.29185	2.0750e-05	0.029151	supercritical
245.00	99.000	178.36	0.0056067	130.94	186.45	4.9262	0.69398	1.2461	299.69	0.28998	2.0785e-05	0.029169	supercritical
246.00	99.000	177.17	0.0056443	131.81	187.69	4.9313	0.69345	1.2408	300.50	0.28811	2.0820e-05	0.029189	supercritical
247.00	99.000	176.00	0.0056817	132.68	188.93	4.9363	0.69293	1.2356	301.31	0.28625	2.0856e-05	0.029211	supercritical
248.00	99.000	174.86	0.0057189	133.54	190.16	4.9413	0.69243	1.2305	302.11	0.28441	2.0892e-05	0.029233	supercritical
249.00	99.000	173.73	0.0057560	134.40	191.39	4.9462	0.69195	1.2256	302.91	0.28258	2.0929e-05	0.029257	supercritical
250.00	99.000	172.62	0.0057930	135.26	192.61	4.9511	0.69148	1.2209	303.70	0.28075	2.0966e-05	0.029282	supercritical
251.00	99.000	171.53	0.0058298	136.11	193.83	4.9560	0.69103	1.2163	304.49	0.27894	2.1004e-05	0.029308	supercritical
252.00	99.000	170.46	0.0058665	136.97	195.04	4.9608	0.69059	1.2117	305.28	0.27715	2.1042e-05	0.029335	supercritical
253.00	99.000	169.40	0.0059030	137.81	196.25	4.9656	0.69017	1.2074	306.06	0.27536	2.1080e-05	0.029363	supercritical
254.00	99.000	168.37	0.0059394	138.66	197.46	4.9703	0.68975	1.2031	306.84	0.27358	2.1119e-05	0.029392	supercritical
255.00	99.000	167.34	0.0059757	139.50	198.66	4.9751	0.68936	1.1989	307.62	0.27182	2.1158e-05	0.029422	supercritical
256.00	99.000	166.34	0.0060119	140.34	199.86	4.9797	0.68897	1.1949	308.39	0.27007	2.1198e-05	0.029453	supercritical
257.00	99.000	165.35	0.0060479	141.18	201.05	4.9844	0.68859	1.1909	309.16	0.26833	2.1238e-05	0.029485	supercritical
258.00	99.000	164.37	0.0060838	142.01	202.24	4.9890	0.68823	1.1870	309.92	0.26660	2.1278e-05	0.029518	supercritical
259.00	99.000	163.41	0.0061196	142.84	203.42	4.9936	0.68788	1.1833	310.68	0.26488	2.1318e-05	0.029552	supercritical
260.00	99.000	162.46	0.0061552	143.67	204.60	4.9981	0.68754	1.1796	311.44	0.26318	2.1359e-05	0.029587	supercritical
261.00	99.000	161.53	0.0061908	144.49	205.78	5.0027	0.68721	1.1760	312.19	0.26148	2.1400e-05	0.029622	supercritical
262.00	99.000	160.61	0.0062262	145.32	206.96	5.0072	0.68690	1.1725	312.94	0.25980	2.1441e-05	0.029658	supercritical
263.00	99.000	159.70	0.0062616	146.14	208.13	5.0116	0.68659	1.1691	313.68	0.25813	2.1482e-05	0.029695	supercritical
264.00	99.000	158.81	0.0062968	146.96	209.30	5.0161	0.68629	1.1658	314.43	0.25648	2.1524e-05	0.029732	supercritical
265.00	99.000	157.93	0.0063319	147.77	210.46	5.0205	0.68600	1.1626	315.17	0.25483	2.1566e-05	0.029771	supercritical
266.00	99.000	157.06	0.0063670	148.59	211.62	5.0248	0.68573	1.1594	315.90	0.25320	2.1608e-05	0.029810	supercritical
267.00	99.000	156.20	0.0064019	149.40	212.78	5.0292	0.68546	1.1563	316.63	0.25157	2.1650e-05	0.029849	supercritical
268.00	99.000	155.36	0.0064367	150.21	213.93	5.0335	0.68520	1.1533	317.36	0.24996	2.1693e-05	0.029889	supercritical
269.00	99.000	154.53	0.0064714	151.02	215.08	5.0378	0.68495	1.1503	318.09	0.24836	2.1736e-05	0.029930	supercritical
270.00	99.000	153.70	0.0065061	151.82	216.23	5.0420	0.68471	1.1474	318.81	0.24677	2.1779e-05	0.029971	supercritical
271.00	99.000	152.89	0.0065406	152.63	217.38	5.0463	0.68447	1.1446	319.53	0.24520	2.1822e-05	0.030013	supercritical
272.00	99.000	152.09	0.0065750	153.43	218.52	5.0505	0.68425	1.1418	320.25	0.24363	2.1865e-05	0.030056	supercritical
273.00	99.000	151.30	0.0066094	154.23	219.66	5.0547	0.68403	1.1391	320.96	0.24207	2.1908e-05	0.030099	supercritical
274.00	99.000	150.52	0.0066437	155.03	220.80	5.0588	0.68382	1.1365	321.67	0.24053	2.1952e-05	0.030142	supercritical
275.00	99.000	149.75	0.0066779	155.83	221.94	5.0630	0.68362	1.1339	322.38	0.23900	2.1996e-05	0.030186	supercritical
276.00	99.000	148.99	0.0067119	156.62	223.07	5.0671	0.68343	1.1314	323.08	0.23748	2.2039e-05	0.030231	supercritical
277.00	99.000	148.24	0.0067460	157.41	224.20	5.0712	0.68325	1.1289	323.78	0.23597	2.2083e-05	0.030276	supercritical
278.00	99.000	147.50	0.0067799	158.21	225.33	5.0752	0.68307	1.1265	324.48	0.23447	2.2128e-05	0.030321	supercritical
279.00	99.000	146.76	0.0068137	159.00	226.45	5.0793	0.68290	1.1241	325.18	0.23298	2.2172e-05	0.030367	supercritical
280.00	99.000	146.04	0.0068475	159.78	227.58	5.0833	0.68273	1.1218	325.87	0.23150	2.2216e-05	0.030413	supercritical
281.00	99.000	145.32	0.0068812	160.57	228.70	5.0873	0.68258	1.1196	326.56	0.23003	2.2261e-05	0.030460	supercritical
282.00	99.000	144.62	0.0069148	161.36	229.81	5.0913	0.68243	1.1173	327.25	0.22857	2.2305e-05	0.030507	supercritical
283.00	99.000	143.92	0.0069484	162.14	230.93	5.0952	0.68228	1.1152	327.93	0.22713	2.2350e-05	0.030554	supercritical
284.00	99.000	143.23	0.0069818	162.92	232.04	5.0991	0.68215	1.1130	328.61	0.22569	2.2395e-05	0.030602	supercritical
285.00	99.000	142.55	0.0070152	163.71	233.16	5.1030	0.68202	1.1109	329.29	0.22426	2.2440e-05	0.030651	supercritical
286.00	99.000	141.87	0.0070485	164.49	234.27	5.1069	0.68189	1.1089	329.97	0.22285	2.2485e-05	0.030699	supercritical
287.00	99.000	141.21	0.0070818	165.26	235.37	5.1108	0.68177	1.1069	330.64	0.22144	2.2530e-05	0.030748	supercritical
288.00	99.000	140.55	0.0071150	166.04	236.48	5.1146	0.68166	1.1049	331.31	0.22004	2.2575e-05	0.030797	supercritical
289.00	99.000	139.90	0.0071481	166.82	237.58	5.1185	0.68156	1.1030	331.98	0.21866	2.2620e-05	0.030847	supercritical
290.00	99.000	139.25	0.0071811	167.59	238.69	5.1223	0.68146	1.1011	332.64	0.21728	2.2665e-05	0.030897	supercritical
291.00	99.000	138.62	0.0072141	168.37	239.79	5.1261	0.68136	1.0993	333.31	0.21591	2.2711e-05	0.030947	supercritical
292.00	99.000	137.99	0.0072470	169.14	240.89	5.1298	0.68127	1.0975	333.97	0.21456	2.2756e-05	0.030997	supercritical
293.00	99.000	137.37	0.0072799	169.91	241.98	5.1336	0.68119	1.0957	334.62	0.21321	2.2802e-05	0.031048	supercritical
294.00	99.000	136.75	0.0073127	170.68	243.08	5.1373	0.68111	1.0940	335.28	0.21187	2.2847e-05	0.031099	supercritical
295.00	99.000	136.14	0.0073454	171.45	244.17	5.1410	0.68104	1.0923	335.93	0.21054	2.2893e-05	0.031150	supercritical
296.00	99.000	135.54	0.0073780	172.22	245.26	5.1447	0.68097	1.0906	336.58	0.20922	2.2939e-05	0.031201	supercritical
297.00	99.000	134.94	0.0074107	172.99	246.35	5.1484	0.68091	1.0890	337.23	0.20791	2.2985e-05	0.031253	supercritical
298.00	99.000	134.35	0.0074432	173.75	247.44	5.1521	0.68085	1.0874	337.88	0.20661	2.3030e-05	0.031305	supercritical
299.00	99.000	133.77	0.0074757	174.52	248.53	5.1557	0.68080	1.0858	338.52	0.20532	2.3076e-05	0.031357	supercritical
300.00	99.000	133.19	0.0075081	175.28	249.61	5.1593	0.68075	1.0843	339.16	0.20404	2.3122e-05	0.031409	supercritical
301.00	99.000	132.62	0.0075405	176.04	250.69	5.1629	0.68071	1.0827	339.80	0.20276	2.3168e-05	0.031461	supercritical
302.00	99.000	132.05	0.0075728	176.81	251.78	5.1665	0.68067	1.0813	340.44	0.20150	2.3214e-05	0.031514	supercritical
303.00	99.000	131.49	0.0076051	177.57	252.86	5.1701	0.68063	1.0798	341.07	0.20024	2.3260e-05	0.031566	supercritical
304.00	99.000	130.94	0.0076373	178.33	253.94	5.1736	0.68061	1.0784	341.70	0.19899	2.3306e-05	0.031619	supercritical
305.00	99.000	130.39	0.0076694	179.09	255.01	5.1772	0.68058	1.0770	342.33	0.19776	2.3352e-05	0.031672	supercritical
306.00	99.000	129.84	0.0077015	179.84	256.09	5.1807	0.68056	1.0756	342.96	0.19652	2.3398e-05	0.031724	supercritical
307.00	99.000	129.31	0.0077336	180.60	257.16	5.1842	0.68055	1.0742	343.58	0.19530	2.3445e-05	0.031776	supercritical
308.00	99.000	128.77	0.0077656	181.36	258.24	5.1877	0.68053	1.0729	344.21	0.19409	2.3491e-05	0.031827	supercritical
309.00	99.000	128.25	0.0077975	182.11	259.31	5.1912	0.68053	1.0716	344.83	0.19288	2.3537e-05	0.031875	supercritical
310.00	99.000	127.72	0.0078294	182.87	260.38	5.1946	0.68052	1.0704	345.45	0.19169	2.3583e-05	0.031927	supercritical
311.00	99.000	127.21	0.0078613	183.62	261.45	5.1981	0.68052	1.0691	346.06	0.19050	2.3629e-05	0.031984	supercritical
312.00	99.000	126.69	0.0078931	184.38	262.52	5.2015	0.68053	1.0679	346.68	0.18932	2.3676e-05	0.032042	supercritical
313.00	99.000	126.19	0.0079248	185.13	263.59	5.2049	0.68054	1.0667	347.29	0.18814	2.3722e-05	0.032099	supercritical
314.00	99.000	125.68	0.0079565	185.88	264.65	5.2083	0.68055	1.0655	347.90	0.18698	2.3768e-05	0.032157	supercritical
315.00	99.000	125.18	0.0079882	186.63	265.72	5.2117	0.68057	1.0643	348.51	0.18582	2.3815e-05	0.032215	supercritical
316.00	99.000	124.69	0.0080198	187.39	266.78	5.2151	0.68059	1.0632	349.12	0.18467	2.3861e-05	0.032272	supercritical
317.00	99.000	124.20	0.0080514	188.14	267.84	5.2184	0.68061	1.0621	349.72	0.18353	2.3907e-05	0.032331	supercritical
318.00	99.000	123.72	0.0080829	188.88	268.91	5.2218	0.68064	1.0610	350.32	0.18240	2.3954e-05	0.032389	supercritical
319.00	99.000	123.24	0.0081144	189.63	269.97	5.2251	0.68068	1.0599	350.92	0.18127	2.4000e-05	0.032447	supercritical
320.00	99.000	122.76	0.0081458	190.38	271.03	5.2284	0.68071	1.0588	351.52	0.18015	2.4047e-05	0.032506	supercritical
321.00	99.000	122.29	0.0081772	191.13	272.08	5.2317	0.68075	1.0578	352.12	0.17904	2.4093e-05	0.032564	supercritical
322.00	99.000	121.82	0.0082086	191.88	273.14	5.2350	0.68079	1.0568	352.71	0.17794	2.4140e-05	0.032623	supercritical
323.00	99.000	121.36	0.0082399	192.62	274.20	5.2383	0.68084	1.0558	353.31	0.17684	2.4186e-05	0.032682	supercritical
324.00	99.000	120.90	0.0082712	193.37	275.25	5.2416	0.68089	1.0548	353.90	0.17575	2.4232e-05	0.032741	supercritical
325.00	99.000	120.45	0.0083024	194.11	276.31	5.2448	0.68094	1.0538	354.49	0.17467	2.4279e-05	0.032800	supercritical
326.00	99.000	120.00	0.0083336	194.86	277.36	5.2480	0.68100	1.0529	355.07	0.17359	2.4325e-05	0.032859	supercritical
327.00	99.000	119.55	0.0083647	195.60	278.41	5.2513	0.68106	1.0520	355.66	0.17252	2.4372e-05	0.032918	supercritical
328.00	99.000	119.11	0.0083958	196.35	279.46	5.2545	0.68112	1.0511	356.24	0.17146	2.4418e-05	0.032977	supercritical
329.00	99.000	118.67	0.0084269	197.09	280.52	5.2577	0.68119	1.0502	356.83	0.17041	2.4465e-05	0.033037	supercritical
330.00	99.000	118.23	0.0084580	197.83	281.56	5.2609	0.68126	1.0493	357.41	0.16936	2.4511e-05	0.033096	supercritical
331.00	99.000	117.80	0.0084890	198.57	282.61	5.2640	0.68133	1.0484	357.98	0.16832	2.4557e-05	0.033156	supercritical
332.00	99.000	117.37	0.0085199	199.31	283.66	5.2672	0.68140	1.0476	358.56	0.16729	2.4604e-05	0.033216	supercritical
333.00	99.000	116.95	0.0085508	200.06	284.71	5.2703	0.68148	1.0467	359.14	0.16626	2.4650e-05	0.033276	supercritical
334.00	99.000	116.53	0.0085817	200.80	285.76	5.2735	0.68156	1.0459	359.71	0.16524	2.4697e-05	0.033335	supercritical
335.00	99.000	116.11	0.0086126	201.54	286.80	5.2766	0.68165	1.0451	360.28	0.16423	2.4743e-05	0.033395	supercritical
336.00	99.000	115.70	0.0086434	202.28	287.85	5.2797	0.68174	1.0443	360.85	0.16322	2.4789e-05	0.033456	supercritical
337.00	99.000	115.28	0.0086742	203.02	288.89	5.2828	0.68183	1.0436	361.42	0.16222	2.4836e-05	0.033516	supercritical
338.00	99.000	114.88	0.0087049	203.75	289.93	5.2859	0.68192	1.0428	361.99	0.16122	2.4882e-05	0.033576	supercritical
339.00	99.000	114.47	0.0087356	204.49	290.97	5.2890	0.68202	1.0421	362.55	0.16023	2.4929e-05	0.033636	supercritical
340.00	99.000	114.07	0.0087663	205.23	292.02	5.2921	0.68212	1.0413	363.11	0.15925	2.4975e-05	0.033697	supercritical
341.00	99.000	113.68	0.0087969	205.97	293.06	5.2951	0.68222	1.0406	363.67	0.15828	2.5021e-05	0.033757	supercritical
342.00	99.000	113.28	0.0088276	206.71	294.10	5.2982	0.68232	1.0399	364.23	0.15731	2.5068e-05	0.033818	supercritical
343.00	99.000	112.89	0.0088581	207.44	295.14	5.3012	0.68243	1.0392	364.79	0.15634	2.5114e-05	0.033878	supercritical
344.00	99.000	112.50	0.0088887	208.18	296.18	5.3042	0.68254	1.0386	365.35	0.15539	2.5160e-05	0.033939	supercritical
345.00	99.000	112.12	0.0089192	208.91	297.21	5.3072	0.68265	1.0379	365.91	0.15444	2.5207e-05	0.034000	supercritical
346.00	99.000	111.74	0.0089497	209.65	298.25	5.3102	0.68277	1.0372	366.46	0.15349	2.5253e-05	0.034061	supercritical
347.00	99.000	111.36	0.0089801	210.39	299.29	5.3132	0.68289	1.0366	367.01	0.15255	2.5299e-05	0.034122	supercritical
348.00	99.000	110.98	0.0090106	211.12	300.33	5.3162	0.68301	1.0360	367.56	0.15162	2.5345e-05	0.034182	supercritical
349.00	99.000	110.61	0.0090409	211.86	301.36	5.3192	0.68313	1.0354	368.11	0.15069	2.5392e-05	0.034243	supercritical
350.00	99.000	110.24	0.0090713	212.59	302.40	5.3222	0.68326	1.0348	368.66	0.14977	2.5438e-05	0.034305	supercritical
351.00	99.000	109.87	0.0091016	213.32	303.43	5.3251	0.68338	1.0342	369.20	0.14885	2.5484e-05	0.034366	supercritical
352.00	99.000	109.51	0.0091319	214.06	304.46	5.3280	0.68351	1.0336	369.75	0.14794	2.5530e-05	0.034427	supercritical
353.00	99.000	109.14	0.0091622	214.79	305.50	5.3310	0.68365	1.0330	370.29	0.14704	2.5577e-05	0.034488	supercritical
354.00	99.000	108.78	0.0091925	215.53	306.53	5.3339	0.68378	1.0324	370.83	0.14614	2.5623e-05	0.034549	supercritical
355.00	99.000	108.43	0.0092227	216.26	307.56	5.3368	0.68392	1.0319	371.37	0.14524	2.5669e-05	0.034611	supercritical
356.00	99.000	108.07	0.0092529	216.99	308.59	5.3397	0.68406	1.0314	371.91	0.14435	2.5715e-05	0.034672	supercritical
357.00	99.000	107.72	0.0092830	217.72	309.63	5.3426	0.68420	1.0308	372.45	0.14347	2.5761e-05	0.034734	supercritical
358.00	99.000	107.38	0.0093131	218.46	310.66	5.3455	0.68435	1.0303	372.99	0.14259	2.5807e-05	0.034795	supercritical
359.00	99.000	107.03	0.0093432	219.19	311.69	5.3484	0.68449	1.0298	373.52	0.14172	2.5853e-05	0.034857	supercritical
360.00	99.000	106.69	0.0093733	219.92	312.72	5.3512	0.68464	1.0293	374.05	0.14085	2.5899e-05	0.034918	supercritical
361.00	99.000	106.34	0.0094034	220.65	313.74	5.3541	0.68479	1.0288	374.58	0.13999	2.5945e-05	0.034980	supercritical
362.00	99.000	106.01	0.0094334	221.38	314.77	5.3569	0.68495	1.0283	375.12	0.13914	2.5991e-05	0.035042	supercritical
363.00	99.000	105.67	0.0094634	222.11	315.80	5.3598	0.68510	1.0279	375.64	0.13829	2.6037e-05	0.035103	supercritical
364.00	99.000	105.34	0.0094934	222.84	316.83	5.3626	0.68526	1.0274	376.17	0.13744	2.6083e-05	0.035165	supercritical
365.00	99.000	105.01	0.0095233	223.58	317.86	5.3654	0.68542	1.0270	376.70	0.13660	2.6129e-05	0.035227	supercritical
366.00	99.000	104.68	0.0095532	224.31	318.88	5.3682	0.68558	1.0265	377.22	0.13576	2.6175e-05	0.035289	supercritical
367.00	99.000	104.35	0.0095831	225.04	319.91	5.3710	0.68574	1.0261	377.75	0.13493	2.6221e-05	0.035351	supercritical
368.00	99.000	104.03	0.0096130	225.77	320.93	5.3738	0.68591	1.0257	378.27	0.13411	2.6267e-05	0.035413	supercritical
369.00	99.000	103.70	0.0096429	226.50	321.96	5.3766	0.68608	1.0253	378.79	0.13328	2.6313e-05	0.035475	supercritical
370.00	99.000	103.38	0.0096727	227.23	322.99	5.3794	0.68625	1.0248	379.31	0.13247	2.6358e-05	0.035537	supercritical
371.00	99.000	103.07	0.0097025	227.96	324.01	5.3821	0.68642	1.0244	379.83	0.13166	2.6404e-05	0.035599	supercritical
372.00	99.000	102.75	0.0097323	228.69	325.03	5.3849	0.68659	1.0241	380.34	0.13085	2.6450e-05	0.035661	supercritical
373.00	99.000	102.44	0.0097620	229.41	326.06	5.3876	0.68677	1.0237	380.86	0.13005	2.6496e-05	0.035723	supercritical
374.00	99.000	102.13	0.0097917	230.14	327.08	5.3904	0.68695	1.0233	381.38	0.12925	2.6541e-05	0.035785	supercritical
375.00	99.000	101.82	0.0098214	230.87	328.10	5.3931	0.68713	1.0229	381.89	0.12846	2.6587e-05	0.035847	supercritical
376.00	99.000	101.51	0.0098511	231.60	329.13	5.3958	0.68731	1.0226	382.40	0.12767	2.6633e-05	0.035909	supercritical
377.00	99.000	101.21	0.0098808	232.33	330.15	5.3985	0.68749	1.0222	382.91	0.12689	2.6678e-05	0.035972	supercritical
378.00	99.000	100.90	0.0099104	233.06	331.17	5.4013	0.68767	1.0219	383.42	0.12611	2.6724e-05	0.036034	supercritical
379.00	99.000	100.60	0.0099400	233.79	332.19	5.4040	0.68786	1.0216	383.93	0.12534	2.6769e-05	0.036096	supercritical
380.00	99.000	100.30	0.0099696	234.52	333.22	5.4066	0.68805	1.0212	384.44	0.12457	2.6815e-05	0.036159	supercritical
381.00	99.000	100.01	0.0099992	235.24	334.24	5.4093	0.68824	1.0209	384.94	0.12380	2.6861e-05	0.036221	supercritical
382.00	99.000	99.713	0.010029	235.97	335.26	5.4120	0.68843	1.0206	385.45	0.12304	2.6906e-05	0.036283	supercritical
383.00	99.000	99.420	0.010058	236.70	336.28	5.4147	0.68863	1.0203	385.95	0.12229	2.6951e-05	0.036346	supercritical
384.00	99.000	99.130	0.010088	237.43	337.30	5.4173	0.68882	1.0200	386.45	0.12153	2.6997e-05	0.036408	supercritical
385.00	99.000	98.841	0.010117	238.16	338.32	5.4200	0.68902	1.0197	386.95	0.12079	2.7042e-05	0.036471	supercritical
386.00	99.000	98.554	0.010147	238.88	339.34	5.4226	0.68922	1.0194	387.45	0.12004	2.7088e-05	0.036533	supercritical
387.00	99.000	98.268	0.010176	239.61	340.36	5.4253	0.68942	1.0191	387.95	0.11931	2.7133e-05	0.036595	supercritical
388.00	99.000	97.985	0.010206	240.34	341.38	5.4279	0.68962	1.0189	388.45	0.11857	2.7178e-05	0.036658	supercritical
389.00	99.000	97.704	0.010235	241.07	342.39	5.4305	0.68982	1.0186	388.95	0.11784	2.7224e-05	0.036720	supercritical
390.00	99.000	97.424	0.010264	241.79	343.41	5.4331	0.69003	1.0183	389.44	0.11711	2.7269e-05	0.036783	supercritical
391.00	99.000	97.146	0.010294	242.52	344.43	5.4357	0.69023	1.0181	389.94	0.11639	2.7314e-05	0.036846	supercritical
392.00	99.000	96.870	0.010323	243.25	345.45	5.4383	0.69044	1.0178	390.43	0.11568	2.7359e-05	0.036908	supercritical
393.00	99.000	96.595	0.010352	243.98	346.47	5.4409	0.69065	1.0176	390.92	0.11496	2.7405e-05	0.036971	supercritical
394.00	99.000	96.323	0.010382	244.70	347.48	5.4435	0.69086	1.0174	391.41	0.11425	2.7450e-05	0.037033	supercritical
395.00	99.000	96.052	0.010411	245.43	348.50	5.4461	0.69107	1.0171	391.90	0.11355	2.7495e-05	0.037096	supercritical
396.00	99.000	95.782	0.010440	246.16	349.52	5.4487	0.69129	1.0169	392.39	0.11284	2.7540e-05	0.037159	supercritical
397.00	99.000	95.515	0.010470	246.89	350.53	5.4512	0.69150	1.0167	392.88	0.11215	2.7585e-05	0.037221	supercritical
398.00	99.000	95.249	0.010499	247.61	351.55	5.4538	0.69172	1.0165	393.37	0.11145	2.7630e-05	0.037284	supercritical
399.00	99.000	94.984	0.010528	248.34	352.57	5.4563	0.69194	1.0163	393.85	0.11076	2.7675e-05	0.037347	supercritical
400.00	99.000	94.722	0.010557	249.07	353.58	5.4589	0.69216	1.0161	394.34	0.11008	2.7720e-05	0.037409	supercritical
401.00	99.000	94.461	0.010586	249.79	354.60	5.4614	0.69238	1.0159	394.82	0.10940	2.7765e-05	0.037472	supercritical
402.00	99.000	94.201	0.010616	250.52	355.62	5.4640	0.69260	1.0157	395.31	0.10872	2.7810e-05	0.037535	supercritical
403.00	99.000	93.943	0.010645	251.25	356.63	5.4665	0.69283	1.0155	395.79	0.10804	2.7855e-05	0.037597	supercritical
404.00	99.000	93.687	0.010674	251.98	357.65	5.4690	0.69305	1.0153	396.27	0.10737	2.7900e-05	0.037660	supercritical
405.00	99.000	93.432	0.010703	252.70	358.66	5.4715	0.69328	1.0152	396.75	0.10671	2.7944e-05	0.037723	supercritical
406.00	99.000	93.179	0.010732	253.43	359.68	5.4740	0.69351	1.0150	397.23	0.10604	2.7989e-05	0.037786	supercritical
407.00	99.000	92.927	0.010761	254.16	360.69	5.4765	0.69373	1.0148	397.70	0.10538	2.8034e-05	0.037849	supercritical
408.00	99.000	92.677	0.010790	254.88	361.71	5.4790	0.69396	1.0147	398.18	0.10473	2.8079e-05	0.037911	supercritical
409.00	99.000	92.428	0.010819	255.61	362.72	5.4815	0.69420	1.0145	398.65	0.10407	2.8123e-05	0.037974	supercritical
410.00	99.000	92.181	0.010848	256.34	363.74	5.4840	0.69443	1.0144	399.13	0.10343	2.8168e-05	0.038037	supercritical
411.00	99.000	91.935	0.010877	257.06	364.75	5.4864	0.69466	1.0142	399.60	0.10278	2.8213e-05	0.038100	supercritical
412.00	99.000	91.690	0.010906	257.79	365.76	5.4889	0.69490	1.0141	400.08	0.10214	2.8257e-05	0.038163	supercritical
413.00	99.000	91.447	0.010935	258.52	366.78	5.4913	0.69513	1.0139	400.55	0.10150	2.8302e-05	0.038225	supercritical
414.00	99.000	91.206	0.010964	259.25	367.79	5.4938	0.69537	1.0138	401.02	0.10087	2.8346e-05	0.038288	supercritical
415.00	99.000	90.966	0.010993	259.97	368.81	5.4962	0.69561	1.0137	401.49	0.10024	2.8391e-05	0.038351	supercritical
416.00	99.000	90.727	0.011022	260.70	369.82	5.4987	0.69585	1.0136	401.96	0.099608	2.8435e-05	0.038414	supercritical
417.00	99.000	90.490	0.011051	261.43	370.83	5.5011	0.69609	1.0135	402.42	0.098984	2.8480e-05	0.038477	supercritical
418.00	99.000	90.254	0.011080	262.16	371.85	5.5035	0.69633	1.0133	402.89	0.098363	2.8524e-05	0.038540	supercritical
419.00	99.000	90.019	0.011109	262.88	372.86	5.5060	0.69657	1.0132	403.36	0.097745	2.8569e-05	0.038602	supercritical
420.00	99.000	89.786	0.011138	263.61	373.87	5.5084	0.69682	1.0131	403.82	0.097131	2.8613e-05	0.038665	supercritical
421.00	99.000	89.554	0.011167	264.34	374.89	5.5108	0.69706	1.0130	404.29	0.096521	2.8657e-05	0.038728	supercritical
422.00	99.000	89.323	0.011195	265.06	375.90	5.5132	0.69731	1.0129	404.75	0.095913	2.8702e-05	0.038791	supercritical
423.00	99.000	89.093	0.011224	265.79	376.91	5.5156	0.69756	1.0129	405.21	0.095309	2.8746e-05	0.038854	supercritical
424.00	99.000	88.865	0.011253	266.52	377.92	5.5180	0.69780	1.0128	405.67	0.094708	2.8790e-05	0.038917	supercritical
425.00	99.000	88.639	0.011282	267.25	378.94	5.5204	0.69805	1.0127	406.13	0.094111	2.8834e-05	0.038980	supercritical
426.00	99.000	88.413	0.011311	267.98	379.95	5.5227	0.69830	1.0126	406.59	0.093516	2.8878e-05	0.039042	supercritical
427.00	99.000	88.189	0.011339	268.70	380.96	5.5251	0.69855	1.0125	407.05	0.092925	2.8922e-05	0.039105	supercritical
428.00	99.000	87.966	0.011368	269.43	381.98	5.5275	0.69881	1.0125	407.51	0.092337	2.8967e-05	0.039168	supercritical
429.00	99.000	87.744	0.011397	270.16	382.99	5.5299	0.69906	1.0124	407.97	0.091752	2.9011e-05	0.039231	supercritical
430.00	99.000	87.523	0.011426	270.89	384.00	5.5322	0.69931	1.0123	408.42	0.091170	2.9055e-05	0.039294	supercritical
431.00	99.000	87.304	0.011454	271.62	385.01	5.5346	0.69957	1.0123	408.88	0.090592	2.9099e-05	0.039357	supercritical
432.00	99.000	87.086	0.011483	272.34	386.02	5.5369	0.69982	1.0122	409.33	0.090016	2.9143e-05	0.039420	supercritical
433.00	99.000	86.869	0.011512	273.07	387.04	5.5392	0.70008	1.0122	409.79	0.089443	2.9187e-05	0.039483	supercritical
434.00	99.000	86.653	0.011540	273.80	388.05	5.5416	0.70034	1.0121	410.24	0.088874	2.9230e-05	0.039545	supercritical
435.00	99.000	86.438	0.011569	274.53	389.06	5.5439	0.70060	1.0121	410.69	0.088307	2.9274e-05	0.039608	supercritical
436.00	99.000	86.225	0.011598	275.26	390.07	5.5462	0.70085	1.0120	411.14	0.087744	2.9318e-05	0.039671	supercritical
437.00	99.000	86.012	0.011626	275.99	391.08	5.5486	0.70111	1.0120	411.59	0.087183	2.9362e-05	0.039734	supercritical
438.00	99.000	85.801	0.011655	276.71	392.10	5.5509	0.70138	1.0120	412.04	0.086626	2.9406e-05	0.039797	supercritical
439.00	99.000	85.591	0.011683	277.44	393.11	5.5532	0.70164	1.0119	412.49	0.086071	2.9449e-05	0.039860	supercritical
440.00	99.000	85.382	0.011712	278.17	394.12	5.5555	0.70190	1.0119	412.94	0.085520	2.9493e-05	0.039923	supercritical
441.00	99.000	85.174	0.011741	278.90	395.13	5.5578	0.70216	1.0119	413.38	0.084971	2.9537e-05	0.039985	supercritical
442.00	99.000	84.968	0.011769	279.63	396.14	5.5601	0.70243	1.0119	413.83	0.084425	2.9581e-05	0.040048	supercritical
443.00	99.000	84.762	0.011798	280.36	397.16	5.5624	0.70269	1.0118	414.28	0.083882	2.9624e-05	0.040111	supercritical
444.00	99.000	84.557	0.011826	281.09	398.17	5.5646	0.70296	1.0118	414.72	0.083342	2.9668e-05	0.040174	supercritical
445.00	99.000	84.354	0.011855	281.82	399.18	5.5669	0.70322	1.0118	415.16	0.082804	2.9711e-05	0.040237	supercritical
446.00	99.000	84.152	0.011883	282.55	400.19	5.5692	0.70349	1.0118	415.61	0.082269	2.9755e-05	0.040300	supercritical
447.00	99.000	83.950	0.011912	283.28	401.20	5.5714	0.70376	1.0118	416.05	0.081738	2.9798e-05	0.040363	supercritical
448.00	99.000	83.750	0.011940	284.01	402.22	5.5737	0.70403	1.0118	416.49	0.081209	2.9842e-05	0.040425	supercritical
449.00	99.000	83.551	0.011969	284.74	403.23	5.5760	0.70429	1.0118	416.93	0.080682	2.9885e-05	0.040488	supercritical
450.00	99.000	83.352	0.011997	285.47	404.24	5.5782	0.70456	1.0118	417.37	0.080159	2.9928e-05	0.040551	supercritical
451.00	99.000	83.155	0.012026	286.20	405.25	5.5805	0.70483	1.0118	417.81	0.079638	2.9972e-05	0.040614	supercritical
452.00	99.000	82.959	0.012054	286.93	406.26	5.5827	0.70511	1.0118	418.25	0.079119	3.0015e-05	0.040677	supercritical
453.00	99.000	82.764	0.012083	287.66	407.27	5.5849	0.70538	1.0118	418.69	0.078604	3.0058e-05	0.040739	supercritical
454.00	99.000	82.569	0.012111	288.39	408.29	5.5872	0.70565	1.0118	419.12	0.078091	3.0102e-05	0.040802	supercritical
455.00	99.000	82.376	0.012139	289.12	409.30	5.5894	0.70592	1.0119	419.56	0.077581	3.0145e-05	0.040865	supercritical
456.00	99.000	82.184	0.012168	289.85	410.31	5.5916	0.70620	1.0119	419.99	0.077073	3.0188e-05	0.040928	supercritical
457.00	99.000	81.993	0.012196	290.58	411.32	5.5938	0.70647	1.0119	420.43	0.076568	3.0231e-05	0.040991	supercritical
458.00	99.000	81.802	0.012225	291.31	412.33	5.5960	0.70674	1.0119	420.86	0.076066	3.0274e-05	0.041053	supercritical
459.00	99.000	81.613	0.012253	292.04	413.35	5.5983	0.70702	1.0120	421.29	0.075566	3.0318e-05	0.041116	supercritical
460.00	99.000	81.424	0.012281	292.77	414.36	5.6005	0.70730	1.0120	421.73	0.075068	3.0361e-05	0.041179	supercritical
461.00	99.000	81.237	0.012310	293.50	415.37	5.6027	0.70757	1.0120	422.16	0.074574	3.0404e-05	0.041242	supercritical
462.00	99.000	81.050	0.012338	294.24	416.38	5.6048	0.70785	1.0121	422.59	0.074081	3.0447e-05	0.041304	supercritical
463.00	99.000	80.865	0.012366	294.97	417.39	5.6070	0.70813	1.0121	423.02	0.073592	3.0490e-05	0.041367	supercritical
464.00	99.000	80.680	0.012395	295.70	418.41	5.6092	0.70840	1.0121	423.45	0.073104	3.0533e-05	0.041430	supercritical
465.00	99.000	80.496	0.012423	296.43	419.42	5.6114	0.70868	1.0122	423.88	0.072619	3.0575e-05	0.041492	supercritical
466.00	99.000	80.313	0.012451	297.16	420.43	5.6136	0.70896	1.0122	424.31	0.072137	3.0618e-05	0.041555	supercritical
467.00	99.000	80.131	0.012480	297.90	421.44	5.6157	0.70924	1.0123	424.73	0.071657	3.0661e-05	0.041618	supercritical
468.00	99.000	79.950	0.012508	298.63	422.45	5.6179	0.70952	1.0123	425.16	0.071179	3.0704e-05	0.041681	supercritical
469.00	99.000	79.770	0.012536	299.36	423.47	5.6201	0.70980	1.0124	425.59	0.070704	3.0747e-05	0.041743	supercritical
470.00	99.000	79.591	0.012564	300.09	424.48	5.6222	0.71008	1.0124	426.01	0.070232	3.0789e-05	0.041806	supercritical
471.00	99.000	79.412	0.012593	300.83	425.49	5.6244	0.71036	1.0125	426.44	0.069761	3.0832e-05	0.041869	supercritical
472.00	99.000	79.234	0.012621	301.56	426.50	5.6265	0.71064	1.0125	426.86	0.069293	3.0875e-05	0.041931	supercritical
473.00	99.000	79.058	0.012649	302.29	427.52	5.6287	0.71093	1.0126	427.28	0.068827	3.0918e-05	0.041994	supercritical
474.00	99.000	78.882	0.012677	303.03	428.53	5.6308	0.71121	1.0127	427.71	0.068364	3.0960e-05	0.042057	supercritical
475.00	99.000	78.707	0.012705	303.76	429.54	5.6329	0.71149	1.0127	428.13	0.067903	3.1003e-05	0.042119	supercritical
476.00	99.000	78.532	0.012734	304.49	430.56	5.6351	0.71178	1.0128	428.55	0.067444	3.1045e-05	0.042182	supercritical
477.00	99.000	78.359	0.012762	305.23	431.57	5.6372	0.71206	1.0129	428.97	0.066988	3.1088e-05	0.042244	supercritical
478.00	99.000	78.186	0.012790	305.96	432.58	5.6393	0.71234	1.0129	429.39	0.066534	3.1130e-05	0.042307	supercritical
479.00	99.000	78.015	0.012818	306.69	433.59	5.6414	0.71263	1.0130	429.81	0.066082	3.1173e-05	0.042369	supercritical
480.00	99.000	77.844	0.012846	307.43	434.61	5.6435	0.71291	1.0131	430.23	0.065632	3.1215e-05	0.042432	supercritical
481.00	99.000	77.673	0.012874	308.16	435.62	5.6457	0.71320	1.0132	430.65	0.065184	3.1258e-05	0.042495	supercritical
482.00	99.000	77.504	0.012903	308.90	436.63	5.6478	0.71348	1.0132	431.06	0.064739	3.1300e-05	0.042557	supercritical
483.00	99.000	77.336	0.012931	309.63	437.65	5.6499	0.71377	1.0133	431.48	0.064296	3.1342e-05	0.042620	supercritical
484.00	99.000	77.168	0.012959	310.37	438.66	5.6520	0.71406	1.0134	431.90	0.063855	3.1385e-05	0.042682	supercritical
485.00	99.000	77.001	0.012987	311.10	439.67	5.6540	0.71434	1.0135	432.31	0.063416	3.1427e-05	0.042745	supercritical
486.00	99.000	76.835	0.013015	311.84	440.69	5.6561	0.71463	1.0136	432.73	0.062980	3.1469e-05	0.042807	supercritical
487.00	99.000	76.669	0.013043	312.57	441.70	5.6582	0.71492	1.0137	433.14	0.062545	3.1511e-05	0.042870	supercritical
488.00	99.000	76.504	0.013071	313.31	442.71	5.6603	0.71520	1.0138	433.56	0.062113	3.1553e-05	0.042932	supercritical
489.00	99.000	76.340	0.013099	314.05	443.73	5.6624	0.71549	1.0139	433.97	0.061683	3.1596e-05	0.042995	supercritical
490.00	99.000	76.177	0.013127	314.78	444.74	5.6644	0.71578	1.0139	434.38	0.061255	3.1638e-05	0.043057	supercritical
491.00	99.000	76.015	0.013155	315.52	445.76	5.6665	0.71607	1.0140	434.79	0.060829	3.1680e-05	0.043120	supercritical
492.00	99.000	75.853	0.013183	316.25	446.77	5.6686	0.71636	1.0141	435.20	0.060405	3.1722e-05	0.043182	supercritical
493.00	99.000	75.692	0.013211	316.99	447.78	5.6706	0.71665	1.0142	435.61	0.059983	3.1764e-05	0.043244	supercritical
494.00	99.000	75.532	0.013239	317.73	448.80	5.6727	0.71693	1.0143	436.02	0.059563	3.1806e-05	0.043307	supercritical
495.00	99.000	75.372	0.013267	318.47	449.81	5.6747	0.71722	1.0144	436.43	0.059145	3.1848e-05	0.043369	supercritical
496.00	99.000	75.214	0.013295	319.20	450.83	5.6768	0.71751	1.0145	436.84	0.058730	3.1890e-05	0.043432	supercritical
497.00	99.000	75.055	0.013323	319.94	451.84	5.6788	0.71780	1.0147	437.25	0.058316	3.1932e-05	0.043494	supercritical
498.00	99.000	74.898	0.013351	320.68	452.86	5.6809	0.71809	1.0148	437.66	0.057904	3.1974e-05	0.043556	supercritical
499.00	99.000	74.741	0.013379	321.41	453.87	5.6829	0.71838	1.0149	438.07	0.057494	3.2015e-05	0.043619	supercritical
500.00	99.000	74.585	0.013407	322.15	454.89	5.6849	0.71867	1.0150	438.47	0.057086	3.2057e-05	0.043681	supercritical
501.00	99.000	74.430	0.013435	322.89	455.90	5.6870	0.71896	1.0151	438.88	0.056681	3.2099e-05	0.043743	supercritical
502.00	99.000	74.276	0.013463	323.63	456.92	5.6890	0.71926	1.0152	439.28	0.056277	3.2141e-05	0.043806	supercritical
503.00	99.000	74.122	0.013491	324.37	457.93	5.6910	0.71955	1.0153	439.69	0.055875	3.2182e-05	0.043868	supercritical
504.00	99.000	73.968	0.013519	325.11	458.95	5.6930	0.71984	1.0154	440.09	0.055475	3.2224e-05	0.043930	supercritical
505.00	99.000	73.816	0.013547	325.85	459.96	5.6950	0.72013	1.0156	440.50	0.055076	3.2266e-05	0.043992	supercritical
506.00	99.000	73.664	0.013575	326.58	460.98	5.6970	0.72042	1.0157	440.90	0.054680	3.2307e-05	0.044055	supercritical
507.00	99.000	73.513	0.013603	327.32	461.99	5.6991	0.72071	1.0158	441.30	0.054286	3.2349e-05	0.044117	supercritical
508.00	99.000	73.362	0.013631	328.06	463.01	5.7011	0.72100	1.0159	441.70	0.053893	3.2390e-05	0.044179	supercritical
509.00	99.000	73.212	0.013659	328.80	464.03	5.7031	0.72130	1.0160	442.10	0.053503	3.2432e-05	0.044241	supercritical
510.00	99.000	73.063	0.013687	329.54	465.04	5.7050	0.72159	1.0162	442.51	0.053114	3.2473e-05	0.044303	supercritical
511.00	99.000	72.915	0.013715	330.28	466.06	5.7070	0.72188	1.0163	442.91	0.052727	3.2515e-05	0.044366	supercritical
512.00	99.000	72.767	0.013743	331.02	467.07	5.7090	0.72217	1.0164	443.31	0.052342	3.2556e-05	0.044428	supercritical
513.00	99.000	72.619	0.013770	331.76	468.09	5.7110	0.72246	1.0165	443.70	0.051959	3.2598e-05	0.044490	supercritical
514.00	99.000	72.473	0.013798	332.50	469.11	5.7130	0.72276	1.0167	444.10	0.051577	3.2639e-05	0.044552	supercritical
515.00	99.000	72.327	0.013826	333.25	470.12	5.7150	0.72305	1.0168	444.50	0.051198	3.2681e-05	0.044614	supercritical
516.00	99.000	72.181	0.013854	333.99	471.14	5.7169	0.72334	1.0169	444.90	0.050820	3.2722e-05	0.044676	supercritical
517.00	99.000	72.036	0.013882	334.73	472.16	5.7189	0.72364	1.0171	445.30	0.050444	3.2763e-05	0.044738	supercritical
518.00	99.000	71.892	0.013910	335.47	473.18	5.7209	0.72393	1.0172	445.69	0.050069	3.2804e-05	0.044800	supercritical
519.00	99.000	71.749	0.013938	336.21	474.19	5.7228	0.72422	1.0173	446.09	0.049697	3.2846e-05	0.044862	supercritical
520.00	99.000	71.606	0.013965	336.95	475.21	5.7248	0.72451	1.0175	446.48	0.049326	3.2887e-05	0.044925	supercritical
521.00	99.000	71.463	0.013993	337.70	476.23	5.7267	0.72481	1.0176	446.88	0.048957	3.2928e-05	0.044987	supercritical
522.00	99.000	71.322	0.014021	338.44	477.25	5.7287	0.72510	1.0177	447.27	0.048590	3.2969e-05	0.045049	supercritical
523.00	99.000	71.181	0.014049	339.18	478.26	5.7306	0.72539	1.0179	447.67	0.048224	3.3010e-05	0.045111	supercritical
524.00	99.000	71.040	0.014077	339.92	479.28	5.7326	0.72569	1.0180	448.06	0.047860	3.3051e-05	0.045173	supercritical
525.00	99.000	70.900	0.014104	340.67	480.30	5.7345	0.72598	1.0182	448.45	0.047498	3.3092e-05	0.045235	supercritical
526.00	99.000	70.761	0.014132	341.41	481.32	5.7365	0.72627	1.0183	448.85	0.047137	3.3133e-05	0.045296	supercritical
527.00	99.000	70.622	0.014160	342.15	482.34	5.7384	0.72657	1.0185	449.24	0.046778	3.3174e-05	0.045358	supercritical
528.00	99.000	70.484	0.014188	342.90	483.35	5.7403	0.72686	1.0186	449.63	0.046421	3.3215e-05	0.045420	supercritical
529.00	99.000	70.346	0.014215	343.64	484.37	5.7423	0.72715	1.0187	450.02	0.046065	3.3256e-05	0.045482	supercritical
530.00	99.000	70.209	0.014243	344.38	485.39	5.7442	0.72745	1.0189	450.41	0.045711	3.3297e-05	0.045544	supercritical
531.00	99.000	70.072	0.014271	345.13	486.41	5.7461	0.72774	1.0190	450.80	0.045359	3.3338e-05	0.045606	supercritical
532.00	99.000	69.936	0.014299	345.87	487.43	5.7480	0.72803	1.0192	451.19	0.045008	3.3379e-05	0.045668	supercritical
533.00	99.000	69.801	0.014326	346.62	488.45	5.7499	0.72833	1.0193	451.58	0.044659	3.3420e-05	0.045730	supercritical
534.00	99.000	69.666	0.014354	347.36	489.47	5.7518	0.72862	1.0195	451.97	0.044312	3.3460e-05	0.045792	supercritical
535.00	99.000	69.532	0.014382	348.11	490.49	5.7538	0.72891	1.0196	452.35	0.043966	3.3501e-05	0.045853	supercritical
536.00	99.000	69.398	0.014410	348.85	491.51	5.7557	0.72920	1.0198	452.74	0.043621	3.3542e-05	0.045915	supercritical
537.00	99.000	69.265	0.014437	349.60	492.53	5.7576	0.72950	1.0199	453.13	0.043279	3.3583e-05	0.045977	supercritical
538.00	99.000	69.132	0.014465	350.34	493.55	5.7595	0.72979	1.0201	453.52	0.042937	3.3623e-05	0.046039	supercritical
539.00	99.000	69.000	0.014493	351.09	494.57	5.7614	0.73008	1.0203	453.90	0.042598	3.3664e-05	0.046100	supercritical
540.00	99.000	68.868	0.014520	351.84	495.59	5.7632	0.73038	1.0204	454.29	0.042260	3.3704e-05	0.046162	supercritical
541.00	99.000	68.737	0.014548	352.58	496.61	5.7651	0.73067	1.0206	454.67	0.041923	3.3745e-05	0.046224	supercritical
542.00	99.000	68.607	0.014576	353.33	497.63	5.7670	0.73096	1.0207	455.06	0.041588	3.3786e-05	0.046286	supercritical
543.00	99.000	68.477	0.014603	354.08	498.65	5.7689	0.73126	1.0209	455.44	0.041255	3.3826e-05	0.046347	supercritical
544.00	99.000	68.347	0.014631	354.82	499.67	5.7708	0.73155	1.0210	455.82	0.040923	3.3867e-05	0.046409	supercritical
545.00	99.000	68.218	0.014659	355.57	500.69	5.7727	0.73184	1.0212	456.21	0.040592	3.3907e-05	0.046471	supercritical
546.00	99.000	68.090	0.014686	356.32	501.71	5.7745	0.73213	1.0214	456.59	0.040263	3.3947e-05	0.046532	supercritical
547.00	99.000	67.962	0.014714	357.07	502.74	5.7764	0.73243	1.0215	456.97	0.039936	3.3988e-05	0.046594	supercritical
548.00	99.000	67.835	0.014742	357.81	503.76	5.7783	0.73272	1.0217	457.35	0.039610	3.4028e-05	0.046656	supercritical
549.00	99.000	67.708	0.014769	358.56	504.78	5.7801	0.73301	1.0219	457.73	0.039285	3.4069e-05	0.046717	supercritical
550.00	99.000	67.581	0.014797	359.31	505.80	5.7820	0.73330	1.0220	458.12	0.038962	3.4109e-05	0.046779	supercritical
551.00	99.000	67.455	0.014825	360.06	506.82	5.7838	0.73360	1.0222	458.50	0.038640	3.4149e-05	0.046840	supercritical
552.00	99.000	67.330	0.014852	360.81	507.84	5.7857	0.73389	1.0224	458.88	0.038320	3.4189e-05	0.046902	supercritical
553.00	99.000	67.205	0.014880	361.56	508.87	5.7875	0.73418	1.0225	459.26	0.038001	3.4230e-05	0.046963	supercritical
554.00	99.000	67.080	0.014907	362.31	509.89	5.7894	0.73447	1.0227	459.63	0.037684	3.4270e-05	0.047025	supercritical
555.00	99.000	66.956	0.014935	363.06	510.91	5.7912	0.73476	1.0229	460.01	0.037368	3.4310e-05	0.047086	supercritical
556.00	99.000	66.833	0.014963	363.81	511.94	5.7931	0.73505	1.0230	460.39	0.037053	3.4350e-05	0.047148	supercritical
557.00	99.000	66.710	0.014990	364.56	512.96	5.7949	0.73535	1.0232	460.77	0.036740	3.4390e-05	0.047209	supercritical
558.00	99.000	66.587	0.015018	365.31	513.98	5.7968	0.73564	1.0234	461.15	0.036428	3.4430e-05	0.047271	supercritical
559.00	99.000	66.465	0.015045	366.06	515.01	5.7986	0.73593	1.0235	461.52	0.036118	3.4470e-05	0.047332	supercritical
560.00	99.000	66.344	0.015073	366.81	516.03	5.8004	0.73622	1.0237	461.90	0.035809	3.4511e-05	0.047394	supercritical
561.00	99.000	66.223	0.015101	367.56	517.05	5.8022	0.73651	1.0239	462.28	0.035501	3.4551e-05	0.047455	supercritical
562.00	99.000	66.102	0.015128	368.31	518.08	5.8041	0.73680	1.0240	462.65	0.035195	3.4590e-05	0.047516	supercritical
563.00	99.000	65.982	0.015156	369.06	519.10	5.8059	0.73709	1.0242	463.03	0.034890	3.4630e-05	0.047578	supercritical
564.00	99.000	65.862	0.015183	369.81	520.13	5.8077	0.73738	1.0244	463.40	0.034587	3.4670e-05	0.047639	supercritical
565.00	99.000	65.743	0.015211	370.56	521.15	5.8095	0.73767	1.0246	463.78	0.034284	3.4710e-05	0.047700	supercritical
566.00	99.000	65.624	0.015238	371.31	522.17	5.8113	0.73796	1.0247	464.15	0.033983	3.4750e-05	0.047762	supercritical
567.00	99.000	65.506	0.015266	372.07	523.20	5.8131	0.73825	1.0249	464.52	0.033684	3.4790e-05	0.047823	supercritical
568.00	99.000	65.388	0.015293	372.82	524.22	5.8149	0.73854	1.0251	464.90	0.033386	3.4830e-05	0.047884	supercritical
569.00	99.000	65.270	0.015321	373.57	525.25	5.8167	0.73883	1.0253	465.27	0.033089	3.4870e-05	0.047945	supercritical
570.00	99.000	65.153	0.015348	374.33	526.27	5.8185	0.73912	1.0254	465.64	0.032793	3.4909e-05	0.048007	supercritical
571.00	99.000	65.037	0.015376	375.08	527.30	5.8203	0.73941	1.0256	466.01	0.032498	3.4949e-05	0.048068	supercritical
572.00	99.000	64.921	0.015403	375.83	528.33	5.8221	0.73970	1.0258	466.38	0.032205	3.4989e-05	0.048129	supercritical
573.00	99.000	64.805	0.015431	376.59	529.35	5.8239	0.73999	1.0260	466.75	0.031914	3.5028e-05	0.048190	supercritical
574.00	99.000	64.690	0.015458	377.34	530.38	5.8257	0.74028	1.0262	467.13	0.031623	3.5068e-05	0.048251	supercritical
575.00	99.000	64.575	0.015486	378.09	531.40	5.8275	0.74056	1.0263	467.50	0.031334	3.5108e-05	0.048313	supercritical
576.00	99.000	64.460	0.015513	378.85	532.43	5.8293	0.74085	1.0265	467.87	0.031046	3.5147e-05	0.048374	supercritical
577.00	99.000	64.346	0.015541	379.60	533.46	5.8311	0.74114	1.0267	468.23	0.030759	3.5187e-05	0.048435	supercritical
578.00	99.000	64.233	0.015568	380.36	534.48	5.8329	0.74143	1.0269	468.60	0.030473	3.5226e-05	0.048496	supercritical
579.00	99.000	64.120	0.015596	381.11	535.51	5.8346	0.74172	1.0271	468.97	0.030189	3.5266e-05	0.048557	supercritical
580.00	99.000	64.007	0.015623	381.87	536.54	5.8364	0.74200	1.0272	469.34	0.029906	3.5305e-05	0.048618	supercritical
581.00	99.000	63.894	0.015651	382.62	537.57	5.8382	0.74229	1.0274	469.71	0.029624	3.5345e-05	0.048679	supercritical
582.00	99.000	63.783	0.015678	383.38	538.59	5.8399	0.74258	1.0276	470.08	0.029343	3.5384e-05	0.048740	supercritical
583.00	99.000	63.671	0.015706	384.13	539.62	5.8417	0.74286	1.0278	470.44	0.029064	3.5424e-05	0.048801	supercritical
584.00	99.000	63.560	0.015733	384.89	540.65	5.8435	0.74315	1.0280	470.81	0.028785	3.5463e-05	0.048862	supercritical
585.00	99.000	63.449	0.015761	385.65	541.68	5.8452	0.74344	1.0281	471.17	0.028508	3.5502e-05	0.048923	supercritical
586.00	99.000	63.339	0.015788	386.40	542.70	5.8470	0.74372	1.0283	471.54	0.028232	3.5542e-05	0.048984	supercritical
587.00	99.000	63.229	0.015815	387.16	543.73	5.8487	0.74401	1.0285	471.91	0.027958	3.5581e-05	0.049045	supercritical
588.00	99.000	63.120	0.015843	387.92	544.76	5.8505	0.74429	1.0287	472.27	0.027684	3.5620e-05	0.049106	supercritical
589.00	99.000	63.011	0.015870	388.67	545.79	5.8522	0.74458	1.0289	472.64	0.027412	3.5660e-05	0.049167	supercritical
590.00	99.000	62.902	0.015898	389.43	546.82	5.8540	0.74486	1.0291	473.00	0.027141	3.5699e-05	0.049228	supercritical
591.00	99.000	62.794	0.015925	390.19	547.85	5.8557	0.74515	1.0293	473.36	0.026870	3.5738e-05	0.049289	supercritical
592.00	99.000	62.686	0.015953	390.95	548.88	5.8575	0.74543	1.0294	473.73	0.026602	3.5777e-05	0.049350	supercritical
593.00	99.000	62.578	0.015980	391.71	549.91	5.8592	0.74572	1.0296	474.09	0.026334	3.5816e-05	0.049410	supercritical
594.00	99.000	62.471	0.016007	392.46	550.94	5.8609	0.74600	1.0298	474.45	0.026067	3.5855e-05	0.049471	supercritical
595.00	99.000	62.364	0.016035	393.22	551.97	5.8627	0.74628	1.0300	474.82	0.025802	3.5894e-05	0.049532	supercritical
596.00	99.000	62.258	0.016062	393.98	553.00	5.8644	0.74657	1.0302	475.18	0.025537	3.5933e-05	0.049593	supercritical
597.00	99.000	62.152	0.016090	394.74	554.03	5.8661	0.74685	1.0304	475.54	0.025274	3.5972e-05	0.049654	supercritical
598.00	99.000	62.046	0.016117	395.50	555.06	5.8678	0.74713	1.0306	475.90	0.025012	3.6011e-05	0.049714	supercritical
599.00	99.000	61.941	0.016144	396.26	556.09	5.8696	0.74742	1.0307	476.26	0.024750	3.6050e-05	0.049775	supercritical
600.00	99.000	61.836	0.016172	397.02	557.12	5.8713	0.74770	1.0309	476.62	0.024490	3.6089e-05	0.049836	supercritical
