Temperature (K)	Pressure (bar)	Density (kg/m3)	Volume (m3/kg)	Internal Energy (kJ/kg)	Enthalpy (kJ/kg)	Entropy (J/g*K)	Cv (J/g*K)	Cp (J/g*K)	Sound Spd. (m/s)	Joule-Thomson (K/bar)	Viscosity (Pa*s)	Therm. Cond. (W/m*K)	Phase
60.000	72.000	1290.5	0.00077489	-185.30	-179.72	2.2383	1.0913	1.6583	1147.1	-0.037467	0.00061193	0.19685	liquid
61.000	72.000	1286.2	0.00077746	-183.66	-178.06	2.2657	1.0826	1.6601	1143.2	-0.037311	0.00058308	0.19550	liquid
62.000	72.000	1281.9	0.00078007	-182.02	-176.40	2.2927	1.0748	1.6616	1138.6	-0.037169	0.00055615	0.19415	liquid
63.000	72.000	1277.6	0.00078271	-180.38	-174.74	2.3193	1.0678	1.6628	1133.4	-0.037038	0.00053100	0.19280	liquid
64.000	72.000	1273.3	0.00078537	-178.73	-173.08	2.3455	1.0613	1.6636	1127.7	-0.036918	0.00050750	0.19145	liquid
65.000	72.000	1268.9	0.00078806	-177.09	-171.41	2.3713	1.0552	1.6642	1121.7	-0.036805	0.00048552	0.19010	liquid
66.000	72.000	1264.6	0.00079077	-175.44	-169.75	2.3967	1.0495	1.6645	1115.3	-0.036699	0.00046496	0.18875	liquid
67.000	72.000	1260.2	0.00079351	-173.80	-168.08	2.4217	1.0440	1.6646	1108.7	-0.036597	0.00044571	0.18740	liquid
68.000	72.000	1255.9	0.00079627	-172.15	-166.42	2.4464	1.0388	1.6646	1101.8	-0.036498	0.00042766	0.18605	liquid
69.000	72.000	1251.5	0.00079906	-170.51	-164.75	2.4707	1.0337	1.6644	1094.9	-0.036401	0.00041073	0.18470	liquid
70.000	72.000	1247.1	0.00080187	-168.86	-163.09	2.4946	1.0287	1.6641	1087.7	-0.036303	0.00039484	0.18335	liquid
71.000	72.000	1242.7	0.00080471	-167.22	-161.43	2.5182	1.0239	1.6638	1080.5	-0.036204	0.00037990	0.18201	liquid
72.000	72.000	1238.3	0.00080757	-165.58	-159.76	2.5415	1.0191	1.6634	1073.2	-0.036103	0.00036585	0.18066	liquid
73.000	72.000	1233.9	0.00081046	-163.94	-158.10	2.5645	1.0144	1.6630	1065.9	-0.035998	0.00035261	0.17931	liquid
74.000	72.000	1229.4	0.00081337	-162.29	-156.44	2.5871	1.0098	1.6625	1058.5	-0.035890	0.00034014	0.17796	liquid
75.000	72.000	1225.0	0.00081632	-160.65	-154.77	2.6094	1.0053	1.6622	1051.1	-0.035776	0.00032837	0.17661	liquid
76.000	72.000	1220.6	0.00081928	-159.01	-153.11	2.6314	1.0008	1.6618	1043.6	-0.035657	0.00031726	0.17526	liquid
77.000	72.000	1216.1	0.00082228	-157.37	-151.45	2.6531	0.99639	1.6615	1036.1	-0.035532	0.00030675	0.17391	liquid
78.000	72.000	1211.7	0.00082531	-155.73	-149.79	2.6746	0.99202	1.6613	1028.6	-0.035399	0.00029681	0.17256	liquid
79.000	72.000	1207.2	0.00082837	-154.09	-148.13	2.6957	0.98771	1.6611	1021.1	-0.035259	0.00028739	0.17121	liquid
80.000	72.000	1202.7	0.00083145	-152.45	-146.47	2.7166	0.98344	1.6611	1013.6	-0.035111	0.00027846	0.16986	liquid
81.000	72.000	1198.2	0.00083457	-150.82	-144.81	2.7373	0.97922	1.6612	1006.1	-0.034955	0.00026998	0.16851	liquid
82.000	72.000	1193.7	0.00083772	-149.18	-143.15	2.7576	0.97505	1.6613	998.60	-0.034790	0.00026192	0.16716	liquid
83.000	72.000	1189.2	0.00084091	-147.54	-141.48	2.7778	0.97093	1.6616	991.08	-0.034615	0.00025426	0.16581	liquid
84.000	72.000	1184.7	0.00084413	-145.90	-139.82	2.7977	0.96687	1.6620	983.56	-0.034431	0.00024696	0.16445	liquid
85.000	72.000	1180.1	0.00084738	-144.26	-138.16	2.8173	0.96285	1.6625	976.03	-0.034236	0.00024001	0.16309	liquid
86.000	72.000	1175.5	0.00085067	-142.62	-136.50	2.8368	0.95888	1.6632	968.50	-0.034031	0.00023337	0.16174	liquid
87.000	72.000	1171.0	0.00085400	-140.98	-134.83	2.8560	0.95496	1.6639	960.97	-0.033815	0.00022704	0.16038	liquid
88.000	72.000	1166.4	0.00085737	-139.34	-133.17	2.8750	0.95109	1.6649	953.44	-0.033588	0.00022098	0.15902	liquid
89.000	72.000	1161.7	0.00086078	-137.70	-131.50	2.8939	0.94727	1.6659	945.90	-0.033349	0.00021519	0.15766	liquid
90.000	72.000	1157.1	0.00086423	-136.06	-129.84	2.9125	0.94349	1.6672	938.36	-0.033098	0.00020964	0.15630	liquid
91.000	72.000	1152.4	0.00086772	-134.42	-128.17	2.9309	0.93977	1.6685	930.82	-0.032834	0.00020432	0.15493	liquid
92.000	72.000	1147.8	0.00087126	-132.77	-126.50	2.9492	0.93610	1.6700	923.26	-0.032558	0.00019921	0.15357	liquid
93.000	72.000	1143.1	0.00087484	-131.13	-124.83	2.9672	0.93247	1.6717	915.70	-0.032268	0.00019431	0.15220	liquid
94.000	72.000	1138.3	0.00087847	-129.48	-123.16	2.9851	0.92890	1.6735	908.13	-0.031965	0.00018960	0.15084	liquid
95.000	72.000	1133.6	0.00088215	-127.83	-121.48	3.0028	0.92537	1.6755	900.55	-0.031648	0.00018506	0.14947	liquid
96.000	72.000	1128.8	0.00088588	-126.18	-119.81	3.0204	0.92189	1.6777	892.96	-0.031315	0.00018070	0.14810	liquid
97.000	72.000	1124.0	0.00088966	-124.53	-118.13	3.0378	0.91846	1.6800	885.36	-0.030968	0.00017649	0.14672	liquid
98.000	72.000	1119.2	0.00089350	-122.88	-116.45	3.0550	0.91507	1.6825	877.74	-0.030605	0.00017243	0.14535	liquid
99.000	72.000	1114.3	0.00089739	-121.22	-114.76	3.0721	0.91173	1.6852	870.10	-0.030226	0.00016850	0.14398	liquid
100.00	72.000	1109.5	0.00090134	-119.56	-113.07	3.0891	0.90844	1.6881	862.46	-0.029830	0.00016471	0.14260	liquid
101.00	72.000	1104.5	0.00090535	-117.90	-111.39	3.1059	0.90520	1.6911	854.79	-0.029417	0.00016105	0.14122	liquid
102.00	72.000	1099.6	0.00090942	-116.24	-109.69	3.1226	0.90200	1.6944	847.10	-0.028986	0.00015750	0.13984	liquid
103.00	72.000	1094.6	0.00091355	-114.57	-108.00	3.1391	0.89885	1.6978	839.40	-0.028535	0.00015406	0.13846	liquid
104.00	72.000	1089.6	0.00091775	-112.90	-106.30	3.1555	0.89575	1.7014	831.67	-0.028066	0.00015073	0.13708	liquid
105.00	72.000	1084.6	0.00092202	-111.23	-104.59	3.1718	0.89269	1.7053	823.92	-0.027575	0.00014750	0.13570	liquid
106.00	72.000	1079.5	0.00092635	-109.56	-102.89	3.1880	0.88967	1.7093	816.14	-0.027064	0.00014436	0.13432	liquid
107.00	72.000	1074.4	0.00093077	-107.88	-101.17	3.2041	0.88671	1.7136	808.34	-0.026531	0.00014131	0.13293	liquid
108.00	72.000	1069.2	0.00093526	-106.19	-99.459	3.2200	0.88378	1.7181	800.51	-0.025974	0.00013834	0.13155	liquid
109.00	72.000	1064.0	0.00093982	-104.51	-97.738	3.2359	0.88091	1.7229	792.65	-0.025394	0.00013546	0.13017	liquid
110.00	72.000	1058.8	0.00094447	-102.81	-96.013	3.2517	0.87808	1.7279	784.76	-0.024788	0.00013265	0.12879	liquid
111.00	72.000	1053.5	0.00094921	-101.12	-94.283	3.2673	0.87529	1.7331	776.83	-0.024156	0.00012991	0.12741	liquid
112.00	72.000	1048.2	0.00095403	-99.416	-92.547	3.2829	0.87255	1.7386	768.88	-0.023497	0.00012724	0.12602	liquid
113.00	72.000	1042.8	0.00095895	-97.710	-90.805	3.2984	0.86986	1.7444	760.89	-0.022808	0.00012463	0.12464	liquid
114.00	72.000	1037.4	0.00096397	-95.998	-89.058	3.3138	0.86721	1.7505	752.85	-0.022090	0.00012209	0.12325	liquid
115.00	72.000	1031.9	0.00096908	-94.281	-87.304	3.3291	0.86462	1.7570	744.78	-0.021339	0.00011961	0.12187	liquid
116.00	72.000	1026.4	0.00097430	-92.559	-85.544	3.3443	0.86206	1.7637	736.67	-0.020554	0.00011718	0.12048	liquid
117.00	72.000	1020.8	0.00097963	-90.830	-83.777	3.3595	0.85956	1.7708	728.52	-0.019734	0.00011480	0.11910	liquid
118.00	72.000	1015.2	0.00098507	-89.095	-82.002	3.3746	0.85711	1.7782	720.32	-0.018877	0.00011248	0.11771	liquid
119.00	72.000	1009.4	0.00099064	-87.353	-80.220	3.3896	0.85470	1.7860	712.07	-0.017980	0.00011021	0.11632	liquid
120.00	72.000	1003.7	0.00099633	-85.604	-78.430	3.4046	0.85235	1.7943	703.77	-0.017042	0.00010798	0.11493	liquid
121.00	72.000	997.85	0.0010022	-83.847	-76.631	3.4195	0.85004	1.8029	695.42	-0.016059	0.00010580	0.11355	liquid
122.00	72.000	991.96	0.0010081	-82.082	-74.824	3.4344	0.84779	1.8120	687.01	-0.015030	0.00010366	0.11216	liquid
123.00	72.000	985.98	0.0010142	-80.310	-73.007	3.4492	0.84560	1.8216	678.55	-0.013950	0.00010156	0.11077	liquid
124.00	72.000	979.94	0.0010205	-78.528	-71.181	3.4640	0.84346	1.8317	670.03	-0.012818	9.9496e-05	0.10938	liquid
125.00	72.000	973.81	0.0010269	-76.737	-69.344	3.4788	0.84137	1.8424	661.44	-0.011630	9.7472e-05	0.10799	liquid
126.00	72.000	967.61	0.0010335	-74.937	-67.496	3.4935	0.83935	1.8536	652.79	-0.010381	9.5483e-05	0.10661	liquid
127.00	72.000	961.31	0.0010402	-73.126	-65.636	3.5082	0.83738	1.8655	644.07	-0.0090683	9.3528e-05	0.10522	liquid
128.00	72.000	954.93	0.0010472	-71.304	-63.765	3.5229	0.83548	1.8780	635.27	-0.0076870	9.1606e-05	0.10383	liquid
129.00	72.000	948.45	0.0010544	-69.471	-61.880	3.5376	0.83364	1.8913	626.40	-0.0062322	8.9715e-05	0.10244	liquid
130.00	72.000	941.87	0.0010617	-67.626	-59.982	3.5522	0.83187	1.9054	617.45	-0.0046983	8.7853e-05	0.10106	liquid
131.00	72.000	935.18	0.0010693	-65.768	-58.069	3.5669	0.83018	1.9204	608.41	-0.0030795	8.6019e-05	0.099668	liquid
132.00	72.000	928.38	0.0010771	-63.896	-56.141	3.5815	0.82855	1.9362	599.28	-0.0013692	8.4213e-05	0.098280	liquid
133.00	72.000	921.46	0.0010852	-62.010	-54.196	3.5962	0.82701	1.9531	590.06	0.00044018	8.2432e-05	0.096893	liquid
134.00	72.000	914.41	0.0010936	-60.108	-52.234	3.6109	0.82555	1.9711	580.74	0.0023566	8.0676e-05	0.095506	liquid
135.00	72.000	907.23	0.0011023	-58.190	-50.253	3.6256	0.82418	1.9904	571.32	0.0043894	7.8942e-05	0.094118	liquid
136.00	72.000	899.90	0.0011112	-56.254	-48.253	3.6404	0.82289	2.0109	561.79	0.0065486	7.7231e-05	0.092731	liquid
137.00	72.000	892.42	0.0011205	-54.299	-46.231	3.6552	0.82171	2.0330	552.14	0.0088458	7.5540e-05	0.091344	liquid
138.00	72.000	884.78	0.0011302	-52.324	-44.186	3.6701	0.82064	2.0567	542.36	0.011294	7.3868e-05	0.089956	liquid
139.00	72.000	876.96	0.0011403	-50.327	-42.117	3.6850	0.81967	2.0822	532.45	0.013908	7.2215e-05	0.088567	liquid
140.00	72.000	868.95	0.0011508	-48.307	-40.021	3.7000	0.81883	2.1097	522.41	0.016704	7.0579e-05	0.087178	liquid
141.00	72.000	860.74	0.0011618	-46.262	-37.897	3.7152	0.81813	2.1396	512.22	0.019701	6.8957e-05	0.085787	liquid
142.00	72.000	852.30	0.0011733	-44.189	-35.741	3.7304	0.81756	2.1720	501.86	0.022921	6.7350e-05	0.084395	liquid
143.00	72.000	843.63	0.0011853	-42.086	-33.552	3.7458	0.81716	2.2073	491.35	0.026389	6.5755e-05	0.083002	liquid
144.00	72.000	834.70	0.0011980	-39.951	-31.325	3.7613	0.81693	2.2460	480.65	0.030134	6.4171e-05	0.081606	liquid
145.00	72.000	825.48	0.0012114	-37.781	-29.059	3.7770	0.81689	2.2885	469.76	0.034190	6.2595e-05	0.080207	liquid
146.00	72.000	815.95	0.0012256	-35.571	-26.747	3.7929	0.81706	2.3354	458.67	0.038595	6.1027e-05	0.078804	liquid
147.00	72.000	806.07	0.0012406	-33.318	-24.386	3.8090	0.81747	2.3874	447.36	0.043396	5.9463e-05	0.077396	liquid
148.00	72.000	795.81	0.0012566	-31.018	-21.970	3.8254	0.81815	2.4454	435.83	0.048648	5.7902e-05	0.075983	liquid
149.00	72.000	785.12	0.0012737	-28.664	-19.493	3.8420	0.81912	2.5104	424.04	0.054414	5.6340e-05	0.074564	liquid
150.00	72.000	773.95	0.0012921	-26.249	-16.947	3.8591	0.82044	2.5839	412.00	0.060774	5.4775e-05	0.073136	liquid
151.00	72.000	762.24	0.0013119	-23.768	-14.322	3.8765	0.82215	2.6676	399.68	0.067821	5.3202e-05	0.071698	liquid
152.00	72.000	749.90	0.0013335	-21.209	-11.607	3.8944	0.82431	2.7635	387.08	0.075671	5.1618e-05	0.070249	liquid
153.00	72.000	736.86	0.0013571	-18.561	-8.7896	3.9129	0.82699	2.8748	374.16	0.084466	5.0017e-05	0.068786	liquid
154.00	72.000	723.00	0.0013831	-15.810	-5.8514	3.9320	0.83027	3.0052	360.91	0.094384	4.8394e-05	0.067306	liquid
155.00	72.000	708.16	0.0014121	-12.938	-2.7712	3.9520	0.83425	3.1597	347.33	0.10565	4.6739e-05	0.065806	supercritical
156.00	72.000	692.19	0.0014447	-9.9233	0.47852	3.9729	0.83908	3.3456	333.39	0.11855	4.5045e-05	0.064283	supercritical
157.00	72.000	674.84	0.0014818	-6.7356	3.9336	3.9950	0.84492	3.5723	319.07	0.13344	4.3300e-05	0.062733	supercritical
158.00	72.000	655.83	0.0015248	-3.3376	7.6410	4.0185	0.85197	3.8528	304.39	0.15081	4.1489e-05	0.061151	supercritical
159.00	72.000	634.76	0.0015754	0.32007	11.663	4.0439	0.86049	4.2046	289.35	0.17125	3.9594e-05	0.059531	supercritical
160.00	72.000	611.17	0.0016362	4.3002	16.081	4.0716	0.87077	4.6484	274.07	0.19550	3.7595e-05	0.057863	supercritical
161.00	72.000	584.50	0.0017109	8.6787	20.997	4.1022	0.88295	5.2034	258.78	0.22437	3.5472e-05	0.056121	supercritical
162.00	72.000	554.23	0.0018043	13.533	26.524	4.1364	0.89663	5.8659	244.02	0.25852	3.3217e-05	0.054255	supercritical
163.00	72.000	520.25	0.0019221	18.900	32.740	4.1747	0.90999	6.5561	230.77	0.29782	3.0856e-05	0.052171	supercritical
164.00	72.000	483.63	0.0020677	24.684	39.572	4.2164	0.91909	7.0479	220.34	0.34031	2.8492e-05	0.049764	supercritical
165.00	72.000	447.09	0.0022367	30.566	46.670	4.2596	0.91974	7.0549	213.63	0.38185	2.6308e-05	0.047029	supercritical
166.00	72.000	413.86	0.0024163	36.115	53.512	4.3009	0.91169	6.5661	210.32	0.41812	2.4474e-05	0.044193	supercritical
167.00	72.000	385.64	0.0025931	41.062	59.732	4.3383	0.89860	5.8632	209.30	0.44725	2.3036e-05	0.041564	supercritical
168.00	72.000	362.31	0.0027601	45.374	65.247	4.3712	0.88414	5.1807	209.54	0.46962	2.1937e-05	0.039304	supercritical
169.00	72.000	342.99	0.0029155	49.137	70.129	4.4002	0.87025	4.6027	210.44	0.48646	2.1095e-05	0.037421	supercritical
170.00	72.000	326.80	0.0030600	52.458	74.489	4.4259	0.85759	4.1342	211.67	0.49899	2.0441e-05	0.035862	supercritical
171.00	72.000	313.02	0.0031947	55.426	78.428	4.4490	0.84626	3.7571	213.08	0.50819	1.9924e-05	0.034565	supercritical
172.00	72.000	301.11	0.0033211	58.116	82.027	4.4700	0.83614	3.4515	214.58	0.51482	1.9509e-05	0.033475	supercritical
173.00	72.000	290.67	0.0034403	60.579	85.349	4.4893	0.82708	3.2008	216.13	0.51944	1.9172e-05	0.032550	supercritical
174.00	72.000	281.42	0.0035534	62.859	88.443	4.5071	0.81890	2.9925	217.70	0.52249	1.8894e-05	0.031757	supercritical
175.00	72.000	273.14	0.0036611	64.985	91.345	4.5237	0.81147	2.8171	219.27	0.52428	1.8664e-05	0.031072	supercritical
176.00	72.000	265.66	0.0037642	66.984	94.086	4.5394	0.80467	2.6677	220.84	0.52507	1.8471e-05	0.030476	supercritical
177.00	72.000	258.85	0.0038632	68.873	96.688	4.5541	0.79842	2.5391	222.40	0.52504	1.8310e-05	0.029953	supercritical
178.00	72.000	252.61	0.0039586	70.667	99.169	4.5681	0.79263	2.4272	223.94	0.52436	1.8174e-05	0.029492	supercritical
179.00	72.000	246.86	0.0040508	72.381	101.55	4.5814	0.78726	2.3291	225.46	0.52313	1.8059e-05	0.029083	supercritical
180.00	72.000	241.54	0.0041401	74.023	103.83	4.5941	0.78224	2.2424	226.97	0.52147	1.7963e-05	0.028720	supercritical
181.00	72.000	236.58	0.0042268	75.602	106.03	4.6063	0.77754	2.1653	228.45	0.51944	1.7881e-05	0.028395	supercritical
182.00	72.000	231.95	0.0043112	77.124	108.16	4.6181	0.77313	2.0962	229.92	0.51711	1.7813e-05	0.028104	supercritical
183.00	72.000	227.61	0.0043934	78.597	110.23	4.6294	0.76898	2.0339	231.36	0.51454	1.7756e-05	0.027843	supercritical
184.00	72.000	223.53	0.0044736	80.024	112.23	4.6403	0.76506	1.9776	232.79	0.51176	1.7710e-05	0.027608	supercritical
185.00	72.000	219.68	0.0045521	81.411	114.19	4.6509	0.76135	1.9263	234.19	0.50880	1.7672e-05	0.027397	supercritical
186.00	72.000	216.04	0.0046288	82.761	116.09	4.6611	0.75784	1.8795	235.57	0.50571	1.7641e-05	0.027206	supercritical
187.00	72.000	212.58	0.0047041	84.077	117.95	4.6711	0.75451	1.8365	236.94	0.50251	1.7618e-05	0.027033	supercritical
188.00	72.000	209.30	0.0047779	85.362	119.76	4.6808	0.75134	1.7970	238.29	0.49921	1.7600e-05	0.026877	supercritical
189.00	72.000	206.17	0.0048504	86.619	121.54	4.6902	0.74833	1.7605	239.62	0.49583	1.7588e-05	0.026736	supercritical
190.00	72.000	203.19	0.0049216	87.849	123.28	4.6994	0.74546	1.7267	240.93	0.49240	1.7581e-05	0.026608	supercritical
191.00	72.000	200.33	0.0049917	89.055	125.00	4.7084	0.74273	1.6953	242.22	0.48892	1.7578e-05	0.026493	supercritical
192.00	72.000	197.60	0.0050607	90.239	126.68	4.7172	0.74012	1.6660	243.50	0.48540	1.7579e-05	0.026389	supercritical
193.00	72.000	194.98	0.0051287	91.402	128.33	4.7258	0.73763	1.6387	244.76	0.48185	1.7584e-05	0.026295	supercritical
194.00	72.000	192.47	0.0051957	92.545	129.95	4.7342	0.73524	1.6132	246.00	0.47829	1.7592e-05	0.026211	supercritical
195.00	72.000	190.05	0.0052618	93.670	131.56	4.7424	0.73297	1.5893	247.23	0.47472	1.7603e-05	0.026136	supercritical
196.00	72.000	187.72	0.0053271	94.778	133.13	4.7505	0.73079	1.5668	248.44	0.47114	1.7617e-05	0.026068	supercritical
197.00	72.000	185.48	0.0053915	95.870	134.69	4.7584	0.72870	1.5456	249.64	0.46756	1.7633e-05	0.026007	supercritical
198.00	72.000	183.31	0.0054552	96.947	136.22	4.7662	0.72670	1.5257	250.83	0.46398	1.7651e-05	0.025954	supercritical
199.00	72.000	181.22	0.0055181	98.010	137.74	4.7738	0.72478	1.5068	252.00	0.46041	1.7672e-05	0.025907	supercritical
200.00	72.000	179.20	0.0055804	99.060	139.24	4.7813	0.72294	1.4890	253.15	0.45686	1.7695e-05	0.025865	supercritical
201.00	72.000	177.24	0.0056420	100.10	140.72	4.7887	0.72118	1.4722	254.30	0.45332	1.7719e-05	0.025829	supercritical
202.00	72.000	175.35	0.0057029	101.12	142.18	4.7960	0.71948	1.4562	255.43	0.44980	1.7745e-05	0.025798	supercritical
203.00	72.000	173.51	0.0057633	102.14	143.63	4.8031	0.71785	1.4410	256.55	0.44629	1.7773e-05	0.025772	supercritical
204.00	72.000	171.73	0.0058231	103.14	145.07	4.8102	0.71629	1.4265	257.66	0.44281	1.7802e-05	0.025750	supercritical
205.00	72.000	170.00	0.0058823	104.13	146.49	4.8171	0.71478	1.4128	258.76	0.43935	1.7832e-05	0.025733	supercritical
206.00	72.000	168.32	0.0059410	105.12	147.89	4.8239	0.71334	1.3997	259.84	0.43592	1.7864e-05	0.025719	supercritical
207.00	72.000	166.69	0.0059992	106.09	149.28	4.8307	0.71194	1.3872	260.92	0.43251	1.7897e-05	0.025709	supercritical
208.00	72.000	165.10	0.0060570	107.06	150.67	4.8373	0.71060	1.3752	261.98	0.42913	1.7931e-05	0.025702	supercritical
209.00	72.000	163.55	0.0061142	108.01	152.04	4.8439	0.70931	1.3638	263.03	0.42577	1.7966e-05	0.025699	supercritical
210.00	72.000	162.05	0.0061710	108.96	153.39	4.8504	0.70806	1.3529	264.08	0.42245	1.8001e-05	0.025698	supercritical
211.00	72.000	160.58	0.0062274	109.90	154.74	4.8568	0.70687	1.3424	265.11	0.41915	1.8038e-05	0.025701	supercritical
212.00	72.000	159.15	0.0062834	110.84	156.08	4.8631	0.70571	1.3324	266.14	0.41588	1.8076e-05	0.025706	supercritical
213.00	72.000	157.75	0.0063390	111.77	157.41	4.8694	0.70459	1.3228	267.15	0.41264	1.8114e-05	0.025713	supercritical
214.00	72.000	156.39	0.0063942	112.69	158.72	4.8755	0.70352	1.3135	268.16	0.40943	1.8153e-05	0.025724	supercritical
215.00	72.000	155.06	0.0064490	113.60	160.03	4.8816	0.70248	1.3047	269.16	0.40625	1.8193e-05	0.025736	supercritical
216.00	72.000	153.76	0.0065035	114.51	161.33	4.8877	0.70148	1.2962	270.15	0.40310	1.8233e-05	0.025750	supercritical
217.00	72.000	152.49	0.0065576	115.41	162.63	4.8937	0.70051	1.2879	271.13	0.39998	1.8274e-05	0.025767	supercritical
218.00	72.000	151.25	0.0066114	116.31	163.91	4.8996	0.69958	1.2801	272.10	0.39689	1.8316e-05	0.025785	supercritical
219.00	72.000	150.04	0.0066649	117.20	165.19	4.9054	0.69868	1.2724	273.06	0.39383	1.8358e-05	0.025806	supercritical
220.00	72.000	148.85	0.0067180	118.08	166.45	4.9112	0.69781	1.2651	274.02	0.39080	1.8400e-05	0.025828	supercritical
221.00	72.000	147.69	0.0067709	118.97	167.72	4.9169	0.69697	1.2580	274.97	0.38780	1.8443e-05	0.025852	supercritical
222.00	72.000	146.55	0.0068235	119.84	168.97	4.9226	0.69615	1.2512	275.91	0.38483	1.8487e-05	0.025877	supercritical
223.00	72.000	145.44	0.0068757	120.71	170.22	4.9282	0.69537	1.2446	276.84	0.38189	1.8531e-05	0.025904	supercritical
224.00	72.000	144.35	0.0069278	121.58	171.46	4.9337	0.69461	1.2383	277.77	0.37898	1.8575e-05	0.025932	supercritical
225.00	72.000	143.28	0.0069795	122.44	172.70	4.9392	0.69388	1.2321	278.69	0.37610	1.8620e-05	0.025962	supercritical
226.00	72.000	142.23	0.0070310	123.30	173.92	4.9447	0.69316	1.2262	279.61	0.37324	1.8665e-05	0.025993	supercritical
227.00	72.000	141.20	0.0070822	124.16	175.15	4.9501	0.69248	1.2204	280.51	0.37042	1.8710e-05	0.026025	supercritical
228.00	72.000	140.19	0.0071332	125.01	176.37	4.9554	0.69181	1.2148	281.41	0.36763	1.8756e-05	0.026059	supercritical
229.00	72.000	139.20	0.0071840	125.85	177.58	4.9607	0.69117	1.2094	282.31	0.36486	1.8802e-05	0.026093	supercritical
230.00	72.000	138.23	0.0072345	126.70	178.78	4.9660	0.69055	1.2042	283.20	0.36212	1.8848e-05	0.026129	supercritical
231.00	72.000	137.27	0.0072848	127.54	179.99	4.9712	0.68995	1.1991	284.08	0.35941	1.8895e-05	0.026166	supercritical
232.00	72.000	136.33	0.0073349	128.37	181.18	4.9764	0.68936	1.1942	284.95	0.35672	1.8942e-05	0.026204	supercritical
233.00	72.000	135.41	0.0073848	129.20	182.37	4.9815	0.68880	1.1895	285.82	0.35407	1.8989e-05	0.026243	supercritical
234.00	72.000	134.51	0.0074344	130.03	183.56	4.9866	0.68826	1.1848	286.69	0.35144	1.9036e-05	0.026282	supercritical
235.00	72.000	133.62	0.0074839	130.86	184.74	4.9916	0.68773	1.1803	287.55	0.34883	1.9083e-05	0.026323	supercritical
236.00	72.000	132.75	0.0075332	131.68	185.92	4.9966	0.68722	1.1760	288.40	0.34625	1.9131e-05	0.026364	supercritical
237.00	72.000	131.89	0.0075823	132.50	187.10	5.0016	0.68672	1.1718	289.25	0.34370	1.9179e-05	0.026407	supercritical
238.00	72.000	131.04	0.0076311	133.32	188.27	5.0065	0.68624	1.1676	290.09	0.34117	1.9227e-05	0.026450	supercritical
239.00	72.000	130.21	0.0076799	134.14	189.43	5.0114	0.68578	1.1636	290.93	0.33867	1.9275e-05	0.026493	supercritical
240.00	72.000	129.39	0.0077284	134.95	190.59	5.0163	0.68533	1.1597	291.76	0.33620	1.9324e-05	0.026538	supercritical
241.00	72.000	128.59	0.0077768	135.76	191.75	5.0211	0.68490	1.1560	292.58	0.33375	1.9372e-05	0.026583	supercritical
242.00	72.000	127.80	0.0078249	136.57	192.90	5.0259	0.68448	1.1523	293.41	0.33132	1.9421e-05	0.026629	supercritical
243.00	72.000	127.02	0.0078730	137.37	194.06	5.0306	0.68407	1.1487	294.22	0.32891	1.9470e-05	0.026676	supercritical
244.00	72.000	126.25	0.0079208	138.17	195.20	5.0353	0.68368	1.1452	295.04	0.32653	1.9519e-05	0.026723	supercritical
245.00	72.000	125.49	0.0079686	138.97	196.35	5.0400	0.68330	1.1418	295.84	0.32418	1.9568e-05	0.026771	supercritical
246.00	72.000	124.75	0.0080161	139.77	197.49	5.0446	0.68293	1.1385	296.65	0.32184	1.9617e-05	0.026819	supercritical
247.00	72.000	124.02	0.0080635	140.57	198.62	5.0492	0.68258	1.1353	297.44	0.31953	1.9667e-05	0.026868	supercritical
248.00	72.000	123.29	0.0081108	141.36	199.76	5.0538	0.68223	1.1322	298.24	0.31724	1.9716e-05	0.026918	supercritical
249.00	72.000	122.58	0.0081579	142.15	200.89	5.0584	0.68190	1.1291	299.03	0.31498	1.9766e-05	0.026968	supercritical
250.00	72.000	121.88	0.0082049	142.94	202.01	5.0629	0.68158	1.1261	299.81	0.31273	1.9815e-05	0.027018	supercritical
251.00	72.000	121.19	0.0082517	143.73	203.14	5.0674	0.68127	1.1232	300.60	0.31051	1.9865e-05	0.027069	supercritical
252.00	72.000	120.51	0.0082984	144.51	204.26	5.0718	0.68097	1.1204	301.37	0.30831	1.9915e-05	0.027120	supercritical
253.00	72.000	119.83	0.0083450	145.30	205.38	5.0763	0.68067	1.1176	302.15	0.30613	1.9965e-05	0.027172	supercritical
254.00	72.000	119.17	0.0083914	146.08	206.50	5.0807	0.68039	1.1149	302.91	0.30397	2.0014e-05	0.027225	supercritical
255.00	72.000	118.52	0.0084377	146.86	207.61	5.0850	0.68012	1.1122	303.68	0.30183	2.0064e-05	0.027277	supercritical
256.00	72.000	117.87	0.0084839	147.64	208.72	5.0894	0.67986	1.1097	304.44	0.29971	2.0115e-05	0.027331	supercritical
257.00	72.000	117.23	0.0085300	148.41	209.83	5.0937	0.67961	1.1072	305.20	0.29761	2.0165e-05	0.027384	supercritical
258.00	72.000	116.61	0.0085760	149.19	210.94	5.0980	0.67937	1.1047	305.95	0.29553	2.0215e-05	0.027438	supercritical
259.00	72.000	115.99	0.0086218	149.96	212.04	5.1023	0.67913	1.1023	306.70	0.29347	2.0265e-05	0.027492	supercritical
260.00	72.000	115.37	0.0086675	150.73	213.14	5.1065	0.67891	1.1000	307.45	0.29143	2.0315e-05	0.027547	supercritical
261.00	72.000	114.77	0.0087131	151.50	214.24	5.1107	0.67869	1.0977	308.19	0.28940	2.0366e-05	0.027602	supercritical
262.00	72.000	114.17	0.0087586	152.27	215.34	5.1149	0.67848	1.0954	308.93	0.28740	2.0416e-05	0.027657	supercritical
263.00	72.000	113.58	0.0088040	153.04	216.43	5.1191	0.67828	1.0932	309.66	0.28541	2.0466e-05	0.027713	supercritical
264.00	72.000	113.00	0.0088493	153.81	217.52	5.1232	0.67808	1.0911	310.39	0.28345	2.0517e-05	0.027769	supercritical
265.00	72.000	112.43	0.0088945	154.57	218.61	5.1274	0.67790	1.0890	311.12	0.28150	2.0567e-05	0.027825	supercritical
266.00	72.000	111.86	0.0089396	155.33	219.70	5.1315	0.67772	1.0870	311.85	0.27956	2.0618e-05	0.027882	supercritical
267.00	72.000	111.30	0.0089846	156.10	220.79	5.1355	0.67755	1.0850	312.57	0.27765	2.0668e-05	0.027939	supercritical
268.00	72.000	110.75	0.0090294	156.86	221.87	5.1396	0.67738	1.0830	313.29	0.27575	2.0719e-05	0.027996	supercritical
269.00	72.000	110.20	0.0090742	157.62	222.95	5.1436	0.67722	1.0811	314.00	0.27387	2.0769e-05	0.028053	supercritical
270.00	72.000	109.66	0.0091189	158.38	224.03	5.1476	0.67707	1.0792	314.71	0.27200	2.0820e-05	0.028111	supercritical
271.00	72.000	109.13	0.0091635	159.13	225.11	5.1516	0.67693	1.0774	315.42	0.27016	2.0870e-05	0.028169	supercritical
272.00	72.000	108.60	0.0092080	159.89	226.19	5.1556	0.67679	1.0756	316.13	0.26832	2.0921e-05	0.028227	supercritical
273.00	72.000	108.08	0.0092524	160.64	227.26	5.1595	0.67666	1.0739	316.83	0.26651	2.0971e-05	0.028285	supercritical
274.00	72.000	107.56	0.0092968	161.40	228.33	5.1635	0.67653	1.0721	317.53	0.26471	2.1022e-05	0.028344	supercritical
275.00	72.000	107.05	0.0093410	162.15	229.41	5.1674	0.67641	1.0705	318.22	0.26292	2.1072e-05	0.028402	supercritical
276.00	72.000	106.55	0.0093852	162.90	230.48	5.1712	0.67630	1.0688	318.92	0.26115	2.1123e-05	0.028461	supercritical
277.00	72.000	106.05	0.0094293	163.65	231.54	5.1751	0.67619	1.0672	319.61	0.25940	2.1174e-05	0.028521	supercritical
278.00	72.000	105.56	0.0094732	164.40	232.61	5.1789	0.67609	1.0656	320.30	0.25766	2.1224e-05	0.028580	supercritical
279.00	72.000	105.07	0.0095172	165.15	233.67	5.1828	0.67600	1.0641	320.98	0.25594	2.1275e-05	0.028640	supercritical
280.00	72.000	104.59	0.0095610	165.90	234.74	5.1866	0.67591	1.0626	321.66	0.25423	2.1325e-05	0.028699	supercritical
281.00	72.000	104.12	0.0096048	166.65	235.80	5.1904	0.67582	1.0611	322.34	0.25253	2.1376e-05	0.028759	supercritical
282.00	72.000	103.64	0.0096484	167.39	236.86	5.1941	0.67574	1.0596	323.02	0.25085	2.1427e-05	0.028820	supercritical
283.00	72.000	103.18	0.0096920	168.14	237.92	5.1979	0.67567	1.0582	323.69	0.24919	2.1477e-05	0.028880	supercritical
284.00	72.000	102.72	0.0097356	168.88	238.98	5.2016	0.67560	1.0568	324.36	0.24753	2.1528e-05	0.028940	supercritical
285.00	72.000	102.26	0.0097790	169.62	240.03	5.2053	0.67554	1.0554	325.03	0.24590	2.1578e-05	0.029001	supercritical
286.00	72.000	101.81	0.0098224	170.37	241.09	5.2090	0.67548	1.0541	325.70	0.24427	2.1629e-05	0.029062	supercritical
287.00	72.000	101.36	0.0098657	171.11	242.14	5.2127	0.67542	1.0528	326.36	0.24266	2.1679e-05	0.029123	supercritical
288.00	72.000	100.92	0.0099089	171.85	243.19	5.2163	0.67538	1.0515	327.02	0.24106	2.1730e-05	0.029184	supercritical
289.00	72.000	100.48	0.0099521	172.59	244.24	5.2200	0.67533	1.0502	327.68	0.23947	2.1780e-05	0.029245	supercritical
290.00	72.000	100.05	0.0099952	173.33	245.29	5.2236	0.67529	1.0490	328.33	0.23790	2.1831e-05	0.029306	supercritical
291.00	72.000	99.619	0.010038	174.07	246.34	5.2272	0.67526	1.0478	328.99	0.23634	2.1881e-05	0.029368	supercritical
292.00	72.000	99.194	0.010081	174.80	247.39	5.2308	0.67523	1.0466	329.64	0.23479	2.1932e-05	0.029429	supercritical
293.00	72.000	98.774	0.010124	175.54	248.44	5.2344	0.67520	1.0454	330.28	0.23326	2.1982e-05	0.029491	supercritical
294.00	72.000	98.358	0.010167	176.28	249.48	5.2380	0.67518	1.0443	330.93	0.23174	2.2033e-05	0.029553	supercritical
295.00	72.000	97.945	0.010210	177.01	250.52	5.2415	0.67516	1.0432	331.57	0.23023	2.2083e-05	0.029614	supercritical
296.00	72.000	97.537	0.010252	177.75	251.57	5.2450	0.67515	1.0421	332.21	0.22873	2.2133e-05	0.029676	supercritical
297.00	72.000	97.133	0.010295	178.48	252.61	5.2485	0.67514	1.0410	332.85	0.22724	2.2184e-05	0.029738	supercritical
298.00	72.000	96.733	0.010338	179.22	253.65	5.2520	0.67514	1.0400	333.49	0.22577	2.2234e-05	0.029801	supercritical
299.00	72.000	96.336	0.010380	179.95	254.69	5.2555	0.67513	1.0389	334.12	0.22430	2.2284e-05	0.029863	supercritical
300.00	72.000	95.944	0.010423	180.68	255.73	5.2590	0.67514	1.0379	334.75	0.22285	2.2335e-05	0.029925	supercritical
301.00	72.000	95.555	0.010465	181.41	256.76	5.2624	0.67515	1.0369	335.38	0.22141	2.2385e-05	0.029987	supercritical
302.00	72.000	95.170	0.010508	182.15	257.80	5.2659	0.67516	1.0359	336.01	0.21998	2.2435e-05	0.030050	supercritical
303.00	72.000	94.788	0.010550	182.88	258.84	5.2693	0.67517	1.0350	336.63	0.21856	2.2485e-05	0.030112	supercritical
304.00	72.000	94.410	0.010592	183.61	259.87	5.2727	0.67519	1.0341	337.26	0.21715	2.2535e-05	0.030174	supercritical
305.00	72.000	94.035	0.010634	184.34	260.90	5.2761	0.67521	1.0331	337.88	0.21576	2.2586e-05	0.030237	supercritical
306.00	72.000	93.664	0.010676	185.07	261.94	5.2795	0.67524	1.0322	338.50	0.21437	2.2636e-05	0.030299	supercritical
307.00	72.000	93.296	0.010719	185.79	262.97	5.2828	0.67527	1.0314	339.11	0.21300	2.2686e-05	0.030361	supercritical
308.00	72.000	92.931	0.010761	186.52	264.00	5.2862	0.67530	1.0305	339.73	0.21163	2.2736e-05	0.030423	supercritical
309.00	72.000	92.570	0.010803	187.25	265.03	5.2895	0.67534	1.0296	340.34	0.21028	2.2786e-05	0.030482	supercritical
310.00	72.000	92.212	0.010845	187.98	266.06	5.2929	0.67538	1.0288	340.95	0.20893	2.2836e-05	0.030544	supercritical
311.00	72.000	91.857	0.010886	188.70	267.09	5.2962	0.67543	1.0280	341.56	0.20760	2.2886e-05	0.030609	supercritical
312.00	72.000	91.506	0.010928	189.43	268.11	5.2995	0.67547	1.0272	342.16	0.20627	2.2936e-05	0.030673	supercritical
313.00	72.000	91.157	0.010970	190.16	269.14	5.3028	0.67552	1.0264	342.77	0.20496	2.2986e-05	0.030738	supercritical
314.00	72.000	90.811	0.011012	190.88	270.17	5.3060	0.67558	1.0256	343.37	0.20365	2.3036e-05	0.030803	supercritical
315.00	72.000	90.469	0.011054	191.61	271.19	5.3093	0.67564	1.0249	343.97	0.20236	2.3085e-05	0.030868	supercritical
316.00	72.000	90.129	0.011095	192.33	272.22	5.3125	0.67570	1.0241	344.57	0.20107	2.3135e-05	0.030933	supercritical
317.00	72.000	89.793	0.011137	193.06	273.24	5.3158	0.67576	1.0234	345.17	0.19980	2.3185e-05	0.030998	supercritical
318.00	72.000	89.459	0.011178	193.78	274.26	5.3190	0.67583	1.0227	345.76	0.19853	2.3235e-05	0.031063	supercritical
319.00	72.000	89.128	0.011220	194.50	275.29	5.3222	0.67590	1.0220	346.35	0.19727	2.3284e-05	0.031128	supercritical
320.00	72.000	88.799	0.011261	195.23	276.31	5.3254	0.67597	1.0213	346.94	0.19602	2.3334e-05	0.031193	supercritical
321.00	72.000	88.474	0.011303	195.95	277.33	5.3286	0.67605	1.0207	347.53	0.19478	2.3384e-05	0.031258	supercritical
322.00	72.000	88.151	0.011344	196.67	278.35	5.3318	0.67613	1.0200	348.12	0.19355	2.3433e-05	0.031323	supercritical
323.00	72.000	87.831	0.011385	197.39	279.37	5.3349	0.67621	1.0194	348.71	0.19233	2.3483e-05	0.031388	supercritical
324.00	72.000	87.514	0.011427	198.12	280.39	5.3381	0.67629	1.0187	349.29	0.19112	2.3532e-05	0.031453	supercritical
325.00	72.000	87.199	0.011468	198.84	281.41	5.3412	0.67638	1.0181	349.87	0.18991	2.3582e-05	0.031519	supercritical
326.00	72.000	86.887	0.011509	199.56	282.42	5.3443	0.67647	1.0175	350.45	0.18872	2.3631e-05	0.031584	supercritical
327.00	72.000	86.577	0.011550	200.28	283.44	5.3475	0.67657	1.0169	351.03	0.18753	2.3681e-05	0.031649	supercritical
328.00	72.000	86.270	0.011592	201.00	284.46	5.3506	0.67666	1.0163	351.61	0.18635	2.3730e-05	0.031715	supercritical
329.00	72.000	85.965	0.011633	201.72	285.47	5.3537	0.67676	1.0157	352.18	0.18518	2.3779e-05	0.031780	supercritical
330.00	72.000	85.663	0.011674	202.44	286.49	5.3567	0.67687	1.0152	352.75	0.18402	2.3829e-05	0.031845	supercritical
331.00	72.000	85.363	0.011715	203.16	287.50	5.3598	0.67697	1.0146	353.33	0.18286	2.3878e-05	0.031911	supercritical
332.00	72.000	85.065	0.011756	203.88	288.52	5.3629	0.67708	1.0141	353.90	0.18172	2.3927e-05	0.031976	supercritical
333.00	72.000	84.770	0.011797	204.60	289.53	5.3659	0.67719	1.0136	354.46	0.18058	2.3976e-05	0.032042	supercritical
334.00	72.000	84.477	0.011838	205.32	290.55	5.3690	0.67730	1.0131	355.03	0.17945	2.4025e-05	0.032107	supercritical
335.00	72.000	84.186	0.011878	206.03	291.56	5.3720	0.67742	1.0126	355.60	0.17832	2.4074e-05	0.032173	supercritical
336.00	72.000	83.898	0.011919	206.75	292.57	5.3750	0.67754	1.0121	356.16	0.17721	2.4123e-05	0.032239	supercritical
337.00	72.000	83.612	0.011960	207.47	293.58	5.3780	0.67766	1.0116	356.72	0.17610	2.4173e-05	0.032304	supercritical
338.00	72.000	83.328	0.012001	208.19	294.59	5.3810	0.67778	1.0111	357.28	0.17500	2.4221e-05	0.032370	supercritical
339.00	72.000	83.046	0.012042	208.91	295.60	5.3840	0.67790	1.0106	357.84	0.17391	2.4270e-05	0.032436	supercritical
340.00	72.000	82.766	0.012082	209.62	296.62	5.3870	0.67803	1.0102	358.40	0.17283	2.4319e-05	0.032501	supercritical
341.00	72.000	82.489	0.012123	210.34	297.63	5.3899	0.67816	1.0097	358.95	0.17175	2.4368e-05	0.032567	supercritical
342.00	72.000	82.213	0.012163	211.06	298.63	5.3929	0.67830	1.0093	359.50	0.17068	2.4417e-05	0.032633	supercritical
343.00	72.000	81.940	0.012204	211.77	299.64	5.3958	0.67843	1.0089	360.06	0.16962	2.4466e-05	0.032698	supercritical
344.00	72.000	81.669	0.012245	212.49	300.65	5.3988	0.67857	1.0085	360.61	0.16856	2.4515e-05	0.032764	supercritical
345.00	72.000	81.399	0.012285	213.21	301.66	5.4017	0.67871	1.0080	361.16	0.16751	2.4563e-05	0.032830	supercritical
346.00	72.000	81.132	0.012326	213.92	302.67	5.4046	0.67885	1.0076	361.70	0.16647	2.4612e-05	0.032896	supercritical
347.00	72.000	80.866	0.012366	214.64	303.68	5.4075	0.67900	1.0073	362.25	0.16544	2.4660e-05	0.032962	supercritical
348.00	72.000	80.603	0.012406	215.36	304.68	5.4104	0.67914	1.0069	362.80	0.16441	2.4709e-05	0.033027	supercritical
349.00	72.000	80.341	0.012447	216.07	305.69	5.4133	0.67929	1.0065	363.34	0.16339	2.4758e-05	0.033093	supercritical
350.00	72.000	80.082	0.012487	216.79	306.70	5.4162	0.67944	1.0061	363.88	0.16237	2.4806e-05	0.033159	supercritical
351.00	72.000	79.824	0.012528	217.50	307.70	5.4191	0.67960	1.0058	364.42	0.16136	2.4855e-05	0.033225	supercritical
352.00	72.000	79.568	0.012568	218.22	308.71	5.4219	0.67975	1.0054	364.96	0.16036	2.4903e-05	0.033291	supercritical
353.00	72.000	79.314	0.012608	218.93	309.71	5.4248	0.67991	1.0051	365.50	0.15937	2.4951e-05	0.033357	supercritical
354.00	72.000	79.061	0.012648	219.65	310.72	5.4276	0.68007	1.0048	366.03	0.15838	2.5000e-05	0.033423	supercritical
355.00	72.000	78.811	0.012689	220.36	311.72	5.4304	0.68023	1.0044	366.57	0.15740	2.5048e-05	0.033489	supercritical
356.00	72.000	78.562	0.012729	221.08	312.73	5.4333	0.68039	1.0041	367.10	0.15643	2.5096e-05	0.033554	supercritical
357.00	72.000	78.315	0.012769	221.79	313.73	5.4361	0.68056	1.0038	367.63	0.15546	2.5144e-05	0.033620	supercritical
358.00	72.000	78.070	0.012809	222.51	314.73	5.4389	0.68073	1.0035	368.17	0.15449	2.5193e-05	0.033686	supercritical
359.00	72.000	77.826	0.012849	223.22	315.74	5.4417	0.68090	1.0032	368.69	0.15354	2.5241e-05	0.033752	supercritical
360.00	72.000	77.584	0.012889	223.94	316.74	5.4445	0.68107	1.0029	369.22	0.15259	2.5289e-05	0.033818	supercritical
361.00	72.000	77.344	0.012929	224.65	317.74	5.4473	0.68124	1.0026	369.75	0.15164	2.5337e-05	0.033884	supercritical
362.00	72.000	77.105	0.012969	225.37	318.75	5.4500	0.68142	1.0024	370.27	0.15071	2.5385e-05	0.033950	supercritical
363.00	72.000	76.868	0.013009	226.08	319.75	5.4528	0.68160	1.0021	370.80	0.14977	2.5433e-05	0.034016	supercritical
364.00	72.000	76.633	0.013049	226.80	320.75	5.4556	0.68178	1.0018	371.32	0.14885	2.5481e-05	0.034082	supercritical
365.00	72.000	76.399	0.013089	227.51	321.75	5.4583	0.68196	1.0016	371.84	0.14793	2.5529e-05	0.034148	supercritical
366.00	72.000	76.167	0.013129	228.22	322.75	5.4610	0.68214	1.0013	372.36	0.14701	2.5576e-05	0.034214	supercritical
367.00	72.000	75.936	0.013169	228.94	323.75	5.4638	0.68233	1.0011	372.88	0.14610	2.5624e-05	0.034280	supercritical
368.00	72.000	75.707	0.013209	229.65	324.76	5.4665	0.68252	1.0009	373.40	0.14520	2.5672e-05	0.034346	supercritical
369.00	72.000	75.480	0.013249	230.37	325.76	5.4692	0.68270	1.0006	373.92	0.14430	2.5720e-05	0.034412	supercritical
370.00	72.000	75.253	0.013288	231.08	326.76	5.4719	0.68289	1.0004	374.43	0.14341	2.5767e-05	0.034478	supercritical
371.00	72.000	75.029	0.013328	231.79	327.76	5.4746	0.68309	1.0002	374.94	0.14253	2.5815e-05	0.034544	supercritical
372.00	72.000	74.806	0.013368	232.51	328.76	5.4773	0.68328	0.99999	375.46	0.14165	2.5862e-05	0.034610	supercritical
373.00	72.000	74.584	0.013408	233.22	329.76	5.4800	0.68348	0.99979	375.97	0.14077	2.5910e-05	0.034676	supercritical
374.00	72.000	74.364	0.013447	233.94	330.76	5.4827	0.68367	0.99959	376.48	0.13990	2.5957e-05	0.034742	supercritical
375.00	72.000	74.145	0.013487	234.65	331.76	5.4853	0.68387	0.99940	376.99	0.13904	2.6005e-05	0.034808	supercritical
376.00	72.000	73.928	0.013527	235.36	332.76	5.4880	0.68407	0.99921	377.50	0.13818	2.6052e-05	0.034874	supercritical
377.00	72.000	73.712	0.013566	236.08	333.75	5.4907	0.68428	0.99903	378.00	0.13732	2.6100e-05	0.034939	supercritical
378.00	72.000	73.497	0.013606	236.79	334.75	5.4933	0.68448	0.99886	378.51	0.13648	2.6147e-05	0.035005	supercritical
379.00	72.000	73.284	0.013646	237.50	335.75	5.4959	0.68469	0.99869	379.01	0.13563	2.6194e-05	0.035071	supercritical
380.00	72.000	73.072	0.013685	238.22	336.75	5.4986	0.68489	0.99853	379.52	0.13479	2.6242e-05	0.035137	supercritical
381.00	72.000	72.861	0.013725	238.93	337.75	5.5012	0.68510	0.99837	380.02	0.13396	2.6289e-05	0.035203	supercritical
382.00	72.000	72.652	0.013764	239.65	338.75	5.5038	0.68531	0.99822	380.52	0.13313	2.6336e-05	0.035269	supercritical
383.00	72.000	72.444	0.013804	240.36	339.75	5.5064	0.68552	0.99807	381.02	0.13231	2.6383e-05	0.035335	supercritical
384.00	72.000	72.238	0.013843	241.07	340.74	5.5090	0.68574	0.99793	381.52	0.13149	2.6430e-05	0.035401	supercritical
385.00	72.000	72.032	0.013883	241.79	341.74	5.5116	0.68595	0.99779	382.01	0.13068	2.6477e-05	0.035467	supercritical
386.00	72.000	71.828	0.013922	242.50	342.74	5.5142	0.68617	0.99766	382.51	0.12987	2.6524e-05	0.035533	supercritical
387.00	72.000	71.626	0.013962	243.21	343.74	5.5168	0.68639	0.99753	383.01	0.12907	2.6571e-05	0.035599	supercritical
388.00	72.000	71.424	0.014001	243.93	344.73	5.5194	0.68661	0.99741	383.50	0.12827	2.6618e-05	0.035665	supercritical
389.00	72.000	71.224	0.014040	244.64	345.73	5.5219	0.68683	0.99729	383.99	0.12748	2.6665e-05	0.035731	supercritical
390.00	72.000	71.025	0.014080	245.36	346.73	5.5245	0.68705	0.99718	384.49	0.12669	2.6712e-05	0.035797	supercritical
391.00	72.000	70.827	0.014119	246.07	347.73	5.5271	0.68727	0.99707	384.98	0.12591	2.6758e-05	0.035862	supercritical
392.00	72.000	70.630	0.014158	246.78	348.72	5.5296	0.68750	0.99697	385.47	0.12513	2.6805e-05	0.035928	supercritical
393.00	72.000	70.435	0.014198	247.50	349.72	5.5321	0.68772	0.99687	385.96	0.12435	2.6852e-05	0.035994	supercritical
394.00	72.000	70.240	0.014237	248.21	350.72	5.5347	0.68795	0.99678	386.44	0.12358	2.6898e-05	0.036060	supercritical
395.00	72.000	70.047	0.014276	248.93	351.71	5.5372	0.68818	0.99669	386.93	0.12282	2.6945e-05	0.036126	supercritical
396.00	72.000	69.855	0.014315	249.64	352.71	5.5397	0.68841	0.99660	387.42	0.12205	2.6992e-05	0.036192	supercritical
397.00	72.000	69.665	0.014355	250.35	353.71	5.5422	0.68864	0.99652	387.90	0.12130	2.7038e-05	0.036258	supercritical
398.00	72.000	69.475	0.014394	251.07	354.70	5.5447	0.68887	0.99644	388.38	0.12055	2.7085e-05	0.036323	supercritical
399.00	72.000	69.286	0.014433	251.78	355.70	5.5472	0.68911	0.99637	388.87	0.11980	2.7131e-05	0.036389	supercritical
400.00	72.000	69.099	0.014472	252.50	356.70	5.5497	0.68934	0.99630	389.35	0.11906	2.7178e-05	0.036455	supercritical
401.00	72.000	68.912	0.014511	253.21	357.69	5.5522	0.68958	0.99624	389.83	0.11832	2.7224e-05	0.036521	supercritical
402.00	72.000	68.727	0.014550	253.93	358.69	5.5547	0.68982	0.99618	390.31	0.11758	2.7270e-05	0.036587	supercritical
403.00	72.000	68.543	0.014589	254.64	359.68	5.5572	0.69006	0.99612	390.79	0.11685	2.7316e-05	0.036652	supercritical
404.00	72.000	68.360	0.014628	255.36	360.68	5.5596	0.69030	0.99607	391.26	0.11613	2.7363e-05	0.036718	supercritical
405.00	72.000	68.178	0.014668	256.07	361.68	5.5621	0.69054	0.99603	391.74	0.11540	2.7409e-05	0.036784	supercritical
406.00	72.000	67.997	0.014707	256.79	362.67	5.5646	0.69078	0.99598	392.22	0.11469	2.7455e-05	0.036850	supercritical
407.00	72.000	67.817	0.014746	257.50	363.67	5.5670	0.69102	0.99594	392.69	0.11397	2.7501e-05	0.036915	supercritical
408.00	72.000	67.638	0.014785	258.22	364.66	5.5695	0.69127	0.99590	393.16	0.11326	2.7547e-05	0.036981	supercritical
409.00	72.000	67.460	0.014824	258.93	365.66	5.5719	0.69152	0.99587	393.64	0.11256	2.7593e-05	0.037047	supercritical
410.00	72.000	67.283	0.014863	259.65	366.66	5.5743	0.69176	0.99584	394.11	0.11186	2.7639e-05	0.037112	supercritical
411.00	72.000	67.107	0.014902	260.36	367.65	5.5768	0.69201	0.99582	394.58	0.11116	2.7685e-05	0.037178	supercritical
412.00	72.000	66.932	0.014940	261.08	368.65	5.5792	0.69226	0.99580	395.05	0.11047	2.7731e-05	0.037244	supercritical
413.00	72.000	66.758	0.014979	261.79	369.64	5.5816	0.69251	0.99578	395.52	0.10978	2.7777e-05	0.037309	supercritical
414.00	72.000	66.585	0.015018	262.51	370.64	5.5840	0.69276	0.99576	395.99	0.10909	2.7823e-05	0.037375	supercritical
415.00	72.000	66.413	0.015057	263.22	371.64	5.5864	0.69301	0.99575	396.45	0.10841	2.7869e-05	0.037441	supercritical
416.00	72.000	66.242	0.015096	263.94	372.63	5.5888	0.69327	0.99574	396.92	0.10773	2.7914e-05	0.037506	supercritical
417.00	72.000	66.072	0.015135	264.66	373.63	5.5912	0.69352	0.99574	397.39	0.10706	2.7960e-05	0.037572	supercritical
418.00	72.000	65.903	0.015174	265.37	374.62	5.5936	0.69378	0.99574	397.85	0.10639	2.8006e-05	0.037637	supercritical
419.00	72.000	65.735	0.015213	266.09	375.62	5.5959	0.69403	0.99574	398.31	0.10572	2.8051e-05	0.037703	supercritical
420.00	72.000	65.568	0.015251	266.80	376.61	5.5983	0.69429	0.99575	398.78	0.10506	2.8097e-05	0.037768	supercritical
421.00	72.000	65.401	0.015290	267.52	377.61	5.6007	0.69455	0.99575	399.24	0.10440	2.8143e-05	0.037834	supercritical
422.00	72.000	65.236	0.015329	268.24	378.61	5.6031	0.69481	0.99577	399.70	0.10374	2.8188e-05	0.037899	supercritical
423.00	72.000	65.071	0.015368	268.95	379.60	5.6054	0.69507	0.99578	400.16	0.10309	2.8233e-05	0.037965	supercritical
424.00	72.000	64.908	0.015407	269.67	380.60	5.6078	0.69533	0.99580	400.62	0.10245	2.8279e-05	0.038030	supercritical
425.00	72.000	64.745	0.015445	270.39	381.59	5.6101	0.69559	0.99582	401.08	0.10180	2.8324e-05	0.038096	supercritical
426.00	72.000	64.583	0.015484	271.10	382.59	5.6124	0.69585	0.99584	401.53	0.10116	2.8370e-05	0.038161	supercritical
427.00	72.000	64.422	0.015523	271.82	383.58	5.6148	0.69611	0.99587	401.99	0.10052	2.8415e-05	0.038227	supercritical
428.00	72.000	64.262	0.015561	272.54	384.58	5.6171	0.69638	0.99590	402.45	0.099890	2.8460e-05	0.038292	supercritical
429.00	72.000	64.102	0.015600	273.26	385.58	5.6194	0.69664	0.99593	402.90	0.099260	2.8505e-05	0.038358	supercritical
430.00	72.000	63.944	0.015639	273.97	386.57	5.6218	0.69691	0.99597	403.36	0.098634	2.8551e-05	0.038423	supercritical
431.00	72.000	63.786	0.015677	274.69	387.57	5.6241	0.69718	0.99601	403.81	0.098011	2.8596e-05	0.038488	supercritical
432.00	72.000	63.630	0.015716	275.41	388.56	5.6264	0.69745	0.99605	404.26	0.097391	2.8641e-05	0.038554	supercritical
433.00	72.000	63.474	0.015755	276.13	389.56	5.6287	0.69771	0.99609	404.71	0.096775	2.8686e-05	0.038619	supercritical
434.00	72.000	63.318	0.015793	276.85	390.56	5.6310	0.69798	0.99614	405.16	0.096162	2.8731e-05	0.038684	supercritical
435.00	72.000	63.164	0.015832	277.56	391.55	5.6333	0.69825	0.99619	405.61	0.095553	2.8776e-05	0.038750	supercritical
436.00	72.000	63.011	0.015870	278.28	392.55	5.6356	0.69852	0.99624	406.06	0.094947	2.8821e-05	0.038815	supercritical
437.00	72.000	62.858	0.015909	279.00	393.55	5.6378	0.69880	0.99629	406.51	0.094344	2.8866e-05	0.038880	supercritical
438.00	72.000	62.706	0.015947	279.72	394.54	5.6401	0.69907	0.99635	406.96	0.093744	2.8911e-05	0.038945	supercritical
439.00	72.000	62.555	0.015986	280.44	395.54	5.6424	0.69934	0.99641	407.40	0.093148	2.8956e-05	0.039011	supercritical
440.00	72.000	62.404	0.016025	281.16	396.53	5.6447	0.69961	0.99647	407.85	0.092555	2.9000e-05	0.039076	supercritical
441.00	72.000	62.255	0.016063	281.88	397.53	5.6469	0.69989	0.99654	408.30	0.091965	2.9045e-05	0.039141	supercritical
442.00	72.000	62.106	0.016102	282.60	398.53	5.6492	0.70016	0.99660	408.74	0.091379	2.9090e-05	0.039206	supercritical
443.00	72.000	61.958	0.016140	283.32	399.52	5.6514	0.70044	0.99667	409.18	0.090795	2.9134e-05	0.039271	supercritical
444.00	72.000	61.810	0.016178	284.04	400.52	5.6537	0.70072	0.99674	409.63	0.090215	2.9179e-05	0.039337	supercritical
445.00	72.000	61.664	0.016217	284.76	401.52	5.6559	0.70099	0.99682	410.07	0.089638	2.9224e-05	0.039402	supercritical
446.00	72.000	61.518	0.016255	285.48	402.51	5.6582	0.70127	0.99690	410.51	0.089064	2.9268e-05	0.039467	supercritical
447.00	72.000	61.373	0.016294	286.20	403.51	5.6604	0.70155	0.99697	410.95	0.088493	2.9313e-05	0.039532	supercritical
448.00	72.000	61.229	0.016332	286.92	404.51	5.6626	0.70183	0.99706	411.39	0.087925	2.9357e-05	0.039597	supercritical
449.00	72.000	61.085	0.016371	287.64	405.51	5.6648	0.70211	0.99714	411.83	0.087360	2.9402e-05	0.039662	supercritical
450.00	72.000	60.942	0.016409	288.36	406.50	5.6671	0.70239	0.99722	412.27	0.086798	2.9446e-05	0.039727	supercritical
451.00	72.000	60.800	0.016447	289.08	407.50	5.6693	0.70267	0.99731	412.71	0.086239	2.9490e-05	0.039792	supercritical
452.00	72.000	60.658	0.016486	289.80	408.50	5.6715	0.70295	0.99740	413.14	0.085684	2.9535e-05	0.039857	supercritical
453.00	72.000	60.517	0.016524	290.52	409.50	5.6737	0.70323	0.99749	413.58	0.085131	2.9579e-05	0.039922	supercritical
454.00	72.000	60.377	0.016563	291.24	410.49	5.6759	0.70351	0.99759	414.01	0.084581	2.9623e-05	0.039987	supercritical
455.00	72.000	60.238	0.016601	291.96	411.49	5.6781	0.70380	0.99768	414.45	0.084034	2.9668e-05	0.040052	supercritical
456.00	72.000	60.099	0.016639	292.69	412.49	5.6803	0.70408	0.99778	414.88	0.083490	2.9712e-05	0.040117	supercritical
457.00	72.000	59.961	0.016677	293.41	413.49	5.6825	0.70436	0.99788	415.32	0.082948	2.9756e-05	0.040182	supercritical
458.00	72.000	59.824	0.016716	294.13	414.48	5.6846	0.70465	0.99798	415.75	0.082410	2.9800e-05	0.040247	supercritical
459.00	72.000	59.687	0.016754	294.85	415.48	5.6868	0.70493	0.99809	416.18	0.081874	2.9844e-05	0.040311	supercritical
460.00	72.000	59.551	0.016792	295.58	416.48	5.6890	0.70522	0.99819	416.61	0.081341	2.9888e-05	0.040376	supercritical
461.00	72.000	59.416	0.016831	296.30	417.48	5.6912	0.70551	0.99830	417.04	0.080811	2.9932e-05	0.040441	supercritical
462.00	72.000	59.281	0.016869	297.02	418.48	5.6933	0.70579	0.99841	417.47	0.080284	2.9976e-05	0.040506	supercritical
463.00	72.000	59.147	0.016907	297.74	419.47	5.6955	0.70608	0.99852	417.90	0.079760	3.0020e-05	0.040571	supercritical
464.00	72.000	59.013	0.016945	298.47	420.47	5.6976	0.70637	0.99864	418.33	0.079238	3.0064e-05	0.040635	supercritical
465.00	72.000	58.881	0.016984	299.19	421.47	5.6998	0.70665	0.99875	418.76	0.078719	3.0108e-05	0.040700	supercritical
466.00	72.000	58.748	0.017022	299.91	422.47	5.7019	0.70694	0.99887	419.18	0.078203	3.0151e-05	0.040765	supercritical
467.00	72.000	58.617	0.017060	300.64	423.47	5.7041	0.70723	0.99899	419.61	0.077689	3.0195e-05	0.040830	supercritical
468.00	72.000	58.486	0.017098	301.36	424.47	5.7062	0.70752	0.99911	420.04	0.077178	3.0239e-05	0.040894	supercritical
469.00	72.000	58.356	0.017136	302.09	425.47	5.7083	0.70781	0.99923	420.46	0.076670	3.0283e-05	0.040959	supercritical
470.00	72.000	58.226	0.017174	302.81	426.47	5.7105	0.70810	0.99935	420.88	0.076164	3.0326e-05	0.041023	supercritical
471.00	72.000	58.097	0.017213	303.54	427.47	5.7126	0.70839	0.99948	421.31	0.075661	3.0370e-05	0.041088	supercritical
472.00	72.000	57.968	0.017251	304.26	428.47	5.7147	0.70868	0.99961	421.73	0.075161	3.0414e-05	0.041153	supercritical
473.00	72.000	57.841	0.017289	304.99	429.47	5.7168	0.70897	0.99973	422.15	0.074663	3.0457e-05	0.041217	supercritical
474.00	72.000	57.713	0.017327	305.71	430.47	5.7189	0.70926	0.99987	422.58	0.074167	3.0501e-05	0.041282	supercritical
475.00	72.000	57.587	0.017365	306.44	431.47	5.7210	0.70956	1.0000	423.00	0.073674	3.0544e-05	0.041346	supercritical
476.00	72.000	57.461	0.017403	307.16	432.47	5.7231	0.70985	1.0001	423.42	0.073184	3.0587e-05	0.041411	supercritical
477.00	72.000	57.335	0.017441	307.89	433.47	5.7252	0.71014	1.0003	423.84	0.072696	3.0631e-05	0.041475	supercritical
478.00	72.000	57.210	0.017479	308.61	434.47	5.7273	0.71043	1.0004	424.26	0.072211	3.0674e-05	0.041540	supercritical
479.00	72.000	57.086	0.017518	309.34	435.47	5.7294	0.71073	1.0005	424.67	0.071728	3.0718e-05	0.041604	supercritical
480.00	72.000	56.962	0.017556	310.07	436.47	5.7315	0.71102	1.0007	425.09	0.071248	3.0761e-05	0.041669	supercritical
481.00	72.000	56.839	0.017594	310.79	437.47	5.7336	0.71131	1.0008	425.51	0.070770	3.0804e-05	0.041733	supercritical
482.00	72.000	56.716	0.017632	311.52	438.47	5.7357	0.71161	1.0010	425.93	0.070295	3.0847e-05	0.041797	supercritical
483.00	72.000	56.594	0.017670	312.25	439.47	5.7378	0.71190	1.0011	426.34	0.069822	3.0891e-05	0.041862	supercritical
484.00	72.000	56.472	0.017708	312.98	440.47	5.7398	0.71220	1.0013	426.76	0.069351	3.0934e-05	0.041926	supercritical
485.00	72.000	56.352	0.017746	313.70	441.47	5.7419	0.71249	1.0014	427.17	0.068883	3.0977e-05	0.041990	supercritical
486.00	72.000	56.231	0.017784	314.43	442.47	5.7440	0.71279	1.0015	427.59	0.068417	3.1020e-05	0.042055	supercritical
487.00	72.000	56.111	0.017822	315.16	443.48	5.7460	0.71308	1.0017	428.00	0.067953	3.1063e-05	0.042119	supercritical
488.00	72.000	55.992	0.017860	315.89	444.48	5.7481	0.71338	1.0018	428.41	0.067492	3.1106e-05	0.042183	supercritical
489.00	72.000	55.873	0.017898	316.62	445.48	5.7501	0.71367	1.0020	428.83	0.067033	3.1149e-05	0.042248	supercritical
490.00	72.000	55.755	0.017936	317.34	446.48	5.7522	0.71397	1.0022	429.24	0.066576	3.1192e-05	0.042312	supercritical
491.00	72.000	55.637	0.017974	318.07	447.48	5.7542	0.71427	1.0023	429.65	0.066122	3.1235e-05	0.042376	supercritical
492.00	72.000	55.520	0.018012	318.80	448.49	5.7563	0.71456	1.0025	430.06	0.065670	3.1278e-05	0.042440	supercritical
493.00	72.000	55.403	0.018050	319.53	449.49	5.7583	0.71486	1.0026	430.47	0.065220	3.1320e-05	0.042504	supercritical
494.00	72.000	55.287	0.018087	320.26	450.49	5.7603	0.71516	1.0028	430.88	0.064772	3.1363e-05	0.042568	supercritical
495.00	72.000	55.171	0.018125	320.99	451.49	5.7623	0.71545	1.0029	431.29	0.064327	3.1406e-05	0.042632	supercritical
496.00	72.000	55.056	0.018163	321.72	452.50	5.7644	0.71575	1.0031	431.70	0.063884	3.1449e-05	0.042697	supercritical
497.00	72.000	54.941	0.018201	322.45	453.50	5.7664	0.71605	1.0033	432.10	0.063443	3.1491e-05	0.042761	supercritical
498.00	72.000	54.827	0.018239	323.18	454.50	5.7684	0.71635	1.0034	432.51	0.063004	3.1534e-05	0.042825	supercritical
499.00	72.000	54.714	0.018277	323.91	455.51	5.7704	0.71664	1.0036	432.92	0.062568	3.1577e-05	0.042889	supercritical
500.00	72.000	54.600	0.018315	324.64	456.51	5.7724	0.71694	1.0038	433.32	0.062133	3.1619e-05	0.042953	supercritical
501.00	72.000	54.488	0.018353	325.37	457.51	5.7744	0.71724	1.0039	433.73	0.061701	3.1662e-05	0.043017	supercritical
502.00	72.000	54.376	0.018391	326.11	458.52	5.7764	0.71754	1.0041	434.13	0.061271	3.1704e-05	0.043081	supercritical
503.00	72.000	54.264	0.018428	326.84	459.52	5.7784	0.71784	1.0043	434.54	0.060843	3.1747e-05	0.043145	supercritical
504.00	72.000	54.153	0.018466	327.57	460.53	5.7804	0.71813	1.0044	434.94	0.060417	3.1789e-05	0.043208	supercritical
505.00	72.000	54.042	0.018504	328.30	461.53	5.7824	0.71843	1.0046	435.35	0.059993	3.1832e-05	0.043272	supercritical
506.00	72.000	53.932	0.018542	329.03	462.54	5.7844	0.71873	1.0048	435.75	0.059571	3.1874e-05	0.043336	supercritical
507.00	72.000	53.822	0.018580	329.77	463.54	5.7864	0.71903	1.0049	436.15	0.059151	3.1916e-05	0.043400	supercritical
508.00	72.000	53.712	0.018618	330.50	464.55	5.7884	0.71933	1.0051	436.55	0.058734	3.1959e-05	0.043464	supercritical
509.00	72.000	53.604	0.018655	331.23	465.55	5.7904	0.71963	1.0053	436.95	0.058318	3.2001e-05	0.043528	supercritical
510.00	72.000	53.495	0.018693	331.97	466.56	5.7923	0.71993	1.0055	437.35	0.057905	3.2043e-05	0.043591	supercritical
511.00	72.000	53.387	0.018731	332.70	467.56	5.7943	0.72023	1.0056	437.75	0.057493	3.2085e-05	0.043655	supercritical
512.00	72.000	53.280	0.018769	333.43	468.57	5.7963	0.72053	1.0058	438.15	0.057083	3.2128e-05	0.043719	supercritical
513.00	72.000	53.173	0.018807	334.17	469.57	5.7982	0.72082	1.0060	438.55	0.056676	3.2170e-05	0.043783	supercritical
514.00	72.000	53.066	0.018844	334.90	470.58	5.8002	0.72112	1.0062	438.95	0.056270	3.2212e-05	0.043846	supercritical
515.00	72.000	52.960	0.018882	335.64	471.59	5.8021	0.72142	1.0064	439.35	0.055866	3.2254e-05	0.043910	supercritical
516.00	72.000	52.854	0.018920	336.37	472.59	5.8041	0.72172	1.0065	439.75	0.055465	3.2296e-05	0.043974	supercritical
517.00	72.000	52.749	0.018958	337.10	473.60	5.8060	0.72202	1.0067	440.14	0.055065	3.2338e-05	0.044037	supercritical
518.00	72.000	52.644	0.018995	337.84	474.61	5.8080	0.72232	1.0069	440.54	0.054667	3.2380e-05	0.044101	supercritical
519.00	72.000	52.540	0.019033	338.58	475.61	5.8099	0.72262	1.0071	440.93	0.054271	3.2422e-05	0.044164	supercritical
520.00	72.000	52.436	0.019071	339.31	476.62	5.8119	0.72292	1.0073	441.33	0.053877	3.2464e-05	0.044228	supercritical
521.00	72.000	52.333	0.019109	340.05	477.63	5.8138	0.72322	1.0074	441.72	0.053485	3.2506e-05	0.044292	supercritical
522.00	72.000	52.230	0.019146	340.78	478.64	5.8157	0.72352	1.0076	442.12	0.053094	3.2547e-05	0.044355	supercritical
523.00	72.000	52.127	0.019184	341.52	479.64	5.8177	0.72382	1.0078	442.51	0.052706	3.2589e-05	0.044419	supercritical
524.00	72.000	52.025	0.019222	342.26	480.65	5.8196	0.72412	1.0080	442.91	0.052319	3.2631e-05	0.044482	supercritical
525.00	72.000	51.923	0.019259	342.99	481.66	5.8215	0.72442	1.0082	443.30	0.051935	3.2673e-05	0.044545	supercritical
526.00	72.000	51.822	0.019297	343.73	482.67	5.8234	0.72472	1.0084	443.69	0.051552	3.2714e-05	0.044609	supercritical
527.00	72.000	51.721	0.019335	344.47	483.68	5.8253	0.72502	1.0086	444.08	0.051170	3.2756e-05	0.044672	supercritical
528.00	72.000	51.620	0.019372	345.20	484.68	5.8273	0.72532	1.0088	444.47	0.050791	3.2798e-05	0.044736	supercritical
529.00	72.000	51.520	0.019410	345.94	485.69	5.8292	0.72562	1.0090	444.86	0.050414	3.2839e-05	0.044799	supercritical
530.00	72.000	51.420	0.019448	346.68	486.70	5.8311	0.72592	1.0091	445.25	0.050038	3.2881e-05	0.044862	supercritical
531.00	72.000	51.321	0.019485	347.42	487.71	5.8330	0.72622	1.0093	445.64	0.049664	3.2923e-05	0.044926	supercritical
532.00	72.000	51.222	0.019523	348.16	488.72	5.8349	0.72652	1.0095	446.03	0.049292	3.2964e-05	0.044989	supercritical
533.00	72.000	51.123	0.019561	348.89	489.73	5.8368	0.72682	1.0097	446.42	0.048921	3.3006e-05	0.045052	supercritical
534.00	72.000	51.025	0.019598	349.63	490.74	5.8387	0.72711	1.0099	446.81	0.048553	3.3047e-05	0.045115	supercritical
535.00	72.000	50.927	0.019636	350.37	491.75	5.8405	0.72741	1.0101	447.20	0.048186	3.3088e-05	0.045179	supercritical
536.00	72.000	50.830	0.019673	351.11	492.76	5.8424	0.72771	1.0103	447.59	0.047820	3.3130e-05	0.045242	supercritical
537.00	72.000	50.733	0.019711	351.85	493.77	5.8443	0.72801	1.0105	447.97	0.047457	3.3171e-05	0.045305	supercritical
538.00	72.000	50.637	0.019749	352.59	494.78	5.8462	0.72831	1.0107	448.36	0.047095	3.3212e-05	0.045368	supercritical
539.00	72.000	50.540	0.019786	353.33	495.79	5.8481	0.72861	1.0109	448.75	0.046735	3.3254e-05	0.045431	supercritical
540.00	72.000	50.445	0.019824	354.07	496.80	5.8500	0.72891	1.0111	449.13	0.046376	3.3295e-05	0.045494	supercritical
541.00	72.000	50.349	0.019861	354.81	497.81	5.8518	0.72921	1.0113	449.52	0.046020	3.3336e-05	0.045558	supercritical
542.00	72.000	50.254	0.019899	355.55	498.83	5.8537	0.72951	1.0115	449.90	0.045664	3.3377e-05	0.045621	supercritical
543.00	72.000	50.159	0.019936	356.30	499.84	5.8556	0.72981	1.0117	450.29	0.045311	3.3419e-05	0.045684	supercritical
544.00	72.000	50.065	0.019974	357.04	500.85	5.8574	0.73010	1.0119	450.67	0.044959	3.3460e-05	0.045747	supercritical
545.00	72.000	49.971	0.020012	357.78	501.86	5.8593	0.73040	1.0121	451.05	0.044609	3.3501e-05	0.045810	supercritical
546.00	72.000	49.878	0.020049	358.52	502.87	5.8611	0.73070	1.0123	451.44	0.044260	3.3542e-05	0.045873	supercritical
547.00	72.000	49.784	0.020087	359.26	503.89	5.8630	0.73100	1.0125	451.82	0.043913	3.3583e-05	0.045936	supercritical
548.00	72.000	49.691	0.020124	360.00	504.90	5.8648	0.73130	1.0127	452.20	0.043568	3.3624e-05	0.045999	supercritical
549.00	72.000	49.599	0.020162	360.75	505.91	5.8667	0.73159	1.0129	452.58	0.043224	3.3665e-05	0.046061	supercritical
550.00	72.000	49.507	0.020199	361.49	506.92	5.8685	0.73189	1.0131	452.96	0.042882	3.3706e-05	0.046124	supercritical
551.00	72.000	49.415	0.020237	362.23	507.94	5.8704	0.73219	1.0133	453.34	0.042541	3.3747e-05	0.046187	supercritical
552.00	72.000	49.324	0.020274	362.98	508.95	5.8722	0.73249	1.0135	453.72	0.042202	3.3788e-05	0.046250	supercritical
553.00	72.000	49.233	0.020312	363.72	509.96	5.8740	0.73279	1.0137	454.10	0.041864	3.3829e-05	0.046313	supercritical
554.00	72.000	49.142	0.020349	364.46	510.98	5.8759	0.73308	1.0139	454.48	0.041528	3.3869e-05	0.046376	supercritical
555.00	72.000	49.052	0.020387	365.21	511.99	5.8777	0.73338	1.0141	454.86	0.041194	3.3910e-05	0.046438	supercritical
556.00	72.000	48.961	0.020424	365.95	513.01	5.8795	0.73368	1.0143	455.24	0.040861	3.3951e-05	0.046501	supercritical
557.00	72.000	48.872	0.020462	366.70	514.02	5.8813	0.73397	1.0145	455.62	0.040529	3.3992e-05	0.046564	supercritical
558.00	72.000	48.782	0.020499	367.44	515.04	5.8832	0.73427	1.0147	456.00	0.040199	3.4032e-05	0.046627	supercritical
559.00	72.000	48.693	0.020537	368.19	516.05	5.8850	0.73457	1.0150	456.37	0.039871	3.4073e-05	0.046689	supercritical
560.00	72.000	48.605	0.020574	368.93	517.07	5.8868	0.73486	1.0152	456.75	0.039544	3.4114e-05	0.046752	supercritical
561.00	72.000	48.517	0.020612	369.68	518.08	5.8886	0.73516	1.0154	457.13	0.039218	3.4154e-05	0.046815	supercritical
562.00	72.000	48.429	0.020649	370.42	519.10	5.8904	0.73545	1.0156	457.50	0.038894	3.4195e-05	0.046877	supercritical
563.00	72.000	48.341	0.020686	371.17	520.11	5.8922	0.73575	1.0158	457.88	0.038572	3.4235e-05	0.046940	supercritical
564.00	72.000	48.254	0.020724	371.92	521.13	5.8940	0.73605	1.0160	458.25	0.038251	3.4276e-05	0.047002	supercritical
565.00	72.000	48.167	0.020761	372.66	522.14	5.8958	0.73634	1.0162	458.63	0.037931	3.4316e-05	0.047065	supercritical
566.00	72.000	48.080	0.020799	373.41	523.16	5.8976	0.73664	1.0164	459.00	0.037613	3.4357e-05	0.047128	supercritical
567.00	72.000	47.994	0.020836	374.16	524.18	5.8994	0.73693	1.0166	459.37	0.037296	3.4397e-05	0.047190	supercritical
568.00	72.000	47.908	0.020874	374.90	525.19	5.9012	0.73723	1.0168	459.75	0.036981	3.4438e-05	0.047253	supercritical
569.00	72.000	47.822	0.020911	375.65	526.21	5.9030	0.73752	1.0170	460.12	0.036667	3.4478e-05	0.047315	supercritical
570.00	72.000	47.736	0.020948	376.40	527.23	5.9048	0.73781	1.0173	460.49	0.036354	3.4518e-05	0.047377	supercritical
571.00	72.000	47.651	0.020986	377.15	528.25	5.9066	0.73811	1.0175	460.87	0.036043	3.4559e-05	0.047440	supercritical
572.00	72.000	47.567	0.021023	377.90	529.26	5.9083	0.73840	1.0177	461.24	0.035733	3.4599e-05	0.047502	supercritical
573.00	72.000	47.482	0.021061	378.64	530.28	5.9101	0.73870	1.0179	461.61	0.035425	3.4639e-05	0.047565	supercritical
574.00	72.000	47.398	0.021098	379.39	531.30	5.9119	0.73899	1.0181	461.98	0.035118	3.4679e-05	0.047627	supercritical
575.00	72.000	47.314	0.021135	380.14	532.32	5.9137	0.73928	1.0183	462.35	0.034812	3.4720e-05	0.047689	supercritical
576.00	72.000	47.231	0.021173	380.89	533.34	5.9154	0.73958	1.0185	462.72	0.034508	3.4760e-05	0.047752	supercritical
577.00	72.000	47.147	0.021210	381.64	534.35	5.9172	0.73987	1.0187	463.09	0.034205	3.4800e-05	0.047814	supercritical
578.00	72.000	47.065	0.021247	382.39	535.37	5.9190	0.74016	1.0190	463.46	0.033903	3.4840e-05	0.047876	supercritical
579.00	72.000	46.982	0.021285	383.14	536.39	5.9207	0.74045	1.0192	463.83	0.033603	3.4880e-05	0.047939	supercritical
580.00	72.000	46.900	0.021322	383.89	537.41	5.9225	0.74075	1.0194	464.20	0.033304	3.4920e-05	0.048001	supercritical
581.00	72.000	46.818	0.021359	384.64	538.43	5.9242	0.74104	1.0196	464.57	0.033006	3.4960e-05	0.048063	supercritical
582.00	72.000	46.736	0.021397	385.39	539.45	5.9260	0.74133	1.0198	464.93	0.032710	3.5000e-05	0.048125	supercritical
583.00	72.000	46.655	0.021434	386.14	540.47	5.9278	0.74162	1.0200	465.30	0.032415	3.5040e-05	0.048187	supercritical
584.00	72.000	46.573	0.021471	386.90	541.49	5.9295	0.74191	1.0202	465.67	0.032121	3.5080e-05	0.048249	supercritical
585.00	72.000	46.493	0.021509	387.65	542.51	5.9312	0.74220	1.0204	466.03	0.031828	3.5120e-05	0.048312	supercritical
586.00	72.000	46.412	0.021546	388.40	543.53	5.9330	0.74249	1.0207	466.40	0.031537	3.5160e-05	0.048374	supercritical
587.00	72.000	46.332	0.021583	389.15	544.55	5.9347	0.74278	1.0209	466.77	0.031247	3.5200e-05	0.048436	supercritical
588.00	72.000	46.252	0.021621	389.90	545.57	5.9365	0.74307	1.0211	467.13	0.030958	3.5239e-05	0.048498	supercritical
589.00	72.000	46.172	0.021658	390.66	546.59	5.9382	0.74336	1.0213	467.50	0.030671	3.5279e-05	0.048560	supercritical
590.00	72.000	46.093	0.021695	391.41	547.62	5.9399	0.74365	1.0215	467.86	0.030385	3.5319e-05	0.048622	supercritical
591.00	72.000	46.014	0.021733	392.16	548.64	5.9417	0.74394	1.0217	468.23	0.030100	3.5359e-05	0.048684	supercritical
592.00	72.000	45.935	0.021770	392.92	549.66	5.9434	0.74423	1.0220	468.59	0.029816	3.5398e-05	0.048746	supercritical
593.00	72.000	45.856	0.021807	393.67	550.68	5.9451	0.74452	1.0222	468.95	0.029534	3.5438e-05	0.048808	supercritical
594.00	72.000	45.778	0.021844	394.42	551.70	5.9468	0.74481	1.0224	469.32	0.029252	3.5478e-05	0.048870	supercritical
595.00	72.000	45.700	0.021882	395.18	552.73	5.9486	0.74510	1.0226	469.68	0.028972	3.5517e-05	0.048932	supercritical
596.00	72.000	45.622	0.021919	395.93	553.75	5.9503	0.74538	1.0228	470.04	0.028693	3.5557e-05	0.048993	supercritical
597.00	72.000	45.545	0.021956	396.69	554.77	5.9520	0.74567	1.0230	470.41	0.028416	3.5596e-05	0.049055	supercritical
598.00	72.000	45.468	0.021994	397.44	555.79	5.9537	0.74596	1.0233	470.77	0.028139	3.5636e-05	0.049117	supercritical
599.00	72.000	45.391	0.022031	398.20	556.82	5.9554	0.74625	1.0235	471.13	0.027864	3.5675e-05	0.049179	supercritical
600.00	72.000	45.314	0.022068	398.95	557.84	5.9571	0.74653	1.0237	471.49	0.027590	3.5715e-05	0.049241	supercritical
