Temperature (K)	Pressure (bar)	Density (kg/m3)	Volume (m3/kg)	Internal Energy (kJ/kg)	Enthalpy (kJ/kg)	Entropy (J/g*K)	Cv (J/g*K)	Cp (J/g*K)	Sound Spd. (m/s)	Joule-Thomson (K/bar)	Viscosity (Pa*s)	Therm. Cond. (W/m*K)	Phase
60.000	104.00	1294.2	0.00077270	-185.77	-177.73	2.2302	1.0925	1.6522	1155.6	-0.037649	0.00062716	0.19811	liquid
61.000	104.00	1289.9	0.00077522	-184.14	-176.08	2.2575	1.0845	1.6544	1151.7	-0.037491	0.00059767	0.19679	liquid
62.000	104.00	1285.7	0.00077778	-182.51	-174.42	2.2844	1.0774	1.6561	1147.0	-0.037348	0.00057013	0.19548	liquid
63.000	104.00	1281.5	0.00078036	-180.88	-172.77	2.3109	1.0709	1.6575	1141.9	-0.037220	0.00054442	0.19416	liquid
64.000	104.00	1277.2	0.00078297	-179.25	-171.11	2.3370	1.0648	1.6585	1136.2	-0.037103	0.00052039	0.19284	liquid
65.000	104.00	1272.9	0.00078560	-177.62	-169.45	2.3627	1.0591	1.6591	1130.2	-0.036996	0.00049792	0.19152	liquid
66.000	104.00	1268.6	0.00078825	-175.99	-167.79	2.3881	1.0537	1.6595	1124.0	-0.036896	0.00047689	0.19020	liquid
67.000	104.00	1264.3	0.00079093	-174.36	-166.13	2.4130	1.0485	1.6596	1117.4	-0.036802	0.00045720	0.18888	liquid
68.000	104.00	1260.0	0.00079363	-172.73	-164.47	2.4376	1.0435	1.6594	1110.7	-0.036712	0.00043875	0.18756	liquid
69.000	104.00	1255.7	0.00079636	-171.10	-162.81	2.4618	1.0386	1.6592	1103.9	-0.036625	0.00042143	0.18624	liquid
70.000	104.00	1251.4	0.00079910	-169.46	-161.15	2.4857	1.0338	1.6588	1096.9	-0.036538	0.00040517	0.18492	liquid
71.000	104.00	1247.1	0.00080187	-167.84	-159.50	2.5092	1.0291	1.6583	1089.9	-0.036451	0.00038990	0.18361	liquid
72.000	104.00	1242.8	0.00080466	-166.21	-157.84	2.5324	1.0244	1.6577	1082.7	-0.036363	0.00037552	0.18229	liquid
73.000	104.00	1238.4	0.00080748	-164.58	-156.18	2.5553	1.0198	1.6571	1075.6	-0.036273	0.00036199	0.18097	liquid
74.000	104.00	1234.1	0.00081032	-162.95	-154.52	2.5778	1.0153	1.6565	1068.4	-0.036179	0.00034923	0.17965	liquid
75.000	104.00	1229.7	0.00081318	-161.32	-152.87	2.6001	1.0108	1.6559	1061.1	-0.036081	0.00033720	0.17834	liquid
76.000	104.00	1225.4	0.00081607	-159.70	-151.21	2.6220	1.0064	1.6553	1053.9	-0.035979	0.00032583	0.17702	liquid
77.000	104.00	1221.0	0.00081898	-158.07	-149.56	2.6436	1.0020	1.6547	1046.6	-0.035871	0.00031509	0.17570	liquid
78.000	104.00	1216.7	0.00082193	-156.45	-147.90	2.6650	0.99771	1.6542	1039.3	-0.035757	0.00030492	0.17438	liquid
79.000	104.00	1212.3	0.00082489	-154.83	-146.25	2.6860	0.99343	1.6538	1032.0	-0.035636	0.00029529	0.17306	liquid
80.000	104.00	1207.9	0.00082789	-153.20	-144.59	2.7068	0.98919	1.6534	1024.7	-0.035509	0.00028616	0.17174	liquid
81.000	104.00	1203.5	0.00083091	-151.58	-142.94	2.7274	0.98500	1.6531	1017.4	-0.035374	0.00027749	0.17043	liquid
82.000	104.00	1199.1	0.00083397	-149.96	-141.29	2.7477	0.98085	1.6530	1010.1	-0.035231	0.00026926	0.16911	liquid
83.000	104.00	1194.7	0.00083705	-148.34	-139.64	2.7677	0.97676	1.6529	1002.8	-0.035080	0.00026143	0.16779	liquid
84.000	104.00	1190.2	0.00084017	-146.72	-137.98	2.7875	0.97270	1.6529	995.55	-0.034920	0.00025398	0.16646	liquid
85.000	104.00	1185.8	0.00084331	-145.10	-136.33	2.8071	0.96870	1.6530	988.26	-0.034752	0.00024688	0.16514	liquid
86.000	104.00	1181.3	0.00084649	-143.48	-134.68	2.8264	0.96474	1.6533	980.98	-0.034574	0.00024010	0.16382	liquid
87.000	104.00	1176.9	0.00084970	-141.86	-133.02	2.8455	0.96083	1.6537	973.71	-0.034386	0.00023363	0.16250	liquid
88.000	104.00	1172.4	0.00085295	-140.24	-131.37	2.8644	0.95697	1.6542	966.43	-0.034189	0.00022745	0.16117	liquid
89.000	104.00	1167.9	0.00085624	-138.62	-129.71	2.8831	0.95316	1.6548	959.16	-0.033981	0.00022154	0.15985	liquid
90.000	104.00	1163.4	0.00085956	-137.00	-128.06	2.9016	0.94939	1.6555	951.89	-0.033763	0.00021588	0.15852	liquid
91.000	104.00	1158.9	0.00086292	-135.38	-126.40	2.9199	0.94568	1.6564	944.62	-0.033534	0.00021046	0.15719	liquid
92.000	104.00	1154.3	0.00086632	-133.76	-124.75	2.9380	0.94201	1.6574	937.35	-0.033294	0.00020526	0.15586	liquid
93.000	104.00	1149.7	0.00086976	-132.13	-123.09	2.9559	0.93839	1.6585	930.08	-0.033043	0.00020027	0.15453	liquid
94.000	104.00	1145.2	0.00087324	-130.51	-121.43	2.9737	0.93482	1.6598	922.81	-0.032779	0.00019547	0.15320	liquid
95.000	104.00	1140.6	0.00087676	-128.89	-119.77	2.9912	0.93129	1.6612	915.54	-0.032504	0.00019085	0.15187	liquid
96.000	104.00	1135.9	0.00088033	-127.26	-118.11	3.0086	0.92781	1.6628	908.26	-0.032216	0.00018641	0.15054	liquid
97.000	104.00	1131.3	0.00088394	-125.64	-116.44	3.0259	0.92438	1.6644	900.98	-0.031915	0.00018213	0.14921	liquid
98.000	104.00	1126.6	0.00088760	-124.01	-114.78	3.0430	0.92100	1.6663	893.69	-0.031602	0.00017800	0.14788	liquid
99.000	104.00	1121.9	0.00089131	-122.38	-113.11	3.0599	0.91766	1.6683	886.40	-0.031274	0.00017402	0.14654	liquid
100.00	104.00	1117.2	0.00089507	-120.75	-111.44	3.0767	0.91437	1.6704	879.09	-0.030932	0.00017017	0.14521	liquid
101.00	104.00	1112.5	0.00089888	-119.12	-109.77	3.0933	0.91112	1.6726	871.78	-0.030576	0.00016645	0.14387	liquid
102.00	104.00	1107.7	0.00090274	-117.48	-108.10	3.1098	0.90792	1.6751	864.47	-0.030205	0.00016285	0.14253	liquid
103.00	104.00	1103.0	0.00090666	-115.85	-106.42	3.1261	0.90477	1.6777	857.14	-0.029819	0.00015937	0.14120	liquid
104.00	104.00	1098.1	0.00091063	-114.21	-104.74	3.1424	0.90166	1.6804	849.80	-0.029416	0.00015600	0.13986	liquid
105.00	104.00	1093.3	0.00091466	-112.57	-103.06	3.1585	0.89859	1.6833	842.44	-0.028997	0.00015273	0.13852	liquid
106.00	104.00	1088.4	0.00091876	-110.93	-101.37	3.1744	0.89556	1.6864	835.08	-0.028561	0.00014955	0.13718	liquid
107.00	104.00	1083.5	0.00092291	-109.28	-99.686	3.1903	0.89258	1.6896	827.70	-0.028108	0.00014647	0.13584	liquid
108.00	104.00	1078.6	0.00092713	-107.64	-97.995	3.2060	0.88965	1.6930	820.31	-0.027636	0.00014348	0.13450	liquid
109.00	104.00	1073.6	0.00093142	-105.99	-96.300	3.2216	0.88675	1.6966	812.90	-0.027144	0.00014056	0.13317	liquid
110.00	104.00	1068.6	0.00093577	-104.33	-94.602	3.2371	0.88390	1.7004	805.47	-0.026633	0.00013773	0.13183	liquid
111.00	104.00	1063.6	0.00094020	-102.68	-92.899	3.2526	0.88109	1.7043	798.03	-0.026102	0.00013497	0.13049	liquid
112.00	104.00	1058.5	0.00094470	-101.02	-91.193	3.2679	0.87833	1.7085	790.57	-0.025549	0.00013229	0.12916	liquid
113.00	104.00	1053.4	0.00094927	-99.355	-89.482	3.2831	0.87560	1.7129	783.08	-0.024974	0.00012967	0.12783	liquid
114.00	104.00	1048.3	0.00095393	-97.688	-87.767	3.2982	0.87292	1.7174	775.58	-0.024376	0.00012712	0.12649	liquid
115.00	104.00	1043.1	0.00095867	-96.018	-86.048	3.3132	0.87028	1.7222	768.06	-0.023754	0.00012462	0.12516	liquid
116.00	104.00	1037.9	0.00096349	-94.343	-84.323	3.3281	0.86769	1.7272	760.51	-0.023106	0.00012219	0.12383	liquid
117.00	104.00	1032.6	0.00096840	-92.664	-82.593	3.3430	0.86513	1.7324	752.94	-0.022432	0.00011982	0.12250	liquid
118.00	104.00	1027.3	0.00097340	-90.981	-80.858	3.3577	0.86262	1.7379	745.35	-0.021731	0.00011749	0.12116	liquid
119.00	104.00	1022.0	0.00097850	-89.293	-79.117	3.3724	0.86015	1.7436	737.73	-0.021001	0.00011522	0.11983	liquid
120.00	104.00	1016.6	0.00098369	-87.601	-77.371	3.3870	0.85773	1.7496	730.09	-0.020241	0.00011300	0.11850	liquid
121.00	104.00	1011.1	0.00098899	-85.903	-75.618	3.4016	0.85535	1.7559	722.41	-0.019449	0.00011082	0.11718	liquid
122.00	104.00	1005.6	0.00099440	-84.200	-73.859	3.4161	0.85301	1.7624	714.71	-0.018625	0.00010869	0.11585	liquid
123.00	104.00	1000.1	0.00099991	-82.492	-72.093	3.4305	0.85072	1.7693	706.98	-0.017765	0.00010661	0.11452	liquid
124.00	104.00	994.49	0.0010055	-80.778	-70.320	3.4448	0.84847	1.7764	699.22	-0.016870	0.00010456	0.11320	liquid
125.00	104.00	988.83	0.0010113	-79.057	-68.540	3.4591	0.84627	1.7839	691.42	-0.015936	0.00010256	0.11187	liquid
126.00	104.00	983.11	0.0010172	-77.331	-66.752	3.4734	0.84411	1.7917	683.59	-0.014962	0.00010059	0.11055	liquid
127.00	104.00	977.33	0.0010232	-75.597	-64.956	3.4876	0.84200	1.7999	675.73	-0.013945	9.8662e-05	0.10923	liquid
128.00	104.00	971.49	0.0010293	-73.857	-63.152	3.5017	0.83994	1.8085	667.83	-0.012884	9.6767e-05	0.10792	liquid
129.00	104.00	965.59	0.0010356	-72.110	-61.339	3.5158	0.83793	1.8175	659.90	-0.011776	9.4907e-05	0.10660	liquid
130.00	104.00	959.62	0.0010421	-70.355	-59.517	3.5299	0.83596	1.8269	651.93	-0.010618	9.3080e-05	0.10529	liquid
131.00	104.00	953.57	0.0010487	-68.592	-57.685	3.5439	0.83405	1.8367	643.91	-0.0094076	9.1284e-05	0.10398	liquid
132.00	104.00	947.46	0.0010555	-66.820	-55.843	3.5580	0.83219	1.8470	635.86	-0.0081414	8.9519e-05	0.10267	liquid
133.00	104.00	941.26	0.0010624	-65.040	-53.991	3.5719	0.83038	1.8578	627.76	-0.0068163	8.7784e-05	0.10136	liquid
134.00	104.00	934.99	0.0010695	-63.251	-52.128	3.5859	0.82863	1.8692	619.63	-0.0054286	8.6077e-05	0.10006	liquid
135.00	104.00	928.63	0.0010769	-61.452	-50.252	3.5998	0.82693	1.8811	611.44	-0.0039746	8.4397e-05	0.098756	liquid
136.00	104.00	922.18	0.0010844	-59.643	-48.365	3.6138	0.82529	1.8937	603.21	-0.0024502	8.2745e-05	0.097459	liquid
137.00	104.00	915.65	0.0010921	-57.823	-46.465	3.6277	0.82371	1.9068	594.94	-0.00085069	8.1117e-05	0.096164	liquid
138.00	104.00	909.01	0.0011001	-55.992	-44.551	3.6416	0.82220	1.9207	586.61	0.00082866	7.9514e-05	0.094873	liquid
139.00	104.00	902.28	0.0011083	-54.150	-42.623	3.6555	0.82075	1.9353	578.23	0.0025932	7.7936e-05	0.093585	liquid
140.00	104.00	895.44	0.0011168	-52.295	-40.680	3.6694	0.81936	1.9507	569.80	0.0044486	7.6380e-05	0.092300	liquid
141.00	104.00	888.49	0.0011255	-50.427	-38.722	3.6834	0.81804	1.9670	561.32	0.0064012	7.4847e-05	0.091019	liquid
142.00	104.00	881.43	0.0011345	-48.545	-36.746	3.6974	0.81680	1.9841	552.78	0.0084578	7.3335e-05	0.089742	liquid
143.00	104.00	874.24	0.0011438	-46.649	-34.753	3.7113	0.81563	2.0022	544.19	0.010626	7.1844e-05	0.088469	liquid
144.00	104.00	866.92	0.0011535	-44.738	-32.741	3.7254	0.81454	2.0214	535.54	0.012913	7.0373e-05	0.087200	liquid
145.00	104.00	859.47	0.0011635	-42.810	-30.710	3.7394	0.81353	2.0417	526.84	0.015329	6.8921e-05	0.085935	liquid
146.00	104.00	851.88	0.0011739	-40.866	-28.657	3.7535	0.81260	2.0633	518.07	0.017882	6.7487e-05	0.084673	liquid
147.00	104.00	844.13	0.0011846	-38.903	-26.583	3.7677	0.81177	2.0861	509.25	0.020585	6.6072e-05	0.083417	liquid
148.00	104.00	836.23	0.0011958	-36.921	-24.485	3.7819	0.81103	2.1104	500.36	0.023447	6.4674e-05	0.082164	liquid
149.00	104.00	828.15	0.0012075	-34.919	-22.361	3.7962	0.81038	2.1363	491.42	0.026481	6.3292e-05	0.080916	liquid
150.00	104.00	819.90	0.0012197	-32.896	-20.211	3.8106	0.80984	2.1638	482.42	0.029702	6.1926e-05	0.079672	liquid
151.00	104.00	811.46	0.0012324	-30.850	-18.033	3.8251	0.80941	2.1931	473.37	0.033124	6.0575e-05	0.078432	liquid
152.00	104.00	802.81	0.0012456	-28.779	-15.825	3.8396	0.80909	2.2244	464.26	0.036765	5.9238e-05	0.077197	liquid
153.00	104.00	793.95	0.0012595	-26.683	-13.584	3.8543	0.80889	2.2579	455.10	0.040641	5.7915e-05	0.075966	liquid
154.00	104.00	784.87	0.0012741	-24.559	-11.308	3.8692	0.80881	2.2937	445.89	0.044772	5.6605e-05	0.074740	liquid
155.00	104.00	775.54	0.0012894	-22.405	-8.9955	3.8841	0.80885	2.3320	436.65	0.049180	5.5307e-05	0.073518	supercritical
156.00	104.00	765.96	0.0013056	-20.221	-6.6432	3.8993	0.80902	2.3731	427.37	0.053889	5.4021e-05	0.072300	supercritical
157.00	104.00	756.10	0.0013226	-18.003	-4.2484	3.9146	0.80932	2.4171	418.07	0.058922	5.2746e-05	0.071086	supercritical
158.00	104.00	745.95	0.0013406	-15.750	-1.8080	3.9300	0.80975	2.4643	408.75	0.064308	5.1480e-05	0.069875	supercritical
159.00	104.00	735.49	0.0013596	-13.459	0.68136	3.9458	0.81031	2.5149	399.44	0.070074	5.0224e-05	0.068669	supercritical
160.00	104.00	724.70	0.0013799	-11.128	3.2231	3.9617	0.81099	2.5692	390.14	0.076251	4.8977e-05	0.067465	supercritical
161.00	104.00	713.56	0.0014014	-8.7538	5.8210	3.9779	0.81180	2.6272	380.88	0.082870	4.7738e-05	0.066265	supercritical
162.00	104.00	702.06	0.0014244	-6.3348	8.4789	3.9943	0.81270	2.6892	371.67	0.089961	4.6507e-05	0.065067	supercritical
163.00	104.00	690.17	0.0014489	-3.8682	11.201	4.0111	0.81371	2.7550	362.56	0.097555	4.5284e-05	0.063871	supercritical
164.00	104.00	677.87	0.0014752	-1.3519	13.990	4.0281	0.81479	2.8246	353.55	0.10568	4.4068e-05	0.062677	supercritical
165.00	104.00	665.17	0.0015034	1.2158	16.851	4.0455	0.81592	2.8974	344.70	0.11435	4.2860e-05	0.061483	supercritical
166.00	104.00	652.04	0.0015336	3.8360	19.786	4.0633	0.81708	2.9729	336.04	0.12359	4.1660e-05	0.060291	supercritical
167.00	104.00	638.49	0.0015662	6.5089	22.797	4.0814	0.81824	3.0499	327.61	0.13339	4.0470e-05	0.059098	supercritical
168.00	104.00	624.54	0.0016012	9.2335	25.886	4.0998	0.81937	3.1271	319.47	0.14376	3.9292e-05	0.057905	supercritical
169.00	104.00	610.20	0.0016388	12.007	29.051	4.1186	0.82041	3.2025	311.66	0.15466	3.8127e-05	0.056712	supercritical
170.00	104.00	595.51	0.0016792	14.825	32.289	4.1377	0.82135	3.2739	304.24	0.16604	3.6980e-05	0.055518	supercritical
171.00	104.00	580.53	0.0017226	17.682	35.597	4.1571	0.82211	3.3389	297.26	0.17786	3.5855e-05	0.054324	supercritical
172.00	104.00	565.34	0.0017689	20.568	38.964	4.1767	0.82266	3.3948	290.77	0.19002	3.4756e-05	0.053131	supercritical
173.00	104.00	550.02	0.0018181	23.474	42.382	4.1965	0.82295	3.4389	284.79	0.20243	3.3688e-05	0.051942	supercritical
174.00	104.00	534.67	0.0018703	26.386	45.837	4.2164	0.82292	3.4687	279.36	0.21494	3.2657e-05	0.050759	supercritical
175.00	104.00	519.41	0.0019253	29.291	49.314	4.2364	0.82254	3.4820	274.51	0.22743	3.1668e-05	0.049587	supercritical
176.00	104.00	504.35	0.0019827	32.175	52.795	4.2562	0.82177	3.4775	270.23	0.23972	3.0726e-05	0.048429	supercritical
177.00	104.00	489.62	0.0020424	35.022	56.263	4.2759	0.82059	3.4548	266.53	0.25165	2.9837e-05	0.047293	supercritical
178.00	104.00	475.30	0.0021039	37.819	59.699	4.2952	0.81901	3.4147	263.38	0.26308	2.9002e-05	0.046185	supercritical
179.00	104.00	461.50	0.0021668	40.552	63.087	4.3142	0.81706	3.3592	260.75	0.27386	2.8226e-05	0.045111	supercritical
180.00	104.00	448.27	0.0022308	43.213	66.413	4.3327	0.81475	3.2908	258.61	0.28391	2.7508e-05	0.044077	supercritical
181.00	104.00	435.67	0.0022953	45.795	69.666	4.3507	0.81215	3.2129	256.90	0.29317	2.6847e-05	0.043090	supercritical
182.00	104.00	423.71	0.0023601	48.292	72.837	4.3682	0.80931	3.1287	255.58	0.30160	2.6242e-05	0.042152	supercritical
183.00	104.00	412.40	0.0024249	50.704	75.922	4.3851	0.80626	3.0409	254.61	0.30922	2.5691e-05	0.041267	supercritical
184.00	104.00	401.72	0.0024893	53.030	78.919	4.4014	0.80307	2.9520	253.92	0.31604	2.5189e-05	0.040434	supercritical
185.00	104.00	391.66	0.0025533	55.272	81.826	4.4172	0.79978	2.8639	253.49	0.32211	2.4733e-05	0.039655	supercritical
186.00	104.00	382.18	0.0026166	57.435	84.647	4.4324	0.79643	2.7779	253.28	0.32746	2.4320e-05	0.038927	supercritical
187.00	104.00	373.25	0.0026792	59.520	87.383	4.4471	0.79305	2.6949	253.25	0.33215	2.3945e-05	0.038249	supercritical
188.00	104.00	364.84	0.0027410	61.532	90.038	4.4612	0.78967	2.6156	253.37	0.33623	2.3606e-05	0.037618	supercritical
189.00	104.00	356.90	0.0028019	63.476	92.616	4.4749	0.78631	2.5401	253.62	0.33974	2.3298e-05	0.037032	supercritical
190.00	104.00	349.41	0.0028619	65.356	95.120	4.4881	0.78298	2.4687	253.99	0.34275	2.3020e-05	0.036487	supercritical
191.00	104.00	342.34	0.0029211	67.175	97.554	4.5009	0.77971	2.4014	254.44	0.34529	2.2767e-05	0.035981	supercritical
192.00	104.00	335.64	0.0029793	68.939	99.924	4.5133	0.77650	2.3380	254.98	0.34740	2.2538e-05	0.035511	supercritical
193.00	104.00	329.30	0.0030367	70.650	102.23	4.5253	0.77337	2.2784	255.58	0.34913	2.2330e-05	0.035074	supercritical
194.00	104.00	323.28	0.0030932	72.312	104.48	4.5369	0.77031	2.2224	256.24	0.35050	2.2141e-05	0.034669	supercritical
195.00	104.00	317.57	0.0031489	73.929	106.68	4.5482	0.76733	2.1698	256.95	0.35156	2.1970e-05	0.034292	supercritical
196.00	104.00	312.13	0.0032038	75.503	108.82	4.5592	0.76443	2.1204	257.70	0.35233	2.1815e-05	0.033941	supercritical
197.00	104.00	306.95	0.0032579	77.038	110.92	4.5698	0.76162	2.0740	258.48	0.35284	2.1674e-05	0.033615	supercritical
198.00	104.00	302.01	0.0033112	78.535	112.97	4.5802	0.75890	2.0304	259.29	0.35311	2.1546e-05	0.033312	supercritical
199.00	104.00	297.29	0.0033637	79.998	114.98	4.5904	0.75626	1.9893	260.12	0.35316	2.1430e-05	0.033029	supercritical
200.00	104.00	292.77	0.0034156	81.429	116.95	4.6002	0.75370	1.9507	260.97	0.35302	2.1325e-05	0.032766	supercritical
201.00	104.00	288.45	0.0034668	82.829	118.88	4.6099	0.75123	1.9143	261.85	0.35271	2.1230e-05	0.032521	supercritical
202.00	104.00	284.31	0.0035173	84.201	120.78	4.6193	0.74884	1.8799	262.73	0.35223	2.1144e-05	0.032293	supercritical
203.00	104.00	280.34	0.0035672	85.545	122.64	4.6285	0.74654	1.8475	263.62	0.35161	2.1066e-05	0.032080	supercritical
204.00	104.00	276.52	0.0036164	86.865	124.48	4.6375	0.74430	1.8168	264.53	0.35086	2.0996e-05	0.031882	supercritical
205.00	104.00	272.84	0.0036651	88.161	126.28	4.6463	0.74215	1.7878	265.44	0.34999	2.0934e-05	0.031697	supercritical
206.00	104.00	269.31	0.0037132	89.434	128.05	4.6549	0.74007	1.7604	266.36	0.34901	2.0877e-05	0.031524	supercritical
207.00	104.00	265.90	0.0037608	90.687	129.80	4.6634	0.73806	1.7343	267.28	0.34794	2.0827e-05	0.031364	supercritical
208.00	104.00	262.61	0.0038079	91.919	131.52	4.6717	0.73612	1.7097	268.21	0.34677	2.0783e-05	0.031214	supercritical
209.00	104.00	259.44	0.0038545	93.133	133.22	4.6798	0.73424	1.6862	269.13	0.34553	2.0743e-05	0.031074	supercritical
210.00	104.00	256.38	0.0039005	94.328	134.89	4.6878	0.73243	1.6639	270.06	0.34422	2.0709e-05	0.030944	supercritical
211.00	104.00	253.41	0.0039462	95.507	136.55	4.6957	0.73068	1.6427	270.99	0.34284	2.0679e-05	0.030823	supercritical
212.00	104.00	250.54	0.0039913	96.670	138.18	4.7034	0.72900	1.6225	271.92	0.34140	2.0653e-05	0.030711	supercritical
213.00	104.00	247.77	0.0040361	97.817	139.79	4.7110	0.72737	1.6032	272.85	0.33991	2.0631e-05	0.030606	supercritical
214.00	104.00	245.07	0.0040804	98.950	141.39	4.7185	0.72579	1.5849	273.78	0.33838	2.0613e-05	0.030509	supercritical
215.00	104.00	242.46	0.0041243	100.07	142.96	4.7258	0.72427	1.5673	274.70	0.33680	2.0598e-05	0.030418	supercritical
216.00	104.00	239.93	0.0041679	101.18	144.52	4.7330	0.72280	1.5506	275.62	0.33518	2.0586e-05	0.030335	supercritical
217.00	104.00	237.47	0.0042110	102.27	146.06	4.7402	0.72138	1.5345	276.55	0.33353	2.0577e-05	0.030257	supercritical
218.00	104.00	235.08	0.0042539	103.35	147.59	4.7472	0.72001	1.5192	277.46	0.33186	2.0571e-05	0.030186	supercritical
219.00	104.00	232.76	0.0042963	104.42	149.10	4.7541	0.71868	1.5045	278.38	0.33015	2.0568e-05	0.030120	supercritical
220.00	104.00	230.50	0.0043385	105.48	150.60	4.7609	0.71740	1.4904	279.29	0.32842	2.0567e-05	0.030059	supercritical
221.00	104.00	228.30	0.0043803	106.53	152.08	4.7676	0.71616	1.4769	280.20	0.32668	2.0568e-05	0.030003	supercritical
222.00	104.00	226.15	0.0044218	107.57	153.55	4.7743	0.71496	1.4639	281.10	0.32491	2.0572e-05	0.029952	supercritical
223.00	104.00	224.07	0.0044630	108.60	155.01	4.7808	0.71380	1.4515	282.00	0.32313	2.0577e-05	0.029905	supercritical
224.00	104.00	222.03	0.0045039	109.62	156.46	4.7873	0.71267	1.4395	282.90	0.32134	2.0585e-05	0.029862	supercritical
225.00	104.00	220.05	0.0045445	110.63	157.89	4.7937	0.71159	1.4280	283.79	0.31954	2.0594e-05	0.029824	supercritical
226.00	104.00	218.11	0.0045848	111.63	159.31	4.8000	0.71054	1.4169	284.68	0.31772	2.0605e-05	0.029789	supercritical
227.00	104.00	216.22	0.0046249	112.63	160.72	4.8062	0.70952	1.4062	285.57	0.31590	2.0618e-05	0.029758	supercritical
228.00	104.00	214.38	0.0046647	113.61	162.13	4.8124	0.70853	1.3959	286.45	0.31408	2.0632e-05	0.029731	supercritical
229.00	104.00	212.57	0.0047043	114.59	163.52	4.8185	0.70758	1.3860	287.32	0.31225	2.0648e-05	0.029706	supercritical
230.00	104.00	210.81	0.0047436	115.56	164.90	4.8245	0.70666	1.3764	288.19	0.31041	2.0665e-05	0.029685	supercritical
231.00	104.00	209.09	0.0047827	116.53	166.27	4.8304	0.70577	1.3672	289.06	0.30858	2.0684e-05	0.029667	supercritical
232.00	104.00	207.40	0.0048215	117.49	167.63	4.8363	0.70490	1.3583	289.93	0.30674	2.0703e-05	0.029651	supercritical
233.00	104.00	205.75	0.0048602	118.44	168.99	4.8422	0.70406	1.3497	290.79	0.30491	2.0724e-05	0.029639	supercritical
234.00	104.00	204.14	0.0048986	119.39	170.33	4.8479	0.70325	1.3414	291.64	0.30308	2.0746e-05	0.029628	supercritical
235.00	104.00	202.56	0.0049368	120.33	171.67	4.8536	0.70247	1.3333	292.49	0.30124	2.0769e-05	0.029621	supercritical
236.00	104.00	201.01	0.0049748	121.26	173.00	4.8593	0.70170	1.3255	293.34	0.29942	2.0793e-05	0.029615	supercritical
237.00	104.00	199.50	0.0050126	122.19	174.32	4.8649	0.70097	1.3180	294.18	0.29759	2.0818e-05	0.029612	supercritical
238.00	104.00	198.01	0.0050502	123.11	175.63	4.8704	0.70025	1.3107	295.02	0.29577	2.0844e-05	0.029611	supercritical
239.00	104.00	196.56	0.0050876	124.03	176.94	4.8759	0.69956	1.3037	295.86	0.29396	2.0871e-05	0.029613	supercritical
240.00	104.00	195.13	0.0051248	124.94	178.24	4.8813	0.69889	1.2968	296.69	0.29215	2.0898e-05	0.029616	supercritical
241.00	104.00	193.73	0.0051619	125.85	179.54	4.8867	0.69824	1.2902	297.51	0.29035	2.0927e-05	0.029621	supercritical
242.00	104.00	192.35	0.0051987	126.76	180.82	4.8920	0.69760	1.2837	298.33	0.28855	2.0956e-05	0.029628	supercritical
243.00	104.00	191.01	0.0052355	127.65	182.10	4.8973	0.69699	1.2775	299.15	0.28676	2.0986e-05	0.029637	supercritical
244.00	104.00	189.68	0.0052720	128.55	183.38	4.9025	0.69640	1.2714	299.97	0.28498	2.1017e-05	0.029647	supercritical
245.00	104.00	188.38	0.0053084	129.44	184.65	4.9077	0.69582	1.2655	300.77	0.28320	2.1048e-05	0.029659	supercritical
246.00	104.00	187.11	0.0053446	130.32	185.91	4.9129	0.69527	1.2598	301.58	0.28144	2.1080e-05	0.029672	supercritical
247.00	104.00	185.85	0.0053806	131.21	187.17	4.9180	0.69473	1.2543	302.38	0.27968	2.1112e-05	0.029687	supercritical
248.00	104.00	184.62	0.0054166	132.08	188.42	4.9230	0.69420	1.2489	303.18	0.27793	2.1145e-05	0.029704	supercritical
249.00	104.00	183.41	0.0054523	132.96	189.66	4.9280	0.69370	1.2436	303.97	0.27619	2.1179e-05	0.029722	supercritical
250.00	104.00	182.22	0.0054879	133.83	190.90	4.9330	0.69320	1.2385	304.76	0.27446	2.1213e-05	0.029741	supercritical
251.00	104.00	181.05	0.0055234	134.70	192.14	4.9379	0.69273	1.2336	305.55	0.27274	2.1248e-05	0.029761	supercritical
252.00	104.00	179.90	0.0055588	135.56	193.37	4.9428	0.69227	1.2287	306.33	0.27102	2.1283e-05	0.029783	supercritical
253.00	104.00	178.76	0.0055940	136.42	194.60	4.9477	0.69182	1.2240	307.11	0.26932	2.1318e-05	0.029806	supercritical
254.00	104.00	177.65	0.0056290	137.28	195.82	4.9525	0.69138	1.2195	307.89	0.26763	2.1354e-05	0.029830	supercritical
255.00	104.00	176.55	0.0056640	138.13	197.04	4.9573	0.69096	1.2150	308.66	0.26594	2.1391e-05	0.029855	supercritical
256.00	104.00	175.48	0.0056988	138.98	198.25	4.9620	0.69056	1.2107	309.43	0.26427	2.1428e-05	0.029881	supercritical
257.00	104.00	174.41	0.0057335	139.83	199.46	4.9667	0.69016	1.2064	310.19	0.26260	2.1465e-05	0.029908	supercritical
258.00	104.00	173.37	0.0057681	140.67	200.66	4.9714	0.68978	1.2023	310.95	0.26095	2.1502e-05	0.029936	supercritical
259.00	104.00	172.34	0.0058025	141.52	201.86	4.9761	0.68941	1.1983	311.71	0.25930	2.1540e-05	0.029965	supercritical
260.00	104.00	171.32	0.0058369	142.36	203.06	4.9807	0.68905	1.1944	312.46	0.25767	2.1579e-05	0.029996	supercritical
261.00	104.00	170.33	0.0058711	143.19	204.25	4.9853	0.68870	1.1905	313.21	0.25605	2.1617e-05	0.030027	supercritical
262.00	104.00	169.34	0.0059052	144.03	205.44	4.9898	0.68837	1.1868	313.96	0.25443	2.1656e-05	0.030058	supercritical
263.00	104.00	168.37	0.0059392	144.86	206.63	4.9943	0.68804	1.1832	314.71	0.25283	2.1695e-05	0.030091	supercritical
264.00	104.00	167.42	0.0059731	145.69	207.81	4.9988	0.68773	1.1796	315.45	0.25124	2.1735e-05	0.030124	supercritical
265.00	104.00	166.47	0.0060069	146.51	208.98	5.0033	0.68742	1.1762	316.18	0.24966	2.1775e-05	0.030159	supercritical
266.00	104.00	165.55	0.0060406	147.34	210.16	5.0077	0.68713	1.1728	316.92	0.24808	2.1815e-05	0.030194	supercritical
267.00	104.00	164.63	0.0060742	148.16	211.33	5.0121	0.68684	1.1695	317.65	0.24652	2.1855e-05	0.030229	supercritical
268.00	104.00	163.73	0.0061077	148.98	212.50	5.0164	0.68657	1.1662	318.37	0.24497	2.1896e-05	0.030266	supercritical
269.00	104.00	162.84	0.0061411	149.79	213.66	5.0208	0.68630	1.1631	319.10	0.24343	2.1937e-05	0.030303	supercritical
270.00	104.00	161.96	0.0061745	150.61	214.82	5.0251	0.68604	1.1600	319.82	0.24190	2.1978e-05	0.030341	supercritical
271.00	104.00	161.09	0.0062077	151.42	215.98	5.0294	0.68580	1.1570	320.54	0.24037	2.2019e-05	0.030379	supercritical
272.00	104.00	160.24	0.0062408	152.23	217.14	5.0336	0.68556	1.1540	321.25	0.23886	2.2060e-05	0.030418	supercritical
273.00	104.00	159.39	0.0062738	153.04	218.29	5.0379	0.68533	1.1512	321.96	0.23736	2.2102e-05	0.030458	supercritical
274.00	104.00	158.56	0.0063068	153.85	219.44	5.0421	0.68510	1.1484	322.67	0.23587	2.2144e-05	0.030498	supercritical
275.00	104.00	157.74	0.0063396	154.66	220.59	5.0462	0.68489	1.1456	323.38	0.23439	2.2186e-05	0.030539	supercritical
276.00	104.00	156.93	0.0063724	155.46	221.73	5.0504	0.68468	1.1429	324.08	0.23292	2.2228e-05	0.030580	supercritical
277.00	104.00	156.13	0.0064051	156.26	222.87	5.0545	0.68449	1.1403	324.78	0.23146	2.2271e-05	0.030622	supercritical
278.00	104.00	155.33	0.0064377	157.06	224.01	5.0586	0.68429	1.1377	325.48	0.23001	2.2313e-05	0.030664	supercritical
279.00	104.00	154.55	0.0064702	157.86	225.15	5.0627	0.68411	1.1352	326.17	0.22857	2.2356e-05	0.030707	supercritical
280.00	104.00	153.78	0.0065027	158.65	226.28	5.0668	0.68393	1.1327	326.86	0.22714	2.2399e-05	0.030751	supercritical
281.00	104.00	153.02	0.0065351	159.45	227.41	5.0708	0.68377	1.1303	327.55	0.22571	2.2442e-05	0.030795	supercritical
282.00	104.00	152.27	0.0065674	160.24	228.54	5.0748	0.68360	1.1279	328.24	0.22430	2.2485e-05	0.030839	supercritical
283.00	104.00	151.52	0.0065996	161.03	229.67	5.0788	0.68345	1.1256	328.92	0.22290	2.2528e-05	0.030883	supercritical
284.00	104.00	150.79	0.0066317	161.82	230.79	5.0828	0.68330	1.1233	329.60	0.22151	2.2572e-05	0.030929	supercritical
285.00	104.00	150.06	0.0066638	162.61	231.92	5.0867	0.68316	1.1211	330.28	0.22012	2.2615e-05	0.030974	supercritical
286.00	104.00	149.35	0.0066958	163.40	233.04	5.0906	0.68302	1.1190	330.96	0.21875	2.2659e-05	0.031020	supercritical
287.00	104.00	148.64	0.0067278	164.19	234.15	5.0945	0.68289	1.1168	331.63	0.21738	2.2703e-05	0.031066	supercritical
288.00	104.00	147.94	0.0067596	164.97	235.27	5.0984	0.68277	1.1147	332.30	0.21603	2.2747e-05	0.031113	supercritical
289.00	104.00	147.24	0.0067914	165.75	236.38	5.1023	0.68265	1.1127	332.97	0.21468	2.2791e-05	0.031160	supercritical
290.00	104.00	146.56	0.0068231	166.54	237.50	5.1061	0.68254	1.1107	333.63	0.21335	2.2835e-05	0.031207	supercritical
291.00	104.00	145.88	0.0068548	167.32	238.61	5.1099	0.68244	1.1087	334.29	0.21202	2.2879e-05	0.031255	supercritical
292.00	104.00	145.21	0.0068864	168.09	239.71	5.1137	0.68234	1.1068	334.95	0.21070	2.2923e-05	0.031303	supercritical
293.00	104.00	144.55	0.0069180	168.87	240.82	5.1175	0.68225	1.1049	335.61	0.20939	2.2968e-05	0.031352	supercritical
294.00	104.00	143.90	0.0069494	169.65	241.92	5.1213	0.68216	1.1031	336.27	0.20809	2.3012e-05	0.031400	supercritical
295.00	104.00	143.25	0.0069808	170.42	243.03	5.1250	0.68207	1.1013	336.92	0.20680	2.3057e-05	0.031449	supercritical
296.00	104.00	142.61	0.0070122	171.20	244.13	5.1287	0.68200	1.0995	337.57	0.20551	2.3101e-05	0.031498	supercritical
297.00	104.00	141.98	0.0070435	171.97	245.22	5.1324	0.68193	1.0977	338.22	0.20424	2.3146e-05	0.031548	supercritical
298.00	104.00	141.35	0.0070747	172.74	246.32	5.1361	0.68186	1.0960	338.86	0.20297	2.3191e-05	0.031597	supercritical
299.00	104.00	140.73	0.0071059	173.51	247.42	5.1398	0.68180	1.0944	339.50	0.20171	2.3235e-05	0.031647	supercritical
300.00	104.00	140.11	0.0071370	174.28	248.51	5.1434	0.68174	1.0927	340.14	0.20047	2.3280e-05	0.031697	supercritical
301.00	104.00	139.51	0.0071681	175.05	249.60	5.1471	0.68169	1.0911	340.78	0.19922	2.3325e-05	0.031748	supercritical
302.00	104.00	138.91	0.0071991	175.82	250.69	5.1507	0.68164	1.0895	341.42	0.19799	2.3370e-05	0.031798	supercritical
303.00	104.00	138.31	0.0072301	176.59	251.78	5.1543	0.68160	1.0880	342.05	0.19677	2.3415e-05	0.031848	supercritical
304.00	104.00	137.72	0.0072610	177.35	252.87	5.1579	0.68156	1.0865	342.68	0.19555	2.3460e-05	0.031899	supercritical
305.00	104.00	137.14	0.0072918	178.12	253.95	5.1614	0.68153	1.0850	343.31	0.19435	2.3506e-05	0.031949	supercritical
306.00	104.00	136.56	0.0073226	178.88	255.04	5.1650	0.68150	1.0835	343.94	0.19315	2.3551e-05	0.032000	supercritical
307.00	104.00	135.99	0.0073533	179.65	256.12	5.1685	0.68148	1.0821	344.57	0.19195	2.3596e-05	0.032050	supercritical
308.00	104.00	135.43	0.0073840	180.41	257.20	5.1720	0.68146	1.0807	345.19	0.19077	2.3641e-05	0.032099	supercritical
309.00	104.00	134.87	0.0074147	181.17	258.28	5.1755	0.68144	1.0793	345.81	0.18959	2.3687e-05	0.032144	supercritical
310.00	104.00	134.31	0.0074453	181.93	259.36	5.1790	0.68143	1.0779	346.43	0.18843	2.3732e-05	0.032194	supercritical
311.00	104.00	133.76	0.0074758	182.69	260.44	5.1825	0.68143	1.0766	347.05	0.18727	2.3778e-05	0.032249	supercritical
312.00	104.00	133.22	0.0075063	183.45	261.51	5.1860	0.68143	1.0753	347.66	0.18611	2.3823e-05	0.032305	supercritical
313.00	104.00	132.68	0.0075368	184.21	262.59	5.1894	0.68143	1.0740	348.27	0.18497	2.3868e-05	0.032361	supercritical
314.00	104.00	132.15	0.0075672	184.96	263.66	5.1928	0.68143	1.0727	348.88	0.18383	2.3914e-05	0.032417	supercritical
315.00	104.00	131.62	0.0075975	185.72	264.73	5.1962	0.68144	1.0715	349.49	0.18270	2.3960e-05	0.032474	supercritical
316.00	104.00	131.10	0.0076278	186.48	265.80	5.1996	0.68146	1.0703	350.10	0.18158	2.4005e-05	0.032530	supercritical
317.00	104.00	130.58	0.0076581	187.23	266.87	5.2030	0.68148	1.0691	350.70	0.18046	2.4051e-05	0.032587	supercritical
318.00	104.00	130.07	0.0076883	187.98	267.94	5.2064	0.68150	1.0679	351.31	0.17936	2.4096e-05	0.032644	supercritical
319.00	104.00	129.56	0.0077185	188.74	269.01	5.2097	0.68152	1.0668	351.91	0.17826	2.4142e-05	0.032701	supercritical
320.00	104.00	129.06	0.0077486	189.49	270.08	5.2131	0.68155	1.0657	352.50	0.17716	2.4188e-05	0.032758	supercritical
321.00	104.00	128.56	0.0077787	190.24	271.14	5.2164	0.68158	1.0646	353.10	0.17608	2.4233e-05	0.032815	supercritical
322.00	104.00	128.06	0.0078088	190.99	272.21	5.2197	0.68162	1.0635	353.70	0.17500	2.4279e-05	0.032872	supercritical
323.00	104.00	127.57	0.0078388	191.75	273.27	5.2230	0.68166	1.0624	354.29	0.17392	2.4325e-05	0.032930	supercritical
324.00	104.00	127.08	0.0078688	192.50	274.33	5.2263	0.68170	1.0614	354.88	0.17286	2.4370e-05	0.032987	supercritical
325.00	104.00	126.60	0.0078987	193.25	275.39	5.2295	0.68175	1.0603	355.47	0.17180	2.4416e-05	0.033045	supercritical
326.00	104.00	126.13	0.0079286	193.99	276.45	5.2328	0.68180	1.0593	356.06	0.17075	2.4462e-05	0.033103	supercritical
327.00	104.00	125.65	0.0079584	194.74	277.51	5.2360	0.68186	1.0583	356.64	0.16970	2.4508e-05	0.033161	supercritical
328.00	104.00	125.18	0.0079882	195.49	278.57	5.2393	0.68191	1.0574	357.23	0.16867	2.4553e-05	0.033219	supercritical
329.00	104.00	124.72	0.0080180	196.24	279.62	5.2425	0.68197	1.0564	357.81	0.16763	2.4599e-05	0.033277	supercritical
330.00	104.00	124.26	0.0080477	196.98	280.68	5.2457	0.68204	1.0555	358.39	0.16661	2.4645e-05	0.033336	supercritical
331.00	104.00	123.80	0.0080774	197.73	281.74	5.2489	0.68210	1.0546	358.97	0.16559	2.4691e-05	0.033394	supercritical
332.00	104.00	123.35	0.0081071	198.48	282.79	5.2521	0.68217	1.0536	359.54	0.16458	2.4737e-05	0.033453	supercritical
333.00	104.00	122.90	0.0081367	199.22	283.84	5.2552	0.68225	1.0528	360.12	0.16357	2.4782e-05	0.033511	supercritical
334.00	104.00	122.45	0.0081663	199.97	284.90	5.2584	0.68232	1.0519	360.69	0.16257	2.4828e-05	0.033570	supercritical
335.00	104.00	122.01	0.0081959	200.71	285.95	5.2615	0.68240	1.0510	361.26	0.16158	2.4874e-05	0.033629	supercritical
336.00	104.00	121.57	0.0082254	201.45	287.00	5.2647	0.68248	1.0502	361.83	0.16060	2.4920e-05	0.033688	supercritical
337.00	104.00	121.14	0.0082549	202.20	288.05	5.2678	0.68257	1.0494	362.40	0.15962	2.4966e-05	0.033747	supercritical
338.00	104.00	120.71	0.0082843	202.94	289.10	5.2709	0.68266	1.0486	362.97	0.15864	2.5011e-05	0.033806	supercritical
339.00	104.00	120.28	0.0083137	203.68	290.14	5.2740	0.68275	1.0478	363.53	0.15767	2.5057e-05	0.033865	supercritical
340.00	104.00	119.86	0.0083431	204.42	291.19	5.2771	0.68284	1.0470	364.10	0.15671	2.5103e-05	0.033925	supercritical
341.00	104.00	119.44	0.0083725	205.16	292.24	5.2801	0.68294	1.0462	364.66	0.15575	2.5149e-05	0.033984	supercritical
342.00	104.00	119.02	0.0084018	205.91	293.28	5.2832	0.68304	1.0455	365.22	0.15480	2.5195e-05	0.034044	supercritical
343.00	104.00	118.61	0.0084310	206.65	294.33	5.2863	0.68314	1.0447	365.78	0.15386	2.5240e-05	0.034103	supercritical
344.00	104.00	118.20	0.0084603	207.39	295.37	5.2893	0.68325	1.0440	366.33	0.15292	2.5286e-05	0.034163	supercritical
345.00	104.00	117.79	0.0084895	208.13	296.42	5.2923	0.68336	1.0433	366.89	0.15199	2.5332e-05	0.034223	supercritical
346.00	104.00	117.39	0.0085187	208.87	297.46	5.2953	0.68347	1.0426	367.44	0.15106	2.5378e-05	0.034282	supercritical
347.00	104.00	116.99	0.0085479	209.60	298.50	5.2983	0.68358	1.0419	368.00	0.15014	2.5424e-05	0.034342	supercritical
348.00	104.00	116.59	0.0085770	210.34	299.54	5.3013	0.68369	1.0412	368.55	0.14923	2.5469e-05	0.034402	supercritical
349.00	104.00	116.20	0.0086061	211.08	300.59	5.3043	0.68381	1.0406	369.10	0.14832	2.5515e-05	0.034462	supercritical
350.00	104.00	115.81	0.0086352	211.82	301.63	5.3073	0.68393	1.0399	369.64	0.14741	2.5561e-05	0.034522	supercritical
351.00	104.00	115.42	0.0086642	212.56	302.66	5.3103	0.68406	1.0393	370.19	0.14651	2.5606e-05	0.034583	supercritical
352.00	104.00	115.03	0.0086932	213.29	303.70	5.3132	0.68418	1.0387	370.73	0.14562	2.5652e-05	0.034643	supercritical
353.00	104.00	114.65	0.0087222	214.03	304.74	5.3162	0.68431	1.0381	371.28	0.14473	2.5698e-05	0.034703	supercritical
354.00	104.00	114.27	0.0087511	214.77	305.78	5.3191	0.68444	1.0375	371.82	0.14385	2.5744e-05	0.034763	supercritical
355.00	104.00	113.89	0.0087801	215.50	306.82	5.3220	0.68458	1.0369	372.36	0.14297	2.5789e-05	0.034824	supercritical
356.00	104.00	113.52	0.0088089	216.24	307.85	5.3250	0.68471	1.0363	372.90	0.14210	2.5835e-05	0.034884	supercritical
357.00	104.00	113.15	0.0088378	216.98	308.89	5.3279	0.68485	1.0357	373.44	0.14124	2.5880e-05	0.034945	supercritical
358.00	104.00	112.78	0.0088667	217.71	309.93	5.3308	0.68499	1.0352	373.97	0.14037	2.5926e-05	0.035006	supercritical
359.00	104.00	112.42	0.0088955	218.45	310.96	5.3336	0.68513	1.0346	374.51	0.13952	2.5972e-05	0.035066	supercritical
360.00	104.00	112.05	0.0089243	219.18	311.99	5.3365	0.68528	1.0341	375.04	0.13867	2.6017e-05	0.035127	supercritical
361.00	104.00	111.69	0.0089530	219.92	313.03	5.3394	0.68542	1.0336	375.57	0.13782	2.6063e-05	0.035188	supercritical
362.00	104.00	111.34	0.0089817	220.65	314.06	5.3422	0.68557	1.0330	376.10	0.13698	2.6108e-05	0.035249	supercritical
363.00	104.00	110.98	0.0090105	221.39	315.09	5.3451	0.68573	1.0325	376.63	0.13614	2.6154e-05	0.035310	supercritical
364.00	104.00	110.63	0.0090391	222.12	316.13	5.3479	0.68588	1.0320	377.16	0.13531	2.6199e-05	0.035370	supercritical
365.00	104.00	110.28	0.0090678	222.85	317.16	5.3508	0.68604	1.0316	377.68	0.13449	2.6245e-05	0.035431	supercritical
366.00	104.00	109.93	0.0090964	223.59	318.19	5.3536	0.68619	1.0311	378.21	0.13367	2.6290e-05	0.035492	supercritical
367.00	104.00	109.59	0.0091250	224.32	319.22	5.3564	0.68635	1.0306	378.73	0.13285	2.6336e-05	0.035554	supercritical
368.00	104.00	109.25	0.0091536	225.05	320.25	5.3592	0.68652	1.0302	379.26	0.13204	2.6381e-05	0.035615	supercritical
369.00	104.00	108.91	0.0091822	225.79	321.28	5.3620	0.68668	1.0297	379.78	0.13123	2.6427e-05	0.035676	supercritical
370.00	104.00	108.57	0.0092107	226.52	322.31	5.3648	0.68685	1.0293	380.30	0.13043	2.6472e-05	0.035737	supercritical
371.00	104.00	108.23	0.0092392	227.25	323.34	5.3676	0.68701	1.0288	380.82	0.12963	2.6518e-05	0.035798	supercritical
372.00	104.00	107.90	0.0092677	227.98	324.37	5.3703	0.68718	1.0284	381.33	0.12884	2.6563e-05	0.035860	supercritical
373.00	104.00	107.57	0.0092962	228.72	325.40	5.3731	0.68736	1.0280	381.85	0.12805	2.6608e-05	0.035921	supercritical
374.00	104.00	107.24	0.0093246	229.45	326.42	5.3758	0.68753	1.0276	382.36	0.12727	2.6654e-05	0.035982	supercritical
375.00	104.00	106.92	0.0093530	230.18	327.45	5.3786	0.68771	1.0272	382.88	0.12649	2.6699e-05	0.036044	supercritical
376.00	104.00	106.59	0.0093814	230.91	328.48	5.3813	0.68788	1.0268	383.39	0.12572	2.6744e-05	0.036105	supercritical
377.00	104.00	106.27	0.0094098	231.64	329.51	5.3840	0.68806	1.0264	383.90	0.12495	2.6789e-05	0.036167	supercritical
378.00	104.00	105.95	0.0094381	232.37	330.53	5.3868	0.68824	1.0260	384.41	0.12418	2.6835e-05	0.036228	supercritical
379.00	104.00	105.64	0.0094665	233.11	331.56	5.3895	0.68843	1.0257	384.92	0.12342	2.6880e-05	0.036290	supercritical
380.00	104.00	105.32	0.0094948	233.84	332.58	5.3922	0.68861	1.0253	385.43	0.12267	2.6925e-05	0.036351	supercritical
381.00	104.00	105.01	0.0095231	234.57	333.61	5.3949	0.68880	1.0250	385.93	0.12191	2.6970e-05	0.036413	supercritical
382.00	104.00	104.70	0.0095513	235.30	334.63	5.3976	0.68899	1.0246	386.44	0.12117	2.7015e-05	0.036475	supercritical
383.00	104.00	104.39	0.0095796	236.03	335.66	5.4002	0.68918	1.0243	386.94	0.12042	2.7060e-05	0.036536	supercritical
384.00	104.00	104.08	0.0096078	236.76	336.68	5.4029	0.68937	1.0240	387.44	0.11968	2.7106e-05	0.036598	supercritical
385.00	104.00	103.78	0.0096360	237.49	337.71	5.4056	0.68957	1.0237	387.94	0.11895	2.7151e-05	0.036660	supercritical
386.00	104.00	103.47	0.0096642	238.22	338.73	5.4082	0.68976	1.0233	388.44	0.11822	2.7196e-05	0.036722	supercritical
387.00	104.00	103.17	0.0096923	238.95	339.75	5.4109	0.68996	1.0230	388.94	0.11749	2.7241e-05	0.036783	supercritical
388.00	104.00	102.88	0.0097205	239.68	340.77	5.4135	0.69016	1.0227	389.44	0.11677	2.7286e-05	0.036845	supercritical
389.00	104.00	102.58	0.0097486	240.41	341.80	5.4161	0.69036	1.0224	389.94	0.11605	2.7331e-05	0.036907	supercritical
390.00	104.00	102.28	0.0097767	241.14	342.82	5.4188	0.69056	1.0222	390.43	0.11534	2.7376e-05	0.036969	supercritical
391.00	104.00	101.99	0.0098048	241.87	343.84	5.4214	0.69076	1.0219	390.93	0.11463	2.7420e-05	0.037031	supercritical
392.00	104.00	101.70	0.0098328	242.60	344.86	5.4240	0.69097	1.0216	391.42	0.11392	2.7465e-05	0.037093	supercritical
393.00	104.00	101.41	0.0098609	243.33	345.88	5.4266	0.69117	1.0213	391.91	0.11322	2.7510e-05	0.037155	supercritical
394.00	104.00	101.12	0.0098889	244.06	346.91	5.4292	0.69138	1.0211	392.40	0.11252	2.7555e-05	0.037217	supercritical
395.00	104.00	100.84	0.0099169	244.79	347.93	5.4318	0.69159	1.0208	392.89	0.11183	2.7600e-05	0.037279	supercritical
396.00	104.00	100.55	0.0099449	245.52	348.95	5.4344	0.69180	1.0206	393.38	0.11114	2.7645e-05	0.037341	supercritical
397.00	104.00	100.27	0.0099729	246.25	349.97	5.4369	0.69202	1.0203	393.87	0.11045	2.7689e-05	0.037403	supercritical
398.00	104.00	99.992	0.010001	246.98	350.99	5.4395	0.69223	1.0201	394.36	0.10977	2.7734e-05	0.037465	supercritical
399.00	104.00	99.713	0.010029	247.71	352.01	5.4421	0.69245	1.0199	394.84	0.10909	2.7779e-05	0.037527	supercritical
400.00	104.00	99.437	0.010057	248.44	353.03	5.4446	0.69266	1.0196	395.33	0.10841	2.7823e-05	0.037589	supercritical
401.00	104.00	99.161	0.010085	249.17	354.05	5.4472	0.69288	1.0194	395.81	0.10774	2.7868e-05	0.037651	supercritical
402.00	104.00	98.888	0.010112	249.90	355.07	5.4497	0.69310	1.0192	396.30	0.10707	2.7913e-05	0.037713	supercritical
403.00	104.00	98.616	0.010140	250.63	356.09	5.4522	0.69332	1.0190	396.78	0.10641	2.7957e-05	0.037775	supercritical
404.00	104.00	98.346	0.010168	251.36	357.10	5.4548	0.69354	1.0188	397.26	0.10575	2.8002e-05	0.037837	supercritical
405.00	104.00	98.078	0.010196	252.09	358.12	5.4573	0.69377	1.0186	397.74	0.10509	2.8046e-05	0.037900	supercritical
406.00	104.00	97.811	0.010224	252.81	359.14	5.4598	0.69399	1.0184	398.22	0.10444	2.8091e-05	0.037962	supercritical
407.00	104.00	97.546	0.010252	253.54	360.16	5.4623	0.69422	1.0182	398.69	0.10379	2.8135e-05	0.038024	supercritical
408.00	104.00	97.282	0.010279	254.27	361.18	5.4648	0.69445	1.0180	399.17	0.10315	2.8180e-05	0.038086	supercritical
409.00	104.00	97.020	0.010307	255.00	362.20	5.4673	0.69467	1.0179	399.65	0.10250	2.8224e-05	0.038148	supercritical
410.00	104.00	96.760	0.010335	255.73	363.21	5.4698	0.69490	1.0177	400.12	0.10186	2.8269e-05	0.038211	supercritical
411.00	104.00	96.501	0.010363	256.46	364.23	5.4722	0.69514	1.0175	400.59	0.10123	2.8313e-05	0.038273	supercritical
412.00	104.00	96.244	0.010390	257.19	365.25	5.4747	0.69537	1.0174	401.07	0.10060	2.8357e-05	0.038335	supercritical
413.00	104.00	95.988	0.010418	257.92	366.27	5.4772	0.69560	1.0172	401.54	0.099969	2.8402e-05	0.038397	supercritical
414.00	104.00	95.733	0.010446	258.65	367.28	5.4796	0.69584	1.0171	402.01	0.099344	2.8446e-05	0.038460	supercritical
415.00	104.00	95.481	0.010473	259.38	368.30	5.4821	0.69607	1.0169	402.48	0.098723	2.8490e-05	0.038522	supercritical
416.00	104.00	95.229	0.010501	260.11	369.32	5.4845	0.69631	1.0168	402.95	0.098105	2.8534e-05	0.038584	supercritical
417.00	104.00	94.979	0.010529	260.84	370.33	5.4870	0.69655	1.0167	403.42	0.097490	2.8578e-05	0.038646	supercritical
418.00	104.00	94.731	0.010556	261.57	371.35	5.4894	0.69679	1.0165	403.88	0.096878	2.8623e-05	0.038709	supercritical
419.00	104.00	94.484	0.010584	262.30	372.37	5.4919	0.69703	1.0164	404.35	0.096270	2.8667e-05	0.038771	supercritical
420.00	104.00	94.238	0.010611	263.02	373.38	5.4943	0.69727	1.0163	404.81	0.095665	2.8711e-05	0.038833	supercritical
421.00	104.00	93.994	0.010639	263.75	374.40	5.4967	0.69751	1.0162	405.28	0.095063	2.8755e-05	0.038896	supercritical
422.00	104.00	93.751	0.010667	264.48	375.42	5.4991	0.69776	1.0160	405.74	0.094465	2.8799e-05	0.038958	supercritical
423.00	104.00	93.510	0.010694	265.21	376.43	5.5015	0.69800	1.0159	406.20	0.093870	2.8843e-05	0.039020	supercritical
424.00	104.00	93.269	0.010722	265.94	377.45	5.5039	0.69825	1.0158	406.66	0.093278	2.8887e-05	0.039083	supercritical
425.00	104.00	93.031	0.010749	266.67	378.46	5.5063	0.69849	1.0157	407.13	0.092689	2.8931e-05	0.039145	supercritical
426.00	104.00	92.793	0.010777	267.40	379.48	5.5087	0.69874	1.0156	407.58	0.092103	2.8975e-05	0.039208	supercritical
427.00	104.00	92.557	0.010804	268.13	380.49	5.5111	0.69899	1.0155	408.04	0.091520	2.9019e-05	0.039270	supercritical
428.00	104.00	92.322	0.010832	268.86	381.51	5.5134	0.69924	1.0155	408.50	0.090941	2.9062e-05	0.039332	supercritical
429.00	104.00	92.089	0.010859	269.59	382.53	5.5158	0.69949	1.0154	408.96	0.090364	2.9106e-05	0.039395	supercritical
430.00	104.00	91.857	0.010887	270.32	383.54	5.5182	0.69974	1.0153	409.41	0.089791	2.9150e-05	0.039457	supercritical
431.00	104.00	91.626	0.010914	271.05	384.56	5.5205	0.70000	1.0152	409.87	0.089220	2.9194e-05	0.039519	supercritical
432.00	104.00	91.396	0.010941	271.78	385.57	5.5229	0.70025	1.0151	410.32	0.088653	2.9238e-05	0.039582	supercritical
433.00	104.00	91.168	0.010969	272.51	386.59	5.5252	0.70050	1.0151	410.78	0.088089	2.9281e-05	0.039644	supercritical
434.00	104.00	90.941	0.010996	273.24	387.60	5.5276	0.70076	1.0150	411.23	0.087527	2.9325e-05	0.039707	supercritical
435.00	104.00	90.715	0.011024	273.97	388.62	5.5299	0.70101	1.0149	411.68	0.086969	2.9369e-05	0.039769	supercritical
436.00	104.00	90.490	0.011051	274.70	389.63	5.5322	0.70127	1.0149	412.13	0.086413	2.9412e-05	0.039831	supercritical
437.00	104.00	90.267	0.011078	275.43	390.65	5.5346	0.70153	1.0148	412.58	0.085861	2.9456e-05	0.039894	supercritical
438.00	104.00	90.045	0.011106	276.16	391.66	5.5369	0.70179	1.0148	413.03	0.085311	2.9499e-05	0.039956	supercritical
439.00	104.00	89.824	0.011133	276.89	392.68	5.5392	0.70205	1.0147	413.48	0.084764	2.9543e-05	0.040019	supercritical
440.00	104.00	89.604	0.011160	277.62	393.69	5.5415	0.70231	1.0147	413.93	0.084220	2.9586e-05	0.040081	supercritical
441.00	104.00	89.385	0.011188	278.36	394.71	5.5438	0.70257	1.0146	414.38	0.083679	2.9630e-05	0.040143	supercritical
442.00	104.00	89.168	0.011215	279.09	395.72	5.5461	0.70283	1.0146	414.82	0.083141	2.9673e-05	0.040206	supercritical
443.00	104.00	88.952	0.011242	279.82	396.73	5.5484	0.70309	1.0146	415.27	0.082605	2.9717e-05	0.040268	supercritical
444.00	104.00	88.736	0.011269	280.55	397.75	5.5507	0.70336	1.0145	415.71	0.082072	2.9760e-05	0.040331	supercritical
445.00	104.00	88.522	0.011297	281.28	398.76	5.5530	0.70362	1.0145	416.16	0.081542	2.9803e-05	0.040393	supercritical
446.00	104.00	88.309	0.011324	282.01	399.78	5.5553	0.70389	1.0145	416.60	0.081015	2.9847e-05	0.040455	supercritical
447.00	104.00	88.098	0.011351	282.74	400.79	5.5575	0.70415	1.0145	417.04	0.080491	2.9890e-05	0.040518	supercritical
448.00	104.00	87.887	0.011378	283.47	401.81	5.5598	0.70442	1.0145	417.48	0.079969	2.9933e-05	0.040580	supercritical
449.00	104.00	87.677	0.011405	284.20	402.82	5.5621	0.70469	1.0144	417.92	0.079450	2.9976e-05	0.040643	supercritical
450.00	104.00	87.469	0.011433	284.94	403.84	5.5643	0.70495	1.0144	418.36	0.078933	3.0019e-05	0.040705	supercritical
451.00	104.00	87.261	0.011460	285.67	404.85	5.5666	0.70522	1.0144	418.80	0.078419	3.0063e-05	0.040767	supercritical
452.00	104.00	87.055	0.011487	286.40	405.86	5.5688	0.70549	1.0144	419.24	0.077908	3.0106e-05	0.040830	supercritical
453.00	104.00	86.850	0.011514	287.13	406.88	5.5710	0.70576	1.0144	419.68	0.077399	3.0149e-05	0.040892	supercritical
454.00	104.00	86.645	0.011541	287.86	407.89	5.5733	0.70603	1.0144	420.11	0.076893	3.0192e-05	0.040955	supercritical
455.00	104.00	86.442	0.011568	288.60	408.91	5.5755	0.70630	1.0144	420.55	0.076390	3.0235e-05	0.041017	supercritical
456.00	104.00	86.240	0.011596	289.33	409.92	5.5777	0.70657	1.0144	420.98	0.075889	3.0278e-05	0.041079	supercritical
457.00	104.00	86.039	0.011623	290.06	410.94	5.5800	0.70685	1.0144	421.42	0.075391	3.0321e-05	0.041142	supercritical
458.00	104.00	85.839	0.011650	290.79	411.95	5.5822	0.70712	1.0144	421.85	0.074895	3.0364e-05	0.041204	supercritical
459.00	104.00	85.639	0.011677	291.53	412.97	5.5844	0.70739	1.0145	422.29	0.074402	3.0407e-05	0.041266	supercritical
460.00	104.00	85.441	0.011704	292.26	413.98	5.5866	0.70767	1.0145	422.72	0.073911	3.0450e-05	0.041329	supercritical
461.00	104.00	85.244	0.011731	292.99	414.99	5.5888	0.70794	1.0145	423.15	0.073423	3.0492e-05	0.041391	supercritical
462.00	104.00	85.048	0.011758	293.73	416.01	5.5910	0.70822	1.0145	423.58	0.072937	3.0535e-05	0.041453	supercritical
463.00	104.00	84.853	0.011785	294.46	417.02	5.5932	0.70849	1.0145	424.01	0.072454	3.0578e-05	0.041516	supercritical
464.00	104.00	84.659	0.011812	295.19	418.04	5.5954	0.70877	1.0146	424.44	0.071973	3.0621e-05	0.041578	supercritical
465.00	104.00	84.465	0.011839	295.93	419.05	5.5976	0.70905	1.0146	424.87	0.071494	3.0663e-05	0.041640	supercritical
466.00	104.00	84.273	0.011866	296.66	420.07	5.5998	0.70932	1.0146	425.30	0.071018	3.0706e-05	0.041703	supercritical
467.00	104.00	84.082	0.011893	297.39	421.08	5.6019	0.70960	1.0147	425.72	0.070545	3.0749e-05	0.041765	supercritical
468.00	104.00	83.891	0.011920	298.13	422.10	5.6041	0.70988	1.0147	426.15	0.070073	3.0791e-05	0.041827	supercritical
469.00	104.00	83.702	0.011947	298.86	423.11	5.6063	0.71016	1.0147	426.58	0.069604	3.0834e-05	0.041890	supercritical
470.00	104.00	83.513	0.011974	299.60	424.13	5.6084	0.71044	1.0148	427.00	0.069138	3.0877e-05	0.041952	supercritical
471.00	104.00	83.326	0.012001	300.33	425.14	5.6106	0.71072	1.0148	427.43	0.068673	3.0919e-05	0.042014	supercritical
472.00	104.00	83.139	0.012028	301.06	426.16	5.6127	0.71100	1.0149	427.85	0.068211	3.0962e-05	0.042076	supercritical
473.00	104.00	82.953	0.012055	301.80	427.17	5.6149	0.71128	1.0149	428.27	0.067752	3.1004e-05	0.042139	supercritical
474.00	104.00	82.768	0.012082	302.53	428.19	5.6170	0.71156	1.0150	428.70	0.067294	3.1046e-05	0.042201	supercritical
475.00	104.00	82.584	0.012109	303.27	429.20	5.6192	0.71184	1.0150	429.12	0.066839	3.1089e-05	0.042263	supercritical
476.00	104.00	82.401	0.012136	304.00	430.22	5.6213	0.71212	1.0151	429.54	0.066386	3.1131e-05	0.042325	supercritical
477.00	104.00	82.219	0.012163	304.74	431.23	5.6234	0.71240	1.0151	429.96	0.065935	3.1174e-05	0.042388	supercritical
478.00	104.00	82.037	0.012190	305.47	432.25	5.6256	0.71269	1.0152	430.38	0.065487	3.1216e-05	0.042450	supercritical
479.00	104.00	81.857	0.012216	306.21	433.26	5.6277	0.71297	1.0153	430.80	0.065041	3.1258e-05	0.042512	supercritical
480.00	104.00	81.677	0.012243	306.95	434.28	5.6298	0.71325	1.0153	431.22	0.064597	3.1300e-05	0.042574	supercritical
481.00	104.00	81.498	0.012270	307.68	435.29	5.6319	0.71354	1.0154	431.64	0.064155	3.1343e-05	0.042637	supercritical
482.00	104.00	81.320	0.012297	308.42	436.31	5.6340	0.71382	1.0155	432.05	0.063715	3.1385e-05	0.042699	supercritical
483.00	104.00	81.143	0.012324	309.15	437.32	5.6361	0.71410	1.0155	432.47	0.063278	3.1427e-05	0.042761	supercritical
484.00	104.00	80.967	0.012351	309.89	438.34	5.6382	0.71439	1.0156	432.89	0.062842	3.1469e-05	0.042823	supercritical
485.00	104.00	80.791	0.012378	310.63	439.35	5.6403	0.71467	1.0157	433.30	0.062409	3.1511e-05	0.042885	supercritical
486.00	104.00	80.616	0.012404	311.36	440.37	5.6424	0.71496	1.0158	433.72	0.061978	3.1553e-05	0.042947	supercritical
487.00	104.00	80.442	0.012431	312.10	441.39	5.6445	0.71525	1.0158	434.13	0.061549	3.1595e-05	0.043010	supercritical
488.00	104.00	80.269	0.012458	312.84	442.40	5.6466	0.71553	1.0159	434.54	0.061122	3.1637e-05	0.043072	supercritical
489.00	104.00	80.097	0.012485	313.58	443.42	5.6487	0.71582	1.0160	434.96	0.060697	3.1679e-05	0.043134	supercritical
490.00	104.00	79.926	0.012512	314.31	444.43	5.6507	0.71610	1.0161	435.37	0.060274	3.1721e-05	0.043196	supercritical
491.00	104.00	79.755	0.012538	315.05	445.45	5.6528	0.71639	1.0162	435.78	0.059854	3.1763e-05	0.043258	supercritical
492.00	104.00	79.585	0.012565	315.79	446.47	5.6549	0.71668	1.0162	436.19	0.059435	3.1805e-05	0.043320	supercritical
493.00	104.00	79.416	0.012592	316.53	447.48	5.6569	0.71697	1.0163	436.60	0.059018	3.1847e-05	0.043382	supercritical
494.00	104.00	79.247	0.012619	317.26	448.50	5.6590	0.71725	1.0164	437.01	0.058603	3.1889e-05	0.043444	supercritical
495.00	104.00	79.080	0.012645	318.00	449.52	5.6611	0.71754	1.0165	437.42	0.058191	3.1931e-05	0.043506	supercritical
496.00	104.00	78.913	0.012672	318.74	450.53	5.6631	0.71783	1.0166	437.83	0.057780	3.1972e-05	0.043568	supercritical
497.00	104.00	78.747	0.012699	319.48	451.55	5.6652	0.71812	1.0167	438.24	0.057371	3.2014e-05	0.043630	supercritical
498.00	104.00	78.581	0.012726	320.22	452.57	5.6672	0.71841	1.0168	438.65	0.056965	3.2056e-05	0.043692	supercritical
499.00	104.00	78.417	0.012752	320.96	453.58	5.6692	0.71870	1.0169	439.05	0.056560	3.2097e-05	0.043754	supercritical
500.00	104.00	78.253	0.012779	321.70	454.60	5.6713	0.71899	1.0170	439.46	0.056157	3.2139e-05	0.043816	supercritical
501.00	104.00	78.090	0.012806	322.44	455.62	5.6733	0.71927	1.0171	439.87	0.055756	3.2181e-05	0.043878	supercritical
502.00	104.00	77.927	0.012832	323.18	456.63	5.6753	0.71956	1.0172	440.27	0.055357	3.2222e-05	0.043940	supercritical
503.00	104.00	77.766	0.012859	323.92	457.65	5.6774	0.71985	1.0173	440.67	0.054960	3.2264e-05	0.044002	supercritical
504.00	104.00	77.605	0.012886	324.66	458.67	5.6794	0.72014	1.0174	441.08	0.054564	3.2305e-05	0.044064	supercritical
505.00	104.00	77.445	0.012912	325.40	459.69	5.6814	0.72043	1.0175	441.48	0.054171	3.2347e-05	0.044126	supercritical
506.00	104.00	77.285	0.012939	326.14	460.70	5.6834	0.72072	1.0176	441.89	0.053779	3.2388e-05	0.044188	supercritical
507.00	104.00	77.126	0.012966	326.88	461.72	5.6854	0.72101	1.0177	442.29	0.053390	3.2430e-05	0.044250	supercritical
508.00	104.00	76.968	0.012992	327.62	462.74	5.6874	0.72130	1.0179	442.69	0.053002	3.2471e-05	0.044312	supercritical
509.00	104.00	76.811	0.013019	328.36	463.76	5.6894	0.72160	1.0180	443.09	0.052616	3.2513e-05	0.044374	supercritical
510.00	104.00	76.654	0.013046	329.10	464.77	5.6914	0.72189	1.0181	443.49	0.052232	3.2554e-05	0.044436	supercritical
511.00	104.00	76.498	0.013072	329.84	465.79	5.6934	0.72218	1.0182	443.89	0.051850	3.2595e-05	0.044498	supercritical
512.00	104.00	76.342	0.013099	330.58	466.81	5.6954	0.72247	1.0183	444.29	0.051469	3.2637e-05	0.044560	supercritical
513.00	104.00	76.188	0.013126	331.32	467.83	5.6974	0.72276	1.0184	444.69	0.051090	3.2678e-05	0.044621	supercritical
514.00	104.00	76.033	0.013152	332.07	468.85	5.6994	0.72305	1.0186	445.09	0.050713	3.2719e-05	0.044683	supercritical
515.00	104.00	75.880	0.013179	332.81	469.87	5.7014	0.72334	1.0187	445.49	0.050338	3.2760e-05	0.044745	supercritical
516.00	104.00	75.727	0.013205	333.55	470.88	5.7033	0.72363	1.0188	445.88	0.049965	3.2801e-05	0.044807	supercritical
517.00	104.00	75.575	0.013232	334.29	471.90	5.7053	0.72392	1.0189	446.28	0.049593	3.2843e-05	0.044869	supercritical
518.00	104.00	75.424	0.013258	335.04	472.92	5.7073	0.72422	1.0191	446.68	0.049223	3.2884e-05	0.044930	supercritical
519.00	104.00	75.273	0.013285	335.78	473.94	5.7092	0.72451	1.0192	447.07	0.048855	3.2925e-05	0.044992	supercritical
520.00	104.00	75.123	0.013312	336.52	474.96	5.7112	0.72480	1.0193	447.47	0.048488	3.2966e-05	0.045054	supercritical
521.00	104.00	74.973	0.013338	337.26	475.98	5.7132	0.72509	1.0194	447.86	0.048123	3.3007e-05	0.045116	supercritical
522.00	104.00	74.824	0.013365	338.01	477.00	5.7151	0.72538	1.0196	448.26	0.047760	3.3048e-05	0.045177	supercritical
523.00	104.00	74.676	0.013391	338.75	478.02	5.7171	0.72568	1.0197	448.65	0.047399	3.3089e-05	0.045239	supercritical
524.00	104.00	74.529	0.013418	339.50	479.04	5.7190	0.72597	1.0198	449.04	0.047039	3.3130e-05	0.045301	supercritical
525.00	104.00	74.382	0.013444	340.24	480.06	5.7210	0.72626	1.0200	449.44	0.046681	3.3171e-05	0.045363	supercritical
526.00	104.00	74.235	0.013471	340.98	481.08	5.7229	0.72655	1.0201	449.83	0.046324	3.3211e-05	0.045424	supercritical
527.00	104.00	74.089	0.013497	341.73	482.10	5.7248	0.72684	1.0202	450.22	0.045969	3.3252e-05	0.045486	supercritical
528.00	104.00	73.944	0.013524	342.47	483.12	5.7268	0.72714	1.0204	450.61	0.045616	3.3293e-05	0.045548	supercritical
529.00	104.00	73.800	0.013550	343.22	484.14	5.7287	0.72743	1.0205	451.00	0.045265	3.3334e-05	0.045609	supercritical
530.00	104.00	73.656	0.013577	343.96	485.16	5.7306	0.72772	1.0207	451.39	0.044915	3.3375e-05	0.045671	supercritical
531.00	104.00	73.512	0.013603	344.71	486.18	5.7326	0.72801	1.0208	451.78	0.044566	3.3415e-05	0.045732	supercritical
532.00	104.00	73.370	0.013630	345.45	487.20	5.7345	0.72830	1.0209	452.17	0.044220	3.3456e-05	0.045794	supercritical
533.00	104.00	73.227	0.013656	346.20	488.22	5.7364	0.72860	1.0211	452.56	0.043875	3.3497e-05	0.045856	supercritical
534.00	104.00	73.086	0.013683	346.95	489.24	5.7383	0.72889	1.0212	452.95	0.043531	3.3537e-05	0.045917	supercritical
535.00	104.00	72.945	0.013709	347.69	490.27	5.7402	0.72918	1.0214	453.34	0.043189	3.3578e-05	0.045979	supercritical
536.00	104.00	72.804	0.013735	348.44	491.29	5.7421	0.72947	1.0215	453.72	0.042848	3.3619e-05	0.046040	supercritical
537.00	104.00	72.664	0.013762	349.19	492.31	5.7440	0.72976	1.0217	454.11	0.042510	3.3659e-05	0.046102	supercritical
538.00	104.00	72.525	0.013788	349.93	493.33	5.7459	0.73006	1.0218	454.50	0.042172	3.3700e-05	0.046163	supercritical
539.00	104.00	72.386	0.013815	350.68	494.35	5.7478	0.73035	1.0219	454.88	0.041836	3.3740e-05	0.046225	supercritical
540.00	104.00	72.248	0.013841	351.43	495.37	5.7497	0.73064	1.0221	455.27	0.041502	3.3781e-05	0.046286	supercritical
541.00	104.00	72.111	0.013868	352.17	496.40	5.7516	0.73093	1.0222	455.65	0.041169	3.3821e-05	0.046348	supercritical
542.00	104.00	71.974	0.013894	352.92	497.42	5.7535	0.73122	1.0224	456.04	0.040838	3.3862e-05	0.046409	supercritical
543.00	104.00	71.837	0.013920	353.67	498.44	5.7554	0.73152	1.0225	456.42	0.040508	3.3902e-05	0.046471	supercritical
544.00	104.00	71.701	0.013947	354.42	499.46	5.7573	0.73181	1.0227	456.80	0.040180	3.3942e-05	0.046532	supercritical
545.00	104.00	71.566	0.013973	355.17	500.49	5.7591	0.73210	1.0229	457.19	0.039853	3.3983e-05	0.046593	supercritical
546.00	104.00	71.431	0.014000	355.91	501.51	5.7610	0.73239	1.0230	457.57	0.039528	3.4023e-05	0.046655	supercritical
547.00	104.00	71.296	0.014026	356.66	502.53	5.7629	0.73268	1.0232	457.95	0.039204	3.4063e-05	0.046716	supercritical
548.00	104.00	71.163	0.014052	357.41	503.56	5.7648	0.73297	1.0233	458.33	0.038881	3.4104e-05	0.046777	supercritical
549.00	104.00	71.029	0.014079	358.16	504.58	5.7666	0.73327	1.0235	458.72	0.038560	3.4144e-05	0.046839	supercritical
550.00	104.00	70.897	0.014105	358.91	505.60	5.7685	0.73356	1.0236	459.10	0.038241	3.4184e-05	0.046900	supercritical
551.00	104.00	70.764	0.014131	359.66	506.63	5.7704	0.73385	1.0238	459.48	0.037922	3.4224e-05	0.046961	supercritical
552.00	104.00	70.633	0.014158	360.41	507.65	5.7722	0.73414	1.0239	459.86	0.037606	3.4264e-05	0.047023	supercritical
553.00	104.00	70.502	0.014184	361.16	508.67	5.7741	0.73443	1.0241	460.24	0.037290	3.4304e-05	0.047084	supercritical
554.00	104.00	70.371	0.014210	361.91	509.70	5.7759	0.73472	1.0243	460.61	0.036976	3.4344e-05	0.047145	supercritical
555.00	104.00	70.241	0.014237	362.66	510.72	5.7778	0.73501	1.0244	460.99	0.036664	3.4385e-05	0.047207	supercritical
556.00	104.00	70.111	0.014263	363.41	511.75	5.7796	0.73530	1.0246	461.37	0.036353	3.4425e-05	0.047268	supercritical
557.00	104.00	69.982	0.014289	364.16	512.77	5.7814	0.73559	1.0248	461.75	0.036043	3.4465e-05	0.047329	supercritical
558.00	104.00	69.853	0.014316	364.91	513.80	5.7833	0.73588	1.0249	462.13	0.035734	3.4505e-05	0.047390	supercritical
559.00	104.00	69.725	0.014342	365.67	514.82	5.7851	0.73617	1.0251	462.50	0.035427	3.4544e-05	0.047451	supercritical
560.00	104.00	69.598	0.014368	366.42	515.85	5.7870	0.73646	1.0252	462.88	0.035122	3.4584e-05	0.047513	supercritical
561.00	104.00	69.470	0.014395	367.17	516.87	5.7888	0.73675	1.0254	463.25	0.034817	3.4624e-05	0.047574	supercritical
562.00	104.00	69.344	0.014421	367.92	517.90	5.7906	0.73704	1.0256	463.63	0.034514	3.4664e-05	0.047635	supercritical
563.00	104.00	69.218	0.014447	368.67	518.92	5.7924	0.73733	1.0257	464.00	0.034213	3.4704e-05	0.047696	supercritical
564.00	104.00	69.092	0.014473	369.43	519.95	5.7943	0.73762	1.0259	464.38	0.033912	3.4744e-05	0.047757	supercritical
565.00	104.00	68.967	0.014500	370.18	520.98	5.7961	0.73791	1.0261	464.75	0.033613	3.4784e-05	0.047818	supercritical
566.00	104.00	68.842	0.014526	370.93	522.00	5.7979	0.73820	1.0262	465.13	0.033316	3.4823e-05	0.047879	supercritical
567.00	104.00	68.718	0.014552	371.68	523.03	5.7997	0.73849	1.0264	465.50	0.033019	3.4863e-05	0.047940	supercritical
568.00	104.00	68.594	0.014579	372.44	524.05	5.8015	0.73878	1.0266	465.87	0.032724	3.4903e-05	0.048001	supercritical
569.00	104.00	68.471	0.014605	373.19	525.08	5.8033	0.73907	1.0267	466.24	0.032430	3.4942e-05	0.048062	supercritical
570.00	104.00	68.348	0.014631	373.95	526.11	5.8051	0.73935	1.0269	466.62	0.032138	3.4982e-05	0.048123	supercritical
571.00	104.00	68.225	0.014657	374.70	527.14	5.8069	0.73964	1.0271	466.99	0.031846	3.5022e-05	0.048184	supercritical
572.00	104.00	68.103	0.014684	375.45	528.16	5.8087	0.73993	1.0273	467.36	0.031556	3.5061e-05	0.048245	supercritical
573.00	104.00	67.982	0.014710	376.21	529.19	5.8105	0.74022	1.0274	467.73	0.031267	3.5101e-05	0.048306	supercritical
574.00	104.00	67.861	0.014736	376.96	530.22	5.8123	0.74051	1.0276	468.10	0.030980	3.5140e-05	0.048367	supercritical
575.00	104.00	67.740	0.014762	377.72	531.24	5.8141	0.74079	1.0278	468.47	0.030694	3.5180e-05	0.048428	supercritical
576.00	104.00	67.620	0.014788	378.47	532.27	5.8159	0.74108	1.0280	468.84	0.030409	3.5219e-05	0.048489	supercritical
577.00	104.00	67.501	0.014815	379.23	533.30	5.8177	0.74137	1.0281	469.21	0.030125	3.5259e-05	0.048550	supercritical
578.00	104.00	67.381	0.014841	379.98	534.33	5.8194	0.74165	1.0283	469.58	0.029842	3.5298e-05	0.048611	supercritical
579.00	104.00	67.263	0.014867	380.74	535.36	5.8212	0.74194	1.0285	469.95	0.029561	3.5338e-05	0.048672	supercritical
580.00	104.00	67.144	0.014893	381.50	536.39	5.8230	0.74223	1.0287	470.31	0.029281	3.5377e-05	0.048733	supercritical
581.00	104.00	67.026	0.014919	382.25	537.41	5.8248	0.74251	1.0288	470.68	0.029002	3.5416e-05	0.048793	supercritical
582.00	104.00	66.909	0.014946	383.01	538.44	5.8265	0.74280	1.0290	471.05	0.028724	3.5456e-05	0.048854	supercritical
583.00	104.00	66.792	0.014972	383.77	539.47	5.8283	0.74309	1.0292	471.42	0.028447	3.5495e-05	0.048915	supercritical
584.00	104.00	66.675	0.014998	384.52	540.50	5.8301	0.74337	1.0294	471.78	0.028172	3.5534e-05	0.048976	supercritical
585.00	104.00	66.559	0.015024	385.28	541.53	5.8318	0.74366	1.0295	472.15	0.027897	3.5573e-05	0.049037	supercritical
586.00	104.00	66.443	0.015050	386.04	542.56	5.8336	0.74394	1.0297	472.51	0.027624	3.5613e-05	0.049097	supercritical
587.00	104.00	66.328	0.015077	386.79	543.59	5.8353	0.74423	1.0299	472.88	0.027352	3.5652e-05	0.049158	supercritical
588.00	104.00	66.213	0.015103	387.55	544.62	5.8371	0.74451	1.0301	473.24	0.027082	3.5691e-05	0.049219	supercritical
589.00	104.00	66.099	0.015129	388.31	545.65	5.8388	0.74480	1.0302	473.61	0.026812	3.5730e-05	0.049280	supercritical
590.00	104.00	65.985	0.015155	389.07	546.68	5.8406	0.74508	1.0304	473.97	0.026544	3.5769e-05	0.049340	supercritical
591.00	104.00	65.871	0.015181	389.83	547.71	5.8423	0.74536	1.0306	474.34	0.026276	3.5808e-05	0.049401	supercritical
592.00	104.00	65.758	0.015207	390.59	548.74	5.8441	0.74565	1.0308	474.70	0.026010	3.5847e-05	0.049462	supercritical
593.00	104.00	65.645	0.015233	391.35	549.77	5.8458	0.74593	1.0310	475.06	0.025745	3.5886e-05	0.049522	supercritical
594.00	104.00	65.533	0.015260	392.10	550.80	5.8476	0.74622	1.0312	475.43	0.025481	3.5925e-05	0.049583	supercritical
595.00	104.00	65.421	0.015286	392.86	551.84	5.8493	0.74650	1.0313	475.79	0.025218	3.5964e-05	0.049643	supercritical
596.00	104.00	65.309	0.015312	393.62	552.87	5.8510	0.74678	1.0315	476.15	0.024956	3.6003e-05	0.049704	supercritical
597.00	104.00	65.198	0.015338	394.38	553.90	5.8527	0.74706	1.0317	476.51	0.024696	3.6042e-05	0.049765	supercritical
598.00	104.00	65.087	0.015364	395.14	554.93	5.8545	0.74735	1.0319	476.87	0.024436	3.6081e-05	0.049825	supercritical
599.00	104.00	64.976	0.015390	395.90	555.96	5.8562	0.74763	1.0321	477.23	0.024178	3.6120e-05	0.049886	supercritical
600.00	104.00	64.866	0.015416	396.67	556.99	5.8579	0.74791	1.0322	477.59	0.023920	3.6159e-05	0.049946	supercritical
