Temperature (K)	Pressure (bar)	Density (kg/m3)	Volume (m3/kg)	Internal Energy (kJ/kg)	Enthalpy (kJ/kg)	Entropy (J/g*K)	Cv (J/g*K)	Cp (J/g*K)	Sound Spd. (m/s)	Joule-Thomson (K/bar)	Viscosity (Pa*s)	Therm. Cond. (W/m*K)	Phase
60.000	60.000	1289.1	0.00077573	-185.12	-180.47	2.2414	1.0909	1.6606	1143.9	-0.037396	0.00060625	0.19637	liquid
61.000	60.000	1284.8	0.00077832	-183.48	-178.81	2.2688	1.0818	1.6623	1140.0	-0.037241	0.00057764	0.19501	liquid
62.000	60.000	1280.5	0.00078095	-181.83	-177.14	2.2959	1.0738	1.6637	1135.4	-0.037098	0.00055093	0.19365	liquid
63.000	60.000	1276.2	0.00078360	-180.18	-175.48	2.3225	1.0666	1.6648	1130.2	-0.036967	0.00052599	0.19229	liquid
64.000	60.000	1271.8	0.00078628	-178.53	-173.81	2.3487	1.0599	1.6656	1124.5	-0.036844	0.00050269	0.19093	liquid
65.000	60.000	1267.4	0.00078899	-176.88	-172.15	2.3745	1.0537	1.6662	1118.4	-0.036730	0.00048090	0.18956	liquid
66.000	60.000	1263.1	0.00079173	-175.23	-170.48	2.4000	1.0479	1.6665	1112.0	-0.036621	0.00046051	0.18820	liquid
67.000	60.000	1258.7	0.00079449	-173.58	-168.81	2.4250	1.0423	1.6667	1105.3	-0.036516	0.00044142	0.18684	liquid
68.000	60.000	1254.3	0.00079728	-171.93	-167.15	2.4497	1.0369	1.6666	1098.5	-0.036413	0.00042352	0.18548	liquid
69.000	60.000	1249.9	0.00080009	-170.28	-165.48	2.4741	1.0318	1.6665	1091.4	-0.036311	0.00040674	0.18412	liquid
70.000	60.000	1245.4	0.00080293	-168.63	-163.82	2.4980	1.0268	1.6663	1084.2	-0.036209	0.00039098	0.18276	liquid
71.000	60.000	1241.0	0.00080580	-166.98	-162.15	2.5217	1.0219	1.6660	1077.0	-0.036105	0.00037616	0.18140	liquid
72.000	60.000	1236.6	0.00080869	-165.34	-160.48	2.5450	1.0171	1.6656	1069.6	-0.035999	0.00036223	0.18004	liquid
73.000	60.000	1232.1	0.00081160	-163.69	-158.82	2.5679	1.0124	1.6653	1062.2	-0.035889	0.00034911	0.17868	liquid
74.000	60.000	1227.7	0.00081455	-162.04	-157.15	2.5906	1.0077	1.6650	1054.7	-0.035774	0.00033674	0.17732	liquid
75.000	60.000	1223.2	0.00081752	-160.39	-155.49	2.6130	1.0032	1.6647	1047.2	-0.035654	0.00032507	0.17596	liquid
76.000	60.000	1218.7	0.00082052	-158.75	-153.82	2.6350	0.99866	1.6644	1039.7	-0.035528	0.00031405	0.17460	liquid
77.000	60.000	1214.3	0.00082355	-157.10	-152.16	2.6568	0.99422	1.6642	1032.1	-0.035396	0.00030363	0.17324	liquid
78.000	60.000	1209.8	0.00082661	-155.45	-150.49	2.6782	0.98983	1.6641	1024.6	-0.035256	0.00029377	0.17187	liquid
79.000	60.000	1205.2	0.00082970	-153.81	-148.83	2.6994	0.98550	1.6641	1017.0	-0.035108	0.00028443	0.17051	liquid
80.000	60.000	1200.7	0.00083283	-152.16	-147.17	2.7204	0.98122	1.6642	1009.4	-0.034952	0.00027557	0.16915	liquid
81.000	60.000	1196.2	0.00083598	-150.52	-145.50	2.7410	0.97699	1.6644	1001.8	-0.034786	0.00026716	0.16778	liquid
82.000	60.000	1191.6	0.00083917	-148.87	-143.84	2.7615	0.97282	1.6647	994.18	-0.034612	0.00025917	0.16642	liquid
83.000	60.000	1187.1	0.00084240	-147.23	-142.17	2.7816	0.96869	1.6651	986.57	-0.034428	0.00025157	0.16505	liquid
84.000	60.000	1182.5	0.00084566	-145.58	-140.51	2.8016	0.96462	1.6656	978.95	-0.034233	0.00024433	0.16368	liquid
85.000	60.000	1177.9	0.00084896	-143.94	-138.84	2.8213	0.96059	1.6663	971.32	-0.034028	0.00023743	0.16231	liquid
86.000	60.000	1173.3	0.00085229	-142.29	-137.17	2.8408	0.95662	1.6671	963.70	-0.033812	0.00023085	0.16094	liquid
87.000	60.000	1168.7	0.00085567	-140.64	-135.51	2.8601	0.95270	1.6681	956.06	-0.033584	0.00022456	0.15957	liquid
88.000	60.000	1164.0	0.00085909	-138.99	-133.84	2.8791	0.94882	1.6692	948.43	-0.033344	0.00021855	0.15820	liquid
89.000	60.000	1159.4	0.00086254	-137.34	-132.17	2.8980	0.94500	1.6705	940.78	-0.033092	0.00021280	0.15682	liquid
90.000	60.000	1154.7	0.00086605	-135.69	-130.50	2.9167	0.94122	1.6719	933.13	-0.032827	0.00020729	0.15545	liquid
91.000	60.000	1150.0	0.00086959	-134.04	-128.82	2.9352	0.93750	1.6735	925.47	-0.032550	0.00020201	0.15407	liquid
92.000	60.000	1145.2	0.00087319	-132.39	-127.15	2.9535	0.93382	1.6752	917.80	-0.032258	0.00019694	0.15269	liquid
93.000	60.000	1140.5	0.00087683	-130.74	-125.47	2.9716	0.93020	1.6771	910.12	-0.031953	0.00019207	0.15131	liquid
94.000	60.000	1135.7	0.00088052	-129.08	-123.80	2.9895	0.92662	1.6792	902.43	-0.031632	0.00018739	0.14993	liquid
95.000	60.000	1130.9	0.00088426	-127.42	-122.12	3.0073	0.92309	1.6814	894.72	-0.031297	0.00018288	0.14854	liquid
96.000	60.000	1126.1	0.00088806	-125.76	-120.43	3.0249	0.91961	1.6839	887.00	-0.030947	0.00017854	0.14716	liquid
97.000	60.000	1121.2	0.00089191	-124.10	-118.75	3.0424	0.91618	1.6865	879.26	-0.030580	0.00017435	0.14577	liquid
98.000	60.000	1116.3	0.00089582	-122.44	-117.06	3.0597	0.91279	1.6893	871.51	-0.030196	0.00017032	0.14438	liquid
99.000	60.000	1111.4	0.00089978	-120.77	-115.37	3.0769	0.90946	1.6922	863.74	-0.029795	0.00016642	0.14299	liquid
100.00	60.000	1106.4	0.00090381	-119.10	-113.68	3.0939	0.90617	1.6954	855.94	-0.029376	0.00016265	0.14160	liquid
101.00	60.000	1101.4	0.00090790	-117.43	-111.98	3.1108	0.90293	1.6988	848.13	-0.028938	0.00015900	0.14020	liquid
102.00	60.000	1096.4	0.00091205	-115.75	-110.28	3.1275	0.89973	1.7024	840.29	-0.028480	0.00015547	0.13881	liquid
103.00	60.000	1091.4	0.00091627	-114.07	-108.57	3.1442	0.89658	1.7062	832.42	-0.028003	0.00015205	0.13741	liquid
104.00	60.000	1086.3	0.00092057	-112.39	-106.87	3.1607	0.89348	1.7102	824.53	-0.027504	0.00014873	0.13601	liquid
105.00	60.000	1081.2	0.00092493	-110.70	-105.15	3.1771	0.89043	1.7145	816.61	-0.026983	0.00014551	0.13461	liquid
106.00	60.000	1076.0	0.00092937	-109.01	-103.44	3.1933	0.88742	1.7190	808.66	-0.026438	0.00014238	0.13321	liquid
107.00	60.000	1070.8	0.00093389	-107.32	-101.72	3.2095	0.88446	1.7237	800.68	-0.025870	0.00013934	0.13181	liquid
108.00	60.000	1065.5	0.00093850	-105.62	-99.989	3.2256	0.88155	1.7288	792.66	-0.025277	0.00013638	0.13041	liquid
109.00	60.000	1060.2	0.00094318	-103.92	-98.258	3.2415	0.87868	1.7340	784.61	-0.024657	0.00013350	0.12901	liquid
110.00	60.000	1054.9	0.00094796	-102.21	-96.521	3.2574	0.87586	1.7396	776.52	-0.024009	0.00013070	0.12761	liquid
111.00	60.000	1049.5	0.00095283	-100.50	-94.778	3.2731	0.87309	1.7454	768.38	-0.023332	0.00012797	0.12621	liquid
112.00	60.000	1044.1	0.00095779	-98.777	-93.030	3.2888	0.87037	1.7516	760.21	-0.022624	0.00012530	0.12480	liquid
113.00	60.000	1038.6	0.00096285	-97.052	-91.275	3.3044	0.86769	1.7581	752.00	-0.021884	0.00012270	0.12340	liquid
114.00	60.000	1033.0	0.00096802	-95.322	-89.514	3.3199	0.86507	1.7649	743.73	-0.021111	0.00012016	0.12199	liquid
115.00	60.000	1027.4	0.00097330	-93.585	-87.745	3.3354	0.86249	1.7721	735.42	-0.020301	0.00011767	0.12058	liquid
116.00	60.000	1021.8	0.00097870	-91.841	-85.969	3.3508	0.85996	1.7797	727.06	-0.019453	0.00011525	0.11918	liquid
117.00	60.000	1016.0	0.00098421	-90.091	-84.186	3.3661	0.85749	1.7876	718.64	-0.018566	0.00011287	0.11777	liquid
118.00	60.000	1010.3	0.00098985	-88.333	-82.394	3.3813	0.85506	1.7960	710.17	-0.017635	0.00011054	0.11636	liquid
119.00	60.000	1004.4	0.00099562	-86.567	-80.593	3.3965	0.85269	1.8049	701.64	-0.016660	0.00010827	0.11494	liquid
120.00	60.000	998.47	0.0010015	-84.793	-78.784	3.4117	0.85038	1.8142	693.05	-0.015637	0.00010603	0.11353	liquid
121.00	60.000	992.47	0.0010076	-83.010	-76.965	3.4267	0.84812	1.8241	684.39	-0.014563	0.00010384	0.11212	liquid
122.00	60.000	986.39	0.0010138	-81.218	-75.136	3.4418	0.84592	1.8345	675.66	-0.013435	0.00010169	0.11070	liquid
123.00	60.000	980.23	0.0010202	-79.417	-73.296	3.4568	0.84377	1.8454	666.86	-0.012248	9.9585e-05	0.10929	liquid
124.00	60.000	973.98	0.0010267	-77.605	-71.444	3.4718	0.84169	1.8571	657.98	-0.011000	9.7513e-05	0.10787	liquid
125.00	60.000	967.64	0.0010334	-75.782	-69.581	3.4868	0.83967	1.8694	649.02	-0.0096850	9.5476e-05	0.10646	liquid
126.00	60.000	961.21	0.0010404	-73.948	-67.705	3.5017	0.83772	1.8825	639.98	-0.0082989	9.3474e-05	0.10504	liquid
127.00	60.000	954.68	0.0010475	-72.101	-65.816	3.5167	0.83584	1.8963	630.84	-0.0068360	9.1504e-05	0.10362	liquid
128.00	60.000	948.03	0.0010548	-70.241	-63.913	3.5316	0.83403	1.9111	621.61	-0.0052905	8.9564e-05	0.10220	liquid
129.00	60.000	941.28	0.0010624	-68.368	-61.994	3.5465	0.83230	1.9267	612.29	-0.0036556	8.7654e-05	0.10078	liquid
130.00	60.000	934.41	0.0010702	-66.480	-60.059	3.5615	0.83064	1.9435	602.85	-0.0019239	8.5772e-05	0.099357	liquid
131.00	60.000	927.40	0.0010783	-64.576	-58.106	3.5764	0.82908	1.9613	593.30	-8.7224e-05	8.3916e-05	0.097934	liquid
132.00	60.000	920.27	0.0010866	-62.655	-56.136	3.5914	0.82760	1.9805	583.64	0.0018639	8.2084e-05	0.096510	liquid
133.00	60.000	912.98	0.0010953	-60.717	-54.145	3.6064	0.82621	2.0010	573.84	0.0039398	8.0276e-05	0.095084	liquid
134.00	60.000	905.55	0.0011043	-58.759	-52.133	3.6215	0.82493	2.0230	563.91	0.0061526	7.8490e-05	0.093656	liquid
135.00	60.000	897.94	0.0011137	-56.780	-50.098	3.6366	0.82376	2.0468	553.84	0.0085156	7.6723e-05	0.092226	liquid
136.00	60.000	890.16	0.0011234	-54.779	-48.039	3.6518	0.82271	2.0725	543.61	0.011044	7.4976e-05	0.090794	liquid
137.00	60.000	882.18	0.0011336	-52.754	-45.953	3.6671	0.82178	2.1004	533.21	0.013756	7.3246e-05	0.089359	liquid
138.00	60.000	873.99	0.0011442	-50.702	-43.837	3.6825	0.82100	2.1308	522.64	0.016672	7.1531e-05	0.087921	liquid
139.00	60.000	865.57	0.0011553	-48.622	-41.690	3.6980	0.82037	2.1639	511.87	0.019816	6.9830e-05	0.086480	liquid
140.00	60.000	856.91	0.0011670	-46.510	-39.508	3.7136	0.81991	2.2003	500.90	0.023214	6.8141e-05	0.085034	liquid
141.00	60.000	847.96	0.0011793	-44.364	-37.288	3.7294	0.81964	2.2403	489.70	0.026901	6.6461e-05	0.083583	liquid
142.00	60.000	838.72	0.0011923	-42.180	-35.026	3.7454	0.81959	2.2847	478.25	0.030913	6.4789e-05	0.082126	liquid
143.00	60.000	829.14	0.0012061	-39.954	-32.717	3.7616	0.81977	2.3342	466.54	0.035298	6.3122e-05	0.080663	liquid
144.00	60.000	819.19	0.0012207	-37.680	-30.356	3.7781	0.82023	2.3896	454.53	0.040110	6.1456e-05	0.079191	liquid
145.00	60.000	808.81	0.0012364	-35.354	-27.936	3.7948	0.82101	2.4522	442.20	0.045416	5.9789e-05	0.077709	liquid
146.00	60.000	797.96	0.0012532	-32.968	-25.448	3.8119	0.82215	2.5236	429.51	0.051300	5.8117e-05	0.076215	liquid
147.00	60.000	786.57	0.0012713	-30.513	-22.885	3.8294	0.82373	2.6057	416.43	0.057864	5.6435e-05	0.074708	liquid
148.00	60.000	774.54	0.0012911	-27.979	-20.232	3.8474	0.82584	2.7014	402.91	0.065239	5.4736e-05	0.073184	liquid
149.00	60.000	761.77	0.0013127	-25.353	-17.476	3.8660	0.82858	2.8142	388.89	0.073593	5.3015e-05	0.071641	liquid
150.00	60.000	748.13	0.0013367	-22.617	-14.597	3.8852	0.83211	2.9495	374.30	0.083147	5.1262e-05	0.070074	liquid
151.00	60.000	733.42	0.0013635	-19.748	-11.567	3.9054	0.83664	3.1151	359.06	0.094200	4.9464e-05	0.068479	liquid
152.00	60.000	717.41	0.0013939	-16.716	-8.3525	3.9266	0.84249	3.3229	343.04	0.10717	4.7608e-05	0.066851	liquid
153.00	60.000	699.73	0.0014291	-13.476	-4.9010	3.9492	0.85013	3.5925	326.09	0.12266	4.5669e-05	0.065185	liquid
154.00	60.000	679.84	0.0014709	-9.9616	-1.1360	3.9737	0.86033	3.9576	307.97	0.14160	4.3614e-05	0.063477	liquid
155.00	60.000	656.90	0.0015223	-6.0672	3.0667	4.0009	0.87442	4.4824	288.30	0.16549	4.1391e-05	0.061726	supercritical
156.00	60.000	629.40	0.0015888	-1.6069	7.9260	4.0322	0.89494	5.3045	266.51	0.19698	3.8907e-05	0.059944	supercritical
157.00	60.000	594.38	0.0016824	3.7881	13.883	4.0702	0.92713	6.7659	241.76	0.24116	3.5987e-05	0.058150	supercritical
158.00	60.000	545.14	0.0018344	10.969	21.975	4.1216	0.98140	9.8227	213.67	0.30813	3.2258e-05	0.056281	supercritical
159.00	60.000	469.70	0.0021290	21.653	34.427	4.2002	1.0531	15.061	189.02	0.40794	2.7229e-05	0.053267	supercritical
160.00	60.000	389.10	0.0025700	33.854	49.274	4.2933	1.0423	12.994	184.18	0.50455	2.2658e-05	0.046359	supercritical
161.00	60.000	340.19	0.0029395	42.227	59.864	4.3592	0.98424	8.5918	187.84	0.56138	2.0319e-05	0.040203	supercritical
162.00	60.000	310.51	0.0032205	47.859	67.182	4.4046	0.93845	6.2957	191.70	0.59272	1.9090e-05	0.036410	supercritical
163.00	60.000	289.94	0.0034490	52.099	72.792	4.4391	0.90542	5.0361	195.08	0.61090	1.8335e-05	0.033931	supercritical
164.00	60.000	274.36	0.0036449	55.542	77.411	4.4673	0.88080	4.2570	198.06	0.62157	1.7823e-05	0.032175	supercritical
165.00	60.000	261.87	0.0038187	58.477	81.389	4.4915	0.86170	3.7300	200.75	0.62756	1.7455e-05	0.030857	supercritical
166.00	60.000	251.48	0.0039764	61.061	84.920	4.5129	0.84634	3.3499	203.22	0.63046	1.7178e-05	0.029827	supercritical
167.00	60.000	242.60	0.0041220	63.387	88.120	4.5321	0.83363	3.0624	205.53	0.63120	1.6966e-05	0.028996	supercritical
168.00	60.000	234.85	0.0042580	65.517	91.065	4.5497	0.82285	2.8370	207.71	0.63041	1.6799e-05	0.028311	supercritical
169.00	60.000	227.99	0.0043862	67.491	93.808	4.5660	0.81353	2.6553	209.78	0.62850	1.6668e-05	0.027737	supercritical
170.00	60.000	221.84	0.0045078	69.340	96.386	4.5812	0.80533	2.5056	211.76	0.62577	1.6564e-05	0.027249	supercritical
171.00	60.000	216.27	0.0046239	71.084	98.827	4.5955	0.79803	2.3798	213.66	0.62241	1.6481e-05	0.026830	supercritical
172.00	60.000	211.18	0.0047354	72.740	101.15	4.6090	0.79146	2.2725	215.50	0.61859	1.6416e-05	0.026467	supercritical
173.00	60.000	206.50	0.0048426	74.321	103.38	4.6219	0.78547	2.1799	217.28	0.61441	1.6365e-05	0.026151	supercritical
174.00	60.000	202.17	0.0049463	75.838	105.52	4.6343	0.77999	2.0991	219.01	0.60996	1.6325e-05	0.025874	supercritical
175.00	60.000	198.15	0.0050468	77.298	107.58	4.6461	0.77492	2.0278	220.69	0.60531	1.6296e-05	0.025631	supercritical
176.00	60.000	194.39	0.0051444	78.708	109.57	4.6575	0.77023	1.9645	222.33	0.60051	1.6276e-05	0.025416	supercritical
177.00	60.000	190.86	0.0052394	80.073	111.51	4.6684	0.76585	1.9078	223.93	0.59561	1.6263e-05	0.025225	supercritical
178.00	60.000	187.54	0.0053321	81.399	113.39	4.6790	0.76176	1.8568	225.50	0.59063	1.6256e-05	0.025056	supercritical
179.00	60.000	184.41	0.0054226	82.689	115.22	4.6893	0.75791	1.8106	227.02	0.58559	1.6255e-05	0.024906	supercritical
180.00	60.000	181.45	0.0055112	83.947	117.01	4.6993	0.75429	1.7685	228.52	0.58053	1.6259e-05	0.024773	supercritical
181.00	60.000	178.64	0.0055979	85.175	118.76	4.7090	0.75088	1.7300	229.99	0.57545	1.6267e-05	0.024655	supercritical
182.00	60.000	175.96	0.0056831	86.377	120.48	4.7184	0.74765	1.6947	231.43	0.57037	1.6279e-05	0.024550	supercritical
183.00	60.000	173.41	0.0057667	87.553	122.15	4.7276	0.74459	1.6622	232.84	0.56531	1.6295e-05	0.024457	supercritical
184.00	60.000	170.97	0.0058488	88.707	123.80	4.7366	0.74169	1.6321	234.23	0.56026	1.6314e-05	0.024375	supercritical
185.00	60.000	168.64	0.0059297	89.840	125.42	4.7453	0.73893	1.6041	235.60	0.55524	1.6335e-05	0.024303	supercritical
186.00	60.000	166.41	0.0060092	90.954	127.01	4.7539	0.73630	1.5782	236.94	0.55025	1.6359e-05	0.024240	supercritical
187.00	60.000	164.27	0.0060877	92.049	128.58	4.7623	0.73380	1.5540	238.26	0.54530	1.6385e-05	0.024185	supercritical
188.00	60.000	162.21	0.0061650	93.128	130.12	4.7705	0.73141	1.5313	239.56	0.54040	1.6413e-05	0.024137	supercritical
189.00	60.000	160.22	0.0062413	94.190	131.64	4.7786	0.72913	1.5101	240.84	0.53553	1.6443e-05	0.024096	supercritical
190.00	60.000	158.31	0.0063166	95.239	133.14	4.7865	0.72696	1.4902	242.10	0.53071	1.6475e-05	0.024061	supercritical
191.00	60.000	156.47	0.0063911	96.273	134.62	4.7943	0.72488	1.4715	243.35	0.52595	1.6509e-05	0.024032	supercritical
192.00	60.000	154.69	0.0064646	97.294	136.08	4.8019	0.72289	1.4538	244.58	0.52123	1.6543e-05	0.024009	supercritical
193.00	60.000	152.97	0.0065374	98.303	137.53	4.8094	0.72098	1.4372	245.79	0.51656	1.6579e-05	0.023990	supercritical
194.00	60.000	151.30	0.0066093	99.300	138.96	4.8168	0.71915	1.4214	246.98	0.51195	1.6617e-05	0.023976	supercritical
195.00	60.000	149.69	0.0066805	100.29	140.37	4.8241	0.71740	1.4065	248.16	0.50739	1.6655e-05	0.023966	supercritical
196.00	60.000	148.13	0.0067510	101.26	141.77	4.8312	0.71572	1.3923	249.33	0.50288	1.6695e-05	0.023960	supercritical
197.00	60.000	146.61	0.0068209	102.23	143.16	4.8383	0.71411	1.3789	250.48	0.49843	1.6735e-05	0.023958	supercritical
198.00	60.000	145.14	0.0068901	103.19	144.53	4.8452	0.71256	1.3661	251.62	0.49403	1.6776e-05	0.023960	supercritical
199.00	60.000	143.71	0.0069586	104.14	145.89	4.8521	0.71107	1.3539	252.74	0.48968	1.6819e-05	0.023964	supercritical
200.00	60.000	142.32	0.0070266	105.08	147.24	4.8588	0.70964	1.3423	253.86	0.48539	1.6862e-05	0.023972	supercritical
201.00	60.000	140.96	0.0070941	106.01	148.57	4.8655	0.70827	1.3313	254.95	0.48115	1.6905e-05	0.023982	supercritical
202.00	60.000	139.65	0.0071610	106.93	149.90	4.8721	0.70694	1.3207	256.04	0.47696	1.6949e-05	0.023995	supercritical
203.00	60.000	138.36	0.0072274	107.85	151.21	4.8786	0.70567	1.3106	257.12	0.47283	1.6994e-05	0.024010	supercritical
204.00	60.000	137.11	0.0072932	108.76	152.52	4.8850	0.70444	1.3010	258.18	0.46874	1.7040e-05	0.024028	supercritical
205.00	60.000	135.89	0.0073587	109.66	153.82	4.8913	0.70326	1.2917	259.24	0.46471	1.7086e-05	0.024048	supercritical
206.00	60.000	134.71	0.0074236	110.56	155.10	4.8976	0.70213	1.2828	260.28	0.46073	1.7132e-05	0.024070	supercritical
207.00	60.000	133.55	0.0074881	111.45	156.38	4.9038	0.70103	1.2743	261.32	0.45680	1.7179e-05	0.024095	supercritical
208.00	60.000	132.41	0.0075522	112.34	157.65	4.9099	0.69998	1.2662	262.34	0.45291	1.7226e-05	0.024121	supercritical
209.00	60.000	131.30	0.0076159	113.22	158.91	4.9160	0.69896	1.2583	263.36	0.44908	1.7274e-05	0.024148	supercritical
210.00	60.000	130.22	0.0076792	114.09	160.17	4.9220	0.69798	1.2508	264.36	0.44529	1.7322e-05	0.024178	supercritical
211.00	60.000	129.16	0.0077421	114.96	161.42	4.9279	0.69703	1.2435	265.36	0.44155	1.7371e-05	0.024209	supercritical
212.00	60.000	128.13	0.0078046	115.83	162.66	4.9338	0.69611	1.2365	266.34	0.43786	1.7419e-05	0.024241	supercritical
213.00	60.000	127.12	0.0078668	116.69	163.89	4.9396	0.69523	1.2298	267.32	0.43421	1.7469e-05	0.024275	supercritical
214.00	60.000	126.13	0.0079286	117.54	165.12	4.9453	0.69438	1.2233	268.29	0.43061	1.7518e-05	0.024310	supercritical
215.00	60.000	125.15	0.0079901	118.40	166.34	4.9510	0.69355	1.2170	269.26	0.42705	1.7568e-05	0.024347	supercritical
216.00	60.000	124.20	0.0080513	119.24	167.55	4.9566	0.69276	1.2110	270.21	0.42354	1.7618e-05	0.024385	supercritical
217.00	60.000	123.27	0.0081121	120.08	168.76	4.9622	0.69199	1.2051	271.16	0.42007	1.7668e-05	0.024424	supercritical
218.00	60.000	122.36	0.0081727	120.92	169.96	4.9677	0.69125	1.1995	272.10	0.41664	1.7718e-05	0.024464	supercritical
219.00	60.000	121.46	0.0082330	121.76	171.16	4.9732	0.69053	1.1941	273.03	0.41325	1.7769e-05	0.024505	supercritical
220.00	60.000	120.58	0.0082930	122.59	172.35	4.9786	0.68984	1.1888	273.95	0.40991	1.7820e-05	0.024547	supercritical
221.00	60.000	119.72	0.0083527	123.42	173.53	4.9840	0.68917	1.1837	274.87	0.40660	1.7871e-05	0.024590	supercritical
222.00	60.000	118.88	0.0084121	124.24	174.72	4.9894	0.68852	1.1787	275.78	0.40334	1.7922e-05	0.024634	supercritical
223.00	60.000	118.05	0.0084713	125.06	175.89	4.9946	0.68789	1.1740	276.68	0.40011	1.7973e-05	0.024679	supercritical
224.00	60.000	117.23	0.0085302	125.88	177.06	4.9999	0.68729	1.1693	277.58	0.39692	1.8024e-05	0.024725	supercritical
225.00	60.000	116.43	0.0085889	126.70	178.23	5.0051	0.68670	1.1648	278.47	0.39377	1.8076e-05	0.024771	supercritical
226.00	60.000	115.64	0.0086473	127.51	179.39	5.0102	0.68613	1.1605	279.36	0.39066	1.8128e-05	0.024819	supercritical
227.00	60.000	114.87	0.0087055	128.32	180.55	5.0153	0.68559	1.1563	280.24	0.38758	1.8180e-05	0.024867	supercritical
228.00	60.000	114.11	0.0087635	129.12	181.71	5.0204	0.68505	1.1522	281.11	0.38454	1.8232e-05	0.024916	supercritical
229.00	60.000	113.36	0.0088213	129.93	182.86	5.0255	0.68454	1.1482	281.98	0.38153	1.8284e-05	0.024965	supercritical
230.00	60.000	112.63	0.0088788	130.73	184.00	5.0305	0.68404	1.1443	282.84	0.37856	1.8336e-05	0.025015	supercritical
231.00	60.000	111.90	0.0089362	131.53	185.14	5.0354	0.68356	1.1406	283.69	0.37562	1.8388e-05	0.025066	supercritical
232.00	60.000	111.19	0.0089933	132.32	186.28	5.0403	0.68310	1.1369	284.54	0.37271	1.8440e-05	0.025117	supercritical
233.00	60.000	110.49	0.0090502	133.12	187.42	5.0452	0.68265	1.1334	285.39	0.36984	1.8493e-05	0.025169	supercritical
234.00	60.000	109.81	0.0091069	133.91	188.55	5.0501	0.68221	1.1299	286.23	0.36700	1.8545e-05	0.025222	supercritical
235.00	60.000	109.13	0.0091635	134.70	189.68	5.0549	0.68179	1.1266	287.06	0.36419	1.8598e-05	0.025275	supercritical
236.00	60.000	108.46	0.0092199	135.48	190.80	5.0596	0.68139	1.1233	287.89	0.36142	1.8650e-05	0.025328	supercritical
237.00	60.000	107.80	0.0092760	136.27	191.93	5.0644	0.68099	1.1201	288.71	0.35867	1.8703e-05	0.025382	supercritical
238.00	60.000	107.16	0.0093320	137.05	193.04	5.0691	0.68061	1.1171	289.53	0.35596	1.8756e-05	0.025437	supercritical
239.00	60.000	106.52	0.0093879	137.83	194.16	5.0738	0.68024	1.1140	290.35	0.35327	1.8808e-05	0.025492	supercritical
240.00	60.000	105.89	0.0094435	138.61	195.27	5.0784	0.67988	1.1111	291.16	0.35061	1.8861e-05	0.025547	supercritical
241.00	60.000	105.27	0.0094990	139.39	196.38	5.0830	0.67954	1.1083	291.96	0.34799	1.8914e-05	0.025603	supercritical
242.00	60.000	104.66	0.0095544	140.16	197.49	5.0876	0.67921	1.1055	292.76	0.34539	1.8967e-05	0.025659	supercritical
243.00	60.000	104.06	0.0096096	140.94	198.59	5.0922	0.67888	1.1028	293.56	0.34281	1.9020e-05	0.025716	supercritical
244.00	60.000	103.47	0.0096646	141.71	199.69	5.0967	0.67857	1.1001	294.35	0.34027	1.9073e-05	0.025773	supercritical
245.00	60.000	102.89	0.0097195	142.48	200.79	5.1012	0.67827	1.0975	295.13	0.33775	1.9126e-05	0.025830	supercritical
246.00	60.000	102.31	0.0097742	143.24	201.89	5.1057	0.67798	1.0950	295.92	0.33526	1.9179e-05	0.025888	supercritical
247.00	60.000	101.74	0.0098288	144.01	202.98	5.1101	0.67770	1.0926	296.70	0.33280	1.9232e-05	0.025946	supercritical
248.00	60.000	101.18	0.0098832	144.78	204.07	5.1145	0.67743	1.0902	297.47	0.33036	1.9285e-05	0.026004	supercritical
249.00	60.000	100.63	0.0099375	145.54	205.16	5.1189	0.67717	1.0878	298.24	0.32794	1.9338e-05	0.026063	supercritical
250.00	60.000	100.08	0.0099917	146.30	206.25	5.1232	0.67692	1.0856	299.01	0.32555	1.9391e-05	0.026122	supercritical
251.00	60.000	99.545	0.010046	147.06	207.33	5.1276	0.67667	1.0833	299.77	0.32319	1.9444e-05	0.026181	supercritical
252.00	60.000	99.014	0.010100	147.82	208.42	5.1319	0.67644	1.0812	300.53	0.32085	1.9497e-05	0.026241	supercritical
253.00	60.000	98.489	0.010153	148.58	209.50	5.1361	0.67621	1.0790	301.28	0.31853	1.9550e-05	0.026301	supercritical
254.00	60.000	97.971	0.010207	149.33	210.57	5.1404	0.67599	1.0770	302.03	0.31624	1.9603e-05	0.026361	supercritical
255.00	60.000	97.460	0.010261	150.09	211.65	5.1446	0.67578	1.0749	302.78	0.31397	1.9656e-05	0.026421	supercritical
256.00	60.000	96.955	0.010314	150.84	212.72	5.1488	0.67558	1.0730	303.52	0.31172	1.9709e-05	0.026482	supercritical
257.00	60.000	96.457	0.010367	151.59	213.80	5.1530	0.67539	1.0710	304.26	0.30949	1.9762e-05	0.026543	supercritical
258.00	60.000	95.965	0.010420	152.34	214.87	5.1572	0.67520	1.0691	305.00	0.30729	1.9815e-05	0.026604	supercritical
259.00	60.000	95.479	0.010474	153.09	215.93	5.1613	0.67502	1.0673	305.73	0.30511	1.9868e-05	0.026665	supercritical
260.00	60.000	94.998	0.010527	153.84	217.00	5.1654	0.67485	1.0655	306.46	0.30294	1.9921e-05	0.026727	supercritical
261.00	60.000	94.524	0.010579	154.59	218.07	5.1695	0.67468	1.0637	307.19	0.30080	1.9974e-05	0.026788	supercritical
262.00	60.000	94.055	0.010632	155.34	219.13	5.1736	0.67453	1.0620	307.91	0.29868	2.0027e-05	0.026850	supercritical
263.00	60.000	93.591	0.010685	156.08	220.19	5.1776	0.67437	1.0603	308.63	0.29658	2.0080e-05	0.026912	supercritical
264.00	60.000	93.134	0.010737	156.83	221.25	5.1816	0.67423	1.0586	309.35	0.29451	2.0133e-05	0.026975	supercritical
265.00	60.000	92.681	0.010790	157.57	222.31	5.1856	0.67409	1.0570	310.06	0.29245	2.0186e-05	0.027037	supercritical
266.00	60.000	92.234	0.010842	158.31	223.36	5.1896	0.67396	1.0554	310.77	0.29041	2.0239e-05	0.027100	supercritical
267.00	60.000	91.791	0.010894	159.05	224.42	5.1936	0.67383	1.0539	311.47	0.28838	2.0291e-05	0.027163	supercritical
268.00	60.000	91.354	0.010946	159.79	225.47	5.1975	0.67371	1.0523	312.18	0.28638	2.0344e-05	0.027226	supercritical
269.00	60.000	90.922	0.010998	160.53	226.52	5.2014	0.67360	1.0509	312.88	0.28440	2.0397e-05	0.027289	supercritical
270.00	60.000	90.495	0.011050	161.27	227.57	5.2053	0.67349	1.0494	313.58	0.28243	2.0450e-05	0.027352	supercritical
271.00	60.000	90.072	0.011102	162.01	228.62	5.2092	0.67339	1.0480	314.27	0.28049	2.0503e-05	0.027416	supercritical
272.00	60.000	89.654	0.011154	162.74	229.67	5.2130	0.67329	1.0466	314.96	0.27856	2.0555e-05	0.027479	supercritical
273.00	60.000	89.240	0.011206	163.48	230.71	5.2169	0.67320	1.0452	315.65	0.27664	2.0608e-05	0.027543	supercritical
274.00	60.000	88.831	0.011257	164.22	231.76	5.2207	0.67312	1.0439	316.34	0.27475	2.0661e-05	0.027607	supercritical
275.00	60.000	88.427	0.011309	164.95	232.80	5.2245	0.67303	1.0426	317.02	0.27287	2.0713e-05	0.027671	supercritical
276.00	60.000	88.026	0.011360	165.68	233.84	5.2283	0.67296	1.0413	317.70	0.27101	2.0766e-05	0.027735	supercritical
277.00	60.000	87.630	0.011412	166.42	234.89	5.2320	0.67289	1.0400	318.38	0.26917	2.0818e-05	0.027799	supercritical
278.00	60.000	87.238	0.011463	167.15	235.92	5.2358	0.67282	1.0388	319.05	0.26734	2.0871e-05	0.027864	supercritical
279.00	60.000	86.851	0.011514	167.88	236.96	5.2395	0.67276	1.0376	319.72	0.26553	2.0923e-05	0.027928	supercritical
280.00	60.000	86.467	0.011565	168.61	238.00	5.2432	0.67271	1.0364	320.39	0.26373	2.0976e-05	0.027993	supercritical
281.00	60.000	86.087	0.011616	169.34	239.04	5.2469	0.67266	1.0353	321.06	0.26195	2.1028e-05	0.028057	supercritical
282.00	60.000	85.711	0.011667	170.07	240.07	5.2506	0.67261	1.0341	321.72	0.26019	2.1081e-05	0.028122	supercritical
283.00	60.000	85.339	0.011718	170.80	241.10	5.2543	0.67257	1.0330	322.39	0.25844	2.1133e-05	0.028187	supercritical
284.00	60.000	84.970	0.011769	171.52	242.14	5.2579	0.67253	1.0320	323.05	0.25670	2.1185e-05	0.028252	supercritical
285.00	60.000	84.606	0.011820	172.25	243.17	5.2615	0.67250	1.0309	323.70	0.25498	2.1238e-05	0.028317	supercritical
286.00	60.000	84.245	0.011870	172.98	244.20	5.2651	0.67247	1.0298	324.36	0.25328	2.1290e-05	0.028382	supercritical
287.00	60.000	83.887	0.011921	173.70	245.23	5.2687	0.67245	1.0288	325.01	0.25159	2.1342e-05	0.028448	supercritical
288.00	60.000	83.533	0.011971	174.43	246.26	5.2723	0.67243	1.0278	325.66	0.24991	2.1394e-05	0.028513	supercritical
289.00	60.000	83.183	0.012022	175.15	247.28	5.2759	0.67242	1.0268	326.30	0.24825	2.1447e-05	0.028578	supercritical
290.00	60.000	82.835	0.012072	175.88	248.31	5.2794	0.67241	1.0259	326.95	0.24660	2.1499e-05	0.028644	supercritical
291.00	60.000	82.492	0.012122	176.60	249.33	5.2829	0.67240	1.0249	327.59	0.24497	2.1551e-05	0.028709	supercritical
292.00	60.000	82.151	0.012173	177.32	250.36	5.2865	0.67240	1.0240	328.23	0.24335	2.1603e-05	0.028775	supercritical
293.00	60.000	81.814	0.012223	178.05	251.38	5.2900	0.67240	1.0231	328.87	0.24174	2.1655e-05	0.028841	supercritical
294.00	60.000	81.480	0.012273	178.77	252.41	5.2934	0.67240	1.0222	329.50	0.24015	2.1707e-05	0.028906	supercritical
295.00	60.000	81.149	0.012323	179.49	253.43	5.2969	0.67241	1.0213	330.14	0.23857	2.1758e-05	0.028972	supercritical
296.00	60.000	80.821	0.012373	180.21	254.45	5.3004	0.67243	1.0205	330.77	0.23700	2.1810e-05	0.029038	supercritical
297.00	60.000	80.496	0.012423	180.93	255.47	5.3038	0.67244	1.0197	331.40	0.23544	2.1862e-05	0.029104	supercritical
298.00	60.000	80.174	0.012473	181.65	256.49	5.3072	0.67246	1.0188	332.02	0.23390	2.1914e-05	0.029170	supercritical
299.00	60.000	79.855	0.012523	182.37	257.51	5.3106	0.67249	1.0180	332.65	0.23237	2.1966e-05	0.029236	supercritical
300.00	60.000	79.539	0.012572	183.09	258.52	5.3140	0.67252	1.0173	333.27	0.23085	2.2017e-05	0.029302	supercritical
301.00	60.000	79.225	0.012622	183.81	259.54	5.3174	0.67255	1.0165	333.89	0.22935	2.2069e-05	0.029368	supercritical
302.00	60.000	78.915	0.012672	184.53	260.56	5.3208	0.67258	1.0157	334.51	0.22785	2.2120e-05	0.029434	supercritical
303.00	60.000	78.607	0.012721	185.24	261.57	5.3241	0.67262	1.0150	335.12	0.22637	2.2172e-05	0.029500	supercritical
304.00	60.000	78.302	0.012771	185.96	262.59	5.3275	0.67266	1.0143	335.74	0.22490	2.2223e-05	0.029566	supercritical
305.00	60.000	78.000	0.012820	186.68	263.60	5.3308	0.67271	1.0135	336.35	0.22344	2.2275e-05	0.029632	supercritical
306.00	60.000	77.701	0.012870	187.39	264.61	5.3341	0.67275	1.0129	336.96	0.22199	2.2326e-05	0.029697	supercritical
307.00	60.000	77.404	0.012919	188.11	265.63	5.3374	0.67281	1.0122	337.57	0.22056	2.2378e-05	0.029763	supercritical
308.00	60.000	77.109	0.012969	188.83	266.64	5.3407	0.67286	1.0115	338.17	0.21913	2.2429e-05	0.029829	supercritical
309.00	60.000	76.817	0.013018	189.54	267.65	5.3440	0.67292	1.0108	338.78	0.21772	2.2480e-05	0.029893	supercritical
310.00	60.000	76.528	0.013067	190.26	268.66	5.3473	0.67298	1.0102	339.38	0.21632	2.2531e-05	0.029958	supercritical
311.00	60.000	76.241	0.013116	190.97	269.67	5.3505	0.67304	1.0096	339.98	0.21492	2.2582e-05	0.030026	supercritical
312.00	60.000	75.957	0.013165	191.69	270.68	5.3538	0.67311	1.0090	340.58	0.21354	2.2634e-05	0.030093	supercritical
313.00	60.000	75.674	0.013214	192.40	271.69	5.3570	0.67318	1.0084	341.17	0.21217	2.2685e-05	0.030161	supercritical
314.00	60.000	75.395	0.013264	193.11	272.70	5.3602	0.67326	1.0078	341.77	0.21081	2.2736e-05	0.030228	supercritical
315.00	60.000	75.117	0.013313	193.83	273.70	5.3634	0.67333	1.0072	342.36	0.20946	2.2787e-05	0.030296	supercritical
316.00	60.000	74.842	0.013361	194.54	274.71	5.3666	0.67341	1.0066	342.95	0.20812	2.2838e-05	0.030363	supercritical
317.00	60.000	74.569	0.013410	195.25	275.72	5.3698	0.67350	1.0061	343.54	0.20679	2.2888e-05	0.030431	supercritical
318.00	60.000	74.299	0.013459	195.97	276.72	5.3729	0.67358	1.0055	344.13	0.20547	2.2939e-05	0.030498	supercritical
319.00	60.000	74.030	0.013508	196.68	277.73	5.3761	0.67367	1.0050	344.71	0.20416	2.2990e-05	0.030566	supercritical
320.00	60.000	73.764	0.013557	197.39	278.73	5.3793	0.67376	1.0045	345.30	0.20286	2.3041e-05	0.030633	supercritical
321.00	60.000	73.500	0.013605	198.10	279.74	5.3824	0.67385	1.0039	345.88	0.20157	2.3091e-05	0.030701	supercritical
322.00	60.000	73.238	0.013654	198.82	280.74	5.3855	0.67395	1.0034	346.46	0.20028	2.3142e-05	0.030769	supercritical
323.00	60.000	72.978	0.013703	199.53	281.74	5.3886	0.67405	1.0030	347.04	0.19901	2.3193e-05	0.030836	supercritical
324.00	60.000	72.720	0.013751	200.24	282.75	5.3917	0.67415	1.0025	347.61	0.19775	2.3243e-05	0.030904	supercritical
325.00	60.000	72.465	0.013800	200.95	283.75	5.3948	0.67426	1.0020	348.19	0.19649	2.3294e-05	0.030972	supercritical
326.00	60.000	72.211	0.013848	201.66	284.75	5.3979	0.67436	1.0015	348.76	0.19525	2.3344e-05	0.031039	supercritical
327.00	60.000	71.959	0.013897	202.37	285.75	5.4009	0.67447	1.0011	349.33	0.19401	2.3395e-05	0.031107	supercritical
328.00	60.000	71.709	0.013945	203.08	286.75	5.4040	0.67459	1.0007	349.90	0.19279	2.3445e-05	0.031175	supercritical
329.00	60.000	71.461	0.013994	203.79	287.75	5.4071	0.67470	1.0002	350.47	0.19157	2.3495e-05	0.031242	supercritical
330.00	60.000	71.215	0.014042	204.50	288.75	5.4101	0.67482	0.99981	351.04	0.19036	2.3546e-05	0.031310	supercritical
331.00	60.000	70.971	0.014090	205.21	289.75	5.4131	0.67494	0.99940	351.60	0.18916	2.3596e-05	0.031378	supercritical
332.00	60.000	70.729	0.014139	205.92	290.75	5.4161	0.67506	0.99899	352.16	0.18797	2.3646e-05	0.031446	supercritical
333.00	60.000	70.488	0.014187	206.63	291.75	5.4191	0.67519	0.99860	352.73	0.18678	2.3696e-05	0.031513	supercritical
334.00	60.000	70.250	0.014235	207.34	292.75	5.4221	0.67532	0.99822	353.29	0.18561	2.3746e-05	0.031581	supercritical
335.00	60.000	70.013	0.014283	208.05	293.75	5.4251	0.67545	0.99784	353.85	0.18444	2.3796e-05	0.031649	supercritical
336.00	60.000	69.778	0.014331	208.76	294.74	5.4281	0.67558	0.99747	354.40	0.18328	2.3846e-05	0.031716	supercritical
337.00	60.000	69.545	0.014379	209.47	295.74	5.4310	0.67571	0.99712	354.96	0.18213	2.3896e-05	0.031784	supercritical
338.00	60.000	69.313	0.014427	210.17	296.74	5.4340	0.67585	0.99676	355.51	0.18099	2.3946e-05	0.031852	supercritical
339.00	60.000	69.083	0.014475	210.88	297.74	5.4369	0.67599	0.99642	356.07	0.17985	2.3996e-05	0.031920	supercritical
340.00	60.000	68.855	0.014523	211.59	298.73	5.4399	0.67613	0.99609	356.62	0.17873	2.4045e-05	0.031988	supercritical
341.00	60.000	68.629	0.014571	212.30	299.73	5.4428	0.67628	0.99576	357.17	0.17761	2.4095e-05	0.032055	supercritical
342.00	60.000	68.404	0.014619	213.01	300.72	5.4457	0.67642	0.99544	357.71	0.17650	2.4145e-05	0.032123	supercritical
343.00	60.000	68.180	0.014667	213.72	301.72	5.4486	0.67657	0.99513	358.26	0.17539	2.4194e-05	0.032191	supercritical
344.00	60.000	67.959	0.014715	214.42	302.71	5.4515	0.67672	0.99483	358.81	0.17430	2.4244e-05	0.032259	supercritical
345.00	60.000	67.739	0.014763	215.13	303.71	5.4544	0.67687	0.99454	359.35	0.17321	2.4294e-05	0.032326	supercritical
346.00	60.000	67.520	0.014810	215.84	304.70	5.4573	0.67703	0.99425	359.89	0.17213	2.4343e-05	0.032394	supercritical
347.00	60.000	67.303	0.014858	216.55	305.70	5.4602	0.67719	0.99397	360.43	0.17105	2.4392e-05	0.032462	supercritical
348.00	60.000	67.088	0.014906	217.26	306.69	5.4630	0.67735	0.99369	360.97	0.16998	2.4442e-05	0.032530	supercritical
349.00	60.000	66.874	0.014953	217.96	307.68	5.4659	0.67751	0.99343	361.51	0.16892	2.4491e-05	0.032597	supercritical
350.00	60.000	66.662	0.015001	218.67	308.68	5.4687	0.67767	0.99317	362.05	0.16787	2.4540e-05	0.032665	supercritical
351.00	60.000	66.451	0.015049	219.38	309.67	5.4715	0.67784	0.99292	362.58	0.16683	2.4590e-05	0.032733	supercritical
352.00	60.000	66.241	0.015096	220.09	310.66	5.4744	0.67800	0.99267	363.12	0.16579	2.4639e-05	0.032800	supercritical
353.00	60.000	66.033	0.015144	220.79	311.66	5.4772	0.67817	0.99243	363.65	0.16476	2.4688e-05	0.032868	supercritical
354.00	60.000	65.827	0.015191	221.50	312.65	5.4800	0.67834	0.99220	364.18	0.16373	2.4737e-05	0.032936	supercritical
355.00	60.000	65.622	0.015239	222.21	313.64	5.4828	0.67852	0.99197	364.71	0.16271	2.4786e-05	0.033004	supercritical
356.00	60.000	65.418	0.015286	222.91	314.63	5.4856	0.67869	0.99175	365.24	0.16170	2.4835e-05	0.033071	supercritical
357.00	60.000	65.216	0.015334	223.62	315.62	5.4884	0.67887	0.99154	365.77	0.16070	2.4884e-05	0.033139	supercritical
358.00	60.000	65.015	0.015381	224.33	316.61	5.4911	0.67905	0.99133	366.29	0.15970	2.4933e-05	0.033207	supercritical
359.00	60.000	64.815	0.015429	225.03	317.61	5.4939	0.67923	0.99113	366.82	0.15871	2.4982e-05	0.033274	supercritical
360.00	60.000	64.617	0.015476	225.74	318.60	5.4967	0.67941	0.99094	367.34	0.15772	2.5031e-05	0.033342	supercritical
361.00	60.000	64.420	0.015523	226.45	319.59	5.4994	0.67960	0.99075	367.86	0.15674	2.5079e-05	0.033410	supercritical
362.00	60.000	64.224	0.015570	227.16	320.58	5.5021	0.67978	0.99056	368.38	0.15577	2.5128e-05	0.033477	supercritical
363.00	60.000	64.030	0.015618	227.86	321.57	5.5049	0.67997	0.99039	368.90	0.15481	2.5177e-05	0.033545	supercritical
364.00	60.000	63.837	0.015665	228.57	322.56	5.5076	0.68016	0.99022	369.42	0.15385	2.5225e-05	0.033613	supercritical
365.00	60.000	63.645	0.015712	229.28	323.55	5.5103	0.68035	0.99005	369.94	0.15289	2.5274e-05	0.033680	supercritical
366.00	60.000	63.454	0.015759	229.98	324.54	5.5130	0.68055	0.98989	370.46	0.15194	2.5322e-05	0.033748	supercritical
367.00	60.000	63.265	0.015806	230.69	325.53	5.5157	0.68074	0.98973	370.97	0.15100	2.5371e-05	0.033815	supercritical
368.00	60.000	63.077	0.015854	231.40	326.52	5.5184	0.68094	0.98959	371.48	0.15007	2.5419e-05	0.033883	supercritical
369.00	60.000	62.890	0.015901	232.10	327.51	5.5211	0.68114	0.98944	372.00	0.14914	2.5468e-05	0.033951	supercritical
370.00	60.000	62.705	0.015948	232.81	328.50	5.5238	0.68134	0.98930	372.51	0.14822	2.5516e-05	0.034018	supercritical
371.00	60.000	62.520	0.015995	233.52	329.49	5.5264	0.68154	0.98917	373.02	0.14730	2.5564e-05	0.034086	supercritical
372.00	60.000	62.337	0.016042	234.22	330.48	5.5291	0.68174	0.98904	373.53	0.14639	2.5613e-05	0.034153	supercritical
373.00	60.000	62.155	0.016089	234.93	331.46	5.5318	0.68195	0.98892	374.03	0.14548	2.5661e-05	0.034221	supercritical
374.00	60.000	61.974	0.016136	235.64	332.45	5.5344	0.68216	0.98880	374.54	0.14458	2.5709e-05	0.034288	supercritical
375.00	60.000	61.794	0.016183	236.35	333.44	5.5371	0.68236	0.98869	375.05	0.14368	2.5757e-05	0.034356	supercritical
376.00	60.000	61.615	0.016230	237.05	334.43	5.5397	0.68257	0.98858	375.55	0.14280	2.5805e-05	0.034423	supercritical
377.00	60.000	61.438	0.016277	237.76	335.42	5.5423	0.68279	0.98847	376.05	0.14191	2.5853e-05	0.034491	supercritical
378.00	60.000	61.261	0.016324	238.47	336.41	5.5449	0.68300	0.98837	376.55	0.14103	2.5901e-05	0.034558	supercritical
379.00	60.000	61.086	0.016370	239.17	337.40	5.5475	0.68321	0.98828	377.05	0.14016	2.5949e-05	0.034626	supercritical
380.00	60.000	60.912	0.016417	239.88	338.38	5.5501	0.68343	0.98819	377.55	0.13929	2.5997e-05	0.034693	supercritical
381.00	60.000	60.738	0.016464	240.59	339.37	5.5527	0.68365	0.98811	378.05	0.13843	2.6044e-05	0.034761	supercritical
382.00	60.000	60.566	0.016511	241.30	340.36	5.5553	0.68387	0.98803	378.55	0.13758	2.6092e-05	0.034828	supercritical
383.00	60.000	60.395	0.016558	242.00	341.35	5.5579	0.68409	0.98795	379.05	0.13672	2.6140e-05	0.034895	supercritical
384.00	60.000	60.225	0.016604	242.71	342.34	5.5605	0.68431	0.98788	379.54	0.13588	2.6188e-05	0.034963	supercritical
385.00	60.000	60.056	0.016651	243.42	343.32	5.5631	0.68453	0.98781	380.04	0.13504	2.6235e-05	0.035030	supercritical
386.00	60.000	59.888	0.016698	244.13	344.31	5.5656	0.68476	0.98775	380.53	0.13420	2.6283e-05	0.035097	supercritical
387.00	60.000	59.721	0.016744	244.83	345.30	5.5682	0.68498	0.98769	381.02	0.13337	2.6330e-05	0.035165	supercritical
388.00	60.000	59.555	0.016791	245.54	346.29	5.5707	0.68521	0.98763	381.51	0.13255	2.6378e-05	0.035232	supercritical
389.00	60.000	59.390	0.016838	246.25	347.28	5.5733	0.68544	0.98758	382.00	0.13173	2.6425e-05	0.035299	supercritical
390.00	60.000	59.226	0.016884	246.96	348.26	5.5758	0.68567	0.98754	382.49	0.13091	2.6473e-05	0.035366	supercritical
391.00	60.000	59.063	0.016931	247.66	349.25	5.5783	0.68590	0.98749	382.98	0.13010	2.6520e-05	0.035434	supercritical
392.00	60.000	58.901	0.016978	248.37	350.24	5.5809	0.68613	0.98746	383.46	0.12929	2.6567e-05	0.035501	supercritical
393.00	60.000	58.740	0.017024	249.08	351.23	5.5834	0.68637	0.98742	383.95	0.12849	2.6615e-05	0.035568	supercritical
394.00	60.000	58.580	0.017071	249.79	352.21	5.5859	0.68660	0.98739	384.44	0.12770	2.6662e-05	0.035635	supercritical
395.00	60.000	58.421	0.017117	250.50	353.20	5.5884	0.68684	0.98736	384.92	0.12691	2.6709e-05	0.035702	supercritical
396.00	60.000	58.263	0.017164	251.21	354.19	5.5909	0.68708	0.98734	385.40	0.12612	2.6756e-05	0.035770	supercritical
397.00	60.000	58.105	0.017210	251.91	355.17	5.5934	0.68731	0.98732	385.88	0.12534	2.6803e-05	0.035837	supercritical
398.00	60.000	57.949	0.017257	252.62	356.16	5.5959	0.68755	0.98731	386.36	0.12456	2.6850e-05	0.035904	supercritical
399.00	60.000	57.793	0.017303	253.33	357.15	5.5983	0.68780	0.98729	386.84	0.12379	2.6897e-05	0.035971	supercritical
400.00	60.000	57.639	0.017349	254.04	358.14	5.6008	0.68804	0.98728	387.32	0.12302	2.6944e-05	0.036038	supercritical
401.00	60.000	57.485	0.017396	254.75	359.12	5.6033	0.68828	0.98728	387.80	0.12226	2.6991e-05	0.036105	supercritical
402.00	60.000	57.332	0.017442	255.46	360.11	5.6057	0.68853	0.98728	388.28	0.12150	2.7038e-05	0.036172	supercritical
403.00	60.000	57.180	0.017489	256.17	361.10	5.6082	0.68877	0.98728	388.75	0.12074	2.7085e-05	0.036239	supercritical
404.00	60.000	57.029	0.017535	256.88	362.09	5.6106	0.68902	0.98729	389.23	0.11999	2.7131e-05	0.036306	supercritical
405.00	60.000	56.879	0.017581	257.59	363.07	5.6131	0.68927	0.98729	389.70	0.11925	2.7178e-05	0.036373	supercritical
406.00	60.000	56.729	0.017628	258.29	364.06	5.6155	0.68952	0.98731	390.17	0.11851	2.7225e-05	0.036440	supercritical
407.00	60.000	56.581	0.017674	259.00	365.05	5.6179	0.68977	0.98732	390.65	0.11777	2.7271e-05	0.036507	supercritical
408.00	60.000	56.433	0.017720	259.71	366.04	5.6204	0.69002	0.98734	391.12	0.11704	2.7318e-05	0.036574	supercritical
409.00	60.000	56.286	0.017766	260.42	367.02	5.6228	0.69027	0.98736	391.59	0.11631	2.7365e-05	0.036641	supercritical
410.00	60.000	56.140	0.017813	261.13	368.01	5.6252	0.69053	0.98739	392.06	0.11559	2.7411e-05	0.036708	supercritical
411.00	60.000	55.995	0.017859	261.84	369.00	5.6276	0.69078	0.98741	392.53	0.11487	2.7458e-05	0.036775	supercritical
412.00	60.000	55.850	0.017905	262.55	369.98	5.6300	0.69104	0.98744	392.99	0.11415	2.7504e-05	0.036841	supercritical
413.00	60.000	55.706	0.017951	263.26	370.97	5.6324	0.69129	0.98748	393.46	0.11344	2.7550e-05	0.036908	supercritical
414.00	60.000	55.563	0.017997	263.98	371.96	5.6348	0.69155	0.98752	393.93	0.11273	2.7597e-05	0.036975	supercritical
415.00	60.000	55.421	0.018044	264.69	372.95	5.6372	0.69181	0.98756	394.39	0.11203	2.7643e-05	0.037042	supercritical
416.00	60.000	55.280	0.018090	265.40	373.93	5.6395	0.69207	0.98760	394.85	0.11133	2.7689e-05	0.037108	supercritical
417.00	60.000	55.139	0.018136	266.11	374.92	5.6419	0.69233	0.98764	395.32	0.11063	2.7735e-05	0.037175	supercritical
418.00	60.000	55.000	0.018182	266.82	375.91	5.6443	0.69259	0.98769	395.78	0.10994	2.7781e-05	0.037242	supercritical
419.00	60.000	54.861	0.018228	267.53	376.90	5.6466	0.69285	0.98774	396.24	0.10925	2.7828e-05	0.037309	supercritical
420.00	60.000	54.722	0.018274	268.24	377.89	5.6490	0.69312	0.98780	396.70	0.10857	2.7874e-05	0.037375	supercritical
421.00	60.000	54.585	0.018320	268.95	378.87	5.6513	0.69338	0.98786	397.16	0.10789	2.7920e-05	0.037442	supercritical
422.00	60.000	54.448	0.018366	269.66	379.86	5.6537	0.69365	0.98792	397.62	0.10722	2.7966e-05	0.037508	supercritical
423.00	60.000	54.312	0.018412	270.38	380.85	5.6560	0.69391	0.98798	398.08	0.10654	2.8012e-05	0.037575	supercritical
424.00	60.000	54.176	0.018458	271.09	381.84	5.6583	0.69418	0.98804	398.53	0.10588	2.8057e-05	0.037642	supercritical
425.00	60.000	54.042	0.018504	271.80	382.83	5.6607	0.69445	0.98811	398.99	0.10521	2.8103e-05	0.037708	supercritical
426.00	60.000	53.908	0.018550	272.51	383.81	5.6630	0.69472	0.98818	399.45	0.10455	2.8149e-05	0.037775	supercritical
427.00	60.000	53.775	0.018596	273.22	384.80	5.6653	0.69499	0.98825	399.90	0.10389	2.8195e-05	0.037841	supercritical
428.00	60.000	53.642	0.018642	273.94	385.79	5.6676	0.69526	0.98833	400.35	0.10324	2.8241e-05	0.037908	supercritical
429.00	60.000	53.510	0.018688	274.65	386.78	5.6699	0.69553	0.98841	400.81	0.10259	2.8286e-05	0.037974	supercritical
430.00	60.000	53.379	0.018734	275.36	387.77	5.6722	0.69580	0.98849	401.26	0.10194	2.8332e-05	0.038041	supercritical
431.00	60.000	53.249	0.018780	276.08	388.76	5.6745	0.69607	0.98857	401.71	0.10130	2.8377e-05	0.038107	supercritical
432.00	60.000	53.119	0.018826	276.79	389.74	5.6768	0.69634	0.98865	402.16	0.10066	2.8423e-05	0.038173	supercritical
433.00	60.000	52.990	0.018872	277.50	390.73	5.6791	0.69662	0.98874	402.61	0.10003	2.8468e-05	0.038240	supercritical
434.00	60.000	52.861	0.018917	278.22	391.72	5.6814	0.69689	0.98883	403.06	0.099397	2.8514e-05	0.038306	supercritical
435.00	60.000	52.733	0.018963	278.93	392.71	5.6837	0.69717	0.98892	403.51	0.098769	2.8559e-05	0.038372	supercritical
436.00	60.000	52.606	0.019009	279.64	393.70	5.6859	0.69745	0.98901	403.95	0.098144	2.8605e-05	0.038439	supercritical
437.00	60.000	52.480	0.019055	280.36	394.69	5.6882	0.69772	0.98911	404.40	0.097523	2.8650e-05	0.038505	supercritical
438.00	60.000	52.354	0.019101	281.07	395.68	5.6905	0.69800	0.98921	404.85	0.096905	2.8695e-05	0.038571	supercritical
439.00	60.000	52.229	0.019147	281.79	396.67	5.6927	0.69828	0.98931	405.29	0.096291	2.8741e-05	0.038637	supercritical
440.00	60.000	52.104	0.019192	282.50	397.66	5.6950	0.69856	0.98941	405.74	0.095680	2.8786e-05	0.038704	supercritical
441.00	60.000	51.980	0.019238	283.22	398.65	5.6972	0.69884	0.98952	406.18	0.095072	2.8831e-05	0.038770	supercritical
442.00	60.000	51.857	0.019284	283.93	399.64	5.6995	0.69912	0.98962	406.62	0.094468	2.8876e-05	0.038836	supercritical
443.00	60.000	51.734	0.019330	284.65	400.62	5.7017	0.69940	0.98973	407.06	0.093867	2.8921e-05	0.038902	supercritical
444.00	60.000	51.612	0.019375	285.36	401.61	5.7039	0.69968	0.98984	407.50	0.093269	2.8966e-05	0.038968	supercritical
445.00	60.000	51.491	0.019421	286.08	402.60	5.7061	0.69996	0.98996	407.95	0.092674	2.9011e-05	0.039034	supercritical
446.00	60.000	51.370	0.019467	286.79	403.59	5.7084	0.70024	0.99007	408.38	0.092083	2.9056e-05	0.039100	supercritical
447.00	60.000	51.249	0.019512	287.51	404.58	5.7106	0.70053	0.99019	408.82	0.091495	2.9101e-05	0.039166	supercritical
448.00	60.000	51.130	0.019558	288.23	405.57	5.7128	0.70081	0.99031	409.26	0.090910	2.9146e-05	0.039232	supercritical
449.00	60.000	51.011	0.019604	288.94	406.57	5.7150	0.70110	0.99043	409.70	0.090329	2.9191e-05	0.039298	supercritical
450.00	60.000	50.892	0.019649	289.66	407.56	5.7172	0.70138	0.99055	410.14	0.089750	2.9236e-05	0.039364	supercritical
451.00	60.000	50.774	0.019695	290.38	408.55	5.7194	0.70167	0.99068	410.57	0.089175	2.9281e-05	0.039430	supercritical
452.00	60.000	50.657	0.019741	291.09	409.54	5.7216	0.70195	0.99080	411.01	0.088602	2.9325e-05	0.039496	supercritical
453.00	60.000	50.540	0.019786	291.81	410.53	5.7238	0.70224	0.99093	411.44	0.088033	2.9370e-05	0.039562	supercritical
454.00	60.000	50.424	0.019832	292.53	411.52	5.7260	0.70253	0.99106	411.88	0.087467	2.9415e-05	0.039628	supercritical
455.00	60.000	50.308	0.019877	293.25	412.51	5.7282	0.70281	0.99119	412.31	0.086904	2.9459e-05	0.039694	supercritical
456.00	60.000	50.193	0.019923	293.96	413.50	5.7303	0.70310	0.99133	412.74	0.086343	2.9504e-05	0.039759	supercritical
457.00	60.000	50.079	0.019969	294.68	414.49	5.7325	0.70339	0.99146	413.17	0.085786	2.9548e-05	0.039825	supercritical
458.00	60.000	49.965	0.020014	295.40	415.48	5.7347	0.70368	0.99160	413.61	0.085232	2.9593e-05	0.039891	supercritical
459.00	60.000	49.851	0.020060	296.12	416.48	5.7368	0.70397	0.99174	414.04	0.084681	2.9637e-05	0.039957	supercritical
460.00	60.000	49.738	0.020105	296.84	417.47	5.7390	0.70426	0.99188	414.47	0.084132	2.9682e-05	0.040022	supercritical
461.00	60.000	49.626	0.020151	297.56	418.46	5.7412	0.70455	0.99202	414.89	0.083587	2.9726e-05	0.040088	supercritical
462.00	60.000	49.514	0.020196	298.27	419.45	5.7433	0.70484	0.99216	415.32	0.083044	2.9770e-05	0.040154	supercritical
463.00	60.000	49.403	0.020242	298.99	420.44	5.7454	0.70513	0.99231	415.75	0.082505	2.9815e-05	0.040219	supercritical
464.00	60.000	49.292	0.020287	299.71	421.44	5.7476	0.70543	0.99246	416.18	0.081968	2.9859e-05	0.040285	supercritical
465.00	60.000	49.182	0.020333	300.43	422.43	5.7497	0.70572	0.99260	416.60	0.081434	2.9903e-05	0.040351	supercritical
466.00	60.000	49.072	0.020378	301.15	423.42	5.7519	0.70601	0.99275	417.03	0.080903	2.9947e-05	0.040416	supercritical
467.00	60.000	48.963	0.020424	301.87	424.41	5.7540	0.70630	0.99290	417.45	0.080374	2.9991e-05	0.040482	supercritical
468.00	60.000	48.854	0.020469	302.59	425.41	5.7561	0.70660	0.99306	417.88	0.079849	3.0035e-05	0.040547	supercritical
469.00	60.000	48.746	0.020514	303.31	426.40	5.7582	0.70689	0.99321	418.30	0.079326	3.0080e-05	0.040613	supercritical
470.00	60.000	48.638	0.020560	304.03	427.39	5.7603	0.70718	0.99337	418.73	0.078806	3.0124e-05	0.040678	supercritical
471.00	60.000	48.531	0.020605	304.76	428.39	5.7625	0.70748	0.99352	419.15	0.078288	3.0168e-05	0.040744	supercritical
472.00	60.000	48.425	0.020651	305.48	429.38	5.7646	0.70777	0.99368	419.57	0.077773	3.0211e-05	0.040809	supercritical
473.00	60.000	48.318	0.020696	306.20	430.37	5.7667	0.70807	0.99384	419.99	0.077261	3.0255e-05	0.040874	supercritical
474.00	60.000	48.213	0.020741	306.92	431.37	5.7688	0.70836	0.99400	420.41	0.076752	3.0299e-05	0.040940	supercritical
475.00	60.000	48.108	0.020787	307.64	432.36	5.7709	0.70866	0.99417	420.83	0.076245	3.0343e-05	0.041005	supercritical
476.00	60.000	48.003	0.020832	308.36	433.36	5.7730	0.70896	0.99433	421.25	0.075741	3.0387e-05	0.041070	supercritical
477.00	60.000	47.899	0.020877	309.09	434.35	5.7750	0.70925	0.99449	421.67	0.075240	3.0431e-05	0.041136	supercritical
478.00	60.000	47.795	0.020923	309.81	435.35	5.7771	0.70955	0.99466	422.09	0.074741	3.0474e-05	0.041201	supercritical
479.00	60.000	47.691	0.020968	310.53	436.34	5.7792	0.70985	0.99483	422.51	0.074244	3.0518e-05	0.041266	supercritical
480.00	60.000	47.589	0.021013	311.25	437.34	5.7813	0.71015	0.99500	422.92	0.073750	3.0562e-05	0.041331	supercritical
481.00	60.000	47.486	0.021059	311.98	438.33	5.7833	0.71044	0.99517	423.34	0.073259	3.0605e-05	0.041397	supercritical
482.00	60.000	47.384	0.021104	312.70	439.33	5.7854	0.71074	0.99534	423.75	0.072770	3.0649e-05	0.041462	supercritical
483.00	60.000	47.283	0.021149	313.43	440.32	5.7875	0.71104	0.99551	424.17	0.072284	3.0692e-05	0.041527	supercritical
484.00	60.000	47.182	0.021195	314.15	441.32	5.7895	0.71134	0.99568	424.58	0.071800	3.0736e-05	0.041592	supercritical
485.00	60.000	47.081	0.021240	314.87	442.31	5.7916	0.71164	0.99586	425.00	0.071319	3.0779e-05	0.041657	supercritical
486.00	60.000	46.981	0.021285	315.60	443.31	5.7936	0.71193	0.99604	425.41	0.070840	3.0823e-05	0.041722	supercritical
487.00	60.000	46.882	0.021330	316.32	444.30	5.7957	0.71223	0.99621	425.82	0.070364	3.0866e-05	0.041787	supercritical
488.00	60.000	46.782	0.021376	317.05	445.30	5.7977	0.71253	0.99639	426.24	0.069890	3.0909e-05	0.041852	supercritical
489.00	60.000	46.684	0.021421	317.77	446.30	5.7998	0.71283	0.99657	426.65	0.069418	3.0953e-05	0.041917	supercritical
490.00	60.000	46.585	0.021466	318.50	447.29	5.8018	0.71313	0.99675	427.06	0.068949	3.0996e-05	0.041982	supercritical
491.00	60.000	46.487	0.021511	319.22	448.29	5.8038	0.71343	0.99693	427.47	0.068482	3.1039e-05	0.042047	supercritical
492.00	60.000	46.390	0.021556	319.95	449.29	5.8059	0.71373	0.99711	427.88	0.068017	3.1082e-05	0.042112	supercritical
493.00	60.000	46.293	0.021602	320.68	450.29	5.8079	0.71403	0.99730	428.29	0.067555	3.1126e-05	0.042177	supercritical
494.00	60.000	46.196	0.021647	321.40	451.28	5.8099	0.71433	0.99748	428.70	0.067095	3.1169e-05	0.042242	supercritical
495.00	60.000	46.100	0.021692	322.13	452.28	5.8119	0.71463	0.99767	429.10	0.066638	3.1212e-05	0.042307	supercritical
496.00	60.000	46.004	0.021737	322.86	453.28	5.8139	0.71494	0.99785	429.51	0.066183	3.1255e-05	0.042371	supercritical
497.00	60.000	45.909	0.021782	323.58	454.28	5.8160	0.71524	0.99804	429.92	0.065730	3.1298e-05	0.042436	supercritical
498.00	60.000	45.814	0.021827	324.31	455.27	5.8180	0.71554	0.99823	430.32	0.065279	3.1341e-05	0.042501	supercritical
499.00	60.000	45.719	0.021873	325.04	456.27	5.8200	0.71584	0.99842	430.73	0.064831	3.1384e-05	0.042566	supercritical
500.00	60.000	45.625	0.021918	325.76	457.27	5.8220	0.71614	0.99861	431.14	0.064384	3.1427e-05	0.042630	supercritical
501.00	60.000	45.532	0.021963	326.49	458.27	5.8240	0.71644	0.99880	431.54	0.063940	3.1469e-05	0.042695	supercritical
502.00	60.000	45.438	0.022008	327.22	459.27	5.8260	0.71674	0.99899	431.94	0.063499	3.1512e-05	0.042760	supercritical
503.00	60.000	45.345	0.022053	327.95	460.27	5.8279	0.71705	0.99919	432.35	0.063059	3.1555e-05	0.042824	supercritical
504.00	60.000	45.253	0.022098	328.68	461.27	5.8299	0.71735	0.99938	432.75	0.062622	3.1598e-05	0.042889	supercritical
505.00	60.000	45.161	0.022143	329.41	462.27	5.8319	0.71765	0.99958	433.15	0.062186	3.1641e-05	0.042954	supercritical
506.00	60.000	45.069	0.022188	330.14	463.27	5.8339	0.71795	0.99977	433.56	0.061753	3.1683e-05	0.043018	supercritical
507.00	60.000	44.978	0.022233	330.87	464.27	5.8359	0.71825	0.99997	433.96	0.061322	3.1726e-05	0.043083	supercritical
508.00	60.000	44.887	0.022278	331.60	465.27	5.8378	0.71856	1.0002	434.36	0.060894	3.1769e-05	0.043147	supercritical
509.00	60.000	44.796	0.022323	332.33	466.27	5.8398	0.71886	1.0004	434.76	0.060467	3.1811e-05	0.043212	supercritical
510.00	60.000	44.706	0.022368	333.06	467.27	5.8418	0.71916	1.0006	435.16	0.060042	3.1854e-05	0.043276	supercritical
511.00	60.000	44.616	0.022413	333.79	468.27	5.8437	0.71946	1.0008	435.56	0.059620	3.1896e-05	0.043341	supercritical
512.00	60.000	44.527	0.022459	334.52	469.27	5.8457	0.71977	1.0010	435.96	0.059199	3.1939e-05	0.043405	supercritical
513.00	60.000	44.437	0.022504	335.25	470.27	5.8476	0.72007	1.0012	436.35	0.058781	3.1981e-05	0.043469	supercritical
514.00	60.000	44.349	0.022549	335.98	471.27	5.8496	0.72037	1.0014	436.75	0.058364	3.2023e-05	0.043534	supercritical
515.00	60.000	44.260	0.022594	336.71	472.27	5.8515	0.72067	1.0016	437.15	0.057950	3.2066e-05	0.043598	supercritical
516.00	60.000	44.172	0.022639	337.44	473.27	5.8535	0.72098	1.0018	437.55	0.057538	3.2108e-05	0.043662	supercritical
517.00	60.000	44.085	0.022684	338.17	474.28	5.8554	0.72128	1.0020	437.94	0.057128	3.2150e-05	0.043727	supercritical
518.00	60.000	43.998	0.022729	338.91	475.28	5.8573	0.72158	1.0022	438.34	0.056719	3.2193e-05	0.043791	supercritical
519.00	60.000	43.911	0.022773	339.64	476.28	5.8593	0.72188	1.0024	438.73	0.056313	3.2235e-05	0.043855	supercritical
520.00	60.000	43.824	0.022818	340.37	477.28	5.8612	0.72219	1.0026	439.13	0.055908	3.2277e-05	0.043919	supercritical
521.00	60.000	43.738	0.022863	341.10	478.29	5.8631	0.72249	1.0028	439.52	0.055506	3.2319e-05	0.043983	supercritical
522.00	60.000	43.652	0.022908	341.84	479.29	5.8651	0.72279	1.0030	439.92	0.055106	3.2361e-05	0.044048	supercritical
523.00	60.000	43.567	0.022953	342.57	480.29	5.8670	0.72309	1.0032	440.31	0.054707	3.2404e-05	0.044112	supercritical
524.00	60.000	43.482	0.022998	343.31	481.29	5.8689	0.72340	1.0034	440.70	0.054310	3.2446e-05	0.044176	supercritical
525.00	60.000	43.397	0.023043	344.04	482.30	5.8708	0.72370	1.0036	441.09	0.053916	3.2488e-05	0.044240	supercritical
526.00	60.000	43.312	0.023088	344.77	483.30	5.8727	0.72400	1.0038	441.49	0.053523	3.2530e-05	0.044304	supercritical
527.00	60.000	43.228	0.023133	345.51	484.31	5.8746	0.72430	1.0040	441.88	0.053132	3.2572e-05	0.044368	supercritical
528.00	60.000	43.145	0.023178	346.24	485.31	5.8765	0.72461	1.0043	442.27	0.052743	3.2614e-05	0.044432	supercritical
529.00	60.000	43.061	0.023223	346.98	486.31	5.8784	0.72491	1.0045	442.66	0.052355	3.2655e-05	0.044496	supercritical
530.00	60.000	42.978	0.023268	347.71	487.32	5.8803	0.72521	1.0047	443.05	0.051970	3.2697e-05	0.044560	supercritical
531.00	60.000	42.895	0.023313	348.45	488.32	5.8822	0.72551	1.0049	443.44	0.051587	3.2739e-05	0.044624	supercritical
532.00	60.000	42.813	0.023357	349.18	489.33	5.8841	0.72582	1.0051	443.83	0.051205	3.2781e-05	0.044688	supercritical
533.00	60.000	42.731	0.023402	349.92	490.33	5.8860	0.72612	1.0053	444.21	0.050825	3.2823e-05	0.044752	supercritical
534.00	60.000	42.649	0.023447	350.66	491.34	5.8879	0.72642	1.0055	444.60	0.050447	3.2864e-05	0.044816	supercritical
535.00	60.000	42.568	0.023492	351.39	492.34	5.8898	0.72672	1.0058	444.99	0.050070	3.2906e-05	0.044879	supercritical
536.00	60.000	42.487	0.023537	352.13	493.35	5.8916	0.72703	1.0060	445.38	0.049696	3.2948e-05	0.044943	supercritical
537.00	60.000	42.406	0.023582	352.87	494.36	5.8935	0.72733	1.0062	445.76	0.049323	3.2989e-05	0.045007	supercritical
538.00	60.000	42.325	0.023627	353.60	495.36	5.8954	0.72763	1.0064	446.15	0.048952	3.3031e-05	0.045071	supercritical
539.00	60.000	42.245	0.023671	354.34	496.37	5.8973	0.72793	1.0066	446.54	0.048583	3.3073e-05	0.045134	supercritical
540.00	60.000	42.165	0.023716	355.08	497.38	5.8991	0.72823	1.0068	446.92	0.048215	3.3114e-05	0.045198	supercritical
541.00	60.000	42.086	0.023761	355.82	498.38	5.9010	0.72853	1.0070	447.31	0.047849	3.3156e-05	0.045262	supercritical
542.00	60.000	42.007	0.023806	356.56	499.39	5.9028	0.72884	1.0073	447.69	0.047485	3.3197e-05	0.045325	supercritical
543.00	60.000	41.928	0.023851	357.29	500.40	5.9047	0.72914	1.0075	448.07	0.047123	3.3238e-05	0.045389	supercritical
544.00	60.000	41.849	0.023895	358.03	501.41	5.9066	0.72944	1.0077	448.46	0.046762	3.3280e-05	0.045453	supercritical
545.00	60.000	41.771	0.023940	358.77	502.41	5.9084	0.72974	1.0079	448.84	0.046403	3.3321e-05	0.045516	supercritical
546.00	60.000	41.693	0.023985	359.51	503.42	5.9103	0.73004	1.0081	449.22	0.046046	3.3363e-05	0.045580	supercritical
547.00	60.000	41.615	0.024030	360.25	504.43	5.9121	0.73034	1.0084	449.60	0.045690	3.3404e-05	0.045643	supercritical
548.00	60.000	41.538	0.024075	360.99	505.44	5.9139	0.73064	1.0086	449.99	0.045336	3.3445e-05	0.045707	supercritical
549.00	60.000	41.461	0.024119	361.73	506.45	5.9158	0.73094	1.0088	450.37	0.044984	3.3486e-05	0.045770	supercritical
550.00	60.000	41.384	0.024164	362.47	507.46	5.9176	0.73124	1.0090	450.75	0.044633	3.3528e-05	0.045834	supercritical
551.00	60.000	41.307	0.024209	363.21	508.46	5.9195	0.73154	1.0092	451.13	0.044284	3.3569e-05	0.045897	supercritical
552.00	60.000	41.231	0.024254	363.95	509.47	5.9213	0.73184	1.0095	451.51	0.043936	3.3610e-05	0.045961	supercritical
553.00	60.000	41.155	0.024298	364.69	510.48	5.9231	0.73214	1.0097	451.89	0.043590	3.3651e-05	0.046024	supercritical
554.00	60.000	41.080	0.024343	365.44	511.49	5.9249	0.73244	1.0099	452.27	0.043246	3.3692e-05	0.046087	supercritical
555.00	60.000	41.004	0.024388	366.18	512.50	5.9268	0.73274	1.0101	452.65	0.042903	3.3733e-05	0.046151	supercritical
556.00	60.000	40.929	0.024432	366.92	513.51	5.9286	0.73304	1.0104	453.02	0.042562	3.3774e-05	0.046214	supercritical
557.00	60.000	40.854	0.024477	367.66	514.52	5.9304	0.73334	1.0106	453.40	0.042223	3.3815e-05	0.046277	supercritical
558.00	60.000	40.780	0.024522	368.40	515.53	5.9322	0.73364	1.0108	453.78	0.041885	3.3856e-05	0.046341	supercritical
559.00	60.000	40.706	0.024567	369.15	516.55	5.9340	0.73394	1.0110	454.16	0.041548	3.3897e-05	0.046404	supercritical
560.00	60.000	40.632	0.024611	369.89	517.56	5.9358	0.73424	1.0113	454.53	0.041213	3.3938e-05	0.046467	supercritical
561.00	60.000	40.558	0.024656	370.63	518.57	5.9376	0.73454	1.0115	454.91	0.040880	3.3979e-05	0.046530	supercritical
562.00	60.000	40.485	0.024701	371.38	519.58	5.9394	0.73483	1.0117	455.28	0.040548	3.4020e-05	0.046593	supercritical
563.00	60.000	40.412	0.024745	372.12	520.59	5.9412	0.73513	1.0119	455.66	0.040217	3.4060e-05	0.046657	supercritical
564.00	60.000	40.339	0.024790	372.86	521.60	5.9430	0.73543	1.0122	456.03	0.039888	3.4101e-05	0.046720	supercritical
565.00	60.000	40.266	0.024835	373.61	522.62	5.9448	0.73573	1.0124	456.41	0.039561	3.4142e-05	0.046783	supercritical
566.00	60.000	40.194	0.024879	374.35	523.63	5.9466	0.73603	1.0126	456.78	0.039235	3.4183e-05	0.046846	supercritical
567.00	60.000	40.122	0.024924	375.10	524.64	5.9484	0.73632	1.0128	457.16	0.038911	3.4223e-05	0.046909	supercritical
568.00	60.000	40.050	0.024969	375.84	525.65	5.9502	0.73662	1.0131	457.53	0.038587	3.4264e-05	0.046972	supercritical
569.00	60.000	39.979	0.025013	376.59	526.67	5.9520	0.73692	1.0133	457.90	0.038266	3.4305e-05	0.047035	supercritical
570.00	60.000	39.908	0.025058	377.33	527.68	5.9537	0.73721	1.0135	458.27	0.037946	3.4345e-05	0.047098	supercritical
571.00	60.000	39.837	0.025103	378.08	528.69	5.9555	0.73751	1.0137	458.65	0.037627	3.4386e-05	0.047161	supercritical
572.00	60.000	39.766	0.025147	378.83	529.71	5.9573	0.73781	1.0140	459.02	0.037310	3.4426e-05	0.047224	supercritical
573.00	60.000	39.695	0.025192	379.57	530.72	5.9591	0.73810	1.0142	459.39	0.036994	3.4467e-05	0.047287	supercritical
574.00	60.000	39.625	0.025236	380.32	531.74	5.9608	0.73840	1.0144	459.76	0.036680	3.4507e-05	0.047349	supercritical
575.00	60.000	39.555	0.025281	381.06	532.75	5.9626	0.73869	1.0146	460.13	0.036367	3.4548e-05	0.047412	supercritical
576.00	60.000	39.486	0.025326	381.81	533.77	5.9644	0.73899	1.0149	460.50	0.036055	3.4588e-05	0.047475	supercritical
577.00	60.000	39.416	0.025370	382.56	534.78	5.9661	0.73928	1.0151	460.87	0.035745	3.4628e-05	0.047538	supercritical
578.00	60.000	39.347	0.025415	383.31	535.80	5.9679	0.73958	1.0153	461.24	0.035436	3.4669e-05	0.047601	supercritical
579.00	60.000	39.278	0.025459	384.05	536.81	5.9696	0.73987	1.0156	461.61	0.035129	3.4709e-05	0.047663	supercritical
580.00	60.000	39.210	0.025504	384.80	537.83	5.9714	0.74017	1.0158	461.98	0.034823	3.4749e-05	0.047726	supercritical
581.00	60.000	39.141	0.025549	385.55	538.84	5.9731	0.74046	1.0160	462.34	0.034518	3.4790e-05	0.047789	supercritical
582.00	60.000	39.073	0.025593	386.30	539.86	5.9749	0.74075	1.0162	462.71	0.034214	3.4830e-05	0.047852	supercritical
583.00	60.000	39.005	0.025638	387.05	540.88	5.9766	0.74105	1.0165	463.08	0.033912	3.4870e-05	0.047914	supercritical
584.00	60.000	38.937	0.025682	387.80	541.89	5.9784	0.74134	1.0167	463.45	0.033612	3.4910e-05	0.047977	supercritical
585.00	60.000	38.870	0.025727	388.55	542.91	5.9801	0.74163	1.0169	463.81	0.033312	3.4950e-05	0.048040	supercritical
586.00	60.000	38.803	0.025771	389.30	543.93	5.9818	0.74193	1.0172	464.18	0.033014	3.4990e-05	0.048102	supercritical
587.00	60.000	38.736	0.025816	390.05	544.94	5.9836	0.74222	1.0174	464.55	0.032717	3.5030e-05	0.048165	supercritical
588.00	60.000	38.669	0.025860	390.80	545.96	5.9853	0.74251	1.0176	464.91	0.032422	3.5070e-05	0.048227	supercritical
589.00	60.000	38.603	0.025905	391.55	546.98	5.9870	0.74280	1.0178	465.28	0.032128	3.5110e-05	0.048290	supercritical
590.00	60.000	38.536	0.025950	392.30	548.00	5.9888	0.74309	1.0181	465.64	0.031835	3.5150e-05	0.048352	supercritical
591.00	60.000	38.470	0.025994	393.05	549.01	5.9905	0.74339	1.0183	466.01	0.031543	3.5190e-05	0.048415	supercritical
592.00	60.000	38.404	0.026039	393.80	550.03	5.9922	0.74368	1.0185	466.37	0.031253	3.5230e-05	0.048477	supercritical
593.00	60.000	38.339	0.026083	394.55	551.05	5.9939	0.74397	1.0188	466.73	0.030964	3.5270e-05	0.048540	supercritical
594.00	60.000	38.274	0.026128	395.30	552.07	5.9957	0.74426	1.0190	467.10	0.030676	3.5310e-05	0.048602	supercritical
595.00	60.000	38.209	0.026172	396.06	553.09	5.9974	0.74455	1.0192	467.46	0.030390	3.5350e-05	0.048664	supercritical
596.00	60.000	38.144	0.026217	396.81	554.11	5.9991	0.74484	1.0194	467.82	0.030104	3.5390e-05	0.048727	supercritical
597.00	60.000	38.079	0.026261	397.56	555.13	6.0008	0.74513	1.0197	468.18	0.029820	3.5429e-05	0.048789	supercritical
598.00	60.000	38.015	0.026306	398.31	556.15	6.0025	0.74542	1.0199	468.55	0.029537	3.5469e-05	0.048851	supercritical
599.00	60.000	37.950	0.026350	399.07	557.17	6.0042	0.74571	1.0201	468.91	0.029256	3.5509e-05	0.048914	supercritical
600.00	60.000	37.886	0.026395	399.82	558.19	6.0059	0.74599	1.0204	469.27	0.028975	3.5549e-05	0.048976	supercritical
